345
1 3600 42
7
143 136 308 312 95 88 450
1 3600 42
4
186 231 228 424
1 3600 161
10
139 136 310 357 351 348 366 417 415 412
1 3600 516
12
139 140 212 231 228 423 131 21 24 240 244 345
1 3600 516
16
143 140 191 188 308 253 248 374 397 385 315 318 322 441 347 340
1 3600 46
6
191 188 308 253 67 62
1 3600 72
7
143 136 310 362 377 337 338
1 3600 225
7
235 228 353 354 51 52 395
1 3600 516
9
310 357 351 153 148 246 343 346 442
1 3600 344
10
212 187 188 308 253 250 195 192 198 125
1 3600 368
13
187 188 308 253 67 64 75 78 264 275 272 455 431
1 3600 516
11
310 362 377 337 334 97 100 134 11 14 106
1 3600 516
16
139 136 308 312 95 90 99 102 301 257 258 5 2 182 29 30
1 3600 516
18
143 140 212 231 228 353 354 365 368 387 382 333 330 59 60 82 293 296
1 3600 516
13
143 136 308 253 67 64 164 196 208 125 126 218 358
1 3600 516
16
191 188 310 362 377 337 338 261 255 258 73 70 236 302 434 436
1 3600 516
14
139 136 308 253 67 64 166 277 278 13 14 106 179 47
1 3600 516
18
136 310 357 354 51 48 89 90 99 102 301 257 105 106 179 47 42 204
1 3600 45
3
352 229 230
1 3600 45
7
130 422 353 356 311 137 138
1 3600 90
3
355 352 424
1 3600 54
8
451 49 50 365 366 151 19 22
1 3600 54
3
131 21 22
1 3600 54
6
131 21 18 150 417 415
1 3600 430
6
353 351 153 148 244 345
1 3600 516
7
131 21 24 159 156 345 340
1 3600 90
12
422 353 354 51 52 93 90 99 96 335 338 167
1 3600 32
3
451 89 94
1 3600 66
6
21 18 150 317 320 328
1 3600 258
12
233 228 353 354 51 52 426 387 382 171 172 161
1 3600 430
8
362 377 249 250 147 144 192 196
1 3600 272
12
425 353 356 362 377 337 338 277 263 77 78 266
1 3600 368
10
51 52 395 385 382 133 134 11 14 7
1 3600 516
18
422 353 351 348 366 417 415 412 325 326 163 87 84 393 295 207 111 108
1 3600 516
15
353 354 365 368 387 315 318 322 441 381 55 60 82 293 296
1 3600 516
15
233 230 187 188 308 253 67 64 75 78 264 275 272 403 399
1 3600 516
16
230 187 188 308 253 67 64 75 78 264 275 270 453 407 404 285
1 3600 516
13
21 18 150 317 320 332 171 174 11 14 106 179 47
1 3600 516
15
362 377 374 99 102 301 257 105 7 2 181 179 47 42 202
1 3600 184
10
325 319 314 384 396 375 376 313 309 137
1 3600 76
7
459 323 324 247 241 25 20
1 3600 76
3
23 20 128
1 3600 76
5
414 416 151 19 20
1 3600 76
3
152 350 356
1 3600 75
6
459 323 319 316 367 349
1 3600 516
5
243 240 246 343 340
1 3600 272
12
414 416 317 314 382 133 101 96 335 69 62 192
1 3600 64
4
368 427 93 90
1 3600 61
5
368 387 382 171 174
1 3600 61
5
243 240 246 325 326
1 3600 77
4
244 345 346 381
1 3600 516
14
459 323 326 163 160 173 174 176 301 279 263 77 80 208
1 3600 322
14
240 149 150 317 314 384 396 99 102 301 257 258 268 37
1 3600 287
13
24 159 156 345 346 381 55 60 84 393 295 207 111
1 3600 516
17
155 156 245 246 325 326 331 332 133 134 11 14 106 115 112 47 44
1 3600 516
9
368 387 315 320 328 161 87 82 293
1 3600 516
15
364 51 48 89 90 375 249 250 195 192 198 125 126 218 358
1 3600 516
18
413 414 416 317 320 328 173 174 11 14 7 4 73 70 236 302 434 281
1 3600 516
11
343 346 381 55 60 84 393 295 207 29 26
1 3600 516
18
155 156 345 346 381 55 58 331 332 133 134 11 14 106 179 47 42 202
1 3600 516
8
342 247 149 152 350 352 229 234
1 3600 272
8
342 413 414 416 367 364 355 352
1 3600 28
5
344 157 158 25 22
1 3600 516
11
346 440 323 319 314 384 396 375 249 250 147
1 3600 344
8
346 381 55 60 82 169 174 176
1 3600 103
5
342 325 326 331 332
1 3600 61
7
346 381 55 60 82 408 410
1 3600 516
21
344 245 149 152 348 368 427 93 90 99 102 301 257 258 73 39 34 378 453 454 456
1 3600 516
14
342 325 326 163 160 173 174 11 12 257 258 268 298 41
1 3600 516
12
346 440 323 319 314 382 133 134 11 14 106 179
1 3600 516
9
346 381 55 60 82 293 207 29 30
1 3600 516
7
346 381 55 60 84 393 295
1 3600 516
21
342 413 414 416 367 364 51 52 93 94 377 337 338 261 77 78 264 275 272 403 400
1 3600 516
23
344 245 149 150 317 314 384 396 99 102 301 257 258 73 70 238 378 453 431 419 285 282 438
1 3600 516
14
342 325 319 320 332 171 174 11 14 7 2 184 33 26
1 3600 516
15
346 381 55 58 163 160 173 174 11 14 106 179 47 42 202
1 3600 516
10
341 344 157 158 25 20 130 422 229 230
1 3600 516
9
341 344 245 149 152 350 352 229 232
1 3600 287
4
341 344 245 149
1 3600 516
15
341 342 413 414 416 367 368 427 93 94 377 337 69 62 145
1 3600 516
8
341 342 413 414 416 367 364 51
1 3600 397
8
341 346 440 323 319 314 382 133
1 3600 156
6
341 346 440 323 326 163
1 3600 516
18
341 342 413 414 416 367 364 51 48 89 90 99 96 335 338 167 164 196
1 3600 516
15
341 346 381 55 58 331 332 133 101 102 301 257 258 73 70
1 3600 516
10
341 342 325 319 314 382 171 174 11 14
1 3600 516
10
341 346 381 55 60 82 293 207 111 108
1 3600 516
8
341 346 381 55 60 84 393 295
1 3600 516
19
341 344 245 149 152 350 356 362 313 253 67 64 75 78 264 275 272 403 399
1 3600 516
18
341 342 413 414 416 317 314 384 396 99 102 301 257 258 73 70 236 302
1 3600 516
15
341 346 440 323 326 331 328 173 174 11 14 106 179 47 42
1 3600 516
21
341 344 157 158 25 18 152 348 368 387 382 133 134 11 14 106 115 112 47 42 200
1 3600 49
8
146 251 252 309 189 190 141 138
1 3600 90
8
63 68 334 97 98 91 88 450
1 3600 258
11
146 251 248 374 91 92 426 369 349 153 148
1 3600 516
15
144 192 165 166 277 278 300 177 175 168 83 61 54 380 347
1 3600 516
14
144 63 68 334 97 100 132 333 330 59 54 380 347 340
1 3600 90
4
164 193 194 147
1 3600 30
9
146 195 192 196 81 76 255 256 300
1 3600 30
3
248 337 338
1 3600 125
7
67 64 166 277 278 13 10
1 3600 516
8
67 68 334 97 102 177 175 168
1 3600 38
8
253 67 64 75 78 264 275 270
1 3600 66
8
192 198 125 126 214 272 455 431
1 3600 235
10
67 64 75 78 266 269 5 2 184 33
1 3600 516
13
192 198 210 264 371 41 38 72 5 2 182 111 108
1 3600 516
11
196 208 210 266 269 5 2 182 206 294 390
1 3600 516
7
198 125 126 218 360 119 116
1 3600 516
9
64 75 78 264 275 270 453 407 404
1 3600 516
6
166 261 255 105 7 8
1 3600 516
11
68 338 277 263 255 105 106 179 47 42 200
1 3600 90
10
445 446 335 336 376 363 311 189 186 213
1 3600 38
5
363 357 352 423 131
1 3600 71
9
446 97 98 397 385 315 316 417 415
1 3600 516
14
445 446 335 336 376 95 92 426 369 366 417 415 412 343
1 3600 516
11
339 336 374 397 385 315 318 322 441 347 340
1 3600 35
5
90 375 337 69 62
1 3600 35
7
301 279 276 167 164 193 145
1 3600 60
4
334 447 444 448
1 3600 39
6
52 395 385 315 318 322
1 3600 39
6
334 97 100 132 333 328
1 3600 39
5
99 102 177 175 172
1 3600 135
11
89 92 395 385 315 320 328 161 87 84 410
1 3600 71
6
96 335 338 261 77 80
1 3600 28
4
99 102 301 279
1 3600 62
5
277 263 255 105 7
1 3600 516
10
337 338 277 278 13 14 106 179 47 44
1 3600 516
8
446 97 100 134 175 168 293 294
1 3600 516
12
102 301 257 258 268 298 372 378 453 407 401 399
1 3600 516
19
449 445 446 335 338 261 77 78 264 275 272 403 121 116 288 283 280 435 432
1 3600 469
9
99 102 301 13 14 106 179 47 42
1 3600 516
10
337 338 261 255 105 106 179 47 42 204
1 3600 287
8
101 98 91 94 313 309 137 142
1 3600 78
10
170 383 384 394 53 50 355 352 229 232
1 3600 33
8
329 330 327 324 247 241 159 154
1 3600 198
8
135 132 333 330 59 54 380 347
1 3600 516
5
321 318 324 343 340
1 3600 147
7
174 176 103 96 335 69 62
1 3600 39
3
314 384 394
1 3600 39
5
329 332 383 384 396
1 3600 57
5
132 333 330 327 322
1 3600 32
5
315 318 322 441 442
1 3600 32
5
132 333 330 59 54
1 3600 225
13
173 174 11 12 257 258 73 39 34 378 271 272 456
1 3600 56
8
326 331 332 133 134 11 14 104
1 3600 30
6
385 382 171 174 11 14
1 3600 206
11
161 87 82 408 393 295 207 111 112 47 44
1 3600 469
4
171 168 293 296
1 3600 516
18
323 326 163 160 173 174 11 14 7 4 73 70 236 302 434 281 282 289
1 3600 516
11
427 93 90 99 102 301 257 258 73 70 236
1 3600 368
9
161 87 84 393 295 207 111 112 47
1 3600 516
10
382 133 134 11 14 106 179 47 42 204
1 3600 516
12
409 169 170 383 386 369 349 350 356 311 189 190
1 3600 272
11
443 440 323 324 247 241 25 20 130 422 229
1 3600 77
5
443 347 344 157 154
1 3600 344
3
443 347 340
1 3600 516
9
411 409 169 174 176 301 279 276 167
1 3600 122
8
58 331 332 133 101 96 447 444
1 3600 57
5
83 86 162 327 322
1 3600 57
3
86 160 329
1 3600 57
4
83 86 162 327
1 3600 57
3
55 58 331
1 3600 78
3
57 60 82
1 3600 516
12
82 169 174 11 12 257 254 77 80 208 125 126
1 3600 198
13
440 323 319 314 384 396 99 102 301 257 258 73 70
1 3600 68
4
169 174 11 14
1 3600 112
6
87 82 293 207 29 30
1 3600 161
3
393 295 296
1 3600 516
17
411 409 293 207 183 3 4 268 37 40 372 378 453 407 401 121 116
1 3600 516
13
58 331 332 133 101 102 301 257 258 73 70 236 304
1 3600 516
9
55 60 84 393 295 207 111 112 47
1 3600 516
14
440 323 319 320 328 173 174 11 14 106 179 47 42 204
1 3600 397
6
74 65 66 252 309 189
1 3600 430
13
454 273 274 265 79 74 65 66 252 309 189 186 231
1 3600 516
21
270 379 239 71 72 259 256 300 103 98 91 92 53 50 365 366 151 19 24 159 154
1 3600 516
18
452 379 35 38 72 5 6 15 10 175 172 329 321 316 417 415 412 343
1 3600 516
17
123 124 209 81 76 260 339 336 376 363 357 351 153 148 244 345 340
1 3600 42
4
199 165 65 66
1 3600 64
6
81 76 262 278 300 103
1 3600 198
6
76 262 278 300 177 175
1 3600 516
13
452 379 239 71 72 5 2 182 206 292 83 61 56
1 3600 75
5
208 125 126 214 270
1 3600 70
8
126 214 274 371 299 269 259 256
1 3600 70
6
127 124 210 266 269 259
1 3600 70
3
455 431 428
1 3600 70
6
379 373 41 38 72 259
1 3600 70
3
452 379 373
1 3600 128
7
379 239 71 72 5 2 182
1 3600 516
19
123 126 218 360 119 116 288 283 280 435 303 237 71 72 5 2 184 33 30
1 3600 516
10
379 35 36 269 5 2 182 206 294 390
1 3600 68
5
457 403 399 361 358
1 3600 139
9
217 218 360 398 400 404 285 282 438
1 3600 322
8
214 274 371 41 38 72 5 8
1 3600 516
10
210 266 269 259 105 106 179 47 42 202
1 3600 469
8
279 276 339 336 376 363 311 137
1 3600 322
5
276 339 336 376 363
1 3600 344
14
299 267 79 74 65 66 252 312 95 92 426 369 349 153
1 3600 516
18
41 38 72 259 256 300 103 98 91 88 49 50 365 366 417 415 412 343
1 3600 516
17
34 239 71 72 259 256 13 10 175 172 161 162 59 54 380 347 340
1 3600 78
5
254 260 167 164 193
1 3600 28
6
276 339 336 374 91 92
1 3600 57
13
373 370 265 79 74 65 66 248 374 397 385 315 318
1 3600 225
13
72 259 256 300 103 100 132 333 321 318 322 441 442
1 3600 31
4
378 271 215 127
1 3600 31
7
257 258 268 267 211 125 126
1 3600 56
5
257 258 73 39 36
1 3600 42
5
263 255 105 106 115
1 3600 42
5
36 269 259 256 13
1 3600 42
6
263 255 105 106 115 110
1 3600 397
7
255 105 7 2 184 33 30
1 3600 516
8
262 278 300 177 175 168 293 296
1 3600 128
4
372 378 453 407
1 3600 61
4
236 302 434 281
1 3600 90
3
72 5 8
1 3600 469
8
72 5 2 181 179 47 42 200
1 3600 516
10
17 10 135 101 98 375 249 252 309 137
1 3600 430
9
181 107 104 254 260 339 336 376 363
1 3600 304
13
185 3 6 15 10 135 132 383 315 316 417 415 412
1 3600 516
11
10 175 170 383 386 369 366 417 415 412 343
1 3600 516
11
17 10 175 172 161 162 59 54 380 347 340
1 3600 258
5
6 104 254 260 167
1 3600 61
9
107 15 12 300 103 98 91 88 49
1 3600 28
5
185 181 107 15 10
1 3600 73
7
10 135 132 333 330 59 56
1 3600 135
8
180 3 4 73 70 238 378 453
1 3600 40
5
183 3 4 268 37
1 3600 40
9
7 4 73 70 238 378 453 431 428
1 3600 40
6
178 180 3 4 73 39
1 3600 64
3
113 110 29
1 3600 48
5
14 106 179 47 44
1 3600 287
5
14 106 115 110 206
1 3600 430
12
178 107 104 258 268 298 370 275 272 403 121 116
1 3600 132
10
114 180 3 4 73 70 236 302 434 436
1 3600 45
3
14 7 8
1 3600 147
4
179 47 42 202
1 3600 516
13
109 114 107 104 254 262 276 339 69 66 252 309 137
1 3600 516
16
109 114 107 15 12 300 103 98 91 92 53 50 355 352 229 232
1 3600 516
11
31 28 206 294 392 85 86 162 327 324 413
1 3600 516
11
45 46 113 110 206 292 83 61 54 380 347
1 3600 516
11
109 110 206 294 392 85 61 54 380 347 340
1 3600 516
12
31 32 185 3 4 268 267 211 209 197 193 194
1 3600 344
8
31 28 183 181 107 15 10 176
1 3600 105
9
31 32 185 181 107 15 10 175 172
1 3600 62
9
45 46 178 107 15 10 175 172 161
1 3600 516
8
109 114 107 104 254 77 80 208
1 3600 198
12
45 46 178 180 3 4 73 70 238 378 453 431
1 3600 25
4
45 46 178 180
1 3600 397
4
31 28 111 108
1 3600 61
6
45 46 113 110 206 296
1 3600 516
17
45 46 178 180 3 4 73 39 40 370 275 272 403 399 119 116 286
1 3600 516
8
31 32 185 3 4 73 70 236
1 3600 166
5
109 110 183 3 8
1 3600 125
7
31 28 111 112 47 42 202
1 3600 516
15
297 292 83 86 160 329 321 316 151 19 20 130 422 229 230
1 3600 516
13
297 294 392 85 61 58 327 324 247 241 25 20 128
1 3600 516
9
292 83 86 160 329 321 316 367 349
1 3600 516
8
297 294 392 85 61 54 380 347
1 3600 516
8
389 392 85 61 54 380 347 340
1 3600 516
13
295 292 169 170 383 384 394 93 94 377 249 250 147
1 3600 516
8
297 292 169 170 133 101 96 447
1 3600 287
9
297 294 392 85 86 160 329 321 314
1 3600 109
4
391 392 85 86
1 3600 516
7
207 183 3 4 268 267 211
1 3600 516
7
391 295 207 183 181 107 104
1 3600 184
5
292 169 174 11 16
1 3600 72
5
389 295 207 111 108
1 3600 235
3
297 294 390
1 3600 516
16
391 392 409 169 174 176 301 279 263 77 78 264 275 272 403 121
1 3600 516
13
391 295 207 183 3 4 73 39 34 378 453 431 419
1 3600 469
5
297 207 183 3 8
1 3600 225
6
207 111 112 47 42 202
1 3600 516
13
117 120 402 273 274 265 79 74 65 66 252 309 137
1 3600 516
13
399 361 219 127 124 199 193 194 251 252 312 363 357
1 3600 516
22
287 117 118 398 402 273 274 265 79 76 260 339 336 376 95 92 426 369 349 153 148 244
1 3600 516
20
291 288 283 280 435 303 237 71 72 259 256 300 103 98 397 385 315 318 324 343
1 3600 516
27
287 117 120 402 273 215 127 124 209 197 193 145 146 251 248 376 95 88 49 50 365 366 151 148 244 345 340
1 3600 469
9
287 117 118 361 219 127 124 199 193
1 3600 430
10
406 452 271 274 265 79 74 65 68 334
1 3600 516
15
359 219 127 124 209 197 165 166 339 334 97 100 132 333 328
1 3600 516
17
400 404 285 280 435 303 237 71 72 259 256 300 177 175 168 408 410
1 3600 48
4
402 273 215 216
1 3600 83
7
359 219 127 124 209 81 76
1 3600 304
9
406 452 379 35 40 299 269 5 2
1 3600 516
13
398 400 406 452 379 239 71 72 5 2 184 33 30
1 3600 516
13
404 285 280 435 303 237 71 72 5 2 182 206 294
1 3600 191
3
117 120 400
1 3600 83
3
288 283 284
1 3600 83
7
116 288 283 280 435 303 306
1 3600 258
14
117 118 398 402 273 274 371 299 269 259 105 106 179 47
1 3600 516
14
402 273 274 371 41 38 72 259 105 106 179 47 42 204
1 3600 516
19
307 302 434 281 284 418 430 454 273 274 265 79 74 65 66 252 309 189 190
1 3600 516
18
418 430 452 271 274 265 79 74 65 66 252 309 189 186 231 228 423 131
1 3600 516
22
284 405 406 454 273 274 265 79 76 262 276 339 336 376 363 357 351 153 19 24 159 154
1 3600 516
22
439 283 280 435 303 237 71 72 259 256 300 103 98 397 385 386 369 366 417 415 412 343
1 3600 516
24
405 401 399 361 219 127 124 199 193 63 66 248 374 91 92 53 50 365 366 417 415 412 343 340
1 3600 516
11
434 281 284 418 430 452 271 274 265 79 74
1 3600 344
13
421 418 430 454 273 274 265 79 76 260 339 334 447
1 3600 430
12
280 435 303 237 71 72 259 256 300 103 100 132
1 3600 516
16
405 406 452 379 35 36 269 259 256 13 10 135 132 333 330 59
1 3600 101
4
421 405 401 402
1 3600 80
7
437 435 303 237 71 72 259
1 3600 80
8
434 281 284 418 430 452 379 373
1 3600 90
10
405 406 452 379 239 71 72 5 2 184
1 3600 516
11
435 303 237 71 72 5 6 106 179 47 44
1 3600 516
8
305 237 71 72 5 2 182 206
1 3600 84
7
434 281 282 289 117 118 361
1 3600 84
5
439 289 117 120 399
1 3600 184
6
439 283 280 435 303 306
1 3600 59
12
418 430 452 379 35 36 269 5 2 184 33 26
1 3600 59
9
283 280 435 303 237 71 72 5 8
1 3600 397
12
433 303 237 71 72 259 105 106 179 47 42 204
1 3600 516
18
27 32 185 181 107 15 10 135 101 98 91 92 53 50 355 352 229 234
1 3600 516
11
46 178 107 15 12 300 103 98 91 88 450
1 3600 516
11
46 178 107 15 10 175 170 383 315 316 417
1 3600 516
12
9 6 15 10 135 132 383 315 318 322 441 347
1 3600 516
10
27 28 206 292 83 61 54 380 347 340
1 3600 516
12
43 46 178 107 104 254 262 276 339 336 376 313
1 3600 368
9
46 178 107 15 12 279 276 339 336
1 3600 287
9
46 178 107 15 10 175 170 383 315
1 3600 469
5
27 28 206 292 83
1 3600 287
7
27 32 185 3 4 268 267
1 3600 71
8
27 32 185 3 4 73 70 238
1 3600 37
5
46 178 107 15 16
1 3600 258
6
43 46 113 110 29 30
1 3600 516
5
46 113 110 206 294
1 3600 304
11
9 6 104 254 77 80 208 125 126 218 358
1 3600 35
9
27 32 185 3 4 73 70 236 306
1 3600 112
5
27 28 183 3 8
1 3600 516
14
201 43 46 178 107 15 10 176 103 98 375 376 313 309
1 3600 516
17
201 43 46 178 107 15 10 135 132 383 386 369 349 153 19 20 128
1 3600 516
14
201 43 46 178 107 15 10 175 172 161 162 327 322 458
1 3600 516
14
201 43 46 178 107 15 10 175 170 333 330 327 324 343
1 3600 516
17
201 43 46 178 107 15 10 135 132 333 321 316 151 148 244 345 340
1 3600 516
10
201 43 46 178 107 104 254 260 167 65
1 3600 516
13
205 43 46 178 107 104 256 300 103 98 91 88 49
1 3600 469
11
201 43 46 178 107 15 10 175 170 383 315
1 3600 469
9
201 43 46 113 110 206 294 392 409
1 3600 516
10
203 43 46 178 107 104 258 268 267 211
1 3600 287
9
205 43 46 178 180 3 4 73 70
1 3600 95
5
201 43 46 113 110
1 3600 156
5
203 43 46 113 108
1 3600 225
8
203 43 46 113 110 206 294 390
1 3600 516
15
201 43 46 178 107 104 258 73 39 40 370 275 215 218 358
1 3600 368
12
203 43 46 178 180 3 4 73 70 236 302 432
1 3600 31
7
201 43 46 178 180 3 8
