162
38.842808 115.45272 1 0
38.884758 115.46228 2 1
38.884914 115.47493 3 1
38.852158 115.454384 4 1
38.84627 115.48769 5 1
38.8453 115.49852 6 0
38.87048 115.51844 7 0
38.85203 115.44554 8 1
38.908417 115.44271 9 1
38.904522 115.5172 10 0
38.90473 115.5174 11 0
38.9162 115.441925 12 0
38.84371 115.49236 13 0
38.8452 115.47932 14 1
38.889362 115.45359 15 1
38.88975 115.48428 16 1
38.889923 115.49615 17 1
38.88998 115.50102 18 0
38.910892 115.45314 19 1
38.894825 115.495995 20 1
38.876904 115.45386 21 1
38.852856 115.488464 22 1
38.85655 115.501625 23 1
38.864254 115.48617 24 1
38.864315 115.50344 25 1
38.89041 115.52237 26 0
38.855534 115.44529 27 0
38.865425 115.50361 28 0
38.899433 115.44107 29 0
38.9087 115.45308 30 1
38.908714 115.45329 31 1
38.908787 115.457565 32 1
38.90888 115.463974 33 0
38.862103 115.470665 34 0
38.895985 115.50836 35 0
38.84315 115.487114 36 0
38.842808 115.478325 37 0
38.89468 115.48409 38 1
38.885033 115.48434 39 1
38.885094 115.487335 40 0
38.905693 115.498116 41 0
38.898083 115.49664 42 1
38.907906 115.49457 43 1
38.858 115.489 44 1
38.865322 115.49926 45 1
38.852386 115.52238 46 0
38.864616 115.51854 47 0
38.866943 115.492325 48 1
38.863007 115.4774 49 1
38.867664 115.47535 50 1
38.8772 115.47511 51 1
38.901947 115.45772 52 1
38.89974 115.45779 53 1
38.90189 115.45343 54 1
38.9019 115.45322 55 0
38.897068 115.45343 56 1
38.91498 115.47025 57 0
38.914886 115.470116 58 0
38.915535 115.461365 59 0
38.897114 115.46188 60 1
38.911064 115.4742 61 0
38.91099 115.47452 62 0
38.91359 115.45281 63 0
38.90483 115.51748 64 0
38.91403 115.45286 65 0
38.916912 115.44244 66 0
38.916912 115.44228 67 0
38.864662 115.472786 68 1
38.888664 115.522575 69 0
38.890465 115.52224 70 0
38.862667 115.44099 71 0
38.902103 115.46874 72 0
38.87126 115.50607 73 1
38.876865 115.51078 74 1
38.897114 115.46206 75 1
38.897984 115.474655 76 1
38.90072 115.513756 77 0
38.91566 115.44215 78 0
38.87565 115.48282 79 1
38.896935 115.44306 80 1
38.89691 115.44557 81 0
38.899925 115.47461 82 1
38.850254 115.474266 83 0
38.908638 115.44025 84 0
38.87295 115.46407 85 0
38.872993 115.46649 86 0
38.875088 115.46646 87 0
38.898815 115.4919 88 0
38.8620814 115.4445959 89 1
38.8722116 115.4434775 90 0
38.845475 115.4983875 91 1
38.8783525 115.502005 92 1
38.881071 115.4537667 93 1
38.8816034 115.4893346 94 1
38.8814805 115.4843925 95 1
38.885124 115.48928 96 1
38.8897817 115.4893567 97 1
38.894658 115.4906975 98 1
38.9126604 115.495868 99 1
38.8767874 115.4434729 100 1
38.8807994 115.443402 101 1
38.8892563 115.4430983 102 1
38.8943218 115.443062 103 1
38.8994923 115.4428817 104 1
38.91599 115.4425715 105 1
38.8429894 115.461809 106 0
38.8468467 115.4615359 107 1
38.8465297 115.4919917 108 1
38.8523067 115.4925817 109 1
38.8726627 115.4539633 110 1
38.889644 115.4748267 111 1
38.88949 115.462137 112 1
38.8943338 115.4534852 113 1
38.8945803 115.474708 114 1
38.8997097 115.45337 115 1
38.9127028 115.4743525 116 1
38.9131517 115.461719 117 1
38.9138561 115.453084 118 1
38.889035 115.5206548 119 1
38.8944715 115.4620375 120 1
38.847193 115.45452 121 1
38.8589038 115.454256 122 1
38.8672367 115.45408 123 1
38.8660545 115.496535 124 1
38.8725073 115.499418 125 1
38.8733195 115.49559 126 1
38.8770085 115.462385 127 1
38.877028 115.46403 128 1
38.8789283 115.4985413 129 1
38.851724 115.4993 130 1
38.853488 115.4821387 131 1
38.8540716 115.471366 132 1
38.8565461 115.4618251 133 1
38.8579825 115.48339 134 1
38.8728688 115.462445 135 1
38.88126 115.4623125 136 1
38.8997528 115.4619112 137 1
38.865316 115.50347 138 0
38.8683446 115.488032 139 1
38.8890083 115.5208915 140 1
38.869467 115.48403 141 1
38.8723182 115.4436467 142 1
38.8769745 115.51094 143 1
38.874299 115.4892967 144 1
38.8768405 115.511079 145 1
38.873078 115.47515 146 1
38.88142 115.475006 147 1
38.8579537 115.4909467 148 0
38.858017 115.490476 149 0
38.908801 115.461715 150 1
38.857763 115.493735 151 1
38.8614005 115.4972495 152 0
38.845833 115.468575 153 0
38.8497857 115.469317 154 1
38.8606123 115.47561 155 1
38.8663695 115.4782452 156 1
38.867464 115.4626175 157 1
38.9020335 115.46183 158 1
38.9128543 115.4702925 159 1
38.9128608 115.4701065 160 1
38.913174 115.461471 161 1
38.9131325 115.483734 162 0
229
38 98 734.7682666872954 16.67 3 3 2 3
1 0 0 0 1 0 0 0 1
1 0 0 0 1 0 0 0 1
38 114 1043.3308375581507 16.67 3 3 4 5
1 0 0 0 1 0 0 0 1
1 0 0 0 1 0 0 0 1
38 16 427.20695235251617 16.67 3 3 6 7
1 0 0 0 1 0 0 0 1
1 0 0 0 1 0 0 0 1
38 162 1597.5269890413927 16.67 3 3 8 9
1 0 0 0 1 0 0 0 1
1 0 0 0 1 0 0 0 1
39 95 307.56076025474215 16.67 3 3 10 11
1 0 0 0 1 0 0 0 1
1 0 0 0 1 0 0 0 1
39 3 1046.4595020790985 16.67 3 3 12 13
1 0 0 0 1 0 0 0 1
1 0 0 0 1 0 0 0 1
39 16 408.3592870963105 16.67 3 3 14 15
1 0 0 0 1 0 0 0 1
1 0 0 0 1 0 0 0 1
39 40 333.09120185789766 16.67 3 3 16 17
1 0 0 0 1 0 0 0 1
1 0 0 0 1 0 0 0 1
5 22 576.8540691285973 16.67 3 3 18 19
1 0 0 0 1 0 0 0 1
1 0 0 0 1 0 0 0 1
5 14 935.3608640533835 16.67 3 3 20 21
1 0 0 0 1 0 0 0 1
1 0 0 0 1 0 0 0 1
5 36 277.70309234941277 16.67 3 3 22 23
1 0 0 0 1 0 0 0 1
1 0 0 0 1 0 0 0 1
5 108 478.8852072556487 16.67 3 3 24 25
1 0 0 0 1 0 0 0 1
1 0 0 0 1 0 0 0 1
42 41 678.7468720903975 16.67 3 3 26 27
1 0 0 0 1 0 0 0 1
1 0 0 0 1 0 0 0 1
42 20 290.94124269312636 16.67 3 3 28 29
1 0 0 0 1 0 0 0 1
1 0 0 0 1 0 0 0 1
42 35 1315.8720681992572 16.67 3 3 30 31
1 0 0 0 1 0 0 0 1
1 0 0 0 1 0 0 0 1
42 88 530.8897867428119 16.67 3 3 32 33
1 0 0 0 1 0 0 0 1
1 0 0 0 1 0 0 0 1
75 137 228.9750433504584 16.67 3 3 34 35
1 0 0 0 1 0 0 0 1
1 0 0 0 1 0 0 0 1
75 120 228.71028939514395 16.67 3 3 36 37
1 0 0 0 1 0 0 0 1
1 0 0 0 1 0 0 0 1
75 76 1402.6089269785257 16.67 3 3 38 39
1 0 0 0 1 0 0 0 1
1 0 0 0 1 0 0 0 1
75 60 20.016321441965797 16.67 3 3 40 41
1 0 0 0 1 0 0 0 1
1 0 0 0 1 0 0 0 1
43 99 435.9952665183609 16.67 3 3 42 43
1 0 0 0 1 0 0 0 1
1 0 0 0 1 0 0 0 1
43 77 2222.2869005948533 16.67 3 3 44 45
1 0 0 0 1 0 0 0 1
1 0 0 0 1 0 0 0 1
43 96 2057.27723983214 16.67 3 3 46 47
1 0 0 0 1 0 0 0 1
1 0 0 0 1 0 0 0 1
49 68 532.7209579246728 16.67 3 3 48 49
1 0 0 0 1 0 0 0 1
1 0 0 0 1 0 0 0 1
49 155 287.4290357276019 16.67 3 3 50 51
1 0 0 0 1 0 0 0 1
1 0 0 0 1 0 0 0 1
49 156 305.9436245203548 16.67 3 3 52 53
1 0 0 0 1 0 0 0 1
1 0 0 0 1 0 0 0 1
73 138 590.2716152606524 16.67 3 3 54 55
1 0 0 0 1 0 0 0 1
1 0 0 0 1 0 0 0 1
73 7 1377.2227061080541 16.67 3 3 56 57
1 0 0 0 1 0 0 0 1
1 0 0 0 1 0 0 0 1
73 125 747.5550314916923 16.67 3 3 58 59
1 0 0 0 1 0 0 0 1
1 0 0 0 1 0 0 0 1
73 74 714.0073128889807 16.67 3 3 60 61
1 0 0 0 1 0 0 0 1
1 0 0 0 1 0 0 0 1
21 100 1155.1081743115092 16.67 3 3 62 63
1 0 0 0 1 0 0 0 1
1 0 0 0 1 0 0 0 1
21 93 360.8870648717579 16.67 3 3 64 65
1 0 0 0 1 0 0 0 1
1 0 0 0 1 0 0 0 1
21 110 367.34970791058595 16.67 3 3 66 67
1 0 0 0 1 0 0 0 1
1 0 0 0 1 0 0 0 1
21 127 948.0383879855831 16.67 3 3 68 69
1 0 0 0 1 0 0 0 1
1 0 0 0 1 0 0 0 1
76 82 168.05736250300293 16.67 3 3 70 71
1 0 0 0 1 0 0 0 1
1 0 0 0 1 0 0 0 1
76 114 294.6304169258092 16.67 3 3 72 73
1 0 0 0 1 0 0 0 1
1 0 0 0 1 0 0 0 1
15 93 717.8963954430809 16.67 3 3 74 75
1 0 0 0 1 0 0 0 1
1 0 0 0 1 0 0 0 1
15 112 950.5062336061692 16.67 3 3 76 77
1 0 0 0 1 0 0 0 1
1 0 0 0 1 0 0 0 1
15 113 430.4918801254707 16.67 3 3 78 79
1 0 0 0 1 0 0 0 1
1 0 0 0 1 0 0 0 1
15 102 1166.7316466629882 16.67 3 3 80 81
1 0 0 0 1 0 0 0 1
1 0 0 0 1 0 0 0 1
74 143 20.159989856052814 16.67 3 3 82 83
1 0 0 0 1 0 0 0 1
1 0 0 0 1 0 0 0 1
74 145 33.31691347138195 16.67 3 3 84 85
1 0 0 0 1 0 0 0 1
1 0 0 0 1 0 0 0 1
74 92 984.2559254082843 16.67 3 3 86 87
1 0 0 0 1 0 0 0 1
1 0 0 0 1 0 0 0 1
50 68 385.8124857657471 16.67 3 3 88 89
1 0 0 0 1 0 0 0 1
1 0 0 0 1 0 0 0 1
50 146 469.2791420424983 16.67 3 3 90 91
1 0 0 0 1 0 0 0 1
1 0 0 0 1 0 0 0 1
50 156 340.9025657739603 16.67 3 3 92 93
1 0 0 0 1 0 0 0 1
1 0 0 0 1 0 0 0 1
50 157 1415.982623363636 16.67 3 3 94 95
1 0 0 0 1 0 0 0 1
1 0 0 0 1 0 0 0 1
51 128 1232.2057554436224 16.67 3 3 96 97
1 0 0 0 1 0 0 0 1
1 0 0 0 1 0 0 0 1
51 146 356.86847492222444 16.67 3 3 98 99
1 0 0 0 1 0 0 0 1
1 0 0 0 1 0 0 0 1
51 79 867.8025081407734 16.67 3 3 100 101
1 0 0 0 1 0 0 0 1
1 0 0 0 1 0 0 0 1
51 147 365.5076033979496 16.67 3 3 102 103
1 0 0 0 1 0 0 0 1
1 0 0 0 1 0 0 0 1
16 111 1051.2638782473857 16.67 3 3 104 105
1 0 0 0 1 0 0 0 1
1 0 0 0 1 0 0 0 1
16 97 564.5447735537879 16.67 3 3 106 107
1 0 0 0 1 0 0 0 1
1 0 0 0 1 0 0 0 1
17 18 541.5751690812851 16.67 3 3 108 109
1 0 0 0 1 0 0 0 1
1 0 0 0 1 0 0 0 1
17 20 424.63917645839865 16.67 3 3 110 111
1 0 0 0 1 0 0 0 1
1 0 0 0 1 0 0 0 1
17 96 869.577393628914 16.67 3 3 112 113
1 0 0 0 1 0 0 0 1
1 0 0 0 1 0 0 0 1
17 97 755.5260858125072 16.67 3 3 114 115
1 0 0 0 1 0 0 0 1
1 0 0 0 1 0 0 0 1
19 118 256.5554600540878 16.67 3 3 116 117
1 0 0 0 1 0 0 0 1
1 0 0 0 1 0 0 0 1
19 30 189.78834010753647 16.67 3 3 118 119
1 0 0 0 1 0 0 0 1
1 0 0 0 1 0 0 0 1
19 31 189.1963528935877 16.67 3 3 120 121
1 0 0 0 1 0 0 0 1
1 0 0 0 1 0 0 0 1
80 81 279.1248682285231 16.67 3 3 122 123
1 0 0 0 1 0 0 0 1
1 0 0 0 1 0 0 0 1
80 103 226.1614980425508 16.67 3 3 124 125
1 0 0 0 1 0 0 0 1
1 0 0 0 1 0 0 0 1
80 104 222.20981976095646 16.67 3 3 126 127
1 0 0 0 1 0 0 0 1
1 0 0 0 1 0 0 0 1
14 37 234.86410731569822 16.67 3 3 128 129
1 0 0 0 1 0 0 0 1
1 0 0 0 1 0 0 0 1
14 153 1196.1202444164833 16.67 3 3 130 131
1 0 0 0 1 0 0 0 1
1 0 0 0 1 0 0 0 1
79 144 729.6553844073345 16.67 3 3 132 133
1 0 0 0 1 0 0 0 1
1 0 0 0 1 0 0 0 1
79 95 534.1877984570957 16.67 3 3 134 135
1 0 0 0 1 0 0 0 1
1 0 0 0 1 0 0 0 1
89 122 1108.8971690160229 16.67 3 3 136 137
1 0 0 0 1 0 0 0 1
1 0 0 0 1 0 0 0 1
89 27 572.1578474710839 16.67 3 3 138 139
1 0 0 0 1 0 0 0 1
1 0 0 0 1 0 0 0 1
89 8 876.6420451581835 16.67 3 3 140 141
1 0 0 0 1 0 0 0 1
1 0 0 0 1 0 0 0 1
89 71 404.17581040555916 16.67 3 3 142 143
1 0 0 0 1 0 0 0 1
1 0 0 0 1 0 0 0 1
90 100 396.15426710818457 16.67 3 3 144 145
1 0 0 0 1 0 0 0 1
1 0 0 0 1 0 0 0 1
90 142 20.956892557613592 16.67 3 3 146 147
1 0 0 0 1 0 0 0 1
1 0 0 0 1 0 0 0 1
22 109 460.3598504559299 16.67 3 3 148 149
1 0 0 0 1 0 0 0 1
1 0 0 0 1 0 0 0 1
22 44 449.4374727141682 16.67 3 3 150 151
1 0 0 0 1 0 0 0 1
1 0 0 0 1 0 0 0 1
22 131 705.5107656541226 16.67 3 3 152 153
1 0 0 0 1 0 0 0 1
1 0 0 0 1 0 0 0 1
91 6 21.138035296698558 16.67 3 3 154 155
1 0 0 0 1 0 0 0 1
1 0 0 0 1 0 0 0 1
91 130 550.6463651190552 16.67 3 3 156 157
1 0 0 0 1 0 0 0 1
1 0 0 0 1 0 0 0 1
91 108 717.0663837931239 16.67 3 3 158 159
1 0 0 0 1 0 0 0 1
1 0 0 0 1 0 0 0 1
92 129 388.38160720404693 16.67 3 3 160 161
1 0 0 0 1 0 0 0 1
1 0 0 0 1 0 0 0 1
92 125 582.0695627722345 16.67 3 3 162 163
1 0 0 0 1 0 0 0 1
1 0 0 0 1 0 0 0 1
93 101 1152.812922820215 16.67 3 3 164 165
1 0 0 0 1 0 0 0 1
1 0 0 0 1 0 0 0 1
93 136 950.4490468961153 16.67 3 3 166 167
1 0 0 0 1 0 0 0 1
1 0 0 0 1 0 0 0 1
94 143 2435.7440472358585 16.67 3 3 168 169
1 0 0 0 1 0 0 0 1
1 0 0 0 1 0 0 0 1
94 144 632.3153757924484 16.67 3 3 170 171
1 0 0 0 1 0 0 0 1
1 0 0 0 1 0 0 0 1
94 129 1049.663500599006 16.67 3 3 172 173
1 0 0 0 1 0 0 0 1
1 0 0 0 1 0 0 0 1
94 95 549.6733103730933 16.67 3 3 174 175
1 0 0 0 1 0 0 0 1
1 0 0 0 1 0 0 0 1
95 147 1043.8087007254323 16.67 3 3 176 177
1 0 0 0 1 0 0 0 1
1 0 0 0 1 0 0 0 1
96 97 403.26144431253584 16.67 3 3 178 179
1 0 0 0 1 0 0 0 1
1 0 0 0 1 0 0 0 1
97 98 447.6270753910054 16.67 3 3 180 181
1 0 0 0 1 0 0 0 1
1 0 0 0 1 0 0 0 1
98 20 589.2687461765576 16.67 3 3 182 183
1 0 0 0 1 0 0 0 1
1 0 0 0 1 0 0 0 1
98 88 383.8285581213968 16.67 3 3 184 185
1 0 0 0 1 0 0 0 1
1 0 0 0 1 0 0 0 1
4 121 430.23640861979703 16.67 3 3 186 187
1 0 0 0 1 0 0 0 1
1 0 0 0 1 0 0 0 1
4 122 584.3617251557955 16.67 3 3 188 189
1 0 0 0 1 0 0 0 1
1 0 0 0 1 0 0 0 1
4 8 983.5310610704194 16.67 3 3 190 191
1 0 0 0 1 0 0 0 1
1 0 0 0 1 0 0 0 1
100 101 347.4095652487109 16.67 3 3 192 193
1 0 0 0 1 0 0 0 1
1 0 0 0 1 0 0 0 1
100 142 387.3824552181758 16.67 3 3 194 195
1 0 0 0 1 0 0 0 1
1 0 0 0 1 0 0 0 1
101 102 732.8537042073888 16.67 3 3 196 197
1 0 0 0 1 0 0 0 1
1 0 0 0 1 0 0 0 1
101 103 1171.1827282475547 16.67 3 3 198 199
1 0 0 0 1 0 0 0 1
1 0 0 0 1 0 0 0 1
99 10 2474.471102655922 16.67 3 3 200 201
1 0 0 0 1 0 0 0 1
1 0 0 0 1 0 0 0 1
99 11 2490.7817456052367 16.67 3 3 202 203
1 0 0 0 1 0 0 0 1
1 0 0 0 1 0 0 0 1
99 64 2496.9731198445716 16.67 3 3 204 205
1 0 0 0 1 0 0 0 1
1 0 0 0 1 0 0 0 1
20 119 2787.6249048777977 16.67 3 3 206 207
1 0 0 0 1 0 0 0 1
1 0 0 0 1 0 0 0 1
102 103 438.4635445463581 16.67 3 3 208 209
1 0 0 0 1 0 0 0 1
1 0 0 0 1 0 0 0 1
103 113 1159.0789189423126 16.67 3 3 210 211
1 0 0 0 1 0 0 0 1
1 0 0 0 1 0 0 0 1
8 121 1082.890530434654 16.67 3 3 212 213
1 0 0 0 1 0 0 0 1
1 0 0 0 1 0 0 0 1
104 115 1166.4694313664943 16.67 3 3 214 215
1 0 0 0 1 0 0 0 1
1 0 0 0 1 0 0 0 1
104 29 201.52962917530056 16.67 3 3 216 217
1 0 0 0 1 0 0 0 1
1 0 0 0 1 0 0 0 1
104 9 772.6031217051458 16.67 3 3 218 219
1 0 0 0 1 0 0 0 1
1 0 0 0 1 0 0 0 1
105 66 81.10295236689424 16.67 3 3 220 221
1 0 0 0 1 0 0 0 1
1 0 0 0 1 0 0 0 1
105 78 54.88336825819282 16.67 3 3 222 223
1 0 0 0 1 0 0 0 1
1 0 0 0 1 0 0 0 1
105 67 86.1081223917167 16.67 3 3 224 225
1 0 0 0 1 0 0 0 1
1 0 0 0 1 0 0 0 1
105 12 74.1524936021902 16.67 3 3 226 227
1 0 0 0 1 0 0 0 1
1 0 0 0 1 0 0 0 1
107 154 901.9341694813182 16.67 3 3 228 229
1 0 0 0 1 0 0 0 1
1 0 0 0 1 0 0 0 1
107 121 780.7568751597009 16.67 3 3 230 231
1 0 0 0 1 0 0 0 1
1 0 0 0 1 0 0 0 1
107 106 335.44585293383426 16.67 3 3 232 233
1 0 0 0 1 0 0 0 1
1 0 0 0 1 0 0 0 1
107 1 1040.8742485945077 16.67 3 3 234 235
1 0 0 0 1 0 0 0 1
1 0 0 0 1 0 0 0 1
82 116 1106.1885655654369 16.67 3 3 236 237
1 0 0 0 1 0 0 0 1
1 0 0 0 1 0 0 0 1
82 137 1412.2078703652364 16.67 3 3 238 239
1 0 0 0 1 0 0 0 1
1 0 0 0 1 0 0 0 1
108 109 504.61293155734546 16.67 3 3 240 241
1 0 0 0 1 0 0 0 1
1 0 0 0 1 0 0 0 1
108 13 247.6167057781738 16.67 3 3 242 243
1 0 0 0 1 0 0 0 1
1 0 0 0 1 0 0 0 1
109 130 748.7892391428494 16.67 3 3 244 245
1 0 0 0 1 0 0 0 1
1 0 0 0 1 0 0 0 1
109 151 489.6115095351122 16.67 3 3 246 247
1 0 0 0 1 0 0 0 1
1 0 0 0 1 0 0 0 1
110 135 943.3489509223402 16.67 3 3 248 249
1 0 0 0 1 0 0 0 1
1 0 0 0 1 0 0 0 1
110 142 1147.611971238722 16.67 3 3 250 251
1 0 0 0 1 0 0 0 1
1 0 0 0 1 0 0 0 1
110 123 469.93699001028534 16.67 3 3 252 253
1 0 0 0 1 0 0 0 1
1 0 0 0 1 0 0 0 1
111 112 1411.1802545551107 16.67 3 3 254 255
1 0 0 0 1 0 0 0 1
1 0 0 0 1 0 0 0 1
111 3 409.56460840374893 16.67 3 3 256 257
1 0 0 0 1 0 0 0 1
1 0 0 0 1 0 0 0 1
111 114 427.4635541462983 16.67 3 3 258 259
1 0 0 0 1 0 0 0 1
1 0 0 0 1 0 0 0 1
112 136 712.6135835864013 16.67 3 3 260 261
1 0 0 0 1 0 0 0 1
1 0 0 0 1 0 0 0 1
112 2 409.88606149804133 16.67 3 3 262 263
1 0 0 0 1 0 0 0 1
1 0 0 0 1 0 0 0 1
113 56 236.72169222096167 16.67 3 3 264 265
1 0 0 0 1 0 0 0 1
1 0 0 0 1 0 0 0 1
113 120 951.1057031887837 16.67 3 3 266 267
1 0 0 0 1 0 0 0 1
1 0 0 0 1 0 0 0 1
114 120 1409.0136925680217 16.67 3 3 268 269
1 0 0 0 1 0 0 0 1
1 0 0 0 1 0 0 0 1
115 53 491.5188879932739 16.67 3 3 270 271
1 0 0 0 1 0 0 0 1
1 0 0 0 1 0 0 0 1
115 54 188.80628236610545 16.67 3 3 272 273
1 0 0 0 1 0 0 0 1
1 0 0 0 1 0 0 0 1
115 56 228.71634972258337 16.67 3 3 274 275
1 0 0 0 1 0 0 0 1
1 0 0 0 1 0 0 0 1
2 136 302.81055139368056 16.67 3 3 276 277
1 0 0 0 1 0 0 0 1
1 0 0 0 1 0 0 0 1
2 3 1406.7674010326107 16.67 3 3 278 279
1 0 0 0 1 0 0 0 1
1 0 0 0 1 0 0 0 1
117 160 933.0445467442863 16.67 3 3 280 281
1 0 0 0 1 0 0 0 1
1 0 0 0 1 0 0 0 1
117 161 27.645461359898317 16.67 3 3 282 283
1 0 0 0 1 0 0 0 1
1 0 0 0 1 0 0 0 1
117 150 376.44891646858275 16.67 3 3 284 285
1 0 0 0 1 0 0 0 1
1 0 0 0 1 0 0 0 1
118 63 38.190283925361015 16.67 3 3 286 287
1 0 0 0 1 0 0 0 1
1 0 0 0 1 0 0 0 1
118 161 934.5148899445364 16.67 3 3 288 289
1 0 0 0 1 0 0 0 1
1 0 0 0 1 0 0 0 1
118 65 29.101066524150966 16.67 3 3 290 291
1 0 0 0 1 0 0 0 1
1 0 0 0 1 0 0 0 1
119 143 1502.2598627680518 16.67 3 3 292 293
1 0 0 0 1 0 0 0 1
1 0 0 0 1 0 0 0 1
119 140 26.4227222884726 16.67 3 3 294 295
1 0 0 0 1 0 0 0 1
1 0 0 0 1 0 0 0 1
119 70 215.39187601155265 16.67 3 3 296 297
1 0 0 0 1 0 0 0 1
1 0 0 0 1 0 0 0 1
120 60 229.37475594458698 16.67 3 3 298 299
1 0 0 0 1 0 0 0 1
1 0 0 0 1 0 0 0 1
3 147 302.56013469713173 16.67 3 3 300 301
1 0 0 0 1 0 0 0 1
1 0 0 0 1 0 0 0 1
116 159 451.66951783354403 16.67 3 3 302 303
1 0 0 0 1 0 0 0 1
1 0 0 0 1 0 0 0 1
116 61 142.81014659971754 16.67 3 3 304 305
1 0 0 0 1 0 0 0 1
1 0 0 0 1 0 0 0 1
116 62 149.3685668521775 16.67 3 3 306 307
1 0 0 0 1 0 0 0 1
1 0 0 0 1 0 0 0 1
122 123 721.8286263432846 16.67 3 3 308 309
1 0 0 0 1 0 0 0 1
1 0 0 0 1 0 0 0 1
122 133 866.1034212324842 16.67 3 3 310 311
1 0 0 0 1 0 0 0 1
1 0 0 0 1 0 0 0 1
123 157 949.589201199845 16.67 3 3 312 313
1 0 0 0 1 0 0 0 1
1 0 0 0 1 0 0 0 1
48 139 492.5720714393121 16.67 3 3 314 315
1 0 0 0 1 0 0 0 1
1 0 0 0 1 0 0 0 1
48 44 858.056591530649 16.67 3 3 316 317
1 0 0 0 1 0 0 0 1
1 0 0 0 1 0 0 0 1
48 124 474.43788787602415 16.67 3 3 318 319
1 0 0 0 1 0 0 0 1
1 0 0 0 1 0 0 0 1
48 126 660.7785107402797 16.67 3 3 320 321
1 0 0 0 1 0 0 0 1
1 0 0 0 1 0 0 0 1
124 45 309.59079673759265 16.67 3 3 322 323
1 0 0 0 1 0 0 0 1
1 0 0 0 1 0 0 0 1
124 151 782.5198909550758 16.67 3 3 324 325
1 0 0 0 1 0 0 0 1
1 0 0 0 1 0 0 0 1
124 125 644.1525944254738 16.67 3 3 326 327
1 0 0 0 1 0 0 0 1
1 0 0 0 1 0 0 0 1
126 129 586.0851304844772 16.67 3 3 328 329
1 0 0 0 1 0 0 0 1
1 0 0 0 1 0 0 0 1
126 125 431.448896958079 16.67 3 3 330 331
1 0 0 0 1 0 0 0 1
1 0 0 0 1 0 0 0 1
126 144 704.9451801903132 16.67 3 3 332 333
1 0 0 0 1 0 0 0 1
1 0 0 0 1 0 0 0 1
127 128 182.93472672704573 16.67 3 3 334 335
1 0 0 0 1 0 0 0 1
1 0 0 0 1 0 0 0 1
127 135 358.436108734674 16.67 3 3 336 337
1 0 0 0 1 0 0 0 1
1 0 0 0 1 0 0 0 1
127 136 368.1408243502557 16.67 3 3 338 339
1 0 0 0 1 0 0 0 1
1 0 0 0 1 0 0 0 1
23 46 2335.990354344499 16.67 3 3 340 341
1 0 0 0 1 0 0 0 1
1 0 0 0 1 0 0 0 1
23 151 883.6473657757545 16.67 3 3 342 343
1 0 0 0 1 0 0 0 1
1 0 0 0 1 0 0 0 1
23 130 491.41791335317777 16.67 3 3 344 345
1 0 0 0 1 0 0 0 1
1 0 0 0 1 0 0 0 1
23 25 702.0476212537891 16.67 3 3 346 347
1 0 0 0 1 0 0 0 1
1 0 0 0 1 0 0 0 1
131 134 413.34286646359845 16.67 3 3 348 349
1 0 0 0 1 0 0 0 1
1 0 0 0 1 0 0 0 1
131 132 1199.0090766135709 16.67 3 3 350 351
1 0 0 0 1 0 0 0 1
1 0 0 0 1 0 0 0 1
132 154 435.5103488251796 16.67 3 3 352 353
1 0 0 0 1 0 0 0 1
1 0 0 0 1 0 0 0 1
132 155 737.2581485699501 16.67 3 3 354 355
1 0 0 0 1 0 0 0 1
1 0 0 0 1 0 0 0 1
132 133 1082.3889173184132 16.67 3 3 356 357
1 0 0 0 1 0 0 0 1
1 0 0 0 1 0 0 0 1
9 84 274.2240128480185 16.67 3 3 358 359
1 0 0 0 1 0 0 0 1
1 0 0 0 1 0 0 0 1
9 30 1153.4225073803034 16.67 3 3 360 361
1 0 0 0 1 0 0 0 1
1 0 0 0 1 0 0 0 1
133 157 949.5325733467356 16.67 3 3 362 363
1 0 0 0 1 0 0 0 1
1 0 0 0 1 0 0 0 1
134 155 894.6183699579201 16.67 3 3 364 365
1 0 0 0 1 0 0 0 1
1 0 0 0 1 0 0 0 1
134 44 623.8438587856833 16.67 3 3 366 367
1 0 0 0 1 0 0 0 1
1 0 0 0 1 0 0 0 1
134 24 624.893950081282 16.67 3 3 368 369
1 0 0 0 1 0 0 0 1
1 0 0 0 1 0 0 0 1
60 56 939.6635233511131 16.67 3 3 370 371
1 0 0 0 1 0 0 0 1
1 0 0 0 1 0 0 0 1
60 137 228.40273736610035 16.67 3 3 372 373
1 0 0 0 1 0 0 0 1
1 0 0 0 1 0 0 0 1
135 146 1412.934773132606 16.67 3 3 374 375
1 0 0 0 1 0 0 0 1
1 0 0 0 1 0 0 0 1
135 157 468.314041341392 16.67 3 3 376 377
1 0 0 0 1 0 0 0 1
1 0 0 0 1 0 0 0 1
137 53 458.2861383772102 16.67 3 3 378 379
1 0 0 0 1 0 0 0 1
1 0 0 0 1 0 0 0 1
138 25 86.73504863624143 16.67 3 3 380 381
1 0 0 0 1 0 0 0 1
1 0 0 0 1 0 0 0 1
139 144 534.3740137251255 16.67 3 3 382 383
1 0 0 0 1 0 0 0 1
1 0 0 0 1 0 0 0 1
139 141 455.5160511687625 16.67 3 3 384 385
1 0 0 0 1 0 0 0 1
1 0 0 0 1 0 0 0 1
139 24 410.25220368566113 16.67 3 3 386 387
1 0 0 0 1 0 0 0 1
1 0 0 0 1 0 0 0 1
140 69 189.56532922580547 16.67 3 3 388 389
1 0 0 0 1 0 0 0 1
1 0 0 0 1 0 0 0 1
140 26 204.3304793516171 16.67 3 3 390 391
1 0 0 0 1 0 0 0 1
1 0 0 0 1 0 0 0 1
140 145 1516.5268825354312 16.67 3 3 392 393
1 0 0 0 1 0 0 0 1
1 0 0 0 1 0 0 0 1
141 156 696.9428503409268 16.67 3 3 394 395
1 0 0 0 1 0 0 0 1
1 0 0 0 1 0 0 0 1
141 146 1035.7813162324403 16.67 3 3 396 397
1 0 0 0 1 0 0 0 1
1 0 0 0 1 0 0 0 1
30 31 23.38377654592086 16.67 3 3 398 399
1 0 0 0 1 0 0 0 1
1 0 0 0 1 0 0 0 1
31 32 475.42960011377437 16.67 3 3 400 401
1 0 0 0 1 0 0 0 1
1 0 0 0 1 0 0 0 1
31 54 590.6955103687461 16.67 3 3 402 403
1 0 0 0 1 0 0 0 1
1 0 0 0 1 0 0 0 1
32 150 461.4890010767059 16.67 3 3 404 405
1 0 0 0 1 0 0 0 1
1 0 0 0 1 0 0 0 1
32 52 592.1251318569989 16.67 3 3 406 407
1 0 0 0 1 0 0 0 1
1 0 0 0 1 0 0 0 1
143 145 19.32587427319749 16.67 3 3 408 409
1 0 0 0 1 0 0 0 1
1 0 0 0 1 0 0 0 1
145 28 1290.9158201123157 16.67 3 3 410 411
1 0 0 0 1 0 0 0 1
1 0 0 0 1 0 0 0 1
148 151 310.5033600780987 16.67 3 3 412 413
1 0 0 0 1 0 0 0 1
1 0 0 0 1 0 0 0 1
148 149 52.62890305349379 16.67 3 3 414 415
1 0 0 0 1 0 0 0 1
1 0 0 0 1 0 0 0 1
149 44 164.14043710564835 16.67 3 3 416 417
1 0 0 0 1 0 0 0 1
1 0 0 0 1 0 0 0 1
150 158 585.7401919816969 16.67 3 3 418 419
1 0 0 0 1 0 0 0 1
1 0 0 0 1 0 0 0 1
150 33 251.2978296689003 16.67 3 3 420 421
1 0 0 0 1 0 0 0 1
1 0 0 0 1 0 0 0 1
153 154 352.1388320917415 16.67 3 3 422 423
1 0 0 0 1 0 0 0 1
1 0 0 0 1 0 0 0 1
154 83 551.8299803166084 16.67 3 3 424 425
1 0 0 0 1 0 0 0 1
1 0 0 0 1 0 0 0 1
156 24 900.0860181164364 16.67 3 3 426 427
1 0 0 0 1 0 0 0 1
1 0 0 0 1 0 0 0 1
158 72 768.4278779523063 16.67 3 3 428 429
1 0 0 0 1 0 0 0 1
1 0 0 0 1 0 0 0 1
158 52 457.1006379403914 16.67 3 3 430 431
1 0 0 0 1 0 0 0 1
1 0 0 0 1 0 0 0 1
159 57 183.98979028473687 16.67 3 3 432 433
1 0 0 0 1 0 0 0 1
1 0 0 0 1 0 0 0 1
159 160 20.69117735245215 16.67 3 3 434 435
1 0 0 0 1 0 0 0 1
1 0 0 0 1 0 0 0 1
160 58 175.23635100805797 16.67 3 3 436 437
1 0 0 0 1 0 0 0 1
1 0 0 0 1 0 0 0 1
161 59 204.6275970337899 16.67 3 3 438 439
1 0 0 0 1 0 0 0 1
1 0 0 0 1 0 0 0 1
25 45 472.9304691226171 16.67 3 3 440 441
1 0 0 0 1 0 0 0 1
1 0 0 0 1 0 0 0 1
25 47 1679.3492107370191 16.67 3 3 442 443
1 0 0 0 1 0 0 0 1
1 0 0 0 1 0 0 0 1
85 86 269.13406962879316 16.67 3 3 444 445
1 0 0 0 1 0 0 0 1
1 0 0 0 1 0 0 0 1
85 128 353.08081252424296 16.67 3 3 446 447
1 0 0 0 1 0 0 0 1
1 0 0 0 1 0 0 0 1
86 87 181.4051638474169 16.67 3 3 448 449
1 0 0 0 1 0 0 0 1
1 0 0 0 1 0 0 0 1
68 34 323.60974645580086 16.67 3 3 450 451
1 0 0 0 1 0 0 0 1
1 0 0 0 1 0 0 0 1
52 53 191.1515777021828 16.67 3 3 452 453
1 0 0 0 1 0 0 0 1
1 0 0 0 1 0 0 0 1
52 54 477.0811627465303 16.67 3 3 454 455
1 0 0 0 1 0 0 0 1
1 0 0 0 1 0 0 0 1
54 55 23.368404550473077 16.67 3 3 456 457
1 0 0 0 1 0 0 0 1
1 0 0 0 1 0 0 0 1
45 152 406.53616373947176 16.67 3 3 458 459
1 0 0 0 1 0 0 0 1
1 0 0 0 1 0 0 0 1
109
2 278 263 -1 276
3 13 257 279 300
4 -1 188 190 186
5 24 18 20 22
8 191 141 -1 212
9 360 -1 358 219
14 21 -1 130 128
15 76 78 80 74
16 106 7 104 15
17 108 110 114 112
19 120 116 -1 118
20 206 29 183 111
21 68 64 62 66
22 148 150 152 19
23 340 346 342 344
24 -1 387 427 369
25 442 381 440 347
30 398 119 361 -1
31 400 121 399 402
32 404 -1 401 406
38 2 8 4 6
39 16 14 12 10
42 30 26 32 28
43 44 42 -1 46
44 417 317 367 151
45 441 -1 323 458
48 318 320 314 316
49 -1 52 48 50
50 92 90 94 88
51 100 102 96 98
52 431 407 454 452
53 379 453 271 -1
54 455 403 456 273
56 371 275 -1 265
60 41 372 370 299
68 49 89 -1 450
73 56 60 58 54
74 84 82 86 61
75 38 34 40 36
76 -1 70 39 72
79 132 134 101 -1
80 122 126 -1 124
82 -1 236 238 71
89 136 142 138 140
91 -1 156 158 154
92 87 -1 160 162
93 166 75 164 65
94 168 172 174 170
95 175 11 176 135
96 113 47 178 -1
97 115 180 107 179
98 182 184 3 181
99 202 204 43 200
100 63 192 145 194
101 165 198 196 193
102 81 208 -1 197
103 210 125 199 209
104 214 218 216 127
105 220 224 226 222
107 228 230 234 232
108 159 240 25 242
109 244 246 149 241
110 248 67 250 252
111 105 258 254 256
112 262 255 77 260
113 266 264 211 79
114 5 73 268 259
115 270 272 215 274
116 306 302 304 237
117 280 -1 282 284
118 288 290 286 117
119 294 296 207 292
120 269 37 298 267
121 231 187 213 -1
122 310 308 137 189
123 312 253 -1 309
124 322 326 319 324
125 59 163 331 327
126 330 328 332 321
127 334 338 69 336
128 97 -1 335 447
129 161 -1 173 329
130 -1 345 245 157
131 153 348 350 -1
132 351 354 356 352
133 357 362 311 -1
134 366 368 364 349
135 374 337 249 376
136 261 277 167 339
137 35 239 378 373
139 315 382 384 386
140 388 390 295 392
141 385 -1 396 394
142 251 195 147 -1
143 408 293 169 83
144 333 171 133 383
145 393 409 85 410
146 397 99 375 91
147 177 301 -1 103
150 420 285 405 418
151 343 325 413 247
154 424 353 229 423
155 365 51 -1 355
156 426 395 93 53
157 95 377 313 363
158 428 419 430 -1
159 303 432 434 -1
160 435 436 281 -1
161 283 438 289 -1
