1059
1 3600 749
10
776 603 435 432 897 877 878 937 934 938
1 3600 749
15
779 777 619 601 435 395 398 440 37 34 757 555 5 2 578
1 3600 749
28
775 776 603 319 314 322 105 98 107 110 414 687 523 287 282 288 566 189 186 714 743 744 944 841 842 195 196 241
1 3600 133
12
848 775 619 601 435 432 897 894 928 937 934 940
1 3600 153
12
849 779 603 435 432 897 877 874 925 926 937 934
1 3600 499
25
777 619 601 319 314 322 970 129 126 107 108 509 117 112 280 284 377 245 242 425 426 834 741 738 924
1 3600 749
13
779 603 435 432 897 894 925 739 740 931 443 165 162
1 3600 749
16
775 619 601 319 314 322 105 98 107 110 416 780 405 402 37 38
1 3600 749
22
603 319 314 322 970 129 126 107 110 412 509 293 290 299 296 736 748 657 658 721 173 170
1 3600 441
8
777 619 601 319 314 322 970 972
1 3600 624
5
603 435 395 396 400
1 3600 749
13
777 619 601 435 395 396 404 687 523 287 284 377 245
1 3600 749
13
779 603 435 432 897 877 878 937 933 833 427 424 582
1 3600 749
23
619 601 319 314 322 105 98 679 680 722 858 958 353 347 344 730 732 123 124 276 288 566 759
1 3600 749
21
776 603 319 314 322 970 129 126 107 108 509 233 230 51 52 922 713 708 671 674 351
1 3600 749
7
777 619 601 319 314 322 105
1 3600 749
11
775 776 603 435 395 398 440 403 404 687 523
1 3600 749
16
619 601 319 314 322 970 129 126 107 110 412 509 117 114 124 276
1 3600 749
12
849 779 603 435 395 396 404 687 521 269 264 379
1 3600 749
30
619 601 319 314 322 105 98 679 682 275 272 145 139 136 826 953 951 949 495 496 701 702 704 851 854 862 823 365 368 710
1 3600 749
15
775 776 603 319 314 322 970 129 126 679 680 722 831 826 953
1 3600 749
25
848 775 619 601 435 395 398 440 411 401 404 687 523 517 518 536 509 293 290 891 503 504 731 497 500
1 3600 749
14
776 603 319 314 322 105 98 107 108 509 233 228 290 299
1 3600 749
22
619 601 435 432 897 877 874 925 739 740 931 443 165 162 838 473 470 482 663 259 223 226
1 3600 749
15
603 435 395 398 440 37 34 757 549 550 815 811 808 791 792
1 3600 749
17
777 619 601 319 314 322 970 129 126 679 682 275 155 147 148 728 85
1 3600 749
16
779 603 319 314 322 105 98 679 680 722 858 958 955 719 83 80
1 3600 749
16
619 601 435 395 396 404 687 523 287 281 113 114 122 733 707 703
1 3600 749
19
849 779 603 319 314 322 970 129 126 107 110 412 509 117 114 120 764 565 559
1 3600 749
29
848 775 619 601 435 432 897 894 925 739 740 835 427 428 717 714 743 744 944 311 312 631 632 694 734 766 822 964 791
1 3600 749
19
511 493 490 457 458 472 839 163 164 442 932 936 879 876 896 433 434 600 618
1 3600 53
4
650 485 475 476
1 3600 87
6
486 625 626 609 527 325
1 3600 87
10
483 471 459 460 629 569 570 576 3 8
1 3600 87
9
511 493 486 628 307 69 66 576 578
1 3600 87
13
63 56 477 474 484 491 488 820 131 134 93 88 19
1 3600 87
20
587 481 479 474 471 467 468 305 69 66 571 327 324 524 181 182 590 217 220 816
1 3600 87
7
585 481 479 474 484 491 488
1 3600 87
6
539 540 542 769 7 2
1 3600 192
14
63 58 511 493 486 625 626 898 575 181 182 588 235 219
1 3600 749
14
451 452 662 483 471 467 462 837 163 164 442 932 934 940
1 3600 357
17
490 651 307 302 543 544 449 444 716 429 426 832 930 741 738 924 875
1 3600 85
15
451 452 662 477 474 471 472 839 163 164 442 930 741 738 924
1 3600 89
7
457 454 539 469 462 837 163
1 3600 89
13
459 460 629 569 570 576 11 14 420 742 715 716 581
1 3600 89
7
481 479 474 471 472 839 836
1 3600 87
5
467 462 447 448 439
1 3600 87
14
585 481 479 474 484 651 629 625 626 609 606 908 910 903
1 3600 182
14
665 662 57 58 511 493 488 820 593 588 197 194 313 308
1 3600 749
18
56 483 484 651 307 69 64 553 554 756 35 36 441 399 394 434 600 614
1 3600 749
16
459 454 539 540 544 449 444 187 188 567 289 283 286 522 686 405
1 3600 441
15
63 56 477 474 471 467 468 305 302 769 553 554 756 35 36
1 3600 357
14
587 481 479 474 471 472 839 163 164 442 833 427 424 582
1 3600 288
24
451 452 664 585 481 479 474 484 491 486 569 327 324 526 606 908 912 942 745 742 715 187 188 759
1 3600 416
27
474 471 459 460 629 625 626 609 599 595 185 178 203 200 210 171 172 720 659 656 693 257 251 254 334 351 348
1 3600 749
24
459 460 629 569 570 576 11 12 901 815 811 697 655 656 749 737 297 298 291 292 508 109 106 127
1 3600 749
17
587 481 479 474 471 467 462 447 444 187 188 567 289 277 125 115 116
1 3600 749
29
461 456 491 488 820 605 591 588 241 239 236 171 176 640 659 656 693 688 698 753 249 49 50 231 232 508 537 519 269
1 3600 749
21
56 483 471 472 839 163 164 442 833 427 428 581 243 244 376 285 282 277 125 120 385
1 3600 749
25
939 935 933 443 165 162 836 447 448 439 436 554 549 550 815 635 632 694 734 766 365 368 712 966 771
1 3600 749
36
455 460 629 625 626 898 47 44 89 92 135 132 916 819 221 218 234 197 194 631 632 696 806 855 850 705 706 731 345 346 352 959 859 723 273 270
1 3600 749
26
57 58 511 493 486 569 570 576 11 14 420 742 715 187 188 567 289 283 281 113 118 507 504 731 497 498
1 3600 749
24
451 452 662 477 474 484 457 460 307 304 540 544 449 444 716 581 243 244 376 285 282 277 125 122
1 3600 749
4
663 259 223 226
1 3600 749
19
939 935 933 833 427 428 717 714 743 744 944 841 842 631 634 811 806 855 856
1 3600 749
33
587 481 479 474 484 651 307 69 64 553 554 756 35 36 403 404 687 521 518 536 509 293 229 230 294 891 503 504 707 703 645 642 81
1 3600 749
28
511 493 486 625 626 898 575 181 178 915 901 815 635 175 172 720 659 656 749 737 297 300 503 504 731 701 645 646
1 3600 749
23
479 474 471 472 839 163 164 442 930 835 427 424 243 244 376 285 281 113 114 122 887 883 880
1 3600 749
22
484 457 454 539 305 302 769 553 554 756 35 36 411 401 404 687 523 517 269 262 563 559
1 3600 749
16
484 491 488 820 593 588 197 192 171 174 632 696 808 965 863 855
1 3600 749
36
919 916 819 221 213 210 171 176 640 659 656 693 257 251 254 336 753 750 709 710 967 923 53 50 231 232 508 413 111 106 99 104 323 315 318 602
1 3600 140
7
612 624 487 492 510 59 62
1 3600 140
5
489 492 510 59 60
1 3600 140
8
624 628 461 458 470 475 478 480
1 3600 140
3
628 461 458
1 3600 140
10
41 42 326 568 487 490 485 475 478 480
1 3600 140
5
135 130 821 489 492
1 3600 140
6
513 510 59 56 663 453
1 3600 140
12
594 598 608 627 624 628 650 485 475 478 480 584
1 3600 140
18
180 525 325 326 570 67 68 304 469 466 470 475 478 480 584 665 453 450
1 3600 140
4
899 627 624 487
1 3600 115
6
55 17 18 89 92 135
1 3600 115
11
93 88 45 46 575 181 178 915 13 10 578
1 3600 115
5
525 325 43 40 29
1 3600 145
9
899 609 527 524 181 178 203 198 208
1 3600 145
6
130 605 217 213 214 974
1 3600 145
5
595 185 182 588 241
1 3600 145
9
327 324 524 181 178 203 198 204 974
1 3600 145
11
622 626 898 47 44 89 92 135 132 916 819
1 3600 145
10
9 2 11 12 914 179 182 590 217 213
1 3600 145
12
44 89 92 135 132 916 819 221 213 214 205 206
1 3600 749
17
725 45 42 324 526 606 908 910 903 715 716 429 426 832 932 934 940
1 3600 749
23
622 626 609 606 908 912 942 745 421 15 10 3 4 437 438 449 446 837 163 164 442 932 934
1 3600 277
22
55 41 46 575 181 178 915 547 548 555 437 438 449 446 837 163 164 442 930 741 738 924
1 3600 131
15
42 324 526 606 908 910 903 715 187 188 567 289 283 284 422
1 3600 131
13
820 593 588 197 194 843 840 945 745 742 715 716 581
1 3600 143
9
621 622 626 609 606 908 912 942 745
1 3600 143
7
9 2 578 419 420 742 904
1 3600 143
3
419 420 744
1 3600 143
7
621 622 624 628 461 454 539
1 3600 143
10
28 41 46 899 609 606 908 910 903 904
1 3600 143
3
579 11 14
1 3600 143
7
524 181 178 915 547 548 756
1 3600 143
3
576 11 12
1 3600 143
8
88 45 42 326 570 67 68 302
1 3600 135
13
626 609 599 595 185 182 588 241 239 236 193 194 631
1 3600 135
11
622 626 609 606 908 912 942 944 311 308 783
1 3600 135
7
579 11 12 901 815 635 175
1 3600 749
11
813 814 551 548 756 35 36 441 399 394 434
1 3600 749
11
325 326 570 67 64 553 554 756 35 36 403
1 3600 749
8
185 178 915 547 548 756 35 36
1 3600 416
8
568 487 490 485 482 663 259 223
1 3600 197
7
915 13 14 420 742 715 187
1 3600 202
22
91 92 135 130 605 591 588 241 239 236 171 172 720 659 656 693 257 251 254 334 351 348
1 3600 749
22
130 593 588 197 194 631 632 694 734 766 365 368 712 923 53 50 294 291 292 508 109 106
1 3600 749
14
419 420 742 715 187 188 567 289 283 286 522 686 415 111
1 3600 749
20
915 901 815 811 697 655 656 749 737 297 300 503 506 119 114 120 763 389 390 265
1 3600 749
29
16 41 42 326 570 67 68 304 469 462 837 163 164 442 833 427 424 243 244 376 285 282 277 125 120 763 383 381 378
1 3600 749
20
18 89 92 135 132 916 819 221 218 234 197 194 631 632 694 734 766 365 368 710
1 3600 749
23
569 570 576 11 12 901 815 811 806 855 850 705 703 700 497 494 948 950 952 827 137 138 146
1 3600 749
30
18 89 92 135 130 605 591 588 241 239 236 171 176 640 659 656 693 688 698 753 249 49 50 294 891 503 504 731 497 500
1 3600 749
18
725 45 46 899 609 606 908 910 903 715 187 188 567 289 283 281 113 118
1 3600 749
25
612 624 628 307 302 543 544 449 444 716 429 424 243 244 376 285 286 517 269 264 391 388 762 764 565
1 3600 749
19
621 622 626 898 575 181 178 203 200 210 171 174 634 811 808 965 863 855 856
1 3600 749
27
91 92 135 130 593 588 197 194 631 632 655 656 749 737 297 300 503 504 731 345 342 359 360 959 859 143 140
1 3600 749
14
599 573 181 178 915 901 815 811 806 855 850 705 703 645
1 3600 749
21
725 45 42 326 570 67 64 553 437 438 449 444 187 188 567 289 277 125 122 869 25
1 3600 749
19
3 4 554 756 35 36 411 401 404 687 521 269 264 379 380 384 764 565 559
1 3600 749
19
611 612 626 609 606 908 912 942 944 311 312 631 632 694 734 766 822 964 791
1 3600 749
27
216 591 183 180 525 325 326 570 67 68 304 469 464 839 163 164 442 930 741 738 924 895 896 433 434 600 618
1 3600 156
10
209 204 215 212 216 604 821 489 490 485
1 3600 74
9
201 202 179 180 574 899 627 613 610
1 3600 74
11
207 204 215 212 220 818 917 133 134 93 88
1 3600 74
7
201 202 179 184 594 598 606
1 3600 74
8
589 183 180 574 899 627 613 610
1 3600 74
9
202 179 180 572 598 608 627 623 620
1 3600 96
3
210 237 238
1 3600 749
20
591 183 178 915 13 10 3 6 553 437 438 449 446 837 163 164 442 932 934 940
1 3600 749
18
215 210 193 194 313 310 945 745 742 715 716 429 426 834 741 738 924 895
1 3600 749
24
209 199 200 210 193 194 843 840 945 745 421 15 10 3 4 437 438 449 446 837 163 164 442 833
1 3600 325
14
199 200 210 171 174 634 814 551 548 555 437 438 449 446
1 3600 52
13
239 236 193 194 313 310 945 745 421 418 579 3 6
1 3600 73
6
218 234 197 194 313 308
1 3600 73
10
916 819 221 218 234 197 192 171 176 638
1 3600 73
8
916 819 221 218 234 197 194 843
1 3600 749
20
240 589 592 821 489 490 457 458 467 464 839 163 164 442 932 936 879 876 896 920
1 3600 749
12
210 171 174 634 814 551 548 756 35 36 441 399
1 3600 749
26
204 215 210 171 172 720 659 656 693 688 698 753 249 49 50 231 228 292 508 537 519 520 686 405 400 408
1 3600 749
12
240 589 592 821 489 490 485 475 476 663 259 223
1 3600 357
12
591 183 184 594 598 606 908 910 903 715 187 188
1 3600 202
16
221 218 234 241 239 236 171 172 720 659 656 693 257 251 252 978
1 3600 749
32
221 218 234 197 194 631 175 176 640 659 656 693 257 251 254 334 675 672 297 300 503 504 731 345 342 355 352 959 859 723 681 684
1 3600 749
22
239 236 193 194 631 632 694 734 766 365 368 712 923 53 50 231 232 508 537 519 516 522
1 3600 749
15
197 194 843 840 945 745 742 715 187 190 560 758 567 289 277
1 3600 749
15
975 215 212 216 604 821 489 492 510 59 56 663 259 223 224
1 3600 749
16
213 210 171 172 720 659 656 749 737 673 670 709 710 771 772 53
1 3600 749
21
133 130 605 591 588 197 194 631 634 811 806 855 850 705 703 700 345 342 893 357 360
1 3600 749
24
209 199 200 210 171 176 640 659 656 693 257 251 254 334 675 672 297 300 503 504 731 345 342 359
1 3600 749
26
221 216 591 183 180 525 325 326 570 67 68 302 543 544 449 444 716 581 243 244 376 285 281 113 114 122
1 3600 749
16
205 199 202 915 547 548 756 35 36 403 404 687 521 269 262 563
1 3600 749
11
975 215 210 193 194 631 632 696 808 791 792
1 3600 749
19
221 218 234 197 194 631 632 694 734 766 822 863 855 850 705 703 645 648 87
1 3600 749
24
207 204 215 210 171 172 720 659 656 693 688 698 753 249 49 50 294 891 503 504 707 703 645 646
1 3600 749
21
209 199 200 210 171 176 640 659 656 749 737 297 300 503 504 731 701 77 70 885 880
1 3600 749
17
202 915 13 14 420 742 715 187 188 567 289 277 125 120 764 565 559
1 3600 749
9
975 215 210 171 174 634 811 808 791
1 3600 108
11
941 935 936 929 875 876 896 433 434 602 778
1 3600 749
11
941 935 933 443 165 162 836 463 468 538 455
1 3600 749
23
941 935 936 927 739 740 931 443 165 162 836 447 448 545 542 303 306 461 456 491 488 820 131
1 3600 749
19
941 935 933 833 427 428 717 714 743 744 944 841 842 195 192 211 214 205 206
1 3600 53
4
941 935 936 879
1 3600 394
4
941 935 936 929
1 3600 749
6
941 935 933 443 165 162
1 3600 749
14
941 935 936 927 739 740 931 443 165 162 836 447 448 439
1 3600 749
14
941 935 933 833 427 428 717 714 743 744 944 311 308 529
1 3600 63
19
941 935 936 879 876 896 433 395 396 404 781 417 111 106 127 128 971 323 320
1 3600 166
6
941 935 936 929 895 896
1 3600 681
12
941 935 936 927 924 875 876 896 433 395 398 440
1 3600 749
8
941 935 933 930 835 427 424 582
1 3600 749
26
941 935 936 879 876 896 433 395 396 404 687 523 517 518 536 509 233 230 51 52 773 770 711 369 364 822
1 3600 749
25
941 935 936 929 895 896 433 395 396 404 687 521 518 536 509 293 290 299 296 673 670 751 249 246 338
1 3600 499
14
941 935 936 879 876 896 433 395 396 404 415 111 106 99
1 3600 624
15
941 935 936 927 739 740 835 427 424 243 244 376 285 286 517
1 3600 749
11
941 935 933 833 427 428 581 243 244 376 285
1 3600 749
19
941 935 936 929 875 876 896 433 395 396 404 687 521 269 264 379 380 382 762
1 3600 749
24
941 935 933 443 165 162 836 447 448 439 436 554 549 550 815 811 697 694 734 766 365 368 712 923
1 3600 749
23
941 935 936 879 876 896 433 395 398 440 411 401 404 781 417 111 106 679 682 275 272 722 858
1 3600 749
21
941 935 936 927 739 740 835 427 424 243 244 376 285 281 113 118 507 504 731 497 498
1 3600 749
17
941 935 936 879 876 896 433 395 396 404 687 521 518 536 509 233 230
1 3600 749
17
941 935 933 443 165 162 838 473 470 475 478 480 584 665 259 223 226
1 3600 749
22
941 935 936 927 739 740 835 427 428 581 243 244 376 285 281 113 114 122 733 707 704 860
1 3600 749
19
941 935 936 929 895 896 433 395 396 404 415 111 106 679 680 145 148 169 166
1 3600 749
22
941 935 933 833 427 424 243 244 376 285 282 277 125 115 118 507 504 731 701 645 646 956
1 3600 749
23
941 935 936 879 876 896 433 395 398 440 403 404 687 523 517 518 536 509 117 114 122 869 870
1 3600 749
19
941 935 933 833 427 428 581 243 244 376 285 281 113 114 120 764 565 559 556
1 3600 749
23
941 935 936 927 739 740 931 443 165 162 836 447 448 439 436 554 549 550 815 811 808 791 788
1 3600 182
5
876 896 433 434 602
1 3600 258
13
874 925 739 740 931 443 165 162 838 465 466 470 482
1 3600 576
15
935 933 833 427 428 717 714 902 911 909 607 527 325 43 40
1 3600 749
24
874 925 739 740 931 443 165 162 838 465 468 305 69 66 571 327 324 524 181 182 590 217 213 214
1 3600 80
4
878 937 934 940
1 3600 129
4
877 878 937 934
1 3600 32
5
894 925 739 740 835
1 3600 234
7
894 925 739 740 835 427 428
1 3600 499
14
877 874 925 739 740 835 427 428 717 445 448 439 436 554
1 3600 749
10
935 933 833 427 428 717 714 743 744 944
1 3600 108
6
876 896 433 434 319 316
1 3600 46
5
876 896 433 395 396
1 3600 127
12
935 936 929 875 876 896 433 395 398 440 411 406
1 3600 499
16
874 925 739 740 931 443 165 162 836 463 466 470 475 476 663 259
1 3600 749
10
894 925 739 740 835 427 428 717 187 190
1 3600 749
15
896 433 395 396 404 781 417 412 509 293 290 295 51 48 248
1 3600 468
12
935 936 879 876 896 433 434 319 314 322 105 102
1 3600 325
8
896 433 395 398 440 411 401 404
1 3600 416
12
896 433 395 396 404 687 521 518 536 509 117 114
1 3600 749
17
878 937 933 443 165 162 838 473 470 475 478 480 584 665 259 223 224
1 3600 749
32
894 925 739 740 931 443 165 162 836 447 448 439 436 552 7 2 11 12 901 815 811 697 655 656 693 257 251 254 336 753 750 754
1 3600 749
14
896 433 395 398 440 403 404 415 111 106 679 682 275 272
1 3600 749
21
935 933 833 427 424 243 244 376 285 282 277 125 115 118 507 504 731 345 342 893 357
1 3600 749
16
896 433 395 396 404 687 523 517 518 536 509 233 228 290 891 503
1 3600 749
10
896 433 395 396 404 687 521 269 262 563
1 3600 749
21
874 925 739 740 931 443 165 162 836 447 448 439 436 554 549 550 815 811 808 791 792
1 3600 749
25
935 933 833 427 424 243 244 376 285 281 113 114 122 733 731 497 500 666 948 950 952 827 828 159 160
1 3600 749
19
896 433 434 319 314 322 105 98 679 680 273 155 147 139 136 826 719 649 642
1 3600 749
17
935 933 833 427 428 581 243 244 376 285 282 277 125 122 887 883 884
1 3600 749
20
896 433 395 398 440 411 401 404 687 523 517 269 264 391 388 762 764 565 559 556
1 3600 749
26
874 925 739 740 931 443 165 162 836 463 468 540 542 769 7 2 11 12 901 815 811 806 862 964 791 788
1 3600 624
12
930 741 738 924 895 896 433 434 600 618 774 849
1 3600 66
12
740 931 443 165 162 838 465 468 538 455 456 491
1 3600 197
12
835 427 428 717 714 902 911 909 607 599 595 596
1 3600 749
19
931 443 165 162 838 465 468 305 69 66 571 327 324 524 181 182 590 217 220
1 3600 624
4
928 937 934 940
1 3600 34
4
925 926 937 934
1 3600 105
3
739 740 931
1 3600 26
7
933 443 165 162 836 463 464
1 3600 129
9
740 835 427 428 717 445 448 545 542
1 3600 535
14
427 428 717 714 743 744 944 311 312 631 175 176 638 795
1 3600 374
9
741 738 924 875 876 896 433 434 319
1 3600 108
12
833 427 424 243 244 376 285 286 522 686 405 400
1 3600 48
7
924 895 896 433 395 398 440
1 3600 127
11
933 443 165 162 838 473 470 482 663 259 260
1 3600 299
21
739 740 931 443 165 162 836 447 448 439 436 554 549 550 815 635 632 694 734 766 822
1 3600 624
17
740 835 427 428 717 714 743 744 944 841 842 631 632 655 656 693 690
1 3600 749
10
879 876 896 433 434 319 314 322 105 102
1 3600 394
13
937 933 833 427 428 581 243 244 376 285 281 113 116
1 3600 288
9
937 933 833 427 424 243 244 376 285
1 3600 535
15
933 833 427 428 581 243 244 376 285 282 277 125 120 385 386
1 3600 749
19
924 875 876 896 433 395 396 404 781 417 111 108 509 293 229 230 51 52 773
1 3600 749
16
427 424 243 244 376 285 286 522 686 415 111 106 679 682 275 272
1 3600 749
15
427 424 243 244 376 285 281 113 118 507 504 731 497 498 669
1 3600 749
15
936 929 895 896 433 395 396 404 687 521 518 536 509 233 228
1 3600 749
13
427 428 581 243 244 376 285 282 277 125 120 764 565
1 3600 749
17
933 443 165 162 836 447 448 439 436 554 549 550 815 811 808 791 792
1 3600 749
21
427 424 243 244 376 285 281 113 114 122 869 870 872 73 76 645 642 81 78 84 167
1 3600 749
19
835 427 428 581 243 244 376 285 282 277 125 115 118 507 504 707 703 645 646
1 3600 749
14
427 424 243 244 376 285 281 113 114 122 887 883 884 71
1 3600 749
16
879 876 896 433 395 398 440 403 404 687 523 517 269 262 563 559
1 3600 749
20
832 443 165 162 836 463 468 305 69 66 576 11 12 901 815 811 806 862 964 791
1 3600 749
14
468 540 542 769 553 554 756 35 36 441 399 394 434 602
1 3600 25
12
428 717 445 448 545 541 305 306 650 485 475 478
1 3600 49
12
717 714 902 911 909 607 608 898 47 44 89 90
1 3600 340
16
165 162 838 465 468 305 69 66 571 327 324 524 181 182 590 217
1 3600 749
7
839 163 164 442 932 934 940
1 3600 277
6
580 429 426 832 932 934
1 3600 28
5
425 426 832 932 936
1 3600 85
6
465 462 447 444 716 429
1 3600 29
3
717 445 448
1 3600 29
8
717 445 448 439 436 554 756 35
1 3600 138
9
717 714 743 744 944 311 312 631 175
1 3600 749
21
462 447 444 187 188 567 289 283 286 522 686 781 417 111 106 99 104 323 315 318 600
1 3600 374
11
580 429 426 834 741 738 924 875 876 896 433
1 3600 111
3
243 244 374
1 3600 48
15
429 426 832 443 165 162 838 465 466 470 475 476 663 259 223
1 3600 74
10
836 447 448 439 436 554 756 35 38 328
1 3600 208
12
423 285 282 277 125 115 116 293 290 299 296 673
1 3600 749
13
428 581 243 244 376 285 286 522 686 415 111 106 679
1 3600 681
12
836 447 444 187 188 567 289 283 286 522 686 781
1 3600 357
11
442 833 427 424 243 244 376 285 281 113 114
1 3600 374
18
468 540 544 449 444 187 188 567 289 277 125 120 763 389 390 265 266 370
1 3600 749
20
836 447 448 439 436 5 2 11 12 901 815 635 632 694 734 766 365 368 710 967
1 3600 749
16
581 243 244 376 285 281 113 118 507 504 731 497 494 948 950 952
1 3600 749
25
468 540 542 769 553 554 756 35 36 411 401 404 687 521 518 536 509 233 228 290 891 503 504 731 497
1 3600 749
12
447 444 187 188 567 289 277 125 115 116 293 229
1 3600 749
17
425 426 832 443 165 162 838 473 470 475 478 480 584 665 259 223 226
1 3600 749
13
717 714 743 744 944 841 842 631 632 696 806 855 856
1 3600 749
17
581 243 244 376 285 286 522 686 781 417 111 106 679 680 145 148 169
1 3600 749
18
465 468 305 69 66 576 11 12 901 815 811 806 855 850 705 703 645 646
1 3600 749
14
442 833 427 424 243 244 376 285 281 113 114 122 887 888
1 3600 749
14
465 462 447 444 187 188 567 289 277 125 120 764 565 559
1 3600 749
16
581 243 244 376 285 281 113 118 507 504 731 701 702 704 851 852
1 3600 749
9
35 36 441 399 394 434 600 618 774
1 3600 48
13
761 757 555 552 768 303 306 461 458 470 482 57 60
1 3600 63
8
714 902 911 909 607 599 595 185
1 3600 63
7
65 66 571 327 324 524 572
1 3600 63
11
714 902 911 909 607 527 325 43 40 17 20
1 3600 63
6
546 914 179 180 574 47
1 3600 72
13
448 545 542 303 69 66 571 327 324 524 181 182 588
1 3600 749
11
437 438 449 446 837 163 164 442 932 934 940
1 3600 749
12
548 555 437 438 449 446 837 163 164 442 932 934
1 3600 187
12
10 577 67 68 304 469 464 839 163 164 442 930
1 3600 76
13
912 942 745 421 15 10 3 6 768 543 541 469 464
1 3600 76
5
445 446 837 163 164
1 3600 76
10
905 743 421 418 579 577 67 68 304 469
1 3600 76
5
552 768 543 541 469
1 3600 39
7
769 7 2 11 14 420 742
1 3600 65
7
2 578 419 420 742 904 906
1 3600 65
8
905 743 744 944 311 308 529 532
1 3600 65
8
911 912 942 944 311 308 529 532
1 3600 65
11
542 303 69 66 576 11 14 420 744 944 311
1 3600 65
3
549 550 815
1 3600 749
14
12 547 548 756 35 36 403 404 415 111 106 127 128 972
1 3600 749
10
769 553 554 756 35 36 441 399 394 432
1 3600 325
9
544 449 444 187 188 567 289 283 284
1 3600 92
8
306 650 485 475 476 663 259 223
1 3600 71
7
769 553 554 756 35 38 328
1 3600 71
9
757 549 546 13 14 420 742 715 187
1 3600 71
6
436 554 756 35 38 328
1 3600 44
11
550 815 635 175 172 720 659 656 693 688 698
1 3600 749
23
942 944 311 312 631 632 655 656 749 737 297 300 503 504 731 345 346 352 959 859 723 273 274
1 3600 749
11
449 444 187 188 567 289 277 125 115 116 508
1 3600 535
19
550 815 811 697 694 734 766 365 368 712 923 53 50 294 891 503 506 119 112
1 3600 374
15
553 554 756 35 36 411 401 404 687 523 517 269 264 379 380
1 3600 441
21
757 549 550 815 635 175 172 720 659 656 693 257 251 254 336 753 750 709 710 771 772
1 3600 749
31
12 901 815 811 697 655 656 693 688 698 97 94 341 247 49 50 294 891 503 504 731 345 342 359 360 955 827 137 138 146 150
1 3600 749
18
35 36 403 404 687 521 518 536 509 233 228 290 891 503 504 731 345 346
1 3600 749
7
187 188 567 289 277 125 122
1 3600 749
15
35 36 411 401 404 687 523 517 269 264 391 388 762 764 565
1 3600 749
20
439 436 5 2 578 419 420 744 944 841 842 631 632 694 734 766 822 863 855 856
1 3600 749
32
66 571 327 324 524 181 182 588 241 239 236 171 176 640 659 656 749 737 297 300 503 504 731 497 500 666 948 950 952 719 87 84
1 3600 749
15
912 942 944 311 312 631 632 696 806 855 850 705 703 645 646
1 3600 749
34
541 538 455 456 491 488 820 593 588 241 239 236 171 172 720 659 656 693 257 251 254 336 753 249 49 50 294 891 503 504 707 75 72 873
1 3600 749
11
39 36 403 404 687 521 269 262 563 559 556
1 3600 749
14
743 744 944 841 842 631 632 694 734 766 822 863 855 852
1 3600 749
22
192 171 176 640 659 656 749 737 297 298 291 292 508 413 111 106 99 104 323 315 318 602
1 3600 192
18
641 177 174 634 814 900 13 10 577 571 568 628 461 458 470 475 478 480
1 3600 82
11
660 309 312 195 196 235 219 220 818 917 918
1 3600 82
8
633 630 195 196 589 183 180 574
1 3600 94
7
528 309 312 195 196 589 590
1 3600 94
12
907 905 743 421 15 12 914 203 200 212 220 818
1 3600 94
3
312 195 196
1 3600 749
16
313 310 945 745 742 715 716 429 426 834 741 738 926 937 934 940
1 3600 749
11
907 905 715 716 429 426 834 741 738 924 875
1 3600 681
17
721 173 174 634 814 551 548 555 437 438 449 446 837 163 164 442 833
1 3600 170
13
843 840 945 745 421 15 10 3 4 437 438 449 446
1 3600 109
7
634 814 900 13 10 577 67
1 3600 109
12
238 240 589 183 180 525 325 326 570 67 68 302
1 3600 109
10
196 589 592 821 489 490 651 461 454 539
1 3600 109
8
907 905 743 421 418 579 3 6
1 3600 109
7
309 310 841 842 631 634 814
1 3600 109
4
945 943 913 910
1 3600 109
13
531 528 309 310 945 745 421 15 12 547 548 756 35
1 3600 109
3
696 810 814
1 3600 109
12
787 782 309 310 945 745 421 15 10 3 4 437
1 3600 96
7
654 633 630 313 308 529 530
1 3600 96
6
193 194 313 308 529 532
1 3600 749
22
631 632 694 734 766 365 368 712 923 53 50 231 232 508 109 106 127 128 971 323 315 316
1 3600 749
21
720 659 656 693 257 251 254 334 675 672 297 298 291 292 508 537 519 520 686 405 400
1 3600 749
9
842 631 634 814 551 548 756 35 36
1 3600 357
19
653 658 641 177 170 237 238 240 589 590 604 821 489 492 510 59 56 663 259
1 3600 62
8
309 310 945 745 742 715 187 188
1 3600 97
9
655 656 693 257 251 254 334 351 348
1 3600 97
8
194 631 632 694 734 766 365 362
1 3600 97
8
653 656 693 688 698 753 750 709
1 3600 97
8
640 659 654 696 808 965 823 365
1 3600 97
15
531 528 309 312 631 175 172 720 659 656 693 688 698 97 94
1 3600 749
19
632 694 734 766 365 368 710 967 923 53 50 231 232 508 413 111 106 99 102
1 3600 749
14
192 171 172 720 659 656 749 737 297 298 291 292 508 109
1 3600 749
16
531 528 309 310 945 745 742 715 187 188 567 289 283 281 113 114
1 3600 749
25
782 309 312 195 196 589 183 184 594 598 608 627 624 628 650 485 475 478 480 584 665 259 223 224 864
1 3600 357
11
653 656 693 257 251 254 334 675 670 709 710
1 3600 749
15
841 842 631 634 811 806 855 850 705 706 731 345 346 352 959
1 3600 749
15
528 309 312 631 632 696 808 965 863 855 850 705 703 700 497
1 3600 749
21
236 171 176 640 659 656 693 688 698 753 249 49 50 231 232 117 114 120 764 565 562
1 3600 749
14
632 655 656 749 737 297 300 503 506 119 114 120 764 565
1 3600 749
8
841 842 631 634 811 806 855 856
1 3600 749
27
637 640 659 656 693 257 251 254 336 753 249 49 50 294 891 503 504 731 497 494 948 950 952 827 828 159 156
1 3600 749
15
531 528 309 312 631 632 696 806 855 850 705 703 645 646 956
1 3600 749
22
531 528 309 312 631 175 172 720 659 656 749 737 297 300 503 504 732 869 25 22 885 880
1 3600 749
18
533 528 309 310 945 745 742 715 187 188 567 289 277 125 120 764 565 559
1 3600 749
3
811 808 791
1 3600 576
4
317 318 600 618
1 3600 749
26
617 601 319 314 322 970 129 126 107 110 414 405 400 410 37 34 757 555 552 65 66 571 568 487 492 510
1 3600 749
21
973 129 126 107 110 416 780 405 402 37 34 757 549 546 914 179 182 592 131 132 918
1 3600 749
24
321 322 105 98 107 108 509 293 290 299 296 673 674 335 255 250 256 692 657 658 721 173 170 211
1 3600 104
10
317 318 435 432 897 877 878 937 934 940
1 3600 119
12
973 129 126 107 110 414 405 397 394 432 897 877
1 3600 374
14
321 322 105 98 107 110 416 780 405 397 394 432 897 894
1 3600 749
14
921 433 395 398 440 37 34 757 555 437 438 449 446 837
1 3600 749
19
317 314 322 970 129 126 107 110 414 687 523 287 282 288 566 189 186 714 743
1 3600 749
19
319 314 322 105 98 107 110 412 509 233 230 51 48 248 752 699 689 692 657
1 3600 99
4
315 318 600 614
1 3600 61
3
601 435 395
1 3600 61
4
921 433 395 398
1 3600 288
6
921 433 395 396 400 408
1 3600 749
30
601 319 314 322 105 98 107 110 416 780 687 523 287 282 288 566 189 186 445 448 545 541 538 455 458 470 482 663 259 260
1 3600 749
25
617 601 319 314 322 970 129 126 679 682 275 272 722 858 958 361 358 343 344 701 702 704 851 854 862
1 3600 749
17
617 601 319 314 322 105 98 107 108 509 293 290 299 296 673 674 335
1 3600 38
7
321 322 970 129 126 679 682
1 3600 87
6
317 314 322 105 98 107
1 3600 299
13
319 314 322 970 129 126 107 110 414 687 523 287 282
1 3600 749
9
921 433 395 396 404 687 521 269 266
1 3600 749
24
322 105 98 679 680 273 155 147 139 136 826 953 951 949 667 501 496 730 505 502 890 295 51 52
1 3600 249
13
921 433 395 396 404 781 417 111 106 679 682 275 155
1 3600 749
13
317 314 322 970 129 126 679 680 722 858 958 361 356
1 3600 535
17
317 314 322 105 98 679 682 275 272 722 858 958 353 354 343 344 730
1 3600 749
31
321 322 970 129 126 107 110 416 780 405 400 410 37 34 757 555 552 768 303 306 461 456 485 475 478 480 584 665 259 223 226
1 3600 749
18
321 322 105 98 679 680 145 148 728 85 79 80 643 644 702 704 851 856
1 3600 749
12
314 322 970 129 126 679 682 275 155 147 148 728
1 3600 749
11
973 129 126 679 680 722 831 826 719 649 646
1 3600 749
22
601 319 314 322 105 98 679 682 275 272 722 143 136 826 719 649 644 77 72 889 883 880
1 3600 749
14
321 322 105 98 107 110 412 509 117 114 120 764 565 559
1 3600 749
19
321 322 970 129 126 679 680 145 139 136 826 953 951 949 495 496 730 707 704
1 3600 749
4
397 394 434 602
1 3600 576
15
398 440 37 34 757 555 552 65 68 306 461 458 470 475 476
1 3600 749
15
398 440 37 34 757 549 546 914 179 182 590 604 131 132 918
1 3600 749
14
395 398 440 37 34 757 549 546 914 203 200 212 220 818
1 3600 267
8
431 432 897 877 878 937 934 940
1 3600 49
3
431 432 897
1 3600 107
8
431 432 897 894 925 739 740 835
1 3600 340
14
399 396 404 687 523 287 284 377 245 242 425 426 832 443
1 3600 576
10
431 395 398 440 37 34 757 555 552 768
1 3600 749
15
433 395 398 440 37 34 757 549 550 815 635 630 313 308 783
1 3600 29
11
399 396 404 415 111 106 127 128 971 323 320
1 3600 110
3
401 397 394
1 3600 34
7
401 404 687 523 287 284 377
1 3600 312
19
401 404 687 523 287 282 288 566 189 186 445 446 463 466 470 482 663 259 223
1 3600 681
20
431 395 396 404 687 523 517 518 536 509 233 230 51 52 922 713 369 364 822 863
1 3600 749
19
399 396 404 687 521 518 536 509 293 290 299 296 673 674 335 255 250 256 690
1 3600 97
5
404 781 417 111 106
1 3600 36
5
433 395 396 404 781
1 3600 85
12
433 395 396 404 687 523 517 518 536 509 117 114
1 3600 441
8
404 687 521 269 264 379 380 382
1 3600 749
14
440 403 404 687 523 517 518 536 509 233 230 51 52 773
1 3600 340
21
431 395 396 404 687 521 518 536 509 293 290 891 503 504 731 345 342 893 357 360 955
1 3600 576
14
396 404 415 412 509 233 228 290 891 503 504 731 497 500
1 3600 288
8
404 687 521 518 536 509 293 229
1 3600 749
22
432 897 877 874 925 739 740 931 443 165 162 838 473 470 475 478 480 584 665 259 223 226
1 3600 749
25
395 398 440 411 401 404 781 417 111 108 509 233 228 290 299 296 673 670 709 369 364 822 964 791 792
1 3600 749
17
395 396 404 687 523 517 518 536 509 117 114 122 733 731 701 645 648
1 3600 749
15
404 687 521 518 536 509 293 290 891 503 504 707 703 645 646
1 3600 749
13
433 395 396 404 415 412 509 117 114 122 869 870 872
1 3600 749
9
404 687 523 517 269 262 563 559 556
1 3600 749
17
401 404 687 521 518 536 509 233 230 294 891 503 504 707 704 851 852
1 3600 749
19
375 376 285 286 522 686 781 417 111 106 99 104 323 315 318 600 618 776 778
1 3600 325
19
409 410 37 34 757 555 552 65 66 571 568 487 492 510 59 56 663 453 450
1 3600 468
15
407 401 402 37 34 757 555 5 2 577 571 568 487 492 514
1 3600 749
17
245 242 580 717 714 902 911 909 607 527 325 43 44 89 92 135 132
1 3600 749
7
242 425 426 832 932 934 940
1 3600 127
6
441 399 394 432 897 877
1 3600 45
7
407 401 397 394 432 897 894
1 3600 96
10
403 404 687 523 287 284 377 245 242 580
1 3600 208
5
242 580 717 714 902
1 3600 681
9
242 580 717 714 743 744 944 841 842
1 3600 258
7
407 401 397 394 434 319 316
1 3600 33
4
409 401 397 398
1 3600 127
7
376 285 286 522 686 405 402
1 3600 38
24
409 401 404 687 523 287 282 288 566 189 186 445 448 545 541 538 455 456 485 475 476 663 259 260
1 3600 208
6
376 285 282 288 566 759
1 3600 535
16
411 401 404 687 523 517 518 536 509 293 229 230 51 48 248 752
1 3600 374
8
409 401 404 415 111 106 99 102
1 3600 93
5
407 401 404 687 521
1 3600 36
12
244 376 285 281 113 114 120 763 383 381 378 265
1 3600 120
8
403 404 687 523 517 269 266 370
1 3600 749
10
376 285 281 113 118 507 502 890 295 51
1 3600 681
13
407 401 404 781 417 111 106 679 682 275 272 722 143
1 3600 749
11
375 376 285 282 277 125 122 733 731 497 498
1 3600 227
7
409 401 404 687 521 269 262
1 3600 749
14
407 401 404 687 523 517 269 264 391 392 387 384 764 565
1 3600 749
18
376 285 281 113 118 507 502 301 296 673 670 709 369 364 822 964 791 792
1 3600 749
14
244 376 285 282 277 125 122 887 888 73 74 703 645 648
1 3600 749
11
375 376 285 281 113 114 122 733 731 701 645
1 3600 749
9
376 285 282 277 125 122 869 25 22
1 3600 749
14
411 401 404 687 521 269 264 379 380 384 764 565 559 556
1 3600 749
11
376 285 281 113 118 507 504 707 704 851 852
1 3600 749
23
867 225 222 258 662 483 471 472 839 163 164 442 930 741 738 924 895 896 433 434 602 778 848
1 3600 249
3
261 258 664
1 3600 258
16
583 425 426 832 443 165 162 836 463 466 459 460 650 491 492 514
1 3600 749
11
258 662 57 58 511 493 488 820 605 217 213
1 3600 749
17
222 258 664 585 481 479 474 471 467 464 839 163 164 442 932 934 940
1 3600 499
15
867 225 222 258 662 477 474 471 472 839 163 164 442 932 934
1 3600 115
17
867 225 222 258 664 585 481 479 474 471 467 462 837 163 164 442 932
1 3600 40
14
222 258 662 483 484 651 307 302 543 544 449 444 716 581
1 3600 58
16
867 225 222 258 662 57 58 511 493 486 625 626 609 606 908 910
1 3600 249
8
583 580 717 714 743 744 944 311
1 3600 749
24
867 225 222 258 664 585 481 479 474 471 459 460 307 69 64 553 554 756 35 36 441 399 394 434
1 3600 288
19
261 258 662 477 474 471 472 839 163 164 442 930 741 738 924 895 896 433 430
1 3600 37
18
222 258 662 483 484 457 454 539 540 544 449 444 187 188 567 289 283 284
1 3600 138
18
258 662 57 58 511 493 486 569 570 576 11 14 420 742 715 716 581 582
1 3600 25
18
261 258 664 585 481 479 474 484 651 307 69 64 553 554 756 35 38 330
1 3600 159
26
867 225 222 258 662 57 58 511 493 488 820 593 588 241 239 236 171 172 720 659 656 693 257 251 254 332
1 3600 749
27
261 258 664 585 481 479 474 471 459 454 539 540 544 449 444 187 188 567 289 283 286 522 686 415 111 106 679
1 3600 357
19
261 258 662 477 474 471 467 462 447 444 187 188 567 289 283 286 522 686 781
1 3600 91
26
258 662 483 484 457 460 629 569 570 576 11 14 420 742 715 187 188 567 289 277 125 120 385 381 378 265
1 3600 50
33
867 225 222 258 664 585 481 479 474 471 459 460 629 625 626 609 606 908 910 903 715 187 190 560 758 567 289 277 125 120 763 383 386
1 3600 535
28
583 425 426 832 443 165 162 836 447 448 439 436 5 2 11 12 901 815 811 697 694 734 766 365 368 712 923 53
1 3600 749
27
261 258 662 57 58 511 493 486 569 570 576 11 12 901 815 811 806 855 850 705 706 731 345 346 352 955 827
1 3600 749
33
258 662 477 474 484 491 488 820 605 591 588 197 194 631 632 694 734 766 365 368 710 771 772 53 50 294 891 503 504 731 345 342 893
1 3600 312
27
222 258 662 57 58 511 493 488 820 593 588 241 239 236 171 176 640 659 656 749 737 297 300 503 504 731 345
1 3600 681
24
222 258 664 585 481 479 474 471 459 454 539 540 544 449 444 187 188 567 289 277 125 120 764 565
1 3600 749
20
222 258 662 483 484 651 629 569 570 576 11 12 901 815 811 808 965 863 855 856
1 3600 749
47
222 258 664 585 481 479 474 471 459 460 629 625 626 898 575 181 182 588 197 192 171 172 720 659 656 693 688 698 753 249 49 50 294 891 503 504 731 497 500 666 948 950 952 827 137 140 158
1 3600 749
26
867 225 222 258 662 477 474 484 457 460 629 569 570 576 11 12 901 815 811 806 855 850 705 703 645 646
1 3600 749
10
583 243 244 376 285 281 113 114 122 869
1 3600 749
24
222 258 662 483 484 651 307 69 64 553 554 756 35 36 403 404 687 523 517 269 262 563 559 556
1 3600 749
19
258 662 57 58 511 493 488 820 605 591 588 197 194 631 632 696 808 791 788
1 3600 749
9
331 39 36 441 399 394 434 600 618
1 3600 267
9
758 189 186 445 448 545 541 538 455
1 3600 159
18
807 697 633 630 195 196 235 219 220 818 917 133 134 93 88 19 16 54
1 3600 394
6
809 810 635 175 170 211
1 3600 749
23
823 767 735 695 696 810 814 900 13 10 577 67 68 304 469 464 839 163 164 442 932 934 940
1 3600 749
9
186 716 429 426 834 741 738 924 875
1 3600 340
12
561 191 186 716 429 426 834 741 738 924 928 937
1 3600 79
5
758 189 186 716 429
1 3600 19
8
186 445 448 439 436 554 756 760
1 3600 54
6
189 186 714 743 744 944
1 3600 749
15
567 289 283 286 522 686 781 417 111 106 127 128 971 323 315
1 3600 749
8
289 283 286 522 686 405 397 398
1 3600 258
18
965 823 365 368 712 923 53 50 231 232 508 537 519 520 686 405 400 408
1 3600 32
14
329 39 34 757 549 546 13 14 420 742 715 716 581 582
1 3600 70
9
331 39 34 757 549 550 815 811 806
1 3600 31
18
329 39 34 757 549 550 815 811 697 655 656 693 257 251 254 334 351 348
1 3600 31
4
823 365 368 708
1 3600 749
17
862 823 365 368 708 671 672 297 298 291 292 508 413 111 106 127 128
1 3600 749
7
331 39 36 411 401 404 687
1 3600 277
3
289 277 125
1 3600 101
6
289 283 281 113 114 120
1 3600 115
18
329 39 34 757 549 550 815 811 697 694 734 766 365 368 710 771 772 53
1 3600 749
14
863 855 850 705 703 700 345 342 359 360 959 859 723 273
1 3600 749
13
758 567 289 277 125 115 118 507 504 731 345 342 893
1 3600 468
10
862 823 365 368 712 923 53 50 231 228
1 3600 749
19
964 809 810 814 900 13 10 577 571 568 487 492 510 59 56 663 259 223 226
1 3600 749
19
758 189 186 714 743 744 944 841 842 631 632 694 734 766 822 863 855 850 860
1 3600 749
18
188 567 289 283 281 113 114 122 733 731 497 494 948 950 952 719 83 78
1 3600 749
12
289 277 125 115 118 507 504 731 701 645 646 956
1 3600 749
20
331 39 36 403 404 687 521 518 536 509 233 228 290 891 503 504 707 75 70 23
1 3600 749
10
567 289 283 281 113 114 120 764 565 559
1 3600 749
14
189 186 714 743 744 944 841 842 631 632 696 806 855 852
1 3600 749
16
737 297 298 291 292 508 109 106 99 104 323 315 318 602 777 774
1 3600 441
18
672 736 748 657 658 641 177 170 237 238 240 589 592 821 489 492 510 59
1 3600 187
13
748 657 658 721 173 170 211 201 202 179 180 525 526
1 3600 267
11
253 250 256 692 657 654 633 630 195 192 211
1 3600 749
21
736 748 657 654 696 810 814 551 548 555 437 438 449 446 837 163 164 442 932 934 940
1 3600 749
25
364 767 735 695 696 810 814 900 13 10 577 67 68 304 469 462 837 163 164 442 930 741 738 924 875
1 3600 749
16
695 633 634 814 551 548 555 437 438 449 446 837 163 164 442 930
1 3600 258
26
333 255 250 256 692 657 658 641 177 170 237 238 240 589 183 180 574 899 627 624 628 461 458 472 839 163
1 3600 125
13
699 689 692 657 654 633 630 843 840 945 943 913 910
1 3600 125
16
752 699 689 692 657 654 696 810 814 900 13 10 3 6 768 303
1 3600 125
17
736 748 657 658 721 173 174 630 843 840 945 745 421 418 579 3 6
1 3600 137
9
333 255 250 256 692 657 658 721 173
1 3600 137
14
96 337 255 250 256 692 657 654 633 630 313 308 783 786
1 3600 137
8
691 692 657 658 641 177 174 630
1 3600 137
5
736 748 657 658 641
1 3600 137
11
96 753 750 709 369 364 767 735 695 696 810
1 3600 137
12
349 350 335 255 250 256 692 657 658 641 638 795
1 3600 137
11
339 340 95 96 699 689 692 657 658 641 636
1 3600 749
15
249 49 50 231 232 508 413 111 106 127 128 971 323 315 316
1 3600 749
12
767 735 695 696 810 814 551 548 756 35 36 441
1 3600 749
14
254 334 675 672 297 300 503 506 119 112 280 284 377 374
1 3600 234
23
369 364 767 735 695 633 630 195 196 589 590 604 821 489 490 485 475 478 480 584 665 259 260
1 3600 125
21
751 752 337 255 250 256 692 657 654 633 630 843 840 945 943 913 910 903 715 187 190
1 3600 125
13
363 364 822 863 807 810 814 551 548 756 35 38 328
1 3600 125
11
735 695 633 630 843 840 945 745 742 715 187
1 3600 125
21
339 247 248 752 699 689 692 657 658 721 173 174 630 843 840 945 745 742 715 187 188
1 3600 125
19
349 350 335 255 250 256 692 657 654 633 630 313 310 945 745 742 715 187 190
1 3600 125
9
254 336 753 750 709 369 364 822 964
1 3600 142
5
751 752 699 689 690
1 3600 142
8
365 368 708 751 752 337 255 252
1 3600 142
3
255 252 978
1 3600 749
20
363 368 710 967 923 53 50 294 891 503 504 731 345 346 352 959 859 723 681 684
1 3600 749
7
747 737 297 298 291 292 508
1 3600 681
8
675 672 297 298 291 229 232 117
1 3600 325
9
737 297 300 503 506 119 114 120 763
1 3600 123
4
247 49 52 922
1 3600 123
7
333 336 753 750 709 710 771
1 3600 123
3
751 249 49
1 3600 749
19
737 673 670 709 712 923 53 50 294 891 503 504 731 497 498 669 666 948 950
1 3600 749
8
747 737 297 300 503 504 731 497
1 3600 749
11
336 753 249 49 50 294 891 503 504 731 345
1 3600 749
9
49 50 231 232 117 114 120 764 565
1 3600 749
6
364 822 863 855 850 860
1 3600 749
17
672 297 300 503 504 731 497 494 948 950 952 827 828 159 160 169 166
1 3600 749
16
253 254 334 675 670 709 369 364 822 863 855 850 705 703 645 646
1 3600 749
13
698 753 249 49 50 294 299 300 503 504 732 887 883
1 3600 749
14
749 737 297 298 291 292 508 537 519 269 262 563 559 556
1 3600 749
12
256 688 698 753 750 709 369 364 822 964 791 788
1 3600 749
7
971 323 315 318 600 618 776
1 3600 749
22
101 98 107 108 509 117 114 124 276 288 566 189 186 445 446 463 466 470 482 663 453 450
1 3600 749
23
126 107 110 414 687 523 287 282 288 566 189 186 714 902 911 909 607 608 898 47 40 29 32
1 3600 749
22
685 680 145 148 728 85 79 80 643 644 702 704 851 854 807 810 635 175 170 237 238 240
1 3600 749
12
104 323 315 318 435 432 897 877 878 937 934 940
1 3600 535
7
971 323 315 318 435 432 897
1 3600 749
22
275 272 722 858 958 353 347 344 730 732 123 115 112 280 284 377 245 242 425 426 834 741
1 3600 749
14
129 126 107 110 416 780 687 523 287 284 377 245 242 580
1 3600 749
16
101 98 107 108 509 117 114 124 276 288 566 189 186 714 743 744
1 3600 749
26
963 275 155 147 139 136 826 953 951 949 667 668 499 496 730 505 502 301 296 736 748 657 658 641 638 795
1 3600 39
3
323 315 316
1 3600 104
7
683 678 107 110 414 405 397
1 3600 416
20
961 683 680 722 858 958 361 356 892 343 344 730 732 123 115 112 280 284 377 374
1 3600 749
34
683 680 722 831 826 953 951 949 495 496 730 732 123 124 276 288 566 189 186 445 446 463 464 473 470 475 478 480 584 665 259 223 224 866
1 3600 749
18
105 98 679 682 275 155 147 148 169 166 85 86 649 644 702 704 851 854
1 3600 749
20
963 683 680 722 858 958 361 358 343 344 730 505 502 890 295 51 48 248 752 337
1 3600 49
4
98 107 110 416
1 3600 49
8
963 683 678 107 110 416 780 687
1 3600 197
10
970 129 126 107 110 412 509 117 114 124
1 3600 749
9
129 126 107 108 537 519 269 266 370
1 3600 749
22
685 682 275 272 145 139 136 826 953 951 949 667 501 496 730 505 502 890 295 51 52 922
1 3600 57
4
103 98 679 680
1 3600 57
7
275 155 147 139 136 826 953
1 3600 153
11
129 126 679 680 722 831 826 953 951 949 667
1 3600 220
14
963 275 272 722 858 958 353 347 344 730 505 502 890 295
1 3600 749
13
678 107 110 412 537 519 269 264 391 388 762 764 565
1 3600 749
13
683 680 145 148 728 85 79 80 643 644 702 704 860
1 3600 325
11
101 98 679 682 275 155 147 148 169 166 85
1 3600 749
10
963 683 680 722 143 136 826 719 649 646
1 3600 749
16
126 679 682 275 272 722 858 958 353 354 343 344 701 77 70 885
1 3600 749
12
971 105 98 107 108 509 117 114 120 764 565 559
1 3600 749
14
129 126 679 680 145 139 136 826 719 649 644 702 704 851
1 3600 749
7
520 686 405 397 394 434 602
1 3600 749
12
414 405 400 410 37 34 757 555 552 768 303 306
1 3600 749
18
110 416 780 405 402 37 34 757 549 546 914 179 184 594 598 608 627 623
1 3600 749
13
522 686 405 400 410 37 34 757 549 546 914 203 200
1 3600 749
10
405 397 394 432 897 877 878 937 934 940
1 3600 374
15
537 519 516 522 686 405 397 394 432 897 877 874 928 937 934
1 3600 441
7
405 397 394 432 897 894 925
1 3600 749
4
523 287 284 422
1 3600 749
14
117 112 280 282 288 566 189 186 445 448 545 542 303 69
1 3600 749
17
780 687 523 287 282 288 566 189 186 714 743 744 944 311 308 529 530
1 3600 93
6
780 405 397 394 432 920
1 3600 40
8
508 537 519 520 686 405 397 394
1 3600 110
5
414 687 523 287 284
1 3600 441
10
110 414 687 523 287 284 377 245 242 582
1 3600 749
5
519 516 287 282 288
1 3600 749
11
412 509 293 290 299 296 673 670 751 249 246
1 3600 25
4
111 106 679 682
1 3600 81
3
522 686 781
1 3600 22
4
519 516 287 282
1 3600 258
4
117 114 120 764
1 3600 749
5
233 230 51 52 922
1 3600 67
12
509 293 290 891 503 504 731 345 342 359 360 959
1 3600 59
10
536 509 233 228 290 891 503 504 731 497
1 3600 57
12
687 521 518 536 509 293 290 891 503 504 731 345
1 3600 624
21
110 416 780 405 402 37 34 757 555 552 65 68 306 650 485 475 476 663 259 223 226
1 3600 749
17
521 518 536 509 233 230 51 52 922 966 711 369 364 822 964 791 792
1 3600 416
8
106 679 682 275 155 147 148 728
1 3600 576
10
412 509 293 290 891 503 504 731 701 645
1 3600 374
10
536 509 233 228 290 299 300 503 504 707
1 3600 749
6
517 269 262 563 559 556
1 3600 749
11
536 509 293 290 891 503 504 707 704 851 852
1 3600 749
16
283 286 522 686 415 111 106 99 104 323 315 318 600 618 774 849
1 3600 749
13
276 288 566 189 186 445 446 463 466 470 475 478 480
1 3600 749
16
280 282 288 566 189 186 445 448 545 541 538 455 456 491 492 514
1 3600 749
14
288 566 189 186 714 902 911 909 607 599 595 185 182 590
1 3600 749
13
115 112 280 284 377 245 242 425 426 832 932 934 940
1 3600 499
11
276 283 284 377 245 242 425 426 832 932 934
1 3600 325
13
115 112 280 284 377 245 242 425 426 834 741 738 926
1 3600 374
8
124 276 283 284 377 245 242 580
1 3600 416
9
282 288 566 189 186 445 448 545 542
1 3600 749
8
282 288 566 189 186 714 904 906
1 3600 340
14
268 520 686 781 417 111 106 127 128 971 323 315 318 600
1 3600 97
10
116 508 537 519 520 686 405 400 410 441
1 3600 43
7
280 286 522 686 405 400 408
1 3600 113
7
276 283 284 377 245 242 582
1 3600 267
5
276 288 566 759 561
1 3600 576
9
113 116 233 228 290 299 296 736 748
1 3600 208
9
286 522 686 415 111 106 99 104 970
1 3600 22
7
115 116 508 537 519 520 686
1 3600 75
3
277 125 115
1 3600 29
7
281 113 114 120 763 389 392
1 3600 749
9
281 113 116 293 229 230 51 52 922
1 3600 241
11
122 733 731 497 500 666 948 950 952 827 137
1 3600 144
12
264 379 380 382 762 121 122 733 731 345 342 359
1 3600 22
6
277 125 115 116 233 230
1 3600 159
6
264 391 388 762 764 565
1 3600 749
14
264 379 380 384 121 122 887 883 884 71 74 704 851 856
1 3600 749
11
114 122 869 870 872 73 76 645 642 81 78
1 3600 749
9
113 118 507 504 731 701 645 646 956
1 3600 277
6
281 113 114 122 887 888
1 3600 749
6
125 120 764 565 559 556
1 3600 749
8
122 869 25 22 71 74 704 851
1 3600 749
11
267 268 516 522 686 405 397 394 434 602 778
1 3600 749
22
389 390 265 268 520 686 405 402 37 34 757 555 552 768 303 306 650 485 475 478 480 584
1 3600 749
22
765 385 381 378 265 268 516 522 686 405 400 410 37 34 757 549 546 914 179 180 525 325
1 3600 749
17
765 121 115 118 507 502 301 296 736 748 657 658 721 173 170 211 214
1 3600 749
19
865 225 222 258 664 585 481 479 474 471 467 464 839 163 164 442 932 934 940
1 3600 749
13
265 268 520 686 405 397 394 432 897 877 878 937 934
1 3600 499
13
265 268 516 522 686 405 397 394 432 897 877 878 937
1 3600 325
15
225 222 258 662 477 474 471 472 839 163 164 442 833 427 424
1 3600 249
13
265 268 520 686 405 402 37 34 757 555 5 2 11
1 3600 535
18
765 121 115 116 293 290 299 296 736 748 657 654 633 630 313 308 783 786
1 3600 749
24
225 222 258 664 585 481 479 474 471 467 462 837 163 164 442 930 741 738 924 895 896 433 434 319
1 3600 416
12
393 390 265 268 516 522 686 405 400 410 441 399
1 3600 124
7
765 121 115 112 280 284 377
1 3600 53
26
267 264 391 388 762 121 124 276 283 284 377 245 242 425 426 832 443 165 162 838 473 470 482 663 259 223
1 3600 83
9
969 387 384 121 124 276 288 566 189
1 3600 234
14
267 268 518 536 509 233 230 51 52 773 770 711 369 366
1 3600 749
24
225 222 258 662 483 484 457 460 307 302 769 553 554 756 35 36 411 401 404 781 417 111 106 679
1 3600 220
7
969 393 390 265 268 520 686
1 3600 75
3
121 124 276
1 3600 75
4
383 381 378 265
1 3600 75
5
380 382 762 121 124
1 3600 119
3
383 386 968
1 3600 325
10
387 384 121 115 116 293 229 230 51 52
1 3600 749
33
865 225 222 258 662 57 58 511 493 488 820 593 588 241 239 236 171 174 634 811 808 965 863 855 850 705 706 731 345 346 352 959 859
1 3600 624
8
762 121 122 733 731 345 342 893
1 3600 65
7
765 121 115 118 507 502 890
1 3600 74
27
387 382 762 121 115 112 280 284 377 245 242 580 429 426 832 443 165 162 838 473 470 475 476 663 259 223 226
1 3600 357
8
380 384 121 122 733 707 704 860
1 3600 749
14
765 121 115 118 507 504 731 497 494 948 950 952 719 87
1 3600 749
12
969 387 382 762 121 122 887 888 73 76 645 646
1 3600 441
4
765 121 122 869
1 3600 749
5
380 384 764 565 559
1 3600 749
19
267 268 518 536 509 233 228 290 299 296 673 670 709 369 364 822 964 791 788
1 3600 749
15
50 231 232 508 109 106 127 128 971 323 315 318 600 618 776
1 3600 749
25
922 713 369 364 767 735 695 633 630 195 196 589 183 180 574 899 627 624 487 492 510 59 56 663 453
1 3600 749
22
755 671 674 335 255 250 256 692 657 658 721 173 170 211 212 220 818 917 133 134 93 88
1 3600 749
15
773 770 711 708 751 752 699 689 692 657 658 721 173 170 211
1 3600 749
26
770 711 369 364 767 735 695 696 810 814 900 13 10 577 67 68 304 469 462 837 163 164 442 932 934 940
1 3600 749
23
713 369 364 822 964 809 810 814 900 13 10 3 4 437 438 449 446 837 163 164 442 932 934
1 3600 749
21
713 369 364 767 735 695 633 630 843 840 945 745 742 715 716 429 426 834 741 738 924
1 3600 749
19
755 751 752 699 689 692 657 658 641 177 174 630 313 310 945 745 742 715 716
1 3600 267
13
711 369 364 767 735 695 696 810 814 551 548 756 35
1 3600 234
14
713 708 671 674 335 255 250 256 692 657 654 633 630 843
1 3600 749
16
771 772 53 50 231 228 292 508 413 111 106 99 104 323 315 316
1 3600 749
13
50 231 232 508 537 519 516 522 686 405 397 394 432
1 3600 749
19
711 369 364 822 964 809 810 814 900 13 14 420 742 715 716 581 243 244 374
1 3600 535
29
770 711 708 751 752 699 689 692 657 658 721 173 170 237 238 240 589 592 821 489 490 485 475 478 480 584 665 259 260
1 3600 88
17
711 369 364 767 735 695 633 630 313 310 945 943 913 910 903 715 187
1 3600 27
6
48 248 752 337 255 250
1 3600 749
8
50 231 228 292 508 109 106 99
1 3600 749
12
755 671 672 297 298 291 292 508 537 519 520 686
1 3600 749
11
923 53 50 294 891 503 506 119 112 280 282
1 3600 312
11
755 671 672 297 300 503 506 119 114 120 763
1 3600 144
3
52 922 966
1 3600 749
14
967 713 369 364 822 863 855 850 705 703 700 497 500 666
1 3600 749
9
53 50 294 891 503 504 731 345 346
1 3600 749
10
755 671 672 297 300 503 504 731 345 342
1 3600 749
11
772 53 50 231 232 508 537 519 269 262 563
1 3600 374
9
755 709 369 364 822 863 855 850 860
1 3600 749
15
922 713 369 364 822 863 855 850 705 703 645 642 81 78 84
1 3600 749
10
923 53 50 294 891 503 504 731 701 645
1 3600 749
9
711 369 364 822 863 855 850 705 75
1 3600 749
14
711 708 671 672 297 298 291 292 117 114 120 764 565 559
1 3600 357
9
52 922 713 369 364 822 863 855 850
1 3600 749
16
827 137 138 146 154 274 683 678 127 128 971 323 315 318 602 777
1 3600 749
25
826 953 951 949 495 496 701 702 704 851 854 807 810 814 900 13 10 577 571 568 487 492 510 59 60
1 3600 749
21
826 953 951 949 495 496 730 505 502 301 296 736 748 657 658 641 177 170 211 201 202
1 3600 749
25
153 147 148 169 166 85 79 80 643 644 702 704 851 854 807 810 635 630 195 196 235 219 220 818 917
1 3600 749
18
138 144 681 678 99 104 323 315 318 435 432 897 877 874 928 937 934 940
1 3600 749
22
361 358 343 344 730 505 502 890 291 229 232 508 537 519 516 522 686 405 397 394 432 897
1 3600 749
20
272 722 858 958 353 347 344 730 732 123 115 112 280 284 377 245 242 425 426 832
1 3600 749
18
826 953 951 949 667 501 496 730 732 123 124 276 283 284 377 245 242 580
1 3600 749
15
274 683 678 107 110 414 405 402 37 34 757 555 5 2 11
1 3600 749
20
136 826 953 951 949 495 496 730 505 502 301 296 736 748 657 658 721 173 170 237
1 3600 288
6
144 681 678 127 128 972
1 3600 416
24
951 949 667 668 499 496 730 505 502 890 291 292 508 537 519 520 686 405 400 410 441 399 394 432
1 3600 749
12
830 723 273 274 683 678 107 110 416 780 405 402
1 3600 749
28
271 272 722 858 958 361 356 892 343 344 730 732 123 124 276 288 566 189 186 445 446 463 466 470 482 663 259 260
1 3600 749
11
958 955 719 649 644 702 704 851 854 862 964
1 3600 749
9
353 347 344 730 505 502 301 296 673
1 3600 66
3
681 678 99
1 3600 66
5
859 723 273 274 962
1 3600 74
16
147 139 136 826 953 951 949 495 496 730 505 502 890 291 229 232
1 3600 258
13
139 142 858 958 361 358 343 344 730 732 123 115 112
1 3600 749
17
951 949 667 501 496 730 505 506 119 114 120 385 381 378 265 266 370
1 3600 749
15
136 826 954 353 347 344 730 505 502 890 295 51 52 922 966
1 3600 61
8
948 950 952 827 137 138 146 152
1 3600 77
5
830 858 958 361 356
1 3600 77
5
948 950 952 954 353
1 3600 127
16
151 147 148 728 85 79 80 643 644 702 706 505 502 890 291 229
1 3600 749
31
826 719 649 644 77 72 889 886 123 115 112 280 284 377 245 242 425 426 832 443 165 162 838 473 470 475 476 663 259 223 226
1 3600 749
13
151 147 148 169 166 85 79 80 643 644 702 704 860
1 3600 68
3
139 140 158
1 3600 68
6
271 272 145 148 161 158
1 3600 153
6
958 955 719 649 646 956
1 3600 277
6
495 496 701 702 75 72
1 3600 749
16
272 722 858 958 361 358 343 344 730 732 123 120 764 565 559 556
1 3600 749
8
722 831 826 719 649 644 702 704
1 3600 749
16
360 959 859 723 681 678 127 128 971 323 315 318 600 618 774 849
1 3600 749
24
501 496 730 505 502 890 291 292 508 537 519 520 686 405 397 394 432 897 894 925 926 937 934 938
1 3600 749
24
354 343 344 730 505 506 119 114 124 276 288 566 189 186 714 902 911 909 607 527 325 43 40 29
1 3600 749
22
668 499 496 730 505 502 890 295 51 48 248 752 699 689 692 657 658 641 177 170 211 201
1 3600 749
19
501 496 730 732 123 115 112 280 284 377 245 242 580 429 426 832 932 934 940
1 3600 749
23
496 730 505 502 890 291 229 232 508 537 519 516 522 686 405 397 394 432 897 877 878 937 934
1 3600 749
17
347 344 730 505 506 119 112 280 284 377 245 242 425 426 834 741 738
1 3600 749
12
499 496 730 732 123 124 276 283 284 377 245 242
1 3600 749
14
496 730 505 506 119 114 124 276 288 566 189 186 714 743
1 3600 749
11
499 496 730 505 502 301 296 736 748 657 652
1 3600 576
12
360 959 859 723 273 274 683 678 99 104 323 315
1 3600 441
14
496 730 505 502 890 291 292 508 537 519 520 686 405 400
1 3600 681
9
499 496 730 732 123 115 112 280 284
1 3600 749
37
356 892 343 344 730 505 502 890 291 229 232 508 537 519 516 522 686 405 400 410 37 34 757 555 552 65 68 306 461 458 470 475 478 480 584 665 259
1 3600 749
11
358 343 344 730 732 123 124 276 288 566 759
1 3600 749
12
892 343 344 730 505 502 301 296 673 674 351 348
1 3600 117
7
892 355 352 959 859 723 681
1 3600 43
11
358 343 344 730 505 502 890 291 292 508 413
1 3600 102
7
347 344 730 505 506 119 112
1 3600 535
9
499 496 730 732 123 120 385 386 968
1 3600 749
9
347 344 730 505 502 890 295 51 52
1 3600 25
3
352 959 859
1 3600 192
7
669 666 948 950 952 954 361
1 3600 21
4
347 344 730 505
1 3600 535
30
499 496 730 707 704 851 854 807 697 633 630 195 196 589 183 180 525 526 608 627 624 628 461 456 485 482 663 259 223 226
1 3600 749
6
496 701 702 704 851 856
1 3600 120
3
360 955 719
1 3600 89
5
360 955 719 83 80
1 3600 110
4
892 343 344 701
1 3600 749
8
496 730 732 123 120 764 565 559
1 3600 749
6
501 496 730 707 704 851
1 3600 749
13
119 116 508 109 106 127 128 971 323 315 318 602 777
1 3600 749
25
344 730 505 506 119 112 280 284 377 245 242 580 429 426 832 443 165 162 838 465 466 470 475 476 57
1 3600 749
25
890 295 51 48 248 752 337 255 250 256 692 657 658 721 173 170 237 238 240 589 590 604 131 134 93
1 3600 749
15
299 296 736 748 657 658 721 173 170 237 238 240 235 219 220
1 3600 749
18
229 232 508 537 519 520 686 405 397 394 432 897 877 874 928 937 934 940
1 3600 749
20
890 291 292 508 537 519 516 522 686 405 402 441 399 394 432 897 877 878 937 934
1 3600 749
10
119 112 280 284 377 245 242 425 426 834
1 3600 749
10
301 298 291 229 232 117 112 280 284 422
1 3600 749
16
505 502 890 291 292 508 537 519 520 686 405 400 410 37 34 757
1 3600 749
15
502 890 295 51 48 248 752 699 689 692 657 658 641 177 170
1 3600 681
21
731 497 494 948 950 952 827 137 138 146 154 274 683 678 99 104 323 315 318 600 614
1 3600 394
7
229 232 508 413 414 405 397
1 3600 325
12
298 291 292 508 537 519 516 522 686 405 400 408
1 3600 441
28
291 229 232 508 413 416 780 405 402 37 34 757 555 552 768 303 306 650 485 475 478 480 584 665 259 223 224 866
1 3600 535
9
343 344 701 702 704 851 854 862 964
1 3600 749
6
299 296 673 674 335 332
1 3600 277
9
502 890 291 292 508 109 106 127 128
1 3600 69
6
295 231 232 508 537 519
1 3600 53
6
563 564 765 121 115 112
1 3600 53
7
263 264 391 388 762 121 124
1 3600 89
7
119 114 120 763 389 392 968
1 3600 749
9
263 268 518 536 509 233 230 51 52
1 3600 138
13
733 731 497 494 948 950 952 827 137 138 146 154 270
1 3600 36
8
294 891 503 504 731 345 342 893
1 3600 49
7
343 344 730 505 502 301 298
1 3600 39
28
890 291 292 508 537 519 520 686 405 400 410 37 34 757 555 552 768 543 541 538 455 458 470 482 663 259 223 226
1 3600 681
12
229 230 51 52 922 713 369 364 822 964 791 792
1 3600 288
9
869 870 27 22 71 76 645 648 83
1 3600 141
6
503 504 707 703 645 646
1 3600 57
7
343 344 701 77 70 885 880
1 3600 57
3
507 504 707
1 3600 220
9
343 344 730 732 123 120 764 565 559
1 3600 749
12
295 51 52 773 770 711 369 364 822 964 791 788
1 3600 749
15
562 263 268 518 536 109 106 99 104 323 315 318 600 618 776
1 3600 749
4
227 222 258 664
1 3600 749
18
564 765 121 124 276 288 566 189 186 714 902 911 909 607 527 325 43 40
1 3600 749
18
562 263 268 516 522 686 405 402 37 34 757 549 546 914 203 198 204 976
1 3600 749
17
227 222 258 664 585 481 479 474 471 472 839 163 164 442 932 934 940
1 3600 749
10
562 263 268 520 686 405 397 394 432 897
1 3600 749
19
564 765 763 389 390 265 268 516 522 686 405 397 394 432 897 894 925 926 937
1 3600 749
14
227 222 258 662 483 471 467 464 839 163 164 442 833 427
1 3600 749
15
227 222 258 662 477 474 471 459 460 307 69 64 553 554 756
1 3600 749
18
564 765 121 124 276 288 566 759 561 191 186 714 743 744 944 311 308 661
1 3600 749
23
227 222 258 664 585 481 479 474 471 472 839 163 164 442 930 741 738 924 895 896 433 434 319
1 3600 749
16
227 222 258 662 483 484 651 307 302 769 553 554 756 35 36 441
1 3600 681
9
564 765 121 124 276 283 284 377 374
1 3600 576
20
564 765 121 124 276 288 566 189 186 445 446 463 466 470 475 478 480 584 665 259
1 3600 468
16
227 222 258 662 477 474 484 457 454 539 540 544 449 444 187 188
1 3600 681
27
227 222 258 662 57 58 511 493 486 625 626 898 575 181 182 588 197 192 171 176 640 659 656 693 688 698 753
1 3600 749
8
562 263 268 518 536 413 111 106
1 3600 416
6
564 765 121 115 116 508
1 3600 107
20
227 222 258 664 585 481 479 474 471 467 462 447 444 187 188 567 289 277 125 115
1 3600 59
22
227 222 258 662 483 471 459 460 307 69 64 553 554 756 35 36 403 404 687 521 269 266
1 3600 624
11
564 765 121 115 116 293 229 230 51 52 773
1 3600 749
33
227 222 258 664 585 481 479 474 484 457 454 539 540 544 449 444 187 188 567 289 277 125 115 118 507 504 731 497 498 669 666 948 950
1 3600 499
9
564 765 121 122 733 731 345 342 893
1 3600 22
4
564 765 121 122
1 3600 220
26
562 263 268 520 686 405 400 410 37 34 757 555 552 65 66 571 568 487 492 510 59 56 663 259 223 226
1 3600 122
10
564 765 121 115 118 507 504 707 704 860
1 3600 749
15
564 765 121 122 733 731 497 494 948 950 952 827 828 159 156
1 3600 749
24
227 222 258 662 57 58 511 493 486 569 570 576 11 12 901 815 811 806 855 850 705 703 645 642
1 3600 115
25
227 222 258 662 477 474 471 472 839 163 164 442 833 427 424 243 244 376 285 281 113 114 122 887 883
1 3600 441
23
227 222 258 664 585 481 479 474 484 491 488 820 605 591 588 197 194 631 632 696 808 791 788
1 3600 749
16
793 790 809 810 814 551 548 756 35 36 441 399 394 434 602 777
1 3600 749
21
857 854 807 810 814 900 13 10 3 4 437 438 449 446 837 163 164 442 932 934 938
1 3600 749
17
861 851 854 807 697 633 630 195 196 589 183 184 594 598 608 627 623
1 3600 749
9
857 854 807 697 633 630 195 196 589
1 3600 749
21
857 854 807 810 814 900 13 10 577 67 68 304 469 462 837 163 164 442 932 934 940
1 3600 749
22
857 854 807 810 814 551 548 555 437 438 449 446 837 163 164 442 930 741 738 924 875 876
1 3600 749
19
793 790 809 697 633 630 843 840 945 745 742 715 716 429 426 834 741 738 924
1 3600 749
15
857 854 807 810 814 900 13 10 577 67 68 304 469 464 839
1 3600 749
11
857 854 862 964 809 810 814 900 13 10 3
1 3600 749
10
793 790 809 697 633 630 313 308 529 532
1 3600 749
21
857 850 705 703 645 648 87 84 729 149 144 681 678 127 128 971 323 315 318 600 616
1 3600 749
17
861 705 75 72 873 871 868 123 115 116 508 537 519 516 522 686 405
1 3600 749
14
861 705 75 70 23 24 868 123 115 112 280 284 377 374
1 3600 749
20
857 854 862 823 767 735 695 633 630 195 196 589 592 821 489 490 485 482 663 259
1 3600 468
3
793 790 965
1 3600 468
6
793 790 965 823 767 735
1 3600 749
16
861 705 703 700 345 346 352 959 859 723 273 274 683 678 127 128
1 3600 749
14
793 790 965 823 365 368 712 923 53 50 231 232 508 109
1 3600 535
12
857 850 705 703 77 72 889 886 123 115 112 280
1 3600 197
12
857 850 705 75 70 23 26 871 868 123 120 385
1 3600 227
9
793 790 965 823 365 368 710 967 923
1 3600 749
13
793 790 965 863 855 850 705 703 700 497 500 666 948
1 3600 749
6
857 850 705 706 731 497
1 3600 258
10
793 790 965 823 365 368 708 671 672 297
1 3600 87
11
857 850 705 706 505 506 119 114 120 764 565
1 3600 576
6
857 854 862 964 791 792
1 3600 749
10
861 705 703 645 648 718 827 137 140 156
1 3600 749
4
861 705 703 645
1 3600 576
5
857 850 705 703 77
1 3600 499
13
857 850 705 75 72 889 886 123 120 764 565 559 556
1 3600 166
7
861 851 854 862 964 791 788
1 3600 749
15
157 160 149 144 681 678 99 104 323 315 318 600 618 776 778
1 3600 749
28
80 643 644 702 706 505 506 119 112 280 284 377 245 242 580 429 426 832 443 165 162 838 473 470 475 476 663 453
1 3600 749
21
82 649 644 77 70 23 24 868 123 124 276 288 566 189 186 714 902 911 909 607 608
1 3600 749
23
728 85 79 80 643 644 700 730 505 502 301 296 736 748 657 658 721 173 170 211 212 220 818
1 3600 749
21
167 168 149 146 154 274 683 678 99 104 323 315 318 435 432 897 877 878 937 934 940
1 3600 749
14
168 149 144 681 678 127 128 971 323 315 318 435 432 897
1 3600 749
16
649 644 702 706 505 506 119 112 280 284 377 245 242 425 426 832
1 3600 749
15
649 644 77 72 889 886 123 124 276 288 566 189 186 445 446
1 3600 749
21
78 84 729 149 146 154 274 683 678 107 110 414 405 402 37 34 757 555 437 438 449
1 3600 749
19
80 643 644 700 730 505 502 301 296 736 748 657 654 633 630 313 308 529 530
1 3600 749
13
157 141 142 723 681 678 99 104 323 315 318 600 614
1 3600 749
13
718 827 830 723 273 274 683 678 107 110 416 780 405
1 3600 749
16
158 829 137 142 723 681 678 107 110 414 687 523 287 284 377 374
1 3600 749
29
80 643 644 702 706 505 506 119 112 280 284 377 245 242 425 426 832 443 165 162 838 473 470 475 478 480 584 665 259
1 3600 749
18
84 729 149 146 154 274 683 678 107 110 416 780 405 400 410 37 38 328
1 3600 749
15
829 826 953 951 949 667 501 496 730 505 502 301 296 673 670
1 3600 325
6
167 168 149 144 681 684
1 3600 394
10
149 146 154 274 683 678 107 108 537 519
1 3600 681
14
82 649 644 700 730 505 502 890 291 292 508 537 519 269
1 3600 749
11
149 144 681 678 107 108 537 519 269 264 379
1 3600 749
16
157 141 142 858 958 353 347 344 730 505 502 890 295 51 52 922
1 3600 58
5
159 141 138 146 150
1 3600 58
4
729 149 146 152
1 3600 156
5
947 829 826 954 353
1 3600 227
8
86 649 644 702 706 505 502 301
1 3600 749
15
85 79 80 643 644 702 75 72 873 871 868 123 120 764 565
1 3600 749
14
158 829 826 719 649 644 702 704 851 854 862 964 791 792
1 3600 97
3
160 169 166
1 3600 51
6
728 85 79 80 643 646
1 3600 214
5
649 644 77 70 885
1 3600 749
15
86 718 953 951 949 495 496 730 732 123 120 764 565 559 556
1 3600 749
12
79 80 643 644 702 704 851 854 862 964 791 788
1 3600 749
18
81 82 718 827 830 723 273 274 683 678 127 128 971 323 315 318 602 778
1 3600 749
22
644 702 75 70 885 882 886 123 124 276 288 566 189 186 445 448 545 541 538 455 456 485
1 3600 749
18
647 644 700 730 505 506 119 114 124 276 288 566 189 186 714 902 911 909
1 3600 749
18
647 644 702 706 505 502 301 296 736 748 657 658 641 177 170 211 214 205
1 3600 749
23
647 648 718 827 137 138 144 681 678 99 104 323 315 318 435 432 897 877 874 928 937 934 940
1 3600 749
19
647 648 718 827 830 723 273 274 683 678 127 128 971 323 315 318 435 432 897
1 3600 749
22
644 700 730 505 502 890 291 292 508 537 519 520 686 405 397 394 432 897 894 925 926 937
1 3600 749
19
643 644 702 706 505 506 119 112 280 284 377 245 242 580 429 426 832 443 165
1 3600 749
18
957 647 644 77 72 873 27 24 868 123 124 276 288 566 189 186 445 448
1 3600 749
19
643 644 700 730 505 502 890 295 51 48 248 752 337 255 250 256 692 657 658
1 3600 749
15
81 78 84 167 168 149 146 154 272 681 678 99 104 323 315
1 3600 749
19
647 648 718 954 959 859 723 273 274 683 678 127 128 971 323 315 318 435 430
1 3600 749
18
957 647 644 702 706 505 502 301 298 291 229 232 508 413 414 405 400 408
1 3600 749
27
647 644 700 730 732 123 115 112 280 284 377 245 242 425 426 832 443 165 162 838 465 466 470 482 663 259 223
1 3600 749
6
644 702 704 851 854 862
1 3600 749
19
81 82 718 953 951 949 667 501 496 730 505 502 890 295 51 52 922 713 369
1 3600 576
11
642 81 78 84 729 149 144 681 678 127 128
1 3600 394
9
647 644 702 706 505 502 890 291 292
1 3600 499
11
644 702 75 70 885 882 886 123 124 276 283
1 3600 749
8
644 700 730 505 506 119 114 120
1 3600 749
11
644 702 706 505 502 301 298 295 51 52 773
1 3600 94
3
648 718 827
1 3600 83
8
81 78 86 718 954 361 358 355
1 3600 80
4
644 700 730 505
1 3600 749
36
647 648 718 827 137 142 723 273 274 683 678 107 110 416 780 405 402 37 34 757 555 552 65 68 306 461 458 470 475 478 480 584 665 259 223 226
1 3600 749
5
644 702 704 851 856
1 3600 37
7
81 78 84 167 168 161 156
1 3600 234
3
643 646 956
1 3600 33
4
643 644 77 72
1 3600 749
17
957 647 648 718 953 951 949 495 496 730 732 123 120 764 565 559 556
1 3600 749
4
644 702 704 851
1 3600 749
18
23 26 871 868 123 115 116 508 109 106 99 104 323 315 318 600 618 776
1 3600 749
14
871 868 123 124 276 288 566 189 186 445 448 545 541 538
1 3600 749
19
706 505 502 301 296 736 748 657 658 721 173 170 237 238 240 589 590 604 131
1 3600 749
24
73 74 706 505 502 301 296 673 674 335 255 250 256 692 657 658 641 177 170 237 238 240 235 219
1 3600 749
24
74 706 505 502 890 291 229 232 508 537 519 516 522 686 405 397 394 432 897 877 878 937 934 940
1 3600 749
15
889 886 123 115 116 508 537 519 520 686 405 397 394 432 897
1 3600 749
21
76 700 730 505 502 890 291 292 508 537 519 516 522 686 405 397 394 432 897 877 874
1 3600 749
16
27 24 868 123 115 112 280 284 377 245 242 580 429 426 832 443
1 3600 749
14
70 885 882 886 123 124 276 288 566 189 186 714 743 421
1 3600 749
13
881 884 71 74 706 505 502 301 296 736 748 657 652
1 3600 749
19
884 71 76 700 345 346 352 959 859 723 681 678 99 104 323 315 318 600 616
1 3600 749
10
871 868 123 115 116 508 413 414 405 400
1 3600 749
18
881 882 886 733 505 502 890 295 231 232 508 537 519 520 686 405 400 410
1 3600 749
24
882 886 123 115 112 280 284 377 245 242 425 426 832 443 165 162 838 473 470 475 476 663 259 260
1 3600 749
13
868 123 115 116 508 413 416 780 405 402 37 38 328
1 3600 749
12
881 882 888 73 74 706 505 502 890 295 51 48
1 3600 749
11
700 345 342 359 360 959 859 723 273 274 960
1 3600 374
15
73 76 700 730 505 502 301 298 291 292 508 537 519 520 686
1 3600 267
7
873 27 24 868 123 124 276
1 3600 499
8
706 505 506 119 114 120 763 389
1 3600 749
8
74 706 505 502 890 295 51 52
1 3600 249
10
76 700 345 346 352 959 859 723 273 270
1 3600 149
6
872 73 76 700 497 498
1 3600 71
5
886 733 505 502 301
1 3600 71
7
868 733 505 502 890 291 229
1 3600 71
6
73 74 703 700 345 342
1 3600 162
25
868 123 115 112 280 284 377 245 242 580 429 426 832 443 165 162 836 463 466 470 482 663 259 223 226
1 3600 749
7
881 884 71 74 704 851 856
1 3600 227
11
71 76 700 497 494 948 950 952 827 828 159
1 3600 48
4
884 71 76 645
1 3600 84
5
75 72 889 883 880
1 3600 76
10
706 505 506 119 114 120 764 565 559 556
1 3600 749
4
702 704 851 852
1 3600 749
13
557 558 562 263 268 516 522 686 405 397 394 434 602
1 3600 749
18
558 562 263 268 520 686 405 400 410 37 34 757 555 552 768 303 306 650
1 3600 749
23
557 558 564 765 763 383 381 378 265 268 516 522 686 405 402 37 34 757 549 546 914 179 180
1 3600 749
22
558 564 765 763 389 390 265 268 520 686 405 400 410 37 34 757 549 546 914 179 182 590
1 3600 749
18
557 558 562 263 268 516 522 686 405 397 394 432 897 894 928 937 934 940
1 3600 749
20
557 558 564 765 385 381 378 265 268 520 686 405 397 394 432 897 877 878 937 934
1 3600 749
15
557 558 564 765 121 115 112 280 284 377 245 242 425 426 832
1 3600 749
17
558 564 765 121 124 276 283 284 377 245 242 580 429 426 832 443 165
1 3600 749
14
557 558 564 765 121 124 276 288 566 189 186 714 743 421
1 3600 749
17
557 558 562 263 268 516 522 686 405 402 37 34 757 549 550 815 811
1 3600 749
19
557 558 564 765 763 389 390 265 268 518 536 109 106 127 128 971 323 315 316
1 3600 749
11
558 562 263 268 520 686 405 400 410 441 399
1 3600 749
11
557 558 564 765 121 115 112 280 284 377 374
1 3600 749
26
557 558 564 765 121 124 276 288 566 189 186 445 448 545 541 538 455 456 485 475 478 480 584 665 259 223
1 3600 749
10
558 564 765 121 124 276 288 566 759 561
1 3600 749
13
557 558 564 765 121 115 116 293 290 299 296 736 746
1 3600 749
11
558 562 263 268 518 536 109 106 679 682 962
1 3600 749
15
557 558 564 765 763 383 381 378 265 268 516 522 686 415 111
1 3600 624
5
558 564 765 121 115
1 3600 624
27
558 562 263 268 520 686 405 402 37 34 757 555 552 65 66 571 568 487 492 510 59 56 663 259 223 224 864
1 3600 749
11
558 564 765 121 115 116 233 230 51 52 773
1 3600 749
15
557 558 564 765 121 115 118 507 504 731 345 342 359 360 959
1 3600 749
11
558 564 765 121 115 118 507 504 731 345 346
1 3600 99
11
557 558 562 263 268 518 536 509 293 290 891
1 3600 113
26
558 564 765 121 115 112 280 284 377 245 242 425 426 832 443 165 162 838 473 470 475 476 663 259 223 226
1 3600 535
12
558 564 765 121 115 118 507 504 707 704 851 856
1 3600 749
16
558 564 765 121 122 733 731 497 500 666 948 950 952 827 137 140
1 3600 749
14
557 558 564 765 121 115 118 507 504 731 701 645 646 956
1 3600 41
6
558 564 765 121 122 887
1 3600 374
19
558 562 263 268 518 536 509 233 230 51 52 922 966 711 369 364 822 964 791
1 3600 749
16
854 807 810 814 551 548 756 35 36 441 399 394 434 600 618 774
1 3600 749
17
789 790 809 810 635 630 195 196 589 592 821 489 492 510 59 56 663
1 3600 749
14
789 790 809 697 633 175 170 211 201 202 179 180 525 325
1 3600 749
9
790 809 810 635 175 170 211 214 974
1 3600 749
21
851 854 807 810 814 900 13 10 577 67 68 304 469 462 837 163 164 442 932 934 940
1 3600 749
17
854 807 810 814 551 548 555 437 438 449 446 837 163 164 442 932 934
1 3600 749
22
851 854 862 823 767 735 695 633 630 843 840 945 745 742 715 716 429 426 834 741 738 926
1 3600 749
14
789 790 809 810 814 900 13 10 577 67 68 304 469 464
1 3600 749
20
851 854 862 823 767 735 695 633 630 195 196 589 183 180 525 325 326 570 67 68
1 3600 749
6
789 790 809 697 655 658
1 3600 749
20
789 790 965 823 365 368 712 923 53 50 231 232 508 413 111 106 99 104 323 320
1 3600 749
13
853 854 807 810 814 551 548 756 35 36 441 399 394
1 3600 749
18
853 854 862 823 767 735 695 633 630 313 310 945 745 742 715 716 581 243
1 3600 749
17
789 790 809 697 633 630 843 840 945 943 913 910 903 715 716 581 582
1 3600 749
12
854 807 810 635 630 313 310 945 745 742 715 187
1 3600 681
11
853 854 862 823 365 368 708 751 752 97 94
1 3600 749
16
790 965 823 365 368 708 671 672 297 298 291 292 508 109 106 679
1 3600 749
15
789 790 965 823 365 368 710 771 772 53 50 231 232 508 537
1 3600 749
15
789 790 809 810 814 900 13 14 420 742 715 187 188 567 289
1 3600 749
19
789 790 809 810 814 551 548 756 35 36 411 401 404 687 523 517 269 264 391
1 3600 441
7
854 862 823 365 368 708 754
1 3600 749
23
790 965 823 365 368 708 671 672 297 300 503 504 731 497 494 948 950 952 827 137 138 146 152
1 3600 749
18
789 790 965 823 365 368 712 923 53 50 294 891 503 504 731 345 342 893
1 3600 624
6
853 850 705 706 505 502
1 3600 624
10
850 705 706 505 506 119 114 120 764 565
1 3600 325
6
790 965 863 855 850 860
1 3600 749
10
850 705 703 645 642 81 78 84 729 161
1 3600 749
16
789 790 965 823 365 368 708 671 672 297 300 503 504 707 703 645
1 3600 749
5
850 705 75 70 23
1 3600 681
11
850 705 706 505 506 119 114 120 764 565 559
1 3600 91
4
854 862 964 791
