368
26.60963 106.64382 1 0
26.613052 106.617256 2 1
26.613018 106.61748 3 1
26.597012 106.62515 4 1
26.648766 106.63193 5 0
26.642721 106.651955 6 0
26.638205 106.64325 7 1
26.611292 106.60325 8 0
26.615036 106.64113 9 0
26.568592 106.61526 10 0
26.568474 106.61508 11 0
26.553055 106.685295 12 0
26.553112 106.685135 13 0
26.560661 106.66633 14 0
26.581408 106.719925 15 0
26.553047 106.685036 16 0
26.552979 106.68516 17 0
26.60643 106.71754 18 0
26.610136 106.715904 19 1
26.605253 106.71564 20 1
26.610174 106.715965 21 1
26.593712 106.69675 22 0
26.615915 106.70524 23 1
26.613781 106.707695 24 1
26.614075 106.70713 25 1
26.574745 106.7195 26 0
26.5748 106.719475 27 0
26.606762 106.71941 28 0
26.606703 106.71943 29 0
26.65243 106.70182 30 0
26.577711 106.71146 31 1
26.578913 106.71928 32 0
26.57867 106.719284 33 0
26.578857 106.71874 34 1
26.578709 106.71876 35 1
26.577839 106.71143 36 0
26.567755 106.69569 37 1
26.56763 106.6956 38 0
26.58675 106.65029 39 0
26.603783 106.61599 40 0
26.603773 106.61607 41 0
26.612268 106.698135 42 1
26.552952 106.68511 43 0
26.56464 106.71946 44 0
26.56524 106.71971 45 0
26.611935 106.628105 46 0
26.6157 106.60361 47 0
26.61577 106.603065 48 0
26.624464 106.604164 49 0
26.64989 106.6045 50 0
26.566746 106.718994 51 0
26.612375 106.66637 52 1
26.563158 106.683365 53 0
26.6019 106.71948 54 0
26.583687 106.66648 55 0
26.568468 106.67832 56 0
26.553 106.666695 57 0
26.569399 106.66918 58 0
26.56373 106.69117 59 0
26.574175 106.68716 60 1
26.584015 106.689224 61 0
26.585014 106.688446 62 1
26.594952 106.699295 63 0
26.570671 106.61336 64 1
26.57077 106.613556 65 1
26.62755 106.60413 66 0
26.627707 106.6041 67 0
26.649712 106.60446 68 0
26.55304 106.6995 69 0
26.655842 106.707535 70 0
26.599905 106.71947 71 0
26.600433 106.7164 72 1
26.599861 106.71498 73 0
26.60015 106.71948 74 0
26.590908 106.6868 75 1
26.630056 106.6711 76 0
26.566982 106.719925 77 0
26.553158 106.68861 78 0
26.560123 106.66395 79 0
26.620787 106.66694 80 1
26.610996 106.6683 81 0
26.61113 106.669495 82 0
26.614271 106.669106 83 0
26.625961 106.66825 84 1
26.641945 106.69844 85 0
26.562834 106.68348 86 0
26.569141 106.69176 87 0
26.563162 106.68269 88 0
26.603176 106.6029 89 0
26.603323 106.60283 90 0
26.664701 106.662415 91 0
26.664776 106.66236 92 0
26.575157 106.69654 93 1
26.609747 106.643036 94 0
26.663742 106.61403 95 0
26.663774 106.61382 96 0
26.558937 106.70418 97 1
26.604507 106.70709 98 1
26.60442 106.71189 99 0
26.605196 106.715675 100 1
26.664623 106.70552 101 0
26.661541 106.65509 102 1
26.662317 106.6514 103 1
26.662199 106.65145 104 1
26.637995 106.642975 105 1
26.638716 106.644196 106 1
26.638893 106.64444 107 1
26.639307 106.6435 108 1
26.638798 106.64241 109 1
26.638615 106.64216 110 1
26.591314 106.693756 111 0
26.553133 106.69956 112 0
26.614038 106.70711 113 1
26.578825 106.71928 114 0
26.5629 106.65884 115 1
26.617575 106.719734 116 0
26.607325 106.66163 117 0
26.606976 106.719986 118 0
26.607893 106.6605 119 0
26.583593 106.602715 120 0
26.577162 106.69829 121 0
26.577333 106.69898 122 1
26.577723 106.71107 123 1
26.578743 106.719284 124 0
26.555626 106.6633 125 0
26.66419 106.638916 126 0
26.659412 106.637535 127 0
26.59202 106.63781 128 1
26.59228 106.63727 129 1
26.637201 106.60474 130 0
26.585535 106.719574 131 0
26.556412 106.696625 132 0
26.555994 106.69723 133 1
26.55509 106.69663 134 1
26.559933 106.701775 135 1
26.6207632 106.6692058 136 1
26.6208513 106.6677883 137 0
26.6258817 106.669971 138 1
26.6256628 106.6703355 139 1
26.5999433 106.6368833 140 1
26.6097414 106.642357 141 1
26.609363 106.642647 142 1
26.621903 106.6306817 143 1
26.605089 106.65485 144 1
26.600059 106.6285461 145 1
26.5999335 106.63715 146 0
26.649361 106.6316513 147 1
26.642963 106.645615 148 1
26.626285 106.641566 149 1
26.6201295 106.6417613 150 1
26.614869 106.642625 151 1
26.6201405 106.641455 152 1
26.6262873 106.641224 153 1
26.6572903 106.6806573 154 0
26.6403392 106.6745923 155 1
26.5937247 106.6718823 156 0
26.5904071 106.6673057 157 1
26.5684375 106.6700725 158 1
26.6042627 106.60525 159 1
26.6041108 106.6050027 160 1
26.5576582 106.685078 161 0
26.5576011 106.6848941 162 0
26.581419 106.7088874 163 1
26.5814937 106.7156387 164 1
26.5900725 106.7154535 165 1
26.5815417 106.7134133 166 0
26.608024 106.717842 167 1
26.5996058 106.7146587 168 1
26.5871593 106.7087588 169 1
26.6061687 106.7178347 170 0
26.6116509 106.7103587 171 1
26.5857408 106.7015269 172 1
26.5879474 106.7107248 173 0
26.6064542 106.7183521 174 1
26.5893115 106.713805 175 1
26.5983994 106.7062035 176 0
26.607911 106.71756 177 1
26.6064878 106.7180849 178 1
26.610403 106.715626 179 1
26.5854431 106.6939838 180 1
26.5948821 106.6985129 181 0
26.5942691 106.6992593 182 1
26.591327 106.6934088 183 1
26.6005365 106.7045722 184 0
26.5793687 106.694334 185 1
26.6168174 106.7082951 186 0
26.574823 106.7172325 187 1
26.5747228 106.7126126 188 1
26.5757852 106.7139517 189 0
26.5777304 106.713913 190 1
26.5868035 106.7065962 191 1
26.5812325 106.7061125 192 1
26.604014 106.703575 193 1
26.5888009 106.662819 194 0
26.586222 106.6611325 195 1
26.5840692 106.666412 196 1
26.583028 106.6814555 197 1
26.5837683 106.68265 198 1
26.6562439 106.7069488 199 1
26.6559927 106.7067035 200 1
26.5767046 106.7010851 201 1
26.5736473 106.701375 202 0
26.5771355 106.7089842 203 1
26.5740946 106.695902 204 1
26.5766937 106.6945205 205 1
26.576877 106.70525 206 0
26.561135 106.7000414 207 1
26.59194 106.645462 208 1
26.5918823 106.645689 209 1
26.6641647 106.6054287 210 1
26.6572723 106.6141575 211 1
26.6488493 106.6220753 212 0
26.648824 106.622442 213 1
26.6487993 106.6217733 214 0
26.6486469 106.6195362 215 1
26.5773304 106.6780242 216 1
26.6082843 106.7018546 217 1
26.6116747 106.6985575 218 1
26.5738283 106.7011003 219 0
26.5717775 106.6990215 220 0
26.5664219 106.718435 221 1
26.6004506 106.717095 222 0
26.5804024 106.6439094 223 1
26.5758043 106.6943127 224 1
26.5729686 106.6946116 225 1
26.5557992 106.6886225 226 1
26.5552893 106.6854308 227 1
26.5566041 106.6892096 228 1
26.5553613 106.6857175 229 1
26.5577306 106.667746 230 1
26.5753323 106.6886967 231 1
26.6632509 106.6465771 232 1
26.663874 106.621254 233 1
26.663893 106.621058 234 1
26.6180413 106.6182567 235 0
26.618079 106.6180567 236 1
26.6220485 106.630465 237 1
26.6264655 106.651145 238 1
26.626531 106.651333 239 1
26.6489403 106.613886 240 1
26.6495913 106.6065333 241 1
26.6495467 106.606299 242 1
26.657324 106.6139433 243 1
26.6641393 106.6052033 244 0
26.6052317 106.6163533 245 0
26.5809717 106.7111608 246 1
26.5686469 106.6947886 247 1
26.5931217 106.6997736 248 1
26.5753155 106.7104942 249 1
26.5649973 106.7152549 250 1
26.5651608 106.718995 251 1
26.568026 106.715148 252 1
26.568706 106.7100433 253 1
26.569851 106.710618 254 0
26.5734615 106.7132687 255 0
26.570717 106.70889 256 0
26.6107096 106.66661 257 1
26.620674 106.6611663 258 1
26.6231926 106.6534928 259 1
26.623249 106.653123 260 0
26.6158498 106.653956 261 1
26.6164037 106.65419 262 1
26.573383 106.6859357 263 1
26.6091995 106.603855 264 1
26.6105565 106.61682 265 1
26.5673405 106.691496 266 1
26.5928865 106.696182 267 1
26.6018411 106.7178319 268 1
26.6063785 106.718765 269 0
26.606749 106.71868 270 0
26.6074553 106.6610967 271 1
26.5845703 106.6660589 272 1
26.5836195 106.6657885 273 0
26.5682305 106.679747 274 1
26.5771635 106.678383 275 1
26.5692908 106.673486 276 1
26.567482 106.671465 277 1
26.5675465 106.67116 278 0
26.567327 106.6716155 279 1
26.564672 106.6810588 280 1
26.5599125 106.6786938 281 1
26.5676605 106.6917365 282 1
26.5751575 106.6858925 283 1
26.57423 106.684688 284 1
26.5836215 106.6887893 285 1
26.5814772 106.6946125 286 1
26.5811315 106.69443 287 1
26.598746 106.6965855 288 0
26.5988789 106.696354 289 0
26.5721172 106.687896 290 1
26.5689608 106.694315 291 1
26.572826 106.6892125 292 1
26.5722594 106.6940373 293 1
26.5692977 106.7054147 294 1
26.5701117 106.6945533 295 1
26.569913 106.69424 296 1
26.5631417 106.7072788 297 0
26.569305 106.7056433 298 1
26.56822 106.69049 299 1
26.568202 106.6799113 300 1
26.5644278 106.6868785 301 1
26.567011 106.682915 302 1
26.6486995 106.631485 303 1
26.658466 106.62953 304 1
26.5611172 106.6650741 305 1
26.5982462 106.6456 306 1
26.6276805 106.604895 307 1
26.6145205 106.64187 308 1
26.6255207 106.6194144 309 1
26.6376147 106.60688 310 1
26.6375795 106.6066575 311 1
26.655135 106.646155 312 1
26.655132 106.646375 313 1
26.6567227 106.604321 314 1
26.6571439 106.6202423 315 1
26.6489907 106.646085 316 1
26.6490093 106.645893 317 1
26.5565895 106.694435 318 1
26.5772673 106.6981567 319 1
26.6257497 106.6667337 320 0
26.6278922 106.6704675 321 1
26.6284655 106.67075 322 1
26.5604078 106.6683163 323 1
26.5610337 106.67568 324 0
26.566015 106.678135 325 1
26.6570075 106.7028655 326 1
26.6277101 106.6776252 327 0
26.5539065 106.667075 328 0
26.5706634 106.6531229 329 1
26.5640862 106.6608138 330 0
26.5712762 106.7070997 331 1
26.5634867 106.7075567 332 1
26.553415 106.70047 333 0
26.598872 106.7085875 334 0
26.5708237 106.693108 335 0
26.6145267 106.641686 336 1
26.6489473 106.6141017 337 1
26.553422 106.700387 338 0
26.6384934 106.613576 339 1
26.6262758 106.6763586 340 1
26.6589235 106.654275 341 1
26.6612996 106.6547536 342 1
26.662029 106.6543 343 1
26.6614484 106.654266 344 1
26.664488 106.6549925 345 0
26.6483341 106.6528613 346 1
26.648729 106.667432 347 0
26.63945 106.6440463 348 1
26.6381987 106.6425682 349 0
26.5669968 106.689486 350 1
26.5793705 106.694623 351 1
26.566254 106.69038 352 1
26.595843 106.7146765 353 1
26.644824 106.6617795 354 0
26.5853985 106.659905 355 1
26.586104 106.659148 356 1
26.5803898 106.6443398 357 1
26.5763465 106.6408175 358 1
26.595627 106.7145568 359 0
26.638426 106.620653 360 0
26.638423 106.620865 361 1
26.6637927 106.62886 362 0
26.638758 106.6431725 363 1
26.638763 106.643402 364 1
26.6276675 106.6046905 365 1
26.5623454 106.6626372 366 0
26.6525675 106.701865 367 0
26.6647915 106.67488 368 0
488
224 293 353.87705297039366 16.67 3 3 2 3
1 0 0 0 1 0 0 0 1
1 0 0 0 1 0 0 0 1
224 287 529.9642577964001 16.67 3 3 4 5
1 0 0 0 1 0 0 0 1
1 0 0 0 1 0 0 0 1
224 185 354.4966385083811 16.67 3 3 6 7
1 0 0 0 1 0 0 0 1
1 0 0 0 1 0 0 0 1
224 38 825.4622629638491 16.67 3 3 8 9
1 0 0 0 1 0 0 0 1
1 0 0 0 1 0 0 0 1
225 293 95.14978669355361 16.67 3 3 10 11
1 0 0 0 1 0 0 0 1
1 0 0 0 1 0 0 0 1
225 205 370.6184034902613 16.67 3 3 12 13
1 0 0 0 1 0 0 0 1
1 0 0 0 1 0 0 0 1
225 93 305.5414054047845 16.67 3 3 14 15
1 0 0 0 1 0 0 0 1
1 0 0 0 1 0 0 0 1
226 229 325.9645656758133 16.67 3 3 16 17
1 0 0 0 1 0 0 0 1
1 0 0 0 1 0 0 0 1
226 318 651.1232168298109 16.67 3 3 18 19
1 0 0 0 1 0 0 0 1
1 0 0 0 1 0 0 0 1
226 78 262.7236563910167 16.67 3 3 20 21
1 0 0 0 1 0 0 0 1
1 0 0 0 1 0 0 0 1
102 103 417.51833352915924 16.67 3 3 22 23
1 0 0 0 1 0 0 0 1
1 0 0 0 1 0 0 0 1
102 341 275.45802241485075 16.67 3 3 24 25
1 0 0 0 1 0 0 0 1
1 0 0 0 1 0 0 0 1
102 342 44.43976198459575 16.67 3 3 26 27
1 0 0 0 1 0 0 0 1
1 0 0 0 1 0 0 0 1
227 229 32.67607218199545 16.67 3 3 28 29
1 0 0 0 1 0 0 0 1
1 0 0 0 1 0 0 0 1
227 227 0.0 16.67 3 3 30 31
1 0 0 0 1 0 0 0 1
1 0 0 0 1 0 0 0 1
227 16 227.32211912541118 16.67 3 3 32 33
1 0 0 0 1 0 0 0 1
1 0 0 0 1 0 0 0 1
75 183 736.0904991920686 16.67 3 3 34 35
1 0 0 0 1 0 0 0 1
1 0 0 0 1 0 0 0 1
75 306 4639.26053282502 16.67 3 3 36 37
1 0 0 0 1 0 0 0 1
1 0 0 0 1 0 0 0 1
75 267 1061.6834647718204 16.67 3 3 38 39
1 0 0 0 1 0 0 0 1
1 0 0 0 1 0 0 0 1
228 229 407.5296797350295 16.67 3 3 40 41
1 0 0 0 1 0 0 0 1
1 0 0 0 1 0 0 0 1
228 266 1097.790015165232 16.67 3 3 42 43
1 0 0 0 1 0 0 0 1
1 0 0 0 1 0 0 0 1
228 318 581.0756262280033 16.67 3 3 44 45
1 0 0 0 1 0 0 0 1
1 0 0 0 1 0 0 0 1
228 352 968.6516471690525 16.67 3 3 46 47
1 0 0 0 1 0 0 0 1
1 0 0 0 1 0 0 0 1
25 19 1051.342317950129 16.67 3 3 48 49
1 0 0 0 1 0 0 0 1
1 0 0 0 1 0 0 0 1
25 106 7414.762617648049 16.67 3 3 50 51
1 0 0 0 1 0 0 0 1
1 0 0 0 1 0 0 0 1
25 23 278.63229172938674 16.67 3 3 52 53
1 0 0 0 1 0 0 0 1
1 0 0 0 1 0 0 0 1
229 12 234.16998561384543 16.67 3 3 54 55
1 0 0 0 1 0 0 0 1
1 0 0 0 1 0 0 0 1
230 323 273.7438011390054 16.67 3 3 56 57
1 0 0 0 1 0 0 0 1
1 0 0 0 1 0 0 0 1
230 324 941.4651249864099 16.67 3 3 58 59
1 0 0 0 1 0 0 0 1
1 0 0 0 1 0 0 0 1
230 328 387.62601449701157 16.67 3 3 60 61
1 0 0 0 1 0 0 0 1
1 0 0 0 1 0 0 0 1
230 57 484.84168978586456 16.67 3 3 62 63
1 0 0 0 1 0 0 0 1
1 0 0 0 1 0 0 0 1
231 185 744.3946891192497 16.67 3 3 64 65
1 0 0 0 1 0 0 0 1
1 0 0 0 1 0 0 0 1
231 292 255.7732824051925 16.67 3 3 66 67
1 0 0 0 1 0 0 0 1
1 0 0 0 1 0 0 0 1
231 263 363.11072891008683 16.67 3 3 68 69
1 0 0 0 1 0 0 0 1
1 0 0 0 1 0 0 0 1
232 103 544.2859118658961 16.67 3 3 70 71
1 0 0 0 1 0 0 0 1
1 0 0 0 1 0 0 0 1
232 104 551.866019838847 16.67 3 3 72 73
1 0 0 0 1 0 0 0 1
1 0 0 0 1 0 0 0 1
232 313 807.1409726637895 16.67 3 3 74 75
1 0 0 0 1 0 0 0 1
1 0 0 0 1 0 0 0 1
232 312 807.8946009725021 16.67 3 3 76 77
1 0 0 0 1 0 0 0 1
1 0 0 0 1 0 0 0 1
233 234 21.877181869643 16.67 3 3 78 79
1 0 0 0 1 0 0 0 1
1 0 0 0 1 0 0 0 1
233 362 845.8393692573583 16.67 3 3 80 81
1 0 0 0 1 0 0 0 1
1 0 0 0 1 0 0 0 1
233 315 678.2065068609251 16.67 3 3 82 83
1 0 0 0 1 0 0 0 1
1 0 0 0 1 0 0 0 1
234 210 1738.2157880301515 16.67 3 3 84 85
1 0 0 0 1 0 0 0 1
1 0 0 0 1 0 0 0 1
234 315 676.8042730408519 16.67 3 3 86 87
1 0 0 0 1 0 0 0 1
1 0 0 0 1 0 0 0 1
134 318 286.05322867054866 16.67 3 3 88 89
1 0 0 0 1 0 0 0 1
1 0 0 0 1 0 0 0 1
134 112 379.5437956328507 16.67 3 3 90 91
1 0 0 0 1 0 0 0 1
1 0 0 0 1 0 0 0 1
134 133 111.97122266824066 16.67 3 3 92 93
1 0 0 0 1 0 0 0 1
1 0 0 0 1 0 0 0 1
18 359 1124.1607697079785 16.67 3 3 94 95
1 0 0 0 1 0 0 0 1
1 0 0 0 1 0 0 0 1
18 178 60.865761934629596 16.67 3 3 96 97
1 0 0 0 1 0 0 0 1
1 0 0 0 1 0 0 0 1
236 309 755.071073473516 16.67 3 3 98 99
1 0 0 0 1 0 0 0 1
1 0 0 0 1 0 0 0 1
236 47 1623.8151445971102 16.67 3 3 100 101
1 0 0 0 1 0 0 0 1
1 0 0 0 1 0 0 0 1
236 48 1682.8335785397262 16.67 3 3 102 103
1 0 0 0 1 0 0 0 1
1 0 0 0 1 0 0 0 1
236 2 507.63316880193685 16.67 3 3 104 105
1 0 0 0 1 0 0 0 1
1 0 0 0 1 0 0 0 1
237 309 1276.4061300391934 16.67 3 3 106 107
1 0 0 0 1 0 0 0 1
1 0 0 0 1 0 0 0 1
237 153 1268.4595784930425 16.67 3 3 108 109
1 0 0 0 1 0 0 0 1
1 0 0 0 1 0 0 0 1
237 143 28.105298143559736 16.67 3 3 110 111
1 0 0 0 1 0 0 0 1
1 0 0 0 1 0 0 0 1
238 260 388.09746696111716 16.67 3 3 112 113
1 0 0 0 1 0 0 0 1
1 0 0 0 1 0 0 0 1
238 239 21.896452807950585 16.67 3 3 114 115
1 0 0 0 1 0 0 0 1
1 0 0 0 1 0 0 0 1
238 149 1065.3530215819233 16.67 3 3 116 117
1 0 0 0 1 0 0 0 1
1 0 0 0 1 0 0 0 1
238 6 1618.443923832413 16.67 3 3 118 119
1 0 0 0 1 0 0 0 1
1 0 0 0 1 0 0 0 1
239 322 2167.7518398629927 16.67 3 3 120 121
1 0 0 0 1 0 0 0 1
1 0 0 0 1 0 0 0 1
239 346 2174.065832174481 16.67 3 3 122 123
1 0 0 0 1 0 0 0 1
1 0 0 0 1 0 0 0 1
239 259 409.6558627115627 16.67 3 3 124 125
1 0 0 0 1 0 0 0 1
1 0 0 0 1 0 0 0 1
235 309 754.6332950810797 16.67 3 3 126 127
1 0 0 0 1 0 0 0 1
1 0 0 0 1 0 0 0 1
235 3 506.8095583443563 16.67 3 3 128 129
1 0 0 0 1 0 0 0 1
1 0 0 0 1 0 0 0 1
135 207 226.84388609968167 16.67 3 3 130 131
1 0 0 0 1 0 0 0 1
1 0 0 0 1 0 0 0 1
135 97 285.1997099180382 16.67 3 3 132 133
1 0 0 0 1 0 0 0 1
1 0 0 0 1 0 0 0 1
135 133 639.4896568786326 16.67 3 3 134 135
1 0 0 0 1 0 0 0 1
1 0 0 0 1 0 0 0 1
240 337 23.996312830540646 16.67 3 3 136 137
1 0 0 0 1 0 0 0 1
1 0 0 0 1 0 0 0 1
240 241 820.1894332916204 16.67 3 3 138 139
1 0 0 0 1 0 0 0 1
1 0 0 0 1 0 0 0 1
240 243 833.2717639754252 16.67 3 3 140 141
1 0 0 0 1 0 0 0 1
1 0 0 0 1 0 0 0 1
240 339 1038.8788469466904 16.67 3 3 142 143
1 0 0 0 1 0 0 0 1
1 0 0 0 1 0 0 0 1
241 310 1190.9594764407861 16.67 3 3 144 145
1 0 0 0 1 0 0 0 1
1 0 0 0 1 0 0 0 1
241 242 26.428963123658303 16.67 3 3 146 147
1 0 0 0 1 0 0 0 1
1 0 0 0 1 0 0 0 1
241 314 750.2591412339109 16.67 3 3 148 149
1 0 0 0 1 0 0 0 1
1 0 0 0 1 0 0 0 1
242 50 202.94084355143576 16.67 3 3 150 151
1 0 0 0 1 0 0 0 1
1 0 0 0 1 0 0 0 1
242 68 205.1589469417688 16.67 3 3 152 153
1 0 0 0 1 0 0 0 1
1 0 0 0 1 0 0 0 1
242 311 1190.069413569523 16.67 3 3 154 155
1 0 0 0 1 0 0 0 1
1 0 0 0 1 0 0 0 1
243 96 641.1584726290624 16.67 3 3 156 157
1 0 0 0 1 0 0 0 1
1 0 0 0 1 0 0 0 1
243 211 24.36727870941724 16.67 3 3 158 159
1 0 0 0 1 0 0 0 1
1 0 0 0 1 0 0 0 1
243 314 1071.684329576985 16.67 3 3 160 161
1 0 0 0 1 0 0 0 1
1 0 0 0 1 0 0 0 1
55 197 1666.5913400252155 16.67 3 3 162 163
1 0 0 0 1 0 0 0 1
1 0 0 0 1 0 0 0 1
55 273 77.1884641098059 16.67 3 3 164 165
1 0 0 0 1 0 0 0 1
1 0 0 0 1 0 0 0 1
244 210 25.19165811099752 16.67 3 3 166 167
1 0 0 0 1 0 0 0 1
1 0 0 0 1 0 0 0 1
244 314 743.5319016985574 16.67 3 3 168 169
1 0 0 0 1 0 0 0 1
1 0 0 0 1 0 0 0 1
246 188 642.0691556506699 16.67 3 3 170 171
1 0 0 0 1 0 0 0 1
1 0 0 0 1 0 0 0 1
246 173 695.4121663622573 16.67 3 3 172 173
1 0 0 0 1 0 0 0 1
1 0 0 0 1 0 0 0 1
246 163 256.68987666804935 16.67 3 3 174 175
1 0 0 0 1 0 0 0 1
1 0 0 0 1 0 0 0 1
246 164 500.6491008464005 16.67 3 3 176 177
1 0 0 0 1 0 0 0 1
1 0 0 0 1 0 0 0 1
247 37 133.85251874223908 16.67 3 3 178 179
1 0 0 0 1 0 0 0 1
1 0 0 0 1 0 0 0 1
247 291 61.22348414958818 16.67 3 3 180 181
1 0 0 0 1 0 0 0 1
1 0 0 0 1 0 0 0 1
247 294 1183.412792327835 16.67 3 3 182 183
1 0 0 0 1 0 0 0 1
1 0 0 0 1 0 0 0 1
247 295 148.01829036514238 16.67 3 3 184 185
1 0 0 0 1 0 0 0 1
1 0 0 0 1 0 0 0 1
248 172 759.3938035032828 16.67 3 3 186 187
1 0 0 0 1 0 0 0 1
1 0 0 0 1 0 0 0 1
248 182 127.62601927414592 16.67 3 3 188 189
1 0 0 0 1 0 0 0 1
1 0 0 0 1 0 0 0 1
248 289 687.2679701955691 16.67 3 3 190 191
1 0 0 0 1 0 0 0 1
1 0 0 0 1 0 0 0 1
249 188 242.83279473593146 16.67 3 3 192 193
1 0 0 0 1 0 0 0 1
1 0 0 0 1 0 0 0 1
249 203 246.89664515730738 16.67 3 3 194 195
1 0 0 0 1 0 0 0 1
1 0 0 0 1 0 0 0 1
249 331 551.2406914995329 16.67 3 3 196 197
1 0 0 0 1 0 0 0 1
1 0 0 0 1 0 0 0 1
250 251 416.2236024470966 16.67 3 3 198 199
1 0 0 0 1 0 0 0 1
1 0 0 0 1 0 0 0 1
250 252 301.4748597916799 16.67 3 3 200 201
1 0 0 0 1 0 0 0 1
1 0 0 0 1 0 0 0 1
250 37 2192.8734033712935 16.67 3 3 202 203
1 0 0 0 1 0 0 0 1
1 0 0 0 1 0 0 0 1
251 221 140.03904222241965 16.67 3 3 204 205
1 0 0 0 1 0 0 0 1
1 0 0 0 1 0 0 0 1
251 44 73.19161792277426 16.67 3 3 206 207
1 0 0 0 1 0 0 0 1
1 0 0 0 1 0 0 0 1
251 45 79.89854905157874 16.67 3 3 208 209
1 0 0 0 1 0 0 0 1
1 0 0 0 1 0 0 0 1
252 188 723.274183008585 16.67 3 3 210 211
1 0 0 0 1 0 0 0 1
1 0 0 0 1 0 0 0 1
252 253 571.6665540015495 16.67 3 3 212 213
1 0 0 0 1 0 0 0 1
1 0 0 0 1 0 0 0 1
252 221 398.82193850518695 16.67 3 3 214 215
1 0 0 0 1 0 0 0 1
1 0 0 0 1 0 0 0 1
253 298 492.90149201336277 16.67 3 3 216 217
1 0 0 0 1 0 0 0 1
1 0 0 0 1 0 0 0 1
253 254 130.58675198667473 16.67 3 3 218 219
1 0 0 0 1 0 0 0 1
1 0 0 0 1 0 0 0 1
253 332 588.1582538912926 16.67 3 3 220 221
1 0 0 0 1 0 0 0 1
1 0 0 0 1 0 0 0 1
52 257 167.71249402894017 16.67 3 3 222 223
1 0 0 0 1 0 0 0 1
1 0 0 0 1 0 0 0 1
52 340 1773.0676210202794 16.67 3 3 224 225
1 0 0 0 1 0 0 0 1
1 0 0 0 1 0 0 0 1
52 347 3616.2722942924634 16.67 3 3 226 227
1 0 0 0 1 0 0 0 1
1 0 0 0 1 0 0 0 1
7 105 37.02533758326047 16.67 3 3 228 229
1 0 0 0 1 0 0 0 1
1 0 0 0 1 0 0 0 1
7 106 116.81724206368797 16.67 3 3 230 231
1 0 0 0 1 0 0 0 1
1 0 0 0 1 0 0 0 1
7 149 1199.5354069697723 16.67 3 3 232 233
1 0 0 0 1 0 0 0 1
1 0 0 0 1 0 0 0 1
254 331 416.1273464156672 16.67 3 3 234 235
1 0 0 0 1 0 0 0 1
1 0 0 0 1 0 0 0 1
255 188 145.1165207190162 16.67 3 3 236 237
1 0 0 0 1 0 0 0 1
1 0 0 0 1 0 0 0 1
255 256 558.2058643805722 16.67 3 3 238 239
1 0 0 0 1 0 0 0 1
1 0 0 0 1 0 0 0 1
256 331 206.70713261077762 16.67 3 3 240 241
1 0 0 0 1 0 0 0 1
1 0 0 0 1 0 0 0 1
117 157 1796.5776813283587 16.67 3 3 242 243
1 0 0 0 1 0 0 0 1
1 0 0 0 1 0 0 0 1
117 271 60.702460139780555 16.67 3 3 244 245
1 0 0 0 1 0 0 0 1
1 0 0 0 1 0 0 0 1
19 20 486.3680429488308 16.67 3 3 246 247
1 0 0 0 1 0 0 0 1
1 0 0 0 1 0 0 0 1
19 177 287.83262232963364 16.67 3 3 248 249
1 0 0 0 1 0 0 0 1
1 0 0 0 1 0 0 0 1
72 73 167.83681840017223 16.67 3 3 250 251
1 0 0 0 1 0 0 0 1
1 0 0 0 1 0 0 0 1
72 222 77.30505129513094 16.67 3 3 252 253
1 0 0 0 1 0 0 0 1
1 0 0 0 1 0 0 0 1
72 268 212.02988059598448 16.67 3 3 254 255
1 0 0 0 1 0 0 0 1
1 0 0 0 1 0 0 0 1
73 168 43.8230497481288 16.67 3 3 256 257
1 0 0 0 1 0 0 0 1
1 0 0 0 1 0 0 0 1
257 305 4933.544723811502 16.67 3 3 258 259
1 0 0 0 1 0 0 0 1
1 0 0 0 1 0 0 0 1
257 81 190.07594887204442 16.67 3 3 260 261
1 0 0 0 1 0 0 0 1
1 0 0 0 1 0 0 0 1
258 354 2401.806000758879 16.67 3 3 262 263
1 0 0 0 1 0 0 0 1
1 0 0 0 1 0 0 0 1
258 80 642.1440201784768 16.67 3 3 264 265
1 0 0 0 1 0 0 0 1
1 0 0 0 1 0 0 0 1
258 136 894.050735265493 16.67 3 3 266 267
1 0 0 0 1 0 0 0 1
1 0 0 0 1 0 0 0 1
258 150 2158.5494870025514 16.67 3 3 268 269
1 0 0 0 1 0 0 0 1
1 0 0 0 1 0 0 0 1
311 130 216.5230651815833 16.67 3 3 270 271
1 0 0 0 1 0 0 0 1
1 0 0 0 1 0 0 0 1
311 310 24.98855955647631 16.67 3 3 272 273
1 0 0 0 1 0 0 0 1
1 0 0 0 1 0 0 0 1
311 365 1009.2301582691175 16.67 3 3 274 275
1 0 0 0 1 0 0 0 1
1 0 0 0 1 0 0 0 1
259 262 679.3325597657638 16.67 3 3 276 277
1 0 0 0 1 0 0 0 1
1 0 0 0 1 0 0 0 1
259 259 0.0 16.67 3 3 278 279
1 0 0 0 1 0 0 0 1
1 0 0 0 1 0 0 0 1
260 261 741.3740209228243 16.67 3 3 280 281
1 0 0 0 1 0 0 0 1
1 0 0 0 1 0 0 0 1
261 262 60.905941058748105 16.67 3 3 282 283
1 0 0 0 1 0 0 0 1
1 0 0 0 1 0 0 0 1
261 144 1074.4239402001535 16.67 3 3 284 285
1 0 0 0 1 0 0 0 1
1 0 0 0 1 0 0 0 1
261 151 1263.7947347205702 16.67 3 3 286 287
1 0 0 0 1 0 0 0 1
1 0 0 0 1 0 0 0 1
262 288 5030.685957096389 16.67 3 3 288 289
1 0 0 0 1 0 0 0 1
1 0 0 0 1 0 0 0 1
105 364 89.90077395460068 16.67 3 3 290 291
1 0 0 0 1 0 0 0 1
1 0 0 0 1 0 0 0 1
105 149 1174.4549563019314 16.67 3 3 292 293
1 0 0 0 1 0 0 0 1
1 0 0 0 1 0 0 0 1
106 364 88.41772278012833 16.67 3 3 294 295
1 0 0 0 1 0 0 0 1
1 0 0 0 1 0 0 0 1
107 21 8450.457181532653 16.67 3 3 296 297
1 0 0 0 1 0 0 0 1
1 0 0 0 1 0 0 0 1
107 364 116.1484717926806 16.67 3 3 298 299
1 0 0 0 1 0 0 0 1
1 0 0 0 1 0 0 0 1
107 348 70.58280582467867 16.67 3 3 300 301
1 0 0 0 1 0 0 0 1
1 0 0 0 1 0 0 0 1
263 60 157.28857607874178 16.67 3 3 302 303
1 0 0 0 1 0 0 0 1
1 0 0 0 1 0 0 0 1
263 284 162.31648271599116 16.67 3 3 304 305
1 0 0 0 1 0 0 0 1
1 0 0 0 1 0 0 0 1
263 300 845.1663545835881 16.67 3 3 306 307
1 0 0 0 1 0 0 0 1
1 0 0 0 1 0 0 0 1
31 190 272.78480355329276 16.67 3 3 308 309
1 0 0 0 1 0 0 0 1
1 0 0 0 1 0 0 0 1
31 123 43.38511336867268 16.67 3 3 310 311
1 0 0 0 1 0 0 0 1
1 0 0 0 1 0 0 0 1
31 203 281.19955283561734 16.67 3 3 312 313
1 0 0 0 1 0 0 0 1
1 0 0 0 1 0 0 0 1
264 265 1448.0302202614027 16.67 3 3 314 315
1 0 0 0 1 0 0 0 1
1 0 0 0 1 0 0 0 1
264 8 218.65136865520168 16.67 3 3 316 317
1 0 0 0 1 0 0 0 1
1 0 0 0 1 0 0 0 1
264 159 514.7644430749839 16.67 3 3 318 319
1 0 0 0 1 0 0 0 1
1 0 0 0 1 0 0 0 1
265 40 679.7328956572986 16.67 3 3 320 321
1 0 0 0 1 0 0 0 1
1 0 0 0 1 0 0 0 1
265 2 252.8013823422757 16.67 3 3 322 323
1 0 0 0 1 0 0 0 1
1 0 0 0 1 0 0 0 1
266 282 41.57176946042338 16.67 3 3 324 325
1 0 0 0 1 0 0 0 1
1 0 0 0 1 0 0 0 1
266 290 621.2663835243211 16.67 3 3 326 327
1 0 0 0 1 0 0 0 1
1 0 0 0 1 0 0 0 1
267 22 103.57413693252934 16.67 3 3 328 329
1 0 0 0 1 0 0 0 1
1 0 0 0 1 0 0 0 1
267 63 402.5157890478057 16.67 3 3 330 331
1 0 0 0 1 0 0 0 1
1 0 0 0 1 0 0 0 1
268 54 183.36520994570935 16.67 3 3 332 333
1 0 0 0 1 0 0 0 1
1 0 0 0 1 0 0 0 1
268 174 462.31364438375726 16.67 3 3 334 335
1 0 0 0 1 0 0 0 1
1 0 0 0 1 0 0 0 1
268 178 462.8769357186972 16.67 3 3 336 337
1 0 0 0 1 0 0 0 1
1 0 0 0 1 0 0 0 1
20 28 445.26958488899027 16.67 3 3 338 339
1 0 0 0 1 0 0 0 1
1 0 0 0 1 0 0 0 1
20 359 964.6342053908076 16.67 3 3 340 341
1 0 0 0 1 0 0 0 1
1 0 0 0 1 0 0 0 1
108 363 65.60568467731787 16.67 3 3 342 343
1 0 0 0 1 0 0 0 1
1 0 0 0 1 0 0 0 1
108 317 1000.4234221697825 16.67 3 3 344 345
1 0 0 0 1 0 0 0 1
1 0 0 0 1 0 0 0 1
108 109 131.3450760427589 16.67 3 3 346 347
1 0 0 0 1 0 0 0 1
1 0 0 0 1 0 0 0 1
270 118 146.9728043756907 16.67 3 3 348 349
1 0 0 0 1 0 0 0 1
1 0 0 0 1 0 0 0 1
270 174 46.78324232760755 16.67 3 3 350 351
1 0 0 0 1 0 0 0 1
1 0 0 0 1 0 0 0 1
109 361 2396.1324104658274 16.67 3 3 352 353
1 0 0 0 1 0 0 0 1
1 0 0 0 1 0 0 0 1
109 363 84.88452681082548 16.67 3 3 354 355
1 0 0 0 1 0 0 0 1
1 0 0 0 1 0 0 0 1
110 349 61.42261725036391 16.67 3 3 356 357
1 0 0 0 1 0 0 0 1
1 0 0 0 1 0 0 0 1
110 363 113.48546371289217 16.67 3 3 358 359
1 0 0 0 1 0 0 0 1
1 0 0 0 1 0 0 0 1
110 361 2368.118929195349 16.67 3 3 360 361
1 0 0 0 1 0 0 0 1
1 0 0 0 1 0 0 0 1
98 334 584.4982520679517 16.67 3 3 362 363
1 0 0 0 1 0 0 0 1
1 0 0 0 1 0 0 0 1
98 193 393.9358416451905 16.67 3 3 364 365
1 0 0 0 1 0 0 0 1
1 0 0 0 1 0 0 0 1
98 99 533.8386593840319 16.67 3 3 366 367
1 0 0 0 1 0 0 0 1
1 0 0 0 1 0 0 0 1
98 171 797.9029588167842 16.67 3 3 368 369
1 0 0 0 1 0 0 0 1
1 0 0 0 1 0 0 0 1
136 83 645.5077171315746 16.67 3 3 370 371
1 0 0 0 1 0 0 0 1
1 0 0 0 1 0 0 0 1
136 136 0.0 16.67 3 3 372 373
1 0 0 0 1 0 0 0 1
1 0 0 0 1 0 0 0 1
271 119 79.35183878696206 16.67 3 3 374 375
1 0 0 0 1 0 0 0 1
1 0 0 0 1 0 0 0 1
271 144 733.4046045495861 16.67 3 3 376 377
1 0 0 0 1 0 0 0 1
1 0 0 0 1 0 0 0 1
137 80 94.54880802734338 16.67 3 3 378 379
1 0 0 0 1 0 0 0 1
1 0 0 0 1 0 0 0 1
137 138 555.8797946731329 16.67 3 3 380 381
1 0 0 0 1 0 0 0 1
1 0 0 0 1 0 0 0 1
138 321 207.3477853568627 16.67 3 3 382 383
1 0 0 0 1 0 0 0 1
1 0 0 0 1 0 0 0 1
138 322 271.0675344010202 16.67 3 3 384 385
1 0 0 0 1 0 0 0 1
1 0 0 0 1 0 0 0 1
138 84 191.5405632282262 16.67 3 3 386 387
1 0 0 0 1 0 0 0 1
1 0 0 0 1 0 0 0 1
139 321 222.10852052955912 16.67 3 3 388 389
1 0 0 0 1 0 0 0 1
1 0 0 0 1 0 0 0 1
139 80 614.414022594969 16.67 3 3 390 391
1 0 0 0 1 0 0 0 1
1 0 0 0 1 0 0 0 1
139 84 233.7982447103705 16.67 3 3 392 393
1 0 0 0 1 0 0 0 1
1 0 0 0 1 0 0 0 1
140 145 927.1829019531832 16.67 3 3 394 395
1 0 0 0 1 0 0 0 1
1 0 0 0 1 0 0 0 1
140 141 1148.7570218924027 16.67 3 3 396 397
1 0 0 0 1 0 0 0 1
1 0 0 0 1 0 0 0 1
140 146 29.67351992126143 16.67 3 3 398 399
1 0 0 0 1 0 0 0 1
1 0 0 0 1 0 0 0 1
141 142 49.55157667898399 16.67 3 3 400 401
1 0 0 0 1 0 0 0 1
1 0 0 0 1 0 0 0 1
141 306 1198.434625967849 16.67 3 3 402 403
1 0 0 0 1 0 0 0 1
1 0 0 0 1 0 0 0 1
141 336 481.58488800782493 16.67 3 3 404 405
1 0 0 0 1 0 0 0 1
1 0 0 0 1 0 0 0 1
142 94 57.69588835619369 16.67 3 3 406 407
1 0 0 0 1 0 0 0 1
1 0 0 0 1 0 0 0 1
142 1 133.11351079160477 16.67 3 3 408 409
1 0 0 0 1 0 0 0 1
1 0 0 0 1 0 0 0 1
142 306 1153.0198686485826 16.67 3 3 410 411
1 0 0 0 1 0 0 0 1
1 0 0 0 1 0 0 0 1
143 153 1250.7234606225215 16.67 3 3 412 413
1 0 0 0 1 0 0 0 1
1 0 0 0 1 0 0 0 1
143 336 1426.590357143582 16.67 3 3 414 415
1 0 0 0 1 0 0 0 1
1 0 0 0 1 0 0 0 1
143 9 1347.580588416878 16.67 3 3 416 417
1 0 0 0 1 0 0 0 1
1 0 0 0 1 0 0 0 1
93 335 575.655516572228 16.67 3 3 418 419
1 0 0 0 1 0 0 0 1
1 0 0 0 1 0 0 0 1
93 319 276.34892895438503 16.67 3 3 420 421
1 0 0 0 1 0 0 0 1
1 0 0 0 1 0 0 0 1
144 194 1846.0780301138282 16.67 3 3 422 423
1 0 0 0 1 0 0 0 1
1 0 0 0 1 0 0 0 1
272 157 596.7694405854061 16.67 3 3 424 425
1 0 0 0 1 0 0 0 1
1 0 0 0 1 0 0 0 1
272 195 571.9185094273026 16.67 3 3 426 427
1 0 0 0 1 0 0 0 1
1 0 0 0 1 0 0 0 1
272 196 63.4427507710588 16.67 3 3 428 429
1 0 0 0 1 0 0 0 1
1 0 0 0 1 0 0 0 1
145 46 1181.8667786800563 16.67 3 3 430 431
1 0 0 0 1 0 0 0 1
1 0 0 0 1 0 0 0 1
145 4 484.1598842202058 16.67 3 3 432 433
1 0 0 0 1 0 0 0 1
1 0 0 0 1 0 0 0 1
145 159 2624.071186324049 16.67 3 3 434 435
1 0 0 0 1 0 0 0 1
1 0 0 0 1 0 0 0 1
61 287 646.0421011412986 16.67 3 3 436 437
1 0 0 0 1 0 0 0 1
1 0 0 0 1 0 0 0 1
61 285 62.193209293368824 16.67 3 3 438 439
1 0 0 0 1 0 0 0 1
1 0 0 0 1 0 0 0 1
146 306 954.5149444035432 16.67 3 3 440 441
1 0 0 0 1 0 0 0 1
1 0 0 0 1 0 0 0 1
273 355 677.7529841675829 16.67 3 3 442 443
1 0 0 0 1 0 0 0 1
1 0 0 0 1 0 0 0 1
62 172 1456.4139451645226 16.67 3 3 444 445
1 0 0 0 1 0 0 0 1
1 0 0 0 1 0 0 0 1
62 198 656.32230522378 16.67 3 3 446 447
1 0 0 0 1 0 0 0 1
1 0 0 0 1 0 0 0 1
62 285 143.642376104061 16.67 3 3 448 449
1 0 0 0 1 0 0 0 1
1 0 0 0 1 0 0 0 1
79 125 453.1018889619693 16.67 3 3 450 451
1 0 0 0 1 0 0 0 1
1 0 0 0 1 0 0 0 1
79 305 159.3881125015903 16.67 3 3 452 453
1 0 0 0 1 0 0 0 1
1 0 0 0 1 0 0 0 1
274 56 160.4334449564995 16.67 3 3 454 455
1 0 0 0 1 0 0 0 1
1 0 0 0 1 0 0 0 1
274 325 284.0564304704564 16.67 3 3 456 457
1 0 0 0 1 0 0 0 1
1 0 0 0 1 0 0 0 1
274 276 704.1756827753752 16.67 3 3 458 459
1 0 0 0 1 0 0 0 1
1 0 0 0 1 0 0 0 1
274 300 18.489033038417617 16.67 3 3 460 461
1 0 0 0 1 0 0 0 1
1 0 0 0 1 0 0 0 1
275 198 810.3140424602133 16.67 3 3 462 463
1 0 0 0 1 0 0 0 1
1 0 0 0 1 0 0 0 1
275 216 43.214052178573155 16.67 3 3 464 465
1 0 0 0 1 0 0 0 1
1 0 0 0 1 0 0 0 1
275 276 953.7045946637523 16.67 3 3 466 467
1 0 0 0 1 0 0 0 1
1 0 0 0 1 0 0 0 1
275 284 759.4024194200567 16.67 3 3 468 469
1 0 0 0 1 0 0 0 1
1 0 0 0 1 0 0 0 1
276 279 285.33065749402476 16.67 3 3 470 471
1 0 0 0 1 0 0 0 1
1 0 0 0 1 0 0 0 1
276 216 945.5393578803381 16.67 3 3 472 473
1 0 0 0 1 0 0 0 1
1 0 0 0 1 0 0 0 1
277 279 22.75413390425743 16.67 3 3 474 475
1 0 0 0 1 0 0 0 1
1 0 0 0 1 0 0 0 1
277 323 785.9068309834172 16.67 3 3 476 477
1 0 0 0 1 0 0 0 1
1 0 0 0 1 0 0 0 1
277 278 34.51791180153111 16.67 3 3 478 479
1 0 0 0 1 0 0 0 1
1 0 0 0 1 0 0 0 1
278 158 149.9259653848243 16.67 3 3 480 481
1 0 0 0 1 0 0 0 1
1 0 0 0 1 0 0 0 1
279 323 779.8683764715546 16.67 3 3 482 483
1 0 0 0 1 0 0 0 1
1 0 0 0 1 0 0 0 1
279 325 736.6302147084975 16.67 3 3 484 485
1 0 0 0 1 0 0 0 1
1 0 0 0 1 0 0 0 1
280 302 311.01221532210604 16.67 3 3 486 487
1 0 0 0 1 0 0 0 1
1 0 0 0 1 0 0 0 1
280 59 1128.2804191327718 16.67 3 3 488 489
1 0 0 0 1 0 0 0 1
1 0 0 0 1 0 0 0 1
280 325 351.50205853140915 16.67 3 3 490 491
1 0 0 0 1 0 0 0 1
1 0 0 0 1 0 0 0 1
280 281 541.538050044818 16.67 3 3 492 493
1 0 0 0 1 0 0 0 1
1 0 0 0 1 0 0 0 1
147 213 1025.480426875408 16.67 3 3 494 495
1 0 0 0 1 0 0 0 1
1 0 0 0 1 0 0 0 1
147 317 1584.0881832339667 16.67 3 3 496 497
1 0 0 0 1 0 0 0 1
1 0 0 0 1 0 0 0 1
147 5 66.76521111398955 16.67 3 3 498 499
1 0 0 0 1 0 0 0 1
1 0 0 0 1 0 0 0 1
147 303 68.29689285873268 16.67 3 3 500 501
1 0 0 0 1 0 0 0 1
1 0 0 0 1 0 0 0 1
148 348 390.3216868629021 16.67 3 3 502 503
1 0 0 0 1 0 0 0 1
1 0 0 0 1 0 0 0 1
148 316 601.3936961176146 16.67 3 3 504 505
1 0 0 0 1 0 0 0 1
1 0 0 0 1 0 0 0 1
148 6 705.4295215977338 16.67 3 3 506 507
1 0 0 0 1 0 0 0 1
1 0 0 0 1 0 0 0 1
149 153 38.031698018349694 16.67 3 3 508 509
1 0 0 0 1 0 0 0 1
1 0 0 0 1 0 0 0 1
281 324 353.20796515554866 16.67 3 3 510 511
1 0 0 0 1 0 0 0 1
1 0 0 0 1 0 0 0 1
281 53 611.5843595917213 16.67 3 3 512 513
1 0 0 0 1 0 0 0 1
1 0 0 0 1 0 0 0 1
281 86 606.3960179175901 16.67 3 3 514 515
1 0 0 0 1 0 0 0 1
1 0 0 0 1 0 0 0 1
150 151 531.7139762313228 16.67 3 3 516 517
1 0 0 0 1 0 0 0 1
1 0 0 0 1 0 0 0 1
150 152 34.07865711475087 16.67 3 3 518 519
1 0 0 0 1 0 0 0 1
1 0 0 0 1 0 0 0 1
150 308 557.7443981796033 16.67 3 3 520 521
1 0 0 0 1 0 0 0 1
1 0 0 0 1 0 0 0 1
151 308 90.82553589199854 16.67 3 3 522 523
1 0 0 0 1 0 0 0 1
1 0 0 0 1 0 0 0 1
282 291 314.55022172041885 16.67 3 3 524 525
1 0 0 0 1 0 0 0 1
1 0 0 0 1 0 0 0 1
282 299 149.36610640076574 16.67 3 3 526 527
1 0 0 0 1 0 0 0 1
1 0 0 0 1 0 0 0 1
34 190 548.3394486630243 16.67 3 3 528 529
1 0 0 0 1 0 0 0 1
1 0 0 0 1 0 0 0 1
34 32 60.306666731183945 16.67 3 3 530 531
1 0 0 0 1 0 0 0 1
1 0 0 0 1 0 0 0 1
34 114 60.13323348247908 16.67 3 3 532 533
1 0 0 0 1 0 0 0 1
1 0 0 0 1 0 0 0 1
152 152 0.0 16.67 3 3 534 535
1 0 0 0 1 0 0 0 1
1 0 0 0 1 0 0 0 1
152 153 611.617886475772 16.67 3 3 536 537
1 0 0 0 1 0 0 0 1
1 0 0 0 1 0 0 0 1
284 56 910.9570180285151 16.67 3 3 538 539
1 0 0 0 1 0 0 0 1
1 0 0 0 1 0 0 0 1
284 283 162.6329438321302 16.67 3 3 540 541
1 0 0 0 1 0 0 0 1
1 0 0 0 1 0 0 0 1
283 60 171.50563915473097 16.67 3 3 542 543
1 0 0 0 1 0 0 0 1
1 0 0 0 1 0 0 0 1
283 285 901.3024899647444 16.67 3 3 544 545
1 0 0 0 1 0 0 0 1
1 0 0 0 1 0 0 0 1
286 205 475.81778017288883 16.67 3 3 546 547
1 0 0 0 1 0 0 0 1
1 0 0 0 1 0 0 0 1
286 180 400.54793486044093 16.67 3 3 548 549
1 0 0 0 1 0 0 0 1
1 0 0 0 1 0 0 0 1
286 351 209.50959586170123 16.67 3 3 550 551
1 0 0 0 1 0 0 0 1
1 0 0 0 1 0 0 0 1
287 185 175.6315676996965 16.67 3 3 552 553
1 0 0 0 1 0 0 0 1
1 0 0 0 1 0 0 0 1
287 180 431.64109205419146 16.67 3 3 554 555
1 0 0 0 1 0 0 0 1
1 0 0 0 1 0 0 0 1
154 368 984.1140753319579 16.67 3 3 556 557
1 0 0 0 1 0 0 0 1
1 0 0 0 1 0 0 0 1
154 155 1814.619438721934 16.67 3 3 558 559
1 0 0 0 1 0 0 0 1
1 0 0 0 1 0 0 0 1
289 181 464.2968061985189 16.67 3 3 560 561
1 0 0 0 1 0 0 0 1
1 0 0 0 1 0 0 0 1
155 354 1492.9121336170515 16.67 3 3 562 563
1 0 0 0 1 0 0 0 1
1 0 0 0 1 0 0 0 1
155 76 1093.4039714688765 16.67 3 3 564 565
1 0 0 0 1 0 0 0 1
1 0 0 0 1 0 0 0 1
288 182 535.3171240825955 16.67 3 3 566 567
1 0 0 0 1 0 0 0 1
1 0 0 0 1 0 0 0 1
290 302 751.467500075126 16.67 3 3 568 569
1 0 0 0 1 0 0 0 1
1 0 0 0 1 0 0 0 1
290 292 162.4855832840758 16.67 3 3 570 571
1 0 0 0 1 0 0 0 1
1 0 0 0 1 0 0 0 1
291 296 95.07091790271132 16.67 3 3 572 573
1 0 0 0 1 0 0 0 1
1 0 0 0 1 0 0 0 1
291 352 513.7623355882808 16.67 3 3 574 575
1 0 0 0 1 0 0 0 1
1 0 0 0 1 0 0 0 1
292 293 539.4775435434697 16.67 3 3 576 577
1 0 0 0 1 0 0 0 1
1 0 0 0 1 0 0 0 1
293 335 176.26021886966686 16.67 3 3 578 579
1 0 0 0 1 0 0 0 1
1 0 0 0 1 0 0 0 1
157 196 638.0275005138269 16.67 3 3 580 581
1 0 0 0 1 0 0 0 1
1 0 0 0 1 0 0 0 1
157 156 606.4989171429022 16.67 3 3 582 583
1 0 0 0 1 0 0 0 1
1 0 0 0 1 0 0 0 1
158 14 878.301303458392 16.67 3 3 584 585
1 0 0 0 1 0 0 0 1
1 0 0 0 1 0 0 0 1
158 58 137.82286420428716 16.67 3 3 586 587
1 0 0 0 1 0 0 0 1
1 0 0 0 1 0 0 0 1
294 331 271.718615431194 16.67 3 3 588 589
1 0 0 0 1 0 0 0 1
1 0 0 0 1 0 0 0 1
294 298 25.431094453475147 16.67 3 3 590 591
1 0 0 0 1 0 0 0 1
1 0 0 0 1 0 0 0 1
294 207 1008.0313937709298 16.67 3 3 592 593
1 0 0 0 1 0 0 0 1
1 0 0 0 1 0 0 0 1
295 296 40.05417504282643 16.67 3 3 594 595
1 0 0 0 1 0 0 0 1
1 0 0 0 1 0 0 0 1
295 220 523.7654501835988 16.67 3 3 596 597
1 0 0 0 1 0 0 0 1
1 0 0 0 1 0 0 0 1
296 299 449.71883840910897 16.67 3 3 598 599
1 0 0 0 1 0 0 0 1
1 0 0 0 1 0 0 0 1
159 160 31.374582044059398 16.67 3 3 600 601
1 0 0 0 1 0 0 0 1
1 0 0 0 1 0 0 0 1
159 65 3455.825044159704 16.67 3 3 602 603
1 0 0 0 1 0 0 0 1
1 0 0 0 1 0 0 0 1
298 207 1023.8806757866556 16.67 3 3 604 605
1 0 0 0 1 0 0 0 1
1 0 0 0 1 0 0 0 1
299 87 168.3322984710485 16.67 3 3 606 607
1 0 0 0 1 0 0 0 1
1 0 0 0 1 0 0 0 1
299 350 165.12339612810212 16.67 3 3 608 609
1 0 0 0 1 0 0 0 1
1 0 0 0 1 0 0 0 1
161 17 465.52146338772786 16.67 3 3 610 611
1 0 0 0 1 0 0 0 1
1 0 0 0 1 0 0 0 1
161 301 702.4971395355627 16.67 3 3 612 613
1 0 0 0 1 0 0 0 1
1 0 0 0 1 0 0 0 1
160 89 251.61972116210538 16.67 3 3 614 615
1 0 0 0 1 0 0 0 1
1 0 0 0 1 0 0 0 1
160 90 253.98813379379826 16.67 3 3 616 617
1 0 0 0 1 0 0 0 1
1 0 0 0 1 0 0 0 1
160 64 3452.2924944642464 16.67 3 3 618 619
1 0 0 0 1 0 0 0 1
1 0 0 0 1 0 0 0 1
162 13 447.3262906790716 16.67 3 3 620 621
1 0 0 0 1 0 0 0 1
1 0 0 0 1 0 0 0 1
162 301 713.9964976485978 16.67 3 3 622 623
1 0 0 0 1 0 0 0 1
1 0 0 0 1 0 0 0 1
301 302 510.16936266923176 16.67 3 3 624 625
1 0 0 0 1 0 0 0 1
1 0 0 0 1 0 0 0 1
301 350 386.47896276070463 16.67 3 3 626 627
1 0 0 0 1 0 0 0 1
1 0 0 0 1 0 0 0 1
302 300 354.3999285918381 16.67 3 3 628 629
1 0 0 0 1 0 0 0 1
1 0 0 0 1 0 0 0 1
163 203 426.1201624628629 16.67 3 3 630 631
1 0 0 0 1 0 0 0 1
1 0 0 0 1 0 0 0 1
163 169 571.0386681293204 16.67 3 3 632 633
1 0 0 0 1 0 0 0 1
1 0 0 0 1 0 0 0 1
163 192 309.1307213416394 16.67 3 3 634 635
1 0 0 0 1 0 0 0 1
1 0 0 0 1 0 0 0 1
164 15 476.72040328085546 16.67 3 3 636 637
1 0 0 0 1 0 0 0 1
1 0 0 0 1 0 0 0 1
164 189 597.8899649308477 16.67 3 3 638 639
1 0 0 0 1 0 0 0 1
1 0 0 0 1 0 0 0 1
164 175 803.757542994926 16.67 3 3 640 641
1 0 0 0 1 0 0 0 1
1 0 0 0 1 0 0 0 1
304 362 534.588435037358 16.67 3 3 642 643
1 0 0 0 1 0 0 0 1
1 0 0 0 1 0 0 0 1
304 312 1878.133915338516 16.67 3 3 644 645
1 0 0 0 1 0 0 0 1
1 0 0 0 1 0 0 0 1
304 127 895.1211154067905 16.67 3 3 646 647
1 0 0 0 1 0 0 0 1
1 0 0 0 1 0 0 0 1
304 315 1041.132902218877 16.67 3 3 648 649
1 0 0 0 1 0 0 0 1
1 0 0 0 1 0 0 0 1
300 325 293.8212644704851 16.67 3 3 650 651
1 0 0 0 1 0 0 0 1
1 0 0 0 1 0 0 0 1
165 131 643.073782350697 16.67 3 3 652 653
1 0 0 0 1 0 0 0 1
1 0 0 0 1 0 0 0 1
165 169 798.8393697021758 16.67 3 3 654 655
1 0 0 0 1 0 0 0 1
1 0 0 0 1 0 0 0 1
165 353 580.2882547662335 16.67 3 3 656 657
1 0 0 0 1 0 0 0 1
1 0 0 0 1 0 0 0 1
165 175 198.32135202487325 16.67 3 3 658 659
1 0 0 0 1 0 0 0 1
1 0 0 0 1 0 0 0 1
166 190 383.0762054121304 16.67 3 3 660 661
1 0 0 0 1 0 0 0 1
1 0 0 0 1 0 0 0 1
305 323 367.37823976000146 16.67 3 3 662 663
1 0 0 0 1 0 0 0 1
1 0 0 0 1 0 0 0 1
305 14 146.84493680796047 16.67 3 3 664 665
1 0 0 0 1 0 0 0 1
1 0 0 0 1 0 0 0 1
303 213 1005.6738772115193 16.67 3 3 666 667
1 0 0 0 1 0 0 0 1
1 0 0 0 1 0 0 0 1
303 5 49.92423082817958 16.67 3 3 668 669
1 0 0 0 1 0 0 0 1
1 0 0 0 1 0 0 0 1
167 179 341.5718304696839 16.67 3 3 670 671
1 0 0 0 1 0 0 0 1
1 0 0 0 1 0 0 0 1
167 21 298.7657755268161 16.67 3 3 672 673
1 0 0 0 1 0 0 0 1
1 0 0 0 1 0 0 0 1
167 174 166.064899153753 16.67 3 3 674 675
1 0 0 0 1 0 0 0 1
1 0 0 0 1 0 0 0 1
133 132 79.08834032938395 16.67 3 3 676 677
1 0 0 0 1 0 0 0 1
1 0 0 0 1 0 0 0 1
307 309 1628.7956123275378 16.67 3 3 678 679
1 0 0 0 1 0 0 0 1
1 0 0 0 1 0 0 0 1
307 310 1011.9027552634161 16.67 3 3 680 681
1 0 0 0 1 0 0 0 1
1 0 0 0 1 0 0 0 1
307 365 22.777454505929246 16.67 3 3 682 683
1 0 0 0 1 0 0 0 1
1 0 0 0 1 0 0 0 1
307 49 329.915369508077 16.67 3 3 684 685
1 0 0 0 1 0 0 0 1
1 0 0 0 1 0 0 0 1
308 336 20.47041105138888 16.67 3 3 686 687
1 0 0 0 1 0 0 0 1
1 0 0 0 1 0 0 0 1
168 170 742.004369553971 16.67 3 3 688 689
1 0 0 0 1 0 0 0 1
1 0 0 0 1 0 0 0 1
168 71 535.8516371360947 16.67 3 3 690 691
1 0 0 0 1 0 0 0 1
1 0 0 0 1 0 0 0 1
168 353 374.147553408114 16.67 3 3 692 693
1 0 0 0 1 0 0 0 1
1 0 0 0 1 0 0 0 1
169 176 1153.2993716349706 16.67 3 3 694 695
1 0 0 0 1 0 0 0 1
1 0 0 0 1 0 0 0 1
169 191 243.0738411286685 16.67 3 3 696 697
1 0 0 0 1 0 0 0 1
1 0 0 0 1 0 0 0 1
170 178 42.19831559570263 16.67 3 3 698 699
1 0 0 0 1 0 0 0 1
1 0 0 0 1 0 0 0 1
312 317 609.4907957459334 16.67 3 3 700 701
1 0 0 0 1 0 0 0 1
1 0 0 0 1 0 0 0 1
312 313 24.46620960869697 16.67 3 3 702 703
1 0 0 0 1 0 0 0 1
1 0 0 0 1 0 0 0 1
313 200 6709.182253454591 16.67 3 3 704 705
1 0 0 0 1 0 0 0 1
1 0 0 0 1 0 0 0 1
313 316 611.1958023516202 16.67 3 3 706 707
1 0 0 0 1 0 0 0 1
1 0 0 0 1 0 0 0 1
171 179 598.7288271915354 16.67 3 3 708 709
1 0 0 0 1 0 0 0 1
1 0 0 0 1 0 0 0 1
171 24 364.1277721349024 16.67 3 3 710 711
1 0 0 0 1 0 0 0 1
1 0 0 0 1 0 0 0 1
171 113 432.243772604581 16.67 3 3 712 713
1 0 0 0 1 0 0 0 1
1 0 0 0 1 0 0 0 1
172 201 899.9373113976075 16.67 3 3 714 715
1 0 0 0 1 0 0 0 1
1 0 0 0 1 0 0 0 1
172 196 3908.376233197104 16.67 3 3 716 717
1 0 0 0 1 0 0 0 1
1 0 0 0 1 0 0 0 1
315 215 848.0901360573199 16.67 3 3 718 719
1 0 0 0 1 0 0 0 1
1 0 0 0 1 0 0 0 1
173 175 368.4061968132723 16.67 3 3 720 721
1 0 0 0 1 0 0 0 1
1 0 0 0 1 0 0 0 1
310 339 749.712212856015 16.67 3 3 722 723
1 0 0 0 1 0 0 0 1
1 0 0 0 1 0 0 0 1
318 69 664.7492967692123 16.67 3 3 724 725
1 0 0 0 1 0 0 0 1
1 0 0 0 1 0 0 0 1
174 269 46.52801351987603 16.67 3 3 726 727
1 0 0 0 1 0 0 0 1
1 0 0 0 1 0 0 0 1
314 210 749.7896672812017 16.67 3 3 728 729
1 0 0 0 1 0 0 0 1
1 0 0 0 1 0 0 0 1
317 316 21.43062454922377 16.67 3 3 730 731
1 0 0 0 1 0 0 0 1
1 0 0 0 1 0 0 0 1
316 346 756.3571956450853 16.67 3 3 732 733
1 0 0 0 1 0 0 0 1
1 0 0 0 1 0 0 0 1
176 184 279.39698790217204 16.67 3 3 734 735
1 0 0 0 1 0 0 0 1
1 0 0 0 1 0 0 0 1
21 100 495.97574019286947 16.67 3 3 736 737
1 0 0 0 1 0 0 0 1
1 0 0 0 1 0 0 0 1
39 209 722.6714875949292 16.67 3 3 738 739
1 0 0 0 1 0 0 0 1
1 0 0 0 1 0 0 0 1
39 356 987.1179668909075 16.67 3 3 740 741
1 0 0 0 1 0 0 0 1
1 0 0 0 1 0 0 0 1
319 201 330.41674571202833 16.67 3 3 742 743
1 0 0 0 1 0 0 0 1
1 0 0 0 1 0 0 0 1
319 122 91.78529286861158 16.67 3 3 744 745
1 0 0 0 1 0 0 0 1
1 0 0 0 1 0 0 0 1
100 29 443.63228133112614 16.67 3 3 746 747
1 0 0 0 1 0 0 0 1
1 0 0 0 1 0 0 0 1
100 353 936.5463618215009 16.67 3 3 748 749
1 0 0 0 1 0 0 0 1
1 0 0 0 1 0 0 0 1
177 179 328.0865192799045 16.67 3 3 750 751
1 0 0 0 1 0 0 0 1
1 0 0 0 1 0 0 0 1
177 178 153.06738152205781 16.67 3 3 752 753
1 0 0 0 1 0 0 0 1
1 0 0 0 1 0 0 0 1
179 116 846.8374849403657 16.67 3 3 754 755
1 0 0 0 1 0 0 0 1
1 0 0 0 1 0 0 0 1
180 183 588.603021849756 16.67 3 3 756 757
1 0 0 0 1 0 0 0 1
1 0 0 0 1 0 0 0 1
181 182 102.97859275662434 16.67 3 3 758 759
1 0 0 0 1 0 0 0 1
1 0 0 0 1 0 0 0 1
183 111 38.6308950696756 16.67 3 3 760 761
1 0 0 0 1 0 0 0 1
1 0 0 0 1 0 0 0 1
321 322 65.07499039225122 16.67 3 3 762 763
1 0 0 0 1 0 0 0 1
1 0 0 0 1 0 0 0 1
322 76 162.8265470556952 16.67 3 3 764 765
1 0 0 0 1 0 0 0 1
1 0 0 0 1 0 0 0 1
184 193 363.11799109471946 16.67 3 3 766 767
1 0 0 0 1 0 0 0 1
1 0 0 0 1 0 0 0 1
185 60 950.3719838615398 16.67 3 3 768 769
1 0 0 0 1 0 0 0 1
1 0 0 0 1 0 0 0 1
186 24 309.15759461101527 16.67 3 3 770 771
1 0 0 0 1 0 0 0 1
1 0 0 0 1 0 0 0 1
186 23 351.37842208773003 16.67 3 3 772 773
1 0 0 0 1 0 0 0 1
1 0 0 0 1 0 0 0 1
64 11 290.39358820598875 16.67 3 3 774 775
1 0 0 0 1 0 0 0 1
1 0 0 0 1 0 0 0 1
64 65 23.91640745800066 16.67 3 3 776 777
1 0 0 0 1 0 0 0 1
1 0 0 0 1 0 0 0 1
65 10 287.79968283996607 16.67 3 3 778 779
1 0 0 0 1 0 0 0 1
1 0 0 0 1 0 0 0 1
9 336 79.91564460189473 16.67 3 3 780 781
1 0 0 0 1 0 0 0 1
1 0 0 0 1 0 0 0 1
35 190 547.7108774619212 16.67 3 3 782 783
1 0 0 0 1 0 0 0 1
1 0 0 0 1 0 0 0 1
35 124 58.36775911769509 16.67 3 3 784 785
1 0 0 0 1 0 0 0 1
1 0 0 0 1 0 0 0 1
35 33 58.3986752246442 16.67 3 3 786 787
1 0 0 0 1 0 0 0 1
1 0 0 0 1 0 0 0 1
326 101 812.3706328449329 16.67 3 3 788 789
1 0 0 0 1 0 0 0 1
1 0 0 0 1 0 0 0 1
326 218 4530.660576006068 16.67 3 3 790 791
1 0 0 0 1 0 0 0 1
1 0 0 0 1 0 0 0 1
326 85 1575.7592172827276 16.67 3 3 792 793
1 0 0 0 1 0 0 0 1
1 0 0 0 1 0 0 0 1
187 189 377.1722193374638 16.67 3 3 794 795
1 0 0 0 1 0 0 0 1
1 0 0 0 1 0 0 0 1
187 27 249.38049550766794 16.67 3 3 796 797
1 0 0 0 1 0 0 0 1
1 0 0 0 1 0 0 0 1
187 26 252.2693482889617 16.67 3 3 798 799
1 0 0 0 1 0 0 0 1
1 0 0 0 1 0 0 0 1
329 91 9409.607240045665 16.67 3 3 800 801
1 0 0 0 1 0 0 0 1
1 0 0 0 1 0 0 0 1
329 115 1000.1783913558447 16.67 3 3 802 803
1 0 0 0 1 0 0 0 1
1 0 0 0 1 0 0 0 1
329 92 9416.352304491767 16.67 3 3 804 805
1 0 0 0 1 0 0 0 1
1 0 0 0 1 0 0 0 1
191 42 2701.419636369925 16.67 3 3 806 807
1 0 0 0 1 0 0 0 1
1 0 0 0 1 0 0 0 1
191 218 2629.8553282564044 16.67 3 3 808 809
1 0 0 0 1 0 0 0 1
1 0 0 0 1 0 0 0 1
191 192 556.6020914598214 16.67 3 3 810 811
1 0 0 0 1 0 0 0 1
1 0 0 0 1 0 0 0 1
192 43 3655.7383925190097 16.67 3 3 812 813
1 0 0 0 1 0 0 0 1
1 0 0 0 1 0 0 0 1
192 351 1291.0017858796998 16.67 3 3 814 815
1 0 0 0 1 0 0 0 1
1 0 0 0 1 0 0 0 1
332 333 1274.5822632005074 16.67 3 3 816 817
1 0 0 0 1 0 0 0 1
1 0 0 0 1 0 0 0 1
332 297 46.17901154877539 16.67 3 3 818 819
1 0 0 0 1 0 0 0 1
1 0 0 0 1 0 0 0 1
59 207 1019.721480308162 16.67 3 3 820 821
1 0 0 0 1 0 0 0 1
1 0 0 0 1 0 0 0 1
193 217 465.69815950812654 16.67 3 3 822 823
1 0 0 0 1 0 0 0 1
1 0 0 0 1 0 0 0 1
337 215 605.0631772943465 16.67 3 3 826 827
1 0 0 0 1 0 0 0 1
1 0 0 0 1 0 0 0 1
337 211 827.4364841415696 16.67 3 3 828 829
1 0 0 0 1 0 0 0 1
1 0 0 0 1 0 0 0 1
337 339 1040.645679208132 16.67 3 3 830 831
1 0 0 0 1 0 0 0 1
1 0 0 0 1 0 0 0 1
195 355 159.18090054552255 16.67 3 3 832 833
1 0 0 0 1 0 0 0 1
1 0 0 0 1 0 0 0 1
195 356 220.99170179056892 16.67 3 3 834 835
1 0 0 0 1 0 0 0 1
1 0 0 0 1 0 0 0 1
197 198 151.86793029127162 16.67 3 3 836 837
1 0 0 0 1 0 0 0 1
1 0 0 0 1 0 0 0 1
197 216 683.1065704049092 16.67 3 3 838 839
1 0 0 0 1 0 0 0 1
1 0 0 0 1 0 0 0 1
36 123 41.66171557929085 16.67 3 3 840 841
1 0 0 0 1 0 0 0 1
1 0 0 0 1 0 0 0 1
36 203 280.8319377969387 16.67 3 3 842 843
1 0 0 0 1 0 0 0 1
1 0 0 0 1 0 0 0 1
115 366 425.84334400280216 16.67 3 3 844 845
1 0 0 0 1 0 0 0 1
1 0 0 0 1 0 0 0 1
115 330 249.19089684867436 16.67 3 3 846 847
1 0 0 0 1 0 0 0 1
1 0 0 0 1 0 0 0 1
10 11 23.20323564628802 16.67 3 3 848 849
1 0 0 0 1 0 0 0 1
1 0 0 0 1 0 0 0 1
199 200 36.977361133404365 16.67 3 3 850 851
1 0 0 0 1 0 0 0 1
1 0 0 0 1 0 0 0 1
199 70 76.45018981190839 16.67 3 3 852 853
1 0 0 0 1 0 0 0 1
1 0 0 0 1 0 0 0 1
199 42 4478.9914429738255 16.67 3 3 854 855
1 0 0 0 1 0 0 0 1
1 0 0 0 1 0 0 0 1
199 367 673.1201791933896 16.67 3 3 856 857
1 0 0 0 1 0 0 0 1
1 0 0 0 1 0 0 0 1
339 360 787.0035532583017 16.67 3 3 858 859
1 0 0 0 1 0 0 0 1
1 0 0 0 1 0 0 0 1
200 30 648.2854386754586 16.67 3 3 860 861
1 0 0 0 1 0 0 0 1
1 0 0 0 1 0 0 0 1
42 217 572.6713578727214 16.67 3 3 862 863
1 0 0 0 1 0 0 0 1
1 0 0 0 1 0 0 0 1
340 327 200.41908428017732 16.67 3 3 864 865
1 0 0 0 1 0 0 0 1
1 0 0 0 1 0 0 0 1
340 82 1688.0304860094811 16.67 3 3 866 867
1 0 0 0 1 0 0 0 1
1 0 0 0 1 0 0 0 1
341 346 1064.0546981240313 16.67 3 3 868 869
1 0 0 0 1 0 0 0 1
1 0 0 0 1 0 0 0 1
341 342 242.0607666916368 16.67 3 3 870 871
1 0 0 0 1 0 0 0 1
1 0 0 0 1 0 0 0 1
342 104 378.08314096919094 16.67 3 3 872 873
1 0 0 0 1 0 0 0 1
1 0 0 0 1 0 0 0 1
128 208 850.9532494206147 16.67 3 3 874 875
1 0 0 0 1 0 0 0 1
1 0 0 0 1 0 0 0 1
128 129 65.37818982472533 16.67 3 3 876 877
1 0 0 0 1 0 0 0 1
1 0 0 0 1 0 0 0 1
128 223 1339.6319166208923 16.67 3 3 878 879
1 0 0 0 1 0 0 0 1
1 0 0 0 1 0 0 0 1
343 345 256.2158419773731 16.67 3 3 880 881
1 0 0 0 1 0 0 0 1
1 0 0 0 1 0 0 0 1
343 344 57.82236864200095 16.67 3 3 882 883
1 0 0 0 1 0 0 0 1
1 0 0 0 1 0 0 0 1
343 103 323.7527413755432 16.67 3 3 884 885
1 0 0 0 1 0 0 0 1
1 0 0 0 1 0 0 0 1
344 346 1312.6017689684968 16.67 3 3 886 887
1 0 0 0 1 0 0 0 1
1 0 0 0 1 0 0 0 1
344 104 321.90596873297613 16.67 3 3 888 889
1 0 0 0 1 0 0 0 1
1 0 0 0 1 0 0 0 1
348 364 98.97626935588553 16.67 3 3 890 891
1 0 0 0 1 0 0 0 1
1 0 0 0 1 0 0 0 1
349 363 87.21452534092639 16.67 3 3 892 893
1 0 0 0 1 0 0 0 1
1 0 0 0 1 0 0 0 1
129 208 911.5921968410664 16.67 3 3 894 895
1 0 0 0 1 0 0 0 1
1 0 0 0 1 0 0 0 1
129 4 1427.5439892894485 16.67 3 3 896 897
1 0 0 0 1 0 0 0 1
1 0 0 0 1 0 0 0 1
350 352 123.86014533130962 16.67 3 3 898 899
1 0 0 0 1 0 0 0 1
1 0 0 0 1 0 0 0 1
351 205 266.45024561904864 16.67 3 3 900 901
1 0 0 0 1 0 0 0 1
1 0 0 0 1 0 0 0 1
201 219 286.0581601998991 16.67 3 3 902 903
1 0 0 0 1 0 0 0 1
1 0 0 0 1 0 0 0 1
201 202 305.75815251111175 16.67 3 3 904 905
1 0 0 0 1 0 0 0 1
1 0 0 0 1 0 0 0 1
202 206 537.4526520111672 16.67 3 3 906 907
1 0 0 0 1 0 0 0 1
1 0 0 0 1 0 0 0 1
87 204 674.4485487386543 16.67 3 3 908 909
1 0 0 0 1 0 0 0 1
1 0 0 0 1 0 0 0 1
204 219 578.6666392379284 16.67 3 3 910 911
1 0 0 0 1 0 0 0 1
1 0 0 0 1 0 0 0 1
204 121 404.45222284570605 16.67 3 3 912 913
1 0 0 0 1 0 0 0 1
1 0 0 0 1 0 0 0 1
205 37 898.4321564804624 16.67 3 3 914 915
1 0 0 0 1 0 0 0 1
1 0 0 0 1 0 0 0 1
97 297 541.9039107953433 16.67 3 3 916 917
1 0 0 0 1 0 0 0 1
1 0 0 0 1 0 0 0 1
97 338 691.9720468545443 16.67 3 3 918 919
1 0 0 0 1 0 0 0 1
1 0 0 0 1 0 0 0 1
4 245 1274.7166108297224 16.67 3 3 920 921
1 0 0 0 1 0 0 0 1
1 0 0 0 1 0 0 0 1
23 113 279.3998683336149 16.67 3 3 922 923
1 0 0 0 1 0 0 0 1
1 0 0 0 1 0 0 0 1
209 208 25.88666376242893 16.67 3 3 924 925
1 0 0 0 1 0 0 0 1
1 0 0 0 1 0 0 0 1
209 223 1158.5714289504072 16.67 3 3 926 927
1 0 0 0 1 0 0 0 1
1 0 0 0 1 0 0 0 1
208 223 1160.200495476861 16.67 3 3 928 929
1 0 0 0 1 0 0 0 1
1 0 0 0 1 0 0 0 1
355 356 109.58267438521558 16.67 3 3 930 931
1 0 0 0 1 0 0 0 1
1 0 0 0 1 0 0 0 1
355 357 1801.1187556390173 16.67 3 3 932 933
1 0 0 0 1 0 0 0 1
1 0 0 0 1 0 0 0 1
357 358 561.3401296371989 16.67 3 3 934 935
1 0 0 0 1 0 0 0 1
1 0 0 0 1 0 0 0 1
357 223 47.87764883087745 16.67 3 3 936 937
1 0 0 0 1 0 0 0 1
1 0 0 0 1 0 0 0 1
358 88 4837.397406393906 16.67 3 3 938 939
1 0 0 0 1 0 0 0 1
1 0 0 0 1 0 0 0 1
358 120 4297.919001988562 16.67 3 3 940 941
1 0 0 0 1 0 0 0 1
1 0 0 0 1 0 0 0 1
121 122 78.59125571373704 16.67 3 3 942 943
1 0 0 0 1 0 0 0 1
1 0 0 0 1 0 0 0 1
122 123 1344.9889499304131 16.67 3 3 944 945
1 0 0 0 1 0 0 0 1
1 0 0 0 1 0 0 0 1
211 95 643.1262635156587 16.67 3 3 946 947
1 0 0 0 1 0 0 0 1
1 0 0 0 1 0 0 0 1
213 212 40.85515056417497 16.67 3 3 948 949
1 0 0 0 1 0 0 0 1
1 0 0 0 1 0 0 0 1
212 214 33.948627010824424 16.67 3 3 950 951
1 0 0 0 1 0 0 0 1
1 0 0 0 1 0 0 0 1
214 215 249.2302151621369 16.67 3 3 952 953
1 0 0 0 1 0 0 0 1
1 0 0 0 1 0 0 0 1
215 361 1026.8331841157633 16.67 3 3 954 955
1 0 0 0 1 0 0 0 1
1 0 0 0 1 0 0 0 1
127 126 499.0529117215669 16.67 3 3 956 957
1 0 0 0 1 0 0 0 1
1 0 0 0 1 0 0 0 1
360 361 23.576664422319766 16.67 3 3 958 959
1 0 0 0 1 0 0 0 1
1 0 0 0 1 0 0 0 1
365 66 63.413608792444656 16.67 3 3 960 961
1 0 0 0 1 0 0 0 1
1 0 0 0 1 0 0 0 1
365 67 65.78195046874062 16.67 3 3 962 963
1 0 0 0 1 0 0 0 1
1 0 0 0 1 0 0 0 1
217 218 498.05212176397265 16.67 3 3 964 965
1 0 0 0 1 0 0 0 1
1 0 0 0 1 0 0 0 1
113 24 69.89091902675047 16.67 3 3 966 967
1 0 0 0 1 0 0 0 1
1 0 0 0 1 0 0 0 1
84 320 169.91857892787013 16.67 3 3 968 969
1 0 0 0 1 0 0 0 1
1 0 0 0 1 0 0 0 1
2 3 25.137513500209213 16.67 3 3 970 971
1 0 0 0 1 0 0 0 1
1 0 0 0 1 0 0 0 1
3 41 932.4177972725797 16.67 3 3 972 973
1 0 0 0 1 0 0 0 1
1 0 0 0 1 0 0 0 1
221 51 70.02284158411265 16.67 3 3 974 975
1 0 0 0 1 0 0 0 1
1 0 0 0 1 0 0 0 1
221 77 174.804948851258 16.67 3 3 976 977
1 0 0 0 1 0 0 0 1
1 0 0 0 1 0 0 0 1
222 74 266.895141861646 16.67 3 3 978 979
1 0 0 0 1 0 0 0 1
1 0 0 0 1 0 0 0 1
224
2 970 105 -1 323
3 -1 129 971 972
4 897 433 920 -1
7 230 -1 228 232
19 248 -1 49 246
20 338 247 -1 340
21 673 -1 297 736
23 53 773 -1 922
24 711 771 967 -1
25 48 52 50 -1
31 308 -1 310 312
34 532 530 528 -1
35 784 -1 782 786
37 203 915 179 -1
42 862 855 -1 807
52 224 226 -1 222
60 769 543 303 -1
62 444 -1 446 448
64 776 619 -1 774
65 -1 603 777 778
72 252 254 250 -1
75 34 38 36 -1
80 379 391 265 -1
84 387 -1 968 393
93 -1 420 15 418
97 -1 916 133 918
98 366 368 364 362
100 746 737 -1 748
102 -1 22 26 24
103 885 -1 71 23
104 889 -1 73 873
105 229 290 -1 292
106 51 -1 294 231
107 296 300 298 -1
108 -1 344 346 342
109 354 347 352 -1
110 358 -1 360 356
113 966 923 -1 713
115 844 846 803 -1
122 944 -1 745 943
123 311 841 945 -1
128 874 -1 876 878
129 894 -1 896 877
133 135 -1 676 93
134 90 92 88 -1
135 132 -1 130 134
136 373 267 372 370
138 384 382 386 381
139 -1 388 392 390
140 398 396 394 -1
141 400 404 397 402
142 408 406 401 410
143 416 412 111 414
144 377 285 -1 422
145 395 430 434 432
147 496 498 494 500
148 506 504 -1 502
149 117 293 508 233
150 516 269 518 520
151 287 517 522 -1
152 535 536 534 519
153 509 109 413 537
155 -1 559 562 564
157 582 243 425 580
158 481 586 -1 584
159 435 319 600 602
160 601 614 616 618
163 175 632 634 630
164 636 640 177 638
165 652 656 654 658
167 -1 672 670 674
168 690 257 688 692
169 655 694 696 633
171 708 710 712 369
172 445 187 716 714
174 726 351 675 335
175 659 -1 721 641
177 -1 249 750 752
178 337 753 97 699
179 671 754 709 751
180 549 756 -1 555
182 -1 567 759 189
183 760 -1 35 757
185 7 553 65 768
187 796 -1 794 798
188 237 171 193 211
190 529 661 309 783
191 697 808 806 810
192 635 811 814 812
193 365 822 -1 767
195 427 -1 834 832
196 717 581 429 -1
197 836 -1 163 838
198 447 -1 837 463
199 852 850 856 854
200 -1 851 705 860
201 904 715 743 902
203 313 843 631 195
204 910 912 -1 909
205 914 901 547 13
207 605 593 821 131
208 925 895 875 928
209 739 -1 924 926
210 85 -1 167 729
211 -1 946 159 829
213 667 495 948 -1
215 953 719 827 954
216 465 839 -1 473
217 -1 863 964 823
218 965 791 -1 809
221 976 974 215 205
223 927 929 879 937
224 8 4 6 2
225 14 12 -1 10
226 18 -1 16 20
227 31 28 30 32
228 44 42 46 40
229 17 41 29 54
230 58 56 62 60
231 64 -1 68 66
232 70 72 76 74
233 80 -1 78 82
234 79 -1 84 86
236 98 100 102 104
237 108 -1 106 110
238 114 118 116 112
239 120 122 115 124
240 136 140 138 142
241 139 148 146 144
242 147 150 152 154
243 158 156 160 141
246 176 172 174 170
247 182 184 180 178
248 -1 188 190 186
249 192 194 -1 196
250 198 200 202 -1
251 208 204 199 206
252 214 210 212 201
253 213 218 216 220
257 260 223 -1 258
258 264 262 268 266
259 279 125 278 276
261 282 281 286 284
262 288 277 -1 283
263 302 69 304 306
264 314 316 -1 318
265 -1 322 315 320
266 -1 324 326 43
267 330 328 39 -1
268 332 334 336 255
271 245 374 376 -1
272 -1 424 426 428
274 460 458 454 456
275 468 462 464 466
276 459 467 472 470
277 474 -1 478 476
279 484 471 475 482
280 488 486 490 492
281 512 493 510 514
282 524 -1 526 325
283 542 544 541 -1
284 305 540 469 538
285 439 449 -1 545
286 -1 548 546 550
287 5 554 437 552
290 570 -1 568 327
291 181 572 525 574
292 576 67 571 -1
293 11 3 577 578
294 590 588 183 592
295 596 -1 594 185
296 595 -1 598 573
298 217 -1 591 604
299 599 606 608 527
300 629 307 461 650
301 626 624 623 613
302 625 569 628 487
303 668 501 666 -1
304 646 642 648 644
305 662 259 453 664
306 37 411 403 441
307 678 680 682 684
308 523 521 686 -1
309 107 679 99 127
310 722 145 273 681
311 272 155 270 274
312 702 77 645 700
313 704 75 703 706
314 161 169 728 149
315 649 83 87 718
316 732 707 731 505
317 730 701 497 345
318 89 45 19 724
319 742 744 -1 421
321 -1 762 383 389
322 385 764 121 763
323 483 477 663 57
325 651 457 485 491
326 -1 788 792 790
329 800 804 -1 802
331 241 197 589 235
332 -1 221 818 816
336 687 781 415 405
337 826 828 137 830
339 858 143 831 723
340 -1 864 225 866
341 25 870 -1 868
342 27 -1 872 871
343 -1 880 884 882
344 -1 883 888 886
346 869 887 733 123
348 -1 503 890 301
350 898 609 627 -1
351 815 551 -1 900
352 575 -1 899 47
353 749 693 -1 657
355 833 930 932 443
356 835 -1 741 931
357 933 -1 936 934
358 938 935 940 -1
361 353 955 959 361
363 343 355 359 893
364 299 891 291 295
365 683 275 962 960
