321
1 3600 123
5
10 459 357 360 375
1 3600 172
8
457 452 157 154 475 480 473 470
1 3600 172
12
11 12 540 287 284 401 398 475 478 489 487 319
1 3600 172
6
459 357 360 467 464 241
1 3600 172
7
360 463 460 536 469 472 521
1 3600 172
7
455 452 157 154 475 478 494
1 3600 172
3
460 536 618
1 3600 172
3
360 375 376
1 3600 280
17
310 11 8 452 401 398 475 476 542 563 507 503 504 501 498 151 148
1 3600 187
7
309 310 11 12 538 177 174
1 3600 136
11
455 452 285 286 541 538 95 96 419 416 433
1 3600 136
7
455 9 12 538 95 51 46
1 3600 118
3
457 452 401
1 3600 568
26
306 362 11 12 538 83 84 254 422 123 126 162 264 414 549 439 436 554 249 252 147 133 128 117 120 232
1 3600 1137
13
309 310 11 12 538 95 98 255 256 635 397 392 612
1 3600 700
10
375 376 553 191 3 4 45 38 123 124
1 3600 910
14
374 463 403 398 475 476 544 598 291 288 407 145 146 253
1 3600 1516
23
309 310 459 357 360 467 464 241 238 242 470 486 488 492 502 508 512 585 233 165 166 230 450
1 3600 1820
9
12 538 83 84 254 422 449 445 15
1 3600 1820
7
375 376 553 550 189 3 6
1 3600 1820
15
455 452 157 154 475 476 544 598 391 388 405 55 56 58 208
1 3600 1820
19
12 538 95 51 41 44 5 6 70 302 25 22 53 56 58 206 369 37 34
1 3600 243
11
517 520 473 468 537 461 462 361 356 458 363
1 3600 243
8
350 377 374 361 356 458 311 306
1 3600 243
6
519 520 473 243 239 240
1 3600 243
8
505 493 479 474 399 402 462 467
1 3600 243
6
373 374 361 356 458 311
1 3600 243
12
639 619 469 472 481 474 155 156 453 456 357 358
1 3600 243
17
629 630 317 318 471 468 537 461 403 400 285 286 541 13 10 311 308
1 3600 243
9
349 350 377 374 463 403 400 453 9
1 3600 243
10
505 493 479 474 155 156 285 286 541 13
1 3600 256
10
314 484 471 468 537 461 462 375 376 636
1 3600 256
11
313 318 471 243 239 240 465 466 375 376 351
1 3600 238
14
347 350 377 374 463 460 536 469 470 486 490 501 496 529
1 3600 238
6
518 495 492 504 501 81
1 3600 238
9
629 605 499 500 505 502 510 593 594
1 3600 238
3
501 496 411
1 3600 238
11
639 619 469 470 485 315 316 631 605 413 408
1 3600 238
4
490 501 498 151
1 3600 238
7
490 501 81 76 526 275 276
1 3600 568
15
347 350 553 191 3 4 90 571 47 48 255 256 183 180 186
1 3600 130
7
347 350 377 374 463 403 400
1 3600 253
15
629 630 317 314 484 486 488 492 502 506 353 197 198 289 292
1 3600 253
5
536 618 597 598 391
1 3600 253
11
347 350 553 550 189 3 6 72 192 389 390
1 3600 253
9
318 486 488 492 502 506 353 354 129
1 3600 191
15
637 377 374 463 403 398 475 476 542 566 565 507 510 593 171
1 3600 1820
14
373 376 553 191 3 4 90 43 38 449 443 440 446 395
1 3600 866
19
639 597 598 291 288 199 196 354 141 142 253 248 555 437 438 548 415 265 163
1 3600 758
10
490 505 502 506 353 354 141 135 138 253
1 3600 957
12
521 518 495 492 502 508 512 585 233 121 109 112
1 3600 1820
21
629 630 317 314 484 471 468 618 597 598 391 388 21 24 303 63 64 298 385 382 213
1 3600 1820
13
536 469 472 481 476 544 598 391 388 193 73 74 69
1 3600 1820
16
518 495 492 502 510 593 171 166 119 109 114 107 104 367 209 59
1 3600 1820
17
517 520 481 476 542 563 353 354 129 130 137 111 112 203 200 224 576
1 3600 233
14
595 592 511 506 562 543 477 474 399 400 453 9 10 363
1 3600 230
4
605 413 410 497
1 3600 230
12
605 499 500 491 488 479 474 399 402 462 375 376
1 3600 230
6
77 80 500 491 487 485
1 3600 230
10
271 274 527 528 497 500 505 493 494 519
1 3600 230
7
604 630 317 318 471 468 237
1 3600 230
5
527 77 80 500 505
1 3600 230
5
150 604 630 317 314
1 3600 230
8
531 528 497 500 491 487 319 312
1 3600 202
6
79 80 500 505 502 510
1 3600 1654
18
153 150 499 500 491 488 479 474 155 156 285 286 541 538 83 84 256 183
1 3600 455
28
409 410 497 500 505 502 508 512 585 233 121 116 129 132 146 253 250 557 437 438 548 415 265 268 442 448 423 99
1 3600 138
11
272 153 150 604 630 317 318 471 468 618 597
1 3600 233
14
274 409 412 499 500 505 502 508 512 585 233 165 166 119
1 3600 233
9
410 497 500 505 502 510 593 171 166
1 3600 1820
20
77 80 500 491 488 479 474 155 156 285 286 541 538 95 98 422 449 445 446 609
1 3600 1654
31
295 153 150 604 630 317 314 484 471 468 618 597 598 391 388 21 24 303 63 66 304 297 298 385 382 430 19 16 395 396 632
1 3600 1070
18
153 150 499 500 505 502 508 512 585 233 121 109 114 107 102 337 334 333
1 3600 957
11
410 497 500 505 502 506 353 354 117 118 230
1 3600 1820
26
79 80 500 491 488 479 476 542 563 353 354 141 142 253 248 555 437 438 548 415 265 268 429 430 261 258
1 3600 1820
22
527 528 497 500 505 502 510 593 171 166 230 203 200 226 342 367 368 207 59 57 52 23
1 3600 1820
12
591 171 164 121 109 114 107 102 337 334 211 208
1 3600 1820
25
295 153 150 604 630 317 318 471 468 618 597 598 291 288 407 145 146 253 250 558 560 205 200 226 340
1 3600 150
7
175 176 539 540 287 284 453
1 3600 455
15
547 439 436 556 251 252 147 144 406 289 290 599 545 477 480
1 3600 1654
28
182 635 397 394 447 441 269 264 331 332 335 336 103 100 201 202 231 167 164 232 584 513 509 503 504 501 496 529
1 3600 230
14
181 182 257 254 422 123 124 161 162 264 414 549 283 278
1 3600 92
21
547 548 415 321 322 328 211 59 57 54 195 73 7 4 45 40 50 94 177 172 616
1 3600 92
9
175 176 95 96 570 91 5 2 190
1 3600 92
19
175 176 95 98 422 449 159 162 266 65 62 302 25 20 389 293 288 219 220
1 3600 233
10
279 282 439 436 554 249 252 139 136 406
1 3600 1300
15
279 282 439 436 556 251 252 143 140 355 352 507 508 514 582
1 3600 132
14
279 282 548 415 265 163 127 122 423 255 256 183 180 184
1 3600 193
8
181 182 635 397 394 17 14 441
1 3600 606
31
181 182 635 397 394 17 18 431 383 384 299 296 305 67 68 75 72 194 55 27 28 58 206 369 366 105 106 561 559 251 248
1 3600 1654
8
279 282 439 436 556 558 560 205
1 3600 1213
9
187 181 182 635 397 394 17 18 261
1 3600 1213
11
175 176 95 51 41 42 91 5 6 70 302
1 3600 1820
18
175 176 83 84 254 422 449 443 269 266 65 62 302 25 22 53 56 58
1 3600 1820
8
547 548 415 331 332 211 208 37
1 3600 200
8
89 82 539 540 287 284 401 402
1 3600 200
16
282 548 415 265 163 158 448 39 42 571 97 94 539 13 10 363
1 3600 200
8
615 173 176 539 13 10 459 357
1 3600 130
11
43 44 5 2 188 551 552 377 374 463 460
1 3600 520
14
82 539 540 287 284 157 154 475 478 489 490 501 496 411
1 3600 187
8
417 418 47 48 255 256 183 180
1 3600 187
7
420 43 40 48 255 256 183
1 3600 187
5
13 10 311 308 522
1 3600 187
7
173 176 83 84 256 183 180
1 3600 187
17
154 475 476 542 566 565 353 354 141 135 138 253 250 557 437 438 546
1 3600 132
5
418 97 94 177 172
1 3600 189
8
91 5 6 72 192 389 390 599
1 3600 189
7
156 401 398 475 476 542 568
1 3600 189
21
84 254 422 123 126 162 264 414 549 439 436 554 249 252 139 134 140 355 352 564 567
1 3600 189
18
176 95 98 422 449 443 269 264 331 332 335 336 103 106 115 110 136 145
1 3600 189
8
539 540 287 284 157 154 475 476
1 3600 189
12
603 93 5 6 72 194 404 389 293 288 219 222
1 3600 189
10
40 50 94 539 540 287 284 401 398 475
1 3600 189
10
281 282 439 436 554 249 252 147 144 131
1 3600 313
30
617 173 176 95 98 422 123 124 161 162 266 65 62 302 25 22 53 56 58 206 369 366 343 227 201 202 113 108 118 167
1 3600 211
9
550 189 3 4 45 38 449 445 446
1 3600 171
11
156 285 286 541 538 95 98 422 123 126 162
1 3600 171
9
285 286 541 538 83 84 254 422 449
1 3600 170
7
281 282 548 415 321 322 326
1 3600 535
14
284 157 154 475 476 542 563 353 354 129 130 137 111 112
1 3600 1213
11
286 541 538 95 96 570 43 38 449 443 429
1 3600 866
13
281 282 548 415 321 322 328 211 59 29 26 54 195
1 3600 1300
9
51 41 44 5 6 70 302 25 22
1 3600 1820
15
46 570 91 5 6 72 194 55 27 28 58 208 37 34 246
1 3600 121
8
562 543 477 474 399 400 453 9
1 3600 130
6
507 503 493 489 487 485
1 3600 130
10
567 543 477 474 399 402 462 375 376 351
1 3600 170
6
565 507 503 504 501 498
1 3600 298
17
147 144 406 289 290 599 596 619 537 461 462 361 356 458 311 308 522
1 3600 173
8
140 355 352 562 543 477 474 155
1 3600 173
19
197 198 289 292 388 193 73 74 69 64 267 268 440 444 448 423 255 85 88
1 3600 173
16
197 198 289 292 388 193 73 7 4 90 571 97 94 177 172 614
1 3600 173
22
137 111 112 203 204 107 104 367 209 59 57 52 23 24 303 71 7 4 45 40 50 94
1 3600 173
8
475 476 544 598 291 288 219 220
1 3600 173
17
289 292 388 21 24 303 63 64 267 163 160 125 122 423 255 85 86
1 3600 173
12
543 477 474 399 400 285 286 541 538 177 172 614
1 3600 116
5
352 562 543 477 474
1 3600 180
3
478 492 502
1 3600 180
8
291 288 199 196 352 507 508 514
1 3600 180
6
565 507 508 512 585 586
1 3600 180
5
133 128 117 120 232
1 3600 180
8
291 288 407 131 128 117 118 228
1 3600 606
25
569 563 353 354 129 132 146 253 248 555 437 438 548 415 265 268 440 15 16 395 396 634 183 180 184
1 3600 156
15
197 198 289 292 388 405 195 73 74 69 66 304 297 267 163
1 3600 170
7
142 253 248 555 437 438 548
1 3600 170
7
353 354 141 135 138 253 250
1 3600 175
12
378 475 476 544 598 291 288 407 137 111 114 205
1 3600 1820
18
381 378 155 156 285 286 541 538 83 84 254 422 449 445 15 18 431 383
1 3600 1011
11
406 289 290 391 388 21 24 303 63 66 304
1 3600 1011
12
402 462 375 376 553 191 3 6 72 194 55 27
1 3600 1070
13
142 253 250 558 560 205 200 226 342 367 37 34 246
1 3600 443
19
587 584 513 509 503 493 494 519 520 473 243 239 240 465 466 361 356 458 11
1 3600 154
13
587 233 165 170 592 511 503 493 489 487 319 314 482
1 3600 111
9
515 509 503 504 501 81 76 526 409
1 3600 1300
23
510 593 171 166 230 203 204 107 102 337 334 329 323 320 265 268 440 446 395 396 634 183 180
1 3600 256
9
165 170 592 511 503 493 479 474 155
1 3600 169
5
513 509 506 562 543
1 3600 169
4
164 121 116 129
1 3600 169
7
171 164 121 109 110 136 145
1 3600 169
9
116 355 352 564 567 543 477 474 399
1 3600 169
7
587 584 513 509 506 562 543
1 3600 169
11
587 233 165 166 119 116 355 197 198 219 222
1 3600 230
3
584 513 514
1 3600 1820
24
230 203 200 101 104 367 368 207 59 57 52 23 24 303 63 64 298 385 382 430 19 16 609 610
1 3600 568
16
589 233 121 109 114 107 102 337 334 333 330 265 163 127 122 423
1 3600 202
14
513 509 506 353 354 129 132 146 253 248 555 437 438 548
1 3600 115
4
229 119 109 114
1 3600 1820
22
165 166 230 203 200 226 342 367 209 59 29 26 54 195 73 74 69 64 298 385 382 430
1 3600 1820
9
509 506 353 197 198 289 292 388 193
1 3600 1516
6
121 109 114 107 104 367
1 3600 1137
13
109 112 203 200 101 102 337 334 211 206 369 37 34
1 3600 827
11
611 393 396 634 257 85 82 539 13 8 456
1 3600 1400
12
634 257 254 49 41 44 5 2 190 552 351 346
1 3600 1820
30
613 608 17 18 431 383 384 299 296 305 67 68 75 72 192 389 390 599 596 619 469 470 319 316 631 605 151 152 273 270
1 3600 126
12
601 523 309 310 11 12 538 83 84 256 183 180
1 3600 165
5
396 634 257 85 86
1 3600 443
17
613 608 447 441 269 266 65 62 302 25 20 389 390 599 545 542 568
1 3600 1820
21
185 181 182 635 397 394 447 441 269 264 331 332 335 336 103 106 115 108 120 232 586
1 3600 263
12
396 634 257 85 82 539 13 10 311 308 522 600
1 3600 118
4
611 393 396 632
1 3600 118
6
179 176 95 98 422 123
1 3600 118
6
394 447 444 159 160 125
1 3600 343
11
608 447 441 269 264 414 549 439 436 554 249
1 3600 1300
16
179 176 95 51 48 422 123 124 161 162 264 331 332 335 336 387
1 3600 144
8
613 608 17 18 431 383 384 606
1 3600 239
14
185 181 182 635 397 394 17 18 431 383 384 299 65 68
1 3600 866
15
397 394 17 18 431 383 384 299 296 305 67 62 302 25 22
1 3600 1820
22
601 523 309 310 11 12 538 95 96 570 91 5 6 72 194 55 56 58 208 37 34 246
1 3600 606
6
448 423 99 94 539 13
1 3600 758
18
441 442 448 39 44 5 2 188 551 552 377 374 467 464 241 236 469 472
1 3600 1654
18
122 423 99 94 539 540 287 284 401 402 460 536 469 470 486 490 501 81
1 3600 211
5
162 264 414 549 546
1 3600 76
12
6 72 194 55 56 58 210 333 330 414 549 283
1 3600 133
13
126 162 266 65 62 71 72 192 389 293 288 219 222
1 3600 627
22
269 266 65 62 302 25 22 53 56 58 206 369 366 343 227 201 202 231 167 170 592 511
1 3600 135
4
85 82 177 178
1 3600 135
6
125 122 423 255 256 635
1 3600 135
4
445 446 609 612
1 3600 178
9
163 158 448 423 49 46 570 91 5
1 3600 108
6
161 162 264 321 322 328
1 3600 108
7
254 422 449 443 269 264 321
1 3600 108
4
264 414 549 439
1 3600 325
18
429 383 384 299 296 305 67 62 302 25 22 53 56 58 208 366 105 106
1 3600 242
6
449 443 429 383 384 301
1 3600 110
5
161 162 266 296 305
1 3600 256
11
162 266 65 68 75 72 194 55 27 28 58
1 3600 674
14
266 65 62 302 25 22 53 56 58 206 369 37 34 246
1 3600 758
15
439 436 556 251 252 139 136 406 289 290 599 596 619 537 461
1 3600 650
16
251 252 143 140 355 352 507 503 493 489 487 485 315 316 631 628
1 3600 1070
12
339 336 103 100 201 204 115 108 118 167 170 594
1 3600 650
12
323 320 265 268 440 446 395 396 634 183 180 186
1 3600 149
12
548 415 265 163 127 122 423 99 94 177 172 614
1 3600 71
7
439 436 554 249 252 147 133
1 3600 216
6
251 252 143 140 117 120
1 3600 387
9
548 415 265 268 440 446 395 396 634
1 3600 106
14
334 211 59 57 54 195 73 7 4 90 43 38 123 124
1 3600 106
4
330 265 163 160
1 3600 106
16
339 334 211 59 57 52 23 24 303 63 64 298 385 382 428 440
1 3600 189
4
330 414 549 439
1 3600 119
5
556 558 560 107 100
1 3600 119
7
548 415 331 332 335 336 620
1 3600 119
6
322 328 335 336 103 106
1 3600 728
10
250 557 437 438 548 415 265 268 429 213
1 3600 214
8
415 331 332 211 59 57 52 23
1 3600 137
3
328 211 59
1 3600 233
8
322 328 335 336 103 104 343 340
1 3600 1213
23
201 202 231 167 170 592 511 503 493 494 519 520 473 468 237 240 465 466 361 356 458 311 308
1 3600 791
16
115 110 136 406 289 290 599 596 619 537 461 462 375 376 351 346
1 3600 910
11
113 108 120 232 584 513 509 503 504 501 498
1 3600 1820
21
100 226 342 367 368 207 59 29 26 54 195 73 7 4 90 571 47 50 94 177 174
1 3600 455
15
559 251 252 147 144 131 128 355 352 564 567 543 477 474 155
1 3600 141
11
204 561 559 251 252 139 136 406 289 290 599
1 3600 118
4
205 202 231 228
1 3600 1400
13
102 337 334 329 323 320 265 268 440 15 16 609 612
1 3600 308
11
110 136 406 289 292 388 193 73 7 2 188
1 3600 153
7
451 203 200 101 102 337 338
1 3600 153
10
110 138 253 248 555 437 438 548 415 321
1 3600 153
3
102 337 334
1 3600 153
6
621 103 106 561 559 251
1 3600 211
3
103 100 201
1 3600 1820
17
113 114 107 104 367 209 59 57 52 23 24 303 63 66 304 297 298
1 3600 674
13
108 116 355 197 198 289 290 391 388 21 24 303 63
1 3600 271
11
112 203 200 226 342 367 368 207 59 57 52
1 3600 127
9
451 113 114 107 104 367 37 34 244
1 3600 1820
14
607 385 382 428 442 448 423 99 94 539 13 10 459 357
1 3600 1820
16
300 385 382 430 19 14 444 448 39 44 5 2 190 552 377 372
1 3600 1820
32
300 385 382 428 442 448 423 49 41 42 91 5 2 188 551 552 377 374 467 464 241 238 242 470 319 316 631 605 413 408 275 270
1 3600 1070
13
19 14 444 448 423 99 94 539 13 10 311 308 522
1 3600 910
7
14 444 448 423 255 85 86
1 3600 1300
18
625 259 217 212 383 384 299 65 68 75 72 192 389 390 599 545 542 568
1 3600 1820
23
623 259 260 431 383 384 299 296 305 67 62 302 25 20 389 293 288 199 196 352 507 510 593
1 3600 282
5
260 19 16 609 612
1 3600 282
6
212 430 19 16 395 396
1 3600 206
8
623 259 260 19 16 395 396 632
1 3600 650
8
625 259 217 212 428 269 264 331
1 3600 1820
18
259 217 212 383 384 299 65 62 302 25 22 53 56 58 208 366 105 106
1 3600 280
6
215 216 260 431 383 384
1 3600 283
7
384 299 296 305 67 62 302
1 3600 283
9
212 383 384 299 65 68 75 72 192
1 3600 283
10
623 259 260 431 383 384 299 65 62 71
1 3600 283
5
300 299 296 305 67
1 3600 283
8
212 383 384 299 65 62 302 25
1 3600 283
7
260 431 383 384 299 65 68
1 3600 478
16
625 259 217 212 383 384 299 296 305 67 68 75 72 194 55 27
1 3600 1516
14
625 259 260 431 428 269 264 331 332 211 206 369 366 343
1 3600 1820
15
371 297 267 163 127 122 39 44 5 2 190 552 377 374 467
1 3600 1820
13
194 404 389 390 599 596 619 469 470 319 316 631 628
1 3600 1820
12
62 71 72 192 389 293 288 199 196 352 507 510
1 3600 1213
10
297 267 163 160 125 122 423 255 256 183
1 3600 700
5
193 73 7 4 92
1 3600 758
17
371 297 267 163 127 122 423 99 94 539 540 287 284 401 398 379 380
1 3600 1820
18
371 305 67 62 302 25 22 53 56 58 208 366 343 227 201 204 115 108
1 3600 252
11
303 63 64 298 385 382 430 19 16 395 396
1 3600 101
5
303 71 7 2 188
1 3600 202
6
371 297 267 264 414 549
1 3600 650
10
267 264 414 549 439 436 556 558 560 205
1 3600 152
7
298 385 382 213 216 258 622
1 3600 152
11
405 195 73 74 69 64 298 385 382 430 19
1 3600 152
8
69 64 298 385 382 430 261 258
1 3600 227
3
69 66 304
1 3600 162
6
405 55 56 58 206 369
1 3600 162
8
65 62 302 25 22 53 27 28
1 3600 162
6
65 68 75 72 194 55
1 3600 404
7
55 56 58 208 37 34 244
1 3600 1820
15
29 26 54 195 73 7 4 90 571 97 94 539 13 10 363
1 3600 1820
8
57 54 404 389 390 599 596 619
1 3600 1820
20
61 58 206 369 366 105 106 205 202 231 167 170 592 511 503 504 501 496 529 77
1 3600 1820
16
23 24 303 71 7 4 45 40 50 94 539 13 10 311 308 522
1 3600 910
13
23 24 303 71 7 4 90 571 97 94 177 172 614
1 3600 700
14
210 333 330 414 549 439 436 554 249 252 147 144 406 199
1 3600 1400
9
210 335 336 103 106 115 108 120 165
1 3600 827
9
209 210 329 323 320 265 268 440 446
1 3600 211
9
59 57 54 195 73 7 4 45 38
1 3600 116
3
325 326 332
1 3600 239
5
208 366 343 227 201
1 3600 466
7
325 323 320 265 268 440 15
1 3600 97
8
368 207 59 57 54 195 73 74
1 3600 97
9
59 29 26 52 23 24 303 63 66
1 3600 303
4
209 59 57 52
1 3600 105
6
28 58 206 369 37 32
1 3600 105
4
369 366 343 340
1 3600 1820
20
573 225 201 202 231 167 164 232 584 513 509 503 493 494 519 520 473 468 537 461
1 3600 1820
19
225 101 106 115 108 116 355 352 562 543 477 474 399 402 462 375 376 351 348
1 3600 1820
17
525 309 306 362 459 357 360 463 460 536 469 470 486 490 501 81 78
1 3600 1820
17
33 36 368 207 59 57 54 195 73 7 4 45 40 50 94 177 174
1 3600 1400
13
247 35 36 209 59 29 26 54 195 73 7 2 190
1 3600 791
12
525 309 310 11 8 452 157 154 475 476 542 568
1 3600 1070
8
573 225 201 202 231 167 164 234
1 3600 1820
12
33 36 368 207 210 333 330 265 268 440 446 609
1 3600 606
11
36 209 59 57 52 23 24 303 63 64 267
1 3600 209
6
341 227 101 106 561 559
1 3600 237
5
35 36 366 105 106
1 3600 237
8
33 36 368 207 210 335 336 387
1 3600 1516
11
367 209 59 57 52 23 24 303 63 64 298
1 3600 387
11
367 368 207 59 57 52 23 24 303 63 64
1 3600 280
4
35 36 209 59
1 3600 280
7
225 101 102 337 334 211 59
1 3600 280
7
341 342 367 368 207 59 60
1 3600 280
4
367 209 59 29
1 3600 280
4
35 36 368 207
1 3600 256
3
225 226 342
