259
1 3600 44
3
137 138 33
1 3600 46
3
239 179 180
1 3600 46
6
223 220 37 38 119 120
1 3600 46
4
45 35 29 30
1 3600 269
6
45 40 211 191 185 186
1 3600 323
14
137 138 33 28 34 40 226 147 142 77 74 104 81 82
1 3600 34
8
223 220 37 34 42 46 52 58
1 3600 41
6
33 30 179 121 122 149
1 3600 140
8
245 239 236 119 116 185 105 102
1 3600 323
15
138 220 45 42 48 199 202 65 57 9 10 3 6 16 248
1 3600 179
5
37 34 42 46 54
1 3600 294
8
138 220 45 40 226 241 25 26
1 3600 323
9
28 38 119 116 188 13 14 99 94
1 3600 323
11
34 40 211 149 144 200 219 213 177 69 70
1 3600 323
12
137 138 220 45 42 46 23 26 131 115 110 246
1 3600 323
9
37 34 40 226 241 25 26 131 115
1 3600 323
13
243 239 179 121 122 191 188 77 72 78 174 165 162
1 3600 323
17
137 138 33 30 236 119 122 149 144 200 219 125 97 94 109 106 160
1 3600 25
4
118 39 36 221
1 3600 25
3
120 178 238
1 3600 77
3
237 179 182
1 3600 36
5
181 121 116 185 186
1 3600 323
6
183 121 116 185 81 82
1 3600 87
6
119 122 210 226 151 51
1 3600 23
4
122 149 146 241
1 3600 49
4
119 122 191 185
1 3600 323
8
121 116 188 77 5 6 16 248
1 3600 269
12
122 149 144 200 219 205 206 208 155 152 214 230
1 3600 269
9
181 121 122 149 142 13 14 212 125
1 3600 294
5
116 188 13 10 78
1 3600 323
11
183 121 122 149 142 77 74 102 19 20 70
1 3600 323
14
183 178 31 28 34 42 46 52 62 155 152 216 232 246
1 3600 323
10
121 122 149 144 200 219 125 126 173 113
1 3600 323
8
181 121 116 188 13 14 99 100
1 3600 323
14
181 121 122 191 185 105 75 5 2 78 174 165 159 160
1 3600 147
9
187 184 190 210 41 44 221 139 136
1 3600 25
3
80 184 117
1 3600 215
4
86 103 104 186
1 3600 323
13
84 90 17 7 2 11 8 56 64 203 198 49 50
1 3600 68
9
187 105 75 72 11 8 56 64 203
1 3600 32
5
84 90 67 68 79
1 3600 323
4
86 19 16 248
1 3600 323
13
187 105 75 76 143 146 151 51 46 54 196 208 224
1 3600 323
8
86 19 20 68 176 99 96 128
1 3600 323
4
84 90 67 68
1 3600 323
7
187 105 75 72 78 69 70
1 3600 323
15
86 103 75 5 2 11 8 56 64 203 198 25 22 54 192
1 3600 323
10
187 105 75 72 78 174 95 96 126 173
1 3600 323
9
187 105 75 5 2 11 14 99 100
1 3600 323
9
187 105 75 72 78 174 109 106 156
1 3600 323
8
83 80 184 117 118 237 31 32
1 3600 323
6
83 80 184 190 123 120
1 3600 85
3
83 80 186
1 3600 323
9
83 84 92 103 75 76 143 146 151
1 3600 323
11
83 86 19 7 2 11 8 56 64 203 200
1 3600 119
4
83 84 92 103
1 3600 323
4
83 84 90 248
1 3600 323
10
83 86 19 20 68 176 212 205 206 197
1 3600 323
9
83 84 90 67 68 176 212 125 128
1 3600 323
4
83 86 19 20
1 3600 323
10
83 84 90 17 7 2 78 174 165 159
1 3600 323
14
83 80 184 190 210 226 241 25 26 131 132 152 214 228
1 3600 323
12
83 86 103 75 76 143 144 198 25 26 131 115
1 3600 323
9
83 86 93 90 67 68 174 165 162
1 3600 323
11
83 84 92 19 7 2 78 174 109 106 160
1 3600 26
8
150 227 41 35 38 237 238 242
1 3600 83
5
48 240 147 148 123
1 3600 323
5
40 211 191 185 81
1 3600 323
12
59 62 209 207 204 213 177 69 21 18 87 82
1 3600 94
3
40 226 151
1 3600 12
4
51 48 199 200
1 3600 107
9
48 199 202 65 57 9 10 3 6
1 3600 323
8
150 147 142 77 5 6 16 248
1 3600 25
3
42 46 54
1 3600 75
4
46 54 196 207
1 3600 215
8
42 46 23 26 204 213 177 69
1 3600 323
12
42 46 52 62 155 133 129 97 94 175 69 70
1 3600 323
6
46 52 62 155 152 216
1 3600 323
8
150 241 25 26 131 129 126 173
1 3600 323
8
51 48 199 200 219 125 97 100
1 3600 323
11
46 54 196 207 204 213 99 94 165 159 160
1 3600 43
7
9 12 189 117 118 39 36
1 3600 29
5
227 211 123 120 180
1 3600 124
6
147 142 77 74 104 186
1 3600 323
4
191 185 81 82
1 3600 17
3
198 49 50
1 3600 40
4
13 8 56 64
1 3600 29
5
188 77 74 102 19
1 3600 29
8
201 202 65 57 9 10 3 6
1 3600 29
8
226 147 142 77 74 102 93 90
1 3600 323
10
199 202 65 57 9 10 3 6 16 248
1 3600 43
5
144 200 219 205 206
1 3600 26
3
200 219 125
1 3600 47
5
65 57 9 14 177
1 3600 323
7
25 26 204 213 177 69 70
1 3600 323
9
188 13 14 99 96 126 173 113 110
1 3600 323
7
203 200 219 125 126 173 168
1 3600 323
5
219 125 97 94 165
1 3600 323
10
202 65 57 9 14 99 94 109 106 156
1 3600 147
8
7 4 76 189 117 118 39 29
1 3600 63
5
4 76 143 148 123
1 3600 57
3
85 80 186
1 3600 323
3
91 85 82
1 3600 147
6
4 76 189 190 210 41
1 3600 38
7
7 2 11 8 56 64 203
1 3600 38
3
2 11 8
1 3600 38
5
8 56 64 203 200
1 3600 38
4
76 143 146 241
1 3600 40
3
4 74 102
1 3600 129
3
6 16 248
1 3600 140
5
14 212 205 206 208
1 3600 56
4
20 68 176 212
1 3600 22
7
92 103 75 72 78 174 109
1 3600 140
5
67 68 174 165 159
1 3600 323
7
14 99 96 128 115 110 246
1 3600 323
7
72 78 174 95 96 128 115
1 3600 323
6
5 2 78 174 165 166
1 3600 323
6
14 99 94 109 106 156
1 3600 323
11
249 17 18 87 80 184 117 120 178 238 244
1 3600 323
9
249 91 92 103 104 184 117 118 237
1 3600 323
5
249 91 85 80 186
1 3600 323
5
249 17 18 87 82
1 3600 323
11
249 17 7 2 11 8 56 64 203 198 49
1 3600 269
8
249 17 7 2 11 8 56 64
1 3600 33
5
249 91 92 103 104
1 3600 323
8
249 67 68 176 212 205 27 22
1 3600 323
7
249 17 20 68 174 95 96
1 3600 161
5
249 67 68 176 99
1 3600 231
7
249 17 20 68 174 165 159
1 3600 323
14
249 17 7 2 78 176 212 205 131 132 152 214 228 232
1 3600 323
14
249 17 18 103 75 76 143 144 200 219 125 126 173 168
1 3600 323
6
249 67 68 174 95 100
1 3600 323
9
249 17 7 2 78 174 109 106 156
1 3600 179
9
153 154 63 53 47 43 44 221 222
1 3600 323
10
215 153 133 129 124 218 201 145 148 123
1 3600 323
10
133 129 97 98 15 10 73 74 104 81
1 3600 323
15
216 232 111 112 172 127 124 213 177 79 73 74 102 87 82
1 3600 34
3
55 52 58
1 3600 41
11
231 215 153 154 209 207 204 218 201 202 65
1 3600 140
7
207 204 213 177 69 66 17
1 3600 323
14
195 55 23 24 199 202 65 57 9 10 3 6 16 248
1 3600 44
5
225 155 152 214 230
1 3600 41
3
62 155 133
1 3600 41
3
23 26 204
1 3600 41
5
53 54 196 207 204
1 3600 98
9
214 228 232 111 112 172 127 97 94
1 3600 323
9
215 153 133 129 97 98 177 69 70
1 3600 38
5
62 155 152 216 232
1 3600 98
4
207 131 115 112
1 3600 323
8
61 53 23 26 131 129 97 100
1 3600 323
11
61 62 209 207 131 129 97 94 165 159 160
1 3600 248
4
22 47 43 35
1 3600 294
6
24 240 227 211 123 120
1 3600 323
7
24 240 147 142 189 185 81
1 3600 323
10
130 27 24 199 145 148 191 185 81 82
1 3600 85
3
22 47 43
1 3600 21
4
27 24 240 227
1 3600 47
5
129 124 213 15 10
1 3600 323
7
127 124 213 177 69 66 248
1 3600 12
3
127 128 132
1 3600 67
3
131 129 126
1 3600 13
3
125 97 94
1 3600 323
5
213 99 94 109 106
1 3600 94
4
173 113 110 246
1 3600 51
3
126 173 170
1 3600 129
3
127 97 100
1 3600 323
6
213 99 94 165 159 156
1 3600 323
10
176 15 12 189 190 210 41 44 221 222
1 3600 323
7
79 73 76 189 117 120 180
1 3600 323
6
21 18 93 85 80 186
1 3600 323
7
175 79 73 74 102 87 82
1 3600 269
5
212 218 201 198 49
1 3600 44
8
66 91 92 103 75 76 143 146
1 3600 20
4
79 73 74 104
1 3600 323
3
21 16 248
1 3600 92
7
68 174 95 96 128 132 152
1 3600 14
3
212 125 126
1 3600 51
3
98 177 69
1 3600 36
3
177 69 70
1 3600 294
7
96 126 173 113 110 233 234
1 3600 101
6
68 176 212 205 131 115
1 3600 56
3
94 165 166
1 3600 294
3
109 106 156
1 3600 323
11
107 108 95 98 15 12 189 117 120 178 238
1 3600 323
10
71 66 91 85 80 184 190 123 118 237
1 3600 323
9
158 164 175 79 3 4 74 102 87
1 3600 323
6
71 21 18 93 85 82
1 3600 323
10
71 68 176 15 8 56 64 203 198 49
1 3600 248
5
71 21 7 4 76
1 3600 73
4
71 66 91 92
1 3600 323
8
107 108 175 79 3 6 16 248
1 3600 323
11
71 68 176 212 205 206 208 155 152 214 230
1 3600 202
4
71 68 176 212
1 3600 20
3
71 68 174
1 3600 248
5
71 68 174 109 106
1 3600 323
10
71 68 176 99 96 128 115 110 233 234
1 3600 323
8
71 68 174 95 96 126 173 113
1 3600 202
4
71 68 174 165
1 3600 231
6
71 68 174 165 159 160
1 3600 323
10
111 114 130 206 197 55 47 43 35 29
1 3600 323
13
247 233 217 153 154 63 53 47 43 35 29 30 179
1 3600 323
14
247 111 112 172 127 124 218 201 145 142 77 74 104 81
1 3600 323
13
247 111 114 130 27 24 240 227 211 191 185 81 82
1 3600 323
7
229 215 153 154 63 53 47
1 3600 269
7
247 111 114 130 27 24 199
1 3600 323
9
193 55 47 50 150 147 142 77 74
1 3600 323
16
111 112 172 127 124 218 201 202 65 57 9 10 3 6 16 248
1 3600 27
5
217 153 154 63 60
1 3600 79
3
111 112 172
1 3600 215
5
111 112 172 127 97
1 3600 323
9
247 111 114 130 204 213 177 69 70
1 3600 31
7
193 196 207 131 115 112 168
1 3600 323
9
247 233 229 215 153 133 129 97 100
1 3600 323
9
217 153 133 129 97 94 109 106 160
1 3600 323
13
169 172 127 124 218 201 145 148 123 120 178 238 242
1 3600 323
9
114 130 27 24 240 227 41 35 38
1 3600 323
14
172 127 124 218 201 202 65 57 9 12 77 74 102 87
1 3600 323
12
169 172 127 124 218 201 145 148 191 185 81 82
1 3600 323
7
171 113 114 132 154 63 58
1 3600 248
7
172 127 124 218 201 202 65
1 3600 294
8
169 172 127 97 98 15 10 73
1 3600 323
14
114 130 27 24 199 202 65 57 9 10 3 6 16 248
1 3600 63
5
114 132 154 63 60
1 3600 39
4
113 114 130 27
1 3600 71
5
172 127 97 98 177
1 3600 323
6
114 129 97 94 165 159
1 3600 28
5
114 130 206 197 192
1 3600 39
5
172 127 97 94 165
1 3600 323
8
171 172 127 97 94 109 106 160
1 3600 323
13
164 95 98 15 12 189 190 210 41 44 221 139 140
1 3600 323
8
164 175 79 11 12 189 117 120
1 3600 323
8
167 164 175 79 73 74 104 186
1 3600 323
8
164 175 69 21 18 93 85 82
1 3600 323
10
164 95 98 15 8 56 64 203 198 49
1 3600 323
7
101 98 15 8 56 64 203
1 3600 269
4
164 175 79 73
1 3600 323
6
167 164 175 69 66 248
1 3600 231
8
164 95 96 128 130 27 22 52
1 3600 92
5
164 95 96 128 130
1 3600 35
3
101 94 109
1 3600 231
4
101 94 165 159
1 3600 269
8
101 96 128 132 152 214 228 234
1 3600 36
6
164 95 96 126 173 168
1 3600 179
3
164 95 100
1 3600 323
14
157 107 108 175 79 11 12 143 148 123 118 237 238 242
1 3600 323
11
157 107 108 95 98 15 12 189 117 120 180
1 3600 323
10
161 107 108 175 79 3 4 74 102 87
1 3600 323
9
157 107 108 175 69 66 91 85 82
1 3600 323
11
157 158 164 95 98 212 205 206 208 63 58
1 3600 323
9
161 107 108 175 176 15 8 56 64
1 3600 323
9
161 158 164 175 79 73 74 102 93
1 3600 323
8
157 107 108 175 69 21 16 248
1 3600 323
9
157 158 164 95 98 212 205 206 197
1 3600 323
7
161 107 108 95 96 124 205
1 3600 119
5
157 158 164 95 98
1 3600 161
6
157 107 108 175 69 70
1 3600 323
10
161 158 164 95 96 126 173 113 110 246
1 3600 323
8
161 107 108 95 96 126 173 170
1 3600 64
3
161 158 162
