91
36.62504 114.47216 1 0
36.60284 114.491295 2 0
36.588478 114.514656 3 0
36.607147 114.47866 4 1
36.62918 114.45576 5 0
36.60252 114.49379 6 0
36.628407 114.46837 7 1
36.63221 114.489716 8 0
36.632202 114.48985 9 0
36.56701 114.45991 10 0
36.568047 114.45558 11 0
36.56816 114.45555 12 0
36.591984 114.47805 13 1
36.594547 114.517395 14 0
36.629784 114.50635 15 0
36.632435 114.51714 16 0
36.595093 114.5135 17 1
36.608185 114.5159 18 0
36.596924 114.50138 19 1
36.6022 114.496056 20 1
36.590954 114.49419 21 1
36.56746 114.48358 22 0
36.567474 114.48346 23 0
36.585045 114.512955 24 0
36.585472 114.51915 25 0
36.585583 114.51879 26 0
36.61746 114.49753 27 1
36.61802 114.48845 28 1
36.618427 114.48014 29 1
36.632446 114.51697 30 0
36.595104 114.51332 31 1
36.632114 114.508606 32 0
36.590973 114.4574 33 0
36.608017 114.455696 34 0
36.607445 114.46563 35 1
36.620453 114.46175 36 1
36.62047 114.461555 37 1
36.58298 114.477036 38 1
36.62775 114.48004 39 1
36.60378 114.478645 40 1
36.58178 114.45554 41 0
36.565807 114.4589 42 0
36.63057 114.47277 43 0
36.602623 114.493004 44 0
36.576298 114.4701175 45 1
36.583445 114.470832 46 1
36.5874763 114.4712355 47 1
36.603365 114.471635 48 1
36.6070273 114.4715323 49 1
36.5661735 114.500025 50 0
36.6083342 114.5146312 51 1
36.5906248 114.5006792 52 1
36.60143 114.501745 53 1
36.5852052 114.5121305 54 1
36.5887085 114.512665 55 1
36.588717 114.51249 56 1
36.5896683 114.5010847 57 1
36.616325 114.51543 58 0
36.620911 114.45926 59 0
36.582453 114.484948 60 1
36.632051 114.4638625 61 0
36.6118465 114.459805 62 0
36.57143 114.461085 63 1
36.591482 114.4858025 64 1
36.5925075 114.471672 65 0
36.6191655 114.467513 66 1
36.6253758 114.5163225 67 1
36.6261813 114.5042 68 1
36.627179 114.4893212 69 1
36.6090442 114.5025005 70 1
36.576267 114.484334 71 1
36.5858753 114.5011662 72 1
36.5862615 114.493873 73 1
36.6104025 114.471415 74 1
36.603395 114.486945 75 1
36.6105825 114.4790575 76 1
36.6106878 114.4741875 77 1
36.586798 114.4854048 78 1
36.609478 114.496702 79 1
36.587307 114.477687 80 1
36.61002 114.487664 81 1
36.6201177 114.4886067 82 0
36.5783018 114.4635265 83 1
36.604629 114.48708 84 0
36.6113125 114.466705 85 1
36.628747 114.4624775 86 1
36.617094 114.5033025 87 1
36.62653 114.498435 88 0
36.5761575 114.476318 89 1
36.583866 114.4643975 90 1
36.5683473 114.47498 91 1
124
19 53 404.33040440071295 16.67 3 3 2 3
1 0 0 0 1 0 0 0 1
1 0 0 0 1 0 0 0 1
19 52 567.7556305344027 16.67 3 3 4 5
1 0 0 0 1 0 0 0 1
1 0 0 0 1 0 0 0 1
19 31 1337.6547107974538 16.67 3 3 6 7
1 0 0 0 1 0 0 0 1
1 0 0 0 1 0 0 0 1
20 6 253.5973892458423 16.67 3 3 8 9
1 0 0 0 1 0 0 0 1
1 0 0 0 1 0 0 0 1
20 53 636.3505327523026 16.67 3 3 10 11
1 0 0 0 1 0 0 0 1
1 0 0 0 1 0 0 0 1
20 21 1025.1746507498758 16.67 3 3 12 13
1 0 0 0 1 0 0 0 1
1 0 0 0 1 0 0 0 1
20 79 653.6822216051221 16.67 3 3 14 15
1 0 0 0 1 0 0 0 1
1 0 0 0 1 0 0 0 1
31 17 20.040399543983554 16.67 3 3 16 17
1 0 0 0 1 0 0 0 1
1 0 0 0 1 0 0 0 1
31 56 577.655224306641 16.67 3 3 18 19
1 0 0 0 1 0 0 0 1
1 0 0 0 1 0 0 0 1
31 51 1190.162855516149 16.67 3 3 20 21
1 0 0 0 1 0 0 0 1
1 0 0 0 1 0 0 0 1
4 49 792.6849887247922 16.67 3 3 22 23
1 0 0 0 1 0 0 0 1
1 0 0 0 1 0 0 0 1
4 40 300.5648191141253 16.67 3 3 24 25
1 0 0 0 1 0 0 0 1
1 0 0 0 1 0 0 0 1
4 76 309.8441552442274 16.67 3 3 26 27
1 0 0 0 1 0 0 0 1
1 0 0 0 1 0 0 0 1
45 46 643.1690233836582 16.67 3 3 28 29
1 0 0 0 1 0 0 0 1
1 0 0 0 1 0 0 0 1
45 89 689.6208217862485 16.67 3 3 30 31
1 0 0 0 1 0 0 0 1
1 0 0 0 1 0 0 0 1
45 83 754.4591711675303 16.67 3 3 32 33
1 0 0 0 1 0 0 0 1
1 0 0 0 1 0 0 0 1
46 47 362.75617372837786 16.67 3 3 34 35
1 0 0 0 1 0 0 0 1
1 0 0 0 1 0 0 0 1
46 90 716.5147419897188 16.67 3 3 36 37
1 0 0 0 1 0 0 0 1
1 0 0 0 1 0 0 0 1
46 38 691.1442483785926 16.67 3 3 38 39
1 0 0 0 1 0 0 0 1
1 0 0 0 1 0 0 0 1
47 80 717.5775643938022 16.67 3 3 40 41
1 0 0 0 1 0 0 0 1
1 0 0 0 1 0 0 0 1
47 48 1419.3851369607069 16.67 3 3 42 43
1 0 0 0 1 0 0 0 1
1 0 0 0 1 0 0 0 1
47 90 825.9063981328727 16.67 3 3 44 45
1 0 0 0 1 0 0 0 1
1 0 0 0 1 0 0 0 1
48 49 327.1360138846217 16.67 3 3 46 47
1 0 0 0 1 0 0 0 1
1 0 0 0 1 0 0 0 1
48 40 780.4043724771595 16.67 3 3 48 49
1 0 0 0 1 0 0 0 1
1 0 0 0 1 0 0 0 1
48 65 969.2669091280665 16.67 3 3 50 51
1 0 0 0 1 0 0 0 1
1 0 0 0 1 0 0 0 1
49 35 657.4045641218262 16.67 3 3 52 53
1 0 0 0 1 0 0 0 1
1 0 0 0 1 0 0 0 1
49 74 301.5748696338138 16.67 3 3 54 55
1 0 0 0 1 0 0 0 1
1 0 0 0 1 0 0 0 1
6 44 87.88693142591114 16.67 3 3 56 57
1 0 0 0 1 0 0 0 1
1 0 0 0 1 0 0 0 1
35 33 1731.9426395926453 16.67 3 3 58 59
1 0 0 0 1 0 0 0 1
1 0 0 0 1 0 0 0 1
35 34 1105.8579578666136 16.67 3 3 60 61
1 0 0 0 1 0 0 0 1
1 0 0 0 1 0 0 0 1
35 85 365.3473215977018 16.67 3 3 62 63
1 0 0 0 1 0 0 0 1
1 0 0 0 1 0 0 0 1
44 2 191.02863255164328 16.67 3 3 64 65
1 0 0 0 1 0 0 0 1
1 0 0 0 1 0 0 0 1
51 17 1188.6517419785678 16.67 3 3 66 67
1 0 0 0 1 0 0 0 1
1 0 0 0 1 0 0 0 1
51 70 1350.443537090988 16.67 3 3 68 69
1 0 0 0 1 0 0 0 1
1 0 0 0 1 0 0 0 1
51 18 141.72001971075744 16.67 3 3 70 71
1 0 0 0 1 0 0 0 1
1 0 0 0 1 0 0 0 1
52 53 972.0013254959341 16.67 3 3 72 73
1 0 0 0 1 0 0 0 1
1 0 0 0 1 0 0 0 1
52 57 96.57515979446103 16.67 3 3 74 75
1 0 0 0 1 0 0 0 1
1 0 0 0 1 0 0 0 1
52 21 722.2089977760075 16.67 3 3 76 77
1 0 0 0 1 0 0 0 1
1 0 0 0 1 0 0 0 1
53 70 684.9152211211505 16.67 3 3 78 79
1 0 0 0 1 0 0 0 1
1 0 0 0 1 0 0 0 1
54 72 1220.7170402141082 16.67 3 3 80 81
1 0 0 0 1 0 0 0 1
1 0 0 0 1 0 0 0 1
54 26 741.3162533102759 16.67 3 3 82 83
1 0 0 0 1 0 0 0 1
1 0 0 0 1 0 0 0 1
54 55 318.4128520815679 16.67 3 3 84 85
1 0 0 0 1 0 0 0 1
1 0 0 0 1 0 0 0 1
54 56 316.1131570825419 16.67 3 3 86 87
1 0 0 0 1 0 0 0 1
1 0 0 0 1 0 0 0 1
55 3 222.3572599387747 16.67 3 3 88 89
1 0 0 0 1 0 0 0 1
1 0 0 0 1 0 0 0 1
55 17 577.5706518341852 16.67 3 3 90 91
1 0 0 0 1 0 0 0 1
1 0 0 0 1 0 0 0 1
55 56 19.475106228264845 16.67 3 3 92 93
1 0 0 0 1 0 0 0 1
1 0 0 0 1 0 0 0 1
27 87 642.7429929083412 16.67 3 3 94 95
1 0 0 0 1 0 0 0 1
1 0 0 0 1 0 0 0 1
27 28 1010.9485698777722 16.67 3 3 96 97
1 0 0 0 1 0 0 0 1
1 0 0 0 1 0 0 0 1
27 79 718.3549408284023 16.67 3 3 98 99
1 0 0 0 1 0 0 0 1
1 0 0 0 1 0 0 0 1
27 88 815.7699622989978 16.67 3 3 100 101
1 0 0 0 1 0 0 0 1
1 0 0 0 1 0 0 0 1
57 56 1271.1307444616668 16.67 3 3 102 103
1 0 0 0 1 0 0 0 1
1 0 0 0 1 0 0 0 1
57 72 338.78566345257076 16.67 3 3 104 105
1 0 0 0 1 0 0 0 1
1 0 0 0 1 0 0 0 1
58 67 813.9105265709044 16.67 3 3 106 107
1 0 0 0 1 0 0 0 1
1 0 0 0 1 0 0 0 1
58 87 1350.345205863885 16.67 3 3 108 109
1 0 0 0 1 0 0 0 1
1 0 0 0 1 0 0 0 1
39 7 1299.0486976390546 16.67 3 3 110 111
1 0 0 0 1 0 0 0 1
1 0 0 0 1 0 0 0 1
39 69 1033.343220333044 16.67 3 3 112 113
1 0 0 0 1 0 0 0 1
1 0 0 0 1 0 0 0 1
39 29 832.0832077282221 16.67 3 3 114 115
1 0 0 0 1 0 0 0 1
1 0 0 0 1 0 0 0 1
60 73 1049.124871939768 16.67 3 3 116 117
1 0 0 0 1 0 0 0 1
1 0 0 0 1 0 0 0 1
60 38 881.0861148147538 16.67 3 3 118 119
1 0 0 0 1 0 0 0 1
1 0 0 0 1 0 0 0 1
60 71 556.5829180266264 16.67 3 3 120 121
1 0 0 0 1 0 0 0 1
1 0 0 0 1 0 0 0 1
60 78 391.29809269157937 16.67 3 3 122 123
1 0 0 0 1 0 0 0 1
1 0 0 0 1 0 0 0 1
28 81 719.3607529951414 16.67 3 3 124 125
1 0 0 0 1 0 0 0 1
1 0 0 0 1 0 0 0 1
28 82 188.03700434816193 16.67 3 3 126 127
1 0 0 0 1 0 0 0 1
1 0 0 0 1 0 0 0 1
28 29 924.8005676229628 16.67 3 3 128 129
1 0 0 0 1 0 0 0 1
1 0 0 0 1 0 0 0 1
29 76 710.4210731000635 16.67 3 3 130 131
1 0 0 0 1 0 0 0 1
1 0 0 0 1 0 0 0 1
29 66 1405.691163273802 16.67 3 3 132 133
1 0 0 0 1 0 0 0 1
1 0 0 0 1 0 0 0 1
24 25 689.9493672291779 16.67 3 3 134 135
1 0 0 0 1 0 0 0 1
1 0 0 0 1 0 0 0 1
63 10 415.8035347879145 16.67 3 3 136 137
1 0 0 0 1 0 0 0 1
1 0 0 0 1 0 0 0 1
63 83 671.0781793346913 16.67 3 3 138 139
1 0 0 0 1 0 0 0 1
1 0 0 0 1 0 0 0 1
63 42 557.8706961566277 16.67 3 3 140 141
1 0 0 0 1 0 0 0 1
1 0 0 0 1 0 0 0 1
64 21 933.8955882182019 16.67 3 3 142 143
1 0 0 0 1 0 0 0 1
1 0 0 0 1 0 0 0 1
64 75 1071.208148157868 16.67 3 3 144 145
1 0 0 0 1 0 0 0 1
1 0 0 0 1 0 0 0 1
64 13 863.2561949058584 16.67 3 3 146 147
1 0 0 0 1 0 0 0 1
1 0 0 0 1 0 0 0 1
64 78 420.5408909812562 16.67 3 3 148 149
1 0 0 0 1 0 0 0 1
1 0 0 0 1 0 0 0 1
65 13 710.783420113961 16.67 3 3 150 151
1 0 0 0 1 0 0 0 1
1 0 0 0 1 0 0 0 1
66 36 651.076949268672 16.67 3 3 152 153
1 0 0 0 1 0 0 0 1
1 0 0 0 1 0 0 0 1
66 85 706.6360097985379 16.67 3 3 154 155
1 0 0 0 1 0 0 0 1
1 0 0 0 1 0 0 0 1
67 16 636.5259350593931 16.67 3 3 156 157
1 0 0 0 1 0 0 0 1
1 0 0 0 1 0 0 0 1
67 68 1349.95905067419 16.67 3 3 158 159
1 0 0 0 1 0 0 0 1
1 0 0 0 1 0 0 0 1
67 30 635.0775231798303 16.67 3 3 160 161
1 0 0 0 1 0 0 0 1
1 0 0 0 1 0 0 0 1
68 32 721.3766861562544 16.67 3 3 162 163
1 0 0 0 1 0 0 0 1
1 0 0 0 1 0 0 0 1
68 87 817.1089469870673 16.67 3 3 164 165
1 0 0 0 1 0 0 0 1
1 0 0 0 1 0 0 0 1
68 15 400.67041240907184 16.67 3 3 166 167
1 0 0 0 1 0 0 0 1
1 0 0 0 1 0 0 0 1
69 9 452.1094185339306 16.67 3 3 168 169
1 0 0 0 1 0 0 0 1
1 0 0 0 1 0 0 0 1
69 8 451.12425143319086 16.67 3 3 170 171
1 0 0 0 1 0 0 0 1
1 0 0 0 1 0 0 0 1
69 82 635.1626430331403 16.67 3 3 172 173
1 0 0 0 1 0 0 0 1
1 0 0 0 1 0 0 0 1
70 87 724.0728840304774 16.67 3 3 174 175
1 0 0 0 1 0 0 0 1
1 0 0 0 1 0 0 0 1
70 79 645.9652334062699 16.67 3 3 176 177
1 0 0 0 1 0 0 0 1
1 0 0 0 1 0 0 0 1
71 89 891.4471488512164 16.67 3 3 178 179
1 0 0 0 1 0 0 0 1
1 0 0 0 1 0 0 0 1
71 23 791.2260621388633 16.67 3 3 180 181
1 0 0 0 1 0 0 0 1
1 0 0 0 1 0 0 0 1
71 22 790.9411496955177 16.67 3 3 182 183
1 0 0 0 1 0 0 0 1
1 0 0 0 1 0 0 0 1
72 73 811.7496627281914 16.67 3 3 184 185
1 0 0 0 1 0 0 0 1
1 0 0 0 1 0 0 0 1
72 50 1763.766273503269 16.67 3 3 186 187
1 0 0 0 1 0 0 0 1
1 0 0 0 1 0 0 0 1
73 21 420.4765426910415 16.67 3 3 188 189
1 0 0 0 1 0 0 0 1
1 0 0 0 1 0 0 0 1
73 78 942.896655051895 16.67 3 3 190 191
1 0 0 0 1 0 0 0 1
1 0 0 0 1 0 0 0 1
74 43 1806.5003971937065 16.67 3 3 192 193
1 0 0 0 1 0 0 0 1
1 0 0 0 1 0 0 0 1
74 1 1309.2065563231042 16.67 3 3 194 195
1 0 0 0 1 0 0 0 1
1 0 0 0 1 0 0 0 1
74 77 309.35695602655716 16.67 3 3 196 197
1 0 0 0 1 0 0 0 1
1 0 0 0 1 0 0 0 1
75 40 923.6145127922085 16.67 3 3 198 199
1 0 0 0 1 0 0 0 1
1 0 0 0 1 0 0 0 1
75 84 111.17837933644438 16.67 3 3 200 201
1 0 0 0 1 0 0 0 1
1 0 0 0 1 0 0 0 1
75 2 486.25846040162077 16.67 3 3 202 203
1 0 0 0 1 0 0 0 1
1 0 0 0 1 0 0 0 1
76 81 958.3743521168516 16.67 3 3 204 205
1 0 0 0 1 0 0 0 1
1 0 0 0 1 0 0 0 1
76 77 541.6342594366854 16.67 3 3 206 207
1 0 0 0 1 0 0 0 1
1 0 0 0 1 0 0 0 1
77 85 833.9337613061888 16.67 3 3 208 209
1 0 0 0 1 0 0 0 1
1 0 0 0 1 0 0 0 1
78 80 859.4356888841218 16.67 3 3 210 211
1 0 0 0 1 0 0 0 1
1 0 0 0 1 0 0 0 1
79 81 1006.2055538324597 16.67 3 3 212 213
1 0 0 0 1 0 0 0 1
1 0 0 0 1 0 0 0 1
36 37 21.73736553695749 16.67 3 3 214 215
1 0 0 0 1 0 0 0 1
1 0 0 0 1 0 0 0 1
36 86 744.6558083643121 16.67 3 3 216 217
1 0 0 0 1 0 0 0 1
1 0 0 0 1 0 0 0 1
81 84 485.5798729666751 16.67 3 3 218 219
1 0 0 0 1 0 0 0 1
1 0 0 0 1 0 0 0 1
83 90 506.23425094691476 16.67 3 3 220 221
1 0 0 0 1 0 0 0 1
1 0 0 0 1 0 0 0 1
83 41 940.860695733585 16.67 3 3 222 223
1 0 0 0 1 0 0 0 1
1 0 0 0 1 0 0 0 1
85 62 768.771440678876 16.67 3 3 224 225
1 0 0 0 1 0 0 0 1
1 0 0 0 1 0 0 0 1
80 13 419.55301399191757 16.67 3 3 226 227
1 0 0 0 1 0 0 0 1
1 0 0 0 1 0 0 0 1
37 86 745.8195037411181 16.67 3 3 228 229
1 0 0 0 1 0 0 0 1
1 0 0 0 1 0 0 0 1
37 59 258.2254059505543 16.67 3 3 230 231
1 0 0 0 1 0 0 0 1
1 0 0 0 1 0 0 0 1
86 7 655.9586522313849 16.67 3 3 232 233
1 0 0 0 1 0 0 0 1
1 0 0 0 1 0 0 0 1
86 5 747.9967751582093 16.67 3 3 234 235
1 0 0 0 1 0 0 0 1
1 0 0 0 1 0 0 0 1
89 38 614.4744210403651 16.67 3 3 236 237
1 0 0 0 1 0 0 0 1
1 0 0 0 1 0 0 0 1
89 91 713.1625578319439 16.67 3 3 238 239
1 0 0 0 1 0 0 0 1
1 0 0 0 1 0 0 0 1
40 13 1055.109818748643 16.67 3 3 240 241
1 0 0 0 1 0 0 0 1
1 0 0 0 1 0 0 0 1
91 11 2157.481355089847 16.67 3 3 242 243
1 0 0 0 1 0 0 0 1
1 0 0 0 1 0 0 0 1
91 12 2160.715452050731 16.67 3 3 244 245
1 0 0 0 1 0 0 0 1
1 0 0 0 1 0 0 0 1
7 61 597.4921644342111 16.67 3 3 246 247
1 0 0 0 1 0 0 0 1
1 0 0 0 1 0 0 0 1
17 14 435.86546677986814 16.67 3 3 248 249
1 0 0 0 1 0 0 0 1
1 0 0 0 1 0 0 0 1
55
4 -1 26 22 24
7 111 246 233 -1
13 147 241 151 227
17 248 67 17 91
19 6 2 -1 4
20 10 14 8 12
21 77 13 143 189
27 94 100 96 98
28 97 126 128 124
29 129 115 132 130
31 16 20 7 18
35 53 62 60 58
36 153 216 214 -1
37 215 228 230 -1
38 119 -1 39 237
39 112 -1 110 114
40 199 25 49 240
45 30 28 32 -1
46 38 34 36 29
47 40 42 44 35
48 48 46 43 50
49 23 54 52 47
51 70 68 21 66
52 5 72 76 74
53 3 78 11 73
54 82 86 80 84
55 88 90 92 85
56 93 19 103 87
57 102 75 -1 104
60 116 122 118 120
63 -1 138 140 136
64 142 144 146 148
66 133 -1 152 154
67 156 160 158 107
68 159 162 166 164
69 168 170 113 172
70 69 174 176 79
71 180 121 178 182
72 81 105 184 186
73 185 188 190 117
74 196 192 194 55
75 202 200 198 145
76 204 131 206 27
77 207 -1 208 197
78 191 149 210 123
79 177 99 212 15
80 211 226 41 -1
81 213 125 205 218
83 33 220 222 139
85 209 155 224 63
86 232 234 229 217
87 109 165 95 175
89 179 236 31 238
90 37 45 -1 221
91 -1 239 244 242
