282
1 3600 98
3
429 157 158
1 3600 31
14
429 157 154 521 335 331 307 173 166 35 32 99 93 94
1 3600 31
20
501 502 89 85 86 130 176 523 519 431 339 336 450 83 78 325 169 170 254 21
1 3600 184
15
159 152 180 302 305 173 170 113 37 38 29 25 22 26 148
1 3600 295
23
249 250 256 521 509 341 336 450 345 346 329 326 477 35 32 434 29 25 22 26 150 235 236
1 3600 295
10
159 152 180 299 281 211 201 202 272 274
1 3600 24
13
249 250 256 521 335 81 78 325 169 170 254 21 18
1 3600 56
10
249 250 159 152 175 63 64 103 106 381
1 3600 173
17
429 424 497 495 492 407 117 109 106 485 377 369 370 437 440 329 326
1 3600 295
19
427 424 502 89 85 86 130 176 523 487 263 260 439 57 58 139 134 206 293
1 3600 295
17
154 521 509 506 431 432 455 456 343 346 524 463 349 352 354 295 290
1 3600 295
4
501 497 393 394
1 3600 295
14
427 157 152 178 133 130 63 66 114 423 420 415 416 405
1 3600 295
15
429 424 502 491 492 407 117 114 534 527 233 230 413 411 401
1 3600 295
18
533 427 157 154 521 509 506 518 367 368 219 216 384 444 53 47 40 512
1 3600 295
26
426 501 502 89 85 86 130 63 64 523 487 484 381 221 216 382 396 51 47 40 514 289 11 3 6 214
1 3600 65
14
95 92 98 33 34 167 172 306 330 334 520 155 156 428
1 3600 65
6
298 181 153 158 251 248
1 3600 65
12
253 171 168 324 79 82 451 337 340 508 520 155
1 3600 78
5
185 182 434 29 30
1 3600 78
10
91 92 98 33 36 112 171 172 304 528
1 3600 78
3
38 29 25
1 3600 78
7
92 98 33 34 475 469 466
1 3600 78
6
92 98 183 111 112 171
1 3600 78
3
33 34 167
1 3600 78
7
91 92 98 33 34 167 172
1 3600 134
13
247 250 256 521 335 331 325 326 319 316 267 264 199
1 3600 295
15
529 305 173 166 476 447 321 322 352 311 312 309 223 226 274
1 3600 46
15
333 81 82 451 448 454 433 365 368 378 380 107 108 116 406
1 3600 66
9
183 111 112 171 168 328 347 344 451
1 3600 66
13
92 98 33 34 476 327 328 441 436 387 217 220 380
1 3600 66
7
250 159 152 175 63 66 109
1 3600 66
16
20 255 171 166 476 447 127 128 525 347 342 457 454 433 430 516
1 3600 67
6
101 98 33 34 475 317
1 3600 67
8
111 112 171 168 328 524 55 60
1 3600 184
13
33 34 476 447 127 124 349 350 372 137 134 206 374
1 3600 295
15
33 36 112 171 166 475 267 264 199 204 223 187 190 363 360
1 3600 295
12
529 303 181 178 75 76 84 88 491 494 393 388
1 3600 268
9
333 334 509 506 518 522 103 104 527
1 3600 295
11
92 98 33 34 167 168 328 441 57 60 45
1 3600 295
16
521 509 341 336 450 345 346 524 129 124 349 352 356 293 285 286
1 3600 295
17
111 112 171 168 326 319 316 267 268 312 483 295 290 9 4 68 214
1 3600 210
11
473 468 317 318 327 324 79 80 334 520 155
1 3600 40
7
473 468 474 35 36 112 252
1 3600 40
3
23 24 30
1 3600 40
4
24 28 435 183
1 3600 61
7
170 254 296 29 25 22 26
1 3600 36
11
28 297 255 171 166 475 267 264 276 211 193
1 3600 36
3
150 235 238
1 3600 295
18
149 27 23 24 28 39 34 476 447 321 322 352 354 482 309 271 272 274
1 3600 197
16
306 79 82 451 337 338 365 366 522 177 131 87 84 88 503 497
1 3600 48
12
23 24 28 297 255 171 172 306 79 82 451 448
1 3600 31
7
471 468 317 320 446 327 324
1 3600 31
10
28 39 34 476 327 328 524 55 56 438
1 3600 56
6
172 301 281 277 278 483
1 3600 295
14
168 328 441 57 60 209 206 293 290 119 122 191 186 224
1 3600 295
24
473 468 317 322 350 59 56 438 445 442 397 400 410 412 414 421 422 115 116 406 493 494 393 390
1 3600 295
23
23 24 17 20 255 171 168 326 447 127 128 525 347 342 460 387 382 398 404 417 231 232 526
1 3600 295
8
168 328 524 55 56 438 445 442
1 3600 295
14
149 27 23 24 28 39 34 475 267 268 310 356 374 512
1 3600 295
11
468 267 268 310 354 295 285 11 3 6 214
1 3600 295
9
243 244 264 276 280 298 181 153 156
1 3600 113
7
243 244 266 474 35 32 99
1 3600 54
5
243 244 266 474 167
1 3600 54
5
198 265 266 469 472
1 3600 54
12
234 151 27 23 24 28 435 33 34 476 319 316
1 3600 46
7
243 244 264 199 202 272 274
1 3600 295
16
241 244 268 310 356 207 208 61 56 436 371 366 522 65 62 131
1 3600 184
21
193 196 270 223 187 188 479 123 118 9 2 10 288 515 41 46 50 443 385 217 218
1 3600 39
12
241 244 268 310 353 350 139 140 45 46 52 445
1 3600 45
7
241 244 268 310 356 207 135
1 3600 45
4
264 278 483 481
1 3600 92
8
196 272 227 187 190 123 118 358
1 3600 295
25
278 483 355 353 348 462 525 347 342 460 371 368 376 484 107 108 67 62 131 87 84 88 503 497 393
1 3600 295
17
151 27 23 24 28 297 255 171 168 328 347 342 460 387 382 400 408
1 3600 295
18
237 234 151 27 23 24 28 39 34 476 447 127 128 525 441 438 445 442
1 3600 295
20
151 27 23 24 17 20 255 171 168 328 524 55 58 372 137 134 206 374 514 536
1 3600 295
21
151 27 23 24 28 435 33 34 476 447 321 322 352 354 295 285 11 3 4 68 214
1 3600 295
9
273 203 200 210 280 298 181 153 156
1 3600 295
15
275 227 222 308 483 355 353 348 125 126 446 477 167 170 254
1 3600 246
6
273 203 198 265 266 469
1 3600 28
5
283 277 265 245 242
1 3600 246
3
273 197 194
1 3600 295
21
195 192 201 204 308 483 295 292 207 135 138 59 56 438 261 262 486 522 177 131 87
1 3600 295
9
195 192 210 280 300 304 333 334 509
1 3600 227
13
227 187 188 479 363 121 118 291 292 207 208 61 56
1 3600 86
10
227 187 190 123 118 291 292 207 135 136
1 3600 55
8
283 277 278 483 295 290 9 2
1 3600 295
21
275 227 187 190 123 118 9 2 10 288 515 41 46 50 397 398 404 165 160 115 116
1 3600 295
14
275 227 222 308 313 310 353 350 59 56 436 387 382 398
1 3600 295
14
227 187 188 479 363 121 118 291 285 288 515 41 46 50
1 3600 295
12
273 203 198 278 313 310 356 207 135 140 45 42
1 3600 295
11
195 196 270 223 187 190 123 118 9 6 214
1 3600 62
8
178 75 76 84 88 503 425 428
1 3600 62
6
87 84 88 503 500 532
1 3600 42
16
499 495 490 89 85 77 74 179 180 299 300 173 166 35 36 110
1 3600 210
17
176 523 367 370 437 57 54 525 329 169 170 113 37 38 29 25 22
1 3600 295
20
85 86 130 63 66 114 161 164 405 399 396 51 47 40 375 357 311 269 245 242
1 3600 295
8
74 179 180 299 281 211 193 194
1 3600 50
5
502 89 85 77 74
1 3600 67
10
86 130 63 64 523 367 364 432 455 449
1 3600 67
6
73 74 133 130 176 103
1 3600 67
11
497 495 492 407 117 109 106 485 486 519 516
1 3600 67
9
74 133 130 63 64 523 519 507 508
1 3600 67
8
407 117 109 106 485 486 519 507
1 3600 92
14
130 176 523 487 377 219 216 386 461 343 346 524 463 464
1 3600 295
19
499 495 492 407 117 109 106 381 259 260 53 47 44 141 134 206 293 294 481
1 3600 295
21
407 117 114 423 420 415 413 411 401 383 384 444 53 47 40 514 289 11 3 4 70
1 3600 64
25
19 20 255 171 172 306 330 81 82 451 337 338 430 518 522 65 62 131 87 84 88 491 494 393 390
1 3600 84
11
502 89 85 86 130 63 66 114 534 527 233
1 3600 295
14
133 130 63 64 103 104 535 423 418 511 405 399 396 488
1 3600 295
20
505 89 85 86 130 176 523 487 263 260 53 47 40 514 289 11 3 4 68 212
1 3600 295
17
133 130 63 64 523 367 370 437 57 58 139 134 206 293 290 9 6
1 3600 75
5
62 174 153 156 428
1 3600 65
8
332 305 173 166 35 32 99 100
1 3600 65
13
379 369 364 339 336 450 83 78 325 326 477 35 32
1 3600 65
13
459 455 456 343 346 329 169 170 113 110 182 99 93
1 3600 65
15
431 432 455 449 450 83 78 307 173 170 113 37 32 99 93
1 3600 54
12
377 378 221 216 384 444 439 57 58 351 323 316
1 3600 210
14
331 325 326 477 35 32 434 29 25 22 26 150 235 236
1 3600 295
15
456 343 346 524 129 124 349 352 311 312 309 205 202 197 194
1 3600 56
9
454 433 365 366 522 177 131 132 75
1 3600 56
7
332 305 173 170 254 21 18
1 3600 56
12
338 365 368 376 484 107 108 116 406 493 490 89
1 3600 56
7
107 102 65 62 131 132 75
1 3600 43
4
506 518 487 377
1 3600 62
16
114 423 420 233 230 413 411 401 396 51 47 44 141 136 373 351
1 3600 62
8
221 216 386 437 440 524 463 349
1 3600 62
4
450 83 78 325
1 3600 62
3
378 259 260
1 3600 62
4
450 345 346 524
1 3600 62
6
459 455 456 460 387 384
1 3600 128
10
517 431 365 370 437 57 60 209 206 374
1 3600 295
15
109 104 527 415 413 403 399 396 51 47 40 514 289 11 12
1 3600 155
9
522 177 131 87 84 88 491 494 393
1 3600 65
10
509 506 518 487 484 107 104 535 423 418
1 3600 65
9
454 433 365 368 378 380 107 104 535
1 3600 102
7
66 114 161 164 405 399 396
1 3600 295
5
259 260 53 48 96
1 3600 295
19
509 341 336 450 345 346 524 129 124 349 352 354 295 285 11 3 4 68 214
1 3600 268
11
261 258 379 369 364 339 340 508 520 155 156
1 3600 36
6
318 477 35 36 112 254
1 3600 59
11
320 446 327 169 170 254 296 29 25 22 26
1 3600 59
10
351 348 125 126 446 477 35 38 29 25
1 3600 59
11
57 54 525 329 169 170 254 21 16 25 22
1 3600 50
12
446 477 35 32 434 29 25 22 26 150 235 238
1 3600 295
7
352 311 312 279 199 202 272
1 3600 109
6
262 486 522 65 62 174
1 3600 59
4
258 380 107 108
1 3600 59
10
348 462 525 347 344 451 337 338 430 518
1 3600 59
7
385 386 461 457 449 450 83
1 3600 59
3
371 366 522
1 3600 59
10
342 460 387 382 400 410 412 414 526 105
1 3600 31
6
384 444 439 440 329 326
1 3600 54
3
465 349 352
1 3600 54
3
55 60 209
1 3600 54
8
260 439 57 58 372 137 134 206
1 3600 54
8
346 441 57 60 45 40 514 289
1 3600 184
7
319 322 352 356 293 290 119
1 3600 295
16
318 327 324 307 304 303 181 178 75 76 84 88 491 494 393 390
1 3600 73
10
328 441 438 445 442 397 398 404 510 419
1 3600 35
5
59 56 436 387 382
1 3600 164
6
460 437 57 60 45 42
1 3600 295
9
463 349 352 354 295 290 9 6 214
1 3600 295
12
208 61 54 525 347 344 451 337 340 508 520 155
1 3600 164
9
353 323 320 446 327 169 170 113 110
1 3600 59
7
294 482 313 269 266 469 472
1 3600 47
14
480 482 279 265 266 474 35 38 29 25 22 26 150 235
1 3600 47
3
205 200 193
1 3600 147
5
315 312 279 276 282
1 3600 295
16
356 374 41 46 50 397 400 410 412 231 232 421 422 115 116 406
1 3600 118
8
315 310 353 350 59 56 436 371
1 3600 56
9
480 355 353 348 125 126 446 327 324
1 3600 56
6
295 292 207 135 140 61
1 3600 56
4
480 355 353 323
1 3600 56
6
271 203 198 265 266 317
1 3600 56
5
138 59 56 436 461
1 3600 54
6
315 310 356 207 135 136
1 3600 52
7
312 309 223 187 188 479 123
1 3600 52
3
480 295 290
1 3600 295
15
208 45 46 52 261 258 380 107 108 116 406 493 494 393 390
1 3600 295
9
374 41 46 50 397 400 410 412 414
1 3600 109
3
515 41 46
1 3600 75
6
285 11 3 4 68 212
1 3600 227
7
483 295 285 11 3 6 214
1 3600 295
16
225 222 205 200 210 280 298 302 333 334 520 257 159 156 426 532
1 3600 295
11
186 222 308 313 269 266 474 35 32 99 93
1 3600 295
15
222 271 203 198 265 266 474 167 170 254 296 29 25 22 26
1 3600 73
19
186 226 273 203 198 265 266 474 167 170 254 21 16 25 22 26 150 235 238
1 3600 73
9
5 8 119 120 362 478 189 186 226
1 3600 295
15
13 10 288 515 41 46 52 445 385 217 218 376 486 522 177
1 3600 295
16
190 363 121 118 291 292 207 135 140 61 56 438 261 262 486 522
1 3600 118
12
123 118 291 292 207 135 136 373 59 56 438 261
1 3600 101
4
189 186 222 308
1 3600 101
4
291 294 482 313
1 3600 101
6
191 186 222 308 313 314
1 3600 101
6
190 363 121 118 291 292
1 3600 101
5
359 291 292 207 135
1 3600 109
4
188 479 123 118
1 3600 295
18
186 226 273 197 192 210 280 298 181 178 75 76 84 88 503 497 393 394
1 3600 295
16
187 190 123 118 9 2 10 288 515 41 46 50 397 398 404 510
1 3600 295
6
5 2 10 288 515 41
1 3600 246
11
225 187 188 479 363 121 118 9 4 68 212
1 3600 113
5
190 123 118 9 6
1 3600 295
4
392 496 425 428
1 3600 295
9
117 67 62 174 180 299 300 173 170
1 3600 295
12
391 392 495 490 89 85 77 74 179 180 302 305
1 3600 295
13
392 495 490 89 85 86 132 179 180 299 281 211 193
1 3600 295
13
391 392 496 502 89 85 77 74 179 180 299 281 282
1 3600 34
4
389 392 495 490
1 3600 79
11
389 392 496 500 427 157 154 521 335 81 82
1 3600 246
19
392 495 492 407 117 109 106 381 379 369 364 432 455 456 343 346 524 129 124
1 3600 295
19
392 496 502 89 85 86 130 176 523 367 370 437 57 58 139 134 206 357 311
1 3600 295
21
389 392 495 492 407 117 114 534 527 233 230 413 411 401 396 51 47 40 514 289 11
1 3600 295
4
392 495 492 407
1 3600 43
4
117 114 423 420
1 3600 295
10
117 109 106 381 221 216 384 444 53 47
1 3600 295
11
117 114 423 418 511 405 399 396 51 48 96
1 3600 295
24
395 392 496 502 89 85 86 130 63 64 523 487 263 260 53 47 40 514 289 11 3 4 68 214
1 3600 295
11
404 165 160 115 67 62 174 153 158 251 248
1 3600 184
10
105 106 485 486 519 507 508 335 332 303
1 3600 295
18
526 105 102 523 519 507 508 335 331 307 173 166 35 38 29 25 22 26
1 3600 295
16
527 415 413 411 401 383 386 461 343 346 524 129 126 321 316 267
1 3600 295
23
229 232 526 105 106 485 377 369 364 339 336 450 83 78 325 326 319 316 267 264 199 202 272
1 3600 64
10
231 232 421 422 115 67 62 131 87 84
1 3600 92
5
412 414 526 105 106
1 3600 92
13
531 419 422 534 105 106 381 379 369 364 339 336 452
1 3600 92
9
531 419 422 534 105 102 523 519 507
1 3600 92
8
405 399 383 386 461 457 449 452
1 3600 93
10
402 411 401 383 384 444 439 440 524 463
1 3600 93
10
403 399 383 386 437 57 58 351 348 464
1 3600 268
11
233 230 413 411 401 396 51 47 44 141 136
1 3600 295
15
511 405 399 383 384 444 439 57 60 209 206 293 290 119 122
1 3600 61
8
419 422 115 116 406 493 494 393
1 3600 109
4
417 413 411 408
1 3600 79
6
422 161 164 405 399 396
1 3600 79
3
405 399 396
1 3600 295
12
163 160 534 105 106 381 259 260 53 47 40 512
1 3600 295
14
417 413 411 401 396 51 47 40 514 289 11 3 6 214
1 3600 295
15
489 443 385 217 220 380 107 102 177 131 87 84 88 503 425
1 3600 268
12
489 443 444 439 57 54 525 329 169 166 35 36
1 3600 268
8
47 44 61 54 525 329 326 477
1 3600 295
13
383 386 437 57 58 351 323 316 267 264 276 211 193
1 3600 295
15
383 386 437 57 60 141 134 206 357 311 312 309 223 226 274
1 3600 268
14
489 443 385 217 218 376 486 522 65 62 131 132 75 72
1 3600 64
6
52 439 440 347 342 457
1 3600 20
7
383 386 461 343 346 524 463
1 3600 75
9
489 51 47 44 209 206 357 311 314
1 3600 295
5
40 375 293 290 358
1 3600 295
9
400 410 412 231 232 421 422 115 116
1 3600 35
3
397 398 404
1 3600 78
4
489 51 48 96
1 3600 295
13
383 384 444 53 47 40 514 289 11 3 4 68 214
1 3600 295
19
213 7 2 10 284 294 355 353 323 318 327 324 330 334 520 155 156 426 532
1 3600 295
16
287 284 294 355 353 348 125 126 446 327 169 170 113 110 182 434
1 3600 295
14
97 43 44 61 54 525 329 326 477 35 38 29 25 22
1 3600 295
10
213 69 5 8 119 122 191 186 222 205
1 3600 295
10
537 289 284 294 482 279 276 211 193 194
1 3600 295
11
49 52 261 262 486 522 177 131 132 75 72
1 3600 295
18
213 7 2 10 288 515 375 357 353 348 462 525 347 344 451 448 454 433
1 3600 66
5
43 44 141 138 351
1 3600 39
4
513 375 357 311
1 3600 155
8
97 43 44 209 206 293 290 119
1 3600 295
23
213 69 5 2 10 288 515 41 46 52 445 385 217 220 380 107 108 116 406 493 494 393 390
1 3600 295
10
537 515 41 46 50 397 400 410 412 414
1 3600 58
7
287 288 515 41 46 50 488
1 3600 295
6
97 49 47 40 514 536
1 3600 122
7
43 40 514 289 11 3 6
1 3600 295
20
215 7 8 291 294 355 353 348 462 525 347 344 451 337 340 508 520 257 251 248
1 3600 295
18
69 5 2 10 284 294 355 353 323 320 446 477 167 170 254 296 29 30
1 3600 295
13
7 8 291 294 482 313 269 266 474 35 32 434 29
1 3600 295
21
215 69 5 2 10 284 292 357 353 323 318 327 169 170 254 21 16 25 22 26 150
1 3600 295
14
7 8 119 120 362 478 189 186 226 273 197 192 210 282
1 3600 295
12
215 69 5 8 291 294 482 279 276 280 298 181
1 3600 295
15
7 2 10 284 292 207 135 136 373 59 56 436 371 368 376
1 3600 295
9
215 69 5 8 291 292 207 208 61
1 3600 105
6
7 2 10 284 294 481
1 3600 66
7
215 69 5 8 119 120 360
1 3600 295
14
7 2 10 288 515 41 46 52 261 258 380 107 108 116
1 3600 295
12
69 5 2 10 288 515 41 46 50 397 398 402
1 3600 295
10
215 7 2 10 288 515 41 46 50 488
1 3600 109
6
69 5 2 10 288 536
