193
24.488594 117.70901 1 0
24.496735 117.70105 2 1
24.487534 117.68289 3 1
24.486876 117.68431 4 0
24.485899 117.683685 5 1
24.483429 117.68433 6 0
24.503277 117.71314 7 0
24.5257 117.67469 8 0
24.495722 117.71035 9 0
24.483536 117.64322 10 0
24.4838 117.646545 11 0
24.510124 117.71465 12 0
24.490284 117.699875 13 0
24.490105 117.69992 14 0
24.483332 117.69253 15 0
24.52791 117.70272 16 0
24.524706 117.7023 17 0
24.524794 117.70205 18 0
24.504387 117.62609 19 0
24.484743 117.651 20 0
24.483929 117.626305 21 0
24.522326 117.65072 22 1
24.523125 117.64826 23 1
24.528505 117.64868 24 0
24.50959 117.67649 25 1
24.508017 117.6606 26 0
24.505957 117.662224 27 1
24.512466 117.68329 28 0
24.492706 117.66925 29 0
24.492674 117.669365 30 0
24.529469 117.7 31 0
24.522272 117.666626 32 1
24.495096 117.714874 33 0
24.5222 117.66664 34 1
24.522701 117.67448 35 1
24.52892 117.63156 36 0
24.525318 117.627815 37 0
24.520784 117.62637 38 0
24.502544 117.656944 39 0
24.51505 117.64636 40 1
24.495745 117.643005 41 1
24.50339 117.71089 42 1
24.509312 117.713104 43 1
24.511162 117.65003 44 0
24.511286 117.6429 45 1
24.51321 117.643135 46 1
24.513796 117.638885 47 0
24.494987 117.71487 48 0
24.487083 117.65702 49 1
24.487253 117.65777 50 1
24.483324 117.64843 51 0
24.487297 117.65747 52 1
24.517048 117.68758 53 1
24.513031 117.64522 54 1
24.528332 117.64897 55 1
24.511185 117.64503 56 1
24.529156 117.65232 57 0
24.527662 117.651474 58 1
24.52522 117.62778 59 0
24.527164 117.65066 60 1
24.517185 117.686966 61 1
24.487417 117.65803 62 1
24.52865 117.68813 63 1
24.484112 117.65209 64 1
24.484713 117.6518 65 1
24.485489 117.67615 66 0
24.51827 117.70869 67 1
24.486439 117.66325 68 0
24.503448 117.709915 69 0
24.483517 117.64833 70 0
24.517023 117.68713 71 0
24.483274 117.65292 72 0
24.483221 117.6521 73 0
24.49 117.65873 74 1
24.487911 117.6257 75 0
24.509384 117.7145 76 0
24.509516 117.71169 77 1
24.529116 117.687004 78 0
24.512968 117.63825 79 0
24.495493 117.66689 80 0
24.5021 117.6724067 81 1
24.515039 117.6451035 82 1
24.50548 117.6445153 83 1
24.5131105 117.662885 84 0
24.4967035 117.701323 85 1
24.499963 117.702103 86 1
24.524439 117.71169 87 1
24.5032865 117.711365 88 1
24.509635 117.642405 89 0
24.488971 117.6969163 90 1
24.4844088 117.6920128 91 1
24.4864528 117.686769 92 0
24.4847374 117.646574 93 1
24.487938 117.6582833 94 1
24.4919173 117.6440772 95 1
24.4846957 117.6917133 96 0
24.50061 117.6912165 97 1
24.5000315 117.702357 98 1
24.499443 117.710747 99 1
24.5005013 117.6956435 100 1
24.4976371 117.6954377 101 1
24.5209505 117.701025 102 1
24.5132804 117.69821 103 1
24.5045835 117.626175 104 0
24.5271915 117.713045 105 0
24.4957504 117.663672 106 1
24.4984617 117.6593537 107 1
24.502445 117.6668 108 1
24.5036572 117.703685 109 1
24.504329 117.691405 110 1
24.5046272 117.6848787 111 1
24.5052373 117.67311 112 1
24.505647 117.666954 113 1
24.5060372 117.65966 114 1
24.509095 117.659575 115 1
24.5093804 117.6670817 116 1
24.5098211 117.685222 117 1
24.5099716 117.6914906 118 1
24.5114343 117.70667 119 1
24.514969 117.6928937 120 1
24.516705 117.6594115 121 1
24.5169705 117.684659 122 1
24.5177494 117.708908 123 0
24.5193593 117.6593247 124 1
24.5216663 117.65927 125 1
24.522429 117.6677325 126 1
24.5239346 117.632012 127 1
24.5250298 117.667939 128 1
24.5254053 117.6592698 129 1
24.5279225 117.642139 130 0
24.5282945 117.664275 131 1
24.5285653 117.6594023 132 1
24.528614 117.6486525 133 0
24.5286202 117.6552848 134 1
24.489128 117.627195 135 1
24.5122595 117.65951 136 1
24.516796 117.6774275 137 1
24.505285 117.6752625 138 1
24.5091725 117.6616675 139 1
24.5118917 117.6626767 140 1
24.512389 117.6625833 141 1
24.511053 117.6671425 142 1
24.5091825 117.662094 143 1
24.5097265 117.683415 144 1
24.4941455 117.66991 145 1
24.5012824 117.6847248 146 1
24.5020875 117.672685 147 1
24.5067552 117.7114985 148 1
24.5078063 117.7052715 149 0
24.5090632 117.6971387 150 1
24.5040882 117.6958525 151 1
24.5187943 117.6545288 152 1
24.5251525 117.6745425 153 1
24.5204495 117.680105 154 1
24.52035 117.68032 155 1
24.5162515 117.6389908 156 1
24.5192794 117.6319542 157 1
24.5153318 117.6316647 158 1
24.5138632 117.6385037 159 1
24.523067 117.6380425 160 0
24.504339 117.69122 161 0
24.5087822 117.6532225 162 1
24.5260128 117.655074 163 1
24.522927 117.695155 164 1
24.512027 117.654165 165 1
24.5174243 117.6673425 166 1
24.5068313 117.6526363 167 1
24.5212175 117.654645 168 1
24.516178 117.6541725 169 1
24.5098306 117.673464 170 1
24.5098174 117.6736502 171 1
24.5270918 117.6511975 172 1
24.50235 117.6597375 173 1
24.515532 117.650275 174 1
24.487692 117.6618375 175 1
24.50525 117.6733625 176 1
24.4973577 117.6474483 177 1
24.52825 117.649265 178 1
24.4888695 117.62698 179 1
24.5267523 117.650535 180 1
24.52649 117.6509075 181 1
24.5210415 117.70073 182 1
24.5184 117.70881 183 0
24.5181327 117.7092588 184 1
24.4957062 117.652671 185 1
24.4845263 117.66837 186 0
24.484545 117.6685733 187 0
24.4852787 117.6661375 188 1
24.52513 117.684997 189 1
24.5252697 117.6847433 190 1
24.516792 117.677715 191 1
24.528716 117.66399 192 0
24.518553 117.7092233 193 1
268
184 67 64.75901283900382 16.67 3 3 2 3
1 0 0 0 1 0 0 0 1
1 0 0 0 1 0 0 0 1
184 193 42.7065807249133 16.67 3 3 4 5
1 0 0 0 1 0 0 0 1
1 0 0 0 1 0 0 0 1
184 87 692.9529738769446 16.67 3 3 6 7
1 0 0 0 1 0 0 0 1
1 0 0 0 1 0 0 0 1
184 119 736.3175661771716 16.67 3 3 8 9
1 0 0 0 1 0 0 0 1
1 0 0 0 1 0 0 0 1
67 102 894.4658151028336 16.67 3 3 10 11
1 0 0 0 1 0 0 0 1
1 0 0 0 1 0 0 0 1
67 123 57.98242047275817 16.67 3 3 12 13
1 0 0 0 1 0 0 0 1
1 0 0 0 1 0 0 0 1
185 104 3080.3026013905715 16.67 3 3 14 15
1 0 0 0 1 0 0 0 1
1 0 0 0 1 0 0 0 1
185 188 1831.9180596628937 16.67 3 3 16 17
1 0 0 0 1 0 0 0 1
1 0 0 0 1 0 0 0 1
185 19 3083.621818270919 16.67 3 3 18 19
1 0 0 0 1 0 0 0 1
1 0 0 0 1 0 0 0 1
185 74 887.3495477982099 16.67 3 3 20 21
1 0 0 0 1 0 0 0 1
1 0 0 0 1 0 0 0 1
186 187 22.6863948195637 16.67 3 3 22 23
1 0 0 0 1 0 0 0 1
1 0 0 0 1 0 0 0 1
186 188 259.67281110332846 16.67 3 3 24 25
1 0 0 0 1 0 0 0 1
1 0 0 0 1 0 0 0 1
187 5 1686.0255085914066 16.67 3 3 26 27
1 0 0 0 1 0 0 0 1
1 0 0 0 1 0 0 0 1
188 175 536.9283193623285 16.67 3 3 28 29
1 0 0 0 1 0 0 0 1
1 0 0 0 1 0 0 0 1
188 68 341.8924204531711 16.67 3 3 30 31
1 0 0 0 1 0 0 0 1
1 0 0 0 1 0 0 0 1
62 50 33.33738640134295 16.67 3 3 32 33
1 0 0 0 1 0 0 0 1
1 0 0 0 1 0 0 0 1
62 147 2204.534831432484 16.67 3 3 34 35
1 0 0 0 1 0 0 0 1
1 0 0 0 1 0 0 0 1
62 52 63.446053050172694 16.67 3 3 36 37
1 0 0 0 1 0 0 0 1
1 0 0 0 1 0 0 0 1
62 175 424.3144321184945 16.67 3 3 38 39
1 0 0 0 1 0 0 0 1
1 0 0 0 1 0 0 0 1
189 164 1151.3652531168932 16.67 3 3 40 41
1 0 0 0 1 0 0 0 1
1 0 0 0 1 0 0 0 1
189 63 498.1939650253369 16.67 3 3 42 43
1 0 0 0 1 0 0 0 1
1 0 0 0 1 0 0 0 1
189 155 710.1774089792278 16.67 3 3 44 45
1 0 0 0 1 0 0 0 1
1 0 0 0 1 0 0 0 1
189 190 31.554106989189 16.67 3 3 46 47
1 0 0 0 1 0 0 0 1
1 0 0 0 1 0 0 0 1
190 63 508.7083882412518 16.67 3 3 48 49
1 0 0 0 1 0 0 0 1
1 0 0 0 1 0 0 0 1
190 153 1134.4091436929834 16.67 3 3 50 51
1 0 0 0 1 0 0 0 1
1 0 0 0 1 0 0 0 1
190 154 709.8193833344366 16.67 3 3 52 53
1 0 0 0 1 0 0 0 1
1 0 0 0 1 0 0 0 1
191 171 838.0172020011893 16.67 3 3 54 55
1 0 0 0 1 0 0 0 1
1 0 0 0 1 0 0 0 1
191 137 31.973074808926068 16.67 3 3 56 57
1 0 0 0 1 0 0 0 1
1 0 0 0 1 0 0 0 1
191 122 772.3963640274119 16.67 3 3 58 59
1 0 0 0 1 0 0 0 1
1 0 0 0 1 0 0 0 1
191 155 462.0638429773005 16.67 3 3 60 61
1 0 0 0 1 0 0 0 1
1 0 0 0 1 0 0 0 1
40 82 139.729476249167 16.67 3 3 62 63
1 0 0 0 1 0 0 0 1
1 0 0 0 1 0 0 0 1
40 174 438.07787995409836 16.67 3 3 64 65
1 0 0 0 1 0 0 0 1
1 0 0 0 1 0 0 0 1
40 23 843.8834755260249 16.67 3 3 66 67
1 0 0 0 1 0 0 0 1
1 0 0 0 1 0 0 0 1
193 87 655.6495300527894 16.67 3 3 68 69
1 0 0 0 1 0 0 0 1
1 0 0 0 1 0 0 0 1
193 183 48.49653953078367 16.67 3 3 70 71
1 0 0 0 1 0 0 0 1
1 0 0 0 1 0 0 0 1
45 89 175.88394497736272 16.67 3 3 72 73
1 0 0 0 1 0 0 0 1
1 0 0 0 1 0 0 0 1
45 56 237.08015257218747 16.67 3 3 74 75
1 0 0 0 1 0 0 0 1
1 0 0 0 1 0 0 0 1
45 46 196.41693214162615 16.67 3 3 76 77
1 0 0 0 1 0 0 0 1
1 0 0 0 1 0 0 0 1
27 113 526.9189118165232 16.67 3 3 78 79
1 0 0 0 1 0 0 0 1
1 0 0 0 1 0 0 0 1
27 114 285.2368381389582 16.67 3 3 80 81
1 0 0 0 1 0 0 0 1
1 0 0 0 1 0 0 0 1
27 143 326.69068441556783 16.67 3 3 82 83
1 0 0 0 1 0 0 0 1
1 0 0 0 1 0 0 0 1
46 47 476.31221049749826 16.67 3 3 84 85
1 0 0 0 1 0 0 0 1
1 0 0 0 1 0 0 0 1
46 54 232.56200079310892 16.67 3 3 86 87
1 0 0 0 1 0 0 0 1
1 0 0 0 1 0 0 0 1
47 159 42.94291587130343 16.67 3 3 88 89
1 0 0 0 1 0 0 0 1
1 0 0 0 1 0 0 0 1
64 73 90.1779294255484 16.67 3 3 90 91
1 0 0 0 1 0 0 0 1
1 0 0 0 1 0 0 0 1
64 65 68.84285686737255 16.67 3 3 92 93
1 0 0 0 1 0 0 0 1
1 0 0 0 1 0 0 0 1
64 72 125.34398178697464 16.67 3 3 94 95
1 0 0 0 1 0 0 0 1
1 0 0 0 1 0 0 0 1
63 78 133.79407688972813 16.67 3 3 96 97
1 0 0 0 1 0 0 0 1
1 0 0 0 1 0 0 0 1
65 50 711.9026292141202 16.67 3 3 98 99
1 0 0 0 1 0 0 0 1
1 0 0 0 1 0 0 0 1
65 51 400.2464657561607 16.67 3 3 100 101
1 0 0 0 1 0 0 0 1
1 0 0 0 1 0 0 0 1
22 174 689.1370651706045 16.67 3 3 102 103
1 0 0 0 1 0 0 0 1
1 0 0 0 1 0 0 0 1
22 181 421.7931244840351 16.67 3 3 104 105
1 0 0 0 1 0 0 0 1
1 0 0 0 1 0 0 0 1
22 168 450.64478356164557 16.67 3 3 106 107
1 0 0 0 1 0 0 0 1
1 0 0 0 1 0 0 0 1
22 23 285.24996617758427 16.67 3 3 108 109
1 0 0 0 1 0 0 0 1
1 0 0 0 1 0 0 0 1
52 49 54.5260923474829 16.67 3 3 110 111
1 0 0 0 1 0 0 0 1
1 0 0 0 1 0 0 0 1
52 94 111.29889053692352 16.67 3 3 112 113
1 0 0 0 1 0 0 0 1
1 0 0 0 1 0 0 0 1
23 180 445.72712196755487 16.67 3 3 114 115
1 0 0 0 1 0 0 0 1
1 0 0 0 1 0 0 0 1
23 130 835.9945850632853 16.67 3 3 116 117
1 0 0 0 1 0 0 0 1
1 0 0 0 1 0 0 0 1
77 119 591.0140444040236 16.67 3 3 118 119
1 0 0 0 1 0 0 0 1
1 0 0 0 1 0 0 0 1
77 43 158.58833073050113 16.67 3 3 120 121
1 0 0 0 1 0 0 0 1
1 0 0 0 1 0 0 0 1
77 148 280.1528431516566 16.67 3 3 122 123
1 0 0 0 1 0 0 0 1
1 0 0 0 1 0 0 0 1
25 144 770.196209714721 16.67 3 3 124 125
1 0 0 0 1 0 0 0 1
1 0 0 0 1 0 0 0 1
25 138 456.4735985802002 16.67 3 3 126 127
1 0 0 0 1 0 0 0 1
1 0 0 0 1 0 0 0 1
25 171 316.62793494795045 16.67 3 3 128 129
1 0 0 0 1 0 0 0 1
1 0 0 0 1 0 0 0 1
54 82 203.57970688534957 16.67 3 3 130 131
1 0 0 0 1 0 0 0 1
1 0 0 0 1 0 0 0 1
54 56 187.96734872783782 16.67 3 3 132 133
1 0 0 0 1 0 0 0 1
1 0 0 0 1 0 0 0 1
61 53 69.67065097249423 16.67 3 3 134 135
1 0 0 0 1 0 0 0 1
1 0 0 0 1 0 0 0 1
61 71 24.520148677113504 16.67 3 3 136 137
1 0 0 0 1 0 0 0 1
1 0 0 0 1 0 0 0 1
61 122 257.45882660231064 16.67 3 3 138 139
1 0 0 0 1 0 0 0 1
1 0 0 0 1 0 0 0 1
61 155 805.4388089320914 16.67 3 3 140 141
1 0 0 0 1 0 0 0 1
1 0 0 0 1 0 0 0 1
3 1 2906.57082277814 16.67 3 3 142 143
1 0 0 0 1 0 0 0 1
1 0 0 0 1 0 0 0 1
3 66 777.5472407175338 16.67 3 3 144 145
1 0 0 0 1 0 0 0 1
1 0 0 0 1 0 0 0 1
3 4 171.3726695039993 16.67 3 3 146 147
1 0 0 0 1 0 0 0 1
1 0 0 0 1 0 0 0 1
5 6 260.0525316404078 16.67 3 3 148 149
1 0 0 0 1 0 0 0 1
1 0 0 0 1 0 0 0 1
5 92 347.4956167968193 16.67 3 3 150 151
1 0 0 0 1 0 0 0 1
1 0 0 0 1 0 0 0 1
41 83 999.3252332848554 16.67 3 3 152 153
1 0 0 0 1 0 0 0 1
1 0 0 0 1 0 0 0 1
41 177 520.3554562774934 16.67 3 3 154 155
1 0 0 0 1 0 0 0 1
1 0 0 0 1 0 0 0 1
41 135 1881.294868844796 16.67 3 3 156 157
1 0 0 0 1 0 0 0 1
1 0 0 0 1 0 0 0 1
41 95 405.27112488773804 16.67 3 3 158 159
1 0 0 0 1 0 0 0 1
1 0 0 0 1 0 0 0 1
55 180 236.27700791260264 16.67 3 3 160 161
1 0 0 0 1 0 0 0 1
1 0 0 0 1 0 0 0 1
55 24 36.691689571532514 16.67 3 3 162 163
1 0 0 0 1 0 0 0 1
1 0 0 0 1 0 0 0 1
55 163 718.1820855600048 16.67 3 3 164 165
1 0 0 0 1 0 0 0 1
1 0 0 0 1 0 0 0 1
81 147 30.973293780793504 16.67 3 3 166 167
1 0 0 0 1 0 0 0 1
1 0 0 0 1 0 0 0 1
81 112 326.9477058913967 16.67 3 3 168 169
1 0 0 0 1 0 0 0 1
1 0 0 0 1 0 0 0 1
81 94 2126.067454458499 16.67 3 3 170 171
1 0 0 0 1 0 0 0 1
1 0 0 0 1 0 0 0 1
81 108 624.4516236724289 16.67 3 3 172 173
1 0 0 0 1 0 0 0 1
1 0 0 0 1 0 0 0 1
82 83 969.3622463544373 16.67 3 3 174 175
1 0 0 0 1 0 0 0 1
1 0 0 0 1 0 0 0 1
82 174 577.2392031806066 16.67 3 3 176 177
1 0 0 0 1 0 0 0 1
1 0 0 0 1 0 0 0 1
83 56 580.0904211550991 16.67 3 3 178 179
1 0 0 0 1 0 0 0 1
1 0 0 0 1 0 0 0 1
83 107 1796.3836177089443 16.67 3 3 180 181
1 0 0 0 1 0 0 0 1
1 0 0 0 1 0 0 0 1
49 50 85.15726237612343 16.67 3 3 182 183
1 0 0 0 1 0 0 0 1
1 0 0 0 1 0 0 0 1
49 70 1031.5293750314763 16.67 3 3 184 185
1 0 0 0 1 0 0 0 1
1 0 0 0 1 0 0 0 1
42 88 53.84906500226276 16.67 3 3 186 187
1 0 0 0 1 0 0 0 1
1 0 0 0 1 0 0 0 1
42 69 108.58046337606845 16.67 3 3 188 189
1 0 0 0 1 0 0 0 1
1 0 0 0 1 0 0 0 1
42 148 347.171291363684 16.67 3 3 190 191
1 0 0 0 1 0 0 0 1
1 0 0 0 1 0 0 0 1
85 2 30.524972308516315 16.67 3 3 192 193
1 0 0 0 1 0 0 0 1
1 0 0 0 1 0 0 0 1
85 33 1515.6496964359922 16.67 3 3 194 195
1 0 0 0 1 0 0 0 1
1 0 0 0 1 0 0 0 1
85 98 355.855224629588 16.67 3 3 196 197
1 0 0 0 1 0 0 0 1
1 0 0 0 1 0 0 0 1
86 100 720.3702488611586 16.67 3 3 198 199
1 0 0 0 1 0 0 0 1
1 0 0 0 1 0 0 0 1
86 2 346.9935572145954 16.67 3 3 200 201
1 0 0 0 1 0 0 0 1
1 0 0 0 1 0 0 0 1
86 98 29.083322224170907 16.67 3 3 202 203
1 0 0 0 1 0 0 0 1
1 0 0 0 1 0 0 0 1
86 109 413.14035398418457 16.67 3 3 204 205
1 0 0 0 1 0 0 0 1
1 0 0 0 1 0 0 0 1
53 120 627.2153347467843 16.67 3 3 206 207
1 0 0 0 1 0 0 0 1
1 0 0 0 1 0 0 0 1
53 155 873.7186347505115 16.67 3 3 208 209
1 0 0 0 1 0 0 0 1
1 0 0 0 1 0 0 0 1
2 101 630.7384875353863 16.67 3 3 210 211
1 0 0 0 1 0 0 0 1
1 0 0 0 1 0 0 0 1
87 16 1057.4874019216986 16.67 3 3 212 213
1 0 0 0 1 0 0 0 1
1 0 0 0 1 0 0 0 1
87 105 316.62155783208897 16.67 3 3 214 215
1 0 0 0 1 0 0 0 1
1 0 0 0 1 0 0 0 1
34 126 123.67736463889885 16.67 3 3 216 217
1 0 0 0 1 0 0 0 1
1 0 0 0 1 0 0 0 1
34 124 862.750303515574 16.67 3 3 218 219
1 0 0 0 1 0 0 0 1
1 0 0 0 1 0 0 0 1
34 125 821.3339284988086 16.67 3 3 220 221
1 0 0 0 1 0 0 0 1
1 0 0 0 1 0 0 0 1
88 109 854.8530554618407 16.67 3 3 222 223
1 0 0 0 1 0 0 0 1
1 0 0 0 1 0 0 0 1
88 7 197.3855105031617 16.67 3 3 224 225
1 0 0 0 1 0 0 0 1
1 0 0 0 1 0 0 0 1
88 99 394.9361449271486 16.67 3 3 226 227
1 0 0 0 1 0 0 0 1
1 0 0 0 1 0 0 0 1
58 57 178.03034512815603 16.67 3 3 228 229
1 0 0 0 1 0 0 0 1
1 0 0 0 1 0 0 0 1
58 134 434.7138659030468 16.67 3 3 230 231
1 0 0 0 1 0 0 0 1
1 0 0 0 1 0 0 0 1
58 172 65.36824119232718 16.67 3 3 232 233
1 0 0 0 1 0 0 0 1
1 0 0 0 1 0 0 0 1
90 92 1156.8162438661989 16.67 3 3 234 235
1 0 0 0 1 0 0 0 1
1 0 0 0 1 0 0 0 1
90 14 353.18096817030516 16.67 3 3 236 237
1 0 0 0 1 0 0 0 1
1 0 0 0 1 0 0 0 1
90 13 354.830476308121 16.67 3 3 238 239
1 0 0 0 1 0 0 0 1
1 0 0 0 1 0 0 0 1
91 15 123.22004266638739 16.67 3 3 240 241
1 0 0 0 1 0 0 0 1
1 0 0 0 1 0 0 0 1
91 96 44.184150333704814 16.67 3 3 242 243
1 0 0 0 1 0 0 0 1
1 0 0 0 1 0 0 0 1
91 97 1641.9810591900966 16.67 3 3 244 245
1 0 0 0 1 0 0 0 1
1 0 0 0 1 0 0 0 1
93 11 94.92117514669553 16.67 3 3 246 247
1 0 0 0 1 0 0 0 1
1 0 0 0 1 0 0 0 1
93 10 392.28788134281706 16.67 3 3 248 249
1 0 0 0 1 0 0 0 1
1 0 0 0 1 0 0 0 1
93 95 777.8570195773681 16.67 3 3 250 251
1 0 0 0 1 0 0 0 1
1 0 0 0 1 0 0 0 1
94 20 872.0703711008994 16.67 3 3 252 253
1 0 0 0 1 0 0 0 1
1 0 0 0 1 0 0 0 1
94 74 214.50327649776048 16.67 3 3 254 255
1 0 0 0 1 0 0 0 1
1 0 0 0 1 0 0 0 1
95 177 666.0554769259815 16.67 3 3 256 257
1 0 0 0 1 0 0 0 1
1 0 0 0 1 0 0 0 1
32 125 820.2924650441473 16.67 3 3 258 259
1 0 0 0 1 0 0 0 1
1 0 0 0 1 0 0 0 1
32 154 1510.1872794944375 16.67 3 3 260 261
1 0 0 0 1 0 0 0 1
1 0 0 0 1 0 0 0 1
32 152 1390.481360561239 16.67 3 3 262 263
1 0 0 0 1 0 0 0 1
1 0 0 0 1 0 0 0 1
97 100 492.41316801572356 16.67 3 3 264 265
1 0 0 0 1 0 0 0 1
1 0 0 0 1 0 0 0 1
97 146 725.0879627341101 16.67 3 3 266 267
1 0 0 0 1 0 0 0 1
1 0 0 0 1 0 0 0 1
97 110 376.9045879451834 16.67 3 3 268 269
1 0 0 0 1 0 0 0 1
1 0 0 0 1 0 0 0 1
98 109 395.48781119799156 16.67 3 3 270 271
1 0 0 0 1 0 0 0 1
1 0 0 0 1 0 0 0 1
98 99 934.881509384411 16.67 3 3 272 273
1 0 0 0 1 0 0 0 1
1 0 0 0 1 0 0 0 1
99 9 379.10637098033914 16.67 3 3 274 275
1 0 0 0 1 0 0 0 1
1 0 0 0 1 0 0 0 1
100 101 290.72742711748856 16.67 3 3 276 277
1 0 0 0 1 0 0 0 1
1 0 0 0 1 0 0 0 1
100 151 363.6978618902935 16.67 3 3 278 279
1 0 0 0 1 0 0 0 1
1 0 0 0 1 0 0 0 1
101 106 3537.5581092437433 16.67 3 3 280 281
1 0 0 0 1 0 0 0 1
1 0 0 0 1 0 0 0 1
101 48 2177.48253679008 16.67 3 3 282 283
1 0 0 0 1 0 0 0 1
1 0 0 0 1 0 0 0 1
102 103 836.761632267005 16.67 3 3 284 285
1 0 0 0 1 0 0 0 1
1 0 0 0 1 0 0 0 1
102 17 405.5448164520855 16.67 3 3 286 287
1 0 0 0 1 0 0 0 1
1 0 0 0 1 0 0 0 1
102 182 34.07198516916986 16.67 3 3 288 289
1 0 0 0 1 0 0 0 1
1 0 0 0 1 0 0 0 1
103 119 959.1307052149485 16.67 3 3 290 291
1 0 0 0 1 0 0 0 1
1 0 0 0 1 0 0 0 1
103 120 615.3747001371495 16.67 3 3 292 293
1 0 0 0 1 0 0 0 1
1 0 0 0 1 0 0 0 1
103 150 443.0088676190105 16.67 3 3 294 295
1 0 0 0 1 0 0 0 1
1 0 0 0 1 0 0 0 1
74 175 417.08910270865744 16.67 3 3 296 297
1 0 0 0 1 0 0 0 1
1 0 0 0 1 0 0 0 1
106 107 553.0552772999017 16.67 3 3 298 299
1 0 0 0 1 0 0 0 1
1 0 0 0 1 0 0 0 1
106 108 761.5272155857488 16.67 3 3 300 301
1 0 0 0 1 0 0 0 1
1 0 0 0 1 0 0 0 1
107 173 395.76721926376604 16.67 3 3 302 303
1 0 0 0 1 0 0 0 1
1 0 0 0 1 0 0 0 1
108 173 785.4214400071329 16.67 3 3 304 305
1 0 0 0 1 0 0 0 1
1 0 0 0 1 0 0 0 1
108 113 324.4541519524326 16.67 3 3 306 307
1 0 0 0 1 0 0 0 1
1 0 0 0 1 0 0 0 1
109 151 872.0791372964991 16.67 3 3 308 309
1 0 0 0 1 0 0 0 1
1 0 0 0 1 0 0 0 1
110 118 571.0305295482672 16.67 3 3 310 311
1 0 0 0 1 0 0 0 1
1 0 0 0 1 0 0 0 1
110 151 495.1697767316466 16.67 3 3 312 313
1 0 0 0 1 0 0 0 1
1 0 0 0 1 0 0 0 1
110 161 20.597199668751635 16.67 3 3 314 315
1 0 0 0 1 0 0 0 1
1 0 0 0 1 0 0 0 1
111 146 338.8779928782021 16.67 3 3 316 317
1 0 0 0 1 0 0 0 1
1 0 0 0 1 0 0 0 1
111 176 1282.1716102641426 16.67 3 3 318 319
1 0 0 0 1 0 0 0 1
1 0 0 0 1 0 0 0 1
111 138 1071.4080857846675 16.67 3 3 320 321
1 0 0 0 1 0 0 0 1
1 0 0 0 1 0 0 0 1
111 117 526.9325600347549 16.67 3 3 322 323
1 0 0 0 1 0 0 0 1
1 0 0 0 1 0 0 0 1
112 113 685.8122786469557 16.67 3 3 324 325
1 0 0 0 1 0 0 0 1
1 0 0 0 1 0 0 0 1
112 176 28.107841631388364 16.67 3 3 326 327
1 0 0 0 1 0 0 0 1
1 0 0 0 1 0 0 0 1
112 170 466.43764136167385 16.67 3 3 328 329
1 0 0 0 1 0 0 0 1
1 0 0 0 1 0 0 0 1
113 114 812.0661993404324 16.67 3 3 330 331
1 0 0 0 1 0 0 0 1
1 0 0 0 1 0 0 0 1
114 173 373.1868602930184 16.67 3 3 332 333
1 0 0 0 1 0 0 0 1
1 0 0 0 1 0 0 0 1
114 167 785.1701516195712 16.67 3 3 334 335
1 0 0 0 1 0 0 0 1
1 0 0 0 1 0 0 0 1
115 139 232.82182964502306 16.67 3 3 336 337
1 0 0 0 1 0 0 0 1
1 0 0 0 1 0 0 0 1
115 136 320.27200414256885 16.67 3 3 338 339
1 0 0 0 1 0 0 0 1
1 0 0 0 1 0 0 0 1
115 162 707.118000709276 16.67 3 3 340 341
1 0 0 0 1 0 0 0 1
1 0 0 0 1 0 0 0 1
116 142 169.37162350768918 16.67 3 3 342 343
1 0 0 0 1 0 0 0 1
1 0 0 0 1 0 0 0 1
116 143 555.0024841016191 16.67 3 3 344 345
1 0 0 0 1 0 0 0 1
1 0 0 0 1 0 0 0 1
116 170 711.1834839076306 16.67 3 3 346 347
1 0 0 0 1 0 0 0 1
1 0 0 0 1 0 0 0 1
117 144 201.16947096756644 16.67 3 3 348 349
1 0 0 0 1 0 0 0 1
1 0 0 0 1 0 0 0 1
117 122 726.0905280844985 16.67 3 3 350 351
1 0 0 0 1 0 0 0 1
1 0 0 0 1 0 0 0 1
117 118 697.245821326997 16.67 3 3 352 353
1 0 0 0 1 0 0 0 1
1 0 0 0 1 0 0 0 1
118 150 634.7684633838601 16.67 3 3 354 355
1 0 0 0 1 0 0 0 1
1 0 0 0 1 0 0 0 1
118 120 529.1689023277371 16.67 3 3 356 357
1 0 0 0 1 0 0 0 1
1 0 0 0 1 0 0 0 1
119 12 897.2390611479096 16.67 3 3 358 359
1 0 0 0 1 0 0 0 1
1 0 0 0 1 0 0 0 1
43 76 155.4085385992114 16.67 3 3 360 361
1 0 0 0 1 0 0 0 1
1 0 0 0 1 0 0 0 1
43 148 314.32644929277774 16.67 3 3 362 363
1 0 0 0 1 0 0 0 1
1 0 0 0 1 0 0 0 1
121 136 449.91067887090475 16.67 3 3 364 365
1 0 0 0 1 0 0 0 1
1 0 0 0 1 0 0 0 1
121 169 585.0210401828926 16.67 3 3 366 367
1 0 0 0 1 0 0 0 1
1 0 0 0 1 0 0 0 1
121 124 268.7245156779344 16.67 3 3 368 369
1 0 0 0 1 0 0 0 1
1 0 0 0 1 0 0 0 1
121 166 884.9389161760786 16.67 3 3 370 371
1 0 0 0 1 0 0 0 1
1 0 0 0 1 0 0 0 1
122 71 274.8309479224197 16.67 3 3 372 373
1 0 0 0 1 0 0 0 1
1 0 0 0 1 0 0 0 1
120 164 843.5218156774587 16.67 3 3 374 375
1 0 0 0 1 0 0 0 1
1 0 0 0 1 0 0 0 1
124 152 536.3674145491547 16.67 3 3 376 377
1 0 0 0 1 0 0 0 1
1 0 0 0 1 0 0 0 1
124 125 233.48704412947106 16.67 3 3 378 379
1 0 0 0 1 0 0 0 1
1 0 0 0 1 0 0 0 1
125 168 516.3087105900884 16.67 3 3 380 381
1 0 0 0 1 0 0 0 1
1 0 0 0 1 0 0 0 1
126 128 264.12631276008426 16.67 3 3 382 383
1 0 0 0 1 0 0 0 1
1 0 0 0 1 0 0 0 1
126 35 750.8385035243962 16.67 3 3 384 385
1 0 0 0 1 0 0 0 1
1 0 0 0 1 0 0 0 1
126 166 508.1857269781044 16.67 3 3 386 387
1 0 0 0 1 0 0 0 1
1 0 0 0 1 0 0 0 1
127 59 488.2431802636604 16.67 3 3 388 389
1 0 0 0 1 0 0 0 1
1 0 0 0 1 0 0 0 1
127 36 506.87144338835105 16.67 3 3 390 391
1 0 0 0 1 0 0 0 1
1 0 0 0 1 0 0 0 1
127 157 471.01065361778666 16.67 3 3 392 393
1 0 0 0 1 0 0 0 1
1 0 0 0 1 0 0 0 1
127 37 487.24765878146144 16.67 3 3 394 395
1 0 0 0 1 0 0 0 1
1 0 0 0 1 0 0 0 1
128 153 734.4259076702953 16.67 3 3 396 397
1 0 0 0 1 0 0 0 1
1 0 0 0 1 0 0 0 1
128 129 964.7787372317297 16.67 3 3 398 399
1 0 0 0 1 0 0 0 1
1 0 0 0 1 0 0 0 1
128 131 524.4993411616628 16.67 3 3 400 401
1 0 0 0 1 0 0 0 1
1 0 0 0 1 0 0 0 1
129 132 320.0329605219826 16.67 3 3 402 403
1 0 0 0 1 0 0 0 1
1 0 0 0 1 0 0 0 1
129 163 470.6109441412929 16.67 3 3 404 405
1 0 0 0 1 0 0 0 1
1 0 0 0 1 0 0 0 1
130 160 669.9311142684913 16.67 3 3 406 407
1 0 0 0 1 0 0 0 1
1 0 0 0 1 0 0 0 1
131 192 53.129362551086 16.67 3 3 408 409
1 0 0 0 1 0 0 0 1
1 0 0 0 1 0 0 0 1
131 132 542.5450631195735 16.67 3 3 410 411
1 0 0 0 1 0 0 0 1
1 0 0 0 1 0 0 0 1
132 134 457.9070371037478 16.67 3 3 412 413
1 0 0 0 1 0 0 0 1
1 0 0 0 1 0 0 0 1
134 172 480.09589156739116 16.67 3 3 414 415
1 0 0 0 1 0 0 0 1
1 0 0 0 1 0 0 0 1
134 163 264.82046271037615 16.67 3 3 416 417
1 0 0 0 1 0 0 0 1
1 0 0 0 1 0 0 0 1
60 178 190.09253388029026 16.67 3 3 418 419
1 0 0 0 1 0 0 0 1
1 0 0 0 1 0 0 0 1
60 172 60.215614977013495 16.67 3 3 420 421
1 0 0 0 1 0 0 0 1
1 0 0 0 1 0 0 0 1
60 180 43.90890275195802 16.67 3 3 422 423
1 0 0 0 1 0 0 0 1
1 0 0 0 1 0 0 0 1
135 158 2697.953341021213 16.67 3 3 424 425
1 0 0 0 1 0 0 0 1
1 0 0 0 1 0 0 0 1
135 179 35.4392542473832 16.67 3 3 426 427
1 0 0 0 1 0 0 0 1
1 0 0 0 1 0 0 0 1
135 21 535.3563679684166 16.67 3 3 428 429
1 0 0 0 1 0 0 0 1
1 0 0 0 1 0 0 0 1
136 165 594.8388857973122 16.67 3 3 430 431
1 0 0 0 1 0 0 0 1
1 0 0 0 1 0 0 0 1
136 141 342.00753162676256 16.67 3 3 432 433
1 0 0 0 1 0 0 0 1
1 0 0 0 1 0 0 0 1
50 175 454.4898376262262 16.67 3 3 434 435
1 0 0 0 1 0 0 0 1
1 0 0 0 1 0 0 0 1
137 166 1123.2702118757668 16.67 3 3 436 437
1 0 0 0 1 0 0 0 1
1 0 0 0 1 0 0 0 1
137 154 474.6459299485004 16.67 3 3 438 439
1 0 0 0 1 0 0 0 1
1 0 0 0 1 0 0 0 1
137 170 831.2059061703098 16.67 3 3 440 441
1 0 0 0 1 0 0 0 1
1 0 0 0 1 0 0 0 1
35 153 248.1181630857806 16.67 3 3 442 443
1 0 0 0 1 0 0 0 1
1 0 0 0 1 0 0 0 1
35 154 665.6947870148109 16.67 3 3 444 445
1 0 0 0 1 0 0 0 1
1 0 0 0 1 0 0 0 1
138 176 211.31307157443317 16.67 3 3 446 447
1 0 0 0 1 0 0 0 1
1 0 0 0 1 0 0 0 1
139 140 297.1415271067768 16.67 3 3 448 449
1 0 0 0 1 0 0 0 1
1 0 0 0 1 0 0 0 1
139 143 47.43835348559571 16.67 3 3 450 451
1 0 0 0 1 0 0 0 1
1 0 0 0 1 0 0 0 1
139 26 166.61588716367137 16.67 3 3 452 453
1 0 0 0 1 0 0 0 1
1 0 0 0 1 0 0 0 1
140 141 51.377457470341135 16.67 3 3 454 455
1 0 0 0 1 0 0 0 1
1 0 0 0 1 0 0 0 1
140 142 503.80312431291725 16.67 3 3 456 457
1 0 0 0 1 0 0 0 1
1 0 0 0 1 0 0 0 1
141 84 80.34118011260793 16.67 3 3 458 459
1 0 0 0 1 0 0 0 1
1 0 0 0 1 0 0 0 1
142 166 645.0343429545386 16.67 3 3 460 461
1 0 0 0 1 0 0 0 1
1 0 0 0 1 0 0 0 1
144 171 1085.9021487226544 16.67 3 3 462 463
1 0 0 0 1 0 0 0 1
1 0 0 0 1 0 0 0 1
144 28 277.53499963107356 16.67 3 3 464 465
1 0 0 0 1 0 0 0 1
1 0 0 0 1 0 0 0 1
145 30 160.7677264072659 16.67 3 3 466 467
1 0 0 0 1 0 0 0 1
1 0 0 0 1 0 0 0 1
145 146 1798.7836458999957 16.67 3 3 468 469
1 0 0 0 1 0 0 0 1
1 0 0 0 1 0 0 0 1
145 29 163.1133338471184 16.67 3 3 470 471
1 0 0 0 1 0 0 0 1
1 0 0 0 1 0 0 0 1
145 80 362.4570952655861 16.67 3 3 472 473
1 0 0 0 1 0 0 0 1
1 0 0 0 1 0 0 0 1
146 147 1341.3235286430588 16.67 3 3 474 475
1 0 0 0 1 0 0 0 1
1 0 0 0 1 0 0 0 1
147 176 328.7548876318368 16.67 3 3 476 477
1 0 0 0 1 0 0 0 1
1 0 0 0 1 0 0 0 1
148 69 378.13727367278403 16.67 3 3 478 479
1 0 0 0 1 0 0 0 1
1 0 0 0 1 0 0 0 1
149 150 913.2801154485976 16.67 3 3 480 481
1 0 0 0 1 0 0 0 1
1 0 0 0 1 0 0 0 1
150 151 523.3057650599952 16.67 3 3 482 483
1 0 0 0 1 0 0 0 1
1 0 0 0 1 0 0 0 1
152 168 245.5055752255705 16.67 3 3 484 485
1 0 0 0 1 0 0 0 1
1 0 0 0 1 0 0 0 1
152 169 267.6508928132637 16.67 3 3 486 487
1 0 0 0 1 0 0 0 1
1 0 0 0 1 0 0 0 1
153 8 57.76758005080414 16.67 3 3 488 489
1 0 0 0 1 0 0 0 1
1 0 0 0 1 0 0 0 1
156 159 247.63582299253628 16.67 3 3 490 491
1 0 0 0 1 0 0 0 1
1 0 0 0 1 0 0 0 1
156 160 697.583250427523 16.67 3 3 492 493
1 0 0 0 1 0 0 0 1
1 0 0 0 1 0 0 0 1
156 157 840.3154730347951 16.67 3 3 494 495
1 0 0 0 1 0 0 0 1
1 0 0 0 1 0 0 0 1
157 158 400.68902119699226 16.67 3 3 496 497
1 0 0 0 1 0 0 0 1
1 0 0 0 1 0 0 0 1
157 38 639.3592614442904 16.67 3 3 498 499
1 0 0 0 1 0 0 0 1
1 0 0 0 1 0 0 0 1
158 179 2727.58595600235 16.67 3 3 500 501
1 0 0 0 1 0 0 0 1
1 0 0 0 1 0 0 0 1
158 159 774.8887034725624 16.67 3 3 502 503
1 0 0 0 1 0 0 0 1
1 0 0 0 1 0 0 0 1
159 79 94.86666836421134 16.67 3 3 504 505
1 0 0 0 1 0 0 0 1
1 0 0 0 1 0 0 0 1
162 165 344.639161824452 16.67 3 3 506 507
1 0 0 0 1 0 0 0 1
1 0 0 0 1 0 0 0 1
162 167 207.8813031127774 16.67 3 3 508 509
1 0 0 0 1 0 0 0 1
1 0 0 0 1 0 0 0 1
163 178 684.4748225292731 16.67 3 3 510 511
1 0 0 0 1 0 0 0 1
1 0 0 0 1 0 0 0 1
164 31 853.4250394580802 16.67 3 3 512 513
1 0 0 0 1 0 0 0 1
1 0 0 0 1 0 0 0 1
164 182 648.6342800807314 16.67 3 3 514 515
1 0 0 0 1 0 0 0 1
1 0 0 0 1 0 0 0 1
165 44 468.07444274886484 16.67 3 3 516 517
1 0 0 0 1 0 0 0 1
1 0 0 0 1 0 0 0 1
165 169 419.9974976685233 16.67 3 3 518 519
1 0 0 0 1 0 0 0 1
1 0 0 0 1 0 0 0 1
167 177 1118.7925868071911 16.67 3 3 520 521
1 0 0 0 1 0 0 0 1
1 0 0 0 1 0 0 0 1
169 174 438.30952686592065 16.67 3 3 522 523
1 0 0 0 1 0 0 0 1
1 0 0 0 1 0 0 0 1
170 171 20.74880305418495 16.67 3 3 524 525
1 0 0 0 1 0 0 0 1
1 0 0 0 1 0 0 0 1
172 181 68.89599571695445 16.67 3 3 526 527
1 0 0 0 1 0 0 0 1
1 0 0 0 1 0 0 0 1
173 39 311.261819702284 16.67 3 3 528 529
1 0 0 0 1 0 0 0 1
1 0 0 0 1 0 0 0 1
178 133 77.42851253589558 16.67 3 3 530 531
1 0 0 0 1 0 0 0 1
1 0 0 0 1 0 0 0 1
179 75 172.24664180593092 16.67 3 3 532 533
1 0 0 0 1 0 0 0 1
1 0 0 0 1 0 0 0 1
180 181 49.19362571758308 16.67 3 3 534 535
1 0 0 0 1 0 0 0 1
1 0 0 0 1 0 0 0 1
182 18 407.0379064915871 16.67 3 3 536 537
1 0 0 0 1 0 0 0 1
1 0 0 0 1 0 0 0 1
130
2 193 201 210 -1
3 142 -1 144 146
5 150 -1 27 148
22 106 104 108 102
23 109 114 116 67
25 124 -1 128 126
27 78 82 80 -1
32 260 -1 258 262
34 216 -1 220 218
35 444 442 385 -1
40 64 66 62 -1
41 154 152 156 158
42 186 190 188 -1
43 360 -1 121 362
45 74 76 -1 72
46 86 -1 84 77
49 182 111 184 -1
50 434 33 183 99
52 37 112 110 -1
53 206 208 135 -1
54 -1 130 87 132
55 164 -1 162 160
56 -1 133 75 179
58 230 228 -1 232
60 420 -1 418 422
61 134 140 138 136
62 38 34 36 32
63 -1 96 49 43
64 94 92 -1 90
65 98 -1 100 93
67 3 -1 10 12
74 296 -1 21 255
77 120 -1 118 122
81 166 168 172 170
82 63 176 174 131
83 180 175 178 153
85 194 196 192 -1
86 202 204 198 200
87 7 214 212 69
88 224 187 222 226
90 236 238 234 -1
91 -1 244 242 240
93 -1 250 248 246
94 171 254 252 113
95 256 159 -1 251
97 264 268 266 245
98 272 270 203 197
99 -1 227 273 274
100 199 278 265 276
101 282 277 280 211
102 11 286 288 284
103 290 285 292 294
106 281 300 298 -1
107 299 302 181 -1
108 173 306 304 301
109 223 308 205 271
110 312 310 314 269
111 322 320 318 316
112 326 328 324 169
113 325 79 330 307
114 81 331 334 332
115 336 338 340 -1
116 346 342 344 -1
117 352 350 348 323
118 354 356 353 311
119 358 9 291 119
120 293 374 207 357
121 370 368 366 364
122 372 139 59 351
124 219 378 376 369
125 221 259 380 379
126 384 382 217 386
127 390 394 388 392
128 396 400 398 383
129 399 402 404 -1
131 401 408 410 -1
132 411 -1 412 403
134 413 231 414 416
135 157 424 426 428
136 432 365 430 339
137 57 438 436 440
138 321 127 446 -1
139 450 448 337 452
140 456 454 -1 449
141 -1 458 433 455
142 -1 460 457 343
143 345 -1 451 83
144 349 464 462 125
145 468 472 470 466
146 267 317 474 469
147 475 476 167 35
148 363 123 478 191
150 481 295 355 482
151 309 483 313 279
152 377 484 263 486
153 51 488 397 443
154 53 445 261 439
155 209 45 61 141
156 -1 492 494 490
157 495 393 498 496
158 502 497 500 425
159 89 491 503 504
162 341 506 -1 508
163 405 417 510 165
164 514 512 41 375
165 431 518 516 507
166 437 387 371 461
167 335 509 -1 520
168 381 -1 107 485
169 367 487 522 519
170 524 441 347 329
171 463 55 525 129
172 415 233 421 526
173 305 333 528 303
174 523 103 177 65
175 29 297 39 435
176 319 447 327 477
177 -1 521 155 257
178 511 -1 530 419
179 427 501 532 -1
180 534 423 161 115
181 -1 527 535 105
182 289 536 515 -1
184 6 4 2 8
185 16 14 18 20
188 25 17 28 30
189 40 42 46 44
190 47 48 50 52
191 58 60 56 54
193 -1 68 70 5
