1056
1 3600 1830
18
603 435 432 897 894 925 739 740 931 443 165 162 838 473 470 482 57 62
1 3600 1830
18
775 619 601 435 395 398 440 37 34 757 555 552 65 66 571 568 487 488
1 3600 1830
29
849 779 603 319 314 322 105 98 107 110 414 687 523 287 282 288 566 189 186 714 743 744 944 841 842 195 196 235 219
1 3600 326
11
777 619 601 435 432 897 877 878 937 934 940
1 3600 373
9
603 435 432 897 877 874 928 937 934
1 3600 1220
23
777 619 601 319 314 322 970 129 126 107 108 509 117 112 280 284 377 245 242 425 426 834 741
1 3600 1830
11
776 603 435 432 897 877 878 937 933 443 165
1 3600 1830
27
777 619 601 319 314 322 105 98 107 110 412 509 293 290 299 296 736 748 657 654 633 630 843 840 945 745 742
1 3600 1830
37
776 603 319 314 322 970 129 126 679 680 722 858 958 353 347 344 730 505 502 890 295 51 52 922 713 369 364 767 735 695 696 810 635 630 313 310 841
1 3600 1076
3
777 619 614
1 3600 1525
4
776 603 435 395
1 3600 1830
17
775 619 601 319 314 322 105 98 107 110 416 780 687 523 287 284 377
1 3600 1830
21
849 779 603 435 395 398 440 37 34 757 555 552 768 303 306 650 485 475 476 663 259
1 3600 1830
27
619 601 319 314 322 970 129 126 679 682 275 272 145 139 136 826 953 951 949 495 496 701 702 704 851 854 862
1 3600 1830
18
776 603 435 395 396 404 687 521 518 536 509 233 230 51 48 248 752 699
1 3600 1830
8
619 601 319 314 322 105 98 679
1 3600 1830
7
776 603 435 395 396 404 781
1 3600 1830
14
777 619 601 319 314 322 970 129 126 107 108 537 519 269
1 3600 1830
16
779 603 319 314 322 105 98 107 110 412 509 117 114 120 763 389
1 3600 1830
30
777 619 601 435 432 897 894 925 739 740 835 427 428 717 445 448 439 436 554 549 550 815 811 697 694 734 766 365 368 712
1 3600 1830
10
603 319 314 322 970 129 126 679 680 273
1 3600 1830
22
848 775 619 601 435 395 396 404 687 523 517 518 536 509 293 290 891 503 504 731 497 498
1 3600 1830
10
603 319 314 322 105 98 107 108 509 233
1 3600 1830
27
777 619 601 435 432 897 877 874 925 926 937 933 443 165 162 836 463 466 470 475 478 480 584 665 259 223 226
1 3600 1830
16
779 603 435 395 398 440 37 34 757 549 550 815 811 808 791 792
1 3600 1830
17
848 775 619 601 319 314 322 970 129 126 679 682 275 155 147 148 169
1 3600 1830
16
849 779 603 319 314 322 105 98 679 680 722 831 826 719 83 80
1 3600 1830
16
775 619 601 435 395 396 404 687 523 287 281 113 114 122 733 707
1 3600 1830
22
779 603 319 314 322 970 129 126 107 110 414 687 521 269 264 391 388 762 764 565 559 556
1 3600 1830
20
775 619 601 319 314 322 105 98 107 110 412 509 293 290 891 503 504 707 704 851
1 3600 1830
16
461 458 472 839 163 164 442 932 936 879 876 896 433 434 602 778
1 3600 131
3
474 471 459
1 3600 212
7
452 662 483 484 651 629 569
1 3600 212
6
629 625 626 609 527 524
1 3600 212
10
58 511 493 488 820 131 132 916 819 816
1 3600 212
13
63 56 477 474 484 491 486 625 626 898 47 40 17
1 3600 212
9
467 468 305 69 66 571 327 43 44
1 3600 212
13
451 452 664 585 481 479 474 471 459 460 629 569 327
1 3600 212
18
457 460 307 302 769 7 2 11 12 914 179 182 588 197 194 631 634 812
1 3600 469
16
451 452 662 57 58 511 493 486 625 626 898 575 181 178 203 198
1 3600 1830
11
474 471 467 462 837 163 164 442 932 934 940
1 3600 871
14
63 56 483 471 472 839 163 164 442 930 741 738 924 895
1 3600 208
16
493 490 457 454 539 540 544 449 444 716 429 426 832 930 741 738
1 3600 219
5
460 307 304 469 464
1 3600 219
17
493 486 569 570 576 11 14 420 742 715 187 188 567 289 283 284 422
1 3600 219
8
479 474 471 467 462 447 444 716
1 3600 212
5
539 540 544 449 444
1 3600 212
10
474 484 651 307 69 64 553 554 756 35
1 3600 446
14
460 629 625 626 609 606 908 912 942 944 311 308 783 784
1 3600 1830
25
451 452 664 585 481 479 474 471 472 465 468 305 302 769 553 554 756 35 36 441 399 394 434 600 616
1 3600 1830
13
491 486 569 570 576 11 12 547 548 756 35 36 441
1 3600 1076
23
451 452 662 477 474 471 472 839 163 164 442 833 427 424 243 244 376 285 286 522 686 405 402
1 3600 871
7
470 482 663 259 223 224 866
1 3600 704
9
939 935 933 833 427 428 717 187 188
1 3600 1017
17
484 491 488 820 593 588 241 239 236 171 172 720 659 656 693 257 251
1 3600 1830
28
452 662 57 58 511 493 488 820 605 591 588 197 194 631 632 655 656 749 737 297 298 291 292 508 109 106 127 128
1 3600 1830
25
664 585 481 479 474 471 459 460 307 69 66 576 578 419 420 742 715 187 188 567 289 283 286 522 686
1 3600 1830
20
479 474 471 467 462 837 163 164 442 833 427 428 581 243 244 376 285 282 277 125
1 3600 1830
9
470 475 478 480 584 665 259 223 224
1 3600 1830
29
483 484 651 629 625 626 609 599 595 185 182 590 217 213 210 171 176 640 659 656 693 688 698 753 750 709 710 967 923
1 3600 1830
26
461 454 539 305 69 64 7 2 11 12 901 815 811 806 855 850 705 703 700 345 346 352 959 859 723 273
1 3600 1830
32
511 493 486 569 327 324 524 181 178 915 901 815 635 632 694 734 766 365 368 710 771 772 53 50 294 891 503 504 731 345 342 355
1 3600 1830
20
56 477 474 471 472 839 836 447 444 187 188 567 289 277 125 115 118 507 502 301
1 3600 1830
5
56 663 259 223 226
1 3600 1830
24
481 479 474 484 457 460 629 625 626 609 606 908 912 942 944 311 312 631 632 696 806 855 850 860
1 3600 1830
27
587 481 479 474 471 467 464 839 163 164 442 833 427 424 243 244 376 285 281 113 114 122 733 731 701 645 648
1 3600 1830
28
539 540 542 769 553 554 756 35 36 403 404 687 523 517 518 536 509 233 228 290 299 300 503 504 707 703 645 642
1 3600 1830
33
452 662 483 484 491 488 820 593 588 241 239 236 171 172 720 659 656 693 257 251 254 336 753 249 49 50 294 891 503 504 731 701 77
1 3600 1830
22
471 459 460 307 69 66 576 11 14 420 742 715 187 188 567 289 277 125 120 764 565 559
1 3600 1830
14
58 511 493 486 569 570 576 11 12 901 815 811 808 791
1 3600 1830
21
525 526 606 908 910 903 715 716 429 426 834 741 738 924 875 876 896 433 434 600 618
1 3600 342
8
33 28 41 46 899 627 624 487
1 3600 342
4
489 490 485 475
1 3600 342
7
612 624 487 492 510 59 56
1 3600 342
15
677 93 88 45 42 326 568 628 461 458 470 475 478 480 586
1 3600 342
9
41 46 899 627 624 628 461 458 470
1 3600 342
7
607 608 627 624 487 492 510
1 3600 342
9
21 18 89 92 135 130 821 489 492
1 3600 342
13
326 570 67 68 304 538 455 456 485 475 476 663 453
1 3600 342
11
18 89 92 135 130 821 489 492 510 59 60
1 3600 283
5
33 28 41 42 324
1 3600 283
4
597 594 573 525
1 3600 283
7
55 17 18 89 92 135 130
1 3600 356
4
820 131 132 916
1 3600 356
8
21 18 89 92 135 132 916 819
1 3600 356
5
919 916 819 221 213
1 3600 356
5
677 135 130 605 591
1 3600 356
8
45 46 575 181 182 590 217 218
1 3600 356
5
185 178 203 200 214
1 3600 356
8
33 28 41 46 575 181 178 203
1 3600 1830
20
599 573 181 178 915 13 10 3 4 437 438 449 446 837 163 164 442 932 934 940
1 3600 1830
17
597 594 598 606 908 910 903 715 716 429 426 832 930 741 738 924 875
1 3600 678
22
817 221 216 591 183 178 915 13 10 3 6 553 437 438 449 446 837 163 164 442 932 936
1 3600 321
11
91 88 45 42 326 570 67 68 304 469 462
1 3600 321
13
527 325 326 570 67 68 302 543 544 449 446 837 163
1 3600 350
9
41 42 326 570 67 64 553 437 438
1 3600 350
10
16 41 46 899 609 606 908 910 903 904
1 3600 350
8
45 42 324 524 181 178 915 901
1 3600 350
11
33 28 41 46 575 181 178 915 547 548 555
1 3600 350
11
91 92 135 130 593 588 197 194 631 634 814
1 3600 350
3
579 577 67
1 3600 350
11
33 28 41 42 324 526 606 908 912 942 745
1 3600 350
8
597 185 178 915 13 10 3 6
1 3600 350
4
813 814 551 548
1 3600 330
9
597 185 182 588 197 194 313 308 661
1 3600 330
11
599 573 181 182 588 241 239 236 171 176 640
1 3600 330
9
597 185 182 590 217 213 210 171 174
1 3600 1830
35
21 18 89 92 135 132 916 819 221 218 234 197 194 631 632 655 656 749 737 297 298 291 229 232 508 413 111 106 99 104 323 315 318 600 616
1 3600 1830
18
622 626 609 527 524 181 178 915 547 548 756 35 36 411 401 397 394 430
1 3600 1830
16
135 130 605 591 588 197 194 843 840 945 745 742 715 716 581 243
1 3600 1017
11
45 46 899 627 624 628 650 485 482 663 259
1 3600 481
14
919 133 130 593 183 178 915 901 551 548 756 35 38 328
1 3600 494
16
9 2 578 419 420 744 944 841 842 631 632 694 734 766 365 362
1 3600 1830
29
597 185 178 203 200 210 171 174 632 694 734 766 822 863 855 850 705 706 731 497 494 948 950 952 827 137 138 144 681
1 3600 1830
13
908 910 903 715 187 188 567 289 283 281 113 116 508
1 3600 1830
15
3 4 554 756 35 36 403 404 687 521 518 536 509 117 114
1 3600 1830
15
67 64 553 554 756 35 36 411 401 404 687 523 517 269 264
1 3600 1830
23
92 135 130 605 591 588 241 239 236 171 172 720 659 656 693 257 251 254 334 675 670 709 712
1 3600 1830
29
11 12 901 815 811 697 655 656 693 688 698 753 249 49 50 294 299 300 503 504 731 497 500 666 948 950 952 827 137
1 3600 1830
22
11 14 420 744 944 311 312 631 175 176 640 659 656 749 737 297 300 503 504 731 497 500
1 3600 1830
24
725 89 92 135 132 916 819 221 218 234 197 194 631 632 694 734 766 365 368 710 967 923 53 50
1 3600 1830
19
622 626 609 606 908 912 942 745 742 715 187 188 567 289 277 125 120 764 565
1 3600 1830
11
9 2 11 12 901 815 811 806 855 850 860
1 3600 1830
28
570 67 68 304 469 464 839 163 164 442 833 427 424 243 244 376 285 281 113 114 122 887 888 73 76 645 642 81
1 3600 1830
29
515 493 490 457 454 539 540 544 449 444 716 581 243 244 376 285 281 113 118 507 504 731 345 342 359 360 955 719 649
1 3600 1830
23
513 493 490 651 307 302 543 544 449 444 187 188 567 289 277 125 122 869 870 872 889 883 880
1 3600 1830
26
813 635 175 172 720 659 656 693 257 251 254 334 675 672 297 298 291 292 508 537 519 269 262 563 559 556
1 3600 1830
13
573 181 182 588 197 194 631 634 811 808 965 863 855
1 3600 1830
31
239 236 193 194 313 310 945 745 421 15 10 3 4 437 438 449 446 837 163 164 442 930 741 738 924 895 896 433 434 600 618
1 3600 381
8
589 592 821 489 492 510 59 56
1 3600 182
11
209 204 215 212 220 818 917 133 134 93 88
1 3600 182
6
205 199 202 179 180 525
1 3600 182
4
240 589 590 604
1 3600 182
6
240 589 592 131 134 93
1 3600 182
4
240 589 183 178
1 3600 234
3
221 213 201
1 3600 1830
20
201 202 179 180 525 325 326 570 67 68 304 469 464 839 163 164 442 932 934 940
1 3600 1830
19
204 215 210 193 194 843 840 945 745 742 715 716 429 426 832 932 936 879 876
1 3600 1830
18
216 591 183 180 574 899 627 624 628 461 458 467 462 837 163 164 442 930
1 3600 796
14
183 184 594 598 527 325 326 570 67 68 304 469 464 839
1 3600 128
13
819 221 213 210 171 174 634 814 551 548 756 35 38
1 3600 180
6
207 204 215 210 193 194
1 3600 180
9
221 218 234 197 192 171 176 640 659
1 3600 180
3
218 234 197
1 3600 1830
15
209 199 202 915 547 548 756 35 36 441 399 394 434 600 616
1 3600 1830
12
215 210 171 174 634 814 551 548 756 35 36 441
1 3600 1830
26
209 199 200 210 171 172 720 659 656 693 688 698 753 249 49 50 231 232 508 537 519 520 686 405 400 408
1 3600 1830
14
212 216 604 821 489 490 485 475 478 480 584 665 259 223
1 3600 871
10
200 210 193 194 631 632 694 734 766 822
1 3600 494
10
204 215 210 171 174 632 694 734 766 365
1 3600 1830
17
241 239 236 171 172 720 659 656 749 737 297 298 291 292 508 109 106
1 3600 1830
19
205 199 202 179 180 572 598 606 908 910 903 715 187 188 567 289 283 286 522
1 3600 1830
16
977 215 210 193 194 631 634 811 806 855 850 705 706 732 123 115
1 3600 1830
26
977 215 210 171 176 640 659 656 693 257 251 254 336 753 249 49 50 294 891 503 506 119 114 120 385 381
1 3600 1830
17
819 221 218 234 197 194 631 632 696 808 965 823 365 368 712 923 53
1 3600 1830
18
591 588 197 194 631 634 811 806 855 850 705 703 645 648 718 953 951 949
1 3600 1830
17
207 199 200 210 171 172 720 659 656 749 737 297 300 503 504 731 497
1 3600 1830
20
207 199 202 915 547 548 756 35 36 403 404 687 521 518 536 509 293 290 891 503
1 3600 1830
24
221 216 591 183 184 594 598 606 908 910 903 715 716 581 243 244 376 285 282 277 125 120 764 565
1 3600 1830
12
209 204 215 210 193 194 631 632 696 808 791 792
1 3600 1830
24
975 205 199 202 915 547 548 756 35 36 411 401 404 415 111 106 679 682 275 272 722 143 140 156
1 3600 1830
15
975 215 210 171 174 634 811 806 855 850 705 703 645 646 956
1 3600 1830
22
234 197 194 313 310 945 745 742 715 187 190 560 758 567 289 283 281 113 114 122 887 883
1 3600 1830
31
977 215 212 220 818 917 133 130 821 489 490 457 458 472 839 163 164 442 833 427 424 243 244 376 285 286 517 269 262 563 559
1 3600 1830
12
215 210 193 194 631 632 694 734 766 822 964 791
1 3600 265
9
941 935 936 929 895 896 433 434 602
1 3600 1830
17
941 935 936 927 739 740 931 443 165 162 836 447 448 545 542 303 306
1 3600 1830
18
941 935 933 443 165 162 838 465 468 305 69 66 571 327 43 44 89 90
1 3600 1830
20
941 935 936 927 739 740 835 427 428 717 714 743 744 944 841 842 195 192 237 238
1 3600 129
4
941 935 936 879
1 3600 963
4
941 935 933 930
1 3600 1830
6
941 935 933 443 165 162
1 3600 1830
16
941 935 936 929 925 739 740 931 443 165 162 836 447 448 439 436
1 3600 1830
16
941 935 933 443 165 162 836 447 448 439 436 554 549 550 815 635
1 3600 153
10
941 935 936 879 876 896 433 434 600 614
1 3600 406
9
941 935 936 929 875 876 896 433 395
1 3600 1664
11
941 935 936 879 876 896 433 395 396 400 406
1 3600 1830
13
941 935 933 443 165 162 838 473 470 475 476 663 259
1 3600 1830
13
941 935 936 927 739 740 835 427 428 717 187 188 759
1 3600 1830
21
941 935 936 929 895 896 433 395 396 404 781 417 412 509 233 228 290 299 296 736 746
1 3600 1220
15
941 935 936 879 876 896 433 395 396 404 415 111 106 99 100
1 3600 1525
16
941 935 936 927 924 875 876 896 433 395 398 440 403 404 687 521
1 3600 1830
11
941 935 933 833 427 424 243 244 376 285 282
1 3600 1830
15
941 935 936 879 876 896 433 395 396 404 687 523 517 269 266
1 3600 1830
29
941 935 933 443 165 162 836 447 448 439 436 554 549 550 815 811 697 655 656 693 688 698 753 750 709 710 771 772 53
1 3600 1830
22
941 935 936 929 895 896 433 395 398 440 411 401 404 781 417 111 106 679 680 145 146 150
1 3600 1830
21
941 935 936 927 739 740 835 427 428 581 243 244 376 285 281 113 118 507 504 731 497
1 3600 1830
14
941 935 933 833 427 424 243 244 376 285 282 277 125 122
1 3600 1830
19
941 935 936 879 876 896 433 395 396 404 687 521 269 264 379 380 384 764 565
1 3600 1830
25
941 935 936 929 875 876 896 433 395 396 404 687 521 518 536 509 293 290 891 503 504 707 704 851 856
1 3600 1830
26
941 935 936 927 739 740 835 427 424 243 244 376 285 281 113 118 507 504 731 345 346 352 959 859 831 828
1 3600 1830
28
941 935 936 879 876 896 433 395 398 440 403 404 415 111 106 679 682 275 155 147 148 728 85 79 80 643 646 956
1 3600 1830
18
941 935 933 833 427 428 581 243 244 376 285 282 277 125 122 869 25 22
1 3600 1830
18
941 935 936 929 895 896 433 395 396 404 687 523 517 269 262 563 559 556
1 3600 1830
18
941 935 933 833 427 428 717 714 743 421 15 12 901 815 811 806 855 852
1 3600 446
5
876 896 433 434 602
1 3600 631
13
894 925 739 740 931 443 165 162 836 463 468 538 455
1 3600 1408
12
935 933 833 427 428 717 714 902 911 909 607 527
1 3600 1830
20
877 874 925 739 740 931 443 165 162 838 465 466 459 456 491 488 820 131 132 916
1 3600 315
3
878 937 934
1 3600 78
3
935 936 927
1 3600 572
7
874 925 739 740 835 427 428
1 3600 1220
10
935 933 443 165 162 838 465 468 540 542
1 3600 1830
16
894 925 739 740 835 427 428 717 714 743 744 944 311 308 529 532
1 3600 265
4
896 433 434 600
1 3600 114
7
896 433 395 398 440 411 401
1 3600 310
8
935 933 833 427 424 243 244 374
1 3600 1220
18
935 933 443 165 162 836 463 466 470 475 478 480 584 665 259 223 224 866
1 3600 1830
11
935 936 927 739 740 835 427 428 717 187 188
1 3600 1830
20
894 925 739 740 931 443 165 162 836 447 448 439 436 554 549 550 815 811 697 694
1 3600 1144
12
876 896 433 395 396 404 781 417 111 106 679 684
1 3600 796
9
876 896 433 395 396 404 687 521 518
1 3600 1017
12
935 933 833 427 428 581 243 244 376 285 282 277
1 3600 1830
20
935 936 879 876 896 433 395 398 440 403 404 687 523 517 518 536 509 117 114 120
1 3600 1830
18
896 433 395 398 440 411 401 404 687 521 518 536 509 233 230 51 52 773
1 3600 1830
12
876 896 433 395 396 404 415 111 106 679 680 722
1 3600 1830
19
876 896 433 395 396 404 781 417 111 108 509 293 290 891 503 504 731 497 498
1 3600 1830
20
877 874 925 739 740 835 427 424 243 244 376 285 281 113 114 122 733 731 345 342
1 3600 1830
16
894 925 739 740 931 443 165 162 838 473 470 482 663 259 223 226
1 3600 1830
18
935 933 443 165 162 836 447 448 439 436 554 549 550 815 811 808 791 792
1 3600 1830
17
876 896 433 434 319 314 322 970 129 126 679 682 275 272 145 139 140
1 3600 1830
20
935 933 833 427 424 243 244 376 285 282 277 125 115 118 507 504 731 701 645 646
1 3600 1830
24
896 433 395 398 440 403 404 687 523 517 518 536 509 233 230 294 891 503 504 707 75 70 885 880
1 3600 1830
17
876 896 433 395 396 404 687 521 269 264 379 380 382 762 764 565 559
1 3600 1830
22
935 933 833 427 428 581 243 244 376 285 281 113 114 122 887 883 884 71 74 704 851 852
1 3600 1525
10
741 738 924 895 896 433 434 600 618 774
1 3600 163
10
739 740 931 443 165 162 836 463 468 538
1 3600 481
11
933 443 165 162 838 473 459 460 629 625 613
1 3600 1830
13
427 428 717 714 743 744 944 311 312 195 192 237 238
1 3600 1525
4
931 932 934 940
1 3600 84
5
930 741 738 924 875
1 3600 257
5
936 929 925 739 740
1 3600 64
5
739 740 835 427 428
1 3600 315
10
832 443 165 162 836 447 448 545 541 305
1 3600 1307
8
427 428 717 714 743 744 944 841
1 3600 915
6
895 896 433 434 600 614
1 3600 265
10
427 424 243 244 376 285 286 522 686 405
1 3600 118
8
739 740 835 427 428 581 243 244
1 3600 310
14
740 931 443 165 162 838 465 466 470 475 476 663 259 223
1 3600 732
8
740 835 427 428 717 187 188 759
1 3600 1525
28
925 739 740 931 443 165 162 836 447 448 439 436 5 2 11 12 901 815 635 175 176 640 659 656 693 257 251 254
1 3600 1830
15
835 427 424 243 244 376 285 286 522 686 415 111 106 127 128
1 3600 963
10
833 427 428 581 243 244 376 285 286 522
1 3600 704
18
936 879 876 896 433 395 398 440 411 401 404 687 523 517 518 536 509 117
1 3600 1307
17
835 427 424 243 244 376 285 282 277 125 120 763 389 390 265 266 370
1 3600 1830
24
740 931 443 165 162 836 447 448 439 436 554 549 550 815 635 632 694 734 766 365 368 712 923 53
1 3600 1830
23
833 427 428 581 243 244 376 285 281 113 118 507 504 731 345 342 893 357 360 959 859 723 273
1 3600 1830
14
833 427 424 243 244 376 285 282 277 125 122 733 731 497
1 3600 1830
18
879 876 896 433 395 396 404 781 417 412 509 293 290 299 300 503 504 732
1 3600 1830
17
924 875 876 896 433 395 396 404 687 521 269 264 391 388 762 764 565
1 3600 1830
26
924 895 896 433 395 398 440 403 404 687 523 517 518 536 509 233 230 294 891 503 504 731 701 702 704 860
1 3600 1830
19
924 875 876 896 433 434 319 314 322 105 98 679 680 722 858 958 955 719 87
1 3600 1830
20
740 835 427 424 243 244 376 285 281 113 114 122 869 870 872 73 76 645 646 956
1 3600 1830
17
835 427 428 581 243 244 376 285 282 277 125 115 118 507 504 707 703
1 3600 1830
14
738 924 895 896 433 395 396 404 687 521 269 262 563 559
1 3600 1830
15
427 428 717 714 743 744 944 841 842 631 632 696 808 791 788
1 3600 1830
16
468 540 542 769 553 554 756 35 36 441 399 394 434 602 778 848
1 3600 62
5
473 459 460 650 491
1 3600 121
13
162 836 463 468 305 69 66 571 327 324 526 608 898
1 3600 832
10
838 465 466 459 456 491 488 820 131 132
1 3600 1830
7
580 429 426 832 932 934 940
1 3600 678
4
426 832 932 934
1 3600 69
6
462 837 163 164 442 932
1 3600 208
5
428 717 445 446 463
1 3600 71
14
165 162 836 447 448 439 436 5 2 578 419 420 742 904
1 3600 71
8
447 448 439 436 5 2 11 12
1 3600 339
15
465 468 305 69 66 576 11 14 420 744 944 311 308 783 784
1 3600 1830
14
581 243 244 376 285 286 522 686 415 111 106 99 104 323
1 3600 915
10
468 540 542 769 553 554 756 35 36 411
1 3600 273
11
424 243 244 376 285 286 522 686 405 400 408
1 3600 117
10
838 473 470 475 478 480 584 665 259 223
1 3600 183
6
465 462 447 444 187 190
1 3600 508
15
447 448 439 436 554 549 550 815 811 697 655 656 693 688 698
1 3600 1830
17
836 447 444 187 188 567 289 277 125 115 116 508 413 111 106 679 682
1 3600 1664
14
465 468 540 544 449 444 187 188 567 289 283 286 522 686
1 3600 871
8
462 447 444 187 188 567 289 283
1 3600 915
12
243 244 376 285 281 113 114 120 763 383 386 393
1 3600 1830
19
717 714 743 744 944 311 312 631 175 172 720 659 656 749 737 673 670 709 710
1 3600 1830
19
447 444 187 188 567 289 277 125 122 733 731 345 346 352 959 859 723 273 270
1 3600 1830
28
468 305 69 66 576 11 12 901 815 811 697 655 656 693 257 251 254 334 675 672 297 300 503 504 731 345 342 355
1 3600 1830
15
164 442 833 427 424 243 244 376 285 281 113 116 293 290 891
1 3600 1830
9
838 465 466 470 482 663 259 223 226
1 3600 1830
14
465 468 305 69 66 576 11 12 901 815 811 806 855 856
1 3600 1830
17
423 285 281 113 118 507 504 731 497 494 948 950 952 827 828 159 160
1 3600 1830
16
243 244 376 285 282 277 125 122 869 25 22 71 74 703 645 642
1 3600 1830
7
423 285 281 113 114 122 887
1 3600 1830
17
442 833 427 428 581 243 244 376 285 282 277 125 120 764 565 559 556
1 3600 1830
16
717 714 743 744 944 841 842 631 632 694 734 766 822 863 855 852
1 3600 1830
8
36 441 399 394 434 600 618 776
1 3600 118
9
421 418 579 577 571 568 628 650 485
1 3600 154
9
744 943 913 909 607 608 898 47 44
1 3600 154
4
302 769 7 2
1 3600 154
8
909 607 608 627 624 487 492 512
1 3600 154
3
2 577 571
1 3600 177
11
66 571 327 324 524 181 178 203 198 204 976
1 3600 1830
19
13 10 3 4 437 438 449 446 837 163 164 442 930 741 738 926 937 934 940
1 3600 1830
11
742 715 716 429 426 834 741 738 924 875 876
1 3600 457
5
903 715 716 429 426
1 3600 187
13
745 421 15 10 3 6 553 437 438 449 446 837 163
1 3600 187
4
742 715 716 429
1 3600 187
10
544 449 444 187 188 567 289 283 284 422
1 3600 187
7
437 438 449 446 837 163 164
1 3600 96
5
911 912 942 745 421
1 3600 160
7
911 912 942 944 311 312 631
1 3600 160
13
761 757 549 546 13 14 420 744 944 311 308 783 784
1 3600 160
7
905 743 744 944 841 842 195
1 3600 160
10
552 7 2 578 419 420 744 944 311 308
1 3600 160
6
912 942 944 311 308 529
1 3600 1830
12
39 36 411 401 404 781 417 111 106 127 128 972
1 3600 1830
11
942 745 421 15 12 547 548 756 35 36 441
1 3600 796
8
4 554 756 35 36 403 400 406
1 3600 226
11
303 306 650 485 475 476 663 259 223 224 866
1 3600 174
8
769 553 554 549 550 815 811 806
1 3600 174
7
436 554 549 550 815 811 808
1 3600 174
12
436 554 549 550 815 635 632 694 734 766 822 863
1 3600 108
23
761 757 549 546 914 179 182 588 241 239 236 171 176 640 659 656 693 257 251 254 334 351 348
1 3600 1830
30
66 571 327 324 524 181 182 588 241 239 236 171 172 720 659 656 693 688 698 753 249 49 50 231 232 508 109 106 99 102
1 3600 1830
8
553 554 756 35 36 411 401 404
1 3600 1307
9
438 449 444 187 188 567 289 277 125
1 3600 915
13
39 36 403 404 687 523 517 269 264 379 380 384 764
1 3600 1076
9
815 635 632 694 734 766 365 368 710
1 3600 1830
25
912 942 944 311 312 631 175 176 640 659 656 749 737 297 300 503 504 731 345 342 359 360 959 859 723
1 3600 1830
16
438 449 444 187 188 567 289 283 281 113 118 507 504 731 345 346
1 3600 1830
26
905 743 744 944 841 842 631 175 172 720 659 656 693 257 251 254 336 97 94 341 247 49 50 294 891 503
1 3600 1830
17
757 555 552 768 303 306 461 458 470 475 478 480 584 665 259 223 226
1 3600 1830
9
34 757 549 550 815 811 808 791 792
1 3600 1830
14
944 311 312 631 632 696 806 855 850 705 703 645 642 81
1 3600 1830
19
7 2 11 12 901 815 811 697 655 656 749 737 297 300 503 504 731 701 645
1 3600 1830
12
905 715 187 188 567 289 277 125 122 887 883 880
1 3600 1830
15
544 449 444 187 188 567 289 283 281 113 114 120 764 565 559
1 3600 1830
13
744 944 841 842 631 632 694 734 766 822 863 855 850
1 3600 1830
25
720 659 656 693 688 698 753 249 49 50 231 232 508 413 111 106 127 128 971 323 315 318 602 777 774
1 3600 469
16
310 945 745 421 418 579 577 571 568 487 492 510 59 56 663 664
1 3600 202
10
211 212 220 818 917 133 134 93 88 45
1 3600 202
7
814 900 914 179 180 574 47
1 3600 230
6
639 177 170 237 238 240
1 3600 230
6
173 170 193 196 589 590
1 3600 230
8
794 639 177 170 211 212 220 818
1 3600 1830
24
797 794 639 177 174 634 814 900 13 10 3 6 768 543 541 469 464 839 163 164 442 932 934 940
1 3600 1830
20
654 696 810 814 551 548 555 437 438 449 446 837 163 164 442 930 741 738 924 875
1 3600 1664
11
635 630 843 840 945 745 742 715 716 429 426
1 3600 416
18
799 794 639 177 174 634 814 900 13 10 577 67 68 304 469 464 839 163
1 3600 267
6
697 633 630 843 840 945
1 3600 267
7
810 814 900 13 10 577 67
1 3600 267
9
637 177 174 630 313 310 945 745 742
1 3600 267
5
782 309 310 945 943
1 3600 267
9
907 905 743 421 418 579 3 6 65
1 3600 267
15
660 309 312 195 196 589 183 180 525 325 326 570 67 68 304
1 3600 267
9
721 173 174 634 814 551 548 555 437
1 3600 267
8
173 174 634 814 551 548 555 437
1 3600 267
11
794 639 177 174 630 843 840 945 745 742 904
1 3600 236
5
309 312 631 175 172
1 3600 236
4
840 311 308 529
1 3600 1830
22
312 631 632 694 734 766 365 368 712 923 53 50 231 228 292 508 109 106 99 104 970 972
1 3600 1830
16
720 659 656 749 737 297 298 291 292 508 537 519 520 686 405 400
1 3600 1830
8
945 745 742 715 716 581 243 244
1 3600 871
17
721 173 170 237 238 240 589 592 821 489 492 510 59 56 663 259 223
1 3600 152
10
810 814 900 13 14 420 742 715 187 190
1 3600 237
3
656 693 690
1 3600 237
4
637 640 659 656
1 3600 237
6
637 640 659 656 693 257
1 3600 237
10
794 639 640 659 656 693 257 251 252 978
1 3600 237
11
531 528 309 312 631 632 655 656 693 257 251
1 3600 1830
24
797 794 639 640 659 656 749 737 673 670 709 712 923 53 50 231 232 508 413 111 106 127 128 971
1 3600 1830
18
631 632 694 734 766 365 368 708 671 672 297 298 291 292 508 537 519 516
1 3600 1830
13
696 806 855 850 705 703 700 730 505 506 119 114 124
1 3600 1830
21
654 633 630 195 196 589 590 604 821 489 490 485 475 478 480 584 665 259 223 224 864
1 3600 871
10
842 631 632 694 734 766 365 368 710 771
1 3600 1830
18
171 174 632 696 808 965 863 855 850 705 703 700 497 500 666 948 950 952
1 3600 1830
20
631 175 172 720 659 656 693 688 698 753 249 49 50 294 891 503 504 731 497 498
1 3600 1830
9
655 656 749 737 297 300 503 504 732
1 3600 1830
23
639 640 659 656 693 257 251 254 334 675 670 709 712 923 53 50 231 232 117 114 120 764 565
1 3600 1830
9
782 309 312 631 634 811 806 855 856
1 3600 1830
19
309 310 841 842 631 632 696 808 965 863 855 850 705 703 645 648 87 84 167
1 3600 1830
20
309 312 195 192 171 172 720 659 656 749 737 297 300 503 504 707 703 645 646 956
1 3600 1830
23
794 639 640 659 656 693 257 251 254 336 753 249 49 50 294 891 503 504 731 701 77 72 889
1 3600 1830
17
309 310 945 745 742 715 187 188 567 289 277 125 120 764 565 559 556
1 3600 1830
6
171 174 634 811 808 791
1 3600 1408
4
315 318 600 618
1 3600 1830
24
314 322 970 129 126 107 110 416 780 687 523 287 282 288 566 189 186 445 448 545 541 538 455 460
1 3600 1830
18
601 319 314 322 105 98 107 110 414 405 400 410 37 34 757 555 5 8
1 3600 1830
27
314 322 970 129 126 107 108 509 233 228 290 299 296 673 674 335 255 250 256 692 657 658 641 177 170 211 214
1 3600 254
11
321 315 318 435 432 897 877 878 937 934 940
1 3600 290
6
317 318 435 432 897 877
1 3600 915
7
601 435 432 897 877 878 937
1 3600 1830
17
319 314 322 105 98 107 110 416 780 687 523 287 284 377 245 242 425
1 3600 1830
19
314 322 970 129 126 107 110 414 687 523 287 282 288 566 189 186 445 448 545
1 3600 1830
24
321 322 105 98 107 108 509 293 229 230 51 52 922 966 711 369 364 767 735 695 633 630 313 308
1 3600 244
4
601 435 432 920
1 3600 150
4
617 601 435 395
1 3600 150
11
973 129 126 107 110 416 780 405 397 394 430
1 3600 704
9
973 129 126 107 110 414 405 400 408
1 3600 1830
16
321 322 105 98 107 110 412 509 117 112 280 284 377 245 242 582
1 3600 1830
17
601 319 314 322 105 98 107 110 416 780 687 523 287 282 288 566 189
1 3600 1830
25
319 314 322 970 129 126 679 682 275 272 722 858 958 361 358 343 344 730 505 502 301 296 673 670 751
1 3600 93
3
973 129 126
1 3600 212
7
317 314 322 105 98 107 110
1 3600 732
12
617 601 319 314 322 105 98 107 108 509 117 114
1 3600 1830
13
921 433 395 396 404 687 521 269 264 391 388 762 764
1 3600 1830
16
921 433 395 396 404 687 521 518 536 509 233 230 51 52 922 966
1 3600 610
7
322 970 129 126 679 680 273
1 3600 1830
15
617 601 319 314 322 105 98 679 682 275 272 722 858 958 361
1 3600 1307
12
314 322 970 129 126 107 110 412 537 519 269 262
1 3600 1830
21
601 435 395 398 440 37 34 757 555 552 768 303 306 461 456 485 482 663 259 223 226
1 3600 1830
22
615 601 319 314 322 105 98 679 680 273 155 147 139 136 826 719 649 644 702 704 851 856
1 3600 1830
11
973 129 126 679 682 275 155 147 148 728 85
1 3600 1830
12
973 129 126 679 680 145 139 136 826 719 649 646
1 3600 1830
20
921 433 395 396 404 687 523 517 518 536 509 293 290 891 503 504 707 75 72 873
1 3600 1830
16
601 319 314 322 105 98 107 108 509 117 114 120 764 565 559 556
1 3600 1830
26
617 601 319 314 322 105 98 679 682 275 272 722 143 136 826 953 951 949 667 501 496 701 702 704 851 852
1 3600 1830
4
397 394 434 602
1 3600 1408
18
431 395 398 440 37 34 757 555 552 65 68 306 461 458 470 475 478 480
1 3600 1830
14
410 37 34 757 549 546 914 179 180 525 325 43 40 29
1 3600 1830
11
402 37 34 757 549 546 914 179 182 588 241
1 3600 653
9
431 432 897 877 874 928 937 934 940
1 3600 121
3
432 897 877
1 3600 261
12
401 404 687 523 287 284 377 245 242 425 426 832
1 3600 832
11
402 37 34 757 555 552 768 543 541 469 464
1 3600 1408
7
400 410 37 34 757 549 546
1 3600 1830
18
396 404 687 521 518 536 509 233 228 290 299 296 736 748 657 658 641 638
1 3600 72
9
401 404 415 111 106 99 104 323 320
1 3600 269
3
399 394 432
1 3600 85
7
404 687 523 287 284 377 374
1 3600 762
9
897 894 925 739 740 835 427 424 582
1 3600 1664
20
401 404 687 523 517 518 536 509 293 229 230 51 52 773 770 711 369 364 822 964
1 3600 1830
16
396 404 687 521 518 536 509 233 228 290 299 296 673 674 335 255
1 3600 237
7
401 404 781 417 111 106 99
1 3600 88
3
401 404 687
1 3600 208
13
431 395 398 440 403 404 687 523 517 518 536 509 117
1 3600 1076
22
431 395 398 440 37 34 757 555 552 768 543 541 538 455 456 485 475 476 663 259 223 224
1 3600 1830
11
401 404 415 412 509 293 229 230 51 52 773
1 3600 832
19
401 404 687 521 518 536 509 233 228 290 891 503 504 731 497 494 948 950 952
1 3600 1408
15
396 404 781 417 412 509 293 290 891 503 504 731 345 342 893
1 3600 704
15
401 404 687 521 518 536 509 233 228 290 891 503 504 731 345
1 3600 1830
22
404 687 523 287 282 288 566 189 186 445 446 463 466 470 475 478 480 584 665 259 223 226
1 3600 1830
19
433 395 396 404 687 523 517 518 536 509 293 290 299 300 503 504 707 704 860
1 3600 1830
16
433 395 398 440 411 401 404 415 111 106 679 680 145 148 169 166
1 3600 1830
16
401 404 781 417 111 108 509 117 114 122 733 731 701 645 646 956
1 3600 1830
16
395 396 404 687 523 287 281 113 114 122 869 870 27 22 885 880
1 3600 1830
10
440 403 404 687 521 269 262 563 559 556
1 3600 1830
22
433 395 396 404 687 523 517 518 536 509 233 230 51 52 922 713 369 364 822 964 791 788
1 3600 1830
17
244 376 285 286 522 686 415 111 106 127 128 971 323 315 318 600 618
1 3600 796
12
409 410 37 34 757 555 552 65 66 571 568 487
1 3600 1144
19
407 401 404 687 523 287 282 288 566 189 186 714 902 911 909 607 608 627 623
1 3600 1830
16
377 245 242 580 717 714 902 911 909 607 599 595 185 178 203 198
1 3600 1830
8
245 242 425 426 832 932 934 940
1 3600 310
5
441 399 394 432 897
1 3600 110
5
245 242 580 429 426
1 3600 234
8
242 425 426 832 443 165 162 838
1 3600 508
11
375 245 242 580 717 445 448 545 542 303 69
1 3600 1664
13
375 245 242 580 717 714 743 421 15 12 901 815 635
1 3600 631
4
441 399 394 434
1 3600 81
8
244 376 285 286 522 686 405 397
1 3600 310
7
285 286 522 686 405 400 408
1 3600 94
11
409 401 404 687 523 287 284 377 245 242 582
1 3600 508
16
375 376 285 281 113 116 293 290 299 296 673 670 709 369 364 822
1 3600 1307
14
375 376 285 281 113 116 233 230 51 48 248 752 699 689
1 3600 915
9
285 286 522 686 781 417 111 106 99
1 3600 228
8
244 376 285 286 522 686 415 111
1 3600 88
5
376 285 282 277 125
1 3600 295
8
411 401 404 687 521 269 266 370
1 3600 1830
13
244 376 285 281 113 118 507 502 890 295 51 52 773
1 3600 1664
12
285 282 277 125 122 733 731 497 500 666 948 950
1 3600 1830
16
403 404 687 523 517 518 536 509 293 290 891 503 504 731 497 498
1 3600 554
9
376 285 282 277 125 120 764 565 562
1 3600 1830
8
376 285 281 113 114 120 764 565
1 3600 1830
11
375 376 285 281 113 118 507 504 707 704 860
1 3600 1830
17
376 285 282 277 125 122 733 731 345 346 352 955 827 828 159 160 169
1 3600 1830
15
244 376 285 282 277 125 122 869 25 26 872 73 76 645 642
1 3600 1830
9
375 376 285 281 113 114 122 887 883
1 3600 1830
11
244 376 285 282 277 125 120 764 565 559 556
1 3600 1830
10
375 376 285 281 113 118 507 504 707 704
1 3600 1830
14
583 425 426 834 741 738 924 895 896 433 434 602 778 848
1 3600 610
3
222 258 453
1 3600 631
10
583 580 717 714 902 911 909 607 608 627
1 3600 1830
13
222 258 662 477 474 484 491 488 820 131 132 916 819
1 3600 1830
16
222 258 664 585 481 479 474 471 472 839 163 164 442 932 934 940
1 3600 1220
16
261 258 662 483 471 467 462 837 163 164 442 930 741 738 924 875
1 3600 281
5
583 425 426 834 741
1 3600 98
14
258 664 585 481 479 474 471 472 839 163 164 442 833 427
1 3600 143
12
258 662 477 474 484 651 629 625 626 609 606 908
1 3600 610
16
258 662 57 58 511 493 488 820 593 588 197 194 313 308 529 530
1 3600 1830
21
261 258 664 585 481 479 474 471 467 464 839 163 164 442 930 741 738 924 895 896 920
1 3600 704
20
867 225 222 258 662 483 484 651 307 69 64 553 554 756 35 36 441 399 394 430
1 3600 91
20
867 225 222 258 662 477 474 484 457 460 307 302 769 553 554 756 35 36 411 408
1 3600 339
3
867 225 222
1 3600 61
16
222 258 664 585 481 479 474 484 457 454 539 540 544 449 444 187
1 3600 389
24
222 258 662 57 58 511 493 488 820 605 591 588 241 239 236 171 172 720 659 656 693 688 698 753
1 3600 1830
22
261 258 662 483 471 459 460 307 69 64 553 554 756 35 36 403 404 781 417 111 106 679
1 3600 871
7
583 243 244 376 285 286 522
1 3600 223
23
867 225 222 258 664 585 481 479 474 484 651 461 454 539 540 544 449 444 187 188 567 289 277
1 3600 123
25
222 258 662 57 58 511 493 486 569 570 576 11 14 420 742 715 187 188 567 289 277 125 120 385 381
1 3600 1307
27
222 258 662 477 474 471 459 460 629 625 626 898 575 181 182 588 197 194 631 632 694 734 766 365 368 710 771
1 3600 1830
31
261 258 664 585 481 479 474 484 491 486 569 570 576 11 12 901 815 811 806 855 850 705 706 731 345 342 359 360 959 859 723
1 3600 1830
13
583 243 244 376 285 281 113 118 507 504 731 345 346
1 3600 762
24
258 662 57 58 511 493 488 820 593 588 241 239 236 171 172 720 659 656 749 737 297 300 503 504
1 3600 1664
15
583 425 426 832 443 165 162 838 473 470 482 663 259 223 226
1 3600 1830
20
867 225 222 258 662 483 484 651 629 569 570 576 11 12 901 815 811 806 855 856
1 3600 1830
19
583 243 244 376 285 281 113 114 122 733 731 497 494 948 950 952 719 83 78
1 3600 1830
16
583 243 244 376 285 282 277 125 115 118 507 504 731 701 645 642
1 3600 1830
21
258 664 585 481 479 474 471 467 462 447 444 187 188 567 289 277 125 122 887 883 880
1 3600 1830
25
222 258 662 477 474 471 459 460 307 302 769 553 554 756 35 36 411 401 404 687 521 269 262 563 559
1 3600 1830
18
258 662 57 58 511 493 486 569 570 576 11 12 901 815 811 806 855 852
1 3600 1830
18
567 289 283 286 522 686 415 111 106 127 128 971 323 315 318 600 618 776
1 3600 653
12
189 186 445 448 545 541 538 455 458 470 475 476
1 3600 389
13
329 39 34 757 555 552 65 66 571 568 487 492 514
1 3600 963
13
566 189 186 714 902 911 909 607 599 595 185 182 590
1 3600 1830
20
964 809 810 814 900 13 10 3 4 437 438 449 446 837 163 164 442 932 934 940
1 3600 1830
19
807 810 814 551 548 555 437 438 449 446 837 163 164 442 930 741 738 924 895
1 3600 832
14
329 39 34 757 555 437 438 449 446 837 163 164 442 932
1 3600 194
5
567 289 283 284 422
1 3600 47
6
331 39 34 757 549 550
1 3600 133
11
191 186 714 743 744 944 841 842 631 175 172
1 3600 1830
18
823 365 368 712 923 53 50 231 232 508 109 106 99 104 323 315 318 600
1 3600 1830
10
560 758 567 289 283 286 522 686 405 397
1 3600 631
9
567 289 283 286 522 686 405 400 408
1 3600 78
19
191 186 445 448 545 542 303 306 650 485 475 478 480 584 665 259 223 224 866
1 3600 172
12
191 186 714 743 421 15 12 901 815 811 808 965
1 3600 76
8
965 823 365 368 708 751 752 337
1 3600 76
3
862 823 767
1 3600 1830
21
965 863 855 850 705 703 700 497 500 666 948 950 952 827 137 138 146 154 274 683 684
1 3600 1830
7
331 39 36 403 404 687 523
1 3600 678
13
823 365 368 710 771 772 53 50 294 891 503 506 119
1 3600 247
16
329 39 34 757 555 552 768 303 306 650 485 482 663 259 223 224
1 3600 281
17
189 186 714 743 744 944 841 842 631 632 694 734 766 365 368 710 771
1 3600 1830
12
855 850 705 703 645 648 87 84 729 149 146 150
1 3600 1830
12
289 277 125 115 118 507 504 731 345 342 893 357
1 3600 1144
9
965 823 365 368 708 671 672 297 298
1 3600 1830
18
809 697 633 630 195 196 589 592 821 489 492 510 59 56 663 259 223 226
1 3600 1830
11
329 39 34 757 549 550 815 811 806 855 856
1 3600 1830
7
855 850 705 703 645 642 81
1 3600 1830
21
965 823 365 368 712 923 53 50 294 891 503 504 731 345 342 355 352 955 719 83 80
1 3600 1830
12
823 365 368 708 671 672 297 300 503 504 731 701
1 3600 1830
18
965 823 365 368 710 967 923 53 50 231 228 292 117 114 120 764 565 559
1 3600 1830
4
862 964 791 788
1 3600 1830
20
753 750 671 672 297 298 291 292 508 413 111 106 127 128 971 323 315 318 602 777
1 3600 1076
21
95 96 699 689 692 657 658 721 173 170 237 238 240 589 183 180 574 899 627 624 487
1 3600 457
17
767 735 695 633 630 195 196 235 219 220 818 917 133 134 93 88 45
1 3600 653
12
255 250 256 692 657 658 721 173 170 211 214 205
1 3600 1830
21
364 767 735 695 633 630 843 840 945 943 913 910 903 715 716 429 426 832 932 934 940
1 3600 1830
21
256 692 657 654 633 630 843 840 945 745 742 715 716 429 426 834 741 738 924 875 876
1 3600 1830
22
692 657 654 696 810 814 900 13 10 577 67 68 304 469 464 839 163 164 442 930 741 738
1 3600 631
15
363 364 767 735 695 633 630 313 310 945 745 742 715 716 581
1 3600 306
13
699 689 692 657 654 633 630 843 840 945 943 913 910
1 3600 306
14
364 767 735 695 696 810 814 900 13 10 3 4 437 438
1 3600 306
14
727 335 255 250 256 692 657 654 696 810 814 551 548 555
1 3600 335
6
767 735 695 655 658 641
1 3600 335
10
255 250 256 692 657 658 721 173 170 193
1 3600 335
5
735 695 633 630 843
1 3600 335
12
672 736 748 657 658 641 177 174 630 313 308 783
1 3600 335
8
689 692 657 658 721 173 170 237
1 3600 335
14
708 751 752 337 255 250 256 692 657 658 641 638 795 798
1 3600 335
9
350 335 255 250 256 692 657 654 633
1 3600 1830
16
349 350 675 672 297 298 291 229 232 508 109 106 99 104 970 972
1 3600 1830
17
693 257 251 254 336 753 249 49 50 231 232 508 537 519 520 686 405
1 3600 1830
17
253 254 334 675 672 297 300 503 506 119 114 124 276 283 284 377 245
1 3600 572
22
699 689 692 657 658 721 173 170 237 238 240 589 590 604 821 489 492 510 59 56 663 259
1 3600 307
20
96 753 750 709 369 364 822 863 807 810 814 900 13 14 420 742 715 187 188 759
1 3600 307
22
255 250 256 692 657 658 641 177 170 193 196 589 183 184 594 598 606 908 910 903 715 187
1 3600 307
8
688 698 753 750 709 369 364 822
1 3600 307
17
255 250 256 692 657 654 633 630 843 840 945 745 742 715 187 188 759
1 3600 307
10
253 254 334 675 670 709 369 364 822 863
1 3600 307
4
363 364 822 964
1 3600 347
5
698 337 334 351 348
1 3600 347
3
737 673 670
1 3600 347
6
365 368 708 671 672 736
1 3600 1830
14
94 341 247 49 50 231 228 292 508 413 111 106 99 100
1 3600 1830
8
751 249 49 50 231 232 508 109
1 3600 1664
11
251 254 334 675 672 297 300 503 506 119 112
1 3600 796
15
341 247 49 50 231 228 292 508 537 519 269 264 379 380 382
1 3600 301
5
673 670 709 710 771
1 3600 301
4
766 365 368 712
1 3600 301
8
253 254 336 753 750 709 710 771
1 3600 1830
13
727 675 672 297 300 503 504 731 497 494 948 950 952
1 3600 1830
9
737 297 300 503 504 731 345 342 893
1 3600 1830
9
341 247 49 50 294 891 503 504 732
1 3600 1830
30
255 250 256 692 657 658 721 173 170 211 201 202 179 180 574 899 627 624 628 461 458 470 475 478 480 584 665 259 223 226
1 3600 1830
10
727 675 670 709 369 364 822 863 855 856
1 3600 1830
20
96 753 249 49 50 294 891 503 504 731 497 498 669 666 948 950 952 827 137 140
1 3600 1830
11
709 369 364 822 863 855 850 705 703 645 646
1 3600 1830
8
747 737 297 300 503 504 707 75
1 3600 1830
18
979 253 254 336 753 249 49 50 231 232 508 537 519 269 262 563 559 556
1 3600 1830
11
349 350 675 670 709 369 364 822 863 855 852
1 3600 1830
6
323 315 318 600 618 774
1 3600 1830
17
98 107 108 509 117 114 124 276 288 566 189 186 445 446 463 466 470
1 3600 1830
22
107 110 414 687 523 287 282 288 566 189 186 714 902 911 909 607 527 325 43 44 89 92
1 3600 1830
15
98 107 110 416 780 405 402 37 34 757 549 546 914 179 182
1 3600 1830
13
103 104 323 315 318 435 432 897 877 878 937 934 940
1 3600 1307
13
678 107 110 414 405 397 394 432 897 877 878 937 934
1 3600 1830
13
107 110 416 780 405 397 394 432 897 877 874 925 739
1 3600 1830
21
685 682 275 272 722 858 958 353 354 343 344 730 732 123 115 112 280 284 377 245 242
1 3600 1830
14
107 110 412 509 117 114 124 276 288 566 189 186 714 902
1 3600 1830
23
680 273 155 147 148 728 85 79 80 643 644 702 704 851 854 807 810 635 630 313 308 783 786
1 3600 96
6
101 104 323 315 318 600
1 3600 254
7
107 110 414 405 397 394 432
1 3600 1017
19
963 275 272 722 831 826 953 951 949 495 496 730 732 123 115 112 280 284 377
1 3600 1830
27
103 98 107 110 416 780 687 523 287 282 288 566 189 186 445 448 545 541 538 455 456 485 475 476 663 259 223
1 3600 1830
20
963 683 680 722 858 958 361 356 892 343 344 730 732 123 124 276 288 566 759 561
1 3600 1830
15
101 98 107 108 509 233 228 290 299 296 673 670 709 369 362
1 3600 223
5
963 683 678 99 100
1 3600 119
6
101 98 107 110 414 687
1 3600 119
7
129 126 107 110 412 537 519
1 3600 481
4
107 108 509 117
1 3600 1830
8
98 107 110 412 537 519 269 266
1 3600 1830
22
679 682 275 155 147 139 136 826 953 951 949 667 668 499 496 730 505 502 890 295 51 52
1 3600 139
4
679 680 722 858
1 3600 139
9
103 98 679 682 275 272 722 858 958
1 3600 373
12
98 679 680 145 139 136 826 953 951 949 667 668
1 3600 538
6
103 98 107 108 509 293
1 3600 1830
10
98 107 110 412 509 117 114 120 764 565
1 3600 1830
19
685 682 275 155 147 148 728 85 86 649 644 702 704 851 854 862 964 791 792
1 3600 796
7
126 679 680 145 148 169 166
1 3600 1830
14
129 126 679 682 275 272 722 143 136 826 719 649 646 956
1 3600 1830
14
126 679 680 722 858 958 353 347 344 701 77 70 885 882
1 3600 1830
12
107 108 537 519 269 264 391 388 762 764 565 559
1 3600 1830
18
970 129 126 107 110 412 509 233 230 51 52 922 713 369 364 822 964 791
1 3600 1830
11
413 111 106 127 128 971 323 315 318 602 777
1 3600 1830
17
117 114 124 276 288 566 189 186 445 448 545 541 538 455 456 491 492
1 3600 1830
16
520 686 405 402 37 34 757 549 546 914 179 180 574 47 40 17
1 3600 1830
17
416 780 405 400 410 37 34 757 549 546 914 179 182 590 217 220 818
1 3600 1830
12
520 686 405 397 394 432 897 894 928 937 934 940
1 3600 915
13
522 686 405 397 394 432 897 877 874 925 926 937 934
1 3600 1076
9
523 287 284 377 245 242 580 429 426
1 3600 1830
12
687 523 287 282 288 566 189 186 445 446 463 464
1 3600 1830
5
405 402 37 34 757
1 3600 1830
17
108 509 293 290 299 296 736 748 657 658 641 177 174 630 313 308 529
1 3600 228
12
519 516 522 686 781 417 111 106 127 128 971 323
1 3600 98
4
686 405 397 394
1 3600 269
4
523 287 284 377
1 3600 1076
6
287 284 377 245 242 582
1 3600 1830
6
405 400 410 37 38 330
1 3600 1830
13
780 687 521 518 536 509 233 228 290 299 296 673 674
1 3600 62
7
522 686 415 111 106 679 682
1 3600 199
3
110 414 687
1 3600 54
4
110 412 509 117
1 3600 631
19
523 287 282 288 566 189 186 445 446 463 464 473 470 482 663 259 223 224 864
1 3600 1830
5
509 293 229 230 51
1 3600 164
12
412 509 233 228 290 891 503 504 731 497 494 948
1 3600 145
12
518 536 509 293 290 891 503 504 731 345 342 893
1 3600 140
4
233 230 294 299
1 3600 1525
23
416 780 405 402 37 34 757 555 552 65 68 306 461 458 470 475 478 480 584 665 259 223 226
1 3600 1830
19
687 521 518 536 509 293 229 230 51 52 922 966 711 369 364 822 964 791 792
1 3600 1017
8
106 679 682 275 155 147 148 169
1 3600 1408
12
108 509 233 228 290 891 503 504 707 703 645 646
1 3600 915
10
108 509 117 114 122 869 870 27 22 71
1 3600 1830
6
117 114 120 764 565 559
1 3600 1830
10
412 509 293 290 891 503 504 707 704 851
1 3600 1830
10
268 520 686 405 397 394 434 600 618 776
1 3600 1830
20
114 124 276 288 566 189 186 714 743 421 418 579 577 571 568 487 492 510 59 60
1 3600 1830
13
282 288 566 189 186 714 902 911 909 607 608 627 623
1 3600 1830
18
288 566 189 186 714 902 911 909 607 527 325 43 44 89 92 135 132 916
1 3600 1830
11
280 284 377 245 242 425 426 832 932 934 940
1 3600 1220
9
284 377 245 242 425 426 832 932 934
1 3600 796
9
283 284 377 245 242 580 429 426 832
1 3600 915
5
115 112 280 284 422
1 3600 1017
11
116 508 537 519 516 522 686 405 400 410 37
1 3600 1830
15
264 379 380 384 121 115 116 233 230 294 299 296 736 748 657
1 3600 832
12
113 116 508 109 106 127 128 971 323 315 318 600
1 3600 237
5
268 520 686 405 397
1 3600 106
6
280 286 522 686 405 402
1 3600 277
14
282 288 566 189 186 445 446 463 466 470 475 476 663 259
1 3600 653
13
125 115 116 293 229 230 51 52 922 713 369 364 822
1 3600 1408
7
118 507 502 301 296 736 746
1 3600 508
8
113 116 508 413 111 106 99 104
1 3600 56
4
125 115 116 508
1 3600 184
3
114 124 276
1 3600 72
3
114 120 763
1 3600 1830
8
281 113 116 233 230 51 52 922
1 3600 590
11
113 114 122 733 731 345 342 359 360 959 859
1 3600 352
7
114 122 733 731 345 342 359
1 3600 55
10
264 391 392 387 382 762 121 122 733 731
1 3600 389
22
283 284 377 245 242 425 426 832 443 165 162 838 473 470 475 478 480 584 665 259 223 226
1 3600 1830
9
277 125 122 887 888 73 74 704 860
1 3600 1830
16
281 113 118 507 504 731 497 500 666 948 950 952 827 828 159 160
1 3600 1830
11
277 125 122 869 25 22 71 76 645 646 956
1 3600 678
4
277 125 122 887
1 3600 1830
3
262 563 559
1 3600 1830
10
125 115 118 507 504 731 701 702 704 851
1 3600 1830
11
265 268 516 522 686 405 397 394 434 602 778
1 3600 1830
4
865 225 222 258
1 3600 1830
17
267 268 520 686 405 400 410 37 34 757 549 546 914 179 180 574 47
1 3600 1830
12
225 222 258 662 483 484 491 488 820 605 217 218
1 3600 1830
15
267 268 516 522 686 405 397 394 432 897 877 878 937 934 940
1 3600 1830
13
267 268 520 686 405 397 394 432 897 894 928 937 934
1 3600 1220
15
225 222 258 664 585 481 479 474 471 472 839 163 164 442 932
1 3600 796
9
121 124 276 288 566 189 186 445 446
1 3600 610
12
265 268 516 522 686 405 402 37 34 757 555 5
1 3600 1307
13
388 762 121 115 116 293 290 299 296 736 748 657 658
1 3600 1830
11
384 121 115 116 508 109 106 127 128 971 323
1 3600 1017
7
390 265 268 520 686 405 397
1 3600 305
8
388 762 121 115 112 280 284 377
1 3600 130
23
387 384 121 115 112 280 284 377 245 242 580 429 426 832 443 165 162 838 473 470 482 663 259
1 3600 203
14
225 222 258 662 477 474 471 467 462 447 444 187 190 560
1 3600 572
31
865 225 222 258 664 585 481 479 474 484 457 460 629 625 626 898 575 181 178 203 200 210 171 176 640 659 656 693 688 698 753
1 3600 1830
17
388 762 121 115 118 507 504 731 345 346 352 959 859 723 273 274 960
1 3600 538
3
267 268 516
1 3600 184
3
393 390 265
1 3600 184
8
371 267 264 379 380 382 762 121
1 3600 184
4
387 384 121 124
1 3600 290
27
865 225 222 258 662 483 471 459 460 307 69 64 553 554 756 35 36 411 401 404 687 523 517 269 264 391 392
1 3600 796
10
762 121 115 116 233 230 51 52 773 770
1 3600 1830
29
865 225 222 258 662 477 474 484 457 454 539 305 302 769 553 554 756 35 36 403 404 781 417 111 106 679 680 145 139
1 3600 1525
10
969 387 382 762 121 122 733 731 497 498
1 3600 159
23
865 225 222 258 664 585 481 479 474 471 472 465 462 447 444 187 188 567 289 283 281 113 118
1 3600 181
4
371 267 262 563
1 3600 871
12
379 380 384 121 122 869 870 872 73 74 704 860
1 3600 1830
15
765 121 115 118 507 504 731 345 342 359 360 955 827 137 140
1 3600 1830
10
387 382 762 121 122 733 707 703 645 642
1 3600 1076
10
371 267 264 391 388 762 121 122 869 25
1 3600 1830
6
388 762 764 565 559 556
1 3600 1830
9
762 121 115 118 507 504 707 704 851
1 3600 1830
22
755 751 752 699 689 692 657 654 696 810 814 551 548 756 35 36 441 399 394 434 600 618
1 3600 1830
25
48 248 752 699 689 692 657 658 721 173 170 237 238 240 589 183 184 594 598 608 627 624 628 461 458
1 3600 1830
20
966 711 369 364 767 735 695 633 630 195 196 589 592 131 134 93 88 19 16 29
1 3600 1830
15
48 248 752 699 689 692 657 658 641 177 170 211 212 220 818
1 3600 1830
26
922 713 369 364 767 735 695 696 810 814 900 13 10 577 67 68 304 469 464 839 163 164 442 932 934 940
1 3600 1830
28
773 770 711 369 364 822 964 809 810 814 900 13 10 577 67 68 304 469 464 839 163 164 442 930 741 738 924 875
1 3600 1830
20
711 369 364 767 735 695 696 810 814 551 548 555 437 438 449 446 837 163 164 442
1 3600 1830
19
53 48 248 752 699 689 692 657 654 633 630 843 840 945 745 742 715 716 581
1 3600 653
18
48 248 752 337 255 250 256 692 657 654 696 810 814 900 13 10 3 4
1 3600 572
11
770 711 708 671 672 736 748 657 658 641 638
1 3600 1830
13
53 50 294 291 292 508 413 111 106 99 104 323 320
1 3600 1830
17
713 369 364 822 964 809 810 814 551 548 756 35 36 441 399 394 432
1 3600 1830
12
53 50 231 232 508 537 519 520 686 405 400 408
1 3600 1307
28
48 248 752 699 689 692 657 658 721 173 170 211 212 216 604 821 489 490 485 475 478 480 584 665 259 223 224 866
1 3600 215
5
711 369 364 822 964
1 3600 67
4
922 713 708 671
1 3600 1830
16
967 923 53 50 294 891 503 504 731 345 346 352 959 859 723 681
1 3600 1830
6
53 50 231 228 292 508
1 3600 1830
12
48 248 750 671 672 297 300 503 506 119 112 280
1 3600 762
22
713 369 364 767 735 695 633 630 195 196 589 592 821 489 492 510 59 56 663 259 223 224
1 3600 352
5
922 966 711 708 754
1 3600 1830
14
711 369 364 822 863 855 850 705 703 645 648 718 827 137
1 3600 1830
12
755 671 672 297 300 503 504 731 345 342 893 357
1 3600 1830
3
772 53 50
1 3600 1830
12
755 671 672 297 300 503 506 119 114 120 764 565
1 3600 915
8
770 711 369 364 822 863 855 856
1 3600 1830
16
772 53 50 294 891 503 504 731 497 494 948 950 952 827 828 946
1 3600 1830
12
713 369 364 822 863 855 850 705 703 645 646 956
1 3600 1830
11
711 369 364 822 863 855 850 705 75 70 885
1 3600 1830
10
53 50 231 232 117 114 120 764 565 559
1 3600 871
8
755 709 369 364 822 863 855 852
1 3600 1830
12
859 723 681 678 127 128 971 323 315 318 602 777
1 3600 1830
24
949 495 496 730 732 123 124 276 288 566 189 186 445 448 545 541 538 455 456 485 475 476 57 60
1 3600 1830
22
153 147 148 728 85 79 80 643 644 702 704 851 854 807 697 633 630 195 196 589 183 180
1 3600 1830
22
136 826 953 951 949 495 496 730 505 502 301 296 736 748 657 658 721 173 170 211 214 205
1 3600 1830
26
951 949 667 501 496 730 505 502 890 291 292 508 537 519 520 686 405 397 394 432 897 877 878 937 934 940
1 3600 1830
25
495 496 730 505 502 890 291 292 508 537 519 516 522 686 405 397 394 432 897 877 874 925 926 937 934
1 3600 1830
20
826 954 361 358 343 344 730 732 123 115 112 280 284 377 245 242 425 426 834 741
1 3600 1830
22
951 949 667 501 496 730 732 123 124 276 283 284 377 245 242 580 429 426 832 443 165 162
1 3600 1830
13
151 154 274 683 678 107 110 414 405 400 410 37 38
1 3600 1830
10
495 496 730 505 502 301 296 736 748 657
1 3600 704
11
147 144 681 678 99 104 323 315 318 600 614
1 3600 1017
18
958 353 347 344 730 505 502 890 291 229 232 508 537 519 520 686 405 400
1 3600 1830
13
951 949 667 501 496 730 505 506 119 112 280 284 377
1 3600 1830
22
153 147 139 136 826 719 649 644 77 72 873 871 868 123 124 276 283 284 377 245 242 582
1 3600 1830
15
954 361 356 892 343 344 730 732 123 124 276 288 566 759 561
1 3600 1830
11
353 347 344 730 505 502 301 296 673 674 351
1 3600 161
6
273 274 683 678 127 128
1 3600 161
5
144 681 678 99 104
1 3600 183
13
954 353 354 343 344 730 505 502 890 291 292 508 537
1 3600 631
15
361 358 343 344 730 505 506 119 114 120 763 383 381 378 265
1 3600 1830
7
495 496 730 732 123 120 763
1 3600 1830
13
826 719 649 644 702 706 505 502 890 295 51 52 773
1 3600 151
5
271 272 722 858 958
1 3600 189
11
153 147 139 136 826 953 951 949 667 668 499
1 3600 189
6
958 955 953 951 949 667
1 3600 310
10
272 722 858 958 353 347 344 730 505 502
1 3600 1830
15
858 958 361 356 892 343 344 730 505 506 119 114 120 764 565
1 3600 1830
14
271 272 145 148 728 85 79 80 643 644 702 704 851 856
1 3600 167
8
948 950 952 827 137 140 158 946
1 3600 167
8
273 155 147 148 169 166 85 79
1 3600 373
6
272 722 831 826 719 649
1 3600 678
8
136 826 719 649 644 77 72 889
1 3600 1830
12
858 958 353 347 344 730 732 123 120 764 565 559
1 3600 1830
11
151 147 148 728 85 79 80 643 644 702 704
1 3600 1830
22
500 666 948 950 952 827 137 138 146 154 274 683 678 127 128 971 323 315 318 600 618 776
1 3600 1830
23
499 496 730 732 123 124 276 288 566 189 186 445 448 545 542 303 306 650 485 475 478 480 584
1 3600 1830
22
496 701 702 704 851 854 807 697 633 630 195 196 235 219 220 818 917 133 134 93 88 724
1 3600 1830
16
499 496 730 505 502 301 296 736 748 657 658 641 177 170 211 214
1 3600 1830
24
496 730 505 502 890 291 229 232 508 537 519 516 522 686 405 397 394 432 897 877 878 937 934 940
1 3600 1830
20
354 343 344 730 505 502 890 291 292 508 537 519 520 686 405 397 394 432 897 877
1 3600 1830
24
501 496 730 505 502 890 291 229 232 508 537 519 516 522 686 405 402 441 399 394 432 897 894 928
1 3600 1830
17
501 496 730 505 506 119 112 280 284 377 245 242 425 426 832 443 165
1 3600 1830
15
358 343 344 730 732 123 124 276 288 566 189 186 714 743 744
1 3600 1830
13
892 343 344 701 702 704 851 854 807 810 635 175 170
1 3600 1408
17
669 666 948 950 952 827 830 723 681 678 99 104 323 315 318 600 616
1 3600 1076
18
358 343 344 730 505 502 890 291 292 508 537 519 520 686 405 397 394 432
1 3600 1664
10
501 496 730 505 506 119 112 280 284 377
1 3600 1830
14
358 343 344 730 732 123 115 112 280 284 377 245 242 582
1 3600 1830
11
668 499 496 730 732 123 124 276 288 566 189
1 3600 1830
13
356 892 343 344 730 505 502 301 296 673 674 351 348
1 3600 286
15
501 494 948 950 952 827 137 138 146 154 274 683 678 99 100
1 3600 106
11
347 344 730 505 502 890 291 229 232 508 109
1 3600 250
8
499 496 730 505 506 119 112 280
1 3600 1307
15
358 343 344 730 505 502 890 291 292 508 537 519 269 266 370
1 3600 1830
8
496 730 505 502 890 295 51 52
1 3600 62
6
666 948 950 952 827 137
1 3600 469
7
360 955 953 951 949 495 500
1 3600 53
8
356 892 343 344 730 505 502 890
1 3600 1307
9
358 343 344 730 732 123 120 764 565
1 3600 1830
11
499 496 701 702 704 851 854 862 964 791 792
1 3600 295
6
352 959 859 143 140 158
1 3600 217
8
499 494 948 950 952 719 649 646
1 3600 269
5
892 343 344 701 702
1 3600 1830
9
501 496 730 732 123 120 764 565 559
1 3600 1830
6
499 496 730 707 704 851
1 3600 1830
17
342 359 360 959 859 723 681 678 127 128 971 323 315 318 602 777 774
1 3600 1830
23
229 232 508 537 519 516 522 686 405 400 410 37 34 757 555 552 768 303 306 461 458 470 482
1 3600 1830
17
505 506 119 114 124 276 288 566 189 186 714 743 421 15 10 577 571
1 3600 1830
11
296 736 748 657 658 721 173 170 211 201 198
1 3600 1830
22
344 730 505 502 890 291 292 508 537 519 520 686 405 397 394 432 897 877 878 937 934 940
1 3600 1830
19
505 502 890 291 229 232 508 537 519 516 522 686 405 402 441 399 394 432 897
1 3600 1830
11
123 115 112 280 284 377 245 242 580 429 426
1 3600 1830
16
730 505 506 119 112 280 284 377 245 242 425 426 832 443 165 162
1 3600 1830
13
263 268 520 686 405 400 410 37 34 757 555 552 768
1 3600 1830
17
295 51 48 246 340 95 96 337 255 250 256 692 657 654 633 630 313
1 3600 1664
11
119 116 508 413 111 106 99 104 323 315 316
1 3600 963
12
231 232 508 537 519 516 522 686 405 397 394 430
1 3600 796
9
298 291 292 117 112 280 284 377 374
1 3600 1076
23
292 508 537 519 520 686 405 402 37 34 757 555 552 65 68 306 650 485 475 476 663 259 260
1 3600 1307
7
343 344 701 702 704 851 854
1 3600 1830
11
344 730 505 502 890 295 51 52 922 713 369
1 3600 678
8
291 229 232 508 109 106 99 100
1 3600 169
5
231 232 508 413 111
1 3600 130
8
343 344 730 732 123 124 276 283
1 3600 130
3
119 112 280
1 3600 217
6
119 114 120 385 381 378
1 3600 1830
8
507 502 301 298 295 51 52 773
1 3600 339
3
355 352 955
1 3600 88
5
731 345 342 893 357
1 3600 119
13
263 268 518 536 509 293 290 891 503 504 731 345 342
1 3600 96
9
298 291 292 508 537 519 269 262 563
1 3600 1664
14
507 502 890 295 51 52 922 713 369 364 822 964 791 792
1 3600 704
12
294 891 503 504 707 703 645 642 81 78 84 167
1 3600 345
12
563 564 765 121 122 887 883 884 71 76 645 646
1 3600 141
3
707 75 72
1 3600 141
7
563 564 765 121 122 887 883
1 3600 538
7
119 114 120 764 565 559 556
1 3600 1830
7
228 290 891 503 504 707 704
1 3600 1830
18
562 263 268 516 522 686 415 111 106 127 128 971 323 315 318 600 618 774
1 3600 1830
7
227 222 258 662 57 58 511
1 3600 1830
17
227 222 258 662 57 58 511 493 486 625 626 898 47 44 89 92 676
1 3600 1830
20
564 765 763 389 390 265 268 520 686 405 400 410 37 34 757 549 546 914 203 200
1 3600 1830
18
562 263 268 516 522 686 405 397 394 432 897 877 874 925 926 937 934 940
1 3600 1830
16
227 222 258 662 483 471 472 839 163 164 442 930 741 738 924 895
1 3600 1830
15
564 765 121 124 276 283 284 377 245 242 580 429 426 834 741
1 3600 1830
14
227 222 258 664 585 481 479 474 471 467 462 837 163 164
1 3600 1830
9
227 222 258 662 483 484 651 307 69
1 3600 1830
18
227 222 258 662 57 58 511 493 488 820 593 588 197 194 313 308 529 530
1 3600 1830
15
564 765 385 381 378 265 268 518 536 109 106 127 128 971 323
1 3600 1830
21
227 222 258 664 585 481 479 474 471 459 454 539 305 69 64 553 554 756 35 36 411
1 3600 1664
12
564 765 763 389 390 265 268 520 686 405 400 408
1 3600 1408
3
227 224 866
1 3600 1144
17
227 222 258 662 477 474 484 457 454 539 540 544 449 444 187 188 567
1 3600 1664
11
564 765 121 115 116 293 290 299 296 673 670
1 3600 1830
27
227 222 258 664 585 481 479 474 471 459 460 307 302 769 553 554 756 35 36 403 404 781 417 111 106 679 682
1 3600 1017
5
562 263 268 518 536
1 3600 261
17
227 222 258 662 483 471 467 462 447 444 187 188 567 289 283 281 113
1 3600 144
8
564 765 763 383 381 378 265 266
1 3600 1525
10
564 765 121 115 116 233 230 51 52 773
1 3600 1830
27
227 222 258 662 477 474 484 457 454 539 540 544 449 444 187 188 567 289 277 125 122 733 731 345 342 359 360
1 3600 1220
11
564 765 121 115 118 507 504 731 345 342 893
1 3600 55
5
564 765 121 122 733
1 3600 538
19
564 765 121 124 276 288 566 189 186 445 446 463 466 470 482 663 259 223 226
1 3600 300
20
227 222 258 662 57 58 511 493 486 569 570 576 11 12 901 815 811 806 855 856
1 3600 1830
16
564 765 121 115 118 507 504 731 497 494 948 950 952 719 87 84
1 3600 1830
33
227 222 258 664 585 481 479 474 484 651 629 625 626 609 606 908 910 903 715 187 188 567 289 277 125 122 869 870 872 73 74 703 645
1 3600 281
22
227 222 258 662 57 58 511 493 488 820 605 591 588 197 194 631 632 696 806 855 850 705
1 3600 1076
18
562 263 268 518 536 509 233 230 51 52 922 966 711 369 364 822 964 791
1 3600 1830
16
793 790 809 810 814 551 548 756 35 36 441 399 394 434 602 778
1 3600 1830
21
857 854 807 697 633 630 195 196 589 183 180 525 526 608 627 624 628 650 485 475 478
1 3600 1830
12
857 854 807 810 635 630 195 196 589 183 184 594
1 3600 1830
9
857 854 807 697 633 175 170 237 238
1 3600 1830
21
793 790 809 810 814 900 13 10 3 4 437 438 449 446 837 163 164 442 932 934 940
1 3600 1830
23
793 790 809 810 814 900 13 10 577 67 68 304 469 464 839 163 164 442 930 741 738 924 875
1 3600 1830
16
793 790 809 697 633 630 843 840 945 745 742 715 716 429 426 834
1 3600 1830
15
861 851 854 807 810 814 551 548 555 437 438 449 446 837 163
1 3600 1830
9
793 790 809 810 814 551 548 756 35
1 3600 1830
11
861 851 854 862 823 767 735 695 633 630 313
1 3600 1830
21
793 790 965 823 365 368 708 671 672 297 298 291 292 508 413 111 106 99 104 970 972
1 3600 1830
15
857 850 705 706 505 502 890 291 229 232 508 413 416 780 405
1 3600 1830
13
857 850 705 75 70 23 24 868 123 115 112 280 284
1 3600 1830
15
857 854 807 697 633 630 843 840 945 745 742 715 716 581 582
1 3600 1144
4
861 851 854 862
1 3600 1144
9
861 851 854 862 823 365 368 708 751
1 3600 1830
17
861 705 703 645 648 83 78 84 167 168 149 144 273 274 683 678 99
1 3600 1830
9
857 850 705 706 505 502 890 291 292
1 3600 1307
9
861 705 703 77 70 885 882 886 123
1 3600 481
17
793 790 809 810 814 551 548 756 35 36 411 401 404 687 521 269 266
1 3600 554
7
793 790 965 823 365 368 710
1 3600 1830
9
861 705 703 700 345 346 352 959 859
1 3600 1830
11
793 790 965 863 855 850 705 703 700 497 498
1 3600 631
6
861 705 75 72 889 886
1 3600 212
19
793 790 965 823 365 368 708 671 672 297 298 291 292 508 537 519 269 262 563
1 3600 1408
3
861 851 856
1 3600 1830
16
793 790 965 863 855 850 705 703 645 642 81 78 84 729 161 158
1 3600 1830
10
793 790 965 863 855 850 705 703 645 642
1 3600 1408
19
793 790 965 823 365 368 712 923 53 50 294 891 503 504 731 701 77 70 885
1 3600 1220
13
857 850 705 75 70 23 24 868 123 120 764 565 559
1 3600 406
5
857 854 862 964 791
1 3600 1830
15
168 149 144 681 678 127 128 971 323 315 318 600 618 774 849
1 3600 1830
25
149 146 154 274 683 678 107 110 414 405 402 37 34 757 555 552 65 66 571 568 487 492 510 59 62
1 3600 1830
24
166 85 79 80 643 644 77 72 889 886 123 124 276 288 566 189 186 714 902 911 909 607 527 325
1 3600 1830
21
649 644 702 706 505 502 301 296 736 748 657 658 721 173 170 237 238 240 235 219 216
1 3600 1830
20
947 159 141 142 723 681 678 99 104 323 315 318 435 432 897 894 928 937 934 940
1 3600 1830
22
82 718 827 830 723 273 274 683 678 127 128 971 323 315 318 435 432 897 877 878 937 934
1 3600 1830
18
78 84 729 149 144 681 678 99 104 323 315 318 435 432 897 877 874 925
1 3600 1830
25
157 158 829 826 719 649 644 77 72 873 871 868 123 115 112 280 284 377 245 242 425 426 832 443 165
1 3600 1830
20
159 141 138 146 154 274 683 678 107 110 416 780 405 400 410 37 34 757 555 437
1 3600 1830
21
166 85 79 80 643 644 700 730 505 502 301 296 736 748 657 658 641 177 174 630 313
1 3600 1830
10
829 137 142 723 681 678 127 128 971 323
1 3600 1830
17
82 718 827 137 138 146 154 274 683 678 99 104 323 315 318 435 430
1 3600 1830
11
649 644 702 706 505 506 119 112 280 284 377
1 3600 1830
31
80 643 644 702 75 70 23 26 871 868 123 124 276 288 566 189 186 445 448 545 541 538 455 458 470 475 478 480 584 665 259
1 3600 1830
19
161 158 829 826 953 951 949 495 496 730 505 506 119 114 124 276 288 566 759
1 3600 1830
18
157 141 142 858 958 361 358 343 344 730 505 502 301 296 673 674 351 348
1 3600 796
8
167 168 149 144 681 678 127 128
1 3600 963
12
157 158 829 830 723 273 274 683 678 107 110 414
1 3600 1664
11
85 79 80 643 644 77 72 889 886 123 115
1 3600 1830
12
79 80 643 644 702 706 505 506 119 114 120 763
1 3600 1830
16
161 141 136 826 953 951 949 667 501 496 730 505 502 890 295 51
1 3600 142
4
718 953 951 949
1 3600 142
4
159 160 149 146
1 3600 381
9
168 161 158 829 826 953 951 949 667
1 3600 554
8
86 649 644 700 730 505 502 890
1 3600 1830
13
80 643 644 702 75 70 23 24 868 123 120 764 565
1 3600 1830
7
85 86 649 644 702 704 860
1 3600 237
4
166 729 161 158
1 3600 124
3
649 646 956
1 3600 523
8
166 85 79 80 643 644 77 72
1 3600 1830
16
159 141 142 858 958 353 347 344 730 732 123 120 764 565 559 556
1 3600 1830
6
79 80 643 644 702 704
1 3600 1830
15
648 718 827 830 723 681 678 99 104 323 315 318 602 778 848
1 3600 1830
25
644 700 730 505 506 119 112 280 284 377 245 242 425 426 832 443 165 162 838 473 470 482 663 453 450
1 3600 1830
21
647 644 702 706 732 123 124 276 288 566 189 186 714 902 911 909 607 608 627 623 620
1 3600 1830
20
647 644 700 730 505 502 301 296 736 748 657 658 721 173 170 237 238 240 589 590
1 3600 1830
25
648 718 827 137 138 146 154 274 683 678 127 128 971 323 315 318 435 432 897 894 925 926 937 934 940
1 3600 1830
26
957 647 644 702 706 505 502 890 295 231 232 508 537 519 516 522 686 405 397 394 432 897 877 878 937 934
1 3600 1830
18
957 647 644 700 730 505 506 119 112 280 284 377 245 242 580 429 426 834
1 3600 1830
20
644 702 75 70 885 882 886 123 124 276 283 284 377 245 242 425 426 832 443 165
1 3600 1830
16
644 702 706 732 123 124 276 288 566 189 186 714 743 744 943 913
1 3600 1830
12
644 702 704 851 854 807 697 633 630 313 308 529
1 3600 1830
13
957 647 648 718 954 959 859 723 681 678 99 104 323
1 3600 1830
17
642 81 78 84 729 149 144 273 274 683 678 107 110 416 780 405 400
1 3600 1830
16
644 700 730 505 502 890 291 292 508 537 519 520 686 405 400 406
1 3600 1830
30
81 78 84 167 168 149 144 681 678 107 110 414 405 402 37 34 757 555 552 768 303 306 461 456 485 475 476 663 259 223
1 3600 1830
14
957 647 644 702 706 505 506 119 114 124 276 288 566 759
1 3600 1830
13
957 647 644 700 730 505 502 890 295 51 52 922 713
1 3600 1408
10
957 647 648 718 827 137 138 146 154 274
1 3600 963
14
647 644 702 706 505 502 301 298 291 229 232 508 537 519
1 3600 1220
8
644 77 72 873 871 868 123 124
1 3600 1830
14
81 82 718 953 951 949 495 496 730 732 123 120 763 389
1 3600 1830
11
647 644 700 730 505 502 890 295 51 52 922
1 3600 231
3
648 718 827
1 3600 203
5
647 648 718 954 361
1 3600 196
9
81 82 718 953 951 949 495 496 730
1 3600 1830
31
644 702 706 505 506 119 112 280 284 377 245 242 580 429 426 832 443 165 162 838 465 466 470 475 478 480 584 665 259 223 226
1 3600 1830
6
647 644 702 704 851 856
1 3600 91
4
81 78 84 729
1 3600 82
7
957 647 644 702 75 70 885
1 3600 1830
13
957 647 644 77 72 889 886 123 120 764 565 559 556
1 3600 1830
5
644 702 704 851 852
1 3600 1830
20
71 76 700 345 342 359 360 959 859 723 681 678 127 128 971 323 315 318 600 618
1 3600 1830
18
886 123 124 276 288 566 189 186 714 743 421 418 579 577 571 568 487 492
1 3600 1830
13
871 868 123 124 276 288 566 189 186 714 902 911 909
1 3600 1830
19
706 505 502 301 296 673 674 335 255 250 256 692 657 658 641 177 170 211 214
1 3600 1830
23
71 74 706 505 502 890 291 292 508 537 519 520 686 405 397 394 432 897 894 928 937 934 940
1 3600 1830
17
27 24 868 123 115 116 508 537 519 516 522 686 405 397 394 432 897
1 3600 1830
13
24 868 123 115 112 280 284 377 245 242 425 426 834
1 3600 1830
18
881 882 886 123 115 112 280 284 377 245 242 580 429 426 832 443 165 162
1 3600 1830
24
74 706 505 502 890 291 229 232 508 537 519 520 686 405 400 410 37 34 757 555 552 768 543 541
1 3600 1830
16
881 882 888 73 74 704 851 854 862 823 767 735 695 633 630 313
1 3600 1830
19
872 73 76 700 345 346 352 959 859 723 273 274 683 678 99 104 323 315 318
1 3600 1830
19
883 884 71 76 700 730 505 502 301 298 291 292 508 413 416 780 405 402 441
1 3600 1830
9
706 505 506 119 112 280 284 377 245
1 3600 1830
11
706 505 506 119 112 280 284 377 245 242 582
1 3600 1830
8
72 889 886 123 124 276 288 566
1 3600 1830
10
71 76 700 730 505 502 301 296 736 748
1 3600 1830
16
872 73 74 703 700 497 500 666 948 950 952 827 830 723 681 678
1 3600 915
8
74 706 505 502 890 295 231 232
1 3600 653
7
70 23 26 871 868 123 124
1 3600 1220
9
70 885 882 886 123 120 385 381 378
1 3600 1830
11
882 886 733 505 502 890 295 51 52 922 966
1 3600 610
8
700 497 494 948 950 952 827 137
1 3600 366
5
868 733 731 497 500
1 3600 173
9
882 886 123 120 763 389 390 265 262
1 3600 173
9
24 868 733 505 502 301 298 291 229
1 3600 173
5
27 22 71 76 700
1 3600 398
8
72 873 871 868 123 120 764 565
1 3600 1830
8
74 704 851 854 862 964 791 792
1 3600 554
12
71 76 700 497 498 669 666 948 950 952 827 828
1 3600 118
5
26 872 73 76 645
1 3600 186
7
889 886 123 120 764 565 559
1 3600 1830
9
73 74 704 851 854 862 964 791 788
1 3600 1830
14
557 558 562 263 268 516 522 686 405 397 394 434 602 777
1 3600 1830
18
558 562 263 268 520 686 405 400 410 37 34 757 555 552 65 68 306 461
1 3600 1830
27
558 564 765 385 381 378 265 268 516 522 686 405 402 37 34 757 549 546 914 179 180 525 325 43 44 89 92
1 3600 1830
16
558 562 263 268 520 686 405 400 410 37 34 757 549 546 914 203
1 3600 1830
22
557 558 564 765 763 389 390 265 268 516 522 686 405 397 394 432 897 877 878 937 934 940
1 3600 1830
23
557 558 564 765 763 383 381 378 265 268 520 686 405 397 394 432 897 877 874 925 926 937 934
1 3600 1830
16
557 558 562 263 268 516 522 686 405 397 394 432 897 877 878 937
1 3600 1830
17
557 558 564 765 121 115 112 280 284 377 245 242 425 426 832 443 165
1 3600 1830
15
558 564 765 121 124 276 288 566 189 186 714 743 744 943 913
1 3600 1830
13
558 564 765 121 124 276 288 566 189 186 714 904 906
1 3600 1830
16
558 564 765 121 115 116 508 109 106 127 128 971 323 315 318 600
1 3600 1830
7
558 562 263 268 520 686 405
1 3600 1830
10
558 564 765 121 115 112 280 284 377 374
1 3600 1830
32
558 564 765 763 389 390 265 268 516 522 686 405 402 37 34 757 555 552 65 66 571 568 487 492 510 59 56 663 259 223 224 866
1 3600 1830
10
558 564 765 121 124 276 288 566 759 561
1 3600 1830
17
557 558 564 765 121 115 116 293 290 299 296 673 674 335 255 250 256
1 3600 1830
11
557 558 562 263 268 518 536 109 106 679 682
1 3600 1830
7
558 562 263 268 520 686 781
1 3600 1525
7
558 564 765 385 381 378 265
1 3600 1525
3
557 558 564
1 3600 1830
10
558 564 765 121 115 116 233 230 51 52
1 3600 1830
20
557 558 564 765 121 115 118 507 504 731 345 342 893 357 360 959 859 143 138 146
1 3600 1830
8
558 564 765 121 122 733 731 497
1 3600 244
9
557 558 564 765 121 115 118 507 504
1 3600 277
27
557 558 562 263 268 516 287 284 377 245 242 580 429 426 834 931 443 165 162 838 473 470 482 663 259 223 226
1 3600 1307
21
557 558 562 263 268 518 536 509 233 230 51 52 773 770 711 369 364 822 964 791 792
1 3600 1830
19
557 558 564 765 121 122 733 731 497 494 948 950 952 827 828 159 160 169 166
1 3600 1830
12
557 558 564 765 121 115 118 507 504 707 703 645
1 3600 101
8
558 564 765 121 122 887 883 880
1 3600 915
12
558 564 765 121 115 118 507 504 707 704 851 852
1 3600 1830
24
853 850 705 703 700 345 346 352 959 859 723 273 274 683 678 99 104 323 315 318 600 618 774 849
1 3600 1830
16
853 854 807 810 635 630 195 196 589 590 604 821 489 492 510 59
1 3600 1830
13
851 854 807 810 635 175 170 211 201 202 179 184 596
1 3600 1830
13
853 854 862 823 767 735 695 633 175 170 211 214 974
1 3600 1830
21
853 854 807 810 814 900 13 10 577 67 68 304 469 464 839 163 164 442 932 934 940
1 3600 1830
23
789 790 809 810 814 900 13 10 3 4 437 438 449 446 837 163 164 442 930 741 738 924 875
1 3600 1830
22
851 854 862 823 767 735 695 633 630 843 840 945 745 742 715 716 429 426 834 741 738 924
1 3600 1830
12
854 807 810 814 900 13 10 577 67 68 304 469
1 3600 1830
11
789 790 809 810 814 900 13 10 577 67 68
1 3600 1830
12
854 862 823 767 735 695 633 630 313 308 783 784
1 3600 1830
19
705 706 731 345 342 359 360 959 859 723 681 678 127 128 971 323 315 318 600
1 3600 1830
14
853 850 705 706 505 502 890 291 292 508 413 414 405 400
1 3600 1830
14
790 809 697 633 630 843 840 945 745 742 715 716 581 243
1 3600 1830
20
853 854 807 697 633 630 195 196 589 592 821 489 490 485 475 478 480 584 665 259
1 3600 1830
14
789 790 809 810 635 630 843 840 945 745 742 715 187 190
1 3600 1664
5
790 965 823 365 368
1 3600 1830
14
705 703 700 345 346 352 959 859 723 273 274 683 678 127
1 3600 1830
14
789 790 809 810 814 551 548 756 35 36 403 404 687 523
1 3600 1830
8
705 706 505 506 119 114 124 276
1 3600 1830
20
789 790 965 823 365 368 708 671 672 297 298 295 231 232 508 537 519 269 264 379
1 3600 1076
6
790 965 823 365 368 710
1 3600 1830
9
705 703 700 497 500 666 948 950 952
1 3600 1830
7
705 703 700 345 342 893 357
1 3600 1525
11
789 790 965 823 365 368 712 923 53 50 294
1 3600 1525
10
850 705 706 505 506 119 114 120 764 565
1 3600 796
6
790 965 863 855 850 860
1 3600 1830
18
790 965 823 365 368 708 671 672 297 300 503 504 731 701 645 642 81 78
1 3600 1830
6
850 705 703 645 646 956
1 3600 1830
18
790 965 823 365 368 712 923 53 50 294 891 503 504 707 75 70 885 880
1 3600 1664
20
789 790 809 810 814 551 548 756 35 36 411 401 404 687 523 517 269 262 563 559
1 3600 223
4
854 862 964 791
