1056
1 3600 1634
18
603 435 432 897 894 925 739 740 931 443 165 162 838 473 470 482 57 62
1 3600 1634
18
775 619 601 435 395 398 440 37 34 757 555 552 65 66 571 568 487 488
1 3600 1634
29
849 779 603 319 314 322 105 98 107 110 414 687 523 287 282 288 566 189 186 714 743 744 944 841 842 195 196 235 219
1 3600 291
11
777 619 601 435 432 897 877 878 937 934 940
1 3600 333
9
603 435 432 897 877 874 928 937 934
1 3600 1089
23
777 619 601 319 314 322 970 129 126 107 108 509 117 112 280 284 377 245 242 425 426 834 741
1 3600 1634
11
776 603 435 432 897 877 878 937 933 443 165
1 3600 1634
27
777 619 601 319 314 322 105 98 107 110 412 509 293 290 299 296 736 748 657 654 633 630 843 840 945 745 742
1 3600 1634
37
776 603 319 314 322 970 129 126 679 680 722 858 958 353 347 344 730 505 502 890 295 51 52 922 713 369 364 767 735 695 696 810 635 630 313 310 841
1 3600 961
3
777 619 614
1 3600 1362
4
776 603 435 395
1 3600 1634
17
775 619 601 319 314 322 105 98 107 110 416 780 687 523 287 284 377
1 3600 1634
21
849 779 603 435 395 398 440 37 34 757 555 552 768 303 306 650 485 475 476 663 259
1 3600 1634
27
619 601 319 314 322 970 129 126 679 682 275 272 145 139 136 826 953 951 949 495 496 701 702 704 851 854 862
1 3600 1634
18
776 603 435 395 396 404 687 521 518 536 509 233 230 51 48 248 752 699
1 3600 1634
8
619 601 319 314 322 105 98 679
1 3600 1634
7
776 603 435 395 396 404 781
1 3600 1634
14
777 619 601 319 314 322 970 129 126 107 108 537 519 269
1 3600 1634
16
779 603 319 314 322 105 98 107 110 412 509 117 114 120 763 389
1 3600 1634
30
777 619 601 435 432 897 894 925 739 740 835 427 428 717 445 448 439 436 554 549 550 815 811 697 694 734 766 365 368 712
1 3600 1634
10
603 319 314 322 970 129 126 679 680 273
1 3600 1634
22
848 775 619 601 435 395 396 404 687 523 517 518 536 509 293 290 891 503 504 731 497 498
1 3600 1634
10
603 319 314 322 105 98 107 108 509 233
1 3600 1634
27
777 619 601 435 432 897 877 874 925 926 937 933 443 165 162 836 463 466 470 475 478 480 584 665 259 223 226
1 3600 1634
16
779 603 435 395 398 440 37 34 757 549 550 815 811 808 791 792
1 3600 1634
17
848 775 619 601 319 314 322 970 129 126 679 682 275 155 147 148 169
1 3600 1634
16
849 779 603 319 314 322 105 98 679 680 722 831 826 719 83 80
1 3600 1634
16
775 619 601 435 395 396 404 687 523 287 281 113 114 122 733 707
1 3600 1634
22
779 603 319 314 322 970 129 126 107 110 414 687 521 269 264 391 388 762 764 565 559 556
1 3600 1634
20
775 619 601 319 314 322 105 98 107 110 412 509 293 290 891 503 504 707 704 851
1 3600 1634
16
461 458 472 839 163 164 442 932 936 879 876 896 433 434 602 778
1 3600 117
3
474 471 459
1 3600 189
7
452 662 483 484 651 629 569
1 3600 189
6
629 625 626 609 527 524
1 3600 189
10
58 511 493 488 820 131 132 916 819 816
1 3600 189
13
63 56 477 474 484 491 486 625 626 898 47 40 17
1 3600 189
9
467 468 305 69 66 571 327 43 44
1 3600 189
13
451 452 664 585 481 479 474 471 459 460 629 569 327
1 3600 189
18
457 460 307 302 769 7 2 11 12 914 179 182 588 197 194 631 634 812
1 3600 419
16
451 452 662 57 58 511 493 486 625 626 898 575 181 178 203 198
1 3600 1634
11
474 471 467 462 837 163 164 442 932 934 940
1 3600 778
14
63 56 483 471 472 839 163 164 442 930 741 738 924 895
1 3600 186
16
493 490 457 454 539 540 544 449 444 716 429 426 832 930 741 738
1 3600 196
5
460 307 304 469 464
1 3600 196
17
493 486 569 570 576 11 14 420 742 715 187 188 567 289 283 284 422
1 3600 196
8
479 474 471 467 462 447 444 716
1 3600 189
5
539 540 544 449 444
1 3600 189
10
474 484 651 307 69 64 553 554 756 35
1 3600 398
14
460 629 625 626 609 606 908 912 942 944 311 308 783 784
1 3600 1634
25
451 452 664 585 481 479 474 471 472 465 468 305 302 769 553 554 756 35 36 441 399 394 434 600 616
1 3600 1634
13
491 486 569 570 576 11 12 547 548 756 35 36 441
1 3600 961
23
451 452 662 477 474 471 472 839 163 164 442 833 427 424 243 244 376 285 286 522 686 405 402
1 3600 778
7
470 482 663 259 223 224 866
1 3600 629
9
939 935 933 833 427 428 717 187 188
1 3600 908
17
484 491 488 820 593 588 241 239 236 171 172 720 659 656 693 257 251
1 3600 1634
28
452 662 57 58 511 493 488 820 605 591 588 197 194 631 632 655 656 749 737 297 298 291 292 508 109 106 127 128
1 3600 1634
25
664 585 481 479 474 471 459 460 307 69 66 576 578 419 420 742 715 187 188 567 289 283 286 522 686
1 3600 1634
20
479 474 471 467 462 837 163 164 442 833 427 428 581 243 244 376 285 282 277 125
1 3600 1634
9
470 475 478 480 584 665 259 223 224
1 3600 1634
29
483 484 651 629 625 626 609 599 595 185 182 590 217 213 210 171 176 640 659 656 693 688 698 753 750 709 710 967 923
1 3600 1634
26
461 454 539 305 69 64 7 2 11 12 901 815 811 806 855 850 705 703 700 345 346 352 959 859 723 273
1 3600 1634
32
511 493 486 569 327 324 524 181 178 915 901 815 635 632 694 734 766 365 368 710 771 772 53 50 294 891 503 504 731 345 342 355
1 3600 1634
20
56 477 474 471 472 839 836 447 444 187 188 567 289 277 125 115 118 507 502 301
1 3600 1634
5
56 663 259 223 226
1 3600 1634
24
481 479 474 484 457 460 629 625 626 609 606 908 912 942 944 311 312 631 632 696 806 855 850 860
1 3600 1634
27
587 481 479 474 471 467 464 839 163 164 442 833 427 424 243 244 376 285 281 113 114 122 733 731 701 645 648
1 3600 1634
28
539 540 542 769 553 554 756 35 36 403 404 687 523 517 518 536 509 233 228 290 299 300 503 504 707 703 645 642
1 3600 1634
33
452 662 483 484 491 488 820 593 588 241 239 236 171 172 720 659 656 693 257 251 254 336 753 249 49 50 294 891 503 504 731 701 77
1 3600 1634
22
471 459 460 307 69 66 576 11 14 420 742 715 187 188 567 289 277 125 120 764 565 559
1 3600 1634
14
58 511 493 486 569 570 576 11 12 901 815 811 808 791
1 3600 1634
21
525 526 606 908 910 903 715 716 429 426 834 741 738 924 875 876 896 433 434 600 618
1 3600 305
8
33 28 41 46 899 627 624 487
1 3600 305
4
489 490 485 475
1 3600 305
7
612 624 487 492 510 59 56
1 3600 305
15
677 93 88 45 42 326 568 628 461 458 470 475 478 480 586
1 3600 305
9
41 46 899 627 624 628 461 458 470
1 3600 305
7
607 608 627 624 487 492 510
1 3600 305
9
21 18 89 92 135 130 821 489 492
1 3600 305
13
326 570 67 68 304 538 455 456 485 475 476 663 453
1 3600 305
11
18 89 92 135 130 821 489 492 510 59 60
1 3600 253
5
33 28 41 42 324
1 3600 253
4
597 594 573 525
1 3600 253
7
55 17 18 89 92 135 130
1 3600 318
4
820 131 132 916
1 3600 318
8
21 18 89 92 135 132 916 819
1 3600 318
5
919 916 819 221 213
1 3600 318
5
677 135 130 605 591
1 3600 318
8
45 46 575 181 182 590 217 218
1 3600 318
5
185 178 203 200 214
1 3600 318
8
33 28 41 46 575 181 178 203
1 3600 1634
20
599 573 181 178 915 13 10 3 4 437 438 449 446 837 163 164 442 932 934 940
1 3600 1634
17
597 594 598 606 908 910 903 715 716 429 426 832 930 741 738 924 875
1 3600 605
22
817 221 216 591 183 178 915 13 10 3 6 553 437 438 449 446 837 163 164 442 932 936
1 3600 287
11
91 88 45 42 326 570 67 68 304 469 462
1 3600 287
13
527 325 326 570 67 68 302 543 544 449 446 837 163
1 3600 312
9
41 42 326 570 67 64 553 437 438
1 3600 312
10
16 41 46 899 609 606 908 910 903 904
1 3600 312
8
45 42 324 524 181 178 915 901
1 3600 312
11
33 28 41 46 575 181 178 915 547 548 555
1 3600 312
11
91 92 135 130 593 588 197 194 631 634 814
1 3600 312
3
579 577 67
1 3600 312
11
33 28 41 42 324 526 606 908 912 942 745
1 3600 312
8
597 185 178 915 13 10 3 6
1 3600 312
4
813 814 551 548
1 3600 295
9
597 185 182 588 197 194 313 308 661
1 3600 295
11
599 573 181 182 588 241 239 236 171 176 640
1 3600 295
9
597 185 182 590 217 213 210 171 174
1 3600 1634
35
21 18 89 92 135 132 916 819 221 218 234 197 194 631 632 655 656 749 737 297 298 291 229 232 508 413 111 106 99 104 323 315 318 600 616
1 3600 1634
18
622 626 609 527 524 181 178 915 547 548 756 35 36 411 401 397 394 430
1 3600 1634
16
135 130 605 591 588 197 194 843 840 945 745 742 715 716 581 243
1 3600 908
11
45 46 899 627 624 628 650 485 482 663 259
1 3600 429
14
919 133 130 593 183 178 915 901 551 548 756 35 38 328
1 3600 441
16
9 2 578 419 420 744 944 841 842 631 632 694 734 766 365 362
1 3600 1634
29
597 185 178 203 200 210 171 174 632 694 734 766 822 863 855 850 705 706 731 497 494 948 950 952 827 137 138 144 681
1 3600 1634
13
908 910 903 715 187 188 567 289 283 281 113 116 508
1 3600 1634
15
3 4 554 756 35 36 403 404 687 521 518 536 509 117 114
1 3600 1634
15
67 64 553 554 756 35 36 411 401 404 687 523 517 269 264
1 3600 1634
23
92 135 130 605 591 588 241 239 236 171 172 720 659 656 693 257 251 254 334 675 670 709 712
1 3600 1634
29
11 12 901 815 811 697 655 656 693 688 698 753 249 49 50 294 299 300 503 504 731 497 500 666 948 950 952 827 137
1 3600 1634
22
11 14 420 744 944 311 312 631 175 176 640 659 656 749 737 297 300 503 504 731 497 500
1 3600 1634
24
725 89 92 135 132 916 819 221 218 234 197 194 631 632 694 734 766 365 368 710 967 923 53 50
1 3600 1634
19
622 626 609 606 908 912 942 745 742 715 187 188 567 289 277 125 120 764 565
1 3600 1634
11
9 2 11 12 901 815 811 806 855 850 860
1 3600 1634
28
570 67 68 304 469 464 839 163 164 442 833 427 424 243 244 376 285 281 113 114 122 887 888 73 76 645 642 81
1 3600 1634
29
515 493 490 457 454 539 540 544 449 444 716 581 243 244 376 285 281 113 118 507 504 731 345 342 359 360 955 719 649
1 3600 1634
23
513 493 490 651 307 302 543 544 449 444 187 188 567 289 277 125 122 869 870 872 889 883 880
1 3600 1634
26
813 635 175 172 720 659 656 693 257 251 254 334 675 672 297 298 291 292 508 537 519 269 262 563 559 556
1 3600 1634
13
573 181 182 588 197 194 631 634 811 808 965 863 855
1 3600 1634
31
239 236 193 194 313 310 945 745 421 15 10 3 4 437 438 449 446 837 163 164 442 930 741 738 924 895 896 433 434 600 618
1 3600 340
8
589 592 821 489 492 510 59 56
1 3600 162
11
209 204 215 212 220 818 917 133 134 93 88
1 3600 162
6
205 199 202 179 180 525
1 3600 162
4
240 589 590 604
1 3600 162
6
240 589 592 131 134 93
1 3600 162
4
240 589 183 178
1 3600 209
3
221 213 201
1 3600 1634
20
201 202 179 180 525 325 326 570 67 68 304 469 464 839 163 164 442 932 934 940
1 3600 1634
19
204 215 210 193 194 843 840 945 745 742 715 716 429 426 832 932 936 879 876
1 3600 1634
18
216 591 183 180 574 899 627 624 628 461 458 467 462 837 163 164 442 930
1 3600 711
14
183 184 594 598 527 325 326 570 67 68 304 469 464 839
1 3600 114
13
819 221 213 210 171 174 634 814 551 548 756 35 38
1 3600 161
6
207 204 215 210 193 194
1 3600 161
9
221 218 234 197 192 171 176 640 659
1 3600 161
3
218 234 197
1 3600 1634
15
209 199 202 915 547 548 756 35 36 441 399 394 434 600 616
1 3600 1634
12
215 210 171 174 634 814 551 548 756 35 36 441
1 3600 1634
26
209 199 200 210 171 172 720 659 656 693 688 698 753 249 49 50 231 232 508 537 519 520 686 405 400 408
1 3600 1634
14
212 216 604 821 489 490 485 475 478 480 584 665 259 223
1 3600 778
10
200 210 193 194 631 632 694 734 766 822
1 3600 441
10
204 215 210 171 174 632 694 734 766 365
1 3600 1634
17
241 239 236 171 172 720 659 656 749 737 297 298 291 292 508 109 106
1 3600 1634
19
205 199 202 179 180 572 598 606 908 910 903 715 187 188 567 289 283 286 522
1 3600 1634
16
977 215 210 193 194 631 634 811 806 855 850 705 706 732 123 115
1 3600 1634
26
977 215 210 171 176 640 659 656 693 257 251 254 336 753 249 49 50 294 891 503 506 119 114 120 385 381
1 3600 1634
17
819 221 218 234 197 194 631 632 696 808 965 823 365 368 712 923 53
1 3600 1634
18
591 588 197 194 631 634 811 806 855 850 705 703 645 648 718 953 951 949
1 3600 1634
17
207 199 200 210 171 172 720 659 656 749 737 297 300 503 504 731 497
1 3600 1634
20
207 199 202 915 547 548 756 35 36 403 404 687 521 518 536 509 293 290 891 503
1 3600 1634
24
221 216 591 183 184 594 598 606 908 910 903 715 716 581 243 244 376 285 282 277 125 120 764 565
1 3600 1634
12
209 204 215 210 193 194 631 632 696 808 791 792
1 3600 1634
24
975 205 199 202 915 547 548 756 35 36 411 401 404 415 111 106 679 682 275 272 722 143 140 156
1 3600 1634
15
975 215 210 171 174 634 811 806 855 850 705 703 645 646 956
1 3600 1634
22
234 197 194 313 310 945 745 742 715 187 190 560 758 567 289 283 281 113 114 122 887 883
1 3600 1634
31
977 215 212 220 818 917 133 130 821 489 490 457 458 472 839 163 164 442 833 427 424 243 244 376 285 286 517 269 262 563 559
1 3600 1634
12
215 210 193 194 631 632 694 734 766 822 964 791
1 3600 237
9
941 935 936 929 895 896 433 434 602
1 3600 1634
17
941 935 936 927 739 740 931 443 165 162 836 447 448 545 542 303 306
1 3600 1634
18
941 935 933 443 165 162 838 465 468 305 69 66 571 327 43 44 89 90
1 3600 1634
20
941 935 936 927 739 740 835 427 428 717 714 743 744 944 841 842 195 192 237 238
1 3600 115
4
941 935 936 879
1 3600 860
4
941 935 933 930
1 3600 1634
6
941 935 933 443 165 162
1 3600 1634
16
941 935 936 929 925 739 740 931 443 165 162 836 447 448 439 436
1 3600 1634
16
941 935 933 443 165 162 836 447 448 439 436 554 549 550 815 635
1 3600 137
10
941 935 936 879 876 896 433 434 600 614
1 3600 362
9
941 935 936 929 875 876 896 433 395
1 3600 1486
11
941 935 936 879 876 896 433 395 396 400 406
1 3600 1634
13
941 935 933 443 165 162 838 473 470 475 476 663 259
1 3600 1634
13
941 935 936 927 739 740 835 427 428 717 187 188 759
1 3600 1634
21
941 935 936 929 895 896 433 395 396 404 781 417 412 509 233 228 290 299 296 736 746
1 3600 1089
15
941 935 936 879 876 896 433 395 396 404 415 111 106 99 100
1 3600 1362
16
941 935 936 927 924 875 876 896 433 395 398 440 403 404 687 521
1 3600 1634
11
941 935 933 833 427 424 243 244 376 285 282
1 3600 1634
15
941 935 936 879 876 896 433 395 396 404 687 523 517 269 266
1 3600 1634
29
941 935 933 443 165 162 836 447 448 439 436 554 549 550 815 811 697 655 656 693 688 698 753 750 709 710 771 772 53
1 3600 1634
22
941 935 936 929 895 896 433 395 398 440 411 401 404 781 417 111 106 679 680 145 146 150
1 3600 1634
21
941 935 936 927 739 740 835 427 428 581 243 244 376 285 281 113 118 507 504 731 497
1 3600 1634
14
941 935 933 833 427 424 243 244 376 285 282 277 125 122
1 3600 1634
19
941 935 936 879 876 896 433 395 396 404 687 521 269 264 379 380 384 764 565
1 3600 1634
25
941 935 936 929 875 876 896 433 395 396 404 687 521 518 536 509 293 290 891 503 504 707 704 851 856
1 3600 1634
26
941 935 936 927 739 740 835 427 424 243 244 376 285 281 113 118 507 504 731 345 346 352 959 859 831 828
1 3600 1634
28
941 935 936 879 876 896 433 395 398 440 403 404 415 111 106 679 682 275 155 147 148 728 85 79 80 643 646 956
1 3600 1634
18
941 935 933 833 427 428 581 243 244 376 285 282 277 125 122 869 25 22
1 3600 1634
18
941 935 936 929 895 896 433 395 396 404 687 523 517 269 262 563 559 556
1 3600 1634
18
941 935 933 833 427 428 717 714 743 421 15 12 901 815 811 806 855 852
1 3600 398
5
876 896 433 434 602
1 3600 563
13
894 925 739 740 931 443 165 162 836 463 468 538 455
1 3600 1257
12
935 933 833 427 428 717 714 902 911 909 607 527
1 3600 1634
20
877 874 925 739 740 931 443 165 162 838 465 466 459 456 491 488 820 131 132 916
1 3600 281
3
878 937 934
1 3600 70
3
935 936 927
1 3600 511
7
874 925 739 740 835 427 428
1 3600 1089
10
935 933 443 165 162 838 465 468 540 542
1 3600 1634
16
894 925 739 740 835 427 428 717 714 743 744 944 311 308 529 532
1 3600 237
4
896 433 434 600
1 3600 102
7
896 433 395 398 440 411 401
1 3600 277
8
935 933 833 427 424 243 244 374
1 3600 1089
18
935 933 443 165 162 836 463 466 470 475 478 480 584 665 259 223 224 866
1 3600 1634
11
935 936 927 739 740 835 427 428 717 187 188
1 3600 1634
20
894 925 739 740 931 443 165 162 836 447 448 439 436 554 549 550 815 811 697 694
1 3600 1021
12
876 896 433 395 396 404 781 417 111 106 679 684
1 3600 711
9
876 896 433 395 396 404 687 521 518
1 3600 908
12
935 933 833 427 428 581 243 244 376 285 282 277
1 3600 1634
20
935 936 879 876 896 433 395 398 440 403 404 687 523 517 518 536 509 117 114 120
1 3600 1634
18
896 433 395 398 440 411 401 404 687 521 518 536 509 233 230 51 52 773
1 3600 1634
12
876 896 433 395 396 404 415 111 106 679 680 722
1 3600 1634
19
876 896 433 395 396 404 781 417 111 108 509 293 290 891 503 504 731 497 498
1 3600 1634
20
877 874 925 739 740 835 427 424 243 244 376 285 281 113 114 122 733 731 345 342
1 3600 1634
16
894 925 739 740 931 443 165 162 838 473 470 482 663 259 223 226
1 3600 1634
18
935 933 443 165 162 836 447 448 439 436 554 549 550 815 811 808 791 792
1 3600 1634
17
876 896 433 434 319 314 322 970 129 126 679 682 275 272 145 139 140
1 3600 1634
20
935 933 833 427 424 243 244 376 285 282 277 125 115 118 507 504 731 701 645 646
1 3600 1634
24
896 433 395 398 440 403 404 687 523 517 518 536 509 233 230 294 891 503 504 707 75 70 885 880
1 3600 1634
17
876 896 433 395 396 404 687 521 269 264 379 380 382 762 764 565 559
1 3600 1634
22
935 933 833 427 428 581 243 244 376 285 281 113 114 122 887 883 884 71 74 704 851 852
1 3600 1362
10
741 738 924 895 896 433 434 600 618 774
1 3600 146
10
739 740 931 443 165 162 836 463 468 538
1 3600 429
11
933 443 165 162 838 473 459 460 629 625 613
1 3600 1634
13
427 428 717 714 743 744 944 311 312 195 192 237 238
1 3600 1362
4
931 932 934 940
1 3600 75
5
930 741 738 924 875
1 3600 229
5
936 929 925 739 740
1 3600 57
5
739 740 835 427 428
1 3600 281
10
832 443 165 162 836 447 448 545 541 305
1 3600 1167
8
427 428 717 714 743 744 944 841
1 3600 817
6
895 896 433 434 600 614
1 3600 237
10
427 424 243 244 376 285 286 522 686 405
1 3600 105
8
739 740 835 427 428 581 243 244
1 3600 277
14
740 931 443 165 162 838 465 466 470 475 476 663 259 223
1 3600 654
8
740 835 427 428 717 187 188 759
1 3600 1362
28
925 739 740 931 443 165 162 836 447 448 439 436 5 2 11 12 901 815 635 175 176 640 659 656 693 257 251 254
1 3600 1634
15
835 427 424 243 244 376 285 286 522 686 415 111 106 127 128
1 3600 860
10
833 427 428 581 243 244 376 285 286 522
1 3600 629
18
936 879 876 896 433 395 398 440 411 401 404 687 523 517 518 536 509 117
1 3600 1167
17
835 427 424 243 244 376 285 282 277 125 120 763 389 390 265 266 370
1 3600 1634
24
740 931 443 165 162 836 447 448 439 436 554 549 550 815 635 632 694 734 766 365 368 712 923 53
1 3600 1634
23
833 427 428 581 243 244 376 285 281 113 118 507 504 731 345 342 893 357 360 959 859 723 273
1 3600 1634
14
833 427 424 243 244 376 285 282 277 125 122 733 731 497
1 3600 1634
18
879 876 896 433 395 396 404 781 417 412 509 293 290 299 300 503 504 732
1 3600 1634
17
924 875 876 896 433 395 396 404 687 521 269 264 391 388 762 764 565
1 3600 1634
26
924 895 896 433 395 398 440 403 404 687 523 517 518 536 509 233 230 294 891 503 504 731 701 702 704 860
1 3600 1634
19
924 875 876 896 433 434 319 314 322 105 98 679 680 722 858 958 955 719 87
1 3600 1634
20
740 835 427 424 243 244 376 285 281 113 114 122 869 870 872 73 76 645 646 956
1 3600 1634
17
835 427 428 581 243 244 376 285 282 277 125 115 118 507 504 707 703
1 3600 1634
14
738 924 895 896 433 395 396 404 687 521 269 262 563 559
1 3600 1634
15
427 428 717 714 743 744 944 841 842 631 632 696 808 791 788
1 3600 1634
16
468 540 542 769 553 554 756 35 36 441 399 394 434 602 778 848
1 3600 55
5
473 459 460 650 491
1 3600 108
13
162 836 463 468 305 69 66 571 327 324 526 608 898
1 3600 743
10
838 465 466 459 456 491 488 820 131 132
1 3600 1634
7
580 429 426 832 932 934 940
1 3600 605
4
426 832 932 934
1 3600 62
6
462 837 163 164 442 932
1 3600 186
5
428 717 445 446 463
1 3600 63
14
165 162 836 447 448 439 436 5 2 578 419 420 742 904
1 3600 63
8
447 448 439 436 5 2 11 12
1 3600 303
15
465 468 305 69 66 576 11 14 420 744 944 311 308 783 784
1 3600 1634
14
581 243 244 376 285 286 522 686 415 111 106 99 104 323
1 3600 817
10
468 540 542 769 553 554 756 35 36 411
1 3600 244
11
424 243 244 376 285 286 522 686 405 400 408
1 3600 104
10
838 473 470 475 478 480 584 665 259 223
1 3600 163
6
465 462 447 444 187 190
1 3600 454
15
447 448 439 436 554 549 550 815 811 697 655 656 693 688 698
1 3600 1634
17
836 447 444 187 188 567 289 277 125 115 116 508 413 111 106 679 682
1 3600 1486
14
465 468 540 544 449 444 187 188 567 289 283 286 522 686
1 3600 778
8
462 447 444 187 188 567 289 283
1 3600 817
12
243 244 376 285 281 113 114 120 763 383 386 393
1 3600 1634
19
717 714 743 744 944 311 312 631 175 172 720 659 656 749 737 673 670 709 710
1 3600 1634
19
447 444 187 188 567 289 277 125 122 733 731 345 346 352 959 859 723 273 270
1 3600 1634
28
468 305 69 66 576 11 12 901 815 811 697 655 656 693 257 251 254 334 675 672 297 300 503 504 731 345 342 355
1 3600 1634
15
164 442 833 427 424 243 244 376 285 281 113 116 293 290 891
1 3600 1634
9
838 465 466 470 482 663 259 223 226
1 3600 1634
14
465 468 305 69 66 576 11 12 901 815 811 806 855 856
1 3600 1634
17
423 285 281 113 118 507 504 731 497 494 948 950 952 827 828 159 160
1 3600 1634
16
243 244 376 285 282 277 125 122 869 25 22 71 74 703 645 642
1 3600 1634
7
423 285 281 113 114 122 887
1 3600 1634
17
442 833 427 428 581 243 244 376 285 282 277 125 120 764 565 559 556
1 3600 1634
16
717 714 743 744 944 841 842 631 632 694 734 766 822 863 855 852
1 3600 1634
8
36 441 399 394 434 600 618 776
1 3600 105
9
421 418 579 577 571 568 628 650 485
1 3600 138
9
744 943 913 909 607 608 898 47 44
1 3600 138
4
302 769 7 2
1 3600 138
8
909 607 608 627 624 487 492 512
1 3600 138
3
2 577 571
1 3600 158
11
66 571 327 324 524 181 178 203 198 204 976
1 3600 1634
19
13 10 3 4 437 438 449 446 837 163 164 442 930 741 738 926 937 934 940
1 3600 1634
11
742 715 716 429 426 834 741 738 924 875 876
1 3600 408
5
903 715 716 429 426
1 3600 167
13
745 421 15 10 3 6 553 437 438 449 446 837 163
1 3600 167
4
742 715 716 429
1 3600 167
10
544 449 444 187 188 567 289 283 284 422
1 3600 167
7
437 438 449 446 837 163 164
1 3600 86
5
911 912 942 745 421
1 3600 143
7
911 912 942 944 311 312 631
1 3600 143
13
761 757 549 546 13 14 420 744 944 311 308 783 784
1 3600 143
7
905 743 744 944 841 842 195
1 3600 143
10
552 7 2 578 419 420 744 944 311 308
1 3600 143
6
912 942 944 311 308 529
1 3600 1634
12
39 36 411 401 404 781 417 111 106 127 128 972
1 3600 1634
11
942 745 421 15 12 547 548 756 35 36 441
1 3600 711
8
4 554 756 35 36 403 400 406
1 3600 202
11
303 306 650 485 475 476 663 259 223 224 866
1 3600 155
8
769 553 554 549 550 815 811 806
1 3600 155
7
436 554 549 550 815 811 808
1 3600 155
12
436 554 549 550 815 635 632 694 734 766 822 863
1 3600 96
23
761 757 549 546 914 179 182 588 241 239 236 171 176 640 659 656 693 257 251 254 334 351 348
1 3600 1634
30
66 571 327 324 524 181 182 588 241 239 236 171 172 720 659 656 693 688 698 753 249 49 50 231 232 508 109 106 99 102
1 3600 1634
8
553 554 756 35 36 411 401 404
1 3600 1167
9
438 449 444 187 188 567 289 277 125
1 3600 817
13
39 36 403 404 687 523 517 269 264 379 380 384 764
1 3600 961
9
815 635 632 694 734 766 365 368 710
1 3600 1634
25
912 942 944 311 312 631 175 176 640 659 656 749 737 297 300 503 504 731 345 342 359 360 959 859 723
1 3600 1634
16
438 449 444 187 188 567 289 283 281 113 118 507 504 731 345 346
1 3600 1634
26
905 743 744 944 841 842 631 175 172 720 659 656 693 257 251 254 336 97 94 341 247 49 50 294 891 503
1 3600 1634
17
757 555 552 768 303 306 461 458 470 475 478 480 584 665 259 223 226
1 3600 1634
9
34 757 549 550 815 811 808 791 792
1 3600 1634
14
944 311 312 631 632 696 806 855 850 705 703 645 642 81
1 3600 1634
19
7 2 11 12 901 815 811 697 655 656 749 737 297 300 503 504 731 701 645
1 3600 1634
12
905 715 187 188 567 289 277 125 122 887 883 880
1 3600 1634
15
544 449 444 187 188 567 289 283 281 113 114 120 764 565 559
1 3600 1634
13
744 944 841 842 631 632 694 734 766 822 863 855 850
1 3600 1634
25
720 659 656 693 688 698 753 249 49 50 231 232 508 413 111 106 127 128 971 323 315 318 602 777 774
1 3600 419
16
310 945 745 421 418 579 577 571 568 487 492 510 59 56 663 664
1 3600 180
10
211 212 220 818 917 133 134 93 88 45
1 3600 180
7
814 900 914 179 180 574 47
1 3600 205
6
639 177 170 237 238 240
1 3600 205
6
173 170 193 196 589 590
1 3600 205
8
794 639 177 170 211 212 220 818
1 3600 1634
24
797 794 639 177 174 634 814 900 13 10 3 6 768 543 541 469 464 839 163 164 442 932 934 940
1 3600 1634
20
654 696 810 814 551 548 555 437 438 449 446 837 163 164 442 930 741 738 924 875
1 3600 1486
11
635 630 843 840 945 745 742 715 716 429 426
1 3600 371
18
799 794 639 177 174 634 814 900 13 10 577 67 68 304 469 464 839 163
1 3600 238
6
697 633 630 843 840 945
1 3600 238
7
810 814 900 13 10 577 67
1 3600 238
9
637 177 174 630 313 310 945 745 742
1 3600 238
5
782 309 310 945 943
1 3600 238
9
907 905 743 421 418 579 3 6 65
1 3600 238
15
660 309 312 195 196 589 183 180 525 325 326 570 67 68 304
1 3600 238
9
721 173 174 634 814 551 548 555 437
1 3600 238
8
173 174 634 814 551 548 555 437
1 3600 238
11
794 639 177 174 630 843 840 945 745 742 904
1 3600 211
5
309 312 631 175 172
1 3600 211
4
840 311 308 529
1 3600 1634
22
312 631 632 694 734 766 365 368 712 923 53 50 231 228 292 508 109 106 99 104 970 972
1 3600 1634
16
720 659 656 749 737 297 298 291 292 508 537 519 520 686 405 400
1 3600 1634
8
945 745 742 715 716 581 243 244
1 3600 778
17
721 173 170 237 238 240 589 592 821 489 492 510 59 56 663 259 223
1 3600 136
10
810 814 900 13 14 420 742 715 187 190
1 3600 212
3
656 693 690
1 3600 212
4
637 640 659 656
1 3600 212
6
637 640 659 656 693 257
1 3600 212
10
794 639 640 659 656 693 257 251 252 978
1 3600 212
11
531 528 309 312 631 632 655 656 693 257 251
1 3600 1634
24
797 794 639 640 659 656 749 737 673 670 709 712 923 53 50 231 232 508 413 111 106 127 128 971
1 3600 1634
18
631 632 694 734 766 365 368 708 671 672 297 298 291 292 508 537 519 516
1 3600 1634
13
696 806 855 850 705 703 700 730 505 506 119 114 124
1 3600 1634
21
654 633 630 195 196 589 590 604 821 489 490 485 475 478 480 584 665 259 223 224 864
1 3600 778
10
842 631 632 694 734 766 365 368 710 771
1 3600 1634
18
171 174 632 696 808 965 863 855 850 705 703 700 497 500 666 948 950 952
1 3600 1634
20
631 175 172 720 659 656 693 688 698 753 249 49 50 294 891 503 504 731 497 498
1 3600 1634
9
655 656 749 737 297 300 503 504 732
1 3600 1634
23
639 640 659 656 693 257 251 254 334 675 670 709 712 923 53 50 231 232 117 114 120 764 565
1 3600 1634
9
782 309 312 631 634 811 806 855 856
1 3600 1634
19
309 310 841 842 631 632 696 808 965 863 855 850 705 703 645 648 87 84 167
1 3600 1634
20
309 312 195 192 171 172 720 659 656 749 737 297 300 503 504 707 703 645 646 956
1 3600 1634
23
794 639 640 659 656 693 257 251 254 336 753 249 49 50 294 891 503 504 731 701 77 72 889
1 3600 1634
17
309 310 945 745 742 715 187 188 567 289 277 125 120 764 565 559 556
1 3600 1634
6
171 174 634 811 808 791
1 3600 1257
4
315 318 600 618
1 3600 1634
24
314 322 970 129 126 107 110 416 780 687 523 287 282 288 566 189 186 445 448 545 541 538 455 460
1 3600 1634
18
601 319 314 322 105 98 107 110 414 405 400 410 37 34 757 555 5 8
1 3600 1634
27
314 322 970 129 126 107 108 509 233 228 290 299 296 673 674 335 255 250 256 692 657 658 641 177 170 211 214
1 3600 227
11
321 315 318 435 432 897 877 878 937 934 940
1 3600 259
6
317 318 435 432 897 877
1 3600 817
7
601 435 432 897 877 878 937
1 3600 1634
17
319 314 322 105 98 107 110 416 780 687 523 287 284 377 245 242 425
1 3600 1634
19
314 322 970 129 126 107 110 414 687 523 287 282 288 566 189 186 445 448 545
1 3600 1634
24
321 322 105 98 107 108 509 293 229 230 51 52 922 966 711 369 364 767 735 695 633 630 313 308
1 3600 218
4
601 435 432 920
1 3600 134
4
617 601 435 395
1 3600 134
11
973 129 126 107 110 416 780 405 397 394 430
1 3600 629
9
973 129 126 107 110 414 405 400 408
1 3600 1634
16
321 322 105 98 107 110 412 509 117 112 280 284 377 245 242 582
1 3600 1634
17
601 319 314 322 105 98 107 110 416 780 687 523 287 282 288 566 189
1 3600 1634
25
319 314 322 970 129 126 679 682 275 272 722 858 958 361 358 343 344 730 505 502 301 296 673 670 751
1 3600 83
3
973 129 126
1 3600 189
7
317 314 322 105 98 107 110
1 3600 654
12
617 601 319 314 322 105 98 107 108 509 117 114
1 3600 1634
13
921 433 395 396 404 687 521 269 264 391 388 762 764
1 3600 1634
16
921 433 395 396 404 687 521 518 536 509 233 230 51 52 922 966
1 3600 545
7
322 970 129 126 679 680 273
1 3600 1634
15
617 601 319 314 322 105 98 679 682 275 272 722 858 958 361
1 3600 1167
12
314 322 970 129 126 107 110 412 537 519 269 262
1 3600 1634
21
601 435 395 398 440 37 34 757 555 552 768 303 306 461 456 485 482 663 259 223 226
1 3600 1634
22
615 601 319 314 322 105 98 679 680 273 155 147 139 136 826 719 649 644 702 704 851 856
1 3600 1634
11
973 129 126 679 682 275 155 147 148 728 85
1 3600 1634
12
973 129 126 679 680 145 139 136 826 719 649 646
1 3600 1634
20
921 433 395 396 404 687 523 517 518 536 509 293 290 891 503 504 707 75 72 873
1 3600 1634
16
601 319 314 322 105 98 107 108 509 117 114 120 764 565 559 556
1 3600 1634
26
617 601 319 314 322 105 98 679 682 275 272 722 143 136 826 953 951 949 667 501 496 701 702 704 851 852
1 3600 1634
4
397 394 434 602
1 3600 1257
18
431 395 398 440 37 34 757 555 552 65 68 306 461 458 470 475 478 480
1 3600 1634
14
410 37 34 757 549 546 914 179 180 525 325 43 40 29
1 3600 1634
11
402 37 34 757 549 546 914 179 182 588 241
1 3600 583
9
431 432 897 877 874 928 937 934 940
1 3600 108
3
432 897 877
1 3600 233
12
401 404 687 523 287 284 377 245 242 425 426 832
1 3600 743
11
402 37 34 757 555 552 768 543 541 469 464
1 3600 1257
7
400 410 37 34 757 549 546
1 3600 1634
18
396 404 687 521 518 536 509 233 228 290 299 296 736 748 657 658 641 638
1 3600 64
9
401 404 415 111 106 99 104 323 320
1 3600 240
3
399 394 432
1 3600 76
7
404 687 523 287 284 377 374
1 3600 680
9
897 894 925 739 740 835 427 424 582
1 3600 1486
20
401 404 687 523 517 518 536 509 293 229 230 51 52 773 770 711 369 364 822 964
1 3600 1634
16
396 404 687 521 518 536 509 233 228 290 299 296 673 674 335 255
1 3600 212
7
401 404 781 417 111 106 99
1 3600 79
3
401 404 687
1 3600 186
13
431 395 398 440 403 404 687 523 517 518 536 509 117
1 3600 961
22
431 395 398 440 37 34 757 555 552 768 543 541 538 455 456 485 475 476 663 259 223 224
1 3600 1634
11
401 404 415 412 509 293 229 230 51 52 773
1 3600 743
19
401 404 687 521 518 536 509 233 228 290 891 503 504 731 497 494 948 950 952
1 3600 1257
15
396 404 781 417 412 509 293 290 891 503 504 731 345 342 893
1 3600 629
15
401 404 687 521 518 536 509 233 228 290 891 503 504 731 345
1 3600 1634
22
404 687 523 287 282 288 566 189 186 445 446 463 466 470 475 478 480 584 665 259 223 226
1 3600 1634
19
433 395 396 404 687 523 517 518 536 509 293 290 299 300 503 504 707 704 860
1 3600 1634
16
433 395 398 440 411 401 404 415 111 106 679 680 145 148 169 166
1 3600 1634
16
401 404 781 417 111 108 509 117 114 122 733 731 701 645 646 956
1 3600 1634
16
395 396 404 687 523 287 281 113 114 122 869 870 27 22 885 880
1 3600 1634
10
440 403 404 687 521 269 262 563 559 556
1 3600 1634
22
433 395 396 404 687 523 517 518 536 509 233 230 51 52 922 713 369 364 822 964 791 788
1 3600 1634
17
244 376 285 286 522 686 415 111 106 127 128 971 323 315 318 600 618
1 3600 711
12
409 410 37 34 757 555 552 65 66 571 568 487
1 3600 1021
19
407 401 404 687 523 287 282 288 566 189 186 714 902 911 909 607 608 627 623
1 3600 1634
16
377 245 242 580 717 714 902 911 909 607 599 595 185 178 203 198
1 3600 1634
8
245 242 425 426 832 932 934 940
1 3600 277
5
441 399 394 432 897
1 3600 98
5
245 242 580 429 426
1 3600 209
8
242 425 426 832 443 165 162 838
1 3600 454
11
375 245 242 580 717 445 448 545 542 303 69
1 3600 1486
13
375 245 242 580 717 714 743 421 15 12 901 815 635
1 3600 563
4
441 399 394 434
1 3600 72
8
244 376 285 286 522 686 405 397
1 3600 277
7
285 286 522 686 405 400 408
1 3600 84
11
409 401 404 687 523 287 284 377 245 242 582
1 3600 454
16
375 376 285 281 113 116 293 290 299 296 673 670 709 369 364 822
1 3600 1167
14
375 376 285 281 113 116 233 230 51 48 248 752 699 689
1 3600 817
9
285 286 522 686 781 417 111 106 99
1 3600 204
8
244 376 285 286 522 686 415 111
1 3600 79
5
376 285 282 277 125
1 3600 263
8
411 401 404 687 521 269 266 370
1 3600 1634
13
244 376 285 281 113 118 507 502 890 295 51 52 773
1 3600 1486
12
285 282 277 125 122 733 731 497 500 666 948 950
1 3600 1634
16
403 404 687 523 517 518 536 509 293 290 891 503 504 731 497 498
1 3600 495
9
376 285 282 277 125 120 764 565 562
1 3600 1634
8
376 285 281 113 114 120 764 565
1 3600 1634
11
375 376 285 281 113 118 507 504 707 704 860
1 3600 1634
17
376 285 282 277 125 122 733 731 345 346 352 955 827 828 159 160 169
1 3600 1634
15
244 376 285 282 277 125 122 869 25 26 872 73 76 645 642
1 3600 1634
9
375 376 285 281 113 114 122 887 883
1 3600 1634
11
244 376 285 282 277 125 120 764 565 559 556
1 3600 1634
10
375 376 285 281 113 118 507 504 707 704
1 3600 1634
14
583 425 426 834 741 738 924 895 896 433 434 602 778 848
1 3600 545
3
222 258 453
1 3600 563
10
583 580 717 714 902 911 909 607 608 627
1 3600 1634
13
222 258 662 477 474 484 491 488 820 131 132 916 819
1 3600 1634
16
222 258 664 585 481 479 474 471 472 839 163 164 442 932 934 940
1 3600 1089
16
261 258 662 483 471 467 462 837 163 164 442 930 741 738 924 875
1 3600 251
5
583 425 426 834 741
1 3600 87
14
258 664 585 481 479 474 471 472 839 163 164 442 833 427
1 3600 128
12
258 662 477 474 484 651 629 625 626 609 606 908
1 3600 545
16
258 662 57 58 511 493 488 820 593 588 197 194 313 308 529 530
1 3600 1634
21
261 258 664 585 481 479 474 471 467 464 839 163 164 442 930 741 738 924 895 896 920
1 3600 629
20
867 225 222 258 662 483 484 651 307 69 64 553 554 756 35 36 441 399 394 430
1 3600 81
20
867 225 222 258 662 477 474 484 457 460 307 302 769 553 554 756 35 36 411 408
1 3600 303
3
867 225 222
1 3600 54
16
222 258 664 585 481 479 474 484 457 454 539 540 544 449 444 187
1 3600 347
24
222 258 662 57 58 511 493 488 820 605 591 588 241 239 236 171 172 720 659 656 693 688 698 753
1 3600 1634
22
261 258 662 483 471 459 460 307 69 64 553 554 756 35 36 403 404 781 417 111 106 679
1 3600 778
7
583 243 244 376 285 286 522
1 3600 199
23
867 225 222 258 664 585 481 479 474 484 651 461 454 539 540 544 449 444 187 188 567 289 277
1 3600 110
25
222 258 662 57 58 511 493 486 569 570 576 11 14 420 742 715 187 188 567 289 277 125 120 385 381
1 3600 1167
27
222 258 662 477 474 471 459 460 629 625 626 898 575 181 182 588 197 194 631 632 694 734 766 365 368 710 771
1 3600 1634
31
261 258 664 585 481 479 474 484 491 486 569 570 576 11 12 901 815 811 806 855 850 705 706 731 345 342 359 360 959 859 723
1 3600 1634
13
583 243 244 376 285 281 113 118 507 504 731 345 346
1 3600 680
24
258 662 57 58 511 493 488 820 593 588 241 239 236 171 172 720 659 656 749 737 297 300 503 504
1 3600 1486
15
583 425 426 832 443 165 162 838 473 470 482 663 259 223 226
1 3600 1634
20
867 225 222 258 662 483 484 651 629 569 570 576 11 12 901 815 811 806 855 856
1 3600 1634
19
583 243 244 376 285 281 113 114 122 733 731 497 494 948 950 952 719 83 78
1 3600 1634
16
583 243 244 376 285 282 277 125 115 118 507 504 731 701 645 642
1 3600 1634
21
258 664 585 481 479 474 471 467 462 447 444 187 188 567 289 277 125 122 887 883 880
1 3600 1634
25
222 258 662 477 474 471 459 460 307 302 769 553 554 756 35 36 411 401 404 687 521 269 262 563 559
1 3600 1634
18
258 662 57 58 511 493 486 569 570 576 11 12 901 815 811 806 855 852
1 3600 1634
18
567 289 283 286 522 686 415 111 106 127 128 971 323 315 318 600 618 776
1 3600 583
12
189 186 445 448 545 541 538 455 458 470 475 476
1 3600 347
13
329 39 34 757 555 552 65 66 571 568 487 492 514
1 3600 860
13
566 189 186 714 902 911 909 607 599 595 185 182 590
1 3600 1634
20
964 809 810 814 900 13 10 3 4 437 438 449 446 837 163 164 442 932 934 940
1 3600 1634
19
807 810 814 551 548 555 437 438 449 446 837 163 164 442 930 741 738 924 895
1 3600 743
14
329 39 34 757 555 437 438 449 446 837 163 164 442 932
1 3600 173
5
567 289 283 284 422
1 3600 42
6
331 39 34 757 549 550
1 3600 119
11
191 186 714 743 744 944 841 842 631 175 172
1 3600 1634
18
823 365 368 712 923 53 50 231 232 508 109 106 99 104 323 315 318 600
1 3600 1634
10
560 758 567 289 283 286 522 686 405 397
1 3600 563
9
567 289 283 286 522 686 405 400 408
1 3600 70
19
191 186 445 448 545 542 303 306 650 485 475 478 480 584 665 259 223 224 866
1 3600 154
12
191 186 714 743 421 15 12 901 815 811 808 965
1 3600 68
8
965 823 365 368 708 751 752 337
1 3600 68
3
862 823 767
1 3600 1634
21
965 863 855 850 705 703 700 497 500 666 948 950 952 827 137 138 146 154 274 683 684
1 3600 1634
7
331 39 36 403 404 687 523
1 3600 605
13
823 365 368 710 771 772 53 50 294 891 503 506 119
1 3600 221
16
329 39 34 757 555 552 768 303 306 650 485 482 663 259 223 224
1 3600 251
17
189 186 714 743 744 944 841 842 631 632 694 734 766 365 368 710 771
1 3600 1634
12
855 850 705 703 645 648 87 84 729 149 146 150
1 3600 1634
12
289 277 125 115 118 507 504 731 345 342 893 357
1 3600 1021
9
965 823 365 368 708 671 672 297 298
1 3600 1634
18
809 697 633 630 195 196 589 592 821 489 492 510 59 56 663 259 223 226
1 3600 1634
11
329 39 34 757 549 550 815 811 806 855 856
1 3600 1634
7
855 850 705 703 645 642 81
1 3600 1634
21
965 823 365 368 712 923 53 50 294 891 503 504 731 345 342 355 352 955 719 83 80
1 3600 1634
12
823 365 368 708 671 672 297 300 503 504 731 701
1 3600 1634
18
965 823 365 368 710 967 923 53 50 231 228 292 117 114 120 764 565 559
1 3600 1634
4
862 964 791 788
1 3600 1634
20
753 750 671 672 297 298 291 292 508 413 111 106 127 128 971 323 315 318 602 777
1 3600 961
21
95 96 699 689 692 657 658 721 173 170 237 238 240 589 183 180 574 899 627 624 487
1 3600 408
17
767 735 695 633 630 195 196 235 219 220 818 917 133 134 93 88 45
1 3600 583
12
255 250 256 692 657 658 721 173 170 211 214 205
1 3600 1634
21
364 767 735 695 633 630 843 840 945 943 913 910 903 715 716 429 426 832 932 934 940
1 3600 1634
21
256 692 657 654 633 630 843 840 945 745 742 715 716 429 426 834 741 738 924 875 876
1 3600 1634
22
692 657 654 696 810 814 900 13 10 577 67 68 304 469 464 839 163 164 442 930 741 738
1 3600 563
15
363 364 767 735 695 633 630 313 310 945 745 742 715 716 581
1 3600 273
13
699 689 692 657 654 633 630 843 840 945 943 913 910
1 3600 273
14
364 767 735 695 696 810 814 900 13 10 3 4 437 438
1 3600 273
14
727 335 255 250 256 692 657 654 696 810 814 551 548 555
1 3600 299
6
767 735 695 655 658 641
1 3600 299
10
255 250 256 692 657 658 721 173 170 193
1 3600 299
5
735 695 633 630 843
1 3600 299
12
672 736 748 657 658 641 177 174 630 313 308 783
1 3600 299
8
689 692 657 658 721 173 170 237
1 3600 299
14
708 751 752 337 255 250 256 692 657 658 641 638 795 798
1 3600 299
9
350 335 255 250 256 692 657 654 633
1 3600 1634
16
349 350 675 672 297 298 291 229 232 508 109 106 99 104 970 972
1 3600 1634
17
693 257 251 254 336 753 249 49 50 231 232 508 537 519 520 686 405
1 3600 1634
17
253 254 334 675 672 297 300 503 506 119 114 124 276 283 284 377 245
1 3600 511
22
699 689 692 657 658 721 173 170 237 238 240 589 590 604 821 489 492 510 59 56 663 259
1 3600 274
20
96 753 750 709 369 364 822 863 807 810 814 900 13 14 420 742 715 187 188 759
1 3600 274
22
255 250 256 692 657 658 641 177 170 193 196 589 183 184 594 598 606 908 910 903 715 187
1 3600 274
8
688 698 753 750 709 369 364 822
1 3600 274
17
255 250 256 692 657 654 633 630 843 840 945 745 742 715 187 188 759
1 3600 274
10
253 254 334 675 670 709 369 364 822 863
1 3600 274
4
363 364 822 964
1 3600 310
5
698 337 334 351 348
1 3600 310
3
737 673 670
1 3600 310
6
365 368 708 671 672 736
1 3600 1634
14
94 341 247 49 50 231 228 292 508 413 111 106 99 100
1 3600 1634
8
751 249 49 50 231 232 508 109
1 3600 1486
11
251 254 334 675 672 297 300 503 506 119 112
1 3600 711
15
341 247 49 50 231 228 292 508 537 519 269 264 379 380 382
1 3600 269
5
673 670 709 710 771
1 3600 269
4
766 365 368 712
1 3600 269
8
253 254 336 753 750 709 710 771
1 3600 1634
13
727 675 672 297 300 503 504 731 497 494 948 950 952
1 3600 1634
9
737 297 300 503 504 731 345 342 893
1 3600 1634
9
341 247 49 50 294 891 503 504 732
1 3600 1634
30
255 250 256 692 657 658 721 173 170 211 201 202 179 180 574 899 627 624 628 461 458 470 475 478 480 584 665 259 223 226
1 3600 1634
10
727 675 670 709 369 364 822 863 855 856
1 3600 1634
20
96 753 249 49 50 294 891 503 504 731 497 498 669 666 948 950 952 827 137 140
1 3600 1634
11
709 369 364 822 863 855 850 705 703 645 646
1 3600 1634
8
747 737 297 300 503 504 707 75
1 3600 1634
18
979 253 254 336 753 249 49 50 231 232 508 537 519 269 262 563 559 556
1 3600 1634
11
349 350 675 670 709 369 364 822 863 855 852
1 3600 1634
6
323 315 318 600 618 774
1 3600 1634
17
98 107 108 509 117 114 124 276 288 566 189 186 445 446 463 466 470
1 3600 1634
22
107 110 414 687 523 287 282 288 566 189 186 714 902 911 909 607 527 325 43 44 89 92
1 3600 1634
15
98 107 110 416 780 405 402 37 34 757 549 546 914 179 182
1 3600 1634
13
103 104 323 315 318 435 432 897 877 878 937 934 940
1 3600 1167
13
678 107 110 414 405 397 394 432 897 877 878 937 934
1 3600 1634
13
107 110 416 780 405 397 394 432 897 877 874 925 739
1 3600 1634
21
685 682 275 272 722 858 958 353 354 343 344 730 732 123 115 112 280 284 377 245 242
1 3600 1634
14
107 110 412 509 117 114 124 276 288 566 189 186 714 902
1 3600 1634
23
680 273 155 147 148 728 85 79 80 643 644 702 704 851 854 807 810 635 630 313 308 783 786
1 3600 86
6
101 104 323 315 318 600
1 3600 227
7
107 110 414 405 397 394 432
1 3600 908
19
963 275 272 722 831 826 953 951 949 495 496 730 732 123 115 112 280 284 377
1 3600 1634
27
103 98 107 110 416 780 687 523 287 282 288 566 189 186 445 448 545 541 538 455 456 485 475 476 663 259 223
1 3600 1634
20
963 683 680 722 858 958 361 356 892 343 344 730 732 123 124 276 288 566 759 561
1 3600 1634
15
101 98 107 108 509 233 228 290 299 296 673 670 709 369 362
1 3600 199
5
963 683 678 99 100
1 3600 106
6
101 98 107 110 414 687
1 3600 106
7
129 126 107 110 412 537 519
1 3600 429
4
107 108 509 117
1 3600 1634
8
98 107 110 412 537 519 269 266
1 3600 1634
22
679 682 275 155 147 139 136 826 953 951 949 667 668 499 496 730 505 502 890 295 51 52
1 3600 124
4
679 680 722 858
1 3600 124
9
103 98 679 682 275 272 722 858 958
1 3600 333
12
98 679 680 145 139 136 826 953 951 949 667 668
1 3600 480
6
103 98 107 108 509 293
1 3600 1634
10
98 107 110 412 509 117 114 120 764 565
1 3600 1634
19
685 682 275 155 147 148 728 85 86 649 644 702 704 851 854 862 964 791 792
1 3600 711
7
126 679 680 145 148 169 166
1 3600 1634
14
129 126 679 682 275 272 722 143 136 826 719 649 646 956
1 3600 1634
14
126 679 680 722 858 958 353 347 344 701 77 70 885 882
1 3600 1634
12
107 108 537 519 269 264 391 388 762 764 565 559
1 3600 1634
18
970 129 126 107 110 412 509 233 230 51 52 922 713 369 364 822 964 791
1 3600 1634
11
413 111 106 127 128 971 323 315 318 602 777
1 3600 1634
17
117 114 124 276 288 566 189 186 445 448 545 541 538 455 456 491 492
1 3600 1634
16
520 686 405 402 37 34 757 549 546 914 179 180 574 47 40 17
1 3600 1634
17
416 780 405 400 410 37 34 757 549 546 914 179 182 590 217 220 818
1 3600 1634
12
520 686 405 397 394 432 897 894 928 937 934 940
1 3600 817
13
522 686 405 397 394 432 897 877 874 925 926 937 934
1 3600 961
9
523 287 284 377 245 242 580 429 426
1 3600 1634
12
687 523 287 282 288 566 189 186 445 446 463 464
1 3600 1634
5
405 402 37 34 757
1 3600 1634
17
108 509 293 290 299 296 736 748 657 658 641 177 174 630 313 308 529
1 3600 204
12
519 516 522 686 781 417 111 106 127 128 971 323
1 3600 87
4
686 405 397 394
1 3600 240
4
523 287 284 377
1 3600 961
6
287 284 377 245 242 582
1 3600 1634
6
405 400 410 37 38 330
1 3600 1634
13
780 687 521 518 536 509 233 228 290 299 296 673 674
1 3600 55
7
522 686 415 111 106 679 682
1 3600 178
3
110 414 687
1 3600 48
4
110 412 509 117
1 3600 563
19
523 287 282 288 566 189 186 445 446 463 464 473 470 482 663 259 223 224 864
1 3600 1634
5
509 293 229 230 51
1 3600 146
12
412 509 233 228 290 891 503 504 731 497 494 948
1 3600 129
12
518 536 509 293 290 891 503 504 731 345 342 893
1 3600 125
4
233 230 294 299
1 3600 1362
23
416 780 405 402 37 34 757 555 552 65 68 306 461 458 470 475 478 480 584 665 259 223 226
1 3600 1634
19
687 521 518 536 509 293 229 230 51 52 922 966 711 369 364 822 964 791 792
1 3600 908
8
106 679 682 275 155 147 148 169
1 3600 1257
12
108 509 233 228 290 891 503 504 707 703 645 646
1 3600 817
10
108 509 117 114 122 869 870 27 22 71
1 3600 1634
6
117 114 120 764 565 559
1 3600 1634
10
412 509 293 290 891 503 504 707 704 851
1 3600 1634
10
268 520 686 405 397 394 434 600 618 776
1 3600 1634
20
114 124 276 288 566 189 186 714 743 421 418 579 577 571 568 487 492 510 59 60
1 3600 1634
13
282 288 566 189 186 714 902 911 909 607 608 627 623
1 3600 1634
18
288 566 189 186 714 902 911 909 607 527 325 43 44 89 92 135 132 916
1 3600 1634
11
280 284 377 245 242 425 426 832 932 934 940
1 3600 1089
9
284 377 245 242 425 426 832 932 934
1 3600 711
9
283 284 377 245 242 580 429 426 832
1 3600 817
5
115 112 280 284 422
1 3600 908
11
116 508 537 519 516 522 686 405 400 410 37
1 3600 1634
15
264 379 380 384 121 115 116 233 230 294 299 296 736 748 657
1 3600 743
12
113 116 508 109 106 127 128 971 323 315 318 600
1 3600 212
5
268 520 686 405 397
1 3600 95
6
280 286 522 686 405 402
1 3600 247
14
282 288 566 189 186 445 446 463 466 470 475 476 663 259
1 3600 583
13
125 115 116 293 229 230 51 52 922 713 369 364 822
1 3600 1257
7
118 507 502 301 296 736 746
1 3600 454
8
113 116 508 413 111 106 99 104
1 3600 50
4
125 115 116 508
1 3600 164
3
114 124 276
1 3600 64
3
114 120 763
1 3600 1634
8
281 113 116 233 230 51 52 922
1 3600 527
11
113 114 122 733 731 345 342 359 360 959 859
1 3600 314
7
114 122 733 731 345 342 359
1 3600 49
10
264 391 392 387 382 762 121 122 733 731
1 3600 347
22
283 284 377 245 242 425 426 832 443 165 162 838 473 470 475 478 480 584 665 259 223 226
1 3600 1634
9
277 125 122 887 888 73 74 704 860
1 3600 1634
16
281 113 118 507 504 731 497 500 666 948 950 952 827 828 159 160
1 3600 1634
11
277 125 122 869 25 22 71 76 645 646 956
1 3600 605
4
277 125 122 887
1 3600 1634
3
262 563 559
1 3600 1634
10
125 115 118 507 504 731 701 702 704 851
1 3600 1634
11
265 268 516 522 686 405 397 394 434 602 778
1 3600 1634
4
865 225 222 258
1 3600 1634
17
267 268 520 686 405 400 410 37 34 757 549 546 914 179 180 574 47
1 3600 1634
12
225 222 258 662 483 484 491 488 820 605 217 218
1 3600 1634
15
267 268 516 522 686 405 397 394 432 897 877 878 937 934 940
1 3600 1634
13
267 268 520 686 405 397 394 432 897 894 928 937 934
1 3600 1089
15
225 222 258 664 585 481 479 474 471 472 839 163 164 442 932
1 3600 711
9
121 124 276 288 566 189 186 445 446
1 3600 545
12
265 268 516 522 686 405 402 37 34 757 555 5
1 3600 1167
13
388 762 121 115 116 293 290 299 296 736 748 657 658
1 3600 1634
11
384 121 115 116 508 109 106 127 128 971 323
1 3600 908
7
390 265 268 520 686 405 397
1 3600 272
8
388 762 121 115 112 280 284 377
1 3600 116
23
387 384 121 115 112 280 284 377 245 242 580 429 426 832 443 165 162 838 473 470 482 663 259
1 3600 181
14
225 222 258 662 477 474 471 467 462 447 444 187 190 560
1 3600 511
31
865 225 222 258 664 585 481 479 474 484 457 460 629 625 626 898 575 181 178 203 200 210 171 176 640 659 656 693 688 698 753
1 3600 1634
17
388 762 121 115 118 507 504 731 345 346 352 959 859 723 273 274 960
1 3600 480
3
267 268 516
1 3600 164
3
393 390 265
1 3600 164
8
371 267 264 379 380 382 762 121
1 3600 164
4
387 384 121 124
1 3600 259
27
865 225 222 258 662 483 471 459 460 307 69 64 553 554 756 35 36 411 401 404 687 523 517 269 264 391 392
1 3600 711
10
762 121 115 116 233 230 51 52 773 770
1 3600 1634
29
865 225 222 258 662 477 474 484 457 454 539 305 302 769 553 554 756 35 36 403 404 781 417 111 106 679 680 145 139
1 3600 1362
10
969 387 382 762 121 122 733 731 497 498
1 3600 142
23
865 225 222 258 664 585 481 479 474 471 472 465 462 447 444 187 188 567 289 283 281 113 118
1 3600 162
4
371 267 262 563
1 3600 778
12
379 380 384 121 122 869 870 872 73 74 704 860
1 3600 1634
15
765 121 115 118 507 504 731 345 342 359 360 955 827 137 140
1 3600 1634
10
387 382 762 121 122 733 707 703 645 642
1 3600 961
10
371 267 264 391 388 762 121 122 869 25
1 3600 1634
6
388 762 764 565 559 556
1 3600 1634
9
762 121 115 118 507 504 707 704 851
1 3600 1634
22
755 751 752 699 689 692 657 654 696 810 814 551 548 756 35 36 441 399 394 434 600 618
1 3600 1634
25
48 248 752 699 689 692 657 658 721 173 170 237 238 240 589 183 184 594 598 608 627 624 628 461 458
1 3600 1634
20
966 711 369 364 767 735 695 633 630 195 196 589 592 131 134 93 88 19 16 29
1 3600 1634
15
48 248 752 699 689 692 657 658 641 177 170 211 212 220 818
1 3600 1634
26
922 713 369 364 767 735 695 696 810 814 900 13 10 577 67 68 304 469 464 839 163 164 442 932 934 940
1 3600 1634
28
773 770 711 369 364 822 964 809 810 814 900 13 10 577 67 68 304 469 464 839 163 164 442 930 741 738 924 875
1 3600 1634
20
711 369 364 767 735 695 696 810 814 551 548 555 437 438 449 446 837 163 164 442
1 3600 1634
19
53 48 248 752 699 689 692 657 654 633 630 843 840 945 745 742 715 716 581
1 3600 583
18
48 248 752 337 255 250 256 692 657 654 696 810 814 900 13 10 3 4
1 3600 511
11
770 711 708 671 672 736 748 657 658 641 638
1 3600 1634
13
53 50 294 291 292 508 413 111 106 99 104 323 320
1 3600 1634
17
713 369 364 822 964 809 810 814 551 548 756 35 36 441 399 394 432
1 3600 1634
12
53 50 231 232 508 537 519 520 686 405 400 408
1 3600 1167
28
48 248 752 699 689 692 657 658 721 173 170 211 212 216 604 821 489 490 485 475 478 480 584 665 259 223 224 866
1 3600 192
5
711 369 364 822 964
1 3600 60
4
922 713 708 671
1 3600 1634
16
967 923 53 50 294 891 503 504 731 345 346 352 959 859 723 681
1 3600 1634
6
53 50 231 228 292 508
1 3600 1634
12
48 248 750 671 672 297 300 503 506 119 112 280
1 3600 680
22
713 369 364 767 735 695 633 630 195 196 589 592 821 489 492 510 59 56 663 259 223 224
1 3600 314
5
922 966 711 708 754
1 3600 1634
14
711 369 364 822 863 855 850 705 703 645 648 718 827 137
1 3600 1634
12
755 671 672 297 300 503 504 731 345 342 893 357
1 3600 1634
3
772 53 50
1 3600 1634
12
755 671 672 297 300 503 506 119 114 120 764 565
1 3600 817
8
770 711 369 364 822 863 855 856
1 3600 1634
16
772 53 50 294 891 503 504 731 497 494 948 950 952 827 828 946
1 3600 1634
12
713 369 364 822 863 855 850 705 703 645 646 956
1 3600 1634
11
711 369 364 822 863 855 850 705 75 70 885
1 3600 1634
10
53 50 231 232 117 114 120 764 565 559
1 3600 778
8
755 709 369 364 822 863 855 852
1 3600 1634
12
859 723 681 678 127 128 971 323 315 318 602 777
1 3600 1634
24
949 495 496 730 732 123 124 276 288 566 189 186 445 448 545 541 538 455 456 485 475 476 57 60
1 3600 1634
22
153 147 148 728 85 79 80 643 644 702 704 851 854 807 697 633 630 195 196 589 183 180
1 3600 1634
22
136 826 953 951 949 495 496 730 505 502 301 296 736 748 657 658 721 173 170 211 214 205
1 3600 1634
26
951 949 667 501 496 730 505 502 890 291 292 508 537 519 520 686 405 397 394 432 897 877 878 937 934 940
1 3600 1634
25
495 496 730 505 502 890 291 292 508 537 519 516 522 686 405 397 394 432 897 877 874 925 926 937 934
1 3600 1634
20
826 954 361 358 343 344 730 732 123 115 112 280 284 377 245 242 425 426 834 741
1 3600 1634
22
951 949 667 501 496 730 732 123 124 276 283 284 377 245 242 580 429 426 832 443 165 162
1 3600 1634
13
151 154 274 683 678 107 110 414 405 400 410 37 38
1 3600 1634
10
495 496 730 505 502 301 296 736 748 657
1 3600 629
11
147 144 681 678 99 104 323 315 318 600 614
1 3600 908
18
958 353 347 344 730 505 502 890 291 229 232 508 537 519 520 686 405 400
1 3600 1634
13
951 949 667 501 496 730 505 506 119 112 280 284 377
1 3600 1634
22
153 147 139 136 826 719 649 644 77 72 873 871 868 123 124 276 283 284 377 245 242 582
1 3600 1634
15
954 361 356 892 343 344 730 732 123 124 276 288 566 759 561
1 3600 1634
11
353 347 344 730 505 502 301 296 673 674 351
1 3600 144
6
273 274 683 678 127 128
1 3600 144
5
144 681 678 99 104
1 3600 163
13
954 353 354 343 344 730 505 502 890 291 292 508 537
1 3600 563
15
361 358 343 344 730 505 506 119 114 120 763 383 381 378 265
1 3600 1634
7
495 496 730 732 123 120 763
1 3600 1634
13
826 719 649 644 702 706 505 502 890 295 51 52 773
1 3600 135
5
271 272 722 858 958
1 3600 169
11
153 147 139 136 826 953 951 949 667 668 499
1 3600 169
6
958 955 953 951 949 667
1 3600 277
10
272 722 858 958 353 347 344 730 505 502
1 3600 1634
15
858 958 361 356 892 343 344 730 505 506 119 114 120 764 565
1 3600 1634
14
271 272 145 148 728 85 79 80 643 644 702 704 851 856
1 3600 149
8
948 950 952 827 137 140 158 946
1 3600 149
8
273 155 147 148 169 166 85 79
1 3600 333
6
272 722 831 826 719 649
1 3600 605
8
136 826 719 649 644 77 72 889
1 3600 1634
12
858 958 353 347 344 730 732 123 120 764 565 559
1 3600 1634
11
151 147 148 728 85 79 80 643 644 702 704
1 3600 1634
22
500 666 948 950 952 827 137 138 146 154 274 683 678 127 128 971 323 315 318 600 618 776
1 3600 1634
23
499 496 730 732 123 124 276 288 566 189 186 445 448 545 542 303 306 650 485 475 478 480 584
1 3600 1634
22
496 701 702 704 851 854 807 697 633 630 195 196 235 219 220 818 917 133 134 93 88 724
1 3600 1634
16
499 496 730 505 502 301 296 736 748 657 658 641 177 170 211 214
1 3600 1634
24
496 730 505 502 890 291 229 232 508 537 519 516 522 686 405 397 394 432 897 877 878 937 934 940
1 3600 1634
20
354 343 344 730 505 502 890 291 292 508 537 519 520 686 405 397 394 432 897 877
1 3600 1634
24
501 496 730 505 502 890 291 229 232 508 537 519 516 522 686 405 402 441 399 394 432 897 894 928
1 3600 1634
17
501 496 730 505 506 119 112 280 284 377 245 242 425 426 832 443 165
1 3600 1634
15
358 343 344 730 732 123 124 276 288 566 189 186 714 743 744
1 3600 1634
13
892 343 344 701 702 704 851 854 807 810 635 175 170
1 3600 1257
17
669 666 948 950 952 827 830 723 681 678 99 104 323 315 318 600 616
1 3600 961
18
358 343 344 730 505 502 890 291 292 508 537 519 520 686 405 397 394 432
1 3600 1486
10
501 496 730 505 506 119 112 280 284 377
1 3600 1634
14
358 343 344 730 732 123 115 112 280 284 377 245 242 582
1 3600 1634
11
668 499 496 730 732 123 124 276 288 566 189
1 3600 1634
13
356 892 343 344 730 505 502 301 296 673 674 351 348
1 3600 255
15
501 494 948 950 952 827 137 138 146 154 274 683 678 99 100
1 3600 95
11
347 344 730 505 502 890 291 229 232 508 109
1 3600 223
8
499 496 730 505 506 119 112 280
1 3600 1167
15
358 343 344 730 505 502 890 291 292 508 537 519 269 266 370
1 3600 1634
8
496 730 505 502 890 295 51 52
1 3600 55
6
666 948 950 952 827 137
1 3600 419
7
360 955 953 951 949 495 500
1 3600 47
8
356 892 343 344 730 505 502 890
1 3600 1167
9
358 343 344 730 732 123 120 764 565
1 3600 1634
11
499 496 701 702 704 851 854 862 964 791 792
1 3600 263
6
352 959 859 143 140 158
1 3600 194
8
499 494 948 950 952 719 649 646
1 3600 240
5
892 343 344 701 702
1 3600 1634
9
501 496 730 732 123 120 764 565 559
1 3600 1634
6
499 496 730 707 704 851
1 3600 1634
17
342 359 360 959 859 723 681 678 127 128 971 323 315 318 602 777 774
1 3600 1634
23
229 232 508 537 519 516 522 686 405 400 410 37 34 757 555 552 768 303 306 461 458 470 482
1 3600 1634
17
505 506 119 114 124 276 288 566 189 186 714 743 421 15 10 577 571
1 3600 1634
11
296 736 748 657 658 721 173 170 211 201 198
1 3600 1634
22
344 730 505 502 890 291 292 508 537 519 520 686 405 397 394 432 897 877 878 937 934 940
1 3600 1634
19
505 502 890 291 229 232 508 537 519 516 522 686 405 402 441 399 394 432 897
1 3600 1634
11
123 115 112 280 284 377 245 242 580 429 426
1 3600 1634
16
730 505 506 119 112 280 284 377 245 242 425 426 832 443 165 162
1 3600 1634
13
263 268 520 686 405 400 410 37 34 757 555 552 768
1 3600 1634
17
295 51 48 246 340 95 96 337 255 250 256 692 657 654 633 630 313
1 3600 1486
11
119 116 508 413 111 106 99 104 323 315 316
1 3600 860
12
231 232 508 537 519 516 522 686 405 397 394 430
1 3600 711
9
298 291 292 117 112 280 284 377 374
1 3600 961
23
292 508 537 519 520 686 405 402 37 34 757 555 552 65 68 306 650 485 475 476 663 259 260
1 3600 1167
7
343 344 701 702 704 851 854
1 3600 1634
11
344 730 505 502 890 295 51 52 922 713 369
1 3600 605
8
291 229 232 508 109 106 99 100
1 3600 151
5
231 232 508 413 111
1 3600 116
8
343 344 730 732 123 124 276 283
1 3600 116
3
119 112 280
1 3600 194
6
119 114 120 385 381 378
1 3600 1634
8
507 502 301 298 295 51 52 773
1 3600 303
3
355 352 955
1 3600 79
5
731 345 342 893 357
1 3600 106
13
263 268 518 536 509 293 290 891 503 504 731 345 342
1 3600 86
9
298 291 292 508 537 519 269 262 563
1 3600 1486
14
507 502 890 295 51 52 922 713 369 364 822 964 791 792
1 3600 629
12
294 891 503 504 707 703 645 642 81 78 84 167
1 3600 308
12
563 564 765 121 122 887 883 884 71 76 645 646
1 3600 126
3
707 75 72
1 3600 126
7
563 564 765 121 122 887 883
1 3600 480
7
119 114 120 764 565 559 556
1 3600 1634
7
228 290 891 503 504 707 704
1 3600 1634
18
562 263 268 516 522 686 415 111 106 127 128 971 323 315 318 600 618 774
1 3600 1634
7
227 222 258 662 57 58 511
1 3600 1634
17
227 222 258 662 57 58 511 493 486 625 626 898 47 44 89 92 676
1 3600 1634
20
564 765 763 389 390 265 268 520 686 405 400 410 37 34 757 549 546 914 203 200
1 3600 1634
18
562 263 268 516 522 686 405 397 394 432 897 877 874 925 926 937 934 940
1 3600 1634
16
227 222 258 662 483 471 472 839 163 164 442 930 741 738 924 895
1 3600 1634
15
564 765 121 124 276 283 284 377 245 242 580 429 426 834 741
1 3600 1634
14
227 222 258 664 585 481 479 474 471 467 462 837 163 164
1 3600 1634
9
227 222 258 662 483 484 651 307 69
1 3600 1634
18
227 222 258 662 57 58 511 493 488 820 593 588 197 194 313 308 529 530
1 3600 1634
15
564 765 385 381 378 265 268 518 536 109 106 127 128 971 323
1 3600 1634
21
227 222 258 664 585 481 479 474 471 459 454 539 305 69 64 553 554 756 35 36 411
1 3600 1486
12
564 765 763 389 390 265 268 520 686 405 400 408
1 3600 1257
3
227 224 866
1 3600 1021
17
227 222 258 662 477 474 484 457 454 539 540 544 449 444 187 188 567
1 3600 1486
11
564 765 121 115 116 293 290 299 296 673 670
1 3600 1634
27
227 222 258 664 585 481 479 474 471 459 460 307 302 769 553 554 756 35 36 403 404 781 417 111 106 679 682
1 3600 908
5
562 263 268 518 536
1 3600 233
17
227 222 258 662 483 471 467 462 447 444 187 188 567 289 283 281 113
1 3600 129
8
564 765 763 383 381 378 265 266
1 3600 1362
10
564 765 121 115 116 233 230 51 52 773
1 3600 1634
27
227 222 258 662 477 474 484 457 454 539 540 544 449 444 187 188 567 289 277 125 122 733 731 345 342 359 360
1 3600 1089
11
564 765 121 115 118 507 504 731 345 342 893
1 3600 49
5
564 765 121 122 733
1 3600 480
19
564 765 121 124 276 288 566 189 186 445 446 463 466 470 482 663 259 223 226
1 3600 268
20
227 222 258 662 57 58 511 493 486 569 570 576 11 12 901 815 811 806 855 856
1 3600 1634
16
564 765 121 115 118 507 504 731 497 494 948 950 952 719 87 84
1 3600 1634
33
227 222 258 664 585 481 479 474 484 651 629 625 626 609 606 908 910 903 715 187 188 567 289 277 125 122 869 870 872 73 74 703 645
1 3600 251
22
227 222 258 662 57 58 511 493 488 820 605 591 588 197 194 631 632 696 806 855 850 705
1 3600 961
18
562 263 268 518 536 509 233 230 51 52 922 966 711 369 364 822 964 791
1 3600 1634
16
793 790 809 810 814 551 548 756 35 36 441 399 394 434 602 778
1 3600 1634
21
857 854 807 697 633 630 195 196 589 183 180 525 526 608 627 624 628 650 485 475 478
1 3600 1634
12
857 854 807 810 635 630 195 196 589 183 184 594
1 3600 1634
9
857 854 807 697 633 175 170 237 238
1 3600 1634
21
793 790 809 810 814 900 13 10 3 4 437 438 449 446 837 163 164 442 932 934 940
1 3600 1634
23
793 790 809 810 814 900 13 10 577 67 68 304 469 464 839 163 164 442 930 741 738 924 875
1 3600 1634
16
793 790 809 697 633 630 843 840 945 745 742 715 716 429 426 834
1 3600 1634
15
861 851 854 807 810 814 551 548 555 437 438 449 446 837 163
1 3600 1634
9
793 790 809 810 814 551 548 756 35
1 3600 1634
11
861 851 854 862 823 767 735 695 633 630 313
1 3600 1634
21
793 790 965 823 365 368 708 671 672 297 298 291 292 508 413 111 106 99 104 970 972
1 3600 1634
15
857 850 705 706 505 502 890 291 229 232 508 413 416 780 405
1 3600 1634
13
857 850 705 75 70 23 24 868 123 115 112 280 284
1 3600 1634
15
857 854 807 697 633 630 843 840 945 745 742 715 716 581 582
1 3600 1021
4
861 851 854 862
1 3600 1021
9
861 851 854 862 823 365 368 708 751
1 3600 1634
17
861 705 703 645 648 83 78 84 167 168 149 144 273 274 683 678 99
1 3600 1634
9
857 850 705 706 505 502 890 291 292
1 3600 1167
9
861 705 703 77 70 885 882 886 123
1 3600 429
17
793 790 809 810 814 551 548 756 35 36 411 401 404 687 521 269 266
1 3600 495
7
793 790 965 823 365 368 710
1 3600 1634
9
861 705 703 700 345 346 352 959 859
1 3600 1634
11
793 790 965 863 855 850 705 703 700 497 498
1 3600 563
6
861 705 75 72 889 886
1 3600 189
19
793 790 965 823 365 368 708 671 672 297 298 291 292 508 537 519 269 262 563
1 3600 1257
3
861 851 856
1 3600 1634
16
793 790 965 863 855 850 705 703 645 642 81 78 84 729 161 158
1 3600 1634
10
793 790 965 863 855 850 705 703 645 642
1 3600 1257
19
793 790 965 823 365 368 712 923 53 50 294 891 503 504 731 701 77 70 885
1 3600 1089
13
857 850 705 75 70 23 24 868 123 120 764 565 559
1 3600 362
5
857 854 862 964 791
1 3600 1634
15
168 149 144 681 678 127 128 971 323 315 318 600 618 774 849
1 3600 1634
25
149 146 154 274 683 678 107 110 414 405 402 37 34 757 555 552 65 66 571 568 487 492 510 59 62
1 3600 1634
24
166 85 79 80 643 644 77 72 889 886 123 124 276 288 566 189 186 714 902 911 909 607 527 325
1 3600 1634
21
649 644 702 706 505 502 301 296 736 748 657 658 721 173 170 237 238 240 235 219 216
1 3600 1634
20
947 159 141 142 723 681 678 99 104 323 315 318 435 432 897 894 928 937 934 940
1 3600 1634
22
82 718 827 830 723 273 274 683 678 127 128 971 323 315 318 435 432 897 877 878 937 934
1 3600 1634
18
78 84 729 149 144 681 678 99 104 323 315 318 435 432 897 877 874 925
1 3600 1634
25
157 158 829 826 719 649 644 77 72 873 871 868 123 115 112 280 284 377 245 242 425 426 832 443 165
1 3600 1634
20
159 141 138 146 154 274 683 678 107 110 416 780 405 400 410 37 34 757 555 437
1 3600 1634
21
166 85 79 80 643 644 700 730 505 502 301 296 736 748 657 658 641 177 174 630 313
1 3600 1634
10
829 137 142 723 681 678 127 128 971 323
1 3600 1634
17
82 718 827 137 138 146 154 274 683 678 99 104 323 315 318 435 430
1 3600 1634
11
649 644 702 706 505 506 119 112 280 284 377
1 3600 1634
31
80 643 644 702 75 70 23 26 871 868 123 124 276 288 566 189 186 445 448 545 541 538 455 458 470 475 478 480 584 665 259
1 3600 1634
19
161 158 829 826 953 951 949 495 496 730 505 506 119 114 124 276 288 566 759
1 3600 1634
18
157 141 142 858 958 361 358 343 344 730 505 502 301 296 673 674 351 348
1 3600 711
8
167 168 149 144 681 678 127 128
1 3600 860
12
157 158 829 830 723 273 274 683 678 107 110 414
1 3600 1486
11
85 79 80 643 644 77 72 889 886 123 115
1 3600 1634
12
79 80 643 644 702 706 505 506 119 114 120 763
1 3600 1634
16
161 141 136 826 953 951 949 667 501 496 730 505 502 890 295 51
1 3600 127
4
718 953 951 949
1 3600 127
4
159 160 149 146
1 3600 340
9
168 161 158 829 826 953 951 949 667
1 3600 495
8
86 649 644 700 730 505 502 890
1 3600 1634
13
80 643 644 702 75 70 23 24 868 123 120 764 565
1 3600 1634
7
85 86 649 644 702 704 860
1 3600 212
4
166 729 161 158
1 3600 111
3
649 646 956
1 3600 467
8
166 85 79 80 643 644 77 72
1 3600 1634
16
159 141 142 858 958 353 347 344 730 732 123 120 764 565 559 556
1 3600 1634
6
79 80 643 644 702 704
1 3600 1634
15
648 718 827 830 723 681 678 99 104 323 315 318 602 778 848
1 3600 1634
25
644 700 730 505 506 119 112 280 284 377 245 242 425 426 832 443 165 162 838 473 470 482 663 453 450
1 3600 1634
21
647 644 702 706 732 123 124 276 288 566 189 186 714 902 911 909 607 608 627 623 620
1 3600 1634
20
647 644 700 730 505 502 301 296 736 748 657 658 721 173 170 237 238 240 589 590
1 3600 1634
25
648 718 827 137 138 146 154 274 683 678 127 128 971 323 315 318 435 432 897 894 925 926 937 934 940
1 3600 1634
26
957 647 644 702 706 505 502 890 295 231 232 508 537 519 516 522 686 405 397 394 432 897 877 878 937 934
1 3600 1634
18
957 647 644 700 730 505 506 119 112 280 284 377 245 242 580 429 426 834
1 3600 1634
20
644 702 75 70 885 882 886 123 124 276 283 284 377 245 242 425 426 832 443 165
1 3600 1634
16
644 702 706 732 123 124 276 288 566 189 186 714 743 744 943 913
1 3600 1634
12
644 702 704 851 854 807 697 633 630 313 308 529
1 3600 1634
13
957 647 648 718 954 959 859 723 681 678 99 104 323
1 3600 1634
17
642 81 78 84 729 149 144 273 274 683 678 107 110 416 780 405 400
1 3600 1634
16
644 700 730 505 502 890 291 292 508 537 519 520 686 405 400 406
1 3600 1634
30
81 78 84 167 168 149 144 681 678 107 110 414 405 402 37 34 757 555 552 768 303 306 461 456 485 475 476 663 259 223
1 3600 1634
14
957 647 644 702 706 505 506 119 114 124 276 288 566 759
1 3600 1634
13
957 647 644 700 730 505 502 890 295 51 52 922 713
1 3600 1257
10
957 647 648 718 827 137 138 146 154 274
1 3600 860
14
647 644 702 706 505 502 301 298 291 229 232 508 537 519
1 3600 1089
8
644 77 72 873 871 868 123 124
1 3600 1634
14
81 82 718 953 951 949 495 496 730 732 123 120 763 389
1 3600 1634
11
647 644 700 730 505 502 890 295 51 52 922
1 3600 206
3
648 718 827
1 3600 181
5
647 648 718 954 361
1 3600 175
9
81 82 718 953 951 949 495 496 730
1 3600 1634
31
644 702 706 505 506 119 112 280 284 377 245 242 580 429 426 832 443 165 162 838 465 466 470 475 478 480 584 665 259 223 226
1 3600 1634
6
647 644 702 704 851 856
1 3600 81
4
81 78 84 729
1 3600 73
7
957 647 644 702 75 70 885
1 3600 1634
13
957 647 644 77 72 889 886 123 120 764 565 559 556
1 3600 1634
5
644 702 704 851 852
1 3600 1634
20
71 76 700 345 342 359 360 959 859 723 681 678 127 128 971 323 315 318 600 618
1 3600 1634
18
886 123 124 276 288 566 189 186 714 743 421 418 579 577 571 568 487 492
1 3600 1634
13
871 868 123 124 276 288 566 189 186 714 902 911 909
1 3600 1634
19
706 505 502 301 296 673 674 335 255 250 256 692 657 658 641 177 170 211 214
1 3600 1634
23
71 74 706 505 502 890 291 292 508 537 519 520 686 405 397 394 432 897 894 928 937 934 940
1 3600 1634
17
27 24 868 123 115 116 508 537 519 516 522 686 405 397 394 432 897
1 3600 1634
13
24 868 123 115 112 280 284 377 245 242 425 426 834
1 3600 1634
18
881 882 886 123 115 112 280 284 377 245 242 580 429 426 832 443 165 162
1 3600 1634
24
74 706 505 502 890 291 229 232 508 537 519 520 686 405 400 410 37 34 757 555 552 768 543 541
1 3600 1634
16
881 882 888 73 74 704 851 854 862 823 767 735 695 633 630 313
1 3600 1634
19
872 73 76 700 345 346 352 959 859 723 273 274 683 678 99 104 323 315 318
1 3600 1634
19
883 884 71 76 700 730 505 502 301 298 291 292 508 413 416 780 405 402 441
1 3600 1634
9
706 505 506 119 112 280 284 377 245
1 3600 1634
11
706 505 506 119 112 280 284 377 245 242 582
1 3600 1634
8
72 889 886 123 124 276 288 566
1 3600 1634
10
71 76 700 730 505 502 301 296 736 748
1 3600 1634
16
872 73 74 703 700 497 500 666 948 950 952 827 830 723 681 678
1 3600 817
8
74 706 505 502 890 295 231 232
1 3600 583
7
70 23 26 871 868 123 124
1 3600 1089
9
70 885 882 886 123 120 385 381 378
1 3600 1634
11
882 886 733 505 502 890 295 51 52 922 966
1 3600 545
8
700 497 494 948 950 952 827 137
1 3600 327
5
868 733 731 497 500
1 3600 154
9
882 886 123 120 763 389 390 265 262
1 3600 154
9
24 868 733 505 502 301 298 291 229
1 3600 154
5
27 22 71 76 700
1 3600 355
8
72 873 871 868 123 120 764 565
1 3600 1634
8
74 704 851 854 862 964 791 792
1 3600 495
12
71 76 700 497 498 669 666 948 950 952 827 828
1 3600 105
5
26 872 73 76 645
1 3600 166
7
889 886 123 120 764 565 559
1 3600 1634
9
73 74 704 851 854 862 964 791 788
1 3600 1634
14
557 558 562 263 268 516 522 686 405 397 394 434 602 777
1 3600 1634
18
558 562 263 268 520 686 405 400 410 37 34 757 555 552 65 68 306 461
1 3600 1634
27
558 564 765 385 381 378 265 268 516 522 686 405 402 37 34 757 549 546 914 179 180 525 325 43 44 89 92
1 3600 1634
16
558 562 263 268 520 686 405 400 410 37 34 757 549 546 914 203
1 3600 1634
22
557 558 564 765 763 389 390 265 268 516 522 686 405 397 394 432 897 877 878 937 934 940
1 3600 1634
23
557 558 564 765 763 383 381 378 265 268 520 686 405 397 394 432 897 877 874 925 926 937 934
1 3600 1634
16
557 558 562 263 268 516 522 686 405 397 394 432 897 877 878 937
1 3600 1634
17
557 558 564 765 121 115 112 280 284 377 245 242 425 426 832 443 165
1 3600 1634
15
558 564 765 121 124 276 288 566 189 186 714 743 744 943 913
1 3600 1634
13
558 564 765 121 124 276 288 566 189 186 714 904 906
1 3600 1634
16
558 564 765 121 115 116 508 109 106 127 128 971 323 315 318 600
1 3600 1634
7
558 562 263 268 520 686 405
1 3600 1634
10
558 564 765 121 115 112 280 284 377 374
1 3600 1634
32
558 564 765 763 389 390 265 268 516 522 686 405 402 37 34 757 555 552 65 66 571 568 487 492 510 59 56 663 259 223 224 866
1 3600 1634
10
558 564 765 121 124 276 288 566 759 561
1 3600 1634
17
557 558 564 765 121 115 116 293 290 299 296 673 674 335 255 250 256
1 3600 1634
11
557 558 562 263 268 518 536 109 106 679 682
1 3600 1634
7
558 562 263 268 520 686 781
1 3600 1362
7
558 564 765 385 381 378 265
1 3600 1362
3
557 558 564
1 3600 1634
10
558 564 765 121 115 116 233 230 51 52
1 3600 1634
20
557 558 564 765 121 115 118 507 504 731 345 342 893 357 360 959 859 143 138 146
1 3600 1634
8
558 564 765 121 122 733 731 497
1 3600 218
9
557 558 564 765 121 115 118 507 504
1 3600 247
27
557 558 562 263 268 516 287 284 377 245 242 580 429 426 834 931 443 165 162 838 473 470 482 663 259 223 226
1 3600 1167
21
557 558 562 263 268 518 536 509 233 230 51 52 773 770 711 369 364 822 964 791 792
1 3600 1634
19
557 558 564 765 121 122 733 731 497 494 948 950 952 827 828 159 160 169 166
1 3600 1634
12
557 558 564 765 121 115 118 507 504 707 703 645
1 3600 90
8
558 564 765 121 122 887 883 880
1 3600 817
12
558 564 765 121 115 118 507 504 707 704 851 852
1 3600 1634
24
853 850 705 703 700 345 346 352 959 859 723 273 274 683 678 99 104 323 315 318 600 618 774 849
1 3600 1634
16
853 854 807 810 635 630 195 196 589 590 604 821 489 492 510 59
1 3600 1634
13
851 854 807 810 635 175 170 211 201 202 179 184 596
1 3600 1634
13
853 854 862 823 767 735 695 633 175 170 211 214 974
1 3600 1634
21
853 854 807 810 814 900 13 10 577 67 68 304 469 464 839 163 164 442 932 934 940
1 3600 1634
23
789 790 809 810 814 900 13 10 3 4 437 438 449 446 837 163 164 442 930 741 738 924 875
1 3600 1634
22
851 854 862 823 767 735 695 633 630 843 840 945 745 742 715 716 429 426 834 741 738 924
1 3600 1634
12
854 807 810 814 900 13 10 577 67 68 304 469
1 3600 1634
11
789 790 809 810 814 900 13 10 577 67 68
1 3600 1634
12
854 862 823 767 735 695 633 630 313 308 783 784
1 3600 1634
19
705 706 731 345 342 359 360 959 859 723 681 678 127 128 971 323 315 318 600
1 3600 1634
14
853 850 705 706 505 502 890 291 292 508 413 414 405 400
1 3600 1634
14
790 809 697 633 630 843 840 945 745 742 715 716 581 243
1 3600 1634
20
853 854 807 697 633 630 195 196 589 592 821 489 490 485 475 478 480 584 665 259
1 3600 1634
14
789 790 809 810 635 630 843 840 945 745 742 715 187 190
1 3600 1486
5
790 965 823 365 368
1 3600 1634
14
705 703 700 345 346 352 959 859 723 273 274 683 678 127
1 3600 1634
14
789 790 809 810 814 551 548 756 35 36 403 404 687 523
1 3600 1634
8
705 706 505 506 119 114 124 276
1 3600 1634
20
789 790 965 823 365 368 708 671 672 297 298 295 231 232 508 537 519 269 264 379
1 3600 961
6
790 965 823 365 368 710
1 3600 1634
9
705 703 700 497 500 666 948 950 952
1 3600 1634
7
705 703 700 345 342 893 357
1 3600 1362
11
789 790 965 823 365 368 712 923 53 50 294
1 3600 1362
10
850 705 706 505 506 119 114 120 764 565
1 3600 711
6
790 965 863 855 850 860
1 3600 1634
18
790 965 823 365 368 708 671 672 297 300 503 504 731 701 645 642 81 78
1 3600 1634
6
850 705 703 645 646 956
1 3600 1634
18
790 965 823 365 368 712 923 53 50 294 891 503 504 707 75 70 885 880
1 3600 1486
20
789 790 809 810 814 551 548 756 35 36 411 401 404 687 523 517 269 262 563 559
1 3600 199
4
854 862 964 791
