259
1 3600 83
5
223 33 30 238 242
1 3600 85
6
220 37 38 119 120 182
1 3600 85
5
137 138 33 30 236
1 3600 85
4
45 35 38 237
1 3600 499
7
28 34 40 211 191 185 186
1 3600 599
13
141 138 220 45 40 226 147 142 77 74 104 81 82
1 3600 63
6
138 220 37 34 42 50
1 3600 77
9
141 138 33 30 179 121 122 149 144
1 3600 260
13
138 220 45 42 48 199 202 65 57 9 10 3 6
1 3600 599
12
138 33 28 38 119 116 185 105 102 93 90 248
1 3600 332
6
37 34 42 46 52 62
1 3600 544
11
223 220 45 40 226 241 25 26 131 129 126
1 3600 599
10
138 33 30 179 121 116 188 13 14 177
1 3600 599
11
220 45 40 211 149 142 77 72 78 69 70
1 3600 599
11
37 34 42 46 54 196 208 155 152 216 232
1 3600 599
14
223 33 30 236 119 122 149 144 200 219 125 126 173 168
1 3600 599
11
28 34 40 226 241 25 26 204 213 99 100
1 3600 599
14
239 179 121 122 191 188 77 5 2 78 174 109 106 160
1 3600 46
3
39 36 221
1 3600 46
3
236 39 36
1 3600 66
5
179 121 116 185 81
1 3600 599
8
236 119 116 185 105 102 87 82
1 3600 161
4
31 28 34 42
1 3600 42
7
183 121 122 191 188 13 8
1 3600 92
4
183 121 116 185
1 3600 599
10
181 121 122 149 142 77 5 6 16 248
1 3600 499
12
121 122 210 226 151 51 46 52 62 155 152 214
1 3600 499
7
119 122 149 144 200 219 205
1 3600 544
7
121 116 188 13 14 177 69
1 3600 599
10
183 121 122 191 185 81 86 19 20 70
1 3600 599
12
181 121 122 149 146 241 25 26 131 115 110 246
1 3600 599
10
39 34 42 46 54 196 207 131 115 112
1 3600 599
12
183 121 122 149 144 200 219 125 97 94 165 166
1 3600 599
11
183 121 116 188 13 14 99 94 165 159 156
1 3600 272
9
187 184 117 120 178 31 32 139 140
1 3600 46
5
187 184 190 123 118
1 3600 285
3
187 81 82
1 3600 599
9
84 92 103 75 76 143 148 210 41
1 3600 127
10
86 19 7 2 11 8 56 64 203 200
1 3600 59
6
84 90 67 68 176 15
1 3600 599
3
84 90 248
1 3600 599
12
187 105 75 72 78 174 95 96 128 132 152 214
1 3600 599
7
86 19 20 68 176 212 125
1 3600 599
7
80 105 75 72 11 14 99
1 3600 599
9
187 105 75 5 2 78 174 109 106
1 3600 599
15
187 105 75 76 143 146 151 51 46 52 62 155 152 214 228
1 3600 599
10
84 90 67 68 174 95 96 126 173 113
1 3600 599
8
187 105 75 72 78 174 165 166
1 3600 599
9
86 19 7 2 78 174 165 159 160
1 3600 599
8
83 80 184 117 118 237 238 244
1 3600 599
7
83 80 184 190 123 120 178
1 3600 157
5
83 86 103 104 186
1 3600 599
10
83 84 92 103 75 76 143 146 227 41
1 3600 599
4
83 80 184 190
1 3600 221
3
83 84 90
1 3600 599
5
83 86 19 16 248
1 3600 599
15
83 86 19 7 2 11 8 56 64 203 198 25 22 52 60
1 3600 599
9
83 84 90 67 68 176 212 125 126
1 3600 599
8
83 86 103 75 5 2 11 14
1 3600 599
6
83 84 90 17 20 70
1 3600 599
18
83 80 105 75 76 13 8 56 64 203 200 219 205 131 115 110 233 234
1 3600 599
11
83 86 19 20 68 176 99 96 126 173 168
1 3600 599
10
83 84 92 103 75 72 78 174 165 162
1 3600 599
9
83 84 90 67 68 174 109 106 156
1 3600 48
8
59 53 47 43 44 221 139 136
1 3600 153
10
59 53 23 24 240 147 148 123 120 180
1 3600 599
16
59 62 209 207 204 218 201 202 65 57 9 10 73 74 104 186
1 3600 599
16
59 53 23 24 199 202 65 57 9 10 3 6 18 93 85 82
1 3600 176
4
51 46 52 58
1 3600 23
3
40 211 191
1 3600 199
6
40 226 147 142 77 5
1 3600 599
10
42 48 25 26 204 213 177 69 66 248
1 3600 48
9
42 46 54 196 208 155 152 214 230
1 3600 139
4
59 62 155 133
1 3600 399
7
48 199 200 219 213 177 69
1 3600 599
10
59 62 209 207 131 129 97 94 109 106
1 3600 599
7
46 54 196 208 155 152 216
1 3600 599
7
59 62 155 133 115 112 170
1 3600 599
8
59 53 23 26 131 129 97 100
1 3600 599
11
59 62 209 207 204 213 99 94 165 159 156
1 3600 79
7
49 43 35 38 237 238 244
1 3600 53
4
211 123 120 180
1 3600 230
10
202 65 57 9 10 3 4 74 102 87
1 3600 599
4
191 185 81 82
1 3600 31
5
64 203 198 49 50
1 3600 74
6
56 64 203 145 148 210
1 3600 53
3
77 74 104
1 3600 53
7
199 202 65 57 9 10 73
1 3600 53
4
226 147 142 13
1 3600 599
9
202 65 57 9 10 3 6 16 248
1 3600 79
6
226 241 25 26 206 197
1 3600 49
4
144 200 219 125
1 3600 88
5
25 26 131 129 97
1 3600 599
8
241 199 200 219 213 177 69 70
1 3600 599
8
203 200 219 125 126 173 113 110
1 3600 599
8
149 144 200 219 125 126 173 168
1 3600 599
6
57 9 14 99 94 165
1 3600 599
8
57 9 14 99 94 109 106 156
1 3600 272
9
7 4 76 189 117 118 237 238 242
1 3600 117
4
12 189 117 120
1 3600 107
5
16 91 85 80 186
1 3600 599
5
73 74 102 87 82
1 3600 272
7
103 75 76 143 146 227 41
1 3600 71
7
17 7 4 76 189 190 210
1 3600 71
5
8 56 64 203 200
1 3600 71
5
11 8 56 64 203
1 3600 71
3
85 80 184
1 3600 75
3
73 74 104
1 3600 239
3
19 16 248
1 3600 260
9
89 90 67 68 176 212 125 128 132
1 3600 105
7
105 75 72 11 14 212 205
1 3600 41
4
14 99 94 109
1 3600 260
6
105 75 5 6 20 70
1 3600 599
10
2 78 174 95 96 128 132 152 214 228
1 3600 599
5
14 212 205 131 115
1 3600 599
7
19 7 2 78 174 95 100
1 3600 599
8
89 90 67 68 174 165 159 156
1 3600 599
9
249 17 18 103 104 184 117 118 39
1 3600 599
7
249 91 85 80 184 117 120
1 3600 599
4
249 91 92 87
1 3600 599
5
249 17 18 87 82
1 3600 599
8
249 17 7 4 76 143 146 151
1 3600 499
6
249 17 7 2 11 8
1 3600 60
4
249 91 92 103
1 3600 599
8
249 17 20 68 176 212 205 206
1 3600 599
7
249 67 68 176 99 96 128
1 3600 299
3
249 17 20
1 3600 428
8
249 17 7 2 78 174 165 159
1 3600 599
17
249 17 7 2 11 8 56 64 203 198 25 26 131 115 110 233 234
1 3600 599
9
249 67 68 176 99 96 126 173 113
1 3600 599
7
249 17 20 68 174 165 166
1 3600 599
9
249 17 7 2 78 174 109 106 160
1 3600 332
8
55 47 43 35 29 30 238 244
1 3600 599
8
197 55 47 50 150 227 211 123
1 3600 599
10
23 24 240 147 142 77 74 102 93 85
1 3600 599
10
133 129 97 98 177 69 21 18 87 82
1 3600 63
4
225 63 53 47
1 3600 76
4
133 130 27 24
1 3600 260
7
207 204 213 15 12 77 74
1 3600 599
12
47 48 199 202 65 57 9 10 3 6 16 248
1 3600 82
3
53 54 194
1 3600 77
4
54 196 207 204
1 3600 77
4
216 232 111 114
1 3600 77
3
209 207 27
1 3600 181
7
61 53 23 26 204 213 177
1 3600 599
7
209 207 204 213 177 69 70
1 3600 71
4
155 152 214 228
1 3600 181
4
207 131 115 112
1 3600 599
8
225 155 133 129 97 94 165 162
1 3600 599
8
155 133 129 97 94 109 106 160
1 3600 460
9
218 201 145 148 210 41 44 221 139
1 3600 544
8
130 27 22 47 43 35 29 30
1 3600 599
7
218 201 145 142 189 185 81
1 3600 599
8
24 240 227 211 191 185 81 82
1 3600 157
4
218 201 198 49
1 3600 41
4
124 218 201 145
1 3600 88
10
127 97 94 175 79 73 74 102 93 88
1 3600 599
11
24 199 202 65 57 9 10 3 6 16 248
1 3600 22
4
205 206 208 224
1 3600 124
4
26 204 125 126
1 3600 24
3
129 124 213
1 3600 599
5
204 213 177 69 70
1 3600 176
5
26 131 115 110 246
1 3600 239
4
129 97 94 165
1 3600 599
5
97 94 109 106 160
1 3600 599
10
95 98 15 12 189 190 123 120 178 31
1 3600 599
7
175 79 11 12 189 117 120
1 3600 599
8
98 15 10 3 4 74 104 186
1 3600 599
6
177 69 66 91 85 82
1 3600 499
8
95 96 128 130 27 22 47 43
1 3600 80
4
79 11 12 143
1 3600 37
4
98 15 10 3
1 3600 599
3
21 16 248
1 3600 171
6
96 128 130 206 197 55
1 3600 27
5
108 175 176 212 205
1 3600 95
3
108 175 69
1 3600 67
4
98 177 69 70
1 3600 544
8
95 96 126 173 113 110 233 234
1 3600 187
7
68 176 212 125 126 173 170
1 3600 103
3
174 165 166
1 3600 544
5
68 174 165 159 156
1 3600 599
15
158 164 95 96 124 218 201 198 240 227 41 44 221 139 136
1 3600 599
9
71 21 18 87 80 184 117 118 237
1 3600 599
9
158 164 175 79 73 74 102 93 85
1 3600 599
9
107 108 175 79 3 6 18 87 82
1 3600 599
11
71 66 91 92 103 75 76 143 146 151 51
1 3600 460
7
71 21 18 103 75 76 143
1 3600 136
7
158 164 175 79 73 74 102
1 3600 599
6
107 108 175 69 66 248
1 3600 599
8
71 68 176 212 125 128 132 152
1 3600 374
4
71 68 176 212
1 3600 37
3
158 164 175
1 3600 460
5
107 108 175 69 70
1 3600 599
9
158 164 95 96 126 173 113 110 246
1 3600 599
8
71 68 176 212 125 126 173 170
1 3600 374
5
71 68 174 165 166
1 3600 428
6
71 68 174 109 106 156
1 3600 599
8
193 55 47 43 35 38 237 238
1 3600 599
12
111 112 172 127 124 218 201 145 148 123 120 182
1 3600 599
15
235 217 153 154 63 53 47 50 150 147 142 77 74 104 186
1 3600 599
13
232 111 114 130 27 24 240 227 211 191 185 81 82
1 3600 599
9
235 229 215 153 154 63 53 47 50
1 3600 499
9
235 232 111 112 172 127 124 218 201
1 3600 599
16
235 217 153 154 209 207 27 24 199 202 65 57 9 10 3 6
1 3600 599
12
111 112 172 127 124 213 15 10 3 6 16 248
1 3600 51
7
233 229 215 153 154 63 60
1 3600 146
4
232 111 112 172
1 3600 399
5
111 114 129 97 98
1 3600 599
8
217 153 133 129 97 94 165 159
1 3600 206
9
247 233 229 215 153 154 209 197 192
1 3600 57
7
193 196 207 131 115 112 168
1 3600 599
6
111 112 172 127 97 100
1 3600 599
10
193 196 207 204 213 99 94 109 106 160
1 3600 599
9
171 113 114 130 27 24 49 43 35
1 3600 599
9
172 127 124 218 201 145 148 123 118
1 3600 599
12
169 172 127 124 218 201 145 142 77 74 104 186
1 3600 599
11
114 130 27 24 240 147 148 191 185 81 82
1 3600 599
8
171 113 114 130 206 197 55 47
1 3600 460
8
171 172 127 124 218 201 202 65
1 3600 544
8
169 172 127 97 98 177 79 3
1 3600 599
14
114 130 27 24 199 202 65 57 9 10 3 6 16 248
1 3600 117
3
113 114 132
1 3600 73
3
114 130 27
1 3600 133
7
171 172 127 124 213 177 69
1 3600 599
8
169 172 127 97 98 177 69 70
1 3600 52
5
171 113 110 233 234
1 3600 72
7
171 172 127 97 94 165 162
1 3600 599
7
172 127 97 94 109 106 160
1 3600 599
13
164 95 98 15 12 189 190 210 41 44 221 139 136
1 3600 599
9
163 164 95 98 15 12 189 117 120
1 3600 599
8
167 164 175 79 73 74 104 186
1 3600 599
10
101 98 15 12 77 74 102 93 85 82
1 3600 599
10
164 175 79 11 8 56 64 203 198 49
1 3600 599
8
167 164 95 98 15 12 143 146
1 3600 499
5
164 175 79 73 74
1 3600 599
6
167 164 175 69 66 248
1 3600 428
5
164 95 96 128 132
1 3600 171
6
163 164 95 96 124 205
1 3600 65
3
167 164 95
1 3600 428
4
164 175 69 70
1 3600 499
8
163 164 95 96 128 115 110 246
1 3600 66
6
163 164 95 96 128 115
1 3600 332
3
101 94 165
1 3600 193
3
163 159 160
1 3600 599
16
161 107 108 175 79 3 4 76 189 190 123 118 39 29 32 139
1 3600 599
11
161 107 108 95 98 15 12 189 117 120 178
1 3600 599
9
161 107 108 175 79 73 74 104 186
1 3600 599
11
161 107 108 175 79 3 4 74 102 87 82
1 3600 599
11
161 107 108 95 98 212 205 206 208 63 58
1 3600 599
12
161 107 108 175 176 15 8 56 64 203 145 148
1 3600 599
8
157 158 164 175 79 73 74 104
1 3600 599
8
161 107 108 175 69 21 16 248
1 3600 599
9
161 158 164 95 96 128 132 154 63
1 3600 599
7
161 107 108 95 98 212 205
1 3600 221
5
161 158 164 95 98
1 3600 299
6
157 107 108 175 69 70
1 3600 599
9
161 158 164 95 96 126 173 113 110
1 3600 599
8
161 107 108 95 96 126 173 170
1 3600 119
5
161 158 164 95 100
