248
1 3600 221
3
371 365 215
1 3600 68
4
216 306 613 301
1 3600 68
3
296 372 225
1 3600 236
7
292 364 223 220 318 383 375
1 3600 354
12
292 311 309 306 618 609 595 535 536 545 542 554
1 3600 39
29
371 367 313 309 306 613 610 605 603 601 473 470 17 18 212 481 343 338 398 171 168 163 160 157 158 332 336 127 124
1 3600 76
21
225 220 318 383 375 378 532 584 475 470 17 18 212 481 343 340 455 441 437 438 460
1 3600 354
15
299 292 311 312 317 318 383 384 566 572 561 558 275 276 280
1 3600 354
24
371 365 215 216 306 618 615 605 603 601 473 470 17 20 32 621 267 268 291 255 250 229 226 403
1 3600 354
27
216 306 613 301 302 603 601 473 470 17 18 212 211 208 443 444 450 447 448 415 353 354 329 325 141 136 143
1 3600 354
20
296 372 225 220 318 383 384 505 500 550 558 622 626 9 4 49 52 89 86 83
1 3600 354
17
371 367 317 318 383 384 566 572 561 558 275 39 44 230 239 234 241
1 3600 354
21
216 306 618 615 605 603 601 473 470 17 18 212 211 47 50 235 232 256 403 400 494
1 3600 96
7
617 611 612 307 217 214 293
1 3600 96
5
308 310 364 223 224
1 3600 86
5
316 313 309 306 613
1 3600 104
7
581 576 533 379 374 382 525
1 3600 104
6
369 317 318 383 375 378
1 3600 104
4
602 604 614 609
1 3600 104
14
607 603 601 597 598 593 589 531 528 381 374 384 505 506
1 3600 104
12
306 613 301 302 603 601 597 579 576 582 531 391
1 3600 354
11
302 603 601 473 470 17 20 32 621 267 264
1 3600 75
27
309 306 618 615 605 603 601 473 470 17 18 212 211 35 25 26 419 271 179 176 199 187 188 406 351 348 512
1 3600 111
19
223 220 318 383 384 566 547 550 558 622 626 269 266 479 429 426 183 184 272
1 3600 111
15
306 613 610 605 603 601 473 470 17 18 212 481 343 340 455
1 3600 111
14
318 383 375 380 529 530 588 592 475 470 17 18 212 211
1 3600 111
12
605 603 601 473 470 17 18 212 481 343 340 431
1 3600 111
19
367 317 318 383 384 566 572 561 558 622 279 280 282 284 259 49 46 208 443
1 3600 76
15
317 318 383 384 505 500 550 558 275 39 44 230 239 236 286
1 3600 354
13
607 603 601 473 470 17 20 32 621 267 268 627 623
1 3600 354
17
470 17 18 212 481 343 338 396 465 171 166 411 165 160 325 322 486
1 3600 273
21
318 383 384 566 572 561 558 275 276 280 229 226 257 57 60 66 91 85 86 83 78
1 3600 354
10
473 470 17 18 212 481 347 53 50 59
1 3600 354
18
607 603 601 473 470 17 18 212 211 47 48 260 237 238 231 226 403 400
1 3600 354
21
577 580 473 470 17 20 32 621 479 476 629 427 95 96 458 109 112 116 122 482 484
1 3600 185
16
546 567 385 375 376 386 395 390 530 583 577 578 596 600 602 303
1 3600 185
9
531 391 394 387 377 374 382 319 314
1 3600 185
8
573 567 385 375 378 532 584 599
1 3600 185
12
524 383 375 380 395 392 534 591 592 599 596 600
1 3600 185
8
501 504 385 382 319 221 222 365
1 3600 185
8
503 504 385 382 319 316 366 365
1 3600 185
11
588 592 475 470 17 18 212 211 35 13 10
1 3600 185
9
503 504 385 375 378 532 584 475 470
1 3600 187
6
394 381 374 384 505 500
1 3600 187
8
589 583 533 379 374 384 566 572
1 3600 187
5
533 379 374 382 564
1 3600 199
16
574 537 393 394 387 377 374 384 566 572 561 558 622 626 269 264
1 3600 199
7
375 376 386 395 392 536 545
1 3600 199
11
507 504 385 375 380 395 392 536 545 542 556
1 3600 199
12
560 573 567 385 375 376 386 395 392 536 545 540
1 3600 253
26
565 383 384 505 500 550 558 622 626 9 2 259 49 46 208 452 207 204 437 438 460 409 406 351 348 512
1 3600 154
11
390 530 588 592 475 470 17 20 32 621 479
1 3600 154
19
537 534 587 583 577 580 473 470 17 18 212 481 343 340 431 37 25 26 631
1 3600 154
14
537 534 591 592 475 470 17 18 212 481 343 340 455 441
1 3600 192
12
565 383 384 566 572 561 558 275 39 44 230 490
1 3600 192
16
578 596 473 470 17 20 32 621 267 268 291 255 250 229 230 490
1 3600 192
15
574 537 393 394 381 374 384 566 547 550 558 275 276 280 251
1 3600 192
13
580 473 470 17 18 212 211 47 48 258 285 253 254
1 3600 192
14
394 387 377 374 384 566 572 561 558 622 279 280 251 252
1 3600 192
12
592 475 470 17 20 32 621 267 268 291 255 250
1 3600 192
9
572 549 550 558 622 626 269 266 620
1 3600 154
9
571 569 505 500 550 558 275 39 42
1 3600 354
32
565 383 375 378 532 577 578 596 473 470 17 18 212 211 208 452 207 202 193 194 447 448 415 353 354 155 148 466 123 126 337 334
1 3600 322
15
565 383 375 378 532 584 475 470 17 18 212 481 343 344 89
1 3600 322
17
532 577 580 473 470 17 18 212 481 343 338 249 247 243 65 61 56
1 3600 354
8
561 558 275 39 44 226 403 400
1 3600 354
34
557 543 544 537 534 587 588 592 599 596 473 470 17 20 32 621 479 429 426 630 419 416 444 450 447 448 415 412 111 112 116 122 482 484
1 3600 322
11
543 544 537 534 594 608 619 307 308 312 368
1 3600 89
7
555 543 544 537 393 390 530
1 3600 89
6
555 543 544 537 393 394
1 3600 89
8
553 543 544 537 534 587 583 577
1 3600 273
17
539 544 537 393 394 529 526 532 584 475 470 17 20 32 621 267 262
1 3600 354
19
263 266 479 429 95 98 175 176 199 187 188 404 411 351 348 151 148 468 483
1 3600 322
10
263 268 9 4 260 237 234 51 46 210
1 3600 110
16
539 544 537 393 394 381 374 384 566 572 561 558 622 279 280 282
1 3600 96
13
544 537 393 394 387 377 374 384 505 500 550 558 624
1 3600 354
22
539 544 537 534 591 592 475 470 17 18 212 481 343 338 398 171 168 163 160 325 141 135
1 3600 354
25
541 544 537 534 587 583 577 578 596 473 470 17 18 212 211 35 25 22 443 433 193 196 438 460 173
1 3600 354
19
543 544 537 534 591 592 599 596 473 470 17 18 212 481 347 89 84 90 71
1 3600 354
10
263 268 291 255 250 229 226 403 400 492
1 3600 118
29
513 349 350 407 408 461 439 436 440 454 341 342 480 213 19 16 471 472 600 602 303 300 612 307 217 214 364 370 372
1 3600 118
22
355 352 414 449 446 451 445 442 209 210 213 19 16 471 472 600 602 604 614 619 307 217
1 3600 80
23
413 414 449 177 174 99 94 428 478 620 33 21 16 471 472 600 602 604 611 612 307 308 312
1 3600 253
15
97 98 175 178 270 418 27 24 34 210 213 19 16 471 474
1 3600 354
18
126 337 333 159 156 161 162 169 170 399 339 344 53 48 5 8 269 264
1 3600 71
4
336 127 122 482
1 3600 128
13
513 349 350 410 405 189 186 198 446 451 273 185 182
1 3600 128
7
108 459 97 94 426 628 477
1 3600 128
24
295 292 311 309 306 613 301 302 603 601 473 470 17 18 212 481 343 340 455 441 437 438 460 409
1 3600 128
8
161 164 407 408 461 439 197 194
1 3600 128
9
154 355 352 414 449 446 195 192 432
1 3600 128
8
113 110 413 414 191 186 200 460
1 3600 128
12
333 159 156 161 162 462 79 82 87 88 345 340
1 3600 128
13
349 350 410 167 170 464 397 339 342 480 213 19 20
1 3600 187
16
97 98 175 178 272 445 442 209 47 48 258 3 6 283 251 254
1 3600 354
22
125 122 467 149 150 349 350 410 167 170 399 249 247 243 240 235 238 231 45 38 274 624
1 3600 132
3
325 141 135
1 3600 132
4
325 322 423 420
1 3600 132
7
334 321 141 138 326 424 521
1 3600 132
8
483 123 126 337 334 321 141 135
1 3600 75
4
152 156 161 162
1 3600 354
16
337 333 159 156 161 162 462 73 76 82 87 84 90 67 61 58
1 3600 354
23
117 113 110 413 414 191 186 200 439 436 205 206 453 23 24 34 47 50 59 56 256 403 400
1 3600 131
23
270 418 27 24 36 430 341 342 480 213 19 16 471 472 600 602 303 300 612 307 308 310 293
1 3600 166
14
618 615 605 603 601 473 470 17 18 212 211 35 13 10
1 3600 166
17
192 203 206 457 454 341 342 480 213 19 16 471 472 600 602 604 611
1 3600 166
18
189 186 198 177 178 185 182 427 428 478 620 33 21 16 471 472 600 602
1 3600 166
16
414 449 446 451 445 442 209 210 213 19 16 471 472 600 602 606
1 3600 166
24
196 434 399 249 247 243 240 235 238 231 228 281 277 274 559 551 548 573 567 385 382 319 221 222
1 3600 166
23
186 200 439 436 440 454 341 344 53 48 5 8 627 623 559 560 573 567 385 382 319 316 366
1 3600 171
20
434 464 81 82 87 84 90 71 63 61 56 256 227 45 38 274 559 551 501 502
1 3600 171
17
270 418 631 628 477 478 620 33 21 16 471 474 585 533 527 528 387
1 3600 171
11
209 47 48 258 285 283 281 278 623 559 560
1 3600 354
21
451 273 185 182 628 15 12 34 210 213 19 16 471 474 593 590 535 536 545 542 552
1 3600 167
10
481 343 338 396 75 72 463 163 160 157
1 3600 167
14
340 455 441 437 438 201 187 190 415 353 354 155 148 468
1 3600 167
10
13 14 629 183 184 179 176 448 415 412
1 3600 167
8
406 165 160 157 158 332 336 127
1 3600 167
9
99 96 458 109 106 115 116 126 337
1 3600 167
3
351 354 329
1 3600 167
13
207 204 437 438 201 187 190 415 353 348 151 148 466
1 3600 167
7
176 199 187 188 406 351 354
1 3600 167
7
187 190 415 412 111 106 120
1 3600 140
3
341 342 480
1 3600 140
7
414 449 446 195 192 203 206
1 3600 140
13
14 629 630 419 416 444 450 447 199 200 460 409 404
1 3600 172
10
449 177 174 99 94 428 478 620 33 28
1 3600 172
15
618 609 595 591 589 531 526 379 374 384 566 572 561 558 622
1 3600 172
9
408 461 439 436 440 456 453 209 47
1 3600 172
7
178 270 418 27 24 34 47
1 3600 172
5
428 478 620 33 28
1 3600 172
14
186 200 439 436 440 454 341 342 347 53 48 5 6 253
1 3600 172
6
211 47 50 235 238 488
1 3600 172
8
454 341 344 53 50 235 238 488
1 3600 172
9
272 445 442 209 47 48 258 285 283
1 3600 354
8
211 47 50 235 238 231 45 42
1 3600 148
16
629 630 419 416 433 193 196 434 171 166 411 165 160 325 322 486
1 3600 148
3
188 406 165
1 3600 156
12
21 18 212 481 347 89 86 83 77 72 357 360
1 3600 156
6
341 338 396 81 82 102
1 3600 156
5
200 460 173 168 462
1 3600 156
9
98 175 178 272 450 195 196 434 464
1 3600 156
11
414 191 188 404 167 170 464 75 76 82 102
1 3600 156
3
343 338 396
1 3600 90
4
47 50 59 54
1 3600 354
12
434 399 249 247 244 67 61 56 256 403 400 494
1 3600 354
19
52 346 480 213 19 16 471 472 600 602 604 614 619 307 217 214 293 296 372
1 3600 82
10
251 254 290 269 266 620 33 21 16 471
1 3600 103
10
8 627 623 559 560 573 567 385 382 525
1 3600 103
12
251 252 7 4 49 46 210 213 19 16 471 474
1 3600 103
10
52 346 480 213 19 16 471 472 597 598
1 3600 103
6
250 281 277 274 559 560
1 3600 177
12
31 21 16 471 474 593 589 586 535 536 545 542
1 3600 187
20
284 259 260 237 234 241 242 246 248 398 171 166 411 351 348 151 152 158 330 468
1 3600 97
8
489 239 234 51 46 208 443 433
1 3600 97
5
261 49 46 35 25
1 3600 97
14
627 623 559 551 501 504 385 375 380 529 530 586 594 608
1 3600 97
16
2 259 260 237 232 57 60 62 70 91 85 86 83 80 465 435
1 3600 97
9
4 49 46 35 25 26 419 271 179
1 3600 97
10
230 239 234 51 46 208 23 26 631 427
1 3600 74
7
254 290 269 266 620 33 28
1 3600 96
5
231 228 281 277 274
1 3600 96
4
250 229 45 42
1 3600 322
21
253 250 229 226 257 57 60 64 242 246 93 85 86 83 78 463 163 160 325 322 486
1 3600 76
11
31 21 18 212 481 347 89 86 83 77 72
1 3600 81
5
229 226 257 57 54
1 3600 81
3
491 239 234
1 3600 354
5
232 256 403 400 494
1 3600 354
13
43 38 274 559 551 546 567 385 382 319 221 224 498
1 3600 354
12
43 44 228 251 254 290 269 266 620 33 21 16
1 3600 96
11
559 560 573 567 385 375 376 386 529 530 588
1 3600 101
13
625 559 551 501 504 385 375 380 395 392 536 545 542
1 3600 354
21
41 44 230 239 234 241 242 246 248 398 435 197 194 447 177 174 99 96 458 109 112
1 3600 197
8
625 622 626 269 266 479 429 95
1 3600 63
7
280 282 7 2 259 260 288
1 3600 63
6
44 228 251 252 284 3
1 3600 236
4
39 44 226 403
1 3600 354
12
402 257 57 60 66 91 85 86 83 78 357 358
1 3600 354
10
41 44 230 239 234 241 69 70 91 85
1 3600 148
6
43 44 226 257 57 54
1 3600 187
9
625 275 276 280 229 226 403 400 496
1 3600 354
11
421 327 139 140 320 335 336 127 122 482 484
1 3600 354
20
133 134 140 324 328 355 350 410 167 170 399 339 342 480 213 19 16 471 472 597
1 3600 354
23
142 137 140 324 161 162 462 79 82 87 84 92 247 243 240 235 236 261 5 8 627 623 559
1 3600 354
27
518 487 323 324 161 164 410 167 170 464 397 339 342 480 213 19 16 471 472 581 576 582 588 590 535 536 545
1 3600 150
6
142 144 139 140 324 157
1 3600 150
11
134 140 320 335 336 127 117 114 107 108 459
1 3600 150
8
520 425 422 323 324 157 158 330
1 3600 150
7
134 140 320 335 336 127 117
1 3600 150
4
131 134 140 324
1 3600 116
17
140 324 328 355 350 407 408 461 439 436 205 202 432 417 418 631 628
1 3600 116
6
487 323 324 328 355 352
1 3600 296
16
515 359 356 73 76 82 87 84 90 71 63 61 56 233 236 261
1 3600 354
18
425 422 323 324 161 162 169 170 399 249 247 243 240 235 238 231 45 42
1 3600 90
4
141 138 145 146
1 3600 148
8
142 137 140 324 161 162 462 73
1 3600 148
13
511 335 333 159 153 150 349 350 410 167 170 464 75
1 3600 148
15
144 139 140 324 161 164 407 408 461 439 436 440 454 341 344
1 3600 148
10
487 323 324 328 355 350 410 167 170 464
1 3600 148
5
515 359 356 463 169
1 3600 148
11
142 137 140 324 161 162 462 79 82 87 84
1 3600 296
8
359 356 79 82 87 84 90 67
1 3600 354
24
422 323 320 335 336 127 117 113 108 459 97 94 428 476 15 12 34 47 50 59 56 256 403 400
1 3600 354
20
363 356 73 74 397 339 342 480 213 19 16 471 472 600 602 303 300 612 307 217
1 3600 273
17
397 339 342 480 213 19 16 471 472 600 602 604 614 619 307 308 310
1 3600 296
16
435 197 192 432 417 418 631 628 477 478 267 268 627 623 559 560
1 3600 354
13
82 87 88 345 340 431 37 13 14 477 478 267 264
1 3600 72
12
356 463 169 172 409 189 190 415 412 111 106 118
1 3600 87
12
346 480 213 19 16 471 472 600 602 303 300 612
1 3600 87
9
363 356 73 76 82 87 88 346 480
1 3600 87
6
74 465 435 438 201 198
1 3600 87
12
169 172 461 439 436 205 206 453 23 24 36 430
1 3600 75
8
88 345 342 480 213 19 20 30
1 3600 354
12
82 87 84 90 71 63 61 56 256 227 228 281
1 3600 78
13
103 83 77 72 463 163 160 325 141 136 143 129 132
1 3600 78
11
86 83 80 465 171 166 411 351 354 329 325
1 3600 78
17
345 340 455 456 207 202 193 194 447 448 415 353 354 329 325 322 423
1 3600 79
7
361 356 79 82 87 84 92
1 3600 96
5
90 67 61 56 256
1 3600 96
9
363 356 73 74 397 249 247 243 240
1 3600 96
4
53 50 241 69
1 3600 354
14
169 170 399 249 247 244 71 63 61 56 256 403 400 494
1 3600 354
19
105 55 58 235 238 231 45 38 274 559 560 573 567 385 382 319 221 224 498
1 3600 354
9
62 68 240 51 46 210 213 19 16
1 3600 253
6
227 45 38 274 559 551
1 3600 354
17
245 246 248 339 342 480 213 19 16 471 474 593 590 535 536 545 540
1 3600 322
13
257 233 234 51 46 208 443 444 450 447 448 415 412
1 3600 63
5
66 245 246 248 339
1 3600 68
5
55 58 235 238 490
1 3600 68
4
56 233 238 488
1 3600 187
10
58 235 236 261 258 3 6 283 281 277
1 3600 253
10
241 242 246 93 85 86 83 78 357 358
1 3600 81
4
62 70 91 85
1 3600 81
10
257 57 60 64 242 246 248 398 171 168
1 3600 81
8
105 55 60 66 91 85 86 102
1 3600 122
4
63 61 56 256
1 3600 118
7
63 61 56 256 403 400 492
1 3600 354
24
495 401 402 227 228 282 7 4 49 46 35 13 14 629 427 95 96 458 109 112 116 122 482 484
1 3600 354
17
497 401 402 227 228 251 254 290 269 266 620 33 21 16 471 472 600
1 3600 354
12
497 401 402 227 228 281 278 623 559 560 573 567
1 3600 354
10
497 401 402 227 228 251 254 290 269 262
1 3600 354
22
495 401 402 257 57 60 62 68 242 246 248 398 171 166 411 351 348 151 148 466 123 124
1 3600 354
8
495 401 402 257 233 234 51 46
1 3600 154
6
495 401 402 227 228 282
1 3600 126
6
497 401 402 227 45 40
1 3600 354
20
497 401 402 257 57 60 62 70 245 246 248 398 171 168 163 160 325 141 138 326
1 3600 354
13
497 401 402 257 57 60 66 91 85 86 83 77 72
1 3600 63
6
493 401 402 257 57 54
