353
1 3600 303
3
316 356 752
1 3600 303
5
278 381 376 616 483
1 3600 303
8
414 473 474 478 480 525 528 738
1 3600 342
7
472 415 411 279 280 418 424
1 3600 342
5
617 377 380 408 57
1 3600 342
6
487 488 490 500 672 647
1 3600 342
6
44 376 101 104 707 493
1 3600 342
8
467 468 472 379 45 46 453 450
1 3600 342
10
791 527 521 465 460 731 732 105 102 277
1 3600 342
7
46 453 423 59 60 426 434
1 3600 342
6
476 101 102 670 675 672
1 3600 342
5
411 279 280 418 422
1 3600 342
8
521 522 373 374 495 492 671 623
1 3600 342
7
485 488 492 671 277 274 423
1 3600 342
8
524 481 482 617 377 380 408 810
1 3600 342
11
468 474 478 463 464 520 526 787 599 602 497
1 3600 210
23
376 616 730 461 464 522 560 367 364 3 4 352 725 718 73 74 536 251 248 516 712 213 216
1 3600 737
12
411 408 57 60 426 432 438 709 710 681 205 202
1 3600 737
21
279 280 418 424 426 432 436 444 448 574 620 800 665 137 138 261 109 112 233 228 236
1 3600 354
8
616 730 461 458 525 526 787 367
1 3600 354
6
315 316 354 529 521 522
1 3600 354
6
468 474 478 480 525 526
1 3600 354
12
463 464 520 528 399 396 39 40 777 287 284 343
1 3600 354
8
396 25 26 777 287 284 343 344
1 3600 299
18
474 476 101 104 707 493 494 601 349 7 8 246 725 722 243 238 715 15
1 3600 299
10
521 522 560 599 349 350 352 725 720 533
1 3600 299
11
459 460 485 371 374 677 499 500 672 505 506
1 3600 335
19
379 45 46 453 275 272 429 426 430 646 749 511 508 249 63 64 362 31 28
1 3600 737
21
376 616 730 461 464 520 526 787 367 368 39 36 76 649 650 777 715 699 221 218 551
1 3600 737
22
524 459 460 731 732 707 675 672 749 337 334 717 193 190 581 582 609 604 612 693 631 636
1 3600 737
16
522 560 367 368 25 22 780 587 584 650 777 287 284 343 269 266
1 3600 737
24
46 421 416 57 60 426 434 454 643 640 746 511 512 537 255 252 532 297 292 666 714 287 284 782
1 3600 737
19
474 478 463 464 487 371 374 601 349 350 352 725 718 531 534 303 304 87 92
1 3600 737
23
521 487 488 490 500 672 505 502 508 516 712 213 214 197 198 701 704 805 661 662 149 150 808
1 3600 737
27
379 45 42 280 418 424 426 432 440 792 85 80 695 619 620 729 611 606 628 686 659 97 94 157 158 764 770
1 3600 154
4
103 100 377 380
1 3600 154
9
275 276 670 493 489 486 520 528 355
1 3600 154
8
422 450 596 622 670 706 733 730
1 3600 154
11
409 381 376 616 483 480 525 528 355 317 314
1 3600 154
12
281 43 44 376 616 730 461 458 525 528 399 400
1 3600 154
13
501 496 603 349 7 2 365 368 397 398 355 317 320
1 3600 106
7
417 420 453 275 276 670 493
1 3600 152
12
429 426 434 456 639 644 329 326 193 187 182 330
1 3600 152
4
60 426 432 440
1 3600 152
18
494 601 349 7 8 246 725 722 243 240 293 298 289 21 18 62 248 516
1 3600 152
11
488 492 675 672 749 747 323 326 193 190 333
1 3600 152
8
418 424 426 434 454 709 710 681
1 3600 152
6
71 68 251 248 516 189
1 3600 238
23
707 675 672 505 71 66 74 255 17 20 290 755 361 362 543 538 49 52 615 605 610 726 653
1 3600 737
25
494 601 349 350 352 725 720 297 294 309 304 341 35 32 544 548 788 803 625 628 657 654 137 134 258
1 3600 160
16
424 426 430 646 505 71 66 72 719 722 243 238 287 284 343 346
1 3600 138
11
498 678 603 349 7 2 79 76 649 650 777
1 3600 138
5
675 672 505 506 531
1 3600 138
8
58 422 275 276 670 493 494 601
1 3600 98
9
639 640 323 324 334 515 249 63 19
1 3600 434
12
596 429 426 432 436 446 685 581 557 558 590 614
1 3600 737
23
57 60 426 430 639 644 329 326 193 188 712 213 214 197 194 572 779 703 704 805 661 662 774
1 3600 737
17
670 493 494 601 349 7 8 244 587 584 650 777 287 284 343 269 266
1 3600 737
11
371 372 560 367 368 39 40 777 287 284 782
1 3600 737
14
493 494 601 598 367 368 25 26 777 715 15 12 93 90
1 3600 737
17
457 454 709 685 333 330 582 595 590 612 693 659 662 149 154 784 808
1 3600 737
26
811 57 60 426 432 436 444 448 574 201 202 726 653 129 130 734 750 757 311 312 227 222 175 168 763 764
1 3600 210
23
570 713 517 249 63 19 20 288 299 296 721 724 589 586 781 77 37 38 397 398 355 356 752
1 3600 183
11
795 443 446 685 191 192 716 335 336 748 673
1 3600 183
3
748 673 674
1 3600 183
6
322 746 748 673 501 491
1 3600 183
16
570 713 517 509 512 537 75 72 719 724 353 351 348 600 375 370
1 3600 183
5
708 455 435 427 428
1 3600 183
5
439 433 427 428 273
1 3600 183
6
447 437 433 427 428 622
1 3600 196
5
685 191 192 327 324
1 3600 196
4
331 183 186 188
1 3600 190
4
216 558 594 609
1 3600 190
6
193 190 684 710 577 574
1 3600 190
11
439 440 792 85 80 695 619 201 206 609 604
1 3600 190
11
326 193 187 182 330 582 207 200 620 800 665
1 3600 190
5
792 85 80 799 796
1 3600 190
3
557 558 590
1 3600 190
4
582 207 202 728
1 3600 295
21
184 570 213 214 387 390 538 49 50 788 661 658 687 688 743 133 115 118 107 108 260
1 3600 527
14
192 716 515 249 63 19 20 288 299 292 666 714 776 41
1 3600 199
9
713 517 509 503 504 673 501 498 676
1 3600 199
9
186 192 716 515 249 250 537 255 252
1 3600 173
6
515 516 712 213 214 518
1 3600 173
7
570 213 214 518 541 542 683
1 3600 173
8
711 685 191 188 517 249 63 19
1 3600 173
7
515 516 712 213 214 197 198
1 3600 125
5
554 572 701 704 53
1 3600 434
9
554 572 779 703 704 805 661 97 98
1 3600 737
16
570 713 517 249 63 64 307 308 669 241 238 287 284 343 269 266
1 3600 737
13
214 387 390 542 683 341 338 219 220 698 714 287 282
1 3600 737
8
515 249 63 64 307 304 87 92
1 3600 737
16
581 582 609 606 628 688 768 757 635 636 157 160 165 166 784 808
1 3600 737
13
216 558 590 612 693 631 634 209 210 227 181 176 564
1 3600 737
13
621 618 694 81 84 793 441 433 427 425 419 420 47
1 3600 230
13
608 583 580 191 192 327 328 645 638 431 427 425 422
1 3600 155
8
608 583 331 332 191 192 327 328
1 3600 155
5
575 449 445 437 438
1 3600 155
8
559 217 212 713 517 514 335 325
1 3600 155
7
605 610 203 204 680 711 708
1 3600 155
11
624 802 804 705 700 199 196 215 212 571 185
1 3600 155
13
136 655 656 629 624 613 591 592 702 778 573 555 556
1 3600 113
3
578 205 206
1 3600 145
5
657 654 137 140 145
1 3600 145
8
605 606 626 806 665 117 118 256
1 3600 145
8
813 695 619 620 800 807 653 129
1 3600 145
8
619 620 800 665 117 120 126 772
1 3600 737
18
614 53 48 33 34 340 305 302 535 530 719 724 247 244 781 23 24 369
1 3600 351
14
624 802 789 549 546 265 29 30 363 307 308 295 296 721
1 3600 101
10
206 595 559 217 212 713 517 249 63 19
1 3600 118
3
609 604 612
1 3600 118
6
592 704 805 661 662 149
1 3600 129
16
619 201 202 726 627 628 688 768 757 311 312 227 181 176 562 568
1 3600 737
20
576 711 708 643 640 746 511 512 69 66 72 719 722 243 238 287 284 343 269 266
1 3600 737
20
797 697 619 620 729 611 604 614 53 48 33 34 338 219 220 13 14 714 287 282
1 3600 737
8
627 624 802 789 549 546 550 219
1 3600 737
9
136 655 656 686 659 662 149 150 808
1 3600 737
11
590 612 693 631 636 759 227 222 175 168 766
1 3600 737
25
737 131 132 742 689 686 659 660 789 51 48 539 542 683 87 92 698 714 776 27 24 397 398 355 358
1 3600 737
17
751 735 125 121 116 664 801 621 575 449 445 437 433 427 61 58 422
1 3600 245
16
237 229 232 113 106 119 114 128 652 727 203 200 618 694 81 84
1 3600 319
5
110 123 124 131 128
1 3600 319
11
237 234 406 127 124 734 741 742 689 629 607
1 3600 319
8
256 135 136 664 801 621 618 694
1 3600 319
5
131 132 742 689 629
1 3600 319
7
116 664 801 621 618 696 796
1 3600 319
6
111 108 260 139 136 664
1 3600 319
4
119 114 128 656
1 3600 319
14
403 231 232 147 144 141 136 655 652 727 203 200 618 694
1 3600 319
6
773 761 737 734 750 769
1 3600 319
10
230 123 121 116 664 801 621 618 696 796
1 3600 163
3
230 402 404
1 3600 737
28
114 132 740 750 757 635 632 99 96 660 804 53 48 33 30 363 360 754 291 288 535 530 719 724 353 5 2 365
1 3600 737
20
124 734 741 742 689 686 692 613 591 592 702 389 386 215 212 713 517 509 503 506
1 3600 388
14
773 761 737 131 128 652 627 607 608 595 592 700 199 196
1 3600 295
14
405 406 127 124 734 750 757 635 636 157 160 153 154 784
1 3600 295
7
139 136 655 656 686 659 662
1 3600 263
13
232 113 106 119 114 132 740 750 757 209 210 227 181
1 3600 263
5
737 734 750 757 311
1 3600 263
15
106 119 114 132 740 750 757 209 210 227 222 175 170 178 382
1 3600 263
7
737 734 750 757 635 636 157
1 3600 737
25
147 142 301 141 136 664 807 627 624 802 789 549 546 265 262 219 220 13 14 714 287 284 343 269 266
1 3600 737
23
230 111 108 259 135 136 655 652 727 611 604 614 53 48 33 34 340 305 308 669 241 238 287
1 3600 737
14
142 139 136 655 656 686 692 802 789 549 546 550 219 220
1 3600 737
9
757 635 636 157 158 163 166 784 808
1 3600 737
14
259 135 136 655 656 686 659 662 149 152 165 162 764 770
1 3600 112
15
271 268 342 285 286 776 651 648 77 37 38 369 366 786 790
1 3600 112
3
366 561 523
1 3600 129
10
527 521 465 462 482 732 105 102 623 429
1 3600 409
15
599 602 679 499 500 672 749 337 334 717 193 190 684 447 442
1 3600 737
23
364 79 76 780 587 588 725 720 533 534 303 306 362 31 28 264 547 548 788 803 625 628 688
1 3600 737
21
342 285 286 715 699 93 86 682 31 32 49 52 615 605 606 626 653 654 137 138 143
1 3600 194
11
787 367 368 39 40 777 287 284 343 269 270
1 3600 122
8
36 76 780 245 246 725 718 531
1 3600 122
4
787 599 602 690
1 3600 122
4
38 25 26 777
1 3600 122
5
22 77 78 3 4
1 3600 245
11
599 349 350 352 725 720 297 298 289 290 755
1 3600 737
20
271 268 342 285 286 715 15 12 221 218 263 264 547 548 788 661 662 149 154 167
1 3600 737
21
787 367 364 79 76 649 650 777 239 240 668 309 306 362 543 538 49 52 805 661 97
1 3600 737
3
345 269 266
1 3600 737
3
342 285 282
1 3600 737
9
560 367 368 39 40 777 715 699 221
1 3600 737
22
599 349 350 352 725 722 243 240 668 309 304 341 35 32 49 50 788 661 662 149 150 808
1 3600 737
26
561 373 374 677 499 500 672 505 502 508 516 712 213 214 197 198 701 704 805 661 97 94 157 158 764 770
1 3600 202
6
648 23 24 397 398 355
1 3600 202
6
348 598 786 527 528 738
1 3600 238
8
603 600 495 492 671 277 274 423
1 3600 238
15
585 586 245 9 6 348 600 495 492 671 623 597 451 452 421
1 3600 238
10
353 351 348 600 495 492 671 277 272 429
1 3600 238
7
75 67 70 504 673 674 706
1 3600 238
5
691 497 500 672 505
1 3600 199
7
67 68 251 248 516 712 213
1 3600 199
15
667 293 296 533 253 254 536 513 510 747 641 642 709 710 681
1 3600 368
19
7 8 246 725 718 73 74 255 17 20 290 755 361 362 543 391 388 703 593
1 3600 737
18
17 18 62 248 514 717 193 190 684 710 681 205 202 726 806 665 137 134
1 3600 234
3
77 78 365
1 3600 234
5
648 23 24 369 366
1 3600 234
5
777 287 284 343 269
1 3600 234
8
723 724 247 9 6 348 598 561
1 3600 234
8
297 292 666 714 287 284 343 346
1 3600 234
8
252 532 721 724 353 351 348 598
1 3600 199
7
3 4 352 725 718 507 71
1 3600 199
8
667 293 298 289 21 16 254 75
1 3600 240
6
66 72 531 534 303 304
1 3600 240
10
253 254 536 513 508 516 712 213 214 387
1 3600 240
4
715 15 12 93
1 3600 240
10
745 297 294 309 306 362 543 540 519 197
1 3600 240
7
246 725 718 73 67 68 251
1 3600 240
8
601 349 350 352 725 720 297 294
1 3600 240
7
533 534 303 304 682 543 391
1 3600 240
10
76 649 650 777 715 699 221 218 339 35
1 3600 240
4
255 17 18 62
1 3600 240
10
584 650 777 715 15 12 93 86 682 31
1 3600 263
12
74 255 17 20 290 755 361 362 31 32 49 52
1 3600 737
23
507 502 510 337 334 717 193 187 182 330 582 609 606 628 688 768 757 311 312 227 181 176 562
1 3600 737
12
5 8 244 587 584 650 777 287 284 343 269 266
1 3600 320
3
12 221 218
1 3600 737
21
780 587 588 725 722 243 240 668 309 304 341 338 551 547 548 788 661 662 149 150 808
1 3600 737
20
777 715 699 221 218 263 264 547 548 788 661 97 94 759 227 222 175 168 567 564
1 3600 335
16
542 363 65 62 250 69 70 504 673 501 491 489 486 520 528 355
1 3600 207
10
291 21 16 254 536 513 510 748 673 674
1 3600 207
14
539 540 519 215 212 571 185 186 192 327 322 641 642 455
1 3600 176
7
340 682 543 391 386 215 212
1 3600 176
5
195 196 215 212 571
1 3600 176
9
305 306 65 62 248 516 189 190 333
1 3600 176
9
55 52 705 593 594 583 580 191 192
1 3600 106
10
11 12 93 86 341 35 32 49 52 615
1 3600 461
9
593 594 207 202 728 800 665 137 140
1 3600 320
15
195 196 518 541 542 683 87 92 698 714 287 284 343 269 270
1 3600 195
10
291 288 535 530 719 724 589 586 781 77
1 3600 195
8
390 542 363 307 308 669 241 238
1 3600 195
17
702 778 573 555 556 331 183 186 192 716 335 336 748 673 501 496 603
1 3600 195
7
305 302 299 296 721 724 247
1 3600 195
3
666 714 776
1 3600 195
9
195 196 215 212 713 517 509 512 69
1 3600 195
8
19 16 252 532 721 724 247 9
1 3600 195
12
199 196 215 212 713 517 509 503 506 719 724 353
1 3600 189
5
19 20 288 299 292
1 3600 189
4
29 32 49 54
1 3600 184
10
541 538 544 548 788 661 662 149 154 784
1 3600 184
11
198 779 703 593 590 612 693 659 662 149 150
1 3600 184
3
388 703 704
1 3600 184
8
306 362 543 538 49 52 805 803
1 3600 184
9
341 338 551 547 548 788 661 662 149
1 3600 184
12
62 248 516 712 213 216 558 590 612 693 659 662
1 3600 254
9
572 701 704 805 803 693 631 634 311
1 3600 737
12
754 291 288 299 292 241 238 287 284 343 269 266
1 3600 737
9
33 34 340 87 92 13 14 714 287
1 3600 139
8
572 779 389 390 542 683 87 90
1 3600 737
14
197 198 701 704 805 661 97 94 157 158 163 166 784 808
1 3600 737
17
11 12 221 218 263 264 547 548 788 803 693 631 636 157 158 764 770
1 3600 737
20
553 265 29 30 363 65 62 250 513 510 747 641 638 431 427 61 56 417 281 43
1 3600 409
14
658 687 629 607 610 203 204 680 711 708 455 435 427 425
1 3600 110
11
553 547 545 539 540 519 197 194 555 556 331
1 3600 110
5
788 803 625 628 688
1 3600 110
12
547 545 49 52 615 591 594 207 200 618 696 796
1 3600 157
10
788 803 625 626 653 129 130 736 760 772
1 3600 737
14
155 148 663 660 789 549 546 550 219 220 698 714 776 41
1 3600 230
10
51 48 33 30 363 307 302 535 530 719
1 3600 106
7
553 265 262 339 340 305 302
1 3600 106
6
547 545 539 391 388 778
1 3600 106
10
692 613 614 53 48 33 34 340 87 88
1 3600 106
5
51 52 705 700 573
1 3600 139
3
788 803 693
1 3600 103
8
149 152 165 162 762 169 174 223
1 3600 103
11
625 628 688 768 757 209 210 227 181 176 566
1 3600 103
7
785 167 162 762 567 562 568
1 3600 737
12
546 550 219 220 13 14 714 287 284 343 269 266
1 3600 737
24
151 148 663 658 692 613 591 559 217 212 713 517 249 250 537 75 72 719 722 243 238 287 284 782
1 3600 351
5
789 549 546 265 262
1 3600 737
6
659 662 149 154 784 808
1 3600 737
5
785 167 162 762 766
1 3600 737
32
177 180 226 758 637 630 687 629 607 608 583 331 332 191 192 327 328 645 638 646 673 501 498 676 375 372 523 520 528 355 356 752
1 3600 737
21
174 223 226 313 310 756 769 689 657 652 727 728 621 575 449 83 84 793 441 433 427
1 3600 368
19
179 180 226 758 95 96 660 804 705 700 199 196 215 212 713 517 514 335 336
1 3600 241
10
173 168 763 159 156 637 630 692 613 591
1 3600 241
11
569 563 177 180 226 211 208 756 769 689 629
1 3600 281
15
563 566 169 174 223 226 313 310 756 751 735 736 760 407 235
1 3600 281
5
310 756 751 741 133
1 3600 281
9
775 663 658 687 657 654 137 138 143
1 3600 281
9
180 226 211 208 756 751 735 125 121
1 3600 737
18
156 95 96 660 804 53 48 539 542 683 87 92 698 714 776 27 24 369
1 3600 737
23
563 566 763 159 156 637 630 687 629 607 608 583 580 191 192 327 322 746 748 673 501 496 690
1 3600 223
13
96 660 804 705 702 389 386 215 212 713 517 249 63
1 3600 311
10
563 566 763 163 164 153 148 663 658 692
1 3600 311
7
393 383 179 171 168 763 163
1 3600 311
8
385 179 176 566 763 159 160 153
1 3600 311
4
156 637 630 692
1 3600 311
6
156 95 96 660 804 53
1 3600 311
3
99 96 660
1 3600 311
9
169 174 223 226 758 95 96 660 789
1 3600 311
7
163 164 153 148 663 660 804
1 3600 311
6
225 226 758 95 96 660
1 3600 278
4
159 156 637 632
1 3600 278
4
225 226 758 95
1 3600 737
28
310 756 751 741 133 128 652 727 203 204 680 711 708 643 640 746 511 503 506 719 722 243 238 287 284 343 269 266
1 3600 737
28
179 180 226 211 208 756 769 689 629 607 608 583 331 183 186 188 517 249 63 19 20 288 299 292 666 714 287 282
1 3600 737
7
96 660 789 549 546 550 219
1 3600 737
5
763 163 166 784 808
1 3600 527
6
312 227 222 175 168 766
1 3600 737
20
267 268 342 285 286 776 651 585 586 245 9 6 348 600 375 370 484 731 617 377
1 3600 737
13
267 268 342 285 286 239 242 723 718 507 504 673 501
1 3600 737
17
267 268 342 285 286 239 242 723 718 73 67 70 504 647 457 454 709
1 3600 737
18
267 268 342 285 286 239 242 723 718 507 504 647 639 642 439 436 444 448
1 3600 737
28
267 268 342 285 286 715 667 293 298 289 21 18 62 248 516 189 190 684 710 577 574 620 800 665 117 118 107 112
1 3600 320
7
267 268 342 285 286 776 27
1 3600 461
12
267 268 342 285 286 776 41 38 369 366 561 373
1 3600 737
18
267 268 342 285 286 239 240 293 298 289 21 18 62 248 516 712 213 214
1 3600 737
27
267 268 342 285 286 239 242 723 720 533 253 254 536 513 510 747 323 326 193 187 182 330 582 609 606 628 686
1 3600 737
23
267 268 342 285 286 715 699 93 86 341 35 32 49 52 805 661 97 94 759 227 181 176 566
1 3600 737
5
267 268 342 285 282
1 3600 737
9
267 268 342 285 286 715 699 221 218
1 3600 737
27
267 268 342 285 286 239 242 723 718 73 67 70 502 508 516 712 213 216 558 590 612 693 659 662 149 150 808
1 3600 737
39
267 268 342 285 286 715 667 293 298 289 21 18 62 248 514 717 193 190 684 447 444 448 574 620 729 726 653 129 132 740 750 757 209 210 227 222 175 168 766
1 3600 737
18
283 286 776 651 648 77 78 365 366 786 527 524 459 460 731 617 377 45
1 3600 737
11
783 285 286 239 242 723 718 507 504 647 431
1 3600 737
17
283 286 239 242 723 718 531 253 254 536 513 510 747 641 642 439 440
1 3600 737
19
283 286 715 667 293 298 289 21 18 62 248 514 717 193 190 684 710 681 579
1 3600 737
25
283 286 239 242 723 718 73 67 68 513 510 337 325 326 193 187 182 330 582 609 606 628 688 743 740
1 3600 409
4
286 776 41 38
1 3600 115
3
283 286 239
1 3600 245
6
783 285 286 715 667 668
1 3600 737
16
283 286 715 15 12 93 86 682 543 538 49 50 788 661 662 149
1 3600 737
17
783 285 286 715 699 93 86 682 31 32 544 548 788 661 97 94 157
1 3600 737
5
283 284 343 269 266
1 3600 199
7
283 286 715 15 12 221 218
1 3600 737
20
783 285 286 239 240 668 309 306 362 543 538 49 52 805 661 662 149 154 784 808
1 3600 737
24
286 715 667 293 298 289 21 18 62 248 516 712 213 216 558 590 612 693 631 636 157 158 764 770
1 3600 737
15
91 86 305 308 295 296 721 724 353 351 348 600 375 372 523
1 3600 737
21
91 86 305 306 360 754 291 21 16 254 536 69 70 504 647 457 435 427 61 56 810
1 3600 670
8
91 86 682 363 65 62 248 516
1 3600 737
10
218 339 35 32 49 52 615 605 606 628
1 3600 737
17
93 86 682 543 391 388 703 593 594 207 202 726 653 129 115 120 122
1 3600 737
5
13 14 714 776 27
1 3600 171
7
339 340 305 308 295 296 744
1 3600 74
8
339 340 682 543 540 519 197 198
1 3600 217
7
221 218 551 547 548 788 803
1 3600 737
14
221 218 263 264 547 548 788 661 97 94 759 227 181 176
1 3600 737
8
220 698 714 287 284 343 269 266
1 3600 320
6
219 220 13 14 714 287
1 3600 567
3
93 90 218
1 3600 737
10
218 551 547 548 788 661 662 149 150 808
1 3600 737
15
91 86 341 35 32 49 52 615 612 693 631 636 157 158 764
1 3600 737
22
809 151 148 663 658 687 657 652 806 801 621 575 449 445 437 433 427 425 419 416 409 410
1 3600 737
19
809 785 155 148 663 658 692 613 591 559 556 331 332 684 708 455 435 427 61
1 3600 737
13
809 151 148 663 658 692 613 591 559 556 580 191 192
1 3600 737
9
809 785 155 148 663 658 687 629 626
1 3600 737
14
809 151 152 161 156 637 634 756 751 735 125 122 111 108
1 3600 737
21
809 785 155 148 663 660 804 53 48 33 30 363 307 308 669 241 238 287 284 343 344
1 3600 737
17
809 151 148 663 660 804 705 702 778 199 196 215 212 713 517 509 512
1 3600 567
10
809 785 155 148 663 660 804 705 702 389
1 3600 335
9
809 151 148 663 660 789 549 546 552
1 3600 737
6
809 785 167 162 762 567
1 3600 737
21
809 785 155 148 663 660 789 51 48 539 542 683 87 92 698 714 287 284 343 269 266
1 3600 737
36
809 785 167 164 161 156 637 634 756 751 741 133 115 116 664 801 621 575 449 83 84 793 441 438 455 456 646 505 71 66 72 719 722 243 238 287
1 3600 461
11
809 151 148 663 660 789 549 546 265 262 219
1 3600 737
6
809 785 167 162 762 766
1 3600 737
28
565 177 171 174 223 226 211 208 756 751 735 131 128 652 727 203 204 680 711 447 437 433 427 428 622 103 104 733
1 3600 737
15
765 159 156 637 630 692 625 607 610 203 204 680 711 708 455
1 3600 737
18
767 169 170 180 226 313 310 756 751 741 133 115 116 664 801 621 575 578
1 3600 737
15
565 177 171 174 223 226 211 208 756 769 689 629 626 727 728
1 3600 737
9
765 159 156 637 634 756 751 735 125
1 3600 737
31
565 177 180 226 313 310 756 769 689 629 607 608 583 331 183 186 192 716 335 336 748 673 501 498 678 603 349 7 2 365 368
1 3600 737
24
771 765 159 156 637 630 692 613 591 559 217 212 713 517 249 250 537 255 252 532 721 724 353 5
1 3600 737
17
765 159 156 95 98 633 630 692 613 591 559 217 212 713 517 249 63
1 3600 368
9
771 765 163 164 153 148 663 660 789
1 3600 167
4
765 762 169 170
1 3600 737
32
565 177 180 226 211 208 756 769 689 629 607 608 583 331 332 191 192 327 324 336 511 503 506 719 722 243 238 287 284 343 269 266
1 3600 737
23
767 169 174 223 226 758 95 96 660 804 53 48 33 30 363 307 308 669 666 714 287 284 782
1 3600 737
17
767 169 174 223 226 313 310 635 630 692 613 614 53 48 33 34 338
1 3600 737
5
765 163 166 784 808
1 3600 737
3
767 763 764
