166
1 3600 358
3
451 446 504
1 3600 119
9
501 281 278 221 222 209 204 383 273
1 3600 119
8
448 3 4 385 382 205 199 202
1 3600 609
10
503 447 444 281 278 508 483 375 378 249
1 3600 169
5
491 395 398 463 464
1 3600 169
5
3 8 23 20 507
1 3600 190
10
395 398 131 132 507 403 406 415 418 428
1 3600 609
13
451 448 3 4 13 14 267 268 421 347 177 161 164
1 3600 609
11
3 8 135 125 126 386 55 45 46 73 61
1 3600 609
15
491 395 398 463 458 435 393 295 292 55 52 75 70 369 370
1 3600 609
17
505 501 281 278 221 218 283 284 173 168 376 261 251 229 230 327 324
1 3600 385
8
284 209 206 338 384 5 2 490
1 3600 385
6
172 223 220 279 280 500
1 3600 385
7
239 211 214 220 279 280 445
1 3600 385
11
457 452 494 175 170 272 384 19 22 9 2
1 3600 385
18
195 192 266 291 288 372 424 419 414 407 402 506 133 130 399 394 449 446
1 3600 348
6
456 221 215 210 242 510
1 3600 348
8
240 255 252 219 220 279 276 454
1 3600 384
6
455 452 475 471 309 306
1 3600 384
4
173 168 374 479
1 3600 384
5
278 508 483 480 498
1 3600 384
9
212 254 201 198 204 383 273 270 380
1 3600 384
10
243 240 255 256 284 173 168 378 484 488
1 3600 384
5
276 452 475 476 496
1 3600 329
13
201 202 367 195 190 265 266 15 12 19 20 133 130
1 3600 329
27
278 221 222 209 206 338 273 274 349 345 313 153 148 229 230 420 409 95 81 76 85 88 57 43 33 34 62
1 3600 380
10
256 284 209 206 336 383 384 13 16 415
1 3600 380
13
310 358 510 367 195 192 266 291 288 372 422 29 24
1 3600 380
18
204 337 338 273 274 349 345 340 360 265 266 430 355 352 356 372 422 29
1 3600 380
25
278 508 483 480 489 145 121 118 137 140 182 105 102 226 321 322 324 95 81 82 287 288 372 424 428
1 3600 380
3
274 197 190
1 3600 380
4
195 196 349 263
1 3600 290
10
273 270 380 117 118 137 140 181 161 164
1 3600 609
17
240 201 198 204 383 384 19 20 507 403 400 185 63 64 51 45 48
1 3600 609
16
455 452 494 483 375 376 261 251 229 230 420 269 266 291 286 352
1 3600 609
12
336 365 195 192 268 409 95 92 100 188 297 302
1 3600 609
8
499 481 482 509 279 280 500 504
1 3600 384
5
379 169 174 495 453
1 3600 384
12
304 489 485 249 244 381 271 272 339 336 365 366
1 3600 384
8
377 169 172 285 257 254 241 242
1 3600 384
7
144 488 305 308 470 474 492
1 3600 384
6
379 374 482 509 457 454
1 3600 384
5
379 169 172 285 282
1 3600 384
10
307 304 489 145 142 244 381 271 272 339
1 3600 264
3
247 244 381
1 3600 609
28
307 304 489 145 121 118 137 138 157 107 102 226 346 327 324 95 81 78 413 411 371 368 71 72 47 44 54 387
1 3600 348
9
261 262 345 340 360 265 266 291 288
1 3600 348
15
307 304 489 145 121 118 137 140 182 179 176 346 420 269 266
1 3600 415
5
121 118 137 140 182
1 3600 415
10
487 485 249 143 121 118 137 140 181 161
1 3600 415
13
308 470 478 375 376 261 251 155 107 104 179 161 164
1 3600 609
13
470 474 494 175 170 272 384 19 20 507 403 404 329
1 3600 609
10
271 274 197 190 265 266 430 91 92 96
1 3600 609
10
487 485 249 244 381 261 251 229 230 327
1 3600 338
13
36 53 54 293 294 392 434 459 462 399 394 449 444
1 3600 338
3
5 2 449
1 3600 338
10
30 468 443 401 402 123 124 134 9 2
1 3600 338
17
469 27 28 423 373 289 290 267 193 194 364 337 207 208 223 220 279
1 3600 338
10
398 131 132 21 18 385 273 171 174 495
1 3600 609
18
397 398 131 134 23 18 13 10 290 267 264 361 147 150 139 136 119 120
1 3600 312
3
122 403 404
1 3600 312
9
397 398 131 125 126 386 55 50 65
1 3600 367
8
131 132 507 403 400 442 417 25
1 3600 367
8
122 403 406 17 14 267 264 191
1 3600 367
15
465 458 435 393 295 292 55 52 39 40 467 27 24 414 17
1 3600 367
16
185 63 35 32 42 56 89 84 77 80 94 325 326 231 228 250
1 3600 367
14
400 442 417 418 425 373 357 353 83 80 94 408 421 231
1 3600 367
10
442 469 466 433 423 373 289 290 267 264
1 3600 367
10
129 122 506 21 18 13 10 290 267 268
1 3600 367
6
397 394 3 4 13 10
1 3600 367
12
458 435 393 295 235 232 55 52 39 40 433 29
1 3600 609
6
4 385 273 270 380 117
1 3600 343
7
187 63 35 32 42 58 111
1 3600 343
6
135 125 126 386 55 45
1 3600 343
13
397 398 131 132 507 403 406 415 25 28 69 66 57
1 3600 343
5
129 126 390 295 235
1 3600 217
9
389 386 55 45 46 73 61 56 89
1 3600 609
18
132 507 403 400 442 469 466 41 38 75 70 369 370 99 100 188 297 300
1 3600 264
10
419 416 443 401 402 506 21 22 9 2
1 3600 270
8
149 152 312 344 348 197 194 366
1 3600 270
13
146 341 344 348 275 272 382 205 208 285 282 253 213
1 3600 270
10
17 12 385 339 207 199 200 241 238 310
1 3600 270
6
348 197 194 366 511 243
1 3600 217
21
418 425 373 357 113 77 80 94 325 323 320 227 103 106 158 141 136 119 116 245 248
1 3600 296
6
7 8 135 130 463 464
1 3600 296
9
351 348 275 272 384 5 2 395 396
1 3600 296
9
340 360 265 266 291 11 16 407 404
1 3600 296
8
429 419 416 443 401 402 506 133
1 3600 296
19
150 157 107 102 226 321 319 316 95 81 76 85 88 57 60 74 53 54 387
1 3600 296
9
266 291 288 372 422 432 467 31 34
1 3600 296
5
414 407 402 123 128
1 3600 283
6
289 290 267 264 361 147
1 3600 283
3
229 230 420
1 3600 300
14
429 425 373 357 353 354 91 94 317 318 320 177 161 164
1 3600 300
14
429 425 373 289 290 267 268 421 231 225 103 104 183 141
1 3600 300
12
429 425 373 289 290 267 268 421 347 227 103 106
1 3600 300
3
268 421 347
1 3600 196
20
153 148 229 230 327 324 95 81 76 114 411 371 368 59 60 72 47 44 54 233
1 3600 264
7
345 340 360 265 266 291 286
1 3600 264
14
343 313 153 150 157 107 102 226 321 322 324 95 81 78
1 3600 264
10
345 340 360 265 266 430 355 83 80 92
1 3600 320
10
422 69 66 89 86 370 99 100 188 297
1 3600 609
8
259 260 377 374 482 509 279 280
1 3600 217
9
259 260 377 169 172 285 257 213 216
1 3600 248
8
180 141 136 119 120 142 248 379
1 3600 248
7
183 141 136 119 120 144 485
1 3600 507
21
163 160 176 346 420 269 266 291 288 372 422 432 41 38 53 54 293 294 392 434 459
1 3600 267
8
163 160 178 183 159 156 151 152
1 3600 267
4
151 146 341 342
1 3600 267
6
138 151 152 312 344 350
1 3600 267
4
160 180 159 154
1 3600 267
6
118 137 138 151 146 360
1 3600 380
5
137 140 182 105 102
1 3600 609
14
165 160 176 321 322 324 95 81 76 85 88 67 68 432
1 3600 290
11
140 182 105 102 224 230 420 409 95 92 96
1 3600 184
12
167 160 176 321 319 316 95 92 100 188 297 298
1 3600 609
16
57 60 72 47 44 54 293 294 391 127 124 130 399 394 449 446
1 3600 609
10
369 87 84 112 353 354 431 267 193 194
1 3600 609
18
369 370 410 412 79 80 94 325 326 231 228 250 260 380 245 248 484 488
1 3600 519
3
37 30 468
1 3600 519
8
53 54 293 294 392 434 459 460
1 3600 519
6
232 55 52 39 40 467
1 3600 519
7
439 393 295 292 55 52 37
1 3600 519
5
294 391 127 124 134
1 3600 519
3
53 54 387
1 3600 493
9
66 89 84 77 80 94 325 326 231
1 3600 493
4
39 40 433 423
1 3600 493
15
292 55 45 46 73 61 56 89 84 77 80 94 408 421 231
1 3600 609
17
435 393 391 127 124 134 23 18 385 273 274 349 263 258 137 140 181
1 3600 468
3
292 55 52
1 3600 468
8
55 45 46 73 61 58 111 108
1 3600 479
9
237 232 55 52 75 61 56 89 84
1 3600 479
9
65 35 36 39 42 58 369 370 99
1 3600 479
10
433 423 373 357 113 114 411 99 100 188
1 3600 479
9
295 292 55 45 46 73 61 56 89
1 3600 479
12
459 462 131 134 23 18 13 14 291 286 354 440
1 3600 479
5
52 75 61 56 89
1 3600 479
11
295 292 55 50 328 405 406 17 14 430 91
1 3600 609
8
68 423 373 357 353 83 80 94
1 3600 609
13
370 410 412 79 80 90 431 15 12 5 2 449 444
1 3600 609
11
90 355 287 290 267 193 196 275 171 174 495
1 3600 609
11
441 431 267 264 191 196 275 270 380 245 143
1 3600 184
11
189 101 93 81 82 287 11 12 19 22 135
1 3600 286
7
441 355 352 356 372 424 419
1 3600 286
7
423 373 289 290 267 193 196
1 3600 286
3
112 356 289
1 3600 286
10
189 101 98 410 115 112 356 372 424 426
1 3600 320
10
84 77 80 94 325 323 320 177 161 162
1 3600 264
15
78 413 411 371 368 71 72 47 44 54 233 234 294 392 438
1 3600 264
11
85 88 57 60 74 53 54 293 294 392 438
1 3600 264
14
287 11 16 415 25 26 31 34 64 51 54 387 390 392
1 3600 264
5
411 371 368 59 60
1 3600 253
4
441 355 83 78
1 3600 213
5
92 100 188 297 298
1 3600 213
5
91 92 100 188 297
1 3600 609
13
303 296 189 101 93 90 431 15 12 5 2 449 450
1 3600 609
10
408 269 264 191 194 366 511 243 211 216
1 3600 609
11
315 318 320 227 103 106 156 139 136 119 120
1 3600 609
13
315 316 408 269 266 15 12 19 20 133 130 463 464
1 3600 210
9
316 95 81 76 85 88 67 68 29
1 3600 164
4
318 320 177 161
1 3600 609
8
303 296 189 101 98 371 368 111
1 3600 257
6
315 316 95 81 78 413
1 3600 257
7
322 324 95 81 76 114 411
1 3600 257
6
303 296 189 101 98 410
1 3600 468
7
301 296 189 101 93 94 325
