464
1 3600 158
3
462 257 254
1 3600 27
4
253 256 141 144
1 3600 166
9
253 256 463 457 355 352 363 358 450
1 3600 397
14
255 258 588 385 375 372 365 368 370 444 710 687 682 99
1 3600 397
14
463 383 179 182 251 246 291 292 639 640 655 656 675 676
1 3600 42
4
383 179 184 396
1 3600 83
5
457 377 378 477 393
1 3600 305
18
253 258 479 465 468 480 397 395 391 389 386 289 11 8 12 68 447 444
1 3600 397
23
253 258 479 465 181 184 299 295 241 242 312 412 405 406 83 84 88 606 5 2 611 65 66
1 3600 397
17
141 142 449 359 360 631 628 717 718 599 596 671 672 659 656 675 680
1 3600 284
6
258 479 465 468 435 432
1 3600 397
12
253 258 479 465 468 435 436 496 287 284 306 399
1 3600 397
17
463 383 375 378 461 245 248 389 315 316 491 345 348 487 482 147 148
1 3600 397
19
253 258 479 465 468 480 495 301 283 281 278 57 60 343 233 228 488 127 130
1 3600 397
21
256 463 457 355 352 363 360 711 445 446 69 13 14 22 74 746 609 89 86 114 132
1 3600 397
11
383 179 184 299 300 492 591 503 159 160 200
1 3600 397
13
258 479 465 468 435 436 498 502 303 304 271 267 263
1 3600 397
17
255 258 588 385 179 182 393 297 277 215 59 60 400 423 426 531 527
1 3600 397
24
255 256 141 142 459 377 372 365 311 291 288 409 410 341 233 230 431 325 322 328 514 37 38 574
1 3600 397
22
255 258 479 465 181 184 299 283 284 304 509 506 261 167 153 156 523 223 220 520 547 541
1 3600 32
3
456 462 257
1 3600 102
3
354 458 143
1 3600 34
6
455 145 142 449 359 360
1 3600 34
5
352 363 356 95 92
1 3600 142
10
367 368 370 442 660 708 727 725 635 636
1 3600 397
23
145 142 459 355 350 380 245 246 291 11 6 665 55 50 62 41 46 31 26 675 676 737 732
1 3600 78
7
142 459 377 378 477 393 394
1 3600 34
5
459 377 378 477 393
1 3600 83
6
142 459 355 350 365 368
1 3600 166
16
142 449 359 356 101 102 633 634 715 699 696 617 618 646 653 654
1 3600 397
16
142 449 359 360 711 707 661 471 474 615 618 646 653 656 27 28
1 3600 331
15
455 145 142 459 377 372 380 245 248 390 297 277 278 307 304
1 3600 284
9
352 367 311 308 315 243 219 59 60
1 3600 331
7
367 311 308 386 409 412 347
1 3600 397
11
367 311 308 315 312 412 405 406 83 80 136
1 3600 397
16
367 368 370 446 69 13 14 24 623 620 5 2 611 612 651 648
1 3600 397
15
455 145 140 257 258 479 465 468 435 436 498 207 165 160 202
1 3600 397
18
142 459 377 378 477 393 297 277 278 399 400 423 426 529 239 236 157 154
1 3600 397
16
142 459 355 350 380 245 248 389 315 316 491 341 233 230 431 428
1 3600 397
20
377 378 477 251 246 291 288 409 410 345 348 83 78 560 105 110 571 572 39 36
1 3600 397
22
352 363 360 687 684 722 726 717 699 693 645 643 53 48 607 89 86 112 559 556 21 16
1 3600 234
6
451 448 143 140 257 252
1 3600 41
4
362 353 354 458
1 3600 41
3
448 143 144
1 3600 64
3
683 686 361
1 3600 43
3
722 663 633
1 3600 43
10
601 95 96 662 725 715 718 599 594 702
1 3600 43
3
684 722 725
1 3600 284
17
686 631 628 709 661 471 472 701 695 667 672 659 656 675 676 737 738
1 3600 220
11
359 362 353 350 380 245 250 183 184 396 481
1 3600 62
4
601 357 362 367
1 3600 33
5
359 360 711 445 446
1 3600 43
8
711 445 442 471 472 617 618 643
1 3600 284
12
359 356 101 102 633 636 728 691 659 656 675 680
1 3600 397
15
686 711 445 446 69 13 9 10 288 409 313 316 217 214 280
1 3600 305
5
362 367 311 308 315
1 3600 220
17
601 95 96 662 726 717 699 693 645 643 53 48 607 89 85 82 407
1 3600 331
19
601 101 102 633 634 715 718 599 596 671 668 653 654 67 62 500 117 87 90
1 3600 397
15
360 631 628 709 661 471 474 615 618 643 640 67 62 41 42
1 3600 397
19
630 711 445 371 369 364 380 245 248 390 297 294 283 284 304 271 267 177 172
1 3600 397
18
451 359 362 367 311 308 315 243 219 59 60 400 505 506 261 167 153 154
1 3600 397
22
601 95 96 633 636 537 534 691 659 654 67 64 612 117 112 559 555 513 439 440 329 330
1 3600 397
21
627 628 709 661 563 566 71 13 14 22 74 746 609 89 90 126 137 138 560 105 110
1 3600 397
17
360 711 445 446 69 13 9 6 665 55 50 64 612 117 112 559 556
1 3600 397
16
703 704 671 666 694 700 473 470 443 371 369 364 373 374 382 462
1 3600 172
14
599 596 671 668 647 643 638 293 290 247 244 460 379 376
1 3600 58
5
598 719 716 629 626
1 3600 58
4
632 103 98 683
1 3600 58
4
663 97 94 600
1 3600 58
6
703 595 598 719 716 629
1 3600 59
3
599 594 702
1 3600 31
13
102 662 726 717 699 693 667 668 653 656 675 676 737
1 3600 397
14
691 673 666 645 643 638 7 10 290 247 250 183 180 466
1 3600 198
7
709 706 445 371 369 364 380
1 3600 70
12
96 662 726 709 661 563 564 69 13 9 10 288
1 3600 39
8
532 704 671 666 692 696 617 614
1 3600 39
5
704 671 666 694 700
1 3600 84
8
633 636 728 691 659 656 675 678
1 3600 397
13
723 685 686 361 362 353 350 373 374 179 184 396 495
1 3600 397
13
709 661 563 566 71 13 9 10 288 387 388 390 297
1 3600 284
16
96 662 725 715 699 696 617 618 643 53 48 607 89 85 82 487
1 3600 265
12
726 717 699 693 645 643 53 48 607 89 90 126
1 3600 397
9
636 537 534 691 659 654 67 62 41
1 3600 397
20
100 357 362 353 350 380 460 477 393 394 299 283 284 304 271 267 177 174 192 189
1 3600 397
18
98 683 686 711 445 446 69 13 9 6 293 288 409 410 341 342 400 423
1 3600 397
19
702 691 659 654 67 62 500 651 135 119 124 559 555 550 511 439 321 318 527
1 3600 397
12
704 671 668 647 643 53 50 64 612 117 112 559
1 3600 397
17
102 633 634 715 699 696 617 618 643 53 48 607 89 90 130 559 556
1 3600 397
30
739 736 677 674 27 30 47 44 135 119 124 131 126 489 483 486 349 344 490 217 218 240 294 298 185 178 384 589 259 256
1 3600 397
21
743 739 736 677 674 657 652 647 619 616 697 698 714 724 723 627 630 361 358 448 143
1 3600 180
11
736 677 674 657 658 690 729 637 632 97 94
1 3600 41
12
735 736 677 674 657 652 669 670 597 598 719 714
1 3600 41
10
677 674 657 658 690 535 536 637 632 103
1 3600 198
3
733 738 744
1 3600 397
22
677 674 27 30 47 44 135 115 87 85 80 138 149 146 229 232 342 398 307 285 282 298
1 3600 397
18
745 739 736 677 674 27 30 47 40 63 51 54 664 293 290 247 244 381
1 3600 331
14
733 736 677 674 657 654 641 642 619 614 475 470 660 706
1 3600 61
8
743 739 736 677 674 657 652 712
1 3600 57
4
733 736 677 678
1 3600 397
23
739 736 677 674 27 30 47 44 135 119 124 131 126 489 483 484 227 230 431 421 424 273 270
1 3600 397
25
735 736 677 674 27 30 47 44 650 117 112 559 545 546 521 221 222 522 237 238 528 427 422 401 61
1 3600 397
16
745 739 736 677 674 27 30 47 40 500 117 87 85 82 407 404
1 3600 397
14
739 736 677 674 657 654 67 64 610 3 4 621 624 746
1 3600 397
8
735 736 677 674 27 32 580 47
1 3600 397
24
736 677 674 27 30 47 44 135 115 112 559 555 552 415 418 517 329 326 524 265 262 268 582 163
1 3600 397
20
677 674 27 30 47 40 500 117 87 85 78 560 569 511 429 325 322 330 332 235
1 3600 397
19
735 736 677 674 27 30 47 44 135 119 124 559 555 552 209 212 515 441 321
1 3600 397
15
739 736 677 674 657 654 67 64 612 117 112 559 545 546 548
1 3600 397
15
733 736 677 674 27 30 47 44 135 119 124 559 545 541 542
1 3600 56
3
384 589 259
1 3600 90
3
385 375 376
1 3600 220
10
385 375 372 365 368 370 444 710 687 682
1 3600 397
12
182 251 246 291 292 639 642 644 667 670 705 702
1 3600 397
28
479 465 468 435 436 498 159 162 275 272 425 420 428 512 554 558 125 118 134 45 46 31 26 675 676 737 738 744
1 3600 68
4
481 469 464 478
1 3600 45
6
385 179 184 395 391 389
1 3600 45
5
480 397 395 392 476
1 3600 45
6
495 301 295 296 392 476
1 3600 142
14
435 432 492 287 281 215 216 317 314 386 289 11 8 14
1 3600 305
10
385 375 378 461 245 246 291 292 639 640
1 3600 397
33
495 492 591 503 207 165 162 583 584 586 191 175 169 166 264 525 526 319 320 438 510 551 554 558 113 114 134 45 46 31 26 675 678
1 3600 26
6
385 179 184 299 300 433
1 3600 61
6
184 299 295 241 219 216
1 3600 189
16
467 468 435 436 498 207 204 509 504 401 343 233 226 485 486 83
1 3600 397
13
385 179 182 251 246 291 292 665 623 620 5 2 611
1 3600 397
15
395 297 241 242 312 412 405 406 487 482 488 127 130 125 120
1 3600 265
10
465 468 435 436 498 159 162 583 269 177
1 3600 331
11
465 468 480 495 492 591 303 304 271 272 261
1 3600 397
15
479 465 181 184 299 283 284 306 399 400 423 426 529 239 234
1 3600 397
13
299 283 281 215 216 491 345 348 487 482 147 148 560
1 3600 397
27
467 468 435 436 498 207 165 162 583 584 586 197 195 151 152 170 234 333 331 328 516 419 414 549 547 541 538
1 3600 116
8
388 249 250 183 180 464 478 259
1 3600 40
4
476 461 381 351
1 3600 62
8
381 365 368 370 444 710 687 682
1 3600 198
12
386 289 11 8 12 70 567 562 660 708 717 718
1 3600 397
11
291 11 6 639 640 655 656 675 676 737 734
1 3600 31
3
460 477 183
1 3600 31
6
381 373 374 384 589 479
1 3600 61
3
388 249 250
1 3600 33
3
365 311 291
1 3600 33
3
372 365 368
1 3600 84
11
315 312 412 405 406 83 84 88 606 5 2
1 3600 397
15
389 386 409 410 341 233 228 488 127 91 86 116 501 41 46
1 3600 54
4
297 277 280 286
1 3600 28
5
477 393 297 277 278
1 3600 57
8
248 389 315 316 491 341 233 226
1 3600 220
12
297 241 242 312 412 347 348 487 482 488 127 128
1 3600 397
14
297 277 278 57 60 343 233 226 485 486 83 84 86 114
1 3600 331
10
477 393 394 396 495 492 497 498 159 160
1 3600 265
13
308 315 243 219 59 60 400 423 426 529 239 171 153
1 3600 265
12
297 277 278 399 400 423 426 531 527 327 330 225
1 3600 397
17
378 461 245 248 389 386 409 410 341 233 230 431 325 320 440 514 37
1 3600 397
16
378 477 393 297 241 219 59 60 400 423 420 428 512 554 556 604
1 3600 397
10
447 371 369 364 351 354 456 462 257 254
1 3600 92
11
403 404 413 408 387 309 310 366 353 354 458
1 3600 31
8
11 8 12 68 447 444 710 687
1 3600 64
5
68 565 562 660 708
1 3600 397
12
14 24 55 50 66 655 656 675 676 737 738 744
1 3600 142
7
387 388 390 394 185 178 384
1 3600 30
3
369 311 247
1 3600 30
3
369 364 380
1 3600 75
3
15 9 10
1 3600 32
6
565 562 471 474 615 618
1 3600 32
7
70 567 562 471 472 701 695
1 3600 32
9
403 404 413 408 289 11 8 12 70
1 3600 180
15
13 14 22 74 625 620 5 2 611 612 651 45 46 31 28
1 3600 189
12
371 369 311 308 315 316 217 59 56 307 302 503
1 3600 64
4
409 313 243 219
1 3600 28
16
445 446 69 13 14 22 74 746 609 89 90 126 489 229 230 593
1 3600 70
11
707 661 471 474 615 618 646 653 654 67 62
1 3600 331
9
6 665 623 624 746 609 89 86 114
1 3600 397
17
445 446 69 13 9 10 288 409 410 341 342 400 505 508 271 274 583
1 3600 361
12
288 409 412 405 406 487 484 227 230 431 421 424
1 3600 220
17
13 14 24 623 620 607 89 85 80 138 560 569 511 429 325 322 330
1 3600 234
12
403 406 487 482 147 148 560 105 106 570 211 208
1 3600 397
12
409 412 347 348 83 78 560 569 551 554 556 21
1 3600 397
8
293 290 247 244 460 379 376 456
1 3600 248
9
644 692 698 716 629 630 361 358 448
1 3600 52
10
652 647 619 616 473 470 443 444 710 361
1 3600 71
3
697 698 716
1 3600 71
7
616 697 698 714 724 663 97
1 3600 71
9
713 669 670 597 598 719 714 635 632
1 3600 116
5
656 675 676 737 738
1 3600 397
10
49 54 664 293 290 310 364 373 374 384
1 3600 104
7
643 638 7 10 290 247 250
1 3600 70
6
671 668 647 643 638 293
1 3600 70
5
54 25 15 12 68
1 3600 70
5
624 75 23 15 12
1 3600 70
9
658 673 666 694 700 473 470 660 706
1 3600 70
7
642 619 614 475 470 443 444
1 3600 72
6
695 645 643 53 48 5
1 3600 72
3
52 642 644
1 3600 67
4
62 41 46 31
1 3600 67
7
695 667 672 659 656 27 32
1 3600 67
9
471 472 617 618 646 653 656 675 680
1 3600 67
8
474 615 618 646 653 656 675 678
1 3600 397
12
4 607 89 85 82 349 344 490 217 214 276 294
1 3600 166
15
671 668 647 643 53 48 607 89 90 126 489 229 232 342 61
1 3600 47
11
618 643 53 48 607 89 85 82 487 484 227
1 3600 77
7
643 53 48 607 89 90 128
1 3600 77
11
645 643 53 48 607 89 90 126 137 138 149
1 3600 77
4
3 4 607 89
1 3600 76
8
615 618 643 640 67 62 41 42
1 3600 397
19
53 50 64 612 117 112 559 555 552 549 521 519 335 332 235 171 168 174 190
1 3600 397
14
62 500 117 112 559 555 513 439 321 318 530 529 265 167
1 3600 220
18
563 566 71 13 9 10 288 409 410 341 233 230 431 325 322 326 339 336
1 3600 147
9
659 654 67 64 612 117 112 559 545
1 3600 397
8
62 500 117 112 559 556 21 16
1 3600 397
16
721 657 658 690 729 637 632 103 100 357 358 448 143 140 257 254
1 3600 397
19
47 40 63 51 54 25 15 12 68 447 371 369 366 353 354 458 143 144 454
1 3600 248
11
33 26 657 658 673 670 597 598 719 716 629
1 3600 70
8
26 657 658 690 703 595 598 719
1 3600 75
5
26 675 676 737 738
1 3600 397
21
29 30 47 44 135 115 87 85 82 349 344 490 217 214 280 286 493 433 434 469 464
1 3600 397
16
580 47 44 650 613 610 3 4 621 622 664 7 10 290 247 250
1 3600 158
9
33 26 657 654 641 638 7 8 12
1 3600 47
7
679 674 657 652 647 619 616
1 3600 47
5
681 674 657 652 647
1 3600 47
3
657 654 641
1 3600 47
6
30 47 40 63 51 52
1 3600 99
3
29 32 578
1 3600 397
16
580 47 44 135 119 124 131 126 489 229 232 342 400 505 508 205
1 3600 397
15
29 30 47 44 135 119 124 131 126 489 483 484 227 232 342
1 3600 220
12
674 27 30 47 44 135 115 87 85 82 349 344
1 3600 75
4
29 30 47 40
1 3600 48
3
47 44 135
1 3600 397
21
30 47 40 500 117 112 559 555 552 415 418 517 329 326 339 336 522 157 150 187 173
1 3600 397
17
681 674 657 654 67 64 612 117 112 559 545 546 521 221 222 522 157
1 3600 397
19
679 674 27 30 47 44 135 119 124 559 555 552 209 212 515 329 330 225 222
1 3600 265
14
674 657 654 67 64 610 3 4 607 89 85 78 560 105
1 3600 397
9
30 47 44 650 117 112 559 556 602
1 3600 397
6
285 282 298 185 178 382
1 3600 397
11
287 281 276 296 392 476 379 376 458 143 144
1 3600 397
10
301 295 241 242 314 309 310 366 363 356
1 3600 397
17
496 591 303 306 57 58 216 317 314 309 310 368 370 442 660 708 717
1 3600 397
26
436 498 207 204 509 506 261 264 525 339 333 334 518 520 547 544 558 125 118 134 45 46 31 26 675 676
1 3600 29
6
305 285 282 298 185 178
1 3600 58
5
295 296 391 249 246
1 3600 220
10
281 215 218 242 314 309 310 368 370 446
1 3600 361
18
304 271 272 425 420 428 510 568 561 139 81 84 88 606 49 52 642 644
1 3600 397
22
591 303 304 271 267 263 264 525 327 328 516 419 414 553 554 558 113 116 651 45 46 581
1 3600 51
4
305 302 590 493
1 3600 39
3
502 303 306
1 3600 39
3
207 204 509
1 3600 39
3
306 57 58
1 3600 104
7
590 287 281 215 216 491 411
1 3600 397
13
432 301 283 284 306 399 343 233 228 488 127 91 88
1 3600 397
21
497 498 159 162 275 267 177 172 186 151 156 523 223 220 520 547 544 558 125 118 134
1 3600 29
6
284 304 205 165 160 202
1 3600 61
4
165 162 275 272
1 3600 166
10
303 304 271 267 177 169 170 236 523 223
1 3600 361
15
436 498 207 204 509 506 425 426 531 319 320 440 514 213 210
1 3600 397
18
492 591 503 159 162 583 269 263 167 170 234 333 334 518 520 547 541 538
1 3600 397
10
280 286 497 437 434 469 464 478 259 252
1 3600 361
14
504 401 398 279 276 296 392 476 379 376 458 143 144 452
1 3600 305
12
276 296 391 249 244 381 351 352 363 360 631 626
1 3600 397
10
58 216 317 314 309 310 366 363 356 101
1 3600 397
11
312 408 289 292 639 640 655 656 675 676 737
1 3600 65
6
56 279 276 294 298 185
1 3600 29
8
504 401 61 58 218 240 296 392
1 3600 70
5
216 491 411 408 289
1 3600 142
9
241 242 312 408 289 292 639 642 644
1 3600 397
11
216 491 345 348 83 84 86 116 501 41 46
1 3600 25
5
506 273 274 163 158
1 3600 25
4
56 307 302 590
1 3600 59
4
243 240 277 278
1 3600 26
5
278 399 343 233 226
1 3600 26
7
277 215 59 60 343 233 230
1 3600 128
10
399 343 233 228 488 127 130 113 116 501
1 3600 397
9
60 400 423 420 428 512 554 558 125
1 3600 65
8
217 59 56 307 304 271 267 177
1 3600 30
8
59 60 400 423 426 529 239 236
1 3600 52
9
219 59 60 400 423 426 531 527 339
1 3600 147
9
60 400 423 426 529 525 327 328 514
1 3600 397
15
423 426 531 319 320 440 516 419 414 549 547 541 17 20 604
1 3600 397
12
313 243 240 294 300 494 481 469 464 478 259 252
1 3600 397
8
413 408 387 388 249 244 381 351
1 3600 248
15
231 232 340 411 408 289 11 8 12 68 447 444 710 687 682
1 3600 284
14
147 148 79 84 88 606 49 52 642 646 669 670 597 598
1 3600 397
16
405 406 83 80 136 127 130 113 114 134 45 46 31 26 675 676
1 3600 209
17
560 569 511 429 421 424 273 274 163 164 206 499 437 434 469 464 478
1 3600 59
11
486 407 404 413 313 314 388 249 244 460 379
1 3600 31
4
411 408 289 11
1 3600 40
5
83 84 88 606 49
1 3600 265
10
73 23 24 55 50 66 655 656 27 28
1 3600 102
5
342 400 505 508 205
1 3600 40
16
74 746 609 89 90 126 137 138 149 146 229 230 431 421 424 507
1 3600 40
6
483 486 349 346 413 313
1 3600 40
12
77 74 625 622 664 293 288 387 315 316 217 59
1 3600 53
9
77 23 15 9 10 288 409 410 341
1 3600 43
4
139 136 127 128
1 3600 43
8
485 482 488 127 130 113 116 613
1 3600 43
3
81 84 86
1 3600 172
6
406 83 84 86 114 132
1 3600 209
14
229 230 431 325 318 527 524 265 167 168 172 188 196 587
1 3600 62
13
560 105 106 572 39 36 515 329 330 332 235 171 153
1 3600 48
7
341 233 230 431 325 322 328
1 3600 48
7
341 233 230 431 325 322 330
1 3600 43
10
73 74 746 609 89 85 78 560 105 108
1 3600 397
11
348 487 482 147 148 560 569 551 554 556 602
1 3600 397
15
747 75 23 15 12 68 447 371 369 364 373 374 384 589 259
1 3600 397
13
75 23 15 12 68 447 444 710 361 358 448 143 144
1 3600 331
14
137 81 82 407 404 413 313 314 309 310 366 363 358 450
1 3600 248
6
65 66 655 658 690 703
1 3600 397
16
148 139 136 127 130 125 118 134 45 46 31 26 675 676 737 734
1 3600 397
13
91 88 608 747 625 622 664 293 290 247 250 183 180
1 3600 209
11
608 747 625 622 664 7 10 290 247 244 460
1 3600 72
5
88 608 747 75 23
1 3600 20
12
148 79 84 88 606 49 52 642 619 614 475 470
1 3600 86
11
148 139 136 127 130 113 116 651 45 46 581
1 3600 397
11
126 489 483 484 227 232 342 398 307 302 503
1 3600 120
6
85 82 349 344 490 317
1 3600 27
3
85 82 407
1 3600 27
8
148 79 84 88 608 747 75 72
1 3600 67
4
609 89 90 128
1 3600 21
3
651 135 132
1 3600 397
19
609 89 90 126 137 138 560 569 511 439 321 318 530 529 265 262 268 582 163
1 3600 220
10
489 229 230 431 325 322 326 524 239 236
1 3600 54
12
89 85 80 138 560 105 110 417 418 517 329 330
1 3600 21
10
609 89 90 126 137 138 560 105 110 417
1 3600 132
12
137 138 560 105 110 211 208 549 547 541 17 18
1 3600 397
19
118 134 650 613 65 66 641 642 644 692 698 716 629 630 361 362 353 354 456
1 3600 397
22
123 118 115 116 501 63 66 655 658 690 535 536 637 632 97 94 357 358 448 143 144 454
1 3600 397
17
649 650 613 65 51 52 642 619 616 697 698 714 724 663 97 92 740
1 3600 361
13
649 650 613 610 3 4 49 52 642 644 692 698 714
1 3600 397
10
134 45 46 31 26 675 676 737 738 742
1 3600 397
17
121 124 559 555 513 429 421 424 273 270 305 285 282 298 185 178 384
1 3600 397
15
121 118 115 116 613 610 3 4 621 622 664 293 290 247 250
1 3600 284
13
649 650 501 63 66 641 642 619 614 475 470 563 564
1 3600 51
7
123 124 131 91 88 606 621
1 3600 47
5
118 134 45 46 31
1 3600 397
20
133 119 124 559 545 546 521 221 222 522 157 150 194 193 175 176 266 270 305 302
1 3600 397
9
115 87 85 82 349 344 490 217 214
1 3600 132
9
650 613 610 3 4 621 624 75 72
1 3600 36
3
649 135 115
1 3600 36
3
123 124 131
1 3600 107
5
123 118 134 45 42
1 3600 397
19
135 115 112 559 555 550 511 439 321 318 530 529 265 262 268 582 163 160 202
1 3600 397
8
135 119 124 559 555 513 429 421
1 3600 209
10
133 115 112 559 545 546 521 519 335 332
1 3600 52
10
121 124 559 555 552 415 416 571 572 576
1 3600 72
6
119 124 559 556 21 16
1 3600 397
9
158 499 496 493 494 397 185 178 382
1 3600 397
13
269 266 270 305 285 282 298 395 392 476 461 381 351
1 3600 397
19
151 156 237 238 528 427 422 401 61 58 218 242 314 309 310 366 363 360 687
1 3600 397
17
164 206 499 437 434 469 464 478 588 385 382 457 355 352 363 356 95
1 3600 397
23
191 175 169 170 234 338 327 323 320 438 510 551 554 558 113 116 501 41 46 31 26 675 676
1 3600 265
7
161 158 499 437 434 469 464
1 3600 331
11
187 173 176 266 270 305 306 279 276 296 392
1 3600 397
14
169 166 264 525 526 319 324 430 231 232 340 411 408 289
1 3600 397
15
195 151 156 523 223 220 520 548 553 554 558 113 116 501 63
1 3600 397
19
161 164 206 502 590 493 494 397 395 391 389 386 289 292 639 640 655 656 720
1 3600 78
5
266 270 305 285 286
1 3600 78
4
270 305 285 282
1 3600 78
9
174 190 587 585 582 163 158 502 590
1 3600 61
5
275 272 507 504 401
1 3600 189
11
161 162 275 272 425 420 428 510 568 561 79
1 3600 397
11
169 170 234 333 331 323 324 430 231 228 147
1 3600 397
18
201 161 162 583 269 263 264 525 327 328 514 213 208 553 554 558 113 114
1 3600 67
3
586 197 189
1 3600 79
11
199 161 162 583 584 586 197 189 186 151 152
1 3600 79
8
201 161 164 204 509 506 261 167
1 3600 79
4
193 175 176 263
1 3600 79
3
195 151 152
1 3600 79
5
173 169 166 260 425
1 3600 107
8
586 191 192 195 151 156 523 223
1 3600 331
9
269 263 264 239 234 333 334 518 520
1 3600 397
12
169 170 238 528 531 319 320 438 512 554 556 602
1 3600 397
11
422 401 398 279 280 282 298 185 178 382 462
1 3600 397
14
260 507 504 401 61 58 218 240 296 392 476 379 372 351
1 3600 397
19
238 528 427 422 401 61 58 218 242 314 309 310 368 370 444 710 687 682 740
1 3600 397
19
260 425 420 430 231 228 488 127 91 88 606 49 52 642 646 669 670 597 598
1 3600 397
21
264 525 327 328 516 419 414 553 554 558 113 116 501 41 46 31 26 675 676 737 732
1 3600 361
14
150 194 196 587 585 582 163 164 206 499 437 434 469 466
1 3600 248
10
507 504 401 398 279 276 296 392 476 379
1 3600 361
13
156 523 337 338 526 319 324 430 231 232 340 411 408
1 3600 397
15
166 260 425 422 401 343 340 411 408 289 11 8 12 70 567
1 3600 397
11
427 420 428 512 554 558 125 118 134 45 46
1 3600 56
7
422 505 508 205 206 499 437
1 3600 29
7
260 507 504 401 61 58 216
1 3600 57
12
422 401 343 340 411 408 289 292 665 25 22 72
1 3600 220
16
155 156 523 223 224 331 323 324 430 231 226 485 482 488 127 128
1 3600 397
9
523 223 220 520 547 544 558 125 122
1 3600 31
9
155 152 168 176 266 274 163 160 202
1 3600 31
3
150 187 173
1 3600 67
6
426 529 239 171 153 154
1 3600 25
4
170 234 333 225
1 3600 25
5
531 527 339 333 225
1 3600 90
5
523 223 220 520 547
1 3600 397
16
155 156 237 234 338 327 328 514 213 208 549 547 541 17 20 604
1 3600 397
16
530 427 424 507 508 305 285 286 493 494 481 469 464 478 259 252
1 3600 397
14
429 430 231 232 340 490 317 314 388 249 244 381 373 376
1 3600 397
16
224 331 323 324 430 231 232 340 490 317 314 309 310 366 363 356
1 3600 397
16
510 568 561 139 81 84 88 606 49 52 642 619 616 697 698 714
1 3600 397
18
441 438 510 551 554 558 113 116 613 65 66 655 656 675 676 737 738 744
1 3600 397
14
329 326 524 265 262 268 582 163 158 499 437 434 469 464
1 3600 284
13
321 318 530 427 422 401 398 279 276 296 392 476 379
1 3600 265
12
430 231 226 485 486 83 84 88 608 747 75 23
1 3600 198
18
526 319 320 438 510 568 561 139 136 127 91 88 606 5 2 611 65 66
1 3600 397
10
512 554 558 113 114 134 45 46 31 28
1 3600 166
13
222 337 235 171 168 176 266 270 305 285 282 300 433
1 3600 56
10
224 331 323 324 430 231 232 340 490 317
1 3600 25
3
430 231 232
1 3600 61
11
514 37 38 573 107 104 561 139 136 127 128
1 3600 284
5
520 547 544 558 125
1 3600 120
10
522 157 150 194 196 587 585 582 163 160
1 3600 43
7
519 335 332 338 524 528 427
1 3600 43
4
318 530 427 424
1 3600 43
3
235 238 528
1 3600 49
3
331 323 324
1 3600 39
6
428 439 440 514 37 38
1 3600 39
7
335 331 328 514 37 38 576
1 3600 39
5
428 439 440 516 419
1 3600 39
3
516 419 416
1 3600 234
6
520 547 541 17 20 604
1 3600 397
22
210 111 104 561 149 146 483 486 407 404 413 313 243 240 294 298 185 180 464 478 259 254
1 3600 397
19
111 104 561 149 146 483 486 407 404 413 408 387 388 249 244 460 379 376 458
1 3600 397
17
104 561 79 84 88 606 49 52 642 619 616 473 470 660 708 727 723
1 3600 397
19
35 38 573 107 104 561 79 84 88 606 49 52 642 646 669 670 705 533 536
1 3600 397
13
551 554 558 113 116 501 41 46 31 26 675 676 737
1 3600 397
17
104 561 149 146 483 486 349 346 413 313 314 388 390 394 185 180 466
1 3600 397
15
36 515 441 438 429 421 422 401 61 56 279 276 296 392 476
1 3600 305
16
416 111 104 561 149 146 483 486 407 404 413 408 387 309 310 368
1 3600 147
10
689 419 414 553 554 558 113 116 613 65
1 3600 361
7
554 558 125 118 134 45 46
1 3600 397
10
212 515 329 326 524 265 260 273 270 205
1 3600 172
9
39 36 515 441 321 318 530 427 422
1 3600 48
10
548 415 418 517 441 438 429 430 231 226
1 3600 52
12
37 38 573 107 104 561 139 136 127 91 88 608
1 3600 52
7
210 111 104 561 139 81 84
1 3600 76
5
554 558 125 118 132
1 3600 397
12
104 569 511 439 321 322 326 339 235 171 168 172
1 3600 110
8
572 39 36 515 329 326 524 528
1 3600 64
3
515 329 330
1 3600 64
4
211 208 549 521
1 3600 64
7
109 104 569 511 439 321 322
1 3600 64
4
521 221 222 337
1 3600 64
3
569 511 429
1 3600 64
4
570 417 418 517
1 3600 38
5
568 105 106 572 576
1 3600 51
6
419 414 553 554 556 604
1 3600 51
9
35 36 213 208 549 547 541 17 20
1 3600 397
20
20 557 555 513 429 421 424 507 508 305 302 590 493 494 481 469 464 478 259 252
1 3600 397
18
20 557 558 113 116 501 63 66 655 658 690 729 637 632 103 100 357 362
1 3600 397
18
603 557 558 131 91 88 608 747 625 622 25 15 12 68 447 444 710 361
1 3600 397
14
539 540 544 558 113 116 613 65 66 655 658 673 670 705
1 3600 397
12
540 544 558 125 118 134 45 46 31 26 675 676
1 3600 397
18
603 557 555 550 568 561 79 82 349 344 490 217 214 280 282 300 433 434
1 3600 397
19
540 546 548 209 210 111 104 561 149 146 483 486 407 404 413 313 243 240 296
1 3600 397
11
20 557 558 113 116 501 63 51 54 664 7
1 3600 305
15
540 544 558 113 116 613 65 51 52 642 619 614 475 470 660
1 3600 397
13
539 17 20 557 558 113 114 134 45 46 31 26 720
1 3600 397
14
540 546 521 221 222 522 157 152 166 262 266 270 305 285
1 3600 397
12
557 555 550 568 561 139 81 82 349 346 413 313
1 3600 265
12
539 540 546 548 415 416 111 104 561 149 146 483
1 3600 92
3
557 558 113
1 3600 59
6
539 540 544 558 125 118
1 3600 397
11
19 16 540 546 521 221 222 522 157 150 194
1 3600 397
10
603 557 555 513 439 321 318 527 524 265
1 3600 147
6
539 540 546 521 519 335
1 3600 44
9
605 557 555 552 209 212 37 38 576
1 3600 44
6
16 540 546 548 415 418
1 3600 44
6
16 540 546 548 209 212
1 3600 180
3
17 20 602
