247
37.06574 114.5247 1 1
37.06574 114.52552 2 0
37.06979 114.50022 3 1
37.075348 114.51411 4 1
37.05712 114.49322 5 1
37.041805 114.50883 6 1
37.056076 114.49313 7 1
37.05601 114.48445 8 1
37.048973 114.5025 9 1
37.062607 114.50138 10 0
37.060173 114.49708 11 1
37.04863 114.48953 12 1
37.038834 114.49721 13 1
37.045135 114.48445 14 1
37.0492 114.5257 15 0
37.032238 114.48781 16 0
37.075077 114.50026 17 1
37.07051 114.50837 18 1
37.069714 114.49231 19 1
37.062103 114.52197 20 0
37.07097 114.48703 21 0
37.071033 114.487045 22 0
37.070538 114.50849 23 1
37.03545 114.45951 24 1
37.047276 114.4377 25 1
37.03339 114.52632 26 0
37.04813 114.525444 27 0
37.049114 114.5257 28 0
37.101677 114.44693 29 1
37.10111 114.43076 30 0
37.104683 114.457756 31 0
37.059486 114.48447 32 1
37.036865 114.459465 33 1
37.056293 114.46475 34 1
37.056187 114.45892 35 1
37.047153 114.431404 36 0
37.047268 114.431404 37 0
37.053032 114.43268 38 1
37.053055 114.44774 39 0
37.057728 114.43212 40 0
37.083206 114.479675 41 0
37.08123 114.46275 42 1
37.08864 114.48622 43 0
37.088688 114.47852 44 1
37.10556 114.52116 45 0
37.10556 114.521324 46 0
37.094948 114.52576 47 0
37.095142 114.52133 48 1
37.09121 114.524025 49 0
37.083904 114.4929 50 1
37.083992 114.49289 51 0
37.104225 114.49891 52 0
37.091324 114.524025 53 0
37.03028 114.45973 54 0
37.03028 114.45963 55 0
37.05358 114.524704 56 0
37.05334 114.5247 57 0
37.066074 114.48161 58 0
37.09799 114.495255 59 1
37.0981 114.49524 60 1
37.09156 114.49729 61 0
37.10122 114.49733 62 1
37.091557 114.497375 63 0
37.095886 114.49727 64 0
37.03895 114.49272 65 1
37.038715 114.49275 66 1
37.07528 114.52138 67 0
37.070633 114.52143 68 0
37.09811 114.501785 69 1
37.097977 114.50181 70 1
37.0628722 114.5001664 71 1
37.060242 114.50017 72 1
37.065809 114.516012 73 1
37.060239 114.5089325 74 1
37.0540122 114.4932431 75 1
37.0390035 114.4936183 76 1
37.0655168 114.4922597 77 1
37.0535898 114.5031463 78 1
37.05352 114.515816 79 1
37.0751066 114.5085316 80 1
37.0534975 114.50893 81 1
37.053695 114.5003596 82 1
37.053749 114.497179 83 1
37.0574625 114.5001975 84 0
37.0572775 114.497125 85 1
37.0490593 114.5048 86 1
37.051656 114.4932587 87 1
37.051453 114.48445 88 1
37.0517803 114.5033867 89 1
37.060184 114.5022545 90 1
37.0627811 114.5089133 91 1
37.0618975 114.4927252 92 1
37.0487977 114.497215 93 1
37.0599775 114.493006 94 0
37.0605485 114.521585 95 0
37.0604855 114.51593 96 1
37.0600302 114.4931175 97 0
37.045025 114.48964 98 1
37.0445595 114.4971655 99 1
37.04487 114.4934715 100 1
37.0388205 114.50889 101 1
37.0389521 114.4843474 102 1
37.0491541 114.5217463 103 1
37.049173 114.51574 104 0
37.0489877 114.50892 105 1
37.048954 114.500367 106 0
37.0487438 114.493358 107 1
37.0484785 114.48445 108 1
37.049119 114.52346 109 1
37.0698281 114.5053332 110 0
37.0704392 114.4920902 111 1
37.074751 114.491117 112 0
37.0698013 114.5006067 113 0
37.0621137 114.4869417 114 1
37.0622163 114.484514 115 1
37.0679851 114.4879855 116 1
37.062542 114.5159467 117 1
37.0707065 114.51409 118 1
37.0659193 114.500204 119 1
37.0663796 114.5092033 120 1
37.070808 114.4886163 121 1
37.0782325 114.4903215 122 1
37.078655 114.50029 123 1
37.0918862 114.4920958 124 1
37.079095 114.508765 125 1
37.0838525 114.51419 126 1
37.083907 114.5003 127 1
37.0791907 114.514145 128 1
37.079075 114.521375 129 0
37.0816025 114.4905453 130 1
37.1027145 114.4578075 131 1
37.091432 114.432188 132 1
37.099648 114.4578275 133 1
37.09974 114.448422 134 1
37.0594268 114.4483967 135 1
37.1013575 114.448775 136 1
37.1011753 114.448199 137 1
37.1018177 114.4496135 138 1
37.1019127 114.448427 139 1
37.1009825 114.43215 140 1
37.0863365 114.432205 141 1
37.1040347 114.4318257 142 0
37.1040561 114.4319667 143 0
37.0767118 114.4631225 144 1
37.1041472 114.478507 145 1
37.0831653 114.4785007 146 1
37.099735 114.467015 147 1
37.0720065 114.463275 148 1
37.059629 114.46459 149 1
37.0472335 114.432805 150 1
37.096939 114.45783 151 1
37.096939 114.448427 152 1
37.09143 114.448427 153 1
37.0763905 114.4582646 154 1
37.0763323 114.4483989 155 1
37.06169 114.47634 156 1
37.07191 114.4583775 157 1
37.0717128 114.44844 158 1
37.0806247 114.44843 159 1
37.0604227 114.4695374 160 1
37.072114 114.4686425 161 1
37.09456 114.478535 162 1
37.0969184 114.478526 163 1
37.099907 114.47853 164 1
37.0999 114.4729225 165 1
37.0827184 114.4757606 166 1
37.0778597 114.47852 167 1
37.0478095 114.46502 168 1
37.0483052 114.4767023 169 1
37.0535487 114.4703025 170 1
37.0535616 114.4765238 171 0
37.0532309 114.4589651 172 1
37.05336 114.46486 173 1
37.053065 114.4483875 174 1
37.066123 114.4691206 175 1
37.0659905 114.46448 176 1
37.0658713 114.458575 177 1
37.0656655 114.44844 178 1
37.081856 114.4678163 179 1
37.072346 114.481545 180 1
37.072267 114.476068 181 1
37.0915327 114.4670315 182 1
37.0914216 114.47853 183 1
37.0713845 114.43229 184 1
37.0312905 114.477242 185 0
37.031289 114.4771025 186 0
37.0945683 114.4860233 187 1
37.0535945 114.48445 188 1
37.0379383 114.4769333 189 1
37.0324206 114.4596105 190 1
37.066226 114.4762255 191 1
37.0479182 114.4704537 192 1
37.0477035 114.459145 193 1
37.047512 114.448345 194 1
37.0579453 114.4325532 195 1
37.0570857 114.4325953 196 0
37.0592577 114.458769 197 1
37.065359 114.43242 198 1
37.079965 114.48584 199 1
37.072318 114.47852 200 1
37.078038 114.485238 201 1
37.0828124 114.4865993 202 1
37.0776605 114.47592 203 1
37.0715218 114.4392355 204 1
37.0770636 114.4682104 205 1
37.0761777 114.432189 206 1
37.080733 114.4580503 207 1
37.080517 114.432165 208 1
37.085983 114.457965 209 1
37.08599 114.467472 210 1
37.0914345 114.457847 211 1
37.0914708 114.4860355 212 1
37.0970234 114.4860157 213 1
37.09992 114.48601 214 0
37.104599 114.4860217 215 1
37.103787 114.4729225 216 1
37.096901 114.4729225 217 1
37.0969112 114.467022 218 1
37.094615 114.4729225 219 1
37.094547 114.4670125 220 1
37.1033853 114.467017 221 1
37.104414 114.52125 222 1
37.104609 114.5092275 223 1
37.1041517 114.5022967 224 1
37.0913936 114.503384 225 1
37.0912012 114.5091467 226 1
37.0840225 114.50296 227 0
37.083781 114.52132 228 0
37.083876 114.52132 229 0
37.083871 114.5088425 230 1
37.0843137 114.4907517 231 1
37.0912326 114.4946208 232 1
37.0904565 114.4918611 233 1
37.103886 114.495375 234 1
37.10389 114.497425 235 1
37.0916794 114.494632 236 0
37.0978925 114.5028392 237 1
37.086056 114.448432 238 1
37.096939 114.439125 239 1
37.09143 114.439125 240 1
37.1012928 114.439092 241 0
37.0654815 114.439186 242 1
37.080532 114.439095 243 1
37.076308 114.43914 244 1
37.0388545 114.47702 245 1
37.0912454 114.5212406 246 1
37.0980707 114.4938413 247 1
372
113 110 525.6006196120006 16.67 3 3 2 3
1 0 0 0 1 0 0 0 1
1 0 0 0 1 0 0 0 1
113 3 43.013417599079126 16.67 3 3 4 5
1 0 0 0 1 0 0 0 1
1 0 0 0 1 0 0 0 1
114 92 643.4216115267675 16.67 3 3 6 7
1 0 0 0 1 0 0 0 1
1 0 0 0 1 0 0 0 1
114 115 270.1180529240764 16.67 3 3 8 9
1 0 0 0 1 0 0 0 1
1 0 0 0 1 0 0 0 1
114 156 1179.5273488285768 16.67 3 3 10 11
1 0 0 0 1 0 0 0 1
1 0 0 0 1 0 0 0 1
115 32 242.32795710446925 16.67 3 3 12 13
1 0 0 0 1 0 0 0 1
1 0 0 0 1 0 0 0 1
115 116 641.1490936275106 16.67 3 3 14 15
1 0 0 0 1 0 0 0 1
1 0 0 0 1 0 0 0 1
48 222 822.460089373297 16.67 3 3 16 17
1 0 0 0 1 0 0 0 1
1 0 0 0 1 0 0 0 1
48 47 492.92435091537556 16.67 3 3 18 19
1 0 0 0 1 0 0 0 1
1 0 0 0 1 0 0 0 1
48 246 345.7653056119972 16.67 3 3 20 21
1 0 0 0 1 0 0 0 1
1 0 0 0 1 0 0 0 1
116 121 260.11338944743295 16.67 3 3 22 23
1 0 0 0 1 0 0 0 1
1 0 0 0 1 0 0 0 1
116 77 523.3311000504045 16.67 3 3 24 25
1 0 0 0 1 0 0 0 1
1 0 0 0 1 0 0 0 1
117 96 182.4962491583745 16.67 3 3 26 27
1 0 0 0 1 0 0 0 1
1 0 0 0 1 0 0 0 1
117 20 670.9335731398864 16.67 3 3 28 29
1 0 0 0 1 0 0 0 1
1 0 0 0 1 0 0 0 1
117 73 289.99337256249737 16.67 3 3 30 31
1 0 0 0 1 0 0 0 1
1 0 0 0 1 0 0 0 1
117 1 1013.9055882261092 16.67 3 3 32 33
1 0 0 0 1 0 0 0 1
1 0 0 0 1 0 0 0 1
62 61 856.769783654053 16.67 3 3 34 35
1 0 0 0 1 0 0 0 1
1 0 0 0 1 0 0 0 1
62 60 361.36889959413634 16.67 3 3 36 37
1 0 0 0 1 0 0 0 1
1 0 0 0 1 0 0 0 1
62 235 237.04137064100803 16.67 3 3 38 39
1 0 0 0 1 0 0 0 1
1 0 0 0 1 0 0 0 1
118 23 622.9094404939461 16.67 3 3 40 41
1 0 0 0 1 0 0 0 1
1 0 0 0 1 0 0 0 1
118 68 816.2471597386786 16.67 3 3 42 43
1 0 0 0 1 0 0 0 1
1 0 0 0 1 0 0 0 1
118 4 411.8325630801949 16.67 3 3 44 45
1 0 0 0 1 0 0 0 1
1 0 0 0 1 0 0 0 1
118 73 484.25824088273566 16.67 3 3 46 47
1 0 0 0 1 0 0 0 1
1 0 0 0 1 0 0 0 1
119 3 343.46204106080467 16.67 3 3 48 49
1 0 0 0 1 0 0 0 1
1 0 0 0 1 0 0 0 1
119 120 1001.5713699783784 16.67 3 3 50 51
1 0 0 0 1 0 0 0 1
1 0 0 0 1 0 0 0 1
119 71 270.4095572288032 16.67 3 3 52 53
1 0 0 0 1 0 0 0 1
1 0 0 0 1 0 0 0 1
119 77 884.1419922313268 16.67 3 3 54 55
1 0 0 0 1 0 0 0 1
1 0 0 0 1 0 0 0 1
42 207 524.4716465121 16.67 3 3 56 57
1 0 0 0 1 0 0 0 1
1 0 0 0 1 0 0 0 1
42 144 402.96554597157797 16.67 3 3 58 59
1 0 0 0 1 0 0 0 1
1 0 0 0 1 0 0 0 1
42 179 566.112195827776 16.67 3 3 60 61
1 0 0 0 1 0 0 0 1
1 0 0 0 1 0 0 0 1
120 23 377.41300653305285 16.67 3 3 62 63
1 0 0 0 1 0 0 0 1
1 0 0 0 1 0 0 0 1
120 18 378.0321046466899 16.67 3 3 64 65
1 0 0 0 1 0 0 0 1
1 0 0 0 1 0 0 0 1
120 91 320.92683639233314 16.67 3 3 66 67
1 0 0 0 1 0 0 0 1
1 0 0 0 1 0 0 0 1
32 8 308.4688344076854 16.67 3 3 68 69
1 0 0 0 1 0 0 0 1
1 0 0 0 1 0 0 0 1
32 94 950.2199696565357 16.67 3 3 70 71
1 0 0 0 1 0 0 0 1
1 0 0 0 1 0 0 0 1
121 22 175.868115047422 16.67 3 3 72 73
1 0 0 0 1 0 0 0 1
1 0 0 0 1 0 0 0 1
121 111 387.6873118759623 16.67 3 3 74 75
1 0 0 0 1 0 0 0 1
1 0 0 0 1 0 0 0 1
121 21 176.98404106804463 16.67 3 3 76 77
1 0 0 0 1 0 0 0 1
1 0 0 0 1 0 0 0 1
122 231 541.6301342185083 16.67 3 3 78 79
1 0 0 0 1 0 0 0 1
1 0 0 0 1 0 0 0 1
122 130 300.01445077250065 16.67 3 3 80 81
1 0 0 0 1 0 0 0 1
1 0 0 0 1 0 0 0 1
122 201 565.5575831592297 16.67 3 3 82 83
1 0 0 0 1 0 0 0 1
1 0 0 0 1 0 0 0 1
122 123 1109.1485555065037 16.67 3 3 84 85
1 0 0 0 1 0 0 0 1
1 0 0 0 1 0 0 0 1
123 125 943.2432225964149 16.67 3 3 86 87
1 0 0 0 1 0 0 0 1
1 0 0 0 1 0 0 0 1
123 17 317.4496042548669 16.67 3 3 88 89
1 0 0 0 1 0 0 0 1
1 0 0 0 1 0 0 0 1
123 127 465.9468987397587 16.67 3 3 90 91
1 0 0 0 1 0 0 0 1
1 0 0 0 1 0 0 0 1
65 102 931.048090353112 16.67 3 3 92 93
1 0 0 0 1 0 0 0 1
1 0 0 0 1 0 0 0 1
65 245 1745.888616544014 16.67 3 3 94 95
1 0 0 0 1 0 0 0 1
1 0 0 0 1 0 0 0 1
65 76 100.00538121826177 16.67 3 3 96 97
1 0 0 0 1 0 0 0 1
1 0 0 0 1 0 0 0 1
66 102 934.6211156728986 16.67 3 3 98 99
1 0 0 0 1 0 0 0 1
1 0 0 0 1 0 0 0 1
66 245 1749.247918354945 16.67 3 3 100 101
1 0 0 0 1 0 0 0 1
1 0 0 0 1 0 0 0 1
66 76 99.89473120844339 16.67 3 3 102 103
1 0 0 0 1 0 0 0 1
1 0 0 0 1 0 0 0 1
124 233 129.47535763648204 16.67 3 3 104 105
1 0 0 0 1 0 0 0 1
1 0 0 0 1 0 0 0 1
124 234 1125.1395217997242 16.67 3 3 106 107
1 0 0 0 1 0 0 0 1
1 0 0 0 1 0 0 0 1
124 236 282.625887189384 16.67 3 3 108 109
1 0 0 0 1 0 0 0 1
1 0 0 0 1 0 0 0 1
124 247 581.9062569793998 16.67 3 3 110 111
1 0 0 0 1 0 0 0 1
1 0 0 0 1 0 0 0 1
125 230 423.80110384197604 16.67 3 3 112 113
1 0 0 0 1 0 0 0 1
1 0 0 0 1 0 0 0 1
125 128 598.3258487792771 16.67 3 3 114 115
1 0 0 0 1 0 0 0 1
1 0 0 0 1 0 0 0 1
125 80 354.79039870957183 16.67 3 3 116 117
1 0 0 0 1 0 0 0 1
1 0 0 0 1 0 0 0 1
126 128 413.5862812474108 16.67 3 3 118 119
1 0 0 0 1 0 0 0 1
1 0 0 0 1 0 0 0 1
126 228 792.894103535568 16.67 3 3 120 121
1 0 0 0 1 0 0 0 1
1 0 0 0 1 0 0 0 1
126 229 792.8714733951339 16.67 3 3 122 123
1 0 0 0 1 0 0 0 1
1 0 0 0 1 0 0 0 1
126 230 594.653814208143 16.67 3 3 124 125
1 0 0 0 1 0 0 0 1
1 0 0 0 1 0 0 0 1
127 50 822.8932578697046 16.67 3 3 126 127
1 0 0 0 1 0 0 0 1
1 0 0 0 1 0 0 0 1
127 227 295.97415735084684 16.67 3 3 128 129
1 0 0 0 1 0 0 0 1
1 0 0 0 1 0 0 0 1
127 230 949.946623411514 16.67 3 3 130 131
1 0 0 0 1 0 0 0 1
1 0 0 0 1 0 0 0 1
128 129 804.0544327428823 16.67 3 3 132 133
1 0 0 0 1 0 0 0 1
1 0 0 0 1 0 0 0 1
128 4 340.9354679286325 16.67 3 3 134 135
1 0 0 0 1 0 0 0 1
1 0 0 0 1 0 0 0 1
130 50 332.0415412441385 16.67 3 3 136 137
1 0 0 0 1 0 0 0 1
1 0 0 0 1 0 0 0 1
130 231 241.6148143578226 16.67 3 3 138 139
1 0 0 0 1 0 0 0 1
1 0 0 0 1 0 0 0 1
24 25 2642.7557131852564 16.67 3 3 140 141
1 0 0 0 1 0 0 0 1
1 0 0 0 1 0 0 0 1
24 33 125.70674370581146 16.67 3 3 142 143
1 0 0 0 1 0 0 0 1
1 0 0 0 1 0 0 0 1
24 190 269.14672750437717 16.67 3 3 144 145
1 0 0 0 1 0 0 0 1
1 0 0 0 1 0 0 0 1
51 202 707.3206493676146 16.67 3 3 146 147
1 0 0 0 1 0 0 0 1
1 0 0 0 1 0 0 0 1
51 231 239.48923789028376 16.67 3 3 148 149
1 0 0 0 1 0 0 0 1
1 0 0 0 1 0 0 0 1
131 138 914.652197547987 16.67 3 3 150 151
1 0 0 0 1 0 0 0 1
1 0 0 0 1 0 0 0 1
131 133 271.9756879839599 16.67 3 3 152 153
1 0 0 0 1 0 0 0 1
1 0 0 0 1 0 0 0 1
131 31 174.67934038086278 16.67 3 3 154 155
1 0 0 0 1 0 0 0 1
1 0 0 0 1 0 0 0 1
131 221 1025.8394295573999 16.67 3 3 156 157
1 0 0 0 1 0 0 0 1
1 0 0 0 1 0 0 0 1
132 208 968.1942984537725 16.67 3 3 158 159
1 0 0 0 1 0 0 0 1
1 0 0 0 1 0 0 0 1
132 140 847.1665062445325 16.67 3 3 160 161
1 0 0 0 1 0 0 0 1
1 0 0 0 1 0 0 0 1
132 240 771.4068084153902 16.67 3 3 162 163
1 0 0 0 1 0 0 0 1
1 0 0 0 1 0 0 0 1
132 141 451.9890045713846 16.67 3 3 164 165
1 0 0 0 1 0 0 0 1
1 0 0 0 1 0 0 0 1
133 151 240.26995645677496 16.67 3 3 166 167
1 0 0 0 1 0 0 0 1
1 0 0 0 1 0 0 0 1
133 134 1045.940225435801 16.67 3 3 168 169
1 0 0 0 1 0 0 0 1
1 0 0 0 1 0 0 0 1
133 147 1021.6955458598133 16.67 3 3 170 171
1 0 0 0 1 0 0 0 1
1 0 0 0 1 0 0 0 1
134 136 148.73453165276217 16.67 3 3 172 173
1 0 0 0 1 0 0 0 1
1 0 0 0 1 0 0 0 1
134 137 129.69396222908304 16.67 3 3 174 175
1 0 0 0 1 0 0 0 1
1 0 0 0 1 0 0 0 1
134 152 248.42988771403046 16.67 3 3 176 177
1 0 0 0 1 0 0 0 1
1 0 0 0 1 0 0 0 1
135 174 564.5485550408778 16.67 3 3 178 179
1 0 0 0 1 0 0 0 1
1 0 0 0 1 0 0 0 1
135 195 1766.7238257352506 16.67 3 3 180 181
1 0 0 0 1 0 0 0 1
1 0 0 0 1 0 0 0 1
135 197 1153.5158924758484 16.67 3 3 182 183
1 0 0 0 1 0 0 0 1
1 0 0 0 1 0 0 0 1
135 178 553.644643658735 16.67 3 3 184 185
1 0 0 0 1 0 0 0 1
1 0 0 0 1 0 0 0 1
136 138 101.78467458186628 16.67 3 3 186 187
1 0 0 0 1 0 0 0 1
1 0 0 0 1 0 0 0 1
136 139 62.62796146047236 16.67 3 3 188 189
1 0 0 0 1 0 0 0 1
1 0 0 0 1 0 0 0 1
137 29 147.96417600956968 16.67 3 3 190 191
1 0 0 0 1 0 0 0 1
1 0 0 0 1 0 0 0 1
137 139 70.1435648275402 16.67 3 3 192 193
1 0 0 0 1 0 0 0 1
1 0 0 0 1 0 0 0 1
138 139 132.20967046273293 16.67 3 3 194 195
1 0 0 0 1 0 0 0 1
1 0 0 0 1 0 0 0 1
139 29 167.77647163616425 16.67 3 3 196 197
1 0 0 0 1 0 0 0 1
1 0 0 0 1 0 0 0 1
140 142 273.09606327766505 16.67 3 3 198 199
1 0 0 0 1 0 0 0 1
1 0 0 0 1 0 0 0 1
140 143 273.36351989792684 16.67 3 3 200 201
1 0 0 0 1 0 0 0 1
1 0 0 0 1 0 0 0 1
140 30 154.98357627063066 16.67 3 3 202 203
1 0 0 0 1 0 0 0 1
1 0 0 0 1 0 0 0 1
141 238 1804.642930873866 16.67 3 3 204 205
1 0 0 0 1 0 0 0 1
1 0 0 0 1 0 0 0 1
141 208 516.2597385829104 16.67 3 3 206 207
1 0 0 0 1 0 0 0 1
1 0 0 0 1 0 0 0 1
69 237 118.80559324478475 16.67 3 3 208 209
1 0 0 0 1 0 0 0 1
1 0 0 0 1 0 0 0 1
69 247 883.3605030495535 16.67 3 3 210 211
1 0 0 0 1 0 0 0 1
1 0 0 0 1 0 0 0 1
69 60 727.8162284248192 16.67 3 3 212 213
1 0 0 0 1 0 0 0 1
1 0 0 0 1 0 0 0 1
144 154 540.9587301732988 16.67 3 3 214 215
1 0 0 0 1 0 0 0 1
1 0 0 0 1 0 0 0 1
144 205 566.6438155790311 16.67 3 3 216 217
1 0 0 0 1 0 0 0 1
1 0 0 0 1 0 0 0 1
144 148 417.79858855009945 16.67 3 3 218 219
1 0 0 0 1 0 0 0 1
1 0 0 0 1 0 0 0 1
145 215 836.6081639153756 16.67 3 3 220 221
1 0 0 0 1 0 0 0 1
1 0 0 0 1 0 0 0 1
145 216 621.8274860621392 16.67 3 3 222 223
1 0 0 0 1 0 0 0 1
1 0 0 0 1 0 0 0 1
145 164 376.06313836931287 16.67 3 3 224 225
1 0 0 0 1 0 0 0 1
1 0 0 0 1 0 0 0 1
146 41 130.63416322687422 16.67 3 3 226 227
1 0 0 0 1 0 0 0 1
1 0 0 0 1 0 0 0 1
146 202 901.122770901241 16.67 3 3 228 229
1 0 0 0 1 0 0 0 1
1 0 0 0 1 0 0 0 1
146 44 489.9370159764931 16.67 3 3 230 231
1 0 0 0 1 0 0 0 1
1 0 0 0 1 0 0 0 1
146 166 307.2723697853689 16.67 3 3 232 233
1 0 0 0 1 0 0 0 1
1 0 0 0 1 0 0 0 1
147 165 657.0875346359293 16.67 3 3 234 235
1 0 0 0 1 0 0 0 1
1 0 0 0 1 0 0 0 1
147 221 323.75638047925736 16.67 3 3 236 237
1 0 0 0 1 0 0 0 1
1 0 0 0 1 0 0 0 1
147 218 250.45269351222314 16.67 3 3 238 239
1 0 0 0 1 0 0 0 1
1 0 0 0 1 0 0 0 1
148 157 544.6780449117794 16.67 3 3 240 241
1 0 0 0 1 0 0 0 1
1 0 0 0 1 0 0 0 1
148 161 596.9517882954847 16.67 3 3 242 243
1 0 0 0 1 0 0 0 1
1 0 0 0 1 0 0 0 1
149 34 296.57082630399447 16.67 3 3 244 245
1 0 0 0 1 0 0 0 1
1 0 0 0 1 0 0 0 1
149 160 554.6498991479812 16.67 3 3 246 247
1 0 0 0 1 0 0 0 1
1 0 0 0 1 0 0 0 1
149 176 564.6520115983991 16.67 3 3 248 249
1 0 0 0 1 0 0 0 1
1 0 0 0 1 0 0 0 1
149 197 648.1436419951824 16.67 3 3 250 251
1 0 0 0 1 0 0 0 1
1 0 0 0 1 0 0 0 1
150 36 155.95744551949156 16.67 3 3 252 253
1 0 0 0 1 0 0 0 1
1 0 0 0 1 0 0 0 1
150 37 155.82379014999412 16.67 3 3 254 255
1 0 0 0 1 0 0 0 1
1 0 0 0 1 0 0 0 1
150 25 544.3458109333052 16.67 3 3 256 257
1 0 0 0 1 0 0 0 1
1 0 0 0 1 0 0 0 1
150 38 514.8306227430451 16.67 3 3 258 259
1 0 0 0 1 0 0 0 1
1 0 0 0 1 0 0 0 1
151 211 488.23266712059996 16.67 3 3 260 261
1 0 0 0 1 0 0 0 1
1 0 0 0 1 0 0 0 1
151 152 1045.630391770117 16.67 3 3 262 263
1 0 0 0 1 0 0 0 1
1 0 0 0 1 0 0 0 1
151 218 1022.1697890201655 16.67 3 3 264 265
1 0 0 0 1 0 0 0 1
1 0 0 0 1 0 0 0 1
152 153 488.62814077900885 16.67 3 3 266 267
1 0 0 0 1 0 0 0 1
1 0 0 0 1 0 0 0 1
152 239 1034.3990114038081 16.67 3 3 268 269
1 0 0 0 1 0 0 0 1
1 0 0 0 1 0 0 0 1
153 238 476.68911424799546 16.67 3 3 270 271
1 0 0 0 1 0 0 0 1
1 0 0 0 1 0 0 0 1
153 211 1047.520898179836 16.67 3 3 272 273
1 0 0 0 1 0 0 0 1
1 0 0 0 1 0 0 0 1
153 240 1034.3990114038081 16.67 3 3 274 275
1 0 0 0 1 0 0 0 1
1 0 0 0 1 0 0 0 1
154 157 397.7099162703944 16.67 3 3 276 277
1 0 0 0 1 0 0 0 1
1 0 0 0 1 0 0 0 1
154 207 386.004601987445 16.67 3 3 278 279
1 0 0 0 1 0 0 0 1
1 0 0 0 1 0 0 0 1
154 155 1097.0956092997012 16.67 3 3 280 281
1 0 0 0 1 0 0 0 1
1 0 0 0 1 0 0 0 1
155 158 409.86963879813175 16.67 3 3 282 283
1 0 0 0 1 0 0 0 1
1 0 0 0 1 0 0 0 1
155 159 380.8393972443633 16.67 3 3 284 285
1 0 0 0 1 0 0 0 1
1 0 0 0 1 0 0 0 1
155 244 1029.6084715778593 16.67 3 3 286 287
1 0 0 0 1 0 0 0 1
1 0 0 0 1 0 0 0 1
156 191 402.7150322171068 16.67 3 3 288 289
1 0 0 0 1 0 0 0 1
1 0 0 0 1 0 0 0 1
156 160 764.7746462258348 16.67 3 3 290 291
1 0 0 0 1 0 0 0 1
1 0 0 0 1 0 0 0 1
156 92 1822.1565356068338 16.67 3 3 292 293
1 0 0 0 1 0 0 0 1
1 0 0 0 1 0 0 0 1
157 158 1105.2062514196296 16.67 3 3 294 295
1 0 0 0 1 0 0 0 1
1 0 0 0 1 0 0 0 1
157 177 536.2374139972674 16.67 3 3 296 297
1 0 0 0 1 0 0 0 1
1 0 0 0 1 0 0 0 1
158 178 536.5519114648162 16.67 3 3 298 299
1 0 0 0 1 0 0 0 1
1 0 0 0 1 0 0 0 1
158 204 1023.6971172021539 16.67 3 3 300 301
1 0 0 0 1 0 0 0 1
1 0 0 0 1 0 0 0 1
159 243 1038.1012461261728 16.67 3 3 302 303
1 0 0 0 1 0 0 0 1
1 0 0 0 1 0 0 0 1
159 238 481.8401953277125 16.67 3 3 304 305
1 0 0 0 1 0 0 0 1
1 0 0 0 1 0 0 0 1
159 207 1069.837683398712 16.67 3 3 306 307
1 0 0 0 1 0 0 0 1
1 0 0 0 1 0 0 0 1
160 175 507.9583064866659 16.67 3 3 308 309
1 0 0 0 1 0 0 0 1
1 0 0 0 1 0 0 0 1
160 170 615.8972152882516 16.67 3 3 310 311
1 0 0 0 1 0 0 0 1
1 0 0 0 1 0 0 0 1
161 181 825.8404392348126 16.67 3 3 312 313
1 0 0 0 1 0 0 0 1
1 0 0 0 1 0 0 0 1
161 175 534.20600509469 16.67 3 3 314 315
1 0 0 0 1 0 0 0 1
1 0 0 0 1 0 0 0 1
161 205 441.7761056497393 16.67 3 3 316 317
1 0 0 0 1 0 0 0 1
1 0 0 0 1 0 0 0 1
162 219 624.1390887256483 16.67 3 3 318 319
1 0 0 0 1 0 0 0 1
1 0 0 0 1 0 0 0 1
162 187 832.7126579599378 16.67 3 3 320 321
1 0 0 0 1 0 0 0 1
1 0 0 0 1 0 0 0 1
162 163 209.1904118160708 16.67 3 3 322 323
1 0 0 0 1 0 0 0 1
1 0 0 0 1 0 0 0 1
162 183 278.37389094575354 16.67 3 3 324 325
1 0 0 0 1 0 0 0 1
1 0 0 0 1 0 0 0 1
163 217 623.1211178763813 16.67 3 3 326 327
1 0 0 0 1 0 0 0 1
1 0 0 0 1 0 0 0 1
163 213 832.9200829702355 16.67 3 3 328 329
1 0 0 0 1 0 0 0 1
1 0 0 0 1 0 0 0 1
163 164 265.07832901110737 16.67 3 3 330 331
1 0 0 0 1 0 0 0 1
1 0 0 0 1 0 0 0 1
164 165 623.5643228841899 16.67 3 3 332 333
1 0 0 0 1 0 0 0 1
1 0 0 0 1 0 0 0 1
164 214 831.7901568323332 16.67 3 3 334 335
1 0 0 0 1 0 0 0 1
1 0 0 0 1 0 0 0 1
165 216 344.74920230413994 16.67 3 3 336 337
1 0 0 0 1 0 0 0 1
1 0 0 0 1 0 0 0 1
165 217 265.9899299482578 16.67 3 3 338 339
1 0 0 0 1 0 0 0 1
1 0 0 0 1 0 0 0 1
166 203 449.0513881245312 16.67 3 3 340 341
1 0 0 0 1 0 0 0 1
1 0 0 0 1 0 0 0 1
166 179 886.7269530430835 16.67 3 3 342 343
1 0 0 0 1 0 0 0 1
1 0 0 0 1 0 0 0 1
167 203 289.6642636535077 16.67 3 3 344 345
1 0 0 0 1 0 0 0 1
1 0 0 0 1 0 0 0 1
167 200 491.652258307845 16.67 3 3 346 347
1 0 0 0 1 0 0 0 1
1 0 0 0 1 0 0 0 1
167 201 747.2210535425506 16.67 3 3 348 349
1 0 0 0 1 0 0 0 1
1 0 0 0 1 0 0 0 1
168 173 492.94928311241904 16.67 3 3 350 351
1 0 0 0 1 0 0 0 1
1 0 0 0 1 0 0 0 1
168 192 604.3141571619753 16.67 3 3 352 353
1 0 0 0 1 0 0 0 1
1 0 0 0 1 0 0 0 1
168 193 653.3782265960713 16.67 3 3 354 355
1 0 0 0 1 0 0 0 1
1 0 0 0 1 0 0 0 1
169 245 839.523943072284 16.67 3 3 356 357
1 0 0 0 1 0 0 0 1
1 0 0 0 1 0 0 0 1
169 189 920.4544898350844 16.67 3 3 358 359
1 0 0 0 1 0 0 0 1
1 0 0 0 1 0 0 0 1
169 108 861.6953586459298 16.67 3 3 360 361
1 0 0 0 1 0 0 0 1
1 0 0 0 1 0 0 0 1
169 192 695.7038790442926 16.67 3 3 362 363
1 0 0 0 1 0 0 0 1
1 0 0 0 1 0 0 0 1
170 173 605.4473673581278 16.67 3 3 364 365
1 0 0 0 1 0 0 0 1
1 0 0 0 1 0 0 0 1
170 192 499.9733982187513 16.67 3 3 366 367
1 0 0 0 1 0 0 0 1
1 0 0 0 1 0 0 0 1
170 171 691.8206171754221 16.67 3 3 368 369
1 0 0 0 1 0 0 0 1
1 0 0 0 1 0 0 0 1
171 188 881.4124305817527 16.67 3 3 370 371
1 0 0 0 1 0 0 0 1
1 0 0 0 1 0 0 0 1
172 173 655.6235252826435 16.67 3 3 372 373
1 0 0 0 1 0 0 0 1
1 0 0 0 1 0 0 0 1
172 174 1176.3401516341971 16.67 3 3 374 375
1 0 0 0 1 0 0 0 1
1 0 0 0 1 0 0 0 1
172 193 490.95058383801006 16.67 3 3 376 377
1 0 0 0 1 0 0 0 1
1 0 0 0 1 0 0 0 1
172 35 262.3943629517207 16.67 3 3 378 379
1 0 0 0 1 0 0 0 1
1 0 0 0 1 0 0 0 1
173 34 260.5831785088019 16.67 3 3 380 381
1 0 0 0 1 0 0 0 1
1 0 0 0 1 0 0 0 1
174 194 492.83850338643396 16.67 3 3 382 383
1 0 0 0 1 0 0 0 1
1 0 0 0 1 0 0 0 1
174 39 72.00862539909176 16.67 3 3 384 385
1 0 0 0 1 0 0 0 1
1 0 0 0 1 0 0 0 1
175 191 790.1304275467584 16.67 3 3 386 387
1 0 0 0 1 0 0 0 1
1 0 0 0 1 0 0 0 1
175 176 516.176920518525 16.67 3 3 388 389
1 0 0 0 1 0 0 0 1
1 0 0 0 1 0 0 0 1
176 177 656.7317233250832 16.67 3 3 390 391
1 0 0 0 1 0 0 0 1
1 0 0 0 1 0 0 0 1
177 197 587.238959786415 16.67 3 3 392 393
1 0 0 0 1 0 0 0 1
1 0 0 0 1 0 0 0 1
177 178 1127.178031634347 16.67 3 3 394 395
1 0 0 0 1 0 0 0 1
1 0 0 0 1 0 0 0 1
178 242 1029.190836725136 16.67 3 3 396 397
1 0 0 0 1 0 0 0 1
1 0 0 0 1 0 0 0 1
179 207 1090.5567409732755 16.67 3 3 398 399
1 0 0 0 1 0 0 0 1
1 0 0 0 1 0 0 0 1
179 210 368.7367410425274 16.67 3 3 400 401
1 0 0 0 1 0 0 0 1
1 0 0 0 1 0 0 0 1
180 58 556.5309070897229 16.67 3 3 402 403
1 0 0 0 1 0 0 0 1
1 0 0 0 1 0 0 0 1
180 200 336.39457553391145 16.67 3 3 404 405
1 0 0 0 1 0 0 0 1
1 0 0 0 1 0 0 0 1
180 201 650.9201151950003 16.67 3 3 406 407
1 0 0 0 1 0 0 0 1
1 0 0 0 1 0 0 0 1
181 191 536.2750985025579 16.67 3 3 408 409
1 0 0 0 1 0 0 0 1
1 0 0 0 1 0 0 0 1
181 203 478.8223697766022 16.67 3 3 410 411
1 0 0 0 1 0 0 0 1
1 0 0 0 1 0 0 0 1
181 200 272.70432291020785 16.67 3 3 412 413
1 0 0 0 1 0 0 0 1
1 0 0 0 1 0 0 0 1
70 237 114.69401361583014 16.67 3 3 414 415
1 0 0 0 1 0 0 0 1
1 0 0 0 1 0 0 0 1
70 247 886.1726412658985 16.67 3 3 416 417
1 0 0 0 1 0 0 0 1
1 0 0 0 1 0 0 0 1
70 59 728.9286177953551 16.67 3 3 418 419
1 0 0 0 1 0 0 0 1
1 0 0 0 1 0 0 0 1
182 183 1278.6917101413096 16.67 3 3 420 421
1 0 0 0 1 0 0 0 1
1 0 0 0 1 0 0 0 1
182 210 494.0864689012334 16.67 3 3 422 423
1 0 0 0 1 0 0 0 1
1 0 0 0 1 0 0 0 1
182 211 1021.3699457895962 16.67 3 3 424 425
1 0 0 0 1 0 0 0 1
1 0 0 0 1 0 0 0 1
182 220 267.38480337342475 16.67 3 3 426 427
1 0 0 0 1 0 0 0 1
1 0 0 0 1 0 0 0 1
183 212 834.6364130998674 16.67 3 3 428 429
1 0 0 0 1 0 0 0 1
1 0 0 0 1 0 0 0 1
183 44 242.4805217283343 16.67 3 3 430 431
1 0 0 0 1 0 0 0 1
1 0 0 0 1 0 0 0 1
184 204 772.4480699264117 16.67 3 3 432 433
1 0 0 0 1 0 0 0 1
1 0 0 0 1 0 0 0 1
184 198 534.8154160277313 16.67 3 3 434 435
1 0 0 0 1 0 0 0 1
1 0 0 0 1 0 0 0 1
184 206 425.43092781693855 16.67 3 3 436 437
1 0 0 0 1 0 0 0 1
1 0 0 0 1 0 0 0 1
187 212 274.7488608425974 16.67 3 3 438 439
1 0 0 0 1 0 0 0 1
1 0 0 0 1 0 0 0 1
187 213 217.7668392715995 16.67 3 3 440 441
1 0 0 0 1 0 0 0 1
1 0 0 0 1 0 0 0 1
188 75 978.5108430440679 16.67 3 3 442 443
1 0 0 0 1 0 0 0 1
1 0 0 0 1 0 0 0 1
188 88 190.05182117205902 16.67 3 3 444 445
1 0 0 0 1 0 0 0 1
1 0 0 0 1 0 0 0 1
188 8 214.3685146115393 16.67 3 3 446 447
1 0 0 0 1 0 0 0 1
1 0 0 0 1 0 0 0 1
189 33 1944.841096082079 16.67 3 3 448 449
1 0 0 0 1 0 0 0 1
1 0 0 0 1 0 0 0 1
189 186 590.5273479671024 16.67 3 3 450 451
1 0 0 0 1 0 0 0 1
1 0 0 0 1 0 0 0 1
190 54 190.4890177064106 16.67 3 3 452 453
1 0 0 0 1 0 0 0 1
1 0 0 0 1 0 0 0 1
190 55 190.03731404702356 16.67 3 3 454 455
1 0 0 0 1 0 0 0 1
1 0 0 0 1 0 0 0 1
193 194 1201.0995477444874 16.67 3 3 456 457
1 0 0 0 1 0 0 0 1
1 0 0 0 1 0 0 0 1
193 33 962.6175784377248 16.67 3 3 458 459
1 0 0 0 1 0 0 0 1
1 0 0 0 1 0 0 0 1
34 35 648.3746537492929 16.67 3 3 460 461
1 0 0 0 1 0 0 0 1
1 0 0 0 1 0 0 0 1
194 25 1183.9283117232403 16.67 3 3 462 463
1 0 0 0 1 0 0 0 1
1 0 0 0 1 0 0 0 1
195 196 76.426119433911 16.67 3 3 464 465
1 0 0 0 1 0 0 0 1
1 0 0 0 1 0 0 0 1
195 40 51.88891088967823 16.67 3 3 466 467
1 0 0 0 1 0 0 0 1
1 0 0 0 1 0 0 0 1
195 198 658.0730459005227 16.67 3 3 468 469
1 0 0 0 1 0 0 0 1
1 0 0 0 1 0 0 0 1
5 75 275.8072502761788 16.67 3 3 470 471
1 0 0 0 1 0 0 0 1
1 0 0 0 1 0 0 0 1
5 85 434.46785485453785 16.67 3 3 472 473
1 0 0 0 1 0 0 0 1
1 0 0 0 1 0 0 0 1
5 97 258.5110888491938 16.67 3 3 474 475
1 0 0 0 1 0 0 0 1
1 0 0 0 1 0 0 0 1
197 35 273.01211207265044 16.67 3 3 476 477
1 0 0 0 1 0 0 0 1
1 0 0 0 1 0 0 0 1
196 38 359.86067312365924 16.67 3 3 478 479
1 0 0 0 1 0 0 0 1
1 0 0 0 1 0 0 0 1
198 242 752.4697969887948 16.67 3 3 480 481
1 0 0 0 1 0 0 0 1
1 0 0 0 1 0 0 0 1
199 202 266.3483350484372 16.67 3 3 482 483
1 0 0 0 1 0 0 0 1
1 0 0 0 1 0 0 0 1
199 41 743.4138902862015 16.67 3 3 484 485
1 0 0 0 1 0 0 0 1
1 0 0 0 1 0 0 0 1
199 201 183.59582716953713 16.67 3 3 486 487
1 0 0 0 1 0 0 0 1
1 0 0 0 1 0 0 0 1
202 50 707.3096469914968 16.67 3 3 488 489
1 0 0 0 1 0 0 0 1
1 0 0 0 1 0 0 0 1
203 205 858.9552733042173 16.67 3 3 490 491
1 0 0 0 1 0 0 0 1
1 0 0 0 1 0 0 0 1
204 244 424.7935621654358 16.67 3 3 492 493
1 0 0 0 1 0 0 0 1
1 0 0 0 1 0 0 0 1
204 242 535.9604473954182 16.67 3 3 494 495
1 0 0 0 1 0 0 0 1
1 0 0 0 1 0 0 0 1
206 244 773.0500550196199 16.67 3 3 496 497
1 0 0 0 1 0 0 0 1
1 0 0 0 1 0 0 0 1
206 208 384.99471925908307 16.67 3 3 498 499
1 0 0 0 1 0 0 0 1
1 0 0 0 1 0 0 0 1
23 80 405.38565240815433 16.67 3 3 500 501
1 0 0 0 1 0 0 0 1
1 0 0 0 1 0 0 0 1
208 243 770.6295244791374 16.67 3 3 502 503
1 0 0 0 1 0 0 0 1
1 0 0 0 1 0 0 0 1
209 210 1057.1955598590064 16.67 3 3 504 505
1 0 0 0 1 0 0 0 1
1 0 0 0 1 0 0 0 1
209 211 483.7760000700158 16.67 3 3 506 507
1 0 0 0 1 0 0 0 1
1 0 0 0 1 0 0 0 1
209 238 1060.1064030576076 16.67 3 3 508 509
1 0 0 0 1 0 0 0 1
1 0 0 0 1 0 0 0 1
212 232 954.9344714465811 16.67 3 3 510 511
1 0 0 0 1 0 0 0 1
1 0 0 0 1 0 0 0 1
212 225 1929.1963343152079 16.67 3 3 512 513
1 0 0 0 1 0 0 0 1
1 0 0 0 1 0 0 0 1
213 60 1030.193760406589 16.67 3 3 514 515
1 0 0 0 1 0 0 0 1
1 0 0 0 1 0 0 0 1
213 59 1030.9974892411426 16.67 3 3 516 517
1 0 0 0 1 0 0 0 1
1 0 0 0 1 0 0 0 1
214 215 414.99588866764043 16.67 3 3 518 519
1 0 0 0 1 0 0 0 1
1 0 0 0 1 0 0 0 1
215 224 1810.2437805500904 16.67 3 3 520 521
1 0 0 0 1 0 0 0 1
1 0 0 0 1 0 0 0 1
216 221 657.6677941746364 16.67 3 3 522 523
1 0 0 0 1 0 0 0 1
1 0 0 0 1 0 0 0 1
217 218 656.1467607528036 16.67 3 3 524 525
1 0 0 0 1 0 0 0 1
1 0 0 0 1 0 0 0 1
217 219 202.75993647543498 16.67 3 3 526 527
1 0 0 0 1 0 0 0 1
1 0 0 0 1 0 0 0 1
218 220 209.6986265833475 16.67 3 3 528 529
1 0 0 0 1 0 0 0 1
1 0 0 0 1 0 0 0 1
219 220 657.2302309129783 16.67 3 3 530 531
1 0 0 0 1 0 0 0 1
1 0 0 0 1 0 0 0 1
6 86 784.4977187766626 16.67 3 3 532 533
1 0 0 0 1 0 0 0 1
1 0 0 0 1 0 0 0 1
6 105 637.6210491158325 16.67 3 3 534 535
1 0 0 0 1 0 0 0 1
1 0 0 0 1 0 0 0 1
6 101 264.99074353297954 16.67 3 3 536 537
1 0 0 0 1 0 0 0 1
1 0 0 0 1 0 0 0 1
222 45 102.12754369076444 16.67 3 3 538 539
1 0 0 0 1 0 0 0 1
1 0 0 0 1 0 0 0 1
222 223 1337.0353207306696 16.67 3 3 540 541
1 0 0 0 1 0 0 0 1
1 0 0 0 1 0 0 0 1
222 46 101.96855997618242 16.67 3 3 542 543
1 0 0 0 1 0 0 0 1
1 0 0 0 1 0 0 0 1
223 226 1189.1363453450463 16.67 3 3 544 545
1 0 0 0 1 0 0 0 1
1 0 0 0 1 0 0 0 1
223 224 771.7836884954132 16.67 3 3 546 547
1 0 0 0 1 0 0 0 1
1 0 0 0 1 0 0 0 1
224 237 558.3836664055202 16.67 3 3 548 549
1 0 0 0 1 0 0 0 1
1 0 0 0 1 0 0 0 1
225 232 974.588129508649 16.67 3 3 550 551
1 0 0 0 1 0 0 0 1
1 0 0 0 1 0 0 0 1
225 237 579.6454870801508 16.67 3 3 552 553
1 0 0 0 1 0 0 0 1
1 0 0 0 1 0 0 0 1
225 226 641.0497477177902 16.67 3 3 554 555
1 0 0 0 1 0 0 0 1
1 0 0 0 1 0 0 0 1
226 246 1344.8689921003543 16.67 3 3 556 557
1 0 0 0 1 0 0 0 1
1 0 0 0 1 0 0 0 1
226 230 651.0905040505946 16.67 3 3 558 559
1 0 0 0 1 0 0 0 1
1 0 0 0 1 0 0 0 1
231 233 558.7246745100358 16.67 3 3 560 561
1 0 0 0 1 0 0 0 1
1 0 0 0 1 0 0 0 1
7 75 183.5815061591786 16.67 3 3 562 563
1 0 0 0 1 0 0 0 1
1 0 0 0 1 0 0 0 1
7 8 965.2492712363226 16.67 3 3 564 565
1 0 0 0 1 0 0 0 1
1 0 0 0 1 0 0 0 1
7 94 346.5097867524088 16.67 3 3 566 567
1 0 0 0 1 0 0 0 1
1 0 0 0 1 0 0 0 1
232 233 314.5104170634253 16.67 3 3 568 569
1 0 0 0 1 0 0 0 1
1 0 0 0 1 0 0 0 1
234 247 543.2162673905078 16.67 3 3 570 571
1 0 0 0 1 0 0 0 1
1 0 0 0 1 0 0 0 1
234 235 227.9639368974376 16.67 3 3 572 573
1 0 0 0 1 0 0 0 1
1 0 0 0 1 0 0 0 1
235 63 1093.8057376666595 16.67 3 3 574 575
1 0 0 0 1 0 0 0 1
1 0 0 0 1 0 0 0 1
235 52 167.7860837983701 16.67 3 3 576 577
1 0 0 0 1 0 0 0 1
1 0 0 0 1 0 0 0 1
1 2 91.18546434708425 16.67 3 3 578 579
1 0 0 0 1 0 0 0 1
1 0 0 0 1 0 0 0 1
1 73 966.1405149024644 16.67 3 3 580 581
1 0 0 0 1 0 0 0 1
1 0 0 0 1 0 0 0 1
239 240 488.62814077900885 16.67 3 3 582 583
1 0 0 0 1 0 0 0 1
1 0 0 0 1 0 0 0 1
239 241 386.1835636529864 16.67 3 3 584 585
1 0 0 0 1 0 0 0 1
1 0 0 0 1 0 0 0 1
241 29 872.2654269854122 16.67 3 3 586 587
1 0 0 0 1 0 0 0 1
1 0 0 0 1 0 0 0 1
38 39 1674.7001379247165 16.67 3 3 588 589
1 0 0 0 1 0 0 0 1
1 0 0 0 1 0 0 0 1
243 244 374.767867046632 16.67 3 3 590 591
1 0 0 0 1 0 0 0 1
1 0 0 0 1 0 0 0 1
43 44 856.2643371065777 16.67 3 3 592 593
1 0 0 0 1 0 0 0 1
1 0 0 0 1 0 0 0 1
9 86 255.87876824604737 16.67 3 3 594 595
1 0 0 0 1 0 0 0 1
1 0 0 0 1 0 0 0 1
9 89 267.956308616743 16.67 3 3 596 597
1 0 0 0 1 0 0 0 1
1 0 0 0 1 0 0 0 1
9 106 237.1994032687413 16.67 3 3 598 599
1 0 0 0 1 0 0 0 1
1 0 0 0 1 0 0 0 1
245 185 671.866794561756 16.67 3 3 600 601
1 0 0 0 1 0 0 0 1
1 0 0 0 1 0 0 0 1
246 49 309.64617438669706 16.67 3 3 602 603
1 0 0 0 1 0 0 0 1
1 0 0 0 1 0 0 0 1
246 53 309.70873855575053 16.67 3 3 604 605
1 0 0 0 1 0 0 0 1
1 0 0 0 1 0 0 0 1
17 3 469.0939167654241 16.67 3 3 606 607
1 0 0 0 1 0 0 0 1
1 0 0 0 1 0 0 0 1
17 112 1017.1292465047152 16.67 3 3 608 609
1 0 0 0 1 0 0 0 1
1 0 0 0 1 0 0 0 1
18 110 343.0747525312632 16.67 3 3 610 611
1 0 0 0 1 0 0 0 1
1 0 0 0 1 0 0 0 1
18 80 408.2394755881556 16.67 3 3 612 613
1 0 0 0 1 0 0 0 1
1 0 0 0 1 0 0 0 1
11 97 440.81925095414374 16.67 3 3 614 615
1 0 0 0 1 0 0 0 1
1 0 0 0 1 0 0 0 1
11 85 256.993547153403 16.67 3 3 616 617
1 0 0 0 1 0 0 0 1
1 0 0 0 1 0 0 0 1
11 72 343.66806825308447 16.67 3 3 618 619
1 0 0 0 1 0 0 0 1
1 0 0 0 1 0 0 0 1
19 3 879.6319735256609 16.67 3 3 620 621
1 0 0 0 1 0 0 0 1
1 0 0 0 1 0 0 0 1
19 77 372.4520106365762 16.67 3 3 622 623
1 0 0 0 1 0 0 0 1
1 0 0 0 1 0 0 0 1
19 111 68.83158332534583 16.67 3 3 624 625
1 0 0 0 1 0 0 0 1
1 0 0 0 1 0 0 0 1
12 98 320.18780684214266 16.67 3 3 626 627
1 0 0 0 1 0 0 0 1
1 0 0 0 1 0 0 0 1
12 107 425.80024086471764 16.67 3 3 628 629
1 0 0 0 1 0 0 0 1
1 0 0 0 1 0 0 0 1
12 108 565.0650729285769 16.67 3 3 630 631
1 0 0 0 1 0 0 0 1
1 0 0 0 1 0 0 0 1
13 76 399.6867369571022 16.67 3 3 632 633
1 0 0 0 1 0 0 0 1
1 0 0 0 1 0 0 0 1
13 99 508.2441788133713 16.67 3 3 634 635
1 0 0 0 1 0 0 0 1
1 0 0 0 1 0 0 0 1
13 101 1298.837410799062 16.67 3 3 636 637
1 0 0 0 1 0 0 0 1
1 0 0 0 1 0 0 0 1
71 92 831.982662217074 16.67 3 3 638 639
1 0 0 0 1 0 0 0 1
1 0 0 0 1 0 0 0 1
71 91 972.7044920506518 16.67 3 3 640 641
1 0 0 0 1 0 0 0 1
1 0 0 0 1 0 0 0 1
71 72 233.39431012084486 16.67 3 3 642 643
1 0 0 0 1 0 0 0 1
1 0 0 0 1 0 0 0 1
72 82 581.3585221309503 16.67 3 3 644 645
1 0 0 0 1 0 0 0 1
1 0 0 0 1 0 0 0 1
72 90 231.85725595086953 16.67 3 3 646 647
1 0 0 0 1 0 0 0 1
1 0 0 0 1 0 0 0 1
4 67 808.4594936633748 16.67 3 3 648 649
1 0 0 0 1 0 0 0 1
1 0 0 0 1 0 0 0 1
4 80 620.697659391651 16.67 3 3 650 651
1 0 0 0 1 0 0 0 1
1 0 0 0 1 0 0 0 1
74 90 742.6215640179596 16.67 3 3 652 653
1 0 0 0 1 0 0 0 1
1 0 0 0 1 0 0 0 1
74 91 225.59424049165008 16.67 3 3 654 655
1 0 0 0 1 0 0 0 1
1 0 0 0 1 0 0 0 1
74 96 778.4418899665545 16.67 3 3 656 657
1 0 0 0 1 0 0 0 1
1 0 0 0 1 0 0 0 1
74 81 598.2359556349662 16.67 3 3 658 659
1 0 0 0 1 0 0 0 1
1 0 0 0 1 0 0 0 1
75 87 209.11185886078746 16.67 3 3 660 661
1 0 0 0 1 0 0 0 1
1 0 0 0 1 0 0 0 1
76 100 520.9905068939233 16.67 3 3 662 663
1 0 0 0 1 0 0 0 1
1 0 0 0 1 0 0 0 1
77 92 325.296792797181 16.67 3 3 664 665
1 0 0 0 1 0 0 0 1
1 0 0 0 1 0 0 0 1
78 82 310.02662410871034 16.67 3 3 666 667
1 0 0 0 1 0 0 0 1
1 0 0 0 1 0 0 0 1
78 90 593.558978061955 16.67 3 3 668 669
1 0 0 0 1 0 0 0 1
1 0 0 0 1 0 0 0 1
78 89 162.79770468205894 16.67 3 3 670 671
1 0 0 0 1 0 0 0 1
1 0 0 0 1 0 0 0 1
78 81 643.2099295062812 16.67 3 3 672 673
1 0 0 0 1 0 0 0 1
1 0 0 0 1 0 0 0 1
79 96 618.2982002032257 16.67 3 3 674 675
1 0 0 0 1 0 0 0 1
1 0 0 0 1 0 0 0 1
79 104 385.8763929513595 16.67 3 3 676 677
1 0 0 0 1 0 0 0 1
1 0 0 0 1 0 0 0 1
79 56 988.3758158252004 16.67 3 3 678 679
1 0 0 0 1 0 0 0 1
1 0 0 0 1 0 0 0 1
79 57 988.0458091974774 16.67 3 3 680 681
1 0 0 0 1 0 0 0 1
1 0 0 0 1 0 0 0 1
14 102 548.8939268321363 16.67 3 3 682 683
1 0 0 0 1 0 0 0 1
1 0 0 0 1 0 0 0 1
14 98 577.2198434953189 16.67 3 3 684 685
1 0 0 0 1 0 0 0 1
1 0 0 0 1 0 0 0 1
14 108 296.75885747963565 16.67 3 3 686 687
1 0 0 0 1 0 0 0 1
1 0 0 0 1 0 0 0 1
59 64 291.60428206384745 16.67 3 3 688 689
1 0 0 0 1 0 0 0 1
1 0 0 0 1 0 0 0 1
81 105 400.23353114157413 16.67 3 3 690 691
1 0 0 0 1 0 0 0 1
1 0 0 0 1 0 0 0 1
82 83 353.7208654861229 16.67 3 3 692 693
1 0 0 0 1 0 0 0 1
1 0 0 0 1 0 0 0 1
82 84 334.83964615893115 16.67 3 3 694 695
1 0 0 0 1 0 0 0 1
1 0 0 0 1 0 0 0 1
83 85 313.20092100991167 16.67 3 3 696 697
1 0 0 0 1 0 0 0 1
1 0 0 0 1 0 0 0 1
83 93 439.43064096133327 16.67 3 3 698 699
1 0 0 0 1 0 0 0 1
1 0 0 0 1 0 0 0 1
84 85 342.0616926082863 16.67 3 3 700 701
1 0 0 0 1 0 0 0 1
1 0 0 0 1 0 0 0 1
86 105 458.19542571898756 16.67 3 3 702 703
1 0 0 0 1 0 0 0 1
1 0 0 0 1 0 0 0 1
86 89 288.13130639643305 16.67 3 3 704 705
1 0 0 0 1 0 0 0 1
1 0 0 0 1 0 0 0 1
87 88 979.7088358997186 16.67 3 3 706 707
1 0 0 0 1 0 0 0 1
1 0 0 0 1 0 0 0 1
87 107 258.6915598004037 16.67 3 3 708 709
1 0 0 0 1 0 0 0 1
1 0 0 0 1 0 0 0 1
88 108 263.98556835211485 16.67 3 3 710 711
1 0 0 0 1 0 0 0 1
1 0 0 0 1 0 0 0 1
90 10 235.9839362370405 16.67 3 3 712 713
1 0 0 0 1 0 0 0 1
1 0 0 0 1 0 0 0 1
93 99 376.19182143639034 16.67 3 3 714 715
1 0 0 0 1 0 0 0 1
1 0 0 0 1 0 0 0 1
93 107 428.9319646908616 16.67 3 3 716 717
1 0 0 0 1 0 0 0 1
1 0 0 0 1 0 0 0 1
93 106 350.78242800472 16.67 3 3 718 719
1 0 0 0 1 0 0 0 1
1 0 0 0 1 0 0 0 1
96 95 628.870948679676 16.67 3 3 720 721
1 0 0 0 1 0 0 0 1
1 0 0 0 1 0 0 0 1
98 100 426.2916896231098 16.67 3 3 722 723
1 0 0 0 1 0 0 0 1
1 0 0 0 1 0 0 0 1
99 100 411.70283524038234 16.67 3 3 724 725
1 0 0 0 1 0 0 0 1
1 0 0 0 1 0 0 0 1
100 107 344.05944593455257 16.67 3 3 726 727
1 0 0 0 1 0 0 0 1
1 0 0 0 1 0 0 0 1
101 105 902.4908741921374 16.67 3 3 728 729
1 0 0 0 1 0 0 0 1
1 0 0 0 1 0 0 0 1
103 26 1488.6761102993714 16.67 3 3 732 733
1 0 0 0 1 0 0 0 1
1 0 0 0 1 0 0 0 1
103 15 439.6773729664921 16.67 3 3 734 735
1 0 0 0 1 0 0 0 1
1 0 0 0 1 0 0 0 1
103 104 667.9133923440468 16.67 3 3 736 737
1 0 0 0 1 0 0 0 1
1 0 0 0 1 0 0 0 1
103 109 190.59196083316388 16.67 3 3 738 739
1 0 0 0 1 0 0 0 1
1 0 0 0 1 0 0 0 1
102 16 709.5375466424106 16.67 3 3 740 741
1 0 0 0 1 0 0 0 1
1 0 0 0 1 0 0 0 1
109 27 237.44416083011987 16.67 3 3 742 743
1 0 0 0 1 0 0 0 1
1 0 0 0 1 0 0 0 1
109 28 249.09239545014103 16.67 3 3 744 745
1 0 0 0 1 0 0 0 1
1 0 0 0 1 0 0 0 1
111 112 397.58676440425114 16.67 3 3 746 747
1 0 0 0 1 0 0 0 1
1 0 0 0 1 0 0 0 1
190
1 578 -1 580 33
3 5 607 621 49
4 648 135 650 45
5 472 474 -1 470
6 -1 534 532 536
7 -1 566 564 562
8 565 69 -1 447
9 594 596 598 -1
11 618 -1 614 616
12 628 -1 630 626
13 636 634 632 -1
14 684 686 -1 682
17 -1 89 608 606
18 -1 612 610 65
19 620 624 -1 622
23 41 500 -1 63
24 -1 142 140 144
25 463 -1 257 141
29 197 -1 587 191
32 70 13 -1 68
33 449 459 -1 143
34 -1 245 460 381
35 461 477 -1 379
38 588 479 -1 259
42 60 -1 56 58
44 593 431 -1 231
48 18 16 -1 20
50 127 -1 489 137
59 419 -1 517 688
60 213 37 515 -1
62 -1 38 36 34
65 96 -1 92 94
66 102 98 100 -1
69 208 -1 212 210
70 414 416 418 -1
71 640 53 638 642
72 646 643 619 644
73 581 47 -1 31
74 656 654 652 658
75 471 563 443 660
76 633 662 97 103
77 55 623 25 664
78 672 668 666 670
79 678 674 676 680
80 651 117 613 501
81 -1 659 673 690
82 667 645 692 694
83 693 696 -1 698
85 701 617 473 697
86 702 704 595 533
87 -1 661 706 708
88 707 445 -1 710
89 705 671 -1 597
90 653 712 647 669
91 -1 67 641 655
92 639 665 7 293
93 718 699 716 714
96 720 27 657 675
98 722 627 685 -1
99 -1 715 724 635
100 725 726 723 663
101 728 537 637 -1
102 93 683 99 740
103 738 734 736 732
105 535 691 703 729
107 717 709 629 727
108 631 711 361 687
109 744 -1 739 742
111 -1 746 75 625
114 6 8 10 -1
115 9 14 -1 12
116 24 22 -1 15
117 28 30 32 26
118 42 44 40 46
119 50 48 54 52
120 62 64 51 66
121 74 72 76 23
122 84 80 82 78
123 86 90 85 88
124 108 110 106 104
125 114 112 87 116
126 120 122 124 118
127 130 128 126 91
128 132 119 115 134
130 136 138 -1 81
131 156 154 150 152
132 162 160 158 164
133 170 153 168 166
134 169 172 174 176
135 182 184 180 178
136 186 188 -1 173
137 -1 192 190 175
138 151 -1 194 187
139 189 195 196 193
140 198 200 202 161
141 204 165 -1 206
144 216 59 214 218
145 220 -1 222 224
146 226 230 232 228
147 234 236 171 238
148 242 219 240 -1
149 246 248 250 244
150 256 258 254 252
151 264 167 262 260
152 263 177 268 266
153 272 267 274 270
154 215 278 280 276
155 281 284 286 282
156 11 288 290 292
157 241 277 294 296
158 295 283 300 298
159 306 304 302 285
160 291 308 247 310
161 312 316 243 314
162 320 322 318 324
163 328 330 326 323
164 334 225 332 331
165 333 336 235 338
166 233 -1 342 340
167 348 -1 344 346
168 352 350 354 -1
169 356 360 362 358
170 368 311 364 366
172 372 378 374 376
173 365 380 373 351
174 375 179 384 382
175 386 315 388 309
176 389 -1 390 249
177 391 297 394 392
178 395 299 396 185
179 343 400 398 61
180 -1 406 404 402
181 412 410 313 408
182 420 426 424 422
183 428 325 421 430
184 432 436 -1 434
187 -1 440 321 438
188 442 446 371 444
189 -1 359 448 450
190 452 145 -1 454
191 -1 409 387 289
192 363 367 353 -1
193 355 377 456 458
194 457 383 462 -1
195 181 468 466 464
197 251 393 183 476
198 480 435 -1 469
199 -1 482 484 486
200 405 347 413 -1
201 83 487 349 407
202 488 147 229 483
203 345 341 490 411
204 301 492 433 494
205 491 -1 217 317
206 496 498 -1 437
207 57 399 307 279
208 502 207 159 499
209 504 506 508 -1
210 -1 423 505 401
211 425 261 273 507
212 512 439 429 510
213 516 514 329 441
215 520 -1 221 519
216 223 -1 522 337
217 327 339 524 526
218 525 239 265 528
219 319 527 530 -1
220 531 529 -1 427
221 523 -1 157 237
222 542 538 540 17
223 541 -1 546 544
224 547 -1 521 548
225 554 552 513 550
226 556 545 555 558
230 125 559 131 113
231 149 560 139 79
232 551 -1 511 568
233 569 105 -1 561
234 572 -1 107 570
235 39 576 573 574
237 209 549 415 553
238 509 271 205 305
239 269 584 -1 582
240 275 583 163 -1
242 397 495 481 -1
243 303 -1 503 590
244 287 591 497 493
245 101 95 357 600
246 604 21 557 602
247 211 571 111 417
