431
1 3600 90
3
330 61 56
1 3600 67
3
417 414 476
1 3600 67
14
329 324 333 61 54 84 442 393 345 342 261 262 480 311
1 3600 67
9
327 330 61 58 445 85 82 299 300
1 3600 177
7
451 417 301 11 9 6 219
1 3600 372
20
333 61 54 84 442 393 394 195 145 140 137 121 117 110 461 429 355 287 231 201
1 3600 372
18
435 421 407 403 404 413 410 470 317 265 93 94 125 126 203 181 178 468
1 3600 40
5
61 58 445 442 393
1 3600 66
18
330 61 54 84 442 433 430 375 378 33 34 396 147 140 137 133 115 112
1 3600 232
14
329 324 333 61 54 82 299 11 12 466 313 308 424 462
1 3600 372
18
435 421 407 403 404 436 323 27 24 38 297 294 81 76 86 191 165 168
1 3600 372
18
83 84 442 393 345 342 139 133 134 317 314 440 129 122 198 213 171 176
1 3600 338
7
58 445 442 433 430 375 378
1 3600 338
13
57 54 84 442 393 345 143 140 418 436 323 318 399
1 3600 372
14
417 301 11 12 17 20 313 269 233 230 288 267 243 246
1 3600 372
17
333 61 58 445 442 393 394 195 145 146 404 413 410 255 252 369 362
1 3600 372
21
327 330 61 54 82 299 11 9 6 238 270 426 315 249 250 371 369 362 361 223 226
1 3600 372
11
327 330 61 54 84 442 433 430 335 109 104
1 3600 372
16
61 54 82 451 435 421 407 403 404 436 323 27 28 400 389 386
1 3600 372
19
327 324 333 61 58 445 442 393 345 342 139 121 117 114 134 471 255 252 372
1 3600 372
21
449 417 301 11 9 6 219 220 205 202 127 124 95 89 63 66 367 362 361 277 280
1 3600 372
21
450 299 11 12 466 313 269 270 355 287 288 267 243 244 69 64 365 362 361 277 278
1 3600 47
5
415 416 450 83 55
1 3600 47
5
416 450 83 55 56
1 3600 77
3
9 2 20
1 3600 60
6
21 3 6 240 257 258
1 3600 60
4
3 6 240 348
1 3600 60
5
5 6 240 257 258
1 3600 207
15
477 415 301 11 12 466 313 269 233 217 220 341 161 162 455
1 3600 372
9
17 3 6 219 214 157 158 304 452
1 3600 90
3
260 343 344
1 3600 53
4
2 20 313 308
1 3600 53
8
465 466 313 310 119 120 136 141
1 3600 61
12
11 12 466 313 308 424 460 472 317 265 243 244
1 3600 219
13
313 308 424 429 426 440 289 290 235 236 197 167 168
1 3600 372
16
17 20 313 308 113 114 130 410 255 250 371 369 362 361 223 224
1 3600 372
9
467 13 14 260 343 143 146 397 359
1 3600 248
14
303 11 14 262 480 119 120 136 418 436 323 318 381 71
1 3600 372
14
415 301 11 9 6 238 270 426 315 265 243 246 296 39
1 3600 372
13
12 466 313 269 233 230 288 267 93 89 63 66 367
1 3600 372
15
313 269 270 355 287 288 267 243 91 63 64 365 362 361 223
1 3600 372
6
415 416 435 430 335 336
1 3600 372
16
415 301 11 14 260 343 193 194 423 377 378 33 30 107 101 102
1 3600 372
14
301 11 9 2 20 313 308 113 110 472 317 249 252 372
1 3600 372
18
11 9 6 219 216 201 202 127 124 53 45 40 77 80 485 367 362 384
1 3600 372
15
20 313 308 113 114 134 471 255 250 371 369 362 361 277 278
1 3600 196
11
239 7 8 10 298 83 84 444 59 60 331
1 3600 41
8
221 218 7 8 10 300 414 476
1 3600 41
6
256 241 7 8 10 300
1 3600 71
5
238 268 312 21 18
1 3600 46
3
219 220 205
1 3600 46
4
240 257 157 162
1 3600 372
7
257 215 220 341 338 179 182
1 3600 310
7
19 16 13 14 260 343 344
1 3600 62
6
230 286 354 428 460 472
1 3600 25
5
270 426 440 267 93
1 3600 58
5
238 233 201 181 184
1 3600 372
6
205 181 184 197 198 458
1 3600 372
13
241 238 268 310 119 120 136 141 146 402 408 379 374
1 3600 310
14
347 257 215 216 230 288 267 243 244 272 37 25 26 320
1 3600 266
12
157 158 306 177 170 169 164 190 87 77 80 485
1 3600 372
14
259 215 216 230 290 235 127 124 154 49 50 63 64 365
1 3600 372
11
230 288 267 93 89 63 66 367 362 361 223
1 3600 372
15
238 270 428 460 111 114 130 412 405 397 99 100 108 151 148
1 3600 372
12
216 232 268 310 119 120 136 418 405 397 99 96
1 3600 372
17
205 202 127 124 53 50 90 244 274 293 37 25 28 400 389 390 446
1 3600 372
8
205 202 127 124 154 49 45 46
1 3600 372
15
19 20 313 308 424 429 426 315 249 252 369 362 361 277 278
1 3600 372
25
305 207 208 177 170 210 189 186 155 95 92 264 316 135 132 136 141 144 194 395 392 443 85 55 60
1 3600 196
9
160 340 221 218 7 8 10 300 414
1 3600 42
4
163 160 340 221
1 3600 42
3
159 156 215
1 3600 93
4
159 160 338 179
1 3600 62
5
339 161 162 455 452
1 3600 372
20
454 163 160 338 179 184 197 123 128 441 315 316 135 132 138 343 344 392 443 444
1 3600 248
8
202 234 291 286 354 428 460 111
1 3600 64
5
179 180 200 232 270
1 3600 26
4
184 197 167 164
1 3600 138
6
184 197 167 164 190 282
1 3600 372
22
305 306 177 170 212 199 123 128 441 315 316 471 411 412 405 397 35 30 107 108 151 152
1 3600 372
14
179 184 237 127 124 95 89 90 246 296 39 25 28 400
1 3600 372
12
184 197 167 164 190 87 77 80 483 365 368 370
1 3600 372
13
305 207 208 177 170 210 189 186 49 50 63 66 367
1 3600 372
15
306 177 170 210 189 190 87 77 80 483 365 362 361 223 226
1 3600 372
18
207 183 180 200 232 268 310 481 263 260 343 193 194 423 377 374 335 151
1 3600 372
17
202 127 124 95 92 243 244 272 37 25 28 398 381 71 74 352 386
1 3600 372
13
454 163 156 256 241 238 270 426 315 249 250 371 372
1 3600 372
12
163 160 338 179 184 197 167 164 190 87 41 46
1 3600 372
18
454 163 160 338 179 180 202 127 124 53 50 63 64 365 362 361 277 278
1 3600 372
13
453 305 159 160 340 221 218 7 8 10 298 83 55
1 3600 372
11
453 454 163 156 256 241 7 8 10 300 414
1 3600 286
4
469 179 180 200
1 3600 38
3
206 159 160
1 3600 338
3
453 305 207
1 3600 372
21
453 454 163 160 340 221 216 230 286 354 428 425 113 116 120 136 141 142 344 392 443
1 3600 372
14
469 179 184 237 234 291 286 354 428 460 111 116 120 138
1 3600 372
9
469 179 184 197 123 128 441 427 428
1 3600 95
7
208 177 170 169 164 186 155
1 3600 86
7
208 177 170 210 189 190 282
1 3600 372
17
453 454 163 156 215 216 230 288 267 264 316 135 130 412 405 402 408
1 3600 372
13
469 179 180 202 127 124 95 89 63 68 274 39 25
1 3600 372
13
453 305 306 177 170 169 164 190 87 77 80 295 296
1 3600 372
13
469 179 184 237 127 124 154 49 50 63 66 367 362
1 3600 372
15
183 180 202 234 291 288 267 243 246 294 485 367 362 361 223
1 3600 372
16
469 339 340 221 218 7 8 14 260 343 143 146 397 359 107 108
1 3600 372
15
469 179 180 200 232 268 310 119 120 136 418 405 397 99 102
1 3600 372
13
453 305 159 156 256 241 238 270 426 315 249 250 446
1 3600 372
11
453 305 306 177 170 210 189 190 87 41 42
1 3600 372
14
183 184 197 123 124 95 89 63 64 365 362 361 277 278
1 3600 39
3
82 451 448
1 3600 84
6
422 195 192 342 261 15
1 3600 286
11
394 195 145 140 137 121 117 110 461 429 271
1 3600 372
24
445 442 433 421 407 403 404 436 323 27 24 36 273 245 91 51 48 187 165 166 196 185 178 339
1 3600 372
17
403 404 413 131 134 317 265 266 129 122 198 213 171 176 307 304 452
1 3600 98
3
393 394 423
1 3600 37
6
403 147 140 137 133 134
1 3600 37
3
403 404 413
1 3600 149
8
345 342 139 133 134 317 314 440
1 3600 372
16
442 393 345 193 145 140 137 121 117 110 461 429 355 287 290 235
1 3600 372
27
442 433 430 375 378 33 34 396 404 436 323 318 399 29 24 36 292 275 69 62 51 48 187 188 211 171 174
1 3600 38
7
394 423 377 378 33 30 356
1 3600 73
13
82 451 435 421 407 403 404 436 323 318 381 71 74
1 3600 286
12
393 345 143 140 418 436 323 27 24 38 297 294
1 3600 372
9
407 403 404 413 410 255 252 369 362
1 3600 372
16
403 404 436 323 318 381 71 72 389 390 371 369 362 361 223 226
1 3600 372
4
433 430 335 151
1 3600 372
10
407 403 404 436 323 318 381 71 74 350
1 3600 372
7
403 404 413 410 255 250 446
1 3600 372
14
422 195 145 140 137 133 134 317 265 93 94 53 45 46
1 3600 372
14
408 33 34 396 404 413 410 255 252 369 362 361 277 278
1 3600 79
14
136 141 146 402 406 420 432 443 444 59 60 332 325 328
1 3600 30
5
473 461 425 309 312
1 3600 67
9
131 115 112 424 429 271 239 240 346
1 3600 286
7
110 461 429 355 287 231 201
1 3600 372
10
255 248 314 440 129 126 236 185 178 468
1 3600 44
6
481 263 260 343 344 392
1 3600 44
5
120 136 141 146 402
1 3600 57
6
147 140 137 121 117 112
1 3600 45
7
410 470 317 265 266 289 290
1 3600 45
7
140 137 133 134 317 314 440
1 3600 45
8
424 429 355 287 288 267 243 91
1 3600 124
10
436 323 27 24 36 292 297 247 91 51
1 3600 372
14
342 261 262 480 311 269 233 230 290 235 236 197 198 458
1 3600 77
5
136 418 405 402 408
1 3600 52
7
133 130 410 255 250 391 353
1 3600 52
9
480 119 120 136 418 436 323 318 381
1 3600 69
11
137 121 117 110 472 317 265 243 244 69 64
1 3600 372
5
413 410 255 252 369
1 3600 372
11
137 133 134 471 255 252 369 362 361 223 226
1 3600 372
6
194 423 377 374 335 336
1 3600 372
8
424 460 472 317 249 250 391 386
1 3600 372
5
130 410 255 252 372
1 3600 372
15
192 342 139 121 117 114 134 317 265 93 94 154 49 45 46
1 3600 372
9
410 255 250 371 369 362 361 277 278
1 3600 286
11
286 354 428 425 309 312 467 13 10 298 451
1 3600 70
9
441 427 271 268 312 467 13 10 302
1 3600 56
6
287 231 217 214 256 348
1 3600 56
7
62 88 94 125 126 203 204
1 3600 79
5
51 52 125 126 203
1 3600 372
8
245 242 266 129 122 196 185 182
1 3600 186
11
460 111 114 132 136 141 144 194 395 392 443
1 3600 46
6
287 288 267 264 316 135
1 3600 46
9
79 80 295 247 242 264 249 254 411
1 3600 46
6
291 286 354 428 460 472
1 3600 54
4
426 440 267 243
1 3600 43
3
265 93 94
1 3600 43
5
440 129 124 53 45
1 3600 43
3
266 129 122
1 3600 266
14
461 429 355 287 290 235 127 124 154 49 45 40 86 284
1 3600 266
8
315 316 471 411 412 405 402 408
1 3600 60
8
79 80 295 296 293 37 25 26
1 3600 57
9
267 243 246 296 39 25 28 400 438
1 3600 57
6
90 244 272 37 25 22
1 3600 109
12
429 355 287 288 267 93 89 63 66 367 362 361
1 3600 372
9
267 243 246 294 483 365 362 361 223
1 3600 372
11
249 254 411 412 405 397 99 100 108 151 148
1 3600 372
13
287 288 267 243 244 274 39 25 28 400 389 353 350
1 3600 372
6
79 80 485 367 368 372
1 3600 372
5
129 124 53 45 46
1 3600 372
12
426 315 265 93 89 63 64 365 362 361 277 278
1 3600 372
14
155 95 92 264 316 135 132 138 343 344 392 443 85 55
1 3600 248
8
203 204 221 218 7 8 10 302
1 3600 65
10
87 41 44 52 125 126 203 204 221 214
1 3600 32
7
40 86 191 165 166 196 185
1 3600 196
7
211 171 176 209 206 304 452
1 3600 372
16
166 123 128 441 427 428 425 113 116 120 136 141 142 344 392 443
1 3600 128
10
196 237 234 291 286 354 428 460 472 471
1 3600 58
3
234 291 286
1 3600 58
6
189 186 49 50 90 244
1 3600 58
6
237 127 128 441 315 249
1 3600 58
4
77 80 483 65
1 3600 52
5
87 41 44 52 125
1 3600 61
7
44 48 187 188 211 171 172
1 3600 61
5
191 165 168 212 458
1 3600 372
18
167 164 186 49 50 63 68 274 293 37 25 26 322 437 405 397 35 32
1 3600 219
14
44 50 90 246 296 39 25 26 322 437 405 397 359 107
1 3600 67
5
77 80 485 367 368
1 3600 46
9
164 190 87 77 80 483 365 362 361
1 3600 338
11
164 186 49 50 63 66 367 362 361 223 226
1 3600 372
18
199 123 124 95 92 264 316 135 130 412 405 397 35 30 107 108 151 148
1 3600 372
14
128 441 427 428 425 113 116 120 136 141 146 397 99 102
1 3600 372
11
167 164 190 87 77 80 483 365 368 370 446
1 3600 372
12
457 189 190 87 77 80 485 367 362 361 277 280
1 3600 372
9
44 50 63 64 365 362 361 277 278
1 3600 372
17
459 199 196 185 180 200 232 268 312 21 16 13 10 298 83 55 60
1 3600 372
14
225 222 360 363 368 253 254 411 131 115 116 118 481 263
1 3600 338
10
176 209 183 180 204 221 218 7 2 18
1 3600 112
5
459 199 196 185 178
1 3600 116
17
225 222 360 363 366 484 81 76 86 191 188 211 171 176 307 304 452
1 3600 372
18
283 87 41 44 52 95 92 264 316 471 411 412 405 402 406 420 432 443
1 3600 372
12
283 191 186 155 95 92 264 316 135 132 136 141
1 3600 177
6
170 169 166 123 124 95
1 3600 61
7
175 170 210 189 190 87 41
1 3600 61
3
285 191 186
1 3600 61
4
283 191 165 166
1 3600 162
6
177 170 210 189 190 284
1 3600 372
18
459 199 196 237 234 291 231 232 268 310 481 263 260 343 193 194 423 377
1 3600 372
8
225 222 360 363 368 370 391 388
1 3600 338
14
170 212 199 123 128 267 243 244 272 37 25 28 400 438
1 3600 155
12
459 213 169 164 186 49 50 63 66 367 362 361
1 3600 196
13
170 210 189 190 87 77 80 483 365 362 361 223 226
1 3600 372
18
176 307 159 156 256 241 7 8 14 260 343 193 194 423 420 430 335 336
1 3600 372
15
285 87 77 80 295 296 39 25 26 322 437 405 397 99 96
1 3600 372
9
459 199 123 128 441 315 249 250 446
1 3600 372
13
175 170 169 164 186 49 50 63 66 367 362 361 277
1 3600 372
10
285 87 77 80 483 365 362 361 277 278
1 3600 338
12
357 31 32 379 376 420 434 450 83 55 60 332
1 3600 372
4
374 431 434 417
1 3600 372
11
409 406 422 195 192 342 261 15 9 6 240
1 3600 372
18
153 150 109 106 358 396 404 419 137 121 118 311 269 239 219 220 341 338
1 3600 372
18
153 150 109 101 98 396 147 140 137 121 118 311 269 233 201 181 178 468
1 3600 39
3
432 443 85
1 3600 65
8
153 150 334 375 376 422 195 192
1 3600 232
11
357 358 396 404 419 137 121 117 110 461 429
1 3600 372
19
153 150 109 101 98 396 404 436 323 27 24 38 297 294 81 76 86 191 165
1 3600 372
16
376 422 195 192 342 261 15 9 6 219 220 205 181 182 208 177
1 3600 88
5
375 378 33 30 356
1 3600 38
7
358 396 404 436 323 318 399
1 3600 38
11
153 150 109 106 31 34 396 404 436 323 27
1 3600 186
16
153 150 109 101 98 396 404 436 323 27 24 36 292 297 294 483
1 3600 372
16
421 407 403 404 436 323 318 381 71 72 389 390 371 369 362 361
1 3600 372
13
421 407 403 404 413 410 255 252 369 362 361 223 226
1 3600 70
3
107 108 336
1 3600 372
10
358 396 404 436 323 318 381 71 74 350
1 3600 372
10
375 378 409 403 404 413 410 255 250 446
1 3600 372
17
375 378 409 403 404 436 323 318 399 400 389 390 371 369 362 361 277
1 3600 372
14
357 31 34 396 404 413 410 255 252 369 362 361 277 278
1 3600 372
12
388 73 70 380 319 322 437 405 402 406 420 434
1 3600 266
14
380 319 322 437 419 141 142 342 261 15 10 300 414 476
1 3600 338
10
396 147 140 137 121 118 311 312 21 18
1 3600 372
14
98 396 147 140 137 121 118 311 269 233 217 220 341 161
1 3600 372
16
383 380 399 29 24 38 275 245 242 266 289 231 201 181 178 468
1 3600 84
6
32 379 374 431 432 443
1 3600 50
9
383 380 319 322 437 419 141 144 192
1 3600 50
8
380 319 322 437 419 137 121 118
1 3600 57
12
32 409 403 147 140 137 133 134 317 265 243 91
1 3600 196
11
98 396 404 413 410 470 317 265 93 94 154
1 3600 372
12
388 401 29 24 36 292 297 294 81 76 86 284
1 3600 65
5
437 405 402 408 379
1 3600 65
11
401 398 319 322 437 405 402 406 377 374 478
1 3600 65
5
35 32 379 374 478
1 3600 63
6
34 396 404 436 323 27
1 3600 58
8
401 29 24 38 293 273 69 66
1 3600 58
6
29 24 36 292 297 294
1 3600 58
12
106 358 396 404 436 323 27 24 38 275 69 66
1 3600 266
11
32 409 403 404 413 410 255 252 369 362 361
1 3600 372
10
71 74 352 390 371 369 362 361 223 226
1 3600 149
8
322 437 405 397 359 107 108 336
1 3600 133
7
26 322 437 405 397 99 96
1 3600 372
5
28 400 389 390 446
1 3600 372
5
390 371 369 362 384
1 3600 372
11
381 71 72 389 390 371 369 362 361 277 278
1 3600 372
18
67 62 88 92 266 289 286 354 428 425 309 312 467 13 10 300 416 450
1 3600 372
14
65 68 245 242 264 316 473 111 112 309 312 21 3 4
1 3600 266
8
247 242 266 289 231 217 214 258
1 3600 372
13
23 24 36 273 245 242 266 289 231 217 220 341 161
1 3600 372
12
38 297 247 91 51 48 187 188 211 171 176 209
1 3600 338
13
275 245 242 264 316 135 132 138 343 344 392 443 85
1 3600 63
10
23 28 400 389 390 251 254 411 131 115
1 3600 51
6
65 62 88 92 266 289
1 3600 51
10
23 24 36 292 297 247 242 266 441 427
1 3600 59
6
38 275 69 62 88 94
1 3600 372
8
247 91 51 48 187 165 168 171
1 3600 196
15
484 295 296 293 37 25 26 322 437 405 402 408 33 30 356
1 3600 55
7
296 39 25 28 398 381 382
1 3600 55
4
25 28 398 381
1 3600 55
7
67 68 272 37 25 26 322
1 3600 74
3
297 294 81
1 3600 33
3
485 367 362
1 3600 372
6
294 483 365 362 361 223
1 3600 372
17
80 485 67 62 88 92 264 249 254 411 412 405 397 99 100 108 336
1 3600 338
8
251 254 411 412 405 397 99 96
1 3600 196
6
80 485 367 368 370 446
1 3600 149
4
483 365 362 384
1 3600 372
9
36 273 69 64 365 362 361 277 278
1 3600 372
17
368 253 254 470 135 132 136 141 144 194 395 392 443 444 59 60 332
1 3600 372
10
368 253 248 314 427 271 268 310 481 263
1 3600 372
11
363 368 370 251 248 314 427 271 239 240 346
1 3600 372
12
364 65 62 88 94 125 126 236 185 178 339 161
1 3600 372
12
364 482 81 76 86 191 165 166 196 185 178 468
1 3600 372
8
368 253 254 411 412 405 402 406
1 3600 286
9
360 363 368 370 251 254 470 473 111
1 3600 76
7
360 363 366 67 62 90 242
1 3600 31
9
363 366 67 62 51 52 125 126 236
1 3600 162
4
362 361 223 228
1 3600 372
11
363 368 253 254 411 412 405 402 406 420 430
1 3600 196
10
363 368 370 391 353 75 70 380 319 322
1 3600 25
6
363 364 482 295 296 293
1 3600 128
3
362 361 223
1 3600 372
13
360 363 368 370 251 254 411 412 405 397 359 107 108
1 3600 372
5
363 368 370 391 386
1 3600 372
3
368 370 446
1 3600 77
7
363 364 65 62 51 45 42
1 3600 372
21
222 360 363 366 67 68 245 242 264 316 135 132 138 343 344 392 443 444 59 60 332
1 3600 372
19
227 222 360 363 364 65 62 90 242 266 289 286 354 428 425 309 312 467 464
1 3600 372
14
227 222 360 363 366 67 62 88 92 266 441 427 271 239
1 3600 372
18
227 222 360 363 366 484 81 76 86 191 188 211 171 176 209 206 304 454
1 3600 372
19
227 222 360 363 364 65 62 88 94 125 126 203 181 178 339 161 162 455 452
1 3600 372
17
222 360 363 368 253 248 316 473 111 116 120 138 343 344 392 443 444
1 3600 372
9
227 222 360 363 368 370 251 254 411
1 3600 372
12
222 360 363 366 67 68 245 242 266 289 286 354
1 3600 124
8
222 360 363 364 65 62 51 48
1 3600 112
12
222 360 363 364 482 81 76 86 191 188 211 171
1 3600 372
17
222 360 363 368 370 391 388 401 398 319 322 437 405 397 35 30 356
1 3600 372
11
227 222 360 363 368 253 254 411 412 405 397
1 3600 372
9
227 222 360 363 366 484 295 296 39
1 3600 70
3
227 222 360
1 3600 372
21
222 360 363 364 482 295 296 293 37 25 26 322 437 405 402 408 379 374 335 151 148
1 3600 372
13
222 360 363 368 370 251 254 411 412 405 397 99 96
1 3600 372
6
227 222 360 363 368 372
1 3600 310
3
222 360 384
1 3600 372
3
222 277 278
1 3600 372
9
150 334 431 434 450 83 55 60 332
1 3600 372
11
337 334 375 376 422 395 345 342 261 15 9
1 3600 372
14
337 334 431 421 422 195 192 342 261 262 480 311 269 233
1 3600 372
13
150 334 431 434 450 299 11 9 6 219 220 205 181
1 3600 372
22
149 150 109 106 31 32 379 376 422 395 345 342 261 15 9 6 240 257 157 162 455 452
1 3600 372
5
105 106 31 32 409
1 3600 372
7
150 109 101 98 396 147 144
1 3600 372
15
337 109 106 358 396 147 140 137 121 117 112 424 429 355 287
1 3600 372
20
105 101 98 396 147 140 137 133 115 110 461 429 355 287 290 235 127 124 53 45
1 3600 372
17
105 106 31 32 409 403 404 413 410 255 250 371 369 362 361 223 228
1 3600 50
4
150 334 375 378
1 3600 95
12
337 109 106 358 396 404 436 323 318 399 400 389
1 3600 372
18
149 150 334 431 432 393 345 342 139 133 134 317 265 93 89 63 64 482
1 3600 372
12
109 101 98 396 404 413 410 255 252 369 362 361
1 3600 372
17
149 150 334 431 421 407 403 404 413 410 255 250 371 369 362 361 223
1 3600 219
4
105 108 151 148
1 3600 128
15
149 150 109 106 31 34 396 404 436 323 318 381 71 74 350
1 3600 372
14
334 375 376 422 195 145 140 137 133 134 317 249 250 446
1 3600 372
20
337 334 431 432 393 345 342 139 121 117 112 424 429 426 440 129 124 53 45 42
1 3600 372
18
149 150 109 106 31 32 409 403 404 413 410 255 252 369 362 361 277 278
1 3600 372
9
97 98 35 32 379 376 420 434 448
1 3600 372
10
103 98 396 147 142 342 261 15 12 464
1 3600 372
12
97 98 396 147 140 137 121 118 311 269 239 240
1 3600 372
17
351 352 388 401 29 24 38 297 247 91 88 94 125 122 196 185 178
1 3600 372
16
103 98 396 147 142 342 261 15 9 6 219 214 157 158 304 452
1 3600 372
15
387 388 73 70 380 319 322 437 419 141 144 194 395 392 443
1 3600 372
4
97 98 396 147
1 3600 372
13
103 98 396 404 419 137 121 117 110 461 429 355 287
1 3600 372
16
351 75 70 380 399 29 24 36 273 245 91 51 48 187 165 168
1 3600 372
13
351 352 388 401 29 24 38 297 294 81 76 86 284
1 3600 169
8
103 100 106 31 32 379 376 420
1 3600 57
4
103 100 106 31
1 3600 149
13
97 98 396 404 436 323 27 24 36 292 297 294 81
1 3600 372
6
387 390 371 369 362 361
1 3600 372
9
351 352 390 371 369 362 361 223 226
1 3600 86
3
97 100 104
1 3600 372
11
97 98 396 404 436 323 318 399 400 389 386
1 3600 266
4
387 390 371 372
1 3600 372
6
387 390 371 369 362 384
1 3600 372
13
103 98 396 404 413 410 255 252 369 362 361 277 278
1 3600 372
13
447 251 248 314 427 271 268 312 467 13 10 298 451
1 3600 372
12
447 371 253 248 314 427 428 425 309 312 467 13
1 3600 372
8
447 251 248 314 427 271 239 240
1 3600 372
14
447 371 253 248 314 440 289 231 217 220 341 161 162 455
1 3600 372
11
447 251 248 314 427 271 233 201 181 178 468
1 3600 372
11
447 371 253 254 411 131 132 138 343 344 392
1 3600 372
9
373 253 254 470 135 132 136 141 144
1 3600 372
6
373 369 366 484 81 78
1 3600 372
10
373 370 251 248 314 440 289 290 235 236
1 3600 372
10
373 253 248 314 440 129 122 198 213 171
1 3600 372
14
447 391 353 75 70 380 319 322 437 405 402 408 33 30
1 3600 162
13
373 370 391 388 401 398 319 322 437 405 402 408 33
1 3600 74
8
447 391 388 401 29 24 38 297
1 3600 286
3
373 369 362
1 3600 372
6
373 369 362 361 223 226
1 3600 372
12
373 370 251 254 411 412 405 402 406 377 374 335
1 3600 219
13
447 391 388 73 70 380 319 322 437 405 397 99 96
1 3600 372
3
447 371 372
1 3600 95
7
447 371 369 362 361 277 280
1 3600 372
6
373 369 362 361 277 278
1 3600 372
20
43 44 52 125 126 203 204 221 218 7 8 10 300 416 450 83 55 60 331 326
1 3600 372
16
276 360 363 366 67 68 245 242 264 316 473 111 116 118 481 263
1 3600 372
17
281 276 360 363 364 65 62 90 242 266 289 231 232 268 312 21 18
1 3600 372
14
385 363 366 484 81 76 86 191 165 166 196 185 178 339
1 3600 372
16
276 360 363 364 65 62 88 94 125 126 203 181 182 206 304 452
1 3600 372
19
276 360 363 366 67 68 245 242 266 289 231 217 218 7 8 10 298 83 84
1 3600 372
7
281 276 360 363 368 253 254
1 3600 372
7
47 44 48 155 95 92 264
1 3600 286
4
47 40 86 191
1 3600 372
3
276 223 224
1 3600 372
20
47 44 52 125 126 234 291 286 354 428 460 111 116 120 136 141 146 397 359 356
1 3600 338
10
47 44 50 90 246 296 39 25 26 320
1 3600 103
11
47 44 48 155 125 128 441 315 249 250 371
1 3600 70
4
281 276 360 363
1 3600 372
3
276 223 226
1 3600 372
22
47 44 52 125 126 203 200 232 268 310 481 263 260 343 193 194 423 377 374 335 151 148
1 3600 372
16
385 363 364 482 295 296 293 37 25 26 322 437 405 397 99 102
1 3600 177
8
43 44 50 63 66 367 368 372
1 3600 207
8
43 44 50 63 64 365 362 384
1 3600 338
4
385 361 277 278
1 3600 372
22
279 276 360 363 366 67 62 88 92 266 441 427 428 425 309 312 467 13 10 300 416 448
1 3600 372
19
279 276 360 363 364 482 295 247 242 266 289 231 217 218 7 8 10 300 414
1 3600 372
16
279 276 360 363 364 65 62 90 242 266 289 231 217 214 256 346
1 3600 372
15
279 276 360 363 366 484 81 76 86 191 188 211 171 176 307
1 3600 372
20
279 276 360 363 366 67 62 51 48 187 165 166 196 185 178 339 161 162 455 452
1 3600 372
20
279 276 360 363 364 65 68 245 242 264 316 135 132 136 141 142 344 392 443 444
1 3600 372
14
279 276 360 363 368 370 251 254 411 131 132 136 141 144
1 3600 372
9
279 276 360 363 366 484 295 247 242
1 3600 372
10
279 276 360 363 364 65 62 88 94 125
1 3600 372
14
279 276 360 363 366 484 81 76 86 191 188 211 171 176
1 3600 372
12
279 276 360 363 368 253 254 411 412 405 397 359
1 3600 372
12
279 276 360 363 368 370 251 254 411 412 405 397
1 3600 372
6
279 276 360 363 364 482
1 3600 372
3
279 276 360
1 3600 372
3
279 276 223
1 3600 372
21
279 276 360 363 368 370 391 353 75 70 380 319 322 437 405 402 408 33 30 107 104
1 3600 372
17
279 276 360 363 366 484 295 296 39 25 26 322 437 405 397 99 102
1 3600 372
7
279 276 360 363 368 370 446
1 3600 124
10
279 276 360 363 364 65 62 51 45 42
