401
1 3600 326
7
372 317 318 703 311 305 308
1 3600 326
5
320 371 363 360 820
1 3600 326
5
310 702 806 275 272
1 3600 326
11
348 381 289 284 333 101 55 50 321 324 328
1 3600 326
8
274 807 319 316 373 368 327 325
1 3600 326
12
307 304 312 133 130 702 319 314 358 809 810 820
1 3600 326
10
395 396 29 30 700 764 810 820 377 281
1 3600 326
3
393 394 285
1 3600 326
9
315 318 703 131 132 313 305 308 606
1 3600 316
23
609 591 329 326 369 372 317 318 806 571 568 629 255 260 632 619 267 268 562 69 72 475 472
1 3600 316
14
318 703 311 305 306 153 154 408 638 650 643 644 471 474
1 3600 316
11
283 280 376 821 361 362 368 327 328 477 478
1 3600 316
9
26 53 50 321 322 366 97 98 814
1 3600 316
5
323 324 328 477 45
1 3600 316
23
51 54 100 334 698 700 567 568 629 630 159 156 241 236 545 291 91 88 556 834 585 588 598
1 3600 316
31
29 24 359 315 318 806 275 270 173 174 759 457 185 182 186 13 14 198 216 293 91 92 469 464 405 406 562 69 72 475 472
1 3600 316
4
807 703 311 49
1 3600 316
18
397 394 333 101 102 27 24 359 315 318 703 131 132 313 305 308 515 125
1 3600 316
12
27 24 359 315 318 703 311 305 308 515 125 126
1 3600 316
22
314 360 820 377 281 278 745 629 630 159 154 410 502 652 656 658 643 43 40 471 472 119
1 3600 316
17
96 367 323 320 371 363 315 318 703 131 132 313 305 306 330 515 512
1 3600 316
18
605 117 118 473 474 73 68 563 269 266 618 157 152 307 304 49 46 826
1 3600 316
22
571 568 629 255 260 632 619 267 264 437 434 663 603 600 69 72 475 472 119 116 573 574
1 3600 316
42
275 270 399 400 695 143 144 615 616 759 457 185 182 186 188 192 196 718 740 137 138 345 346 485 482 490 419 420 553 67 62 801 75 76 438 450 647 644 690 707 297 298
1 3600 316
20
348 381 289 286 387 365 323 324 326 369 372 317 318 703 311 305 308 515 125 126
1 3600 316
9
808 359 315 318 703 311 305 308 515
1 3600 316
15
629 255 256 239 236 545 291 91 94 180 485 486 585 588 598
1 3600 316
23
317 314 358 809 765 567 568 629 630 159 154 408 638 650 643 43 40 471 472 119 116 573 578
1 3600 316
14
605 117 118 473 470 645 642 651 639 409 155 152 330 515
1 3600 321
50
351 348 381 289 284 333 334 698 700 567 570 275 270 626 141 144 623 624 759 457 185 182 186 190 207 202 228 234 137 134 795 597 537 519 507 383 251 252 664 669 666 9 2 713 714 107 104 749 752 19
1 3600 321
19
284 395 396 29 30 700 567 568 629 630 635 632 619 267 268 562 69 72 299
1 3600 449
34
131 128 711 705 313 305 306 153 156 241 236 559 560 293 91 94 176 497 485 341 336 489 481 413 37 34 803 801 79 80 438 448 530 714
1 3600 449
39
270 399 355 356 143 144 615 616 759 457 185 182 163 17 14 196 718 740 179 95 88 549 546 550 419 420 553 33 34 61 56 523 524 443 444 454 5 2 762
1 3600 318
15
609 591 329 326 369 363 315 318 806 275 270 399 355 352 141
1 3600 318
12
153 158 635 261 258 564 758 617 614 145 142 694
1 3600 318
12
326 369 372 317 318 806 275 270 173 174 617 612
1 3600 318
3
273 270 399
1 3600 318
10
314 360 820 377 281 278 745 629 255 258
1 3600 318
16
609 591 477 45 48 305 306 153 158 635 261 256 456 758 617 612
1 3600 318
8
820 377 281 278 273 270 626 746
1 3600 318
11
381 289 284 333 334 698 700 567 568 629 255
1 3600 318
13
320 371 363 315 318 806 275 272 745 629 255 258 564
1 3600 318
7
698 700 567 570 275 270 399
1 3600 318
7
567 570 275 270 399 400 689
1 3600 318
9
710 129 130 702 806 275 270 399 400
1 3600 318
17
284 333 101 102 27 24 359 315 318 806 275 270 399 355 356 143 144
1 3600 318
7
310 702 806 275 270 626 746
1 3600 318
16
705 313 305 306 153 156 241 238 456 758 625 622 145 142 694 689
1 3600 318
7
318 806 275 270 173 174 617
1 3600 274
8
711 705 313 305 306 153 156 619
1 3600 274
9
278 745 629 630 159 154 408 433 430
1 3600 274
8
272 745 629 255 256 239 242 277
1 3600 274
13
283 278 745 629 255 260 632 619 267 264 437 434 587
1 3600 274
11
359 315 318 703 311 305 308 331 153 156 619
1 3600 264
8
567 568 629 630 159 154 410 502
1 3600 449
24
53 50 371 372 317 318 703 311 305 306 153 154 410 502 652 654 65 62 801 459 460 453 454 666
1 3600 449
39
99 96 367 323 324 328 477 45 48 305 306 153 156 619 267 264 469 466 547 405 402 834 487 484 347 342 795 649 595 537 519 507 383 251 245 246 664 669 5
1 3600 290
17
607 331 153 158 635 261 258 564 758 625 622 145 142 694 689 685 682
1 3600 290
22
396 29 30 700 567 568 629 255 256 185 182 186 188 194 200 202 228 230 738 779 771 766
1 3600 195
25
381 289 284 333 101 102 27 24 809 810 820 377 281 278 745 629 255 256 239 236 559 560 211 214 220
1 3600 449
36
583 381 289 286 387 365 323 320 371 363 315 318 806 571 568 629 630 635 632 241 236 545 291 91 88 556 834 87 84 413 37 34 61 56 425 426
1 3600 449
15
705 313 305 306 153 154 408 640 660 553 554 65 62 801 459
1 3600 449
24
317 318 806 275 270 626 141 144 623 624 759 457 185 182 163 17 14 198 213 208 724 776 771 772
1 3600 449
16
331 153 156 619 267 268 407 402 834 487 482 488 493 494 537 519
1 3600 78
30
118 473 474 73 68 601 589 584 835 557 89 90 290 544 237 240 633 634 631 628 569 566 701 699 335 332 285 288 380 582
1 3600 78
4
47 48 305 306
1 3600 78
18
579 572 117 118 473 470 41 42 642 659 657 653 503 411 155 152 307 304
1 3600 78
24
599 602 662 435 436 93 90 292 217 199 15 12 187 183 184 257 254 628 569 566 701 31 26 103
1 3600 78
9
127 124 514 309 304 49 44 476 592
1 3600 78
12
47 44 476 329 325 322 364 386 287 288 380 580
1 3600 60
8
123 118 473 474 73 68 601 598
1 3600 68
5
299 296 706 675 680
1 3600 68
17
572 117 118 473 470 41 38 533 530 716 754 113 111 104 301 302 750
1 3600 68
11
572 117 118 473 474 299 296 706 675 680 804
1 3600 214
17
513 514 331 153 154 410 502 650 643 646 451 448 530 714 107 104 301
1 3600 449
7
473 470 41 38 533 530 716
1 3600 60
17
815 99 96 367 323 324 326 369 372 317 318 806 275 270 173 174 617
1 3600 75
9
579 572 117 118 473 474 73 68 601
1 3600 75
9
295 296 706 691 645 642 651 503 504
1 3600 75
4
599 600 69 70
1 3600 80
8
48 305 306 153 154 408 638 652
1 3600 449
15
599 602 660 553 33 34 803 801 75 76 440 454 666 9 6
1 3600 449
24
47 48 305 308 331 153 156 619 267 264 469 466 550 419 420 553 67 62 801 79 80 440 454 5
1 3600 236
26
473 470 645 646 451 439 77 74 800 63 66 552 421 418 491 483 484 496 785 139 136 235 230 738 781 782
1 3600 173
14
127 124 514 331 153 156 241 236 545 291 91 94 180 347
1 3600 264
11
577 572 117 118 473 474 73 68 601 602 660
1 3600 449
8
118 473 470 41 38 792 451 439
1 3600 449
30
815 99 96 367 323 320 51 52 27 30 700 567 568 629 255 256 185 182 186 190 207 202 226 817 799 735 738 779 771 772
1 3600 449
24
577 572 117 118 473 474 299 296 706 691 645 646 451 439 440 445 442 525 528 249 244 250 382 506
1 3600 121
25
681 674 691 645 642 659 657 653 639 409 155 158 631 628 744 279 280 376 821 811 808 25 28 397 394
1 3600 61
5
298 73 68 601 598
1 3600 61
10
679 674 707 297 298 475 472 119 116 573
1 3600 61
6
471 472 119 116 573 578
1 3600 81
4
751 752 19 22
1 3600 55
12
706 691 41 38 533 530 714 113 111 104 749 303
1 3600 55
5
679 674 691 41 38
1 3600 449
7
674 691 41 38 533 530 716
1 3600 249
29
677 674 691 645 642 651 639 640 603 589 584 487 484 181 178 741 719 197 193 189 187 183 184 456 758 617 614 145 142
1 3600 69
22
18 753 748 105 106 715 712 3 8 667 455 441 81 78 800 802 35 32 552 661 641 433
1 3600 69
7
474 73 68 601 602 641 638
1 3600 69
7
674 691 645 642 659 657 654
1 3600 125
7
677 674 691 41 38 792 451
1 3600 449
10
805 681 674 691 41 38 533 530 712 3
1 3600 449
21
679 674 691 645 642 659 657 654 555 552 421 422 480 488 498 648 794 135 136 741 233
1 3600 249
23
751 748 105 110 112 715 712 3 4 668 665 253 250 382 506 518 536 495 492 337 340 486 835
1 3600 225
10
645 646 451 439 77 74 800 63 66 552
1 3600 346
12
23 20 115 112 755 717 531 449 439 81 78 459
1 3600 449
21
707 297 294 520 73 68 563 407 404 548 89 90 292 211 214 220 727 724 776 771 772
1 3600 449
15
223 109 106 715 712 3 8 667 668 665 253 250 384 511 506
1 3600 449
32
715 712 3 4 455 452 461 458 800 802 35 36 412 85 86 835 403 404 465 468 265 266 618 633 261 254 628 744 273 274 807 319
1 3600 180
16
300 105 110 112 755 717 531 532 39 40 471 472 119 116 573 576
1 3600 52
10
105 106 715 531 532 39 40 690 707 297
1 3600 52
3
39 40 471
1 3600 95
7
38 533 530 714 107 104 749
1 3600 71
3
112 715 712
1 3600 449
16
39 42 642 651 639 640 662 435 436 93 90 290 544 237 238 456
1 3600 281
17
300 105 106 755 717 531 449 439 77 74 800 63 64 655 653 503 411
1 3600 93
17
115 112 715 712 3 8 667 668 447 442 525 522 57 60 35 32 67
1 3600 51
6
112 715 712 3 8 670
1 3600 281
6
109 106 755 717 712 3
1 3600 449
37
105 106 715 712 3 4 668 665 247 244 250 382 506 518 536 596 794 135 136 235 229 203 206 191 187 183 184 456 758 625 622 145 142 694 689 685 682
1 3600 449
18
300 105 110 112 715 531 449 439 81 78 800 802 35 36 412 480 483 484
1 3600 321
19
302 748 105 106 755 717 712 3 4 455 445 442 525 522 57 60 35 36 416
1 3600 264
7
42 646 451 439 77 74 459
1 3600 449
25
105 110 112 715 531 449 439 81 78 800 63 66 552 421 418 551 467 468 93 90 292 217 213 208 728
1 3600 449
14
300 105 106 715 712 3 8 667 668 665 253 250 382 506
1 3600 449
20
531 532 39 42 642 651 639 409 155 158 631 628 569 566 701 699 335 332 395 392
1 3600 449
12
717 531 532 39 40 690 707 297 298 475 472 119
1 3600 346
7
713 531 449 450 647 644 471
1 3600 44
5
754 113 111 104 749
1 3600 449
23
717 712 3 4 455 452 461 458 800 63 64 555 552 661 603 600 563 269 266 618 633 634 631
1 3600 449
11
717 531 532 39 40 690 707 297 298 73 70
1 3600 449
13
3 8 667 455 441 77 74 800 63 64 655 653 639
1 3600 204
6
757 717 712 3 8 670
1 3600 449
35
757 717 712 3 4 455 445 442 525 528 249 244 250 384 511 506 518 536 594 648 794 343 344 784 177 178 741 233 230 738 779 771 768 165 168
1 3600 449
21
531 449 439 81 78 800 802 35 32 552 421 83 86 835 557 89 90 292 211 214 220
1 3600 449
13
757 717 712 3 8 667 668 447 442 525 528 429 426
1 3600 449
6
531 449 439 77 74 800
1 3600 449
20
531 532 39 42 642 651 639 640 662 587 584 487 484 181 178 741 719 720 727 728
1 3600 449
11
757 717 712 3 4 668 665 253 250 382 506
1 3600 116
5
354 398 271 274 571
1 3600 116
10
401 398 271 274 807 319 316 373 368 327
1 3600 116
12
175 172 271 274 807 319 314 358 25 26 103 100
1 3600 116
17
183 184 257 254 628 744 279 280 376 821 361 362 370 321 322 366 97
1 3600 116
6
140 627 271 272 279 280
1 3600 116
11
628 569 570 807 319 316 373 370 321 322 366
1 3600 116
5
398 271 274 807 319
1 3600 60
20
375 281 278 745 629 630 635 632 619 267 268 562 69 72 475 472 119 116 573 576
1 3600 281
29
624 759 457 185 182 163 17 14 196 718 740 179 176 497 485 486 585 586 663 641 638 652 656 658 643 644 690 675 680
1 3600 449
41
399 400 695 143 144 615 616 759 457 185 182 186 188 194 200 202 228 234 137 134 795 597 537 519 507 510 385 251 245 248 529 524 443 446 669 666 9 2 713 714 113
1 3600 449
24
632 241 236 559 560 293 91 88 556 834 87 84 413 37 34 61 56 523 524 443 446 669 5 2
1 3600 119
10
747 141 144 623 624 759 565 259 260 636
1 3600 119
5
813 615 616 759 457
1 3600 118
5
255 260 632 619 543
1 3600 118
3
637 632 619
1 3600 118
12
623 624 759 457 239 236 545 291 91 92 265 262
1 3600 118
5
174 759 457 239 236
1 3600 118
4
160 276 243 240
1 3600 118
19
174 759 457 185 182 186 188 192 198 213 210 293 91 88 549 405 406 562 601
1 3600 204
7
260 632 619 267 264 437 434
1 3600 449
25
174 759 457 185 182 163 17 14 196 718 740 137 134 795 649 595 537 519 507 383 251 252 664 669 666
1 3600 449
25
616 759 457 239 236 545 291 91 94 180 485 482 481 423 420 553 554 65 62 801 459 460 453 454 5
1 3600 103
14
353 356 143 144 615 616 759 457 185 182 186 13 14 196
1 3600 103
14
256 185 182 186 190 207 202 226 817 799 735 738 779 771
1 3600 103
10
759 457 185 182 186 188 194 200 204 730
1 3600 103
19
688 695 143 144 623 624 759 457 239 236 559 560 217 213 208 724 776 771 766
1 3600 103
4
456 758 175 149
1 3600 104
9
185 182 163 17 14 198 213 214 218
1 3600 104
19
695 143 144 615 616 759 457 185 182 186 190 207 202 228 234 137 134 795 649
1 3600 236
15
239 236 545 291 91 94 176 497 485 341 336 489 481 413 416
1 3600 449
24
623 624 759 565 259 260 632 619 267 264 469 466 550 419 420 553 33 34 61 56 425 428 529 526
1 3600 449
18
616 759 457 185 182 163 160 276 540 11 14 196 720 727 724 776 771 772
1 3600 449
14
185 182 186 188 192 196 718 740 137 134 795 597 537 519
1 3600 44
11
155 152 307 304 310 702 319 314 362 370 51
1 3600 48
8
69 72 475 472 119 116 573 574
1 3600 48
11
154 410 502 650 643 644 471 472 119 116 573
1 3600 75
8
432 638 652 656 658 643 644 690
1 3600 321
15
154 410 502 652 654 65 62 801 75 76 438 448 530 714 113
1 3600 449
23
559 560 293 91 88 556 834 87 82 420 553 33 34 803 801 79 80 440 454 666 9 2 760
1 3600 57
8
618 633 261 258 564 758 617 612
1 3600 57
23
600 563 407 404 548 89 90 290 544 237 242 277 161 162 183 184 456 758 617 614 145 140 746
1 3600 57
14
71 68 563 269 266 618 633 261 258 564 758 625 622 812
1 3600 66
4
431 432 409 155
1 3600 50
11
291 91 92 469 466 550 419 420 553 554 708
1 3600 50
5
408 638 652 654 65
1 3600 299
13
267 268 562 601 602 660 553 67 62 801 75 76 438
1 3600 449
12
71 72 299 296 706 691 41 38 533 530 712 3
1 3600 54
16
823 599 589 584 487 484 496 785 139 136 235 230 738 779 771 768
1 3600 63
5
264 93 90 292 217
1 3600 63
6
156 241 236 559 560 211
1 3600 63
7
156 619 267 264 469 464 548
1 3600 62
6
267 268 562 601 602 660
1 3600 264
8
602 660 553 67 62 801 79 80
1 3600 449
15
823 599 589 584 487 484 496 177 178 235 230 738 779 771 772
1 3600 449
12
600 563 407 402 834 487 341 336 493 494 537 519
1 3600 187
14
642 659 657 653 503 411 155 152 307 304 49 44 476 592
1 3600 69
17
658 651 639 640 662 435 436 265 266 618 157 152 330 309 304 49 46
1 3600 32
14
501 502 650 643 43 38 533 530 716 754 107 104 749 750
1 3600 93
12
654 65 62 801 75 76 438 448 530 714 107 104
1 3600 449
7
650 643 43 38 533 530 716
1 3600 180
18
662 587 584 835 557 89 90 290 544 237 238 456 758 617 614 145 142 357
1 3600 45
3
663 641 433
1 3600 45
9
640 662 435 436 93 90 292 561 558
1 3600 92
5
642 659 657 654 65
1 3600 40
3
650 643 646
1 3600 449
10
33 34 61 56 523 524 443 444 454 5
1 3600 236
28
659 657 654 555 552 421 418 491 488 337 338 794 135 136 741 719 225 226 817 799 735 738 779 771 768 165 166 790
1 3600 59
13
501 411 408 640 603 600 563 407 402 834 487 341 338
1 3600 53
9
640 660 421 422 480 488 498 595 537
1 3600 53
4
660 421 83 84
1 3600 77
4
65 62 801 75
1 3600 449
13
66 552 421 418 551 467 468 93 90 292 211 208 728
1 3600 449
9
587 584 487 341 336 493 494 537 519
1 3600 449
9
647 642 651 503 411 155 158 631 628
1 3600 321
25
667 455 452 461 458 800 802 35 36 412 85 86 835 403 406 269 266 618 157 152 307 304 49 44 478
1 3600 99
11
671 9 2 713 531 532 39 40 690 707 297
1 3600 43
7
7 2 713 714 113 111 104
1 3600 281
3
9 2 762
1 3600 449
29
667 668 665 247 244 250 382 506 518 536 596 794 135 136 741 719 197 15 16 162 183 184 456 758 625 622 145 140 746
1 3600 225
19
671 667 455 441 81 78 800 63 66 552 421 418 551 467 468 265 266 618 157
1 3600 33
11
667 455 445 442 463 458 800 63 64 708 722
1 3600 155
5
530 712 3 8 670
1 3600 449
24
449 439 77 74 800 802 35 36 412 480 483 484 181 95 90 290 544 237 238 456 758 175 149 146
1 3600 281
20
439 440 452 692 525 528 249 244 250 384 511 506 518 536 594 499 337 340 486 835
1 3600 81
10
7 4 668 665 253 250 382 506 518 536
1 3600 36
6
451 439 81 78 459 460
1 3600 449
24
671 667 455 445 442 525 522 57 60 35 36 412 480 483 484 496 177 178 235 230 738 779 771 772
1 3600 449
13
449 439 77 74 459 462 525 528 249 244 250 382 506
1 3600 449
26
4 455 452 461 458 800 63 64 655 653 503 411 155 158 631 628 569 566 701 31 28 397 394 285 288 378
1 3600 449
8
2 713 531 532 39 40 471 472
1 3600 449
6
2 713 714 113 114 222
1 3600 155
5
2 713 716 754 107
1 3600 149
3
2 713 716
1 3600 449
31
4 668 447 442 525 522 57 60 35 32 552 421 83 86 835 557 89 90 290 544 237 242 277 161 162 183 184 456 758 617 614
1 3600 449
22
4 668 665 253 250 384 511 506 518 536 596 794 343 344 784 177 95 90 292 561 558 237
1 3600 408
12
8 667 455 441 81 78 800 63 64 655 656 658
1 3600 66
4
2 713 531 449
1 3600 449
19
4 668 665 253 250 382 506 518 536 594 648 794 135 136 741 233 229 226 817
1 3600 449
16
8 667 455 441 77 74 800 802 35 36 412 480 483 484 181 95
1 3600 449
9
4 455 452 461 458 800 63 66 552
1 3600 128
5
8 667 668 665 247
1 3600 449
27
4 668 447 442 525 528 429 424 57 60 35 32 552 421 418 551 547 548 89 90 292 217 213 214 220 727 728
1 3600 449
9
8 667 668 665 247 244 250 382 506
1 3600 132
27
787 769 770 778 739 734 798 816 227 203 201 195 189 187 183 184 257 254 628 744 273 274 807 319 316 373 370
1 3600 249
12
726 721 718 740 179 180 485 486 585 588 600 69
1 3600 449
24
789 769 770 778 739 231 234 137 138 345 346 485 486 585 586 663 641 638 650 643 644 690 675 676
1 3600 449
19
718 740 179 176 497 485 482 481 413 37 34 803 801 79 80 438 448 530 714
1 3600 449
21
190 207 202 228 234 137 134 795 597 537 519 507 383 251 252 664 669 666 9 2 762
1 3600 198
6
187 183 184 456 758 175
1 3600 198
13
739 231 229 203 206 191 187 183 184 456 758 625 622
1 3600 198
15
224 197 15 10 541 243 238 456 758 617 614 145 142 694 689
1 3600 198
10
205 201 195 189 187 183 184 456 758 175
1 3600 198
12
232 719 197 15 16 162 183 184 456 758 175 172
1 3600 198
10
687 684 688 695 143 144 623 624 759 565
1 3600 198
7
831 227 203 206 191 13 16
1 3600 198
20
787 769 770 777 725 209 212 216 561 558 237 238 456 758 625 622 145 142 694 689
1 3600 198
10
731 205 201 195 189 187 183 184 257 254
1 3600 182
17
169 164 769 770 777 725 726 221 215 212 199 15 10 541 243 240 619
1 3600 182
6
189 13 10 541 243 240
1 3600 182
14
831 227 224 720 221 215 210 293 91 88 549 405 406 562
1 3600 299
13
775 725 209 210 293 91 88 556 834 87 82 420 553
1 3600 449
23
767 770 778 739 231 234 179 180 485 482 481 413 37 34 61 56 523 524 443 444 454 666 670
1 3600 449
19
231 232 740 137 134 795 649 595 537 519 507 510 385 251 245 246 664 669 5
1 3600 199
10
171 164 769 770 778 739 734 798 816 830
1 3600 199
12
148 174 759 457 239 242 540 11 14 198 213 208
1 3600 199
3
771 768 788
1 3600 199
8
169 164 769 770 778 739 734 798
1 3600 197
13
787 769 770 777 725 209 212 216 293 91 88 556 834
1 3600 197
8
207 201 195 192 198 213 214 218
1 3600 197
3
740 179 176
1 3600 197
7
778 739 231 234 137 138 345
1 3600 197
11
167 164 769 770 777 725 726 221 215 210 561
1 3600 197
5
192 196 718 740 137
1 3600 197
7
735 231 234 179 176 497 485
1 3600 197
9
775 725 209 212 216 293 91 92 469
1 3600 197
14
167 164 769 770 777 725 726 221 215 210 293 91 94 180
1 3600 197
13
147 148 174 759 457 239 236 545 291 91 94 176 497
1 3600 197
12
171 164 769 770 778 739 231 232 740 137 134 795
1 3600 197
12
770 778 739 734 798 816 227 224 197 15 10 541
1 3600 197
9
147 148 174 759 457 239 236 545 291
1 3600 145
23
787 769 770 777 725 209 212 216 293 91 88 549 546 550 419 420 553 33 34 61 56 425 426
1 3600 449
11
228 234 137 134 795 597 537 519 507 383 251
1 3600 180
4
770 777 725 728
1 3600 449
12
780 739 231 232 740 137 134 795 649 595 537 519
1 3600 173
26
340 486 835 403 404 465 468 265 266 618 157 152 307 304 312 133 130 702 319 314 362 368 327 325 322 364
1 3600 187
16
560 293 91 92 437 434 587 588 600 69 72 475 472 119 116 573
1 3600 299
12
215 210 293 91 88 549 405 406 562 69 72 475
1 3600 449
13
179 95 92 437 434 663 641 638 652 656 658 643 43
1 3600 449
17
138 345 346 485 482 481 413 37 34 803 801 79 80 438 448 530 716
1 3600 112
17
549 465 468 265 266 618 633 261 258 564 758 617 614 145 142 694 689
1 3600 112
8
212 216 561 558 237 240 633 636
1 3600 116
3
210 561 558
1 3600 116
6
560 293 91 92 265 262
1 3600 116
10
293 91 88 556 834 585 588 600 69 70
1 3600 116
8
402 834 585 586 663 641 433 430
1 3600 116
6
344 784 177 95 90 290
1 3600 75
7
585 586 663 641 409 410 500
1 3600 408
14
482 490 419 420 553 67 62 801 459 460 453 454 666 670
1 3600 449
19
216 293 91 88 556 834 87 82 420 553 67 62 801 459 462 443 446 669 5
1 3600 121
12
540 11 12 188 194 200 202 226 817 799 735 738
1 3600 121
16
95 90 290 544 237 238 456 758 625 622 145 142 694 689 685 686
1 3600 121
9
135 136 235 230 738 779 771 768 786
1 3600 121
7
214 220 727 724 776 771 766
1 3600 121
15
484 347 344 139 136 741 233 230 738 779 771 768 165 166 790
1 3600 121
13
547 548 89 90 292 211 208 724 776 771 768 165 166
1 3600 121
9
648 794 135 136 741 719 720 727 724
1 3600 121
7
93 94 178 235 230 738 779
1 3600 98
5
95 90 292 211 214
1 3600 98
9
138 345 346 485 486 835 403 404 546
1 3600 122
6
469 464 405 402 834 87
1 3600 122
5
339 336 489 481 423
1 3600 122
10
346 485 482 481 413 37 34 61 56 425
1 3600 122
6
649 499 489 490 419 420
1 3600 122
6
834 87 82 420 553 33
1 3600 122
6
402 834 87 84 413 416
1 3600 122
9
482 481 413 37 34 61 56 425 426
1 3600 166
16
215 210 293 91 92 469 466 550 419 420 553 554 65 62 801 459
1 3600 449
8
181 178 235 230 738 779 771 772
1 3600 449
3
595 537 519
1 3600 375
16
59 60 35 32 552 661 603 600 563 269 266 618 157 152 330 606
1 3600 264
24
803 63 64 655 653 639 409 155 158 631 628 569 566 701 31 26 53 50 321 322 366 97 98 814
1 3600 249
17
417 37 34 803 801 75 76 438 448 530 714 107 108 21 18 753 750
1 3600 375
13
434 663 641 638 650 643 43 38 533 530 714 113 114
1 3600 449
12
61 56 523 524 443 444 454 5 2 713 716 756
1 3600 236
20
427 424 57 60 35 32 552 661 603 600 563 269 266 618 633 261 258 564 758 617
1 3600 64
12
59 60 35 32 552 661 603 600 563 269 266 543
1 3600 93
4
85 86 585 586
1 3600 93
3
32 552 661
1 3600 93
3
415 37 32
1 3600 115
8
56 523 524 693 453 441 438 448
1 3600 449
11
420 553 67 62 801 79 80 440 454 666 9
1 3600 136
15
59 60 35 36 412 480 483 484 496 785 139 136 741 719 225
1 3600 81
11
425 428 249 244 250 384 511 506 518 536 594
1 3600 81
4
483 484 181 178
1 3600 81
6
421 418 551 547 548 89
1 3600 81
3
86 487 484
1 3600 81
8
412 85 86 835 557 89 90 292
1 3600 60
5
84 480 488 493 494
1 3600 83
3
803 801 75
1 3600 83
5
420 553 554 65 62
1 3600 83
4
428 529 524 443
1 3600 83
6
519 507 383 251 252 664
1 3600 449
17
36 412 480 488 337 338 794 135 136 741 719 720 727 724 776 771 772
1 3600 214
8
421 418 491 488 493 494 537 519
1 3600 449
24
74 800 63 64 655 653 503 411 155 152 307 304 310 702 319 316 373 368 327 325 322 366 97 98
1 3600 449
10
438 450 647 644 471 472 119 116 573 576
1 3600 346
12
664 447 444 441 438 450 793 39 40 690 707 297
1 3600 281
7
76 438 448 530 714 107 108
1 3600 449
3
5 2 762
1 3600 449
23
673 447 442 463 458 800 63 66 552 661 662 435 436 265 266 618 633 261 258 564 758 617 614
1 3600 264
15
506 518 536 495 492 337 340 486 835 403 404 465 468 265 262
1 3600 85
8
81 78 800 63 64 655 656 658
1 3600 140
4
80 440 454 666
1 3600 140
8
245 248 529 524 443 444 441 438
1 3600 140
7
529 524 443 446 669 5 6
1 3600 249
6
459 460 453 454 666 9
1 3600 449
20
81 78 800 63 64 555 552 421 418 491 483 484 496 177 178 235 229 226 817 799
1 3600 145
13
673 447 442 463 458 800 63 66 552 421 418 551 467
1 3600 158
9
527 528 249 244 250 382 506 518 536
1 3600 158
10
251 245 248 429 424 57 60 35 32 552
1 3600 158
7
452 461 458 800 63 66 552
1 3600 158
3
442 525 522
1 3600 158
12
673 447 442 693 461 458 800 802 35 36 412 423
1 3600 158
6
459 462 525 528 429 426
1 3600 158
10
455 441 77 74 800 802 35 36 412 85
1 3600 158
9
441 81 78 800 63 64 555 552 421
1 3600 145
7
440 445 446 665 253 250 384
1 3600 145
3
461 458 75
1 3600 449
17
253 250 382 506 518 536 596 794 135 136 741 233 230 738 779 771 772
1 3600 449
4
253 250 382 506
1 3600 449
24
773 770 778 739 734 798 816 227 203 206 191 187 183 184 257 254 628 569 566 764 808 25 26 103
1 3600 449
16
729 726 721 197 15 16 160 276 243 240 619 267 268 562 601 598
1 3600 449
24
773 770 778 739 231 234 179 180 485 486 835 403 406 562 69 72 521 295 296 706 675 680 804 832
1 3600 449
24
729 726 221 215 212 216 293 91 92 437 434 663 641 638 650 643 43 38 533 530 716 754 113 111
1 3600 449
21
729 726 721 718 740 137 134 795 597 537 519 507 510 385 251 252 664 669 5 2 762
1 3600 449
7
729 209 212 199 193 189 187
1 3600 449
10
773 770 777 725 209 210 561 558 237 240
1 3600 449
17
729 726 721 718 740 179 176 497 485 482 490 419 420 553 554 708 722
1 3600 449
19
773 770 778 739 231 234 137 134 795 597 537 519 507 383 251 252 664 669 666
1 3600 449
22
729 209 212 216 293 91 88 549 546 550 419 420 553 33 34 803 801 79 80 440 454 5
1 3600 54
4
729 724 774 782
1 3600 140
11
773 770 778 739 231 234 179 180 485 486 835
1 3600 449
20
773 770 778 739 231 232 740 137 134 795 339 336 489 481 413 37 34 61 56 425
1 3600 449
18
773 770 778 739 231 234 137 134 795 649 595 537 519 507 383 251 245 246
1 3600 449
5
729 724 776 771 772
1 3600 449
16
729 726 221 215 210 293 91 94 176 785 345 342 795 597 537 519
1 3600 449
18
518 536 495 492 337 340 486 835 403 406 269 266 618 633 634 631 628 744
1 3600 449
19
507 510 385 251 245 248 529 524 443 444 441 438 450 647 644 471 472 119 116
1 3600 449
20
507 383 251 245 248 529 524 463 458 79 80 438 450 793 39 40 690 675 680 804
1 3600 449
12
507 383 251 252 664 669 666 9 2 713 714 107
1 3600 449
11
507 510 385 251 252 664 669 5 2 713 716
1 3600 449
22
518 536 596 794 343 344 784 177 95 90 290 544 237 238 456 758 625 622 145 142 694 689
1 3600 449
13
518 536 594 648 339 340 486 585 588 602 641 433 430
1 3600 449
10
518 536 495 492 489 481 423 420 553 554
1 3600 449
7
507 383 251 252 664 669 666
1 3600 449
9
507 383 251 245 246 664 669 666 9
1 3600 449
11
518 536 596 794 135 136 235 230 738 779 771
1 3600 145
9
518 536 594 499 489 490 551 467 468
1 3600 66
8
518 536 495 492 489 490 419 420
1 3600 187
5
507 510 385 251 245
1 3600 449
15
518 536 594 648 794 343 346 181 95 90 292 217 213 208 728
