503
1 3600 188
11
1351 767 747 744 778 499 496 487 483 484 393
1 3600 188
11
323 326 945 946 956 479 480 1333 1334 337 334
1 3600 220
7
353 350 778 499 496 487 483
1 3600 220
25
1067 45 46 97 98 233 230 1070 125 126 134 567 570 749 746 467 463 459 460 751 335 336 1335 21 18
1 3600 220
22
115 112 279 273 274 1080 131 134 157 154 162 777 774 303 306 505 500 41 42 974 485 17
1 3600 220
10
1061 323 326 945 946 956 409 406 395 390
1 3600 220
5
1341 1342 1335 21 18
1 3600 220
7
337 334 750 752 313 283 286
1 3600 220
8
744 778 499 493 494 519 477 478
1 3600 220
4
335 336 1335 21
1 3600 220
16
1331 943 325 326 945 946 956 479 476 518 495 33 34 36 40 506
1 3600 179
13
1351 465 468 774 303 306 508 968 976 577 435 432 578
1 3600 395
16
1259 499 493 33 28 918 525 522 1365 1349 825 823 817 818 949 950
1 3600 395
27
392 975 43 37 38 979 561 562 361 356 589 590 347 340 382 742 661 662 665 666 599 592 245 246 348 878 1210
1 3600 210
12
1207 353 350 771 571 566 135 130 1081 275 251 252
1 3600 210
21
392 485 482 486 497 498 779 745 748 571 566 135 127 124 1071 231 232 99 96 73 68
1 3600 210
19
1209 353 350 745 746 768 163 155 156 135 127 122 229 232 99 96 47 44 1064
1 3600 210
25
323 326 945 946 958 741 631 585 579 433 434 576 977 969 509 307 302 775 776 163 158 145 146 143 141
1 3600 210
3
350 771 571
1 3600 210
3
115 112 1069
1 3600 210
20
392 975 43 40 501 502 529 526 534 564 1077 169 166 1196 1282 255 250 274 129 124
1 3600 210
6
746 766 465 468 539 536
1 3600 171
10
392 975 43 40 506 529 530 967 953 551
1 3600 171
15
467 463 459 460 752 311 301 304 297 298 565 187 175 172 180
1 3600 359
20
350 745 746 768 777 539 536 315 297 298 565 549 552 1300 1127 981 269 270 575 3
1 3600 395
24
1351 465 463 459 460 752 311 308 283 284 295 298 565 549 552 557 355 358 265 259 256 1123 385 388
1 3600 395
34
1244 1259 499 493 494 515 512 525 520 433 425 426 419 422 345 342 1124 933 934 401 396 988 1024 1309 1175 1172 1232 25 26 654 691 673 676 1290
1 3600 395
14
339 334 750 461 458 462 466 747 748 571 566 135 130 223
1 3600 395
21
394 19 16 482 488 31 34 36 40 501 502 529 526 534 187 182 1272 1145 293 288 1114
1 3600 395
23
394 19 20 1332 475 472 583 584 625 626 447 431 428 452 456 263 264 271 266 1162 1095 1090 1360
1 3600 395
24
1351 767 768 163 155 152 145 148 1083 1084 1192 1139 1093 1094 1143 1140 1155 1158 1131 999 1000 1002 1051 1048
1 3600 395
48
1067 45 46 97 98 233 228 123 126 132 151 117 118 1083 1086 181 173 174 184 961 962 1094 1163 1160 1167 1037 1038 401 396 990 1043 1041 733 729 723 720 1191 1031 1026 1253 1254 1267 15 9 10 639 633 634
1 3600 238
7
408 957 947 944 327 322 1060
1 3600 238
23
504 508 953 551 548 564 1077 169 166 1087 1082 119 116 150 133 127 122 1068 113 110 69 70 190
1 3600 238
10
507 41 37 35 32 492 498 1258 1245 1242
1 3600 238
10
531 528 507 41 42 972 489 486 497 498
1 3600 238
6
477 480 1333 1334 1343 1340
1 3600 238
16
497 498 779 771 571 566 135 127 124 1071 231 232 91 86 189 190
1 3600 238
19
941 325 326 945 946 623 624 585 582 473 470 476 516 29 32 492 498 1258 1245
1 3600 238
9
470 478 957 947 944 327 324 942 1330
1 3600 238
8
946 956 479 476 518 495 492 498
1 3600 227
11
487 483 17 18 407 408 957 947 944 327 328
1 3600 227
4
35 32 490 497
1 3600 227
4
500 41 42 974
1 3600 258
15
496 491 33 28 517 477 471 472 583 584 630 740 629 626 447
1 3600 258
14
34 38 979 976 1022 923 928 1177 699 443 441 438 1103 1104
1 3600 258
11
1336 1338 1346 1109 1106 1288 1111 1112 1176 929 926
1 3600 258
10
523 520 433 425 430 448 1113 1110 1289 1107
1 3600 258
8
631 625 626 437 440 442 700 706
1 3600 258
11
470 476 516 920 979 561 558 925 926 423 418
1 3600 258
11
408 1062 739 740 629 626 437 440 442 700 706
1 3600 258
15
504 508 968 976 1022 923 928 419 420 705 701 702 619 620 694
1 3600 258
7
583 580 1338 1346 1109 609 610
1 3600 258
11
1062 739 631 585 579 433 425 430 445 442 702
1 3600 258
11
529 530 967 968 978 921 918 525 520 578 580
1 3600 258
10
511 512 525 520 433 425 426 1177 699 702
1 3600 258
9
491 494 519 516 920 979 561 562 576
1 3600 219
18
512 525 522 1365 1349 825 826 373 370 413 416 665 666 599 592 915 916 1009
1 3600 395
6
472 1336 1338 1346 785 780
1 3600 255
23
966 287 280 314 537 538 776 163 160 566 135 130 1081 275 272 278 1069 229 232 91 88 51 52
1 3600 255
17
487 488 973 43 40 501 504 307 302 775 776 163 155 156 135 127 124
1 3600 255
22
531 526 534 187 175 176 179 180 1087 1088 255 250 272 278 1069 229 232 99 96 47 44 1064
1 3600 255
26
525 520 433 434 361 354 556 1300 1121 185 182 1193 1194 209 210 1314 1261 1262 133 127 124 1071 231 232 91 88
1 3600 251
7
476 516 920 979 969 953 551
1 3600 251
15
406 19 16 484 975 43 40 506 529 526 534 564 1077 169 164
1 3600 251
5
967 953 551 552 1300
1 3600 251
13
481 476 516 920 39 36 40 506 529 526 534 187 175
1 3600 251
4
307 304 297 298
1 3600 251
12
33 34 36 40 501 502 529 526 532 551 552 1300
1 3600 251
18
1329 943 325 326 945 946 623 626 447 431 428 454 587 261 258 264 271 105
1 3600 251
17
19 20 1332 475 472 583 579 433 434 361 358 575 572 1166 1141 1142 1095
1 3600 257
9
33 28 920 979 561 558 925 926 345
1 3600 257
10
946 958 629 626 447 448 1113 421 422 345
1 3600 257
9
487 488 31 34 38 979 976 577 361
1 3600 359
17
38 921 918 525 522 1365 1349 825 826 365 366 368 378 663 660 743 727
1 3600 395
27
1365 1349 825 823 817 818 949 803 795 798 870 809 804 812 1189 789 792 1213 1216 1033 1026 1253 23 26 656 658 647
1 3600 395
15
40 501 504 307 302 775 776 163 158 145 146 150 1263 1260 1315
1 3600 395
14
506 503 504 508 953 551 552 557 109 106 981 965 962 1092
1 3600 395
12
585 579 433 434 361 358 575 572 1168 1159 1156 1137
1 3600 395
23
20 1332 481 471 472 1336 1338 1346 785 782 948 415 412 1016 377 374 380 386 398 404 1004 1051 1048
1 3600 395
29
508 953 551 552 557 109 104 266 1160 1167 1037 1034 193 196 1002 1056 1172 1232 25 22 1254 1267 15 9 10 639 633 61 58
1 3600 208
25
1288 1111 1112 1176 929 924 559 560 969 966 287 282 312 753 461 458 462 464 767 747 744 351 352 1101 1098
1 3600 236
8
427 424 432 521 524 919 920 39
1 3600 236
9
1348 1364 523 524 919 29 30 973 974
1 3600 236
13
377 374 341 346 591 586 455 429 430 446 627 622 947
1 3600 236
7
1108 1347 1339 581 579 521 522
1 3600 236
5
427 424 432 521 522
1 3600 236
8
1023 577 435 432 578 584 630 738
1 3600 236
6
436 627 628 741 738 1063
1 3600 236
8
627 628 959 947 944 327 324 940
1 3600 236
12
369 372 827 824 1348 1364 523 524 513 514 495 490
1 3600 236
10
1257 707 701 698 449 431 424 432 521 524
1 3600 236
8
449 446 627 624 585 582 473 470
1 3600 243
8
452 456 357 360 435 432 578 580
1 3600 243
11
610 693 621 618 703 700 704 421 422 927 922
1 3600 243
3
610 693 696
1 3600 243
4
717 703 700 706
1 3600 236
8
617 620 692 605 602 795 796 863
1 3600 236
18
923 924 1165 587 590 347 340 375 376 1017 413 414 949 950 865 862 868 872
1 3600 236
16
1357 439 440 442 700 706 1256 1289 613 607 602 795 796 866 874 1178
1 3600 236
9
925 926 423 420 1110 1289 1107 1108 785
1 3600 236
17
579 433 425 428 454 587 590 938 1123 385 388 735 729 723 724 595 596
1 3600 236
3
1289 613 607
1 3600 236
9
692 611 608 1108 785 782 950 865 860
1 3600 236
8
1164 925 926 345 340 382 742 661
1 3600 236
14
440 442 702 619 620 692 605 602 795 798 872 847 811 808
1 3600 236
15
1022 923 926 345 340 375 378 417 410 971 949 950 865 860 874
1 3600 208
17
447 448 1113 1110 1289 1107 1108 785 782 803 795 798 870 1179 829 830 854
1 3600 232
18
929 922 451 452 456 263 264 271 268 965 962 1092 1138 1193 1194 209 206 1304
1 3600 223
18
825 826 373 368 374 380 384 1122 755 758 5 2 574 271 268 980 1126 1121
1 3600 223
13
1357 439 440 444 431 428 452 456 357 354 556 1300 1121
1 3600 223
15
927 924 1165 587 588 357 354 556 553 548 564 1077 169 166 1196
1 3600 251
4
450 923 924 559
1 3600 251
15
605 602 802 948 970 411 416 663 660 743 383 341 346 591 588
1 3600 251
13
698 1176 419 422 345 342 1124 933 934 1039 1036 1166 1161
1 3600 251
5
433 434 361 356 263
1 3600 251
12
428 454 587 261 256 755 758 936 931 934 765 403
1 3600 251
12
377 374 382 331 332 736 1047 987 397 400 1039 1036
1 3600 251
4
368 374 380 384
1 3600 251
10
825 826 365 366 368 374 341 346 938 755
1 3600 171
12
823 817 818 415 416 663 660 743 727 723 724 730
1 3600 171
12
452 456 589 261 256 1123 385 388 735 732 1040 1042
1 3600 329
22
1107 1108 785 782 948 970 411 416 665 666 599 592 1014 1031 1026 1298 885 882 75 76 889 890
1 3600 395
25
366 368 374 380 386 398 402 760 1129 1130 1159 1156 1137 1132 1091 1092 1138 1193 1194 237 217 214 1313 1314 1261
1 3600 395
23
717 703 700 704 421 418 929 926 345 342 1122 257 258 264 271 268 965 960 185 182 1272 1362 1345
1 3600 395
13
422 345 346 938 755 758 5 2 572 1168 1159 543 65
1 3600 395
17
703 698 1176 929 926 345 342 1124 933 934 401 396 988 1019 1020 1307 1175
1 3600 395
46
629 626 437 440 442 700 706 615 620 692 611 607 602 795 796 868 872 847 811 804 812 1185 1180 1186 1221 1222 1211 321 318 1238 1029 1026 1253 1254 1268 1271 685 686 1294 681 669 647 7 10 639 633
1 3600 395
20
1012 813 805 806 828 875 861 864 951 783 784 1347 1339 1337 473 474 1333 1334 337 338
1 3600 208
9
782 948 819 816 822 824 1348 1364 523
1 3600 208
11
783 784 1109 1106 1288 1111 421 418 929 924 1165
1 3600 208
6
785 782 948 819 816 363
1 3600 208
14
1178 871 799 794 603 604 693 621 614 707 701 443 444 431
1 3600 208
16
667 664 417 414 949 783 784 1109 1106 1288 1257 615 616 1105 1102 1356
1 3600 208
15
860 867 797 794 603 606 612 1288 1257 707 701 443 441 436 627
1 3600 208
12
917 914 593 594 725 722 728 734 389 384 343 344
1 3600 208
13
901 902 917 914 593 594 725 722 726 383 341 344 423
1 3600 208
25
917 914 245 248 1029 1030 1190 1231 1173 1057 1003 763 764 935 932 757 754 939 347 344 927 928 1177 1113 705
1 3600 208
14
906 597 598 667 664 417 410 971 949 803 603 604 693 694
1 3600 208
9
416 663 660 743 383 341 344 927 922
1 3600 175
7
1009 1010 1012 813 805 810 839
1 3600 175
5
662 417 414 949 950
1 3600 220
4
869 866 874 829
1 3600 220
11
413 416 665 666 599 592 1014 1031 1032 1217 1212
1 3600 220
3
847 811 804
1 3600 220
9
902 1009 1010 1012 813 814 1352 1249 859
1 3600 220
7
801 795 798 870 809 804 814
1 3600 220
9
1008 917 914 245 248 1239 319 320 1210
1 3600 220
6
870 809 804 812 1189 789
1 3600 220
12
860 874 829 807 804 812 1185 1180 1186 1221 1224 1229
1 3600 395
42
901 902 917 914 593 594 725 718 984 991 397 400 765 762 1001 996 1367 545 546 992 1361 1091 963 960 185 175 172 180 1087 1082 119 116 150 133 127 122 229 232 91 88 83 84
1 3600 329
24
906 597 594 725 718 982 1309 1175 1057 1003 197 194 998 1130 1159 1154 1141 1142 1095 1092 1138 1193 1085 1088
1 3600 184
13
597 594 725 722 728 734 389 384 1122 257 258 262 457
1 3600 184
10
415 416 663 660 743 331 332 389 384 1122
1 3600 223
10
901 902 917 914 1014 1190 721 722 728 732
1 3600 223
14
1327 951 948 970 411 416 663 660 743 331 332 736 1047 987
1 3600 223
12
902 917 914 245 248 1029 1030 1190 731 725 722 728
1 3600 223
12
663 660 743 331 332 736 1047 1045 1042 1310 1025 1019
1 3600 223
12
794 802 948 415 412 1016 377 374 380 386 398 404
1 3600 223
6
660 743 331 332 735 732
1 3600 192
18
602 802 948 970 411 416 665 666 599 592 1014 1031 1026 1253 23 26 656 653
1 3600 192
10
416 663 660 743 727 723 720 1191 1031 1026
1 3600 395
21
662 379 374 341 346 591 588 357 354 556 553 548 187 175 170 165 166 1087 1084 1194 209
1 3600 395
24
1009 1010 1012 1189 1186 1221 1222 1201 1198 1053 1050 1005 405 402 760 1129 1130 1169 1166 1161 1162 1095 1092 1138
1 3600 395
16
664 379 374 380 386 400 765 762 1001 996 1368 913 908 545 65 66
1 3600 395
23
917 914 245 246 317 318 1238 1029 1026 1298 885 882 1376 1383 897 898 23 24 1233 1173 1170 1053 1054
1 3600 395
23
862 868 872 847 811 804 812 1185 1180 789 792 1213 1216 1033 1026 1253 1254 1267 15 9 10 639 633
1 3600 395
44
1297 1225 1220 1187 789 792 1226 1235 1233 1173 1174 1306 1021 1018 989 397 400 935 930 937 5 2 574 359 360 563 560 969 966 287 282 309 310 753 461 458 462 466 747 744 351 352 1101 1096
1 3600 395
20
1248 1353 815 805 810 846 873 799 794 603 606 608 1108 1347 1339 1337 473 474 1333 21
1 3600 179
9
815 805 808 871 869 797 794 603 606
1 3600 270
14
857 858 1248 1353 815 812 1189 1186 877 349 247 244 593 598
1 3600 270
10
858 1248 1353 815 805 806 828 875 861 864
1 3600 270
10
1220 1187 1188 813 805 810 846 873 869 863
1 3600 270
17
857 853 850 1248 1353 815 812 1189 1186 877 349 247 244 593 598 667 664
1 3600 270
9
1187 1181 1184 813 805 808 871 799 794
1 3600 270
10
1220 1187 1188 813 805 808 1179 875 861 864
1 3600 270
5
815 805 806 828 875
1 3600 270
9
810 846 873 869 863 864 951 948 970
1 3600 270
7
1211 321 318 1238 249 244 915
1 3600 270
4
855 831 828 875
1 3600 275
9
781 782 950 865 860 874 829 807 804
1 3600 275
3
849 850 1248
1 3600 275
7
835 832 1180 1186 1221 1224 1296
1 3600 395
33
857 858 1248 1353 815 812 1189 1186 1221 1222 1201 1198 1171 1057 1003 197 194 998 1130 1159 1156 1137 1132 1091 1092 1138 1193 1194 237 217 213 210 1316
1 3600 395
29
1248 1353 815 812 1185 1180 789 792 1226 1235 1233 1173 1057 1005 405 402 760 1035 1036 1166 1161 267 268 980 1126 1121 185 175 176
1 3600 359
18
1183 1180 789 792 1213 1216 1033 1030 1190 721 718 984 991 397 400 935 932 757
1 3600 197
7
1183 1180 1186 877 349 247 244
1 3600 197
13
1211 321 318 1238 1029 1030 1190 731 725 722 728 734 736
1 3600 266
18
858 1248 1353 815 812 1189 789 792 1213 1214 1324 1237 1033 1026 1253 1254 1268 1276
1 3600 266
28
858 1248 1353 815 812 1189 1186 1221 1224 1229 1211 321 318 1238 1029 1026 1298 885 880 893 894 898 23 26 654 691 673 674
1 3600 266
13
804 812 1189 789 792 1213 1216 1033 1026 1298 885 882 1376
1 3600 266
13
1185 1180 1186 877 349 317 318 1238 1029 1026 1253 1254 1267
1 3600 266
14
781 782 948 415 416 665 666 599 592 1014 1031 1032 1217 1218
1 3600 266
22
858 1248 1353 815 812 1189 789 792 1213 1216 1033 1026 1253 23 26 656 658 651 645 7 10 639
1 3600 266
21
858 1248 1353 815 812 1185 1180 1186 1221 1222 1211 321 318 1238 1029 1026 1298 885 882 1376 1383
1 3600 395
28
853 850 1248 1353 815 812 1189 1186 1221 1222 1201 1198 1053 1050 1003 1001 996 1367 545 546 992 1361 1091 1092 1138 1193 1194 237
1 3600 395
31
905 902 917 914 593 594 725 722 726 331 332 389 384 1122 257 258 264 271 105 106 1126 1121 185 175 176 179 180 1196 1280 1251 1119
1 3600 395
21
1180 1186 877 349 317 318 1238 1029 1030 1190 1231 1173 1057 1003 197 192 1129 1130 1159 1156 1137
1 3600 395
7
837 832 1180 789 792 1226 1235
1 3600 395
19
1180 789 792 1213 1216 1033 1026 1253 1254 1268 1276 1265 15 9 10 639 636 640 1287
1 3600 342
10
273 274 1080 131 134 567 161 162 769 766
1 3600 342
15
72 97 81 82 89 90 233 230 1070 125 126 134 567 570 770
1 3600 342
13
254 1283 1197 167 168 1076 299 296 305 300 310 753 751
1 3600 342
15
139 140 142 147 144 159 162 777 469 463 459 460 751 335 338
1 3600 342
21
1247 1244 1259 779 745 748 571 566 135 130 1081 275 272 278 113 110 69 72 47 44 1066
1 3600 342
4
161 162 769 766
1 3600 342
12
97 98 233 228 123 126 134 567 570 770 351 352
1 3600 342
18
90 233 230 1070 125 126 134 157 154 162 777 469 463 459 460 751 335 338
1 3600 342
14
53 48 87 90 233 228 123 126 134 567 570 749 746 467
1 3600 342
4
469 464 767 747
1 3600 342
17
87 90 233 230 1070 125 128 1080 131 134 567 570 770 351 352 1101 1098
1 3600 346
11
536 315 281 286 967 968 978 921 517 477 480
1 3600 346
27
275 251 254 1089 1086 181 178 177 174 186 535 527 528 507 41 37 35 32 494 519 477 478 957 947 944 327 324
1 3600 346
25
139 140 142 117 118 1083 1086 167 168 1076 565 549 550 952 968 978 921 517 477 478 957 947 944 327 324
1 3600 346
21
123 126 132 1263 1260 1315 211 208 1195 1192 183 186 535 527 528 503 500 41 42 974 485
1 3600 346
12
139 140 142 147 144 153 154 162 777 774 303 306
1 3600 232
22
1079 125 128 275 251 254 1283 1197 181 173 174 184 1120 1301 557 355 360 435 432 578 580 1338
1 3600 395
43
50 89 90 233 228 1068 279 273 274 1080 131 132 1263 1260 1315 1312 215 216 236 1195 1192 1139 1093 1090 1133 1136 1157 1158 1131 1128 761 403 399 396 986 1046 737 333 330 742 661 662 665
1 3600 395
30
142 117 118 1083 1088 1283 1280 1344 1363 1273 1139 1093 1090 1360 993 547 544 1366 997 195 196 1002 1056 1172 1232 1234 1227 793 788 1181
1 3600 348
10
50 89 90 233 230 1070 125 126 134 541
1 3600 348
8
274 129 124 1071 231 232 91 88
1 3600 348
6
116 150 1263 1260 1315 1316
1 3600 348
4
69 72 97 98
1 3600 348
9
48 87 90 233 228 123 126 132 151
1 3600 348
9
1081 129 122 229 232 99 81 84 103
1 3600 361
19
52 85 80 96 73 68 111 112 279 273 251 254 1089 1086 167 168 1076 299 296
1 3600 361
16
80 98 233 230 1070 125 126 132 151 147 148 1083 1086 181 178 204
1 3600 361
15
87 90 233 228 123 126 134 157 154 162 777 539 536 315 297
1 3600 361
8
161 162 777 774 303 304 281 284
1 3600 361
7
1305 207 208 1195 1192 183 184
1 3600 361
11
254 1283 1197 167 164 171 174 186 535 532 954
1 3600 361
12
128 1080 131 132 151 117 118 1083 1086 181 178 177
1 3600 361
11
139 140 142 147 148 1083 1086 167 168 1076 565
1 3600 361
5
148 1083 1086 181 178
1 3600 361
7
112 279 273 251 254 1283 1197
1 3600 361
11
1070 125 126 132 151 117 118 1083 1086 167 168
1 3600 361
11
116 147 144 159 162 777 774 303 306 508 968
1 3600 361
4
254 1283 1197 181
1 3600 361
21
55 50 89 90 233 228 123 126 132 1263 1260 1315 211 208 1195 1192 183 184 1120 1127 107
1 3600 361
16
133 134 567 570 749 746 467 463 459 460 752 313 283 286 531 526
1 3600 361
4
1075 121 118 1083
1 3600 208
24
773 749 746 766 465 463 459 460 752 311 308 283 284 295 298 565 549 552 557 109 104 266 1162 1143
1 3600 395
31
139 140 142 150 1263 1260 1315 1312 215 216 236 1195 1192 1139 1093 1090 1133 1136 1157 1158 1131 1128 761 403 404 1004 1051 1052 1199 1202 1230
1 3600 395
32
125 128 1080 131 132 1263 1260 1315 211 208 1195 1192 1139 1093 1094 1143 1140 1167 1037 1038 401 396 990 985 719 724 730 1191 1031 1028 1239 319
1 3600 329
9
123 126 132 1263 1260 1315 1316 1305 207
1 3600 329
10
1080 131 132 1263 1260 1315 211 212 216 238
1 3600 329
10
569 566 541 145 148 1083 1084 1194 237 234
1 3600 329
8
230 1070 125 126 132 1263 1260 1315
1 3600 329
8
144 540 135 130 1081 275 272 276
1 3600 329
10
279 273 251 254 1089 1084 1194 209 212 218
1 3600 316
10
279 273 251 254 1283 1280 1344 1147 203 198
1 3600 316
14
92 137 85 80 98 233 228 1068 279 273 251 254 1283 1280
1 3600 395
14
777 539 536 315 297 298 565 187 184 961 962 1090 1360 1135
1 3600 395
26
569 161 155 152 145 148 1083 1086 167 164 171 174 184 961 964 269 266 1160 1155 1158 1131 999 1000 1002 1051 1054
1 3600 395
45
97 98 233 230 1070 125 126 132 151 117 118 1083 1084 1192 1139 1093 1090 1360 993 67 64 544 909 912 1369 997 195 196 1002 1056 1172 1232 25 26 654 691 679 669 647 7 10 639 636 640 1287
1 3600 179
11
955 952 509 307 300 310 753 461 458 462 464
1 3600 179
12
1087 1082 149 144 153 154 160 570 770 351 352 1101
1 3600 180
14
533 527 528 507 41 42 974 393 394 407 408 957 947 944
1 3600 180
15
980 1126 1301 553 550 952 509 505 500 41 42 972 489 483 17
1 3600 180
10
286 531 528 507 41 37 35 30 489 483
1 3600 180
11
553 550 952 509 505 500 41 37 35 32 492
1 3600 180
9
174 186 535 532 952 968 978 921 918
1 3600 180
11
753 751 335 336 1335 1332 481 476 511 512 525
1 3600 134
17
955 551 552 1300 1127 981 269 270 265 259 256 1123 385 381 375 369 367
1 3600 134
20
181 173 174 184 961 964 269 270 265 259 260 590 347 340 375 369 367 364 827 824
1 3600 329
14
301 306 508 968 561 558 925 928 419 420 1110 1289 1107 1108
1 3600 395
28
532 551 552 557 355 358 575 3 4 936 931 934 401 396 988 1019 1020 1307 1175 1170 1199 1200 1223 1220 1187 1181 833 834
1 3600 178
7
1282 1089 1082 149 144 159 162
1 3600 178
12
1121 185 175 172 180 1087 1082 119 116 143 141 138
1 3600 178
12
960 185 175 170 165 166 1087 1082 149 146 143 141
1 3600 178
16
107 108 556 553 548 564 1077 169 166 1196 1282 255 250 272 278 1069
1 3600 178
19
1301 553 548 564 299 296 314 537 538 776 163 155 156 135 127 124 1071 231 232
1 3600 178
12
280 305 302 775 776 163 155 156 135 127 122 229
1 3600 178
17
301 302 775 776 163 158 540 135 127 124 1071 231 232 91 86 49 52
1 3600 178
14
530 287 284 295 298 1077 169 166 1196 1282 255 250 272 278
1 3600 178
13
1196 1282 255 250 272 278 1069 229 232 91 88 51 54
1 3600 164
12
308 283 284 295 298 565 549 552 1300 1121 961 962
1 3600 164
5
955 551 552 1300 1127
1 3600 163
10
551 552 557 109 104 270 265 259 256 1123
1 3600 163
12
286 967 968 976 577 361 358 575 3 4 936 931
1 3600 163
12
301 304 297 298 565 549 552 557 355 356 589 590
1 3600 163
13
294 285 286 967 968 561 562 361 356 589 590 347 340
1 3600 163
13
308 283 284 295 298 565 549 552 557 109 104 266 1160
1 3600 163
12
167 164 171 174 184 961 964 269 270 265 262 457
1 3600 247
14
981 269 270 575 3 4 759 756 1125 385 388 735 729 723
1 3600 395
21
177 174 184 961 962 1094 1143 1140 1167 1037 1034 761 403 404 1004 1056 1172 1232 25 26 654
1 3600 158
11
205 179 180 1087 1082 119 116 150 133 130 223
1 3600 136
3
182 1272 1362
1 3600 136
5
1088 1283 1280 1344 1363
1 3600 131
12
1084 1192 1139 1093 1094 1163 1160 1155 543 544 1366 1368
1 3600 395
18
309 301 306 508 968 976 577 361 358 575 572 1168 1131 999 1000 1002 1056 1172
1 3600 395
30
1127 981 269 266 1160 1155 1158 1131 1128 761 403 404 1004 1051 1052 1199 1202 1232 25 26 656 653 649 645 7 10 639 633 61 58
1 3600 359
13
591 586 455 429 430 446 627 622 947 944 327 322 1060
1 3600 80
12
402 760 1035 1036 573 574 359 360 576 977 978 921
1 3600 135
7
586 1164 925 926 423 420 705
1 3600 135
6
1163 267 270 359 360 576
1 3600 135
8
754 939 347 344 927 922 1023 577
1 3600 135
8
341 344 423 418 1177 699 702 619
1 3600 135
8
1125 385 381 375 369 372 827 824
1 3600 89
10
340 382 727 723 724 595 592 915 916 903
1 3600 359
18
3 4 759 754 1123 385 388 735 729 723 720 1191 1031 1028 1239 319 316 348
1 3600 171
23
1122 257 260 586 1164 559 560 969 966 287 280 314 537 538 776 163 160 566 135 127 122 1068 113
1 3600 156
7
456 263 264 271 266 1162 1095
1 3600 156
13
930 937 5 2 574 271 268 965 960 185 175 170 165
1 3600 156
13
402 764 1039 1036 1166 1161 267 105 108 556 553 550 954
1 3600 156
8
346 938 257 258 264 271 268 965
1 3600 156
9
588 457 453 450 1023 977 969 953 533
1 3600 156
3
267 105 108
1 3600 91
5
573 3 4 759 756
1 3600 148
7
259 256 1123 385 388 333 330
1 3600 148
3
385 388 333
1 3600 148
5
396 986 1045 1041 733
1 3600 148
9
382 331 332 736 1047 987 990 1310 1309
1 3600 148
5
1037 1038 401 396 990
1 3600 247
18
1123 1124 933 934 401 396 988 1024 1309 1175 1172 1232 25 26 656 658 651 648
1 3600 395
14
260 588 357 354 556 553 548 187 182 1193 1194 209 210 1314
1 3600 179
15
758 5 2 572 1166 1141 1142 1095 1092 1138 1272 1145 293 288 1114
1 3600 158
11
346 938 755 758 5 2 572 1168 1159 543 65
1 3600 158
7
4 936 931 934 1039 1034 193
1 3600 158
6
402 760 1129 1130 1159 1156
1 3600 136
13
1140 1155 1158 1131 999 195 196 1002 1056 1172 1232 1234 1240
1 3600 395
21
1123 343 340 382 727 723 724 730 1191 1031 1026 1253 1254 1267 15 9 10 639 636 640 1287
1 3600 395
24
982 1025 989 397 387 384 1122 939 591 586 455 429 424 432 521 524 513 514 495 490 487 483 484 393
1 3600 329
26
1311 1043 1044 1046 737 333 330 742 661 662 417 410 971 949 783 784 1347 1339 581 584 630 740 959 947 944 327
1 3600 143
11
593 598 667 664 379 374 341 344 927 928 419
1 3600 143
9
991 397 400 935 932 1125 343 344 423
1 3600 141
10
721 722 726 742 661 662 417 414 949 950
1 3600 141
19
1308 1311 1043 1044 1046 737 333 330 742 661 662 417 410 971 949 803 795 798 870
1 3600 141
9
1025 989 397 387 381 375 376 1017 413
1 3600 141
4
661 662 665 666
1 3600 94
16
1021 1018 1024 983 719 724 595 592 245 246 348 876 1187 1181 833 834
1 3600 395
20
1231 1203 1198 1053 1050 1003 197 194 996 1367 545 546 992 1361 1091 1092 1138 1193 1085 1082
1 3600 232
17
1047 987 397 400 1039 1036 1166 1141 1142 1095 1092 1138 1272 1362 1345 1281 1282
1 3600 144
5
725 722 728 734 389
1 3600 144
14
725 718 984 991 397 398 402 760 1129 1130 1159 1154 1141 1142
1 3600 144
13
593 598 667 664 663 660 743 383 341 344 927 924 559
1 3600 144
11
1231 1173 1057 1003 1001 996 1367 545 542 1154 1141
1 3600 144
5
389 384 1124 933 930
1 3600 101
5
982 1309 1175 1057 1005
1 3600 153
11
723 720 1191 1031 1026 1298 885 880 893 894 896
1 3600 153
15
735 729 723 724 730 1191 1031 1026 1298 885 882 75 76 889 890
1 3600 153
8
1045 1042 985 719 720 1191 1031 1026
1 3600 153
6
245 248 1029 1026 1253 1254
1 3600 153
8
1310 1309 1175 1170 1199 1200 1211 321
1 3600 395
16
737 389 384 1122 257 258 264 271 268 965 960 185 182 1193 1194 209
1 3600 395
12
1025 989 397 400 1039 1036 1166 1161 1162 1095 1092 1138
1 3600 141
13
1044 987 397 398 402 762 197 194 998 1130 1159 1156 1137
1 3600 108
12
331 332 735 732 1040 1042 1310 1309 1175 1170 1199 1204
1 3600 108
3
24 1233 1173
1 3600 395
19
1020 1307 1175 1172 1232 25 26 654 691 673 670 688 1279 1265 15 9 10 639 636
1 3600 395
31
677 674 1270 1269 1255 1252 1027 1030 1015 593 598 667 664 417 412 371 367 364 827 824 1348 1364 523 524 513 510 518 495 492 498 779
1 3600 395
26
713 710 1237 1033 1030 1015 593 598 667 664 379 369 372 827 824 1348 1364 523 524 919 29 30 973 974 393 390
1 3600 282
17
678 690 655 27 22 1252 1027 1030 1190 721 722 726 383 341 344 927 928
1 3600 459
15
888 77 74 883 884 1299 1027 1028 249 244 593 598 667 664 417
1 3600 459
11
657 27 22 1252 1027 1030 1015 915 916 903 900
1 3600 459
23
1381 1382 1377 883 884 1299 1027 1032 1217 1212 793 788 1188 813 805 808 871 869 866 861 864 951 783
1 3600 459
15
646 659 657 27 24 1233 1230 731 725 722 726 742 661 662 417
1 3600 459
14
1270 1269 1255 1252 1027 1028 249 244 593 598 667 664 417 412
1 3600 480
17
892 881 884 1299 1027 1028 1239 319 320 879 876 1187 1188 813 814 1352 1249
1 3600 480
11
892 881 884 1299 1027 1028 1239 319 320 1210 1228
1 3600 480
17
888 77 74 883 884 1299 1027 1032 1236 1325 1215 1212 793 788 1181 833 836
1 3600 480
19
649 650 668 682 1279 1265 1266 1255 1252 1027 1032 1217 1212 793 788 1188 813 805 806
1 3600 480
15
1215 1212 793 788 1188 813 805 810 846 873 799 794 802 783 780
1 3600 480
19
638 11 8 14 1266 1255 1252 1027 1028 1239 319 316 348 876 1187 1181 1184 813 814
1 3600 480
8
1219 1216 1033 1028 1239 319 320 879
1 3600 480
5
714 1215 1212 793 790
1 3600 480
18
672 690 655 27 22 1252 1027 1028 1239 319 320 1210 1223 1220 1187 1188 813 814
1 3600 480
13
13 14 1266 1255 1252 1027 1032 1217 1212 793 788 1181 1184
1 3600 480
5
1212 793 788 1186 1221
1 3600 480
9
316 348 876 1187 1188 813 805 806 830
1 3600 480
16
1027 1028 1239 319 320 1210 1223 1220 1187 1188 813 814 1352 1249 851 848
1 3600 395
34
709 710 1237 1033 1030 1190 721 722 726 383 341 346 591 588 357 360 563 560 969 509 307 302 775 776 163 155 156 135 127 122 1068 113 110 69
1 3600 395
22
710 1237 1033 1030 1190 731 725 722 728 734 389 384 343 344 927 922 1023 977 969 966 287 280
1 3600 494
15
655 27 24 1233 1173 1174 1306 1021 1018 989 397 400 935 932 1125
1 3600 494
29
1375 641 637 638 11 6 644 648 652 657 27 24 1233 1203 1198 1053 1050 1005 405 402 764 935 932 757 754 257 258 262 457
1 3600 490
12
1293 677 672 690 655 27 24 1233 1173 1174 1306 1021
1 3600 490
11
1292 1295 687 684 1270 1269 1255 1252 1027 1028 249
1 3600 490
9
710 1237 1033 1030 1190 721 718 984 991
1 3600 490
9
672 690 655 27 24 1233 1173 1174 1308
1 3600 490
9
897 898 23 24 1233 1173 1174 1308 1025
1 3600 490
12
891 888 894 898 23 24 1233 1203 1198 1171 1174 1306
1 3600 490
8
709 710 1237 1033 1030 1190 731 725
1 3600 490
10
709 710 1237 1033 1030 1190 721 722 726 742
1 3600 490
12
1255 899 896 1382 1377 883 884 1299 1027 1030 1015 593
1 3600 490
10
884 1299 1027 1030 1190 731 725 722 726 742
1 3600 490
13
687 684 1270 1269 1255 1252 1027 1030 1015 593 594 725 722
1 3600 490
9
897 898 23 24 1233 1173 1174 1306 1021
1 3600 490
15
677 672 690 655 27 24 1233 1173 1174 1308 1311 1043 1044 1046 737
1 3600 490
13
1371 881 884 1299 1027 1030 1190 721 718 982 1025 1019 1020
1 3600 490
12
650 659 657 27 24 1233 1173 1174 1308 1311 1043 1041
1 3600 490
11
1033 1028 249 244 593 594 725 722 728 734 736
1 3600 405
4
888 77 74 1376
1 3600 405
10
79 74 883 884 1299 1027 1032 1236 711 712
1 3600 405
9
887 888 892 881 884 1299 1027 1032 1217
1 3600 405
10
317 318 1238 1029 1026 1253 1254 1267 15 9
1 3600 395
32
681 678 690 655 27 24 1233 1203 1198 1053 1050 1003 1001 996 1368 913 908 545 65 66 992 1361 1091 1092 1138 1193 1194 237 217 214 1313 1314
1 3600 395
26
1264 1278 689 671 672 690 655 27 24 1233 1173 1057 1003 197 194 998 1130 1159 1156 1137 1132 1091 1092 1138 1193 1194
1 3600 395
16
1028 1239 319 320 1210 1201 1198 1171 1057 1003 1001 996 1368 913 910 1358
1 3600 423
7
1381 897 898 23 24 1233 1173
1 3600 423
12
79 74 883 884 1299 1027 1030 1190 1231 1203 1198 1053
1 3600 423
7
883 884 1299 1027 1030 1190 1231
1 3600 423
9
683 669 647 7 10 639 633 61 58
1 3600 423
11
1383 897 898 1254 1267 15 9 10 639 636 640
1 3600 423
12
79 76 894 898 1254 1267 15 9 10 639 636 640
1 3600 395
13
225 222 1081 129 124 1071 231 232 99 96 47 44 1066
1 3600 395
15
221 222 131 134 567 570 770 778 499 493 494 519 477 478 1062
1 3600 395
18
1321 1315 211 208 1195 1192 183 184 1120 1301 557 355 356 457 453 429 426 1177
1 3600 395
28
215 216 236 1195 1192 1139 1093 1094 1143 1140 1167 1037 1038 401 387 381 375 376 1017 413 414 949 803 795 796 868 872 841
1 3600 395
22
1316 1305 207 208 1195 1192 1139 1093 1090 1360 993 547 544 1366 997 1000 1002 1056 1172 1232 1234 1227
1 3600 204
10
1262 133 127 124 1071 231 232 99 96 73
1 3600 204
14
1303 1304 1317 1314 1261 1262 133 127 122 229 232 91 88 83
1 3600 204
10
242 1313 1314 1261 1262 133 134 157 154 162
1 3600 204
9
1303 207 208 1195 1085 1082 149 144 153
1 3600 204
10
239 217 213 210 1314 1261 1262 133 127 122
1 3600 204
10
1303 1304 1317 1314 1261 1262 133 127 124 1078
1 3600 225
10
1315 1312 215 216 236 1195 1085 1086 181 178
1 3600 225
8
235 236 1195 1192 183 186 535 527
1 3600 395
14
215 216 236 1195 1192 1139 1093 963 964 269 270 265 262 589
1 3600 395
33
222 131 134 541 145 148 1083 1088 1283 1280 1251 1119 289 292 1144 1273 1139 1093 1090 1133 1136 1157 1158 1131 1128 761 403 399 396 988 1019 1020 1307
1 3600 395
26
208 1195 1192 1139 1093 1090 1360 993 67 64 544 909 912 1369 997 195 196 1002 1051 1052 1199 1202 1232 25 26 656
1 3600 219
9
214 1313 1314 1261 1262 133 130 223 220
1 3600 215
12
1303 207 208 1195 1192 1272 1362 1147 203 200 288 1116
1 3600 215
8
208 1195 1192 1272 1145 293 288 1114
1 3600 215
11
222 131 132 151 117 118 1083 1088 1283 1280 1251
1 3600 395
13
208 1195 1192 1139 1093 1094 1143 1140 1167 1037 1034 193 196
1 3600 395
31
277 273 274 1080 131 134 567 570 749 744 778 499 493 33 28 920 979 561 558 1165 587 261 256 755 756 933 934 765 403 404 1004
1 3600 395
28
1303 207 208 1195 1192 1139 1093 1090 1133 1136 1157 1158 1131 999 1000 1002 1056 1172 1232 25 26 656 658 647 7 10 639 636
1 3600 395
19
1345 1281 1197 167 168 1076 299 294 285 282 312 753 461 458 462 466 747 744 778
1 3600 359
12
291 292 1146 1363 1273 183 186 535 527 528 503 504
1 3600 395
18
183 184 1120 1301 557 355 356 457 453 429 430 448 1113 705 706 615 620 692
1 3600 395
27
202 1144 1273 183 186 535 527 528 507 41 37 35 28 517 477 471 472 1336 1338 1346 1109 609 607 602 795 798 870
1 3600 395
20
1344 1363 1273 1139 1093 1094 1163 1160 1167 1168 1131 1128 761 403 404 1004 1051 1052 1199 1200
1 3600 91
7
1272 1362 1345 1281 1282 255 250
1 3600 138
8
1195 1085 1086 167 168 1076 565 535
1 3600 138
8
1195 1085 1086 181 173 174 184 1120
1 3600 138
5
1362 1345 1281 1282 1089
1 3600 127
7
1195 1192 1139 1093 1094 1143 1140
1 3600 395
16
291 201 202 1144 1273 1139 1093 1094 1163 1160 1167 1037 1038 401 396 986
1 3600 395
28
1117 289 292 1146 1363 1273 1139 1093 1090 1133 1136 1157 543 544 1366 997 195 196 1002 1056 1172 1232 25 26 654 691 673 670
1 3600 136
4
1138 1193 1194 237
1 3600 136
7
1250 1344 1363 1273 1193 1194 237
1 3600 247
3
1272 1145 203
1 3600 112
5
1139 1093 1090 1360 993
1 3600 112
16
292 1144 1273 183 184 1120 1127 107 104 266 1160 1155 1158 1131 999 1000
1 3600 395
16
1139 1093 1090 1133 1136 1157 1158 1131 1128 761 403 404 1004 1051 1052 1378
1 3600 395
33
1146 1363 1273 183 186 549 552 557 355 356 589 590 347 340 382 727 723 724 730 1191 1031 1026 1253 1254 1268 1276 1265 15 9 10 639 633 61
1 3600 395
19
1373 1369 997 998 1130 1169 573 574 359 360 563 560 978 39 35 32 492 498 1258
1 3600 395
11
545 542 1158 1169 573 574 359 360 576 977 978
1 3600 282
17
998 1130 1169 573 574 265 262 457 453 450 923 928 419 420 1112 699 702
1 3600 395
26
63 64 544 1366 997 195 192 761 403 399 387 381 375 369 367 362 817 818 949 950 865 860 867 868 872 841
1 3600 395
21
403 399 396 990 985 719 724 595 592 245 246 348 876 1187 1181 1184 813 814 1352 1249 859
1 3600 304
16
1137 1134 1361 1091 963 960 185 175 172 180 1087 1082 119 116 143 141
1 3600 208
13
763 760 1035 1036 1166 1161 267 105 108 556 553 548 564
1 3600 208
13
192 1129 1130 1159 1154 1161 267 268 980 1126 1301 553 548
1 3600 214
6
1158 1169 573 3 4 759
1 3600 214
6
912 1369 997 1000 763 764
1 3600 214
7
192 1035 1038 935 932 757 754
1 3600 214
9
997 195 196 763 764 935 932 1125 343
1 3600 214
8
911 912 1369 997 195 192 1035 1038
1 3600 116
13
64 542 1158 1131 1128 761 403 399 387 388 333 330 742
1 3600 395
18
995 547 544 1366 997 1000 1002 1056 1172 1232 25 26 656 653 649 645 7 10
1 3600 395
23
546 992 1361 1091 963 960 185 175 176 179 180 1196 1282 255 250 272 278 1069 229 232 91 86 1318
1 3600 197
10
1156 1137 1132 1091 1092 1138 1272 1362 1147 203
1 3600 197
13
197 194 996 1367 545 542 1154 1141 1142 1095 1092 1138 1193
1 3600 197
9
1137 1132 1091 1092 1138 1272 1362 1345 1251
1 3600 164
5
1159 543 544 909 910
1 3600 197
12
64 542 1158 1131 1128 193 196 1002 1051 1052 1199 1204
1 3600 197
3
1002 1056 1172
1 3600 197
5
196 1002 1051 1052 1378
1 3600 197
3
1000 1002 1051
1 3600 395
23
542 1158 1131 1128 761 403 404 1004 1056 1172 1232 25 26 654 691 679 669 647 7 10 639 636 640
1 3600 395
26
1173 1057 1005 405 402 764 935 930 937 5 2 574 359 354 556 553 548 564 299 296 314 537 538 469 464 1350
1 3600 395
23
1050 1005 405 402 764 935 930 937 759 754 939 591 586 455 429 430 446 627 622 947 944 327 324
1 3600 359
15
1233 1173 1174 1308 1311 991 986 1046 737 389 384 1122 257 260 586
1 3600 359
14
1171 1174 1308 1311 1043 1041 733 734 333 330 742 661 662 665
1 3600 395
7
1205 1200 1228 1225 1220 1187 1181
1 3600 395
31
1049 1050 1005 405 402 760 1035 1036 1166 1161 267 105 108 556 553 548 564 299 294 285 282 312 753 461 458 462 466 747 748 571 568
1 3600 395
17
1198 1053 1050 1003 1001 998 1130 1169 573 574 359 360 563 560 969 509 307
1 3600 109
9
1173 1057 1003 197 192 1129 1130 1159 1154
1 3600 91
8
1055 1052 1171 1174 1308 1311 1043 1041
1 3600 91
7
1171 1174 1308 983 719 724 595
1 3600 116
5
1227 1213 1214 715 713
1 3600 395
23
1173 1174 1306 1021 1018 989 397 400 1039 1036 1166 1141 1142 1095 963 960 185 182 1193 1194 209 212 218
1 3600 395
17
1379 1053 1050 1003 197 194 996 1367 545 65 66 992 1361 1091 1092 1138 1272
1 3600 98
8
1379 1053 1050 1005 405 402 760 1129
1 3600 98
5
1003 1001 998 1130 1159
1 3600 164
3
1379 1053 1054
1 3600 131
22
1379 1199 1202 1232 25 26 654 691 673 674 685 688 1279 1265 15 9 10 639 633 61 56 1284
1 3600 395
39
57 60 632 638 11 8 14 1266 1255 1252 1027 1030 1015 593 598 667 664 417 410 971 949 783 784 1109 1106 1288 1111 1112 449 446 627 628 959 947 944 327 324 942 1330
1 3600 395
29
1285 1286 641 637 638 11 8 14 1266 1255 1252 1027 1028 249 244 593 598 667 664 417 414 949 783 784 1347 1339 581 584 630
1 3600 395
30
641 637 638 11 8 14 1264 1277 1269 1255 1252 1027 1030 1015 593 598 667 664 417 410 971 949 803 603 604 693 621 618 703 443
1 3600 395
19
635 632 638 11 6 646 659 657 27 22 1252 1027 1028 249 244 593 598 667 664
1 3600 395
21
59 60 632 638 11 8 14 1266 1255 1252 1027 1032 1217 1212 793 788 1188 813 805 806 830
1 3600 395
34
1286 641 637 638 11 8 14 1266 1255 1252 1027 1030 1190 731 725 722 726 383 341 344 927 922 1023 977 969 509 307 302 775 776 163 158 145 146
1 3600 395
26
60 632 638 11 6 646 659 657 27 22 1252 1027 1030 1190 721 722 728 734 389 384 1122 257 258 264 271 268
1 3600 395
25
57 60 632 638 11 6 644 648 652 657 27 24 1233 1173 1057 1005 405 399 400 935 930 937 5 2 574
1 3600 188
20
1285 1286 641 637 638 11 8 14 1264 1277 1269 1255 1252 1027 1030 1190 731 725 722 728
1 3600 71
8
59 60 632 638 11 6 646 659
1 3600 395
35
637 638 11 8 14 1266 1255 1252 1027 1030 1015 593 594 725 722 726 383 341 346 591 588 357 354 556 553 548 564 1077 169 166 1087 1084 1194 237 234
1 3600 395
33
641 637 638 11 6 644 648 652 657 27 24 1233 1173 1174 1306 1021 1018 989 397 400 1039 1036 1166 1161 1162 1095 1092 1138 1272 1145 293 288 1114
1 3600 395
21
60 632 638 11 6 646 659 657 27 24 1233 1173 1057 1003 197 194 998 1130 1159 1156 1137
1 3600 77
16
59 60 632 638 11 8 14 1264 1278 689 671 672 690 655 27 24
1 3600 395
3
635 61 58
