442
1 3600 274
3
415 416 562
1 3600 64
5
415 65 55 52 68
1 3600 287
13
563 57 54 62 100 157 154 545 543 541 413 410 441
1 3600 632
8
52 68 21 22 470 559 439 435
1 3600 102
14
415 65 62 100 95 90 519 139 144 279 276 293 290 334
1 3600 252
7
57 52 66 84 88 544 155
1 3600 485
7
563 57 52 66 84 86 517
1 3600 632
15
54 62 100 95 92 154 519 419 9 4 12 420 461 311 316
1 3600 287
11
57 52 68 21 16 86 517 139 144 377 341
1 3600 632
10
563 417 65 62 100 95 90 519 139 140
1 3600 632
13
65 55 52 68 21 18 410 7 4 12 422 297 127
1 3600 632
13
415 65 62 100 157 154 519 139 142 296 430 311 314
1 3600 632
19
416 57 52 66 84 17 22 474 538 558 560 7 4 12 420 461 311 316 494
1 3600 632
15
65 62 100 95 90 519 139 144 548 153 148 246 490 221 224
1 3600 632
14
416 57 52 66 84 88 544 519 139 140 462 550 147 150
1 3600 632
17
563 57 52 68 21 18 410 7 4 12 422 297 255 250 327 289 281
1 3600 632
15
415 65 62 100 157 154 519 139 142 127 122 476 323 324 380
1 3600 632
20
57 52 66 84 86 517 139 144 548 550 343 344 249 246 490 167 170 446 111 108
1 3600 632
20
415 65 62 100 95 90 519 139 140 253 250 327 285 259 262 500 455 115 120 498
1 3600 632
24
57 52 68 21 22 470 560 441 436 433 15 12 422 301 191 75 78 226 239 240 323 324 382 506
1 3600 74
6
83 67 53 56 417 414
1 3600 185
4
329 69 66 82
1 3600 58
4
83 67 68 21
1 3600 58
6
103 104 473 474 538 439
1 3600 351
11
69 66 84 86 542 544 519 419 9 2 432
1 3600 234
5
69 53 54 62 98
1 3600 83
8
104 473 23 16 88 544 91 92
1 3600 107
7
68 21 18 410 7 4 12
1 3600 485
15
103 104 473 470 559 555 523 433 3 4 12 420 461 311 316
1 3600 351
12
83 84 86 517 139 144 377 374 173 135 59 60
1 3600 395
6
84 88 544 519 139 144
1 3600 332
9
68 21 16 86 517 139 142 127 122
1 3600 632
12
83 84 86 517 419 9 4 12 420 461 311 314
1 3600 632
13
67 68 21 18 410 7 4 12 420 461 311 316 494
1 3600 632
18
69 66 84 88 544 519 139 140 462 153 148 246 490 429 387 388 161 158
1 3600 632
9
329 21 16 86 517 139 144 548 550
1 3600 632
19
329 21 22 470 560 441 435 15 12 422 297 255 250 327 289 269 266 355 353
1 3600 632
25
69 66 84 88 544 519 139 140 462 153 150 198 237 193 194 259 260 274 271 266 356 508 546 385 380
1 3600 632
22
83 84 86 517 139 144 548 550 343 344 249 246 490 167 164 458 489 453 187 184 425 426
1 3600 632
24
103 104 473 474 538 439 435 3 4 12 422 297 127 122 327 285 259 256 396 500 455 115 116 402
1 3600 632
26
103 104 473 470 560 7 4 12 422 301 191 75 76 207 202 210 239 240 323 177 178 350 510 512 514 363
1 3600 485
12
558 560 411 412 540 542 544 155 156 101 63 55
1 3600 42
4
20 69 66 82
1 3600 70
4
557 523 437 440
1 3600 59
7
537 538 439 436 433 15 10
1 3600 59
5
470 559 555 531 527
1 3600 632
5
23 20 69 53 54
1 3600 162
6
411 412 540 542 544 91
1 3600 59
5
473 23 16 88 544
1 3600 59
4
473 23 16 86
1 3600 90
12
537 538 439 435 3 4 12 420 461 311 316 496
1 3600 485
10
7 8 418 139 144 279 276 302 321 318
1 3600 395
8
535 475 23 16 86 517 139 144
1 3600 180
13
107 104 473 470 560 7 4 12 422 301 191 75 80
1 3600 526
8
560 7 4 12 420 461 311 314
1 3600 632
15
107 104 473 23 18 412 540 517 139 140 253 250 476 478 532
1 3600 632
17
436 433 15 12 422 297 127 122 327 233 230 234 264 398 490 429 223
1 3600 632
13
537 475 23 16 88 544 519 139 144 548 153 148 246
1 3600 632
19
537 538 555 523 433 3 4 12 422 301 191 75 78 226 239 240 323 177 180
1 3600 632
16
23 16 86 517 139 140 462 550 147 150 200 232 289 286 324 380
1 3600 632
24
23 18 412 540 542 544 519 139 144 548 153 146 343 344 249 246 490 167 170 446 111 108 294 424
1 3600 632
11
435 15 12 422 297 255 250 327 285 259 262
1 3600 632
11
16 86 517 139 142 127 122 476 323 324 382
1 3600 632
11
3 8 418 518 155 93 94 101 63 64 414
1 3600 421
7
526 530 554 558 471 472 105
1 3600 75
5
11 14 434 438 539
1 3600 75
8
449 445 442 11 5 6 561 559
1 3600 75
5
14 434 438 539 536
1 3600 111
5
15 10 443 444 448
1 3600 632
10
437 440 411 412 540 542 544 91 94 101
1 3600 632
10
526 530 523 433 3 8 418 518 155 156
1 3600 90
5
530 554 558 560 411
1 3600 79
10
526 530 523 433 15 12 420 461 311 316
1 3600 79
6
4 12 420 461 311 312
1 3600 632
8
3 4 12 422 297 143 144 279
1 3600 632
8
445 442 11 5 8 418 139 144
1 3600 287
8
4 12 420 461 299 191 75 78
1 3600 451
12
15 12 422 301 191 75 76 378 480 215 216 486
1 3600 632
9
445 442 11 12 420 461 311 316 494
1 3600 632
24
530 523 437 440 411 412 540 517 139 140 462 550 147 150 200 197 192 234 264 398 490 167 164 391
1 3600 632
9
445 442 11 12 422 297 255 250 327
1 3600 632
13
449 445 442 11 12 420 461 311 314 479 323 287 281
1 3600 632
12
442 11 12 420 461 311 312 243 240 323 324 380
1 3600 632
24
5 8 418 139 140 462 153 148 244 237 193 194 259 256 396 500 455 115 120 401 404 453 187 184
1 3600 632
13
11 12 422 297 127 122 327 285 259 262 500 455 115
1 3600 632
30
5 8 418 139 144 377 374 347 348 360 321 71 37 32 304 147 150 198 237 193 194 259 260 272 282 271 266 356 508 546
1 3600 103
3
63 64 414
1 3600 203
11
407 339 340 376 145 138 516 87 85 67 68
1 3600 421
15
407 339 133 130 278 145 142 296 423 13 5 2 432 522 556
1 3600 632
8
99 100 157 154 519 419 9 2
1 3600 263
13
407 359 349 346 375 376 145 138 518 91 94 101 98
1 3600 75
12
407 359 349 337 291 292 277 278 145 138 518 155
1 3600 315
7
99 100 95 90 545 543 541
1 3600 632
19
407 359 360 321 71 37 32 304 551 463 253 254 127 124 215 213 210 239 242
1 3600 34
3
335 291 137
1 3600 134
8
62 100 95 92 154 519 139 144
1 3600 332
10
62 100 95 90 519 139 142 127 124 481
1 3600 632
18
335 291 137 59 45 40 37 34 307 304 147 150 200 232 289 286 322 478
1 3600 632
15
55 52 66 84 88 544 519 139 142 296 301 298 311 316 494
1 3600 395
16
99 100 157 154 519 139 144 548 550 343 344 249 246 490 221 218
1 3600 421
13
335 336 346 173 135 59 45 40 37 32 304 343 344
1 3600 632
16
62 100 95 90 519 139 140 462 153 148 244 237 193 194 259 260
1 3600 632
12
100 157 154 519 139 140 253 250 476 323 324 380
1 3600 632
18
99 100 95 90 519 139 144 548 550 343 344 249 246 490 167 164 458 489
1 3600 632
16
407 359 360 321 71 37 32 304 147 148 246 399 395 396 500 504
1 3600 632
22
407 339 133 128 135 59 45 40 37 34 307 304 147 150 200 232 289 269 266 356 508 546
1 3600 263
6
93 94 101 63 55 56
1 3600 75
4
154 545 89 85
1 3600 103
5
154 545 89 17 22
1 3600 574
5
90 519 419 9 4
1 3600 78
3
156 101 63
1 3600 35
4
90 519 516 541
1 3600 351
11
154 519 139 142 127 124 205 202 210 239 242
1 3600 85
9
95 90 519 139 144 279 276 293 290
1 3600 49
7
95 92 154 519 139 144 548
1 3600 82
8
154 519 139 142 296 301 191 188
1 3600 632
10
95 90 519 139 142 127 124 215 216 486
1 3600 632
14
154 545 543 541 413 410 7 4 12 420 461 311 314 532
1 3600 526
12
90 519 139 140 462 153 148 246 490 167 164 391
1 3600 287
9
90 519 139 140 253 250 327 285 259
1 3600 421
13
154 519 139 144 548 153 150 200 197 194 259 260 274
1 3600 632
18
157 154 519 419 9 4 12 422 301 191 75 78 226 239 240 323 324 380
1 3600 632
20
95 90 519 139 140 462 550 343 344 249 246 490 167 170 446 111 108 294 426 27
1 3600 632
12
157 154 519 139 144 548 153 148 246 490 167 164
1 3600 632
14
154 519 139 140 253 250 327 289 269 266 356 510 512 514
1 3600 632
7
418 516 87 85 67 53 56
1 3600 143
5
87 17 22 472 105
1 3600 28
4
89 17 22 474
1 3600 100
8
516 541 413 410 7 4 10 443
1 3600 485
12
9 4 12 422 297 143 144 377 374 347 337 334
1 3600 52
4
540 542 544 91
1 3600 28
12
86 541 413 410 7 4 12 420 461 311 316 496
1 3600 234
4
519 139 144 279
1 3600 92
3
139 144 548
1 3600 22
5
86 517 139 142 255
1 3600 123
17
86 541 413 410 7 4 12 422 301 191 75 76 207 202 212 216 486
1 3600 632
8
9 4 12 420 461 311 316 494
1 3600 632
15
86 517 139 140 462 550 147 150 198 237 234 264 398 490 429
1 3600 287
9
544 519 139 140 462 550 343 344 249
1 3600 225
10
86 517 139 142 127 122 327 289 281 273
1 3600 632
13
519 419 9 4 12 420 461 311 314 479 323 324 380
1 3600 632
20
519 139 144 548 153 150 200 230 193 194 259 256 396 500 455 115 116 404 453 187
1 3600 632
18
413 410 7 4 12 422 297 255 250 327 285 259 256 394 398 490 167 164
1 3600 632
12
9 4 12 422 297 127 122 476 323 324 382 369
1 3600 632
15
497 317 310 460 421 13 5 6 411 19 20 69 53 56 417
1 3600 574
13
497 317 310 460 421 13 5 6 561 471 472 105 102
1 3600 78
8
497 317 310 460 421 13 14 434
1 3600 41
7
313 310 431 423 13 14 432
1 3600 632
10
461 299 300 297 143 144 377 341 338 406
1 3600 485
15
317 312 243 238 211 203 204 125 126 143 138 518 155 93 94
1 3600 27
5
421 13 5 8 418
1 3600 100
3
317 310 460
1 3600 632
12
461 431 297 255 252 141 144 279 131 128 135 59
1 3600 371
9
312 243 238 227 209 204 125 126 143
1 3600 62
7
461 299 191 75 76 207 202
1 3600 50
10
431 301 191 75 76 378 480 215 216 486
1 3600 632
24
494 533 479 323 177 174 267 270 275 261 262 500 455 115 120 401 404 453 187 184 425 409 161 158
1 3600 574
12
311 314 479 323 177 180 354 267 270 275 261 258
1 3600 315
7
461 311 312 243 240 323 287
1 3600 632
6
311 314 479 323 324 380
1 3600 632
24
299 300 297 127 122 327 233 197 192 234 264 398 490 167 170 446 111 112 187 184 464 466 27 24
1 3600 632
12
243 240 323 177 174 267 270 275 261 262 500 502
1 3600 632
7
243 240 323 324 382 393 371
1 3600 526
16
73 39 32 304 147 152 549 145 138 516 87 85 67 53 54 64
1 3600 574
14
134 172 375 376 145 138 518 545 89 17 22 472 105 102
1 3600 574
11
303 277 278 145 138 516 87 17 22 474 534
1 3600 632
11
70 320 303 277 278 145 142 296 423 13 10
1 3600 121
13
137 134 129 132 340 376 145 138 518 91 94 101 98
1 3600 121
10
320 303 277 278 145 138 518 155 156 101
1 3600 146
9
39 32 304 551 463 141 138 518 155
1 3600 274
5
340 376 145 138 518
1 3600 632
19
359 360 321 71 37 34 331 332 309 304 147 150 200 232 289 286 322 241 242
1 3600 105
3
320 303 277
1 3600 105
5
40 37 38 51 46
1 3600 148
5
37 32 304 147 152
1 3600 148
5
336 346 375 376 145
1 3600 148
6
49 50 39 32 304 551
1 3600 148
7
71 37 34 307 304 147 152
1 3600 148
8
41 44 58 134 129 130 278 145
1 3600 148
4
32 304 551 463
1 3600 134
9
130 278 145 142 127 124 205 208 228
1 3600 632
15
70 320 361 358 339 340 376 145 142 127 124 205 208 226 239
1 3600 632
23
360 321 71 37 32 304 343 344 249 244 237 193 194 259 260 274 271 266 175 176 322 478 532
1 3600 142
4
40 37 34 331
1 3600 142
13
47 50 39 32 304 147 148 246 490 429 387 388 161
1 3600 142
13
59 45 40 37 34 307 304 147 148 246 490 221 224
1 3600 142
5
50 39 34 331 332
1 3600 142
6
348 360 321 71 37 34
1 3600 112
8
276 302 321 71 37 32 304 343
1 3600 112
9
49 50 39 32 304 147 150 200 232
1 3600 234
17
73 39 32 304 147 150 198 237 193 194 259 260 272 282 271 266 355
1 3600 632
13
45 40 37 32 304 147 150 200 232 289 286 324 380
1 3600 287
16
173 135 59 45 40 37 32 304 343 344 249 246 490 429 387 388
1 3600 315
13
47 50 39 34 307 304 147 148 246 490 167 168 456
1 3600 632
15
278 145 140 253 250 327 289 269 266 356 510 512 514 507 393
1 3600 632
8
141 138 516 87 85 67 53 56
1 3600 485
8
141 138 518 545 89 17 20 328
1 3600 351
7
253 254 296 423 13 5 6
1 3600 632
9
463 253 254 296 423 13 5 2 432
1 3600 191
6
138 518 91 94 101 98
1 3600 68
4
138 518 91 94
1 3600 86
4
145 138 518 545
1 3600 395
5
253 254 296 430 460
1 3600 20
9
550 305 33 36 41 44 58 136 290
1 3600 19
8
253 254 127 124 215 213 210 520
1 3600 351
7
145 142 296 301 298 311 314
1 3600 632
7
145 142 296 430 311 316 494
1 3600 90
4
153 146 305 308
1 3600 25
9
550 343 344 249 244 237 193 194 259
1 3600 72
4
253 250 327 289
1 3600 632
16
548 153 148 246 399 395 257 260 274 271 266 356 508 546 385 380
1 3600 485
11
550 343 344 249 246 490 167 164 458 489 453
1 3600 274
6
548 153 148 246 490 167
1 3600 485
11
145 140 253 250 476 323 324 382 393 365 366
1 3600 632
15
81 74 190 300 423 13 5 6 411 19 20 69 53 56 562
1 3600 526
12
77 74 190 300 423 13 5 6 411 19 20 328
1 3600 203
11
206 77 74 190 300 423 13 14 432 522 556
1 3600 371
11
229 79 74 190 300 423 13 10 443 444 448
1 3600 632
8
297 143 138 518 155 156 101 98
1 3600 143
9
483 217 214 125 126 143 138 518 155
1 3600 81
11
485 217 214 125 126 255 252 141 138 516 541
1 3600 81
7
190 298 460 421 13 5 8
1 3600 81
8
203 204 125 126 143 138 518 545
1 3600 81
9
127 124 205 208 226 239 242 313 316
1 3600 134
17
189 75 76 378 480 125 122 327 233 201 151 146 305 33 38 51 46
1 3600 73
5
214 125 126 143 144
1 3600 73
7
189 190 300 297 255 252 462
1 3600 73
3
297 143 144
1 3600 50
4
209 204 125 122
1 3600 65
5
210 239 242 313 314
1 3600 65
3
430 311 314
1 3600 632
9
483 217 213 210 239 242 313 316 494
1 3600 287
7
327 233 201 151 146 305 306
1 3600 55
8
229 209 204 125 122 327 233 201
1 3600 90
6
521 239 240 323 177 178
1 3600 90
7
189 75 78 226 239 240 323
1 3600 90
6
207 202 210 239 240 323
1 3600 90
13
189 190 300 297 255 250 327 289 281 282 271 266 356
1 3600 421
10
81 76 378 480 125 122 476 323 324 380
1 3600 632
20
378 480 125 122 327 285 259 256 396 500 455 169 170 446 111 108 294 426 27 28
1 3600 300
13
190 300 297 255 250 327 285 259 262 500 455 115 116
1 3600 287
6
250 476 323 324 382 393
1 3600 632
14
487 217 214 125 126 143 138 516 87 85 67 53 56 562
1 3600 632
14
238 227 79 74 190 300 423 13 5 6 561 471 23 20
1 3600 395
12
238 227 79 74 190 300 423 13 5 2 432 522
1 3600 395
15
487 217 213 203 206 77 74 190 298 460 421 13 10 443 444
1 3600 632
13
487 217 214 125 126 143 138 516 87 85 67 53 54
1 3600 632
9
240 477 251 252 141 138 518 91 92
1 3600 100
13
487 217 213 203 206 77 74 190 300 423 13 5 8
1 3600 44
7
487 217 213 210 239 242 313
1 3600 632
12
479 477 251 252 141 144 377 374 347 337 291 292
1 3600 287
5
479 477 251 252 462
1 3600 22
6
315 310 431 301 191 188
1 3600 150
8
315 312 243 238 211 212 216 486
1 3600 121
4
242 313 316 494
1 3600 632
11
487 217 214 125 126 255 252 462 550 305 308
1 3600 300
5
240 323 287 288 233
1 3600 83
10
487 217 213 210 239 240 323 177 178 350
1 3600 234
4
240 323 324 380
1 3600 632
23
487 217 214 125 122 327 285 259 256 396 500 455 115 120 401 404 453 187 184 464 466 27 28
1 3600 632
12
487 217 214 125 122 327 233 230 234 264 398 490
1 3600 574
10
487 217 213 210 239 240 323 324 382 393
1 3600 632
15
495 317 310 460 421 13 5 6 411 19 20 69 53 56 562
1 3600 632
11
495 317 310 460 421 13 5 6 411 19 20
1 3600 632
8
495 317 310 460 421 13 14 434
1 3600 632
7
533 315 310 460 421 13 5
1 3600 632
11
533 479 477 251 252 141 138 518 91 94 101
1 3600 632
12
495 317 310 460 421 13 5 8 418 518 155 93
1 3600 632
10
495 317 310 460 421 13 5 6 411 412
1 3600 180
4
533 315 310 460
1 3600 632
9
495 317 310 431 297 143 144 377 341
1 3600 632
5
533 479 477 251 252
1 3600 300
7
495 317 310 299 191 75 80
1 3600 72
4
495 317 312 243
1 3600 632
21
533 479 323 177 180 354 267 270 283 273 261 256 394 398 490 167 164 391 388 161 158
1 3600 632
7
533 479 323 287 281 273 261
1 3600 526
4
533 479 323 287
1 3600 632
5
533 479 323 324 380
1 3600 632
22
533 479 323 177 174 267 270 275 261 262 500 455 115 116 404 453 187 182 294 426 27 28
1 3600 632
9
533 479 323 324 384 547 509 510 512
1 3600 632
6
533 479 323 324 382 369
1 3600 632
16
428 491 247 149 152 549 145 138 518 545 89 85 67 53 56 562
1 3600 632
21
163 160 389 390 165 166 491 247 248 345 342 551 549 145 138 516 87 17 22 472 105
1 3600 632
17
219 220 491 399 265 235 231 232 326 123 126 296 423 13 14 432 522
1 3600 632
18
331 332 309 304 147 150 200 232 326 123 126 296 423 13 10 443 444 450
1 3600 632
16
219 222 428 491 247 149 146 305 33 36 41 44 58 136 290 334
1 3600 632
10
307 304 147 152 549 145 138 518 91 94
1 3600 632
16
390 165 166 491 247 248 345 342 551 549 145 138 518 545 543 541
1 3600 632
13
220 491 399 395 257 260 272 280 286 322 478 315 312
1 3600 48
9
333 330 35 36 70 320 361 358 339
1 3600 48
21
390 165 168 454 501 263 258 195 192 236 199 151 146 305 33 36 41 44 58 134 172
1 3600 94
22
163 160 408 295 183 186 452 405 117 114 454 501 397 257 258 195 192 236 245 149 152 463
1 3600 234
22
159 160 408 424 185 186 452 405 400 121 114 454 501 263 258 284 326 123 124 205 208 226
1 3600 632
15
225 222 428 491 399 395 257 260 274 271 266 175 176 322 478
1 3600 632
17
390 165 168 454 501 397 257 260 274 271 266 355 181 176 322 478 532
1 3600 86
12
309 304 343 344 249 246 490 429 387 388 161 158
1 3600 40
5
225 220 491 399 395
1 3600 40
5
222 428 491 247 248
1 3600 180
14
307 304 147 150 198 237 193 194 259 260 274 271 266 175
1 3600 632
10
309 304 147 150 200 232 289 286 324 380
1 3600 39
6
225 222 387 390 458 489
1 3600 83
16
220 491 399 265 235 193 194 259 260 272 282 271 266 356 510 512
1 3600 421
15
332 309 304 147 150 200 232 289 269 266 356 510 512 514 363
1 3600 632
14
345 342 551 549 145 138 516 87 85 67 53 54 64 414
1 3600 632
16
192 236 199 151 152 463 141 138 518 545 89 17 22 472 105 102
1 3600 632
11
284 326 123 126 296 423 13 5 2 434 438
1 3600 632
15
265 235 193 196 232 326 123 126 296 423 13 10 443 444 448
1 3600 632
13
235 236 245 149 152 549 145 138 518 155 156 101 98
1 3600 485
14
257 258 195 196 201 151 146 551 463 141 138 518 91 94
1 3600 315
7
152 549 145 138 516 541 413
1 3600 632
10
244 237 231 232 326 251 254 296 430 460
1 3600 54
9
305 306 35 36 70 320 361 349 337
1 3600 63
7
192 236 245 248 345 342 551
1 3600 63
8
258 195 196 201 151 152 463 141
1 3600 52
11
244 237 193 194 284 326 123 124 205 208 226
1 3600 421
10
237 193 194 259 260 272 280 286 322 241
1 3600 632
15
237 193 194 259 260 274 271 266 355 353 179 176 322 478 532
1 3600 47
3
342 305 306
1 3600 47
8
230 234 264 398 490 167 164 391
1 3600 57
6
195 192 236 199 151 146
1 3600 57
9
344 249 244 237 193 194 259 260 272
1 3600 57
9
235 193 194 259 260 274 271 266 355
1 3600 57
7
259 260 274 271 266 356 508
1 3600 632
9
342 147 150 200 232 289 286 324 380
1 3600 91
13
259 256 396 500 455 169 170 446 111 108 294 426 27
1 3600 55
5
194 259 262 500 504
1 3600 55
8
259 256 396 500 455 115 120 498
1 3600 92
8
231 232 289 269 266 356 508 546
1 3600 632
14
268 288 326 251 252 141 138 518 545 89 85 67 53 56
1 3600 632
14
268 288 233 201 151 146 551 549 145 138 516 87 85 82
1 3600 632
11
268 288 326 251 252 141 138 518 545 89 17
1 3600 632
13
176 322 241 238 227 79 74 190 300 423 13 10 443
1 3600 632
10
322 477 123 126 143 138 518 155 156 101
1 3600 632
18
357 267 270 275 261 258 195 192 236 245 149 152 549 145 138 518 91 94
1 3600 242
16
509 357 267 270 283 280 288 233 201 151 146 551 463 141 138 518
1 3600 371
7
241 238 227 79 74 190 298
1 3600 218
21
352 354 267 270 275 261 258 195 192 236 245 248 345 342 305 33 36 70 320 361 349
1 3600 85
9
509 357 267 268 288 233 201 151 152
1 3600 42
7
325 322 241 238 227 79 80
1 3600 42
4
322 241 238 227
1 3600 115
3
286 322 478
1 3600 632
7
509 351 179 176 322 478 532
1 3600 203
14
354 267 270 283 273 261 256 394 398 247 149 146 305 306
1 3600 55
5
325 287 288 233 201
1 3600 55
3
275 261 256
1 3600 55
4
287 281 273 261
1 3600 63
4
177 174 267 270
1 3600 143
8
282 271 266 356 508 546 385 380
1 3600 371
20
357 267 270 275 261 256 394 398 490 167 164 458 111 112 187 184 464 466 27 30
1 3600 75
9
477 327 285 259 262 500 455 115 116
1 3600 37
4
324 382 393 365
1 3600 632
16
381 325 287 288 326 251 254 143 138 516 87 85 67 53 56 562
1 3600 632
17
381 325 287 288 326 123 126 296 423 13 5 6 561 471 23 20 328
1 3600 632
11
381 325 322 477 251 254 296 423 13 5 6
1 3600 632
12
381 325 322 241 242 313 310 460 421 13 14 432
1 3600 632
19
381 384 547 509 357 267 268 288 326 251 252 141 138 518 155 93 94 101 63
1 3600 632
23
381 384 547 509 357 267 270 275 261 258 195 192 236 245 248 345 342 551 549 145 138 518 91
1 3600 632
10
381 325 287 288 326 123 126 143 138 518
1 3600 632
7
381 325 322 478 315 316 496
1 3600 632
16
381 325 287 288 233 201 151 146 305 33 36 41 44 58 134 172
1 3600 632
18
381 384 547 509 357 267 270 283 273 261 258 195 192 236 245 149 152 549
1 3600 137
6
381 325 322 241 238 211
1 3600 111
9
381 325 322 241 238 211 212 216 486
1 3600 632
5
381 325 322 478 532
1 3600 632
11
381 325 287 288 233 201 151 146 305 308 333
1 3600 395
13
381 384 547 509 357 267 270 275 261 258 195 192 234
1 3600 49
3
381 325 322
1 3600 632
22
381 325 177 180 354 267 270 275 261 256 394 398 490 167 170 446 111 108 294 426 27 30
1 3600 632
18
381 384 547 509 357 267 270 283 273 261 256 396 500 455 115 120 401 402
1 3600 242
3
381 382 393
1 3600 632
19
110 447 171 166 491 247 248 345 342 551 463 141 138 516 87 85 67 53 56
1 3600 632
27
408 424 185 186 452 405 117 114 454 501 263 258 284 326 123 126 296 423 13 5 2 434 438 539 475 472 105
1 3600 632
22
183 186 452 405 400 121 114 454 501 397 257 258 284 326 251 254 296 423 13 14 432 522
1 3600 632
22
26 427 295 109 110 447 171 166 491 399 395 257 258 284 326 123 126 296 423 13 10 443
1 3600 632
18
186 113 110 459 165 166 491 247 149 146 305 33 36 70 320 361 358 406
1 3600 632
15
295 109 110 447 171 166 491 247 149 152 463 141 138 518 155
1 3600 632
17
109 110 459 165 166 491 247 248 345 342 551 549 145 138 518 545 543
1 3600 632
12
405 117 114 454 501 263 258 284 326 476 241 242
1 3600 218
22
31 26 467 465 185 186 452 488 447 171 166 491 247 248 345 342 305 33 36 41 44 60
1 3600 451
9
110 459 165 166 491 247 149 152 549
1 3600 574
15
183 186 452 405 400 121 114 454 501 397 257 258 284 326 123
1 3600 632
12
389 386 428 491 399 265 235 231 232 326 476 478
1 3600 632
17
465 185 186 452 405 117 114 454 501 263 260 272 280 286 322 478 532
1 3600 108
4
26 427 409 389
1 3600 108
9
389 386 428 491 247 149 146 305 308
1 3600 108
7
453 187 184 425 409 161 162
1 3600 71
9
110 447 171 166 491 247 248 345 342
1 3600 300
19
469 465 185 186 452 405 400 121 114 454 501 397 257 260 274 271 266 355 353
1 3600 632
18
295 109 110 459 165 168 454 501 263 260 274 271 266 356 508 546 385 380
1 3600 112
4
453 187 184 464
1 3600 112
10
29 26 427 424 185 186 452 488 447 171
1 3600 112
10
31 26 467 465 185 186 452 405 117 114
1 3600 112
9
29 26 427 295 183 186 452 405 402
1 3600 112
4
452 405 400 498
1 3600 300
18
182 109 110 459 165 166 491 399 395 257 260 274 271 266 356 510 512 514
1 3600 632
19
404 488 447 171 166 491 247 149 146 551 463 141 138 518 545 89 85 67 53
1 3600 632
17
119 114 169 166 491 247 248 345 342 551 463 141 138 516 87 85 82
1 3600 632
16
121 114 454 501 263 258 284 326 251 254 296 423 13 5 6 561
1 3600 632
22
165 166 491 399 265 235 193 196 232 326 251 254 296 423 13 5 2 434 436 522 531 527
1 3600 632
18
503 501 397 257 258 195 192 236 199 151 152 549 145 138 518 155 156 101
1 3600 632
11
165 166 491 247 149 152 463 141 138 518 91
1 3600 632
12
165 166 491 247 248 345 342 551 549 145 138 518
1 3600 632
14
165 168 454 501 263 258 284 326 123 126 296 430 311 312
1 3600 263
14
499 121 114 169 166 491 247 149 146 305 33 38 51 46
1 3600 300
9
171 166 491 247 248 345 342 551 549
1 3600 252
12
119 114 454 501 397 257 258 284 326 123 124 215
1 3600 632
6
511 351 179 176 322 478
1 3600 632
7
511 351 179 176 322 478 532
1 3600 85
13
513 511 357 267 270 275 261 256 394 398 490 221 218
1 3600 98
11
513 511 357 267 270 275 261 258 195 192 236
1 3600 98
9
499 401 404 488 447 171 166 491 399
1 3600 98
3
397 394 398
1 3600 98
5
263 258 195 192 234
1 3600 68
10
499 121 114 454 501 397 257 260 272 280
1 3600 632
11
503 501 263 260 274 271 266 175 176 324 380
1 3600 95
6
446 489 453 187 184 464
1 3600 95
15
513 511 357 267 270 283 273 261 256 394 398 490 429 387 388
1 3600 95
6
500 455 169 164 391 388
1 3600 81
5
401 404 488 459 165
1 3600 96
13
114 454 501 397 257 260 272 282 271 266 356 508 546
1 3600 96
13
117 114 454 501 263 260 274 271 266 356 510 512 514
1 3600 96
15
121 114 454 501 397 257 260 274 271 266 356 510 512 514 363
1 3600 632
16
364 392 383 325 322 477 251 252 141 138 516 87 17 20 69 53
1 3600 632
16
392 383 325 322 241 242 313 310 460 421 13 5 6 411 19 20
1 3600 632
12
385 325 322 241 242 313 310 460 421 13 14 434
1 3600 632
15
368 383 325 322 241 238 211 203 206 77 74 190 300 423 13
1 3600 632
22
367 362 515 513 511 357 267 268 288 233 201 151 146 305 33 36 41 44 58 136 290 334
1 3600 632
12
392 383 325 322 477 251 254 143 138 518 155 93
1 3600 632
17
370 392 383 325 322 241 238 227 79 74 190 298 460 421 13 5 8
1 3600 632
8
553 507 383 325 322 478 315 316
1 3600 574
18
383 325 287 288 233 201 151 146 305 306 35 36 41 44 58 134 172 375
1 3600 451
14
367 362 515 513 511 357 267 268 288 233 201 151 152 463
1 3600 210
8
547 509 357 267 268 288 326 251
1 3600 632
6
366 368 383 325 322 241
1 3600 632
9
547 509 351 352 181 176 322 478 532
1 3600 371
19
367 362 515 513 511 357 267 270 275 261 258 195 192 236 199 151 146 305 306
1 3600 72
10
364 392 383 325 287 288 233 201 151 146
1 3600 29
9
392 506 515 513 511 357 267 270 275
1 3600 574
4
553 507 383 380
1 3600 300
26
367 362 515 513 511 351 352 354 267 270 283 273 261 262 500 455 115 116 404 453 187 184 425 426 27 28
1 3600 28
11
515 513 511 357 267 270 275 261 262 500 504
1 3600 117
3
392 506 552
