240
1 3600 452
3
381 382 600
1 3600 252
4
331 269 272 576
1 3600 252
6
615 599 329 326 578 83
1 3600 252
8
271 268 330 659 656 93 94 98
1 3600 252
10
613 583 379 380 31 32 634 115 112 671
1 3600 556
11
271 243 240 245 246 291 253 250 254 502 668
1 3600 1445
12
483 31 28 34 192 89 86 660 63 68 325 320
1 3600 304
3
483 381 378
1 3600 304
8
271 268 328 383 384 77 78 455
1 3600 241
11
271 272 61 56 590 666 191 188 592 594 47
1 3600 850
18
271 272 61 58 248 476 113 116 171 168 161 158 586 664 137 130 552 19
1 3600 1445
19
613 583 584 603 77 78 157 154 512 175 176 145 123 128 498 587 341 135 132
1 3600 1445
14
329 326 580 637 33 28 36 40 153 150 452 480 361 355
1 3600 1445
11
659 656 666 191 192 171 166 178 640 537 538
1 3600 1445
18
615 599 383 384 77 78 455 452 45 46 596 640 347 344 197 200 416 233
1 3600 1445
28
329 326 578 83 80 249 252 121 118 256 258 296 485 486 163 164 129 126 287 282 227 230 234 238 221 216 426 430
1 3600 340
8
247 244 577 574 580 637 33 30
1 3600 340
4
244 241 242 270
1 3600 340
9
644 670 477 81 82 579 575 273 270
1 3600 340
4
59 60 273 270
1 3600 396
3
58 252 290
1 3600 396
7
253 248 97 95 92 657 581
1 3600 400
5
672 489 484 510 493
1 3600 400
9
628 644 672 669 509 297 298 460 277
1 3600 400
9
83 80 249 250 119 27 24 263 260
1 3600 400
5
252 121 27 24 468
1 3600 400
4
628 644 672 489
1 3600 400
11
93 94 98 112 671 501 295 259 260 266 606
1 3600 400
4
249 250 256 262
1 3600 400
9
116 171 172 333 161 162 63 66 493
1 3600 688
9
252 121 118 256 260 264 462 449 450
1 3600 258
11
476 113 114 191 188 505 506 155 150 456 516
1 3600 340
3
91 88 193
1 3600 340
10
651 291 253 59 56 590 666 191 188 505
1 3600 340
8
91 86 335 332 568 177 178 597
1 3600 340
7
94 98 116 171 166 176 145
1 3600 390
9
98 116 89 86 660 163 158 341 336
1 3600 390
9
83 80 476 671 645 646 335 161 164
1 3600 963
14
651 291 253 250 254 295 298 460 277 274 622 619 139 142
1 3600 1445
19
653 247 244 577 574 580 637 33 28 36 38 592 594 47 42 50 70 350 358
1 3600 1112
13
253 248 97 98 116 171 166 178 543 541 55 50 72
1 3600 1204
17
84 94 98 116 171 172 568 145 146 342 642 211 214 222 394 239 235
1 3600 1445
25
246 291 121 27 24 263 258 296 510 67 64 586 589 287 280 550 633 109 106 529 530 544 527 307 310
1 3600 722
7
120 253 248 81 82 579 327
1 3600 345
13
607 267 264 299 294 500 645 646 87 88 193 35 29
1 3600 345
5
255 251 59 60 576
1 3600 345
8
278 69 64 159 160 169 170 117
1 3600 345
5
257 119 120 290 650
1 3600 345
8
607 267 261 262 25 26 120 292
1 3600 345
14
492 511 485 488 673 670 113 99 95 92 591 57 60 576
1 3600 345
11
263 258 296 508 668 673 670 113 114 635 33
1 3600 206
4
605 267 261 257
1 3600 338
4
297 298 462 472
1 3600 338
9
296 510 493 494 325 322 621 618 565
1 3600 338
7
607 267 264 460 277 274 622
1 3600 338
12
509 485 486 163 164 498 664 337 338 621 618 654
1 3600 903
16
67 64 586 499 496 149 144 177 174 513 155 156 79 76 602 525
1 3600 188
11
494 69 64 586 589 127 124 345 346 641 179
1 3600 361
9
500 645 646 660 163 164 129 124 285
1 3600 361
7
469 263 258 296 485 486 163
1 3600 361
10
607 267 264 460 492 67 62 163 164 129
1 3600 361
8
469 263 258 296 485 486 163 164
1 3600 278
8
254 502 509 510 493 277 274 321
1 3600 1445
15
294 500 645 646 335 332 173 166 178 543 49 42 52 361 358
1 3600 1445
14
605 267 264 460 494 69 64 586 589 127 122 146 342 535
1 3600 963
19
278 325 322 624 626 105 102 108 632 289 227 230 234 238 395 223 215 210 375
1 3600 1313
18
605 267 264 462 474 567 564 619 139 142 300 559 533 185 182 9 10 411
1 3600 1445
19
623 321 322 339 340 65 62 661 87 88 193 190 667 657 658 331 328 598 612
1 3600 535
7
654 473 463 265 261 257 251
1 3600 257
6
472 655 623 275 276 492
1 3600 257
14
446 655 619 620 624 133 136 665 499 165 160 334 647 648
1 3600 257
3
448 463 265
1 3600 257
7
451 448 463 299 259 262 25
1 3600 438
9
564 623 321 324 495 461 265 266 608
1 3600 1445
21
564 619 139 140 626 467 464 553 281 284 345 346 641 597 47 44 453 454 79 76 385
1 3600 802
12
609 267 261 257 254 502 668 673 645 646 335 169
1 3600 249
7
619 620 339 135 130 281 284
1 3600 162
5
451 446 655 623 321
1 3600 1445
25
655 619 139 142 300 563 547 531 185 186 522 409 414 407 403 209 202 215 210 375 376 371 367 363 357
1 3600 1445
23
571 567 564 619 139 142 300 563 547 544 181 182 549 429 401 399 225 215 210 375 376 371 368
1 3600 1445
18
446 655 619 620 624 626 105 13 16 20 632 289 227 228 418 421 391 237
1 3600 1313
10
474 567 564 619 139 142 300 559 533 530
1 3600 178
3
585 582 599
1 3600 226
9
457 151 152 478 504 189 192 89 90
1 3600 760
16
491 157 154 512 175 176 145 148 497 165 162 487 484 297 259 260
1 3600 1445
21
452 480 53 54 540 542 640 347 344 285 280 552 465 466 627 141 138 618 565 566 475
1 3600 288
4
457 454 79 76
1 3600 306
5
74 41 38 592 175
1 3600 306
4
77 78 157 154
1 3600 306
3
452 45 48
1 3600 306
9
519 457 452 45 46 596 179 167 172
1 3600 306
8
519 457 452 480 53 43 48 542
1 3600 306
6
478 506 512 175 176 145
1 3600 452
23
457 452 480 361 351 348 369 370 377 374 211 214 224 219 220 239 235 231 226 288 633 21 18
1 3600 1445
15
379 380 31 32 634 115 116 171 168 161 158 341 338 621 616
1 3600 222
10
524 603 77 78 455 452 480 361 351 352
1 3600 321
16
524 603 385 380 31 28 34 188 592 594 47 42 50 72 365 366
1 3600 903
18
478 506 512 594 596 640 347 344 197 198 425 389 386 392 396 398 402 404
1 3600 1445
24
524 603 77 78 157 150 452 480 361 355 356 362 366 370 377 374 211 214 203 208 402 406 415 410
1 3600 336
9
174 593 189 190 635 636 581 327 269
1 3600 264
6
595 593 189 190 667 93
1 3600 264
11
347 147 144 569 173 170 117 99 96 249 252
1 3600 264
8
179 167 170 117 99 95 85 82
1 3600 198
12
192 89 90 628 644 672 669 503 255 256 260 266
1 3600 1112
17
48 542 640 347 147 123 126 588 587 65 68 279 276 461 265 266 608
1 3600 242
9
170 193 188 39 40 153 150 456 514
1 3600 242
6
513 155 156 455 456 516
1 3600 242
7
641 543 49 44 453 456 514
1 3600 242
7
147 144 177 174 513 507 479
1 3600 178
5
177 174 593 39 37
1 3600 277
3
497 165 162
1 3600 277
4
172 568 145 123
1 3600 277
6
37 34 192 89 86 660
1 3600 277
7
660 63 64 341 336 137 130
1 3600 277
5
146 344 285 280 552
1 3600 556
16
512 175 176 145 123 126 287 282 288 633 21 17 12 100 301 302
1 3600 412
9
173 166 178 543 541 55 50 70 352
1 3600 251
3
537 538 371
1 3600 251
8
38 592 594 47 42 50 72 365
1 3600 229
11
333 161 164 129 124 197 194 230 234 238 221
1 3600 850
27
29 32 634 115 112 671 672 489 486 63 64 586 664 137 130 552 465 15 12 102 110 533 185 186 319 309 312
1 3600 1204
12
661 87 88 117 114 635 636 658 331 328 598 614
1 3600 198
9
553 131 134 340 159 162 487 488 673
1 3600 185
5
66 511 508 503 255
1 3600 185
10
131 136 665 587 65 66 511 297 259 262
1 3600 336
7
137 132 625 323 320 622 565
1 3600 516
9
284 345 346 641 597 595 513 155 156
1 3600 224
9
586 499 496 149 146 346 641 543 49
1 3600 224
6
129 122 144 177 178 543
1 3600 224
5
661 87 88 193 188
1 3600 224
5
127 122 146 346 641
1 3600 224
5
164 496 149 146 346
1 3600 199
7
287 282 288 633 109 110 560
1 3600 199
5
68 325 322 621 616
1 3600 199
16
124 197 198 425 423 421 391 392 396 398 400 428 548 183 184 532
1 3600 1445
12
163 164 129 124 345 342 373 376 371 367 364 349
1 3600 283
10
163 164 496 149 146 342 373 376 371 368
1 3600 215
4
287 282 227 228
1 3600 215
7
550 289 227 230 234 236 387
1 3600 253
14
64 586 589 287 282 227 230 234 238 221 216 426 432 7
1 3600 1445
19
467 464 553 281 286 588 587 159 160 169 170 193 35 29 30 381 378 582 612
1 3600 802
11
303 143 140 133 134 340 65 62 661 647 629
1 3600 237
12
303 300 101 104 627 625 323 324 495 461 299 294
1 3600 180
6
305 143 138 618 654 473
1 3600 1445
23
547 544 181 182 435 438 458 431 427 217 218 225 215 210 375 376 371 367 364 73 51 52 481
1 3600 438
8
339 336 665 589 127 122 146 346
1 3600 333
3
13 16 20
1 3600 333
4
108 632 551 131
1 3600 333
3
464 553 281
1 3600 333
3
339 340 159
1 3600 333
6
303 143 140 133 136 665
1 3600 333
3
16 18 553
1 3600 321
6
300 559 111 103 104 627
1 3600 1445
13
324 69 62 661 335 332 173 166 178 543 541 55 52
1 3600 1112
7
14 464 553 281 284 345 342
1 3600 278
17
102 106 529 185 180 527 307 308 314 441 442 407 403 399 397 393 390
1 3600 275
9
100 563 547 544 527 521 522 630 662
1 3600 275
3
559 533 530
1 3600 1445
12
354 360 481 453 151 152 41 37 29 30 482 331
1 3600 1445
15
71 51 43 46 595 593 189 190 667 591 579 575 576 245 246
1 3600 1445
14
356 362 366 370 539 534 343 344 125 128 165 162 487 484
1 3600 1445
15
53 54 540 542 640 347 147 148 497 498 664 337 338 323 320
1 3600 168
5
360 481 453 456 514
1 3600 268
6
359 351 71 51 54 540
1 3600 963
11
53 43 46 596 179 167 168 161 158 341 336
1 3600 1445
23
348 369 370 377 374 211 214 203 208 402 406 415 408 523 520 526 545 531 528 107 103 104 627
1 3600 628
3
356 353 350
1 3600 198
5
362 366 370 377 372
1 3600 198
4
359 351 348 369
1 3600 722
13
359 351 71 72 365 366 370 377 374 211 214 224 398
1 3600 1445
14
352 362 366 370 377 374 211 214 222 396 219 216 426 430
1 3600 1445
11
43 46 595 593 189 190 635 636 581 575 273
1 3600 903
9
43 46 595 593 189 190 667 591 57
1 3600 1204
16
73 51 54 540 542 179 176 569 333 334 647 644 672 669 509 510
1 3600 1445
14
639 539 534 343 344 285 280 131 132 141 138 618 654 447
1 3600 301
7
349 350 360 481 453 456 514
1 3600 200
4
51 43 48 542
1 3600 200
7
536 347 147 144 569 333 334
1 3600 229
5
534 343 344 285 280
1 3600 1112
16
377 374 211 214 222 394 239 235 231 226 288 633 21 17 14 466
1 3600 123
3
50 70 350
1 3600 336
5
50 72 369 370 638
1 3600 138
7
370 377 374 211 214 224 219
1 3600 138
14
51 54 540 542 640 347 344 197 200 416 391 237 238 221
1 3600 628
16
72 365 366 370 377 374 211 214 203 208 402 406 443 440 315 318
1 3600 1445
18
239 235 232 417 201 196 125 128 165 160 169 170 117 99 95 92 657 658
1 3600 1112
23
217 218 397 393 390 420 422 424 199 196 125 128 165 162 487 488 673 670 477 81 84 92 657
1 3600 850
11
388 424 199 196 125 128 165 160 334 647 648
1 3600 1445
20
421 233 234 238 221 216 428 7 4 8 183 180 545 546 562 301 143 138 618 565
1 3600 963
11
215 210 643 535 536 641 597 47 44 453 454
1 3600 401
10
420 419 229 226 283 286 127 122 144 177
1 3600 401
3
196 345 346
1 3600 485
4
423 419 229 226
1 3600 485
7
199 194 226 283 286 588 587
1 3600 485
7
239 235 231 226 288 551 552
1 3600 485
4
235 231 226 283
1 3600 485
7
554 551 131 134 340 65 68
1 3600 301
5
556 109 103 104 627
1 3600 963
15
433 405 403 209 202 215 210 375 376 371 367 363 357 354 358
1 3600 452
11
397 393 390 417 201 196 345 346 641 543 541
1 3600 452
7
238 395 223 215 210 375 376
1 3600 452
6
375 376 371 368 73 51
1 3600 452
6
236 392 223 215 210 643
1 3600 452
7
396 225 215 210 375 376 638
1 3600 452
7
205 202 215 210 375 376 371
1 3600 258
5
421 233 234 238 221
1 3600 482
7
404 430 459 439 436 523 319
1 3600 482
5
400 426 432 548 183
1 3600 482
7
205 208 402 406 415 408 523
1 3600 482
5
398 400 426 430 3
1 3600 482
6
205 208 402 406 415 412
1 3600 482
12
421 391 237 238 221 216 428 7 4 8 183 180
1 3600 482
14
198 425 389 386 392 396 398 402 406 443 440 315 309 306
1 3600 1445
25
431 427 217 220 239 235 231 226 283 286 588 587 65 66 511 508 503 255 251 252 290 247 244 241 242
1 3600 1445
21
523 187 184 532 558 101 104 627 625 323 320 275 276 492 511 508 668 673 670 477 81
1 3600 1112
19
434 183 184 530 546 562 301 143 140 625 323 320 275 276 461 265 261 262 468
1 3600 1445
12
183 180 545 531 528 107 103 104 627 625 323 320
1 3600 1445
25
438 11 5 6 429 401 399 397 393 387 388 424 199 196 125 122 144 177 174 513 507 479 75 76 602
1 3600 722
9
107 108 632 289 283 284 345 346 641
1 3600 657
9
546 561 111 103 13 16 18 553 281
1 3600 657
14
458 431 427 217 220 239 235 231 195 196 125 128 165 162
1 3600 657
15
311 308 318 187 184 532 558 101 13 14 464 553 131 136 337
1 3600 567
13
408 630 315 309 306 526 545 546 562 301 143 138 620
1 3600 567
9
439 436 523 187 184 532 558 301 302
1 3600 567
11
11 8 183 180 545 546 562 301 143 138 616
1 3600 567
7
611 181 184 528 107 103 104
1 3600 1445
14
549 433 405 403 209 202 215 210 375 376 371 367 363 353
1 3600 657
12
521 522 409 414 407 403 399 225 215 210 375 376
1 3600 660
10
5 6 429 217 220 239 236 390 420 422
1 3600 660
5
414 407 403 209 204
1 3600 660
15
311 308 314 441 413 414 444 431 427 401 399 397 393 387 388
1 3600 660
10
311 308 314 631 409 414 407 403 209 202
1 3600 660
3
6 433 405
1 3600 660
10
314 631 437 438 458 431 427 217 220 239
1 3600 660
8
521 522 409 414 407 403 399 397
1 3600 660
9
314 441 442 407 403 399 397 223 215
1 3600 660
7
6 429 217 220 239 235 232
1 3600 660
3
434 549 433
1 3600 578
3
521 522 437
1 3600 578
3
436 630 662
