216
35.40564 116.543526 1 0
35.397194 116.5926 2 0
35.40125 116.56815 3 1
35.40161 116.55504 4 0
35.41257 116.583565 5 1
35.412666 116.57566 6 1
35.396797 116.58759 7 0
35.39766 116.58764 8 1
35.397537 116.57746 9 0
35.430763 116.61842 10 0
35.43084 116.61847 11 0
35.44941 116.602486 12 0
35.449364 116.602646 13 0
35.420956 116.618805 14 0
35.443848 116.598206 15 1
35.440166 116.60668 16 1
35.44015 116.60689 17 1
35.397167 116.59252 18 0
35.397186 116.5954 19 0
35.39798 116.618286 20 0
35.399834 116.618576 21 1
35.39636 116.61331 22 0
35.442234 116.557434 23 0
35.41039 116.58359 24 1
35.441677 116.56884 25 1
35.4502 116.5811 26 0
35.433807 116.568855 27 1
35.43661 116.56885 28 1
35.43941 116.61869 29 0
35.414257 116.60256 30 1
35.408913 116.621544 31 0
35.411316 116.6182 32 1
35.418472 116.580414 33 1
35.41488 116.58033 34 0
35.425205 116.559685 35 1
35.42671 116.555534 36 0
35.405834 116.57184 37 1
35.411667 116.5721 38 1
35.4112 116.5754 39 1
35.410854 116.597 40 1
35.42327 116.59698 41 1
35.423283 116.60241 42 1
35.415936 116.564316 43 1
35.418663 116.56444 44 1
35.42049 116.564606 45 1
35.420586 116.56465 46 1
35.426563 116.56492 47 1
35.411877 116.56863 48 1
35.415604 116.56869 49 1
35.401646 116.55249 50 0
35.416733 116.552925 51 1
35.430573 116.54368 52 0
35.43172 116.54365 53 0
35.4333 116.61087 54 1
35.435234 116.61084 55 1
35.444744 116.61787 56 1
35.44473 116.61812 57 1
35.43737 116.61748 58 1
35.43735 116.61767 59 1
35.435314 116.61756 60 1
35.435333 116.61775 61 1
35.412598 116.58338 62 1
35.397167 116.59557 63 0
35.41577 116.56647 64 1
35.396473 116.57435 65 0
35.39639 116.57416 66 0
35.420662 116.581085 67 1
35.433228 116.606125 68 1
35.433205 116.60272 69 1
35.418644 116.568924 70 1
35.41861 116.59702 71 1
35.418705 116.61096 72 1
35.450733 116.61874 73 0
35.450302 116.618454 74 0
35.431507 116.58111 75 1
35.449394 116.61215 76 0
35.447807 116.62115 77 0
35.40573 116.54512 78 0
35.40859 116.61979 79 0
35.415091 116.5758633 80 1
35.3977697 116.585045 81 1
35.4254267 116.5905741 82 1
35.425438 116.6024987 83 1
35.4254288 116.61814 84 1
35.4267428 116.5834415 85 1
35.4266465 116.5598725 86 1
35.4207062 116.5907907 87 1
35.4207232 116.575853 88 1
35.426729 116.5757433 89 1
35.4395865 116.617335 90 1
35.44058 116.590548 91 1
35.4488635 116.602573 92 1
35.4493828 116.5935277 93 1
35.44384 116.59847 94 1
35.4491438 116.5986888 95 1
35.4403705 116.596942 96 1
35.442413 116.5963975 97 1
35.4436552 116.5972675 98 1
35.3979828 116.559885 99 0
35.398112 116.5707607 100 0
35.3992234 116.576854 101 1
35.400469 116.5848413 102 1
35.4008973 116.5920967 103 1
35.401014 116.5970675 104 1
35.4011765 116.55993 105 1
35.430689 116.596975 106 1
35.4353485 116.596945 107 1
35.414772 116.58686 108 0
35.398003 116.5773008 109 1
35.4076281 116.591677 110 1
35.4306867 116.6178717 111 1
35.4476213 116.6183567 112 1
35.447662 116.6181533 113 1
35.405545 116.5598223 114 1
35.4205798 116.583481 115 1
35.420764 116.602462 116 1
35.431275 116.583406 117 1
35.442295 116.559812 118 1
35.4507565 116.559475 119 0
35.442295 116.5595225 120 1
35.4507485 116.559715 121 1
35.4498525 116.57531 122 1
35.449833 116.5756275 123 1
35.449585 116.583565 124 1
35.446149 116.5923785 125 0
35.4451128 116.595972 126 1
35.445657 116.598345 127 1
35.445645 116.598533 128 1
35.445478 116.602405 129 1
35.4454685 116.6027 130 1
35.445239 116.6074333 131 1
35.4424167 116.5940865 132 1
35.440582 116.5941125 133 1
35.442523 116.5942938 134 1
35.442644 116.5911713 135 1
35.4436955 116.6024225 136 1
35.4436565 116.602715 137 1
35.4430173 116.6071287 138 1
35.442869 116.61117 139 1
35.4485455 116.6075123 140 1
35.445282 116.607185 141 1
35.4430255 116.606885 142 1
35.4314465 116.559722 143 1
35.4306815 116.606115 144 1
35.4079215 116.599874 145 1
35.3977647 116.5922107 146 1
35.408575 116.61818 147 1
35.4057352 116.5757473 148 1
35.4204847 116.559734 149 1
35.432755 116.559727 150 1
35.4162713 116.5597667 151 1
35.4120873 116.59141 152 1
35.4266473 116.55969 153 1
35.410819 116.6010775 154 1
35.4232713 116.5906493 155 1
35.4072524 116.5835558 156 1
35.436596 116.5596425 157 1
35.410214 116.5915433 158 1
35.4309845 116.5905025 159 1
35.4308235 116.543677 160 0
35.4318051 116.5440489 161 1
35.4310923 116.5447817 162 0
35.440986 116.5809225 163 1
35.436623 116.5754355 164 0
35.43426 116.575367 165 1
35.4401623 116.6026853 166 1
35.430655 116.60246 167 1
35.439135 116.60269 168 0
35.4084777 116.6185 169 1
35.411468 116.618315 170 0
35.4010833 116.565186 171 1
35.4054145 116.56521 172 1
35.4166693 116.5454 173 1
35.4208105 116.5969875 174 1
35.42541 116.59696 175 1
35.42317 116.583462 176 0
35.405705 116.56812 177 1
35.420597 116.568925 178 1
35.426678 116.568905 179 1
35.431504 116.56886 180 1
35.405649 116.552475 181 1
35.4204525 116.552535 182 1
35.399544 116.596475 183 1
35.4395845 116.61759 184 1
35.405687 116.54534 185 1
35.420433 116.5454275 186 1
35.4210042 116.6180945 187 1
35.415305 116.611005 188 1
35.42079 116.61097 189 1
35.4254395 116.61096 190 1
35.430756 116.6108525 191 1
35.437185 116.6108525 192 0
35.4398185 116.610875 193 1
35.445057 116.611478 194 1
35.435217 116.60279 195 1
35.4496185 116.581118 196 1
35.431487 116.5755463 197 1
35.4412615 116.5754077 198 1
35.4409025 116.5833737 199 1
35.414783 116.583415 200 1
35.430657 116.602655 201 1
35.449577 116.583825 202 1
35.4405825 116.5903575 203 0
35.398075 116.56519 204 1
35.4118765 116.566525 205 1
35.3979975 116.5743237 206 1
35.416044 116.618188 207 1
35.4267485 116.580956 208 1
35.433327 116.617755 209 1
35.418404 116.583467 210 1
35.41857 116.575888 211 1
35.418461 116.590972 212 1
35.418617 116.6024875 213 1
35.435217 116.602575 214 1
35.448231 116.611963 215 1
35.412108 116.559805 216 1
336
16 142 260.06741194699896 16.67 3 3 2 3
1 0 0 0 1 0 0 0 1
1 0 0 0 1 0 0 0 1
16 17 23.397322258095787 16.67 3 3 4 5
1 0 0 0 1 0 0 0 1
1 0 0 0 1 0 0 0 1
16 166 444.2179001678513 16.67 3 3 6 7
1 0 0 0 1 0 0 0 1
1 0 0 0 1 0 0 0 1
17 193 444.15569546507845 16.67 3 3 8 9
1 0 0 0 1 0 0 0 1
1 0 0 0 1 0 0 0 1
17 138 261.1257080744437 16.67 3 3 10 11
1 0 0 0 1 0 0 0 1
1 0 0 0 1 0 0 0 1
68 54 527.692799752761 16.67 3 3 12 13
1 0 0 0 1 0 0 0 1
1 0 0 0 1 0 0 0 1
68 144 230.73160577148562 16.67 3 3 14 15
1 0 0 0 1 0 0 0 1
1 0 0 0 1 0 0 0 1
68 69 378.6478153038442 16.67 3 3 16 17
1 0 0 0 1 0 0 0 1
1 0 0 0 1 0 0 0 1
69 201 230.97802574534782 16.67 3 3 18 19
1 0 0 0 1 0 0 0 1
1 0 0 0 1 0 0 0 1
69 195 182.46602797075656 16.67 3 3 20 21
1 0 0 0 1 0 0 0 1
1 0 0 0 1 0 0 0 1
8 7 78.42509915395469 16.67 3 3 22 23
1 0 0 0 1 0 0 0 1
1 0 0 0 1 0 0 0 1
8 146 508.35860178444756 16.67 3 3 24 25
1 0 0 0 1 0 0 0 1
1 0 0 0 1 0 0 0 1
8 81 288.7399136284165 16.67 3 3 26 27
1 0 0 0 1 0 0 0 1
1 0 0 0 1 0 0 0 1
43 44 247.5207918167169 16.67 3 3 28 29
1 0 0 0 1 0 0 0 1
1 0 0 0 1 0 0 0 1
43 151 506.80206977083765 16.67 3 3 30 31
1 0 0 0 1 0 0 0 1
1 0 0 0 1 0 0 0 1
43 64 240.00060557763797 16.67 3 3 32 33
1 0 0 0 1 0 0 0 1
1 0 0 0 1 0 0 0 1
44 70 498.63178032020693 16.67 3 3 34 35
1 0 0 0 1 0 0 0 1
1 0 0 0 1 0 0 0 1
44 45 166.59350127605745 16.67 3 3 36 37
1 0 0 0 1 0 0 0 1
1 0 0 0 1 0 0 0 1
45 178 480.3783834634809 16.67 3 3 38 39
1 0 0 0 1 0 0 0 1
1 0 0 0 1 0 0 0 1
45 149 541.7753132514614 16.67 3 3 40 41
1 0 0 0 1 0 0 0 1
1 0 0 0 1 0 0 0 1
27 28 253.96822277987738 16.67 3 3 42 43
1 0 0 0 1 0 0 0 1
1 0 0 0 1 0 0 0 1
27 150 1019.5154030897766 16.67 3 3 44 45
1 0 0 0 1 0 0 0 1
1 0 0 0 1 0 0 0 1
27 180 208.6655339862198 16.67 3 3 46 47
1 0 0 0 1 0 0 0 1
1 0 0 0 1 0 0 0 1
27 165 725.3082865486685 16.67 3 3 48 49
1 0 0 0 1 0 0 0 1
1 0 0 0 1 0 0 0 1
28 25 459.08415224783135 16.67 3 3 50 51
1 0 0 0 1 0 0 0 1
1 0 0 0 1 0 0 0 1
28 157 1023.8912283406447 16.67 3 3 52 53
1 0 0 0 1 0 0 0 1
1 0 0 0 1 0 0 0 1
28 164 732.3203074982172 16.67 3 3 54 55
1 0 0 0 1 0 0 0 1
1 0 0 0 1 0 0 0 1
3 177 403.8250534370011 16.67 3 3 56 57
1 0 0 0 1 0 0 0 1
1 0 0 0 1 0 0 0 1
3 101 985.1777254777513 16.67 3 3 58 59
1 0 0 0 1 0 0 0 1
1 0 0 0 1 0 0 0 1
3 171 329.94825931278655 16.67 3 3 60 61
1 0 0 0 1 0 0 0 1
1 0 0 0 1 0 0 0 1
71 212 672.6839348706608 16.67 3 3 62 63
1 0 0 0 1 0 0 0 1
1 0 0 0 1 0 0 0 1
71 174 199.4480831038326 16.67 3 3 64 65
1 0 0 0 1 0 0 0 1
1 0 0 0 1 0 0 0 1
71 40 702.8734800460368 16.67 3 3 66 67
1 0 0 0 1 0 0 0 1
1 0 0 0 1 0 0 0 1
71 213 607.9960947309036 16.67 3 3 68 69
1 0 0 0 1 0 0 0 1
1 0 0 0 1 0 0 0 1
25 118 1005.4897484030959 16.67 3 3 70 71
1 0 0 0 1 0 0 0 1
1 0 0 0 1 0 0 0 1
25 198 731.3094163145162 16.67 3 3 72 73
1 0 0 0 1 0 0 0 1
1 0 0 0 1 0 0 0 1
35 149 427.76620046763173 16.67 3 3 74 75
1 0 0 0 1 0 0 0 1
1 0 0 0 1 0 0 0 1
35 182 904.2296926988527 16.67 3 3 76 77
1 0 0 0 1 0 0 0 1
1 0 0 0 1 0 0 0 1
35 153 130.69565876263334 16.67 3 3 78 79
1 0 0 0 1 0 0 0 1
1 0 0 0 1 0 0 0 1
37 148 434.591007785084 16.67 3 3 80 81
1 0 0 0 1 0 0 0 1
1 0 0 0 1 0 0 0 1
37 177 413.8358469520452 16.67 3 3 82 83
1 0 0 0 1 0 0 0 1
1 0 0 0 1 0 0 0 1
37 38 529.4762280556645 16.67 3 3 84 85
1 0 0 0 1 0 0 0 1
1 0 0 0 1 0 0 0 1
33 210 339.55497486859815 16.67 3 3 86 87
1 0 0 0 1 0 0 0 1
1 0 0 0 1 0 0 0 1
33 211 503.37763227924006 16.67 3 3 88 89
1 0 0 0 1 0 0 0 1
1 0 0 0 1 0 0 0 1
33 34 325.6514299452156 16.67 3 3 90 91
1 0 0 0 1 0 0 0 1
1 0 0 0 1 0 0 0 1
38 48 386.33928289967383 16.67 3 3 92 93
1 0 0 0 1 0 0 0 1
1 0 0 0 1 0 0 0 1
38 39 369.3986019158132 16.67 3 3 94 95
1 0 0 0 1 0 0 0 1
1 0 0 0 1 0 0 0 1
39 148 496.78415033903593 16.67 3 3 96 97
1 0 0 0 1 0 0 0 1
1 0 0 0 1 0 0 0 1
39 80 356.38902903634363 16.67 3 3 98 99
1 0 0 0 1 0 0 0 1
1 0 0 0 1 0 0 0 1
54 209 765.6282035325956 16.67 3 3 100 101
1 0 0 0 1 0 0 0 1
1 0 0 0 1 0 0 0 1
54 55 175.26416750079392 16.67 3 3 102 103
1 0 0 0 1 0 0 0 1
1 0 0 0 1 0 0 0 1
54 191 230.5104188258252 16.67 3 3 104 105
1 0 0 0 1 0 0 0 1
1 0 0 0 1 0 0 0 1
55 192 176.7739396635306 16.67 3 3 106 107
1 0 0 0 1 0 0 0 1
1 0 0 0 1 0 0 0 1
55 195 895.1757007165504 16.67 3 3 108 109
1 0 0 0 1 0 0 0 1
1 0 0 0 1 0 0 0 1
55 60 747.3111528048543 16.67 3 3 110 111
1 0 0 0 1 0 0 0 1
1 0 0 0 1 0 0 0 1
80 6 220.92946719330308 16.67 3 3 112 113
1 0 0 0 1 0 0 0 1
1 0 0 0 1 0 0 0 1
80 49 799.0374559811394 16.67 3 3 114 115
1 0 0 0 1 0 0 0 1
1 0 0 0 1 0 0 0 1
80 211 315.30224167121435 16.67 3 3 116 117
1 0 0 0 1 0 0 0 1
1 0 0 0 1 0 0 0 1
81 102 245.7274961362598 16.67 3 3 118 119
1 0 0 0 1 0 0 0 1
1 0 0 0 1 0 0 0 1
81 109 861.4284933940022 16.67 3 3 120 121
1 0 0 0 1 0 0 0 1
1 0 0 0 1 0 0 0 1
82 85 802.0735471965849 16.67 3 3 122 123
1 0 0 0 1 0 0 0 1
1 0 0 0 1 0 0 0 1
82 159 503.68337397315616 16.67 3 3 124 125
1 0 0 0 1 0 0 0 1
1 0 0 0 1 0 0 0 1
82 175 710.1250962542589 16.67 3 3 126 127
1 0 0 0 1 0 0 0 1
1 0 0 0 1 0 0 0 1
82 155 195.49066095149394 16.67 3 3 128 129
1 0 0 0 1 0 0 0 1
1 0 0 0 1 0 0 0 1
83 167 472.75834482686577 16.67 3 3 130 131
1 0 0 0 1 0 0 0 1
1 0 0 0 1 0 0 0 1
83 190 940.9116799108156 16.67 3 3 132 133
1 0 0 0 1 0 0 0 1
1 0 0 0 1 0 0 0 1
83 116 423.5544425534155 16.67 3 3 134 135
1 0 0 0 1 0 0 0 1
1 0 0 0 1 0 0 0 1
83 42 195.52440219825172 16.67 3 3 136 137
1 0 0 0 1 0 0 0 1
1 0 0 0 1 0 0 0 1
84 187 400.96735549845425 16.67 3 3 138 139
1 0 0 0 1 0 0 0 1
1 0 0 0 1 0 0 0 1
84 190 798.4294106714224 16.67 3 3 140 141
1 0 0 0 1 0 0 0 1
1 0 0 0 1 0 0 0 1
84 111 477.37821517563134 16.67 3 3 142 143
1 0 0 0 1 0 0 0 1
1 0 0 0 1 0 0 0 1
85 208 276.3925211704255 16.67 3 3 144 145
1 0 0 0 1 0 0 0 1
1 0 0 0 1 0 0 0 1
85 117 410.6978855958753 16.67 3 3 146 147
1 0 0 0 1 0 0 0 1
1 0 0 0 1 0 0 0 1
85 176 323.7522601901382 16.67 3 3 148 149
1 0 0 0 1 0 0 0 1
1 0 0 0 1 0 0 0 1
86 143 435.26761473909283 16.67 3 3 150 151
1 0 0 0 1 0 0 0 1
1 0 0 0 1 0 0 0 1
86 149 558.5558640803824 16.67 3 3 152 153
1 0 0 0 1 0 0 0 1
1 0 0 0 1 0 0 0 1
86 47 561.3420082106952 16.67 3 3 154 155
1 0 0 0 1 0 0 0 1
1 0 0 0 1 0 0 0 1
86 153 20.294455373508097 16.67 3 3 156 157
1 0 0 0 1 0 0 0 1
1 0 0 0 1 0 0 0 1
87 174 689.1600434419504 16.67 3 3 158 159
1 0 0 0 1 0 0 0 1
1 0 0 0 1 0 0 0 1
87 115 812.9323953447752 16.67 3 3 160 161
1 0 0 0 1 0 0 0 1
1 0 0 0 1 0 0 0 1
87 212 204.45730735738738 16.67 3 3 162 163
1 0 0 0 1 0 0 0 1
1 0 0 0 1 0 0 0 1
87 155 232.98154882096617 16.67 3 3 164 165
1 0 0 0 1 0 0 0 1
1 0 0 0 1 0 0 0 1
88 89 544.3844642628662 16.67 3 3 166 167
1 0 0 0 1 0 0 0 1
1 0 0 0 1 0 0 0 1
88 115 848.3467561121496 16.67 3 3 168 169
1 0 0 0 1 0 0 0 1
1 0 0 0 1 0 0 0 1
88 211 195.16257573892503 16.67 3 3 170 171
1 0 0 0 1 0 0 0 1
1 0 0 0 1 0 0 0 1
88 67 581.8341755532167 16.67 3 3 172 173
1 0 0 0 1 0 0 0 1
1 0 0 0 1 0 0 0 1
89 179 760.4452138961276 16.67 3 3 174 175
1 0 0 0 1 0 0 0 1
1 0 0 0 1 0 0 0 1
89 208 579.6642418679767 16.67 3 3 176 177
1 0 0 0 1 0 0 0 1
1 0 0 0 1 0 0 0 1
89 197 431.6957312955191 16.67 3 3 178 179
1 0 0 0 1 0 0 0 1
1 0 0 0 1 0 0 0 1
90 184 28.35703430143421 16.67 3 3 180 181
1 0 0 0 1 0 0 0 1
1 0 0 0 1 0 0 0 1
90 193 718.670973740381 16.67 3 3 182 183
1 0 0 0 1 0 0 0 1
1 0 0 0 1 0 0 0 1
90 58 201.45929758412257 16.67 3 3 184 185
1 0 0 0 1 0 0 0 1
1 0 0 0 1 0 0 0 1
90 56 471.03719968496756 16.67 3 3 186 187
1 0 0 0 1 0 0 0 1
1 0 0 0 1 0 0 0 1
70 178 176.98616893327224 16.67 3 3 188 189
1 0 0 0 1 0 0 0 1
1 0 0 0 1 0 0 0 1
70 49 276.7191753516094 16.67 3 3 190 191
1 0 0 0 1 0 0 0 1
1 0 0 0 1 0 0 0 1
70 211 774.4382716968679 16.67 3 3 192 193
1 0 0 0 1 0 0 0 1
1 0 0 0 1 0 0 0 1
91 96 711.2775058168097 16.67 3 3 194 195
1 0 0 0 1 0 0 0 1
1 0 0 0 1 0 0 0 1
91 159 869.348025805018 16.67 3 3 196 197
1 0 0 0 1 0 0 0 1
1 0 0 0 1 0 0 0 1
91 203 21.185150981445123 16.67 3 3 198 199
1 0 0 0 1 0 0 0 1
1 0 0 0 1 0 0 0 1
91 133 396.3788068576657 16.67 3 3 200 201
1 0 0 0 1 0 0 0 1
1 0 0 0 1 0 0 0 1
92 95 432.6756969569894 16.67 3 3 202 203
1 0 0 0 1 0 0 0 1
1 0 0 0 1 0 0 0 1
92 12 50.44316231443746 16.67 3 3 204 205
1 0 0 0 1 0 0 0 1
1 0 0 0 1 0 0 0 1
92 13 46.06062039322871 16.67 3 3 206 207
1 0 0 0 1 0 0 0 1
1 0 0 0 1 0 0 0 1
92 129 307.2565100925066 16.67 3 3 208 209
1 0 0 0 1 0 0 0 1
1 0 0 0 1 0 0 0 1
93 202 1079.1009763790482 16.67 3 3 210 211
1 0 0 0 1 0 0 0 1
1 0 0 0 1 0 0 0 1
93 93 0.0 16.67 3 3 212 213
1 0 0 0 1 0 0 0 1
1 0 0 0 1 0 0 0 1
93 95 574.3317617895572 16.67 3 3 214 215
1 0 0 0 1 0 0 0 1
1 0 0 0 1 0 0 0 1
94 136 439.7199655870606 16.67 3 3 216 217
1 0 0 0 1 0 0 0 1
1 0 0 0 1 0 0 0 1
94 128 163.67280578228392 16.67 3 3 218 219
1 0 0 0 1 0 0 0 1
1 0 0 0 1 0 0 0 1
94 15 29.3662162428793 16.67 3 3 220 221
1 0 0 0 1 0 0 0 1
1 0 0 0 1 0 0 0 1
95 127 318.16884852473635 16.67 3 3 222 223
1 0 0 0 1 0 0 0 1
1 0 0 0 1 0 0 0 1
95 128 317.42379361580373 16.67 3 3 224 225
1 0 0 0 1 0 0 0 1
1 0 0 0 1 0 0 0 1
96 107 454.9845632544727 16.67 3 3 226 227
1 0 0 0 1 0 0 0 1
1 0 0 0 1 0 0 0 1
96 133 315.2283700723323 16.67 3 3 228 229
1 0 0 0 1 0 0 0 1
1 0 0 0 1 0 0 0 1
96 97 194.70129842864006 16.67 3 3 230 231
1 0 0 0 1 0 0 0 1
1 0 0 0 1 0 0 0 1
97 134 234.14736508550465 16.67 3 3 232 233
1 0 0 0 1 0 0 0 1
1 0 0 0 1 0 0 0 1
97 98 148.40677431870742 16.67 3 3 234 235
1 0 0 0 1 0 0 0 1
1 0 0 0 1 0 0 0 1
98 126 195.42569848241507 16.67 3 3 236 237
1 0 0 0 1 0 0 0 1
1 0 0 0 1 0 0 0 1
98 15 105.81442754909119 16.67 3 3 238 239
1 0 0 0 1 0 0 0 1
1 0 0 0 1 0 0 0 1
99 204 589.9846719540698 16.67 3 3 240 241
1 0 0 0 1 0 0 0 1
1 0 0 0 1 0 0 0 1
99 105 289.5391664458108 16.67 3 3 242 243
1 0 0 0 1 0 0 0 1
1 0 0 0 1 0 0 0 1
100 204 619.4808672165074 16.67 3 3 244 245
1 0 0 0 1 0 0 0 1
1 0 0 0 1 0 0 0 1
100 206 396.3478798889762 16.67 3 3 246 247
1 0 0 0 1 0 0 0 1
1 0 0 0 1 0 0 0 1
101 148 602.952163366312 16.67 3 3 248 249
1 0 0 0 1 0 0 0 1
1 0 0 0 1 0 0 0 1
101 102 895.3495345262401 16.67 3 3 250 251
1 0 0 0 1 0 0 0 1
1 0 0 0 1 0 0 0 1
101 109 121.26810721348303 16.67 3 3 252 253
1 0 0 0 1 0 0 0 1
1 0 0 0 1 0 0 0 1
102 156 631.2671026255986 16.67 3 3 254 255
1 0 0 0 1 0 0 0 1
1 0 0 0 1 0 0 0 1
102 103 807.7469310537707 16.67 3 3 256 257
1 0 0 0 1 0 0 0 1
1 0 0 0 1 0 0 0 1
103 110 611.8801358260821 16.67 3 3 258 259
1 0 0 0 1 0 0 0 1
1 0 0 0 1 0 0 0 1
103 104 552.863041145073 16.67 3 3 260 261
1 0 0 0 1 0 0 0 1
1 0 0 0 1 0 0 0 1
103 146 284.2300350768042 16.67 3 3 262 263
1 0 0 0 1 0 0 0 1
1 0 0 0 1 0 0 0 1
104 145 699.5831660650881 16.67 3 3 264 265
1 0 0 0 1 0 0 0 1
1 0 0 0 1 0 0 0 1
104 183 148.64455898592078 16.67 3 3 266 267
1 0 0 0 1 0 0 0 1
1 0 0 0 1 0 0 0 1
105 114 396.15215535620337 16.67 3 3 268 269
1 0 0 0 1 0 0 0 1
1 0 0 0 1 0 0 0 1
105 4 545.1945620603899 16.67 3 3 270 271
1 0 0 0 1 0 0 0 1
1 0 0 0 1 0 0 0 1
105 171 584.5376345044664 16.67 3 3 272 273
1 0 0 0 1 0 0 0 1
1 0 0 0 1 0 0 0 1
30 188 943.8897494018732 16.67 3 3 274 275
1 0 0 0 1 0 0 0 1
1 0 0 0 1 0 0 0 1
30 154 352.5031130844443 16.67 3 3 276 277
1 0 0 0 1 0 0 0 1
1 0 0 0 1 0 0 0 1
30 213 395.2187262428702 16.67 3 3 278 279
1 0 0 0 1 0 0 0 1
1 0 0 0 1 0 0 0 1
106 167 609.9495750706195 16.67 3 3 280 281
1 0 0 0 1 0 0 0 1
1 0 0 0 1 0 0 0 1
106 107 422.20651533305033 16.67 3 3 282 283
1 0 0 0 1 0 0 0 1
1 0 0 0 1 0 0 0 1
106 159 720.2514046008752 16.67 3 3 284 285
1 0 0 0 1 0 0 0 1
1 0 0 0 1 0 0 0 1
106 175 478.3286121726293 16.67 3 3 286 287
1 0 0 0 1 0 0 0 1
1 0 0 0 1 0 0 0 1
107 214 626.1794129590644 16.67 3 3 288 289
1 0 0 0 1 0 0 0 1
1 0 0 0 1 0 0 0 1
109 206 331.059211865264 16.67 3 3 290 291
1 0 0 0 1 0 0 0 1
1 0 0 0 1 0 0 0 1
109 9 45.80075694432825 16.67 3 3 292 293
1 0 0 0 1 0 0 0 1
1 0 0 0 1 0 0 0 1
110 156 903.7336824138724 16.67 3 3 294 295
1 0 0 0 1 0 0 0 1
1 0 0 0 1 0 0 0 1
110 158 234.8443768038351 16.67 3 3 296 297
1 0 0 0 1 0 0 0 1
1 0 0 0 1 0 0 0 1
110 145 911.9088524674318 16.67 3 3 298 299
1 0 0 0 1 0 0 0 1
1 0 0 0 1 0 0 0 1
111 209 239.5870609513157 16.67 3 3 300 301
1 0 0 0 1 0 0 0 1
1 0 0 0 1 0 0 0 1
111 10 61.36263966371216 16.67 3 3 302 303
1 0 0 0 1 0 0 0 1
1 0 0 0 1 0 0 0 1
111 11 67.96656200869417 16.67 3 3 304 305
1 0 0 0 1 0 0 0 1
1 0 0 0 1 0 0 0 1
112 57 263.24238188960373 16.67 3 3 306 307
1 0 0 0 1 0 0 0 1
1 0 0 0 1 0 0 0 1
112 113 22.91698207725386 16.67 3 3 308 309
1 0 0 0 1 0 0 0 1
1 0 0 0 1 0 0 0 1
112 77 311.07515404774057 16.67 3 3 310 311
1 0 0 0 1 0 0 0 1
1 0 0 0 1 0 0 0 1
112 73 285.0934854683189 16.67 3 3 312 313
1 0 0 0 1 0 0 0 1
1 0 0 0 1 0 0 0 1
113 215 690.2996046965205 16.67 3 3 314 315
1 0 0 0 1 0 0 0 1
1 0 0 0 1 0 0 0 1
113 74 241.4840468275153 16.67 3 3 316 317
1 0 0 0 1 0 0 0 1
1 0 0 0 1 0 0 0 1
113 56 266.2123896302445 16.67 3 3 318 319
1 0 0 0 1 0 0 0 1
1 0 0 0 1 0 0 0 1
72 188 308.15758085421146 16.67 3 3 320 321
1 0 0 0 1 0 0 0 1
1 0 0 0 1 0 0 0 1
72 189 188.95145965471582 16.67 3 3 322 323
1 0 0 0 1 0 0 0 1
1 0 0 0 1 0 0 0 1
72 213 942.1908803893336 16.67 3 3 324 325
1 0 0 0 1 0 0 0 1
1 0 0 0 1 0 0 0 1
114 172 599.2386091000379 16.67 3 3 326 327
1 0 0 0 1 0 0 0 1
1 0 0 0 1 0 0 0 1
114 181 817.0872555491933 16.67 3 3 328 329
1 0 0 0 1 0 0 0 1
1 0 0 0 1 0 0 0 1
114 216 594.8565764803805 16.67 3 3 330 331
1 0 0 0 1 0 0 0 1
1 0 0 0 1 0 0 0 1
115 67 266.5435865700429 16.67 3 3 332 333
1 0 0 0 1 0 0 0 1
1 0 0 0 1 0 0 0 1
115 210 197.17828003296069 16.67 3 3 334 335
1 0 0 0 1 0 0 0 1
1 0 0 0 1 0 0 0 1
116 42 228.3458034689503 16.67 3 3 336 337
1 0 0 0 1 0 0 0 1
1 0 0 0 1 0 0 0 1
116 189 946.107727270415 16.67 3 3 338 339
1 0 0 0 1 0 0 0 1
1 0 0 0 1 0 0 0 1
116 174 608.7887599295747 16.67 3 3 340 341
1 0 0 0 1 0 0 0 1
1 0 0 0 1 0 0 0 1
117 199 872.3406401872294 16.67 3 3 342 343
1 0 0 0 1 0 0 0 1
1 0 0 0 1 0 0 0 1
117 159 789.5823301821571 16.67 3 3 344 345
1 0 0 0 1 0 0 0 1
1 0 0 0 1 0 0 0 1
117 75 256.1832051921949 16.67 3 3 346 347
1 0 0 0 1 0 0 0 1
1 0 0 0 1 0 0 0 1
118 198 1736.7953635990366 16.67 3 3 348 349
1 0 0 0 1 0 0 0 1
1 0 0 0 1 0 0 0 1
118 120 32.19291698509086 16.67 3 3 350 351
1 0 0 0 1 0 0 0 1
1 0 0 0 1 0 0 0 1
118 121 765.9300038623119 16.67 3 3 352 353
1 0 0 0 1 0 0 0 1
1 0 0 0 1 0 0 0 1
119 120 766.5164272446002 16.67 3 3 354 355
1 0 0 0 1 0 0 0 1
1 0 0 0 1 0 0 0 1
119 121 26.698265856937386 16.67 3 3 356 357
1 0 0 0 1 0 0 0 1
1 0 0 0 1 0 0 0 1
120 23 232.3106713113875 16.67 3 3 358 359
1 0 0 0 1 0 0 0 1
1 0 0 0 1 0 0 0 1
120 157 516.4795318883075 16.67 3 3 360 361
1 0 0 0 1 0 0 0 1
1 0 0 0 1 0 0 0 1
121 122 1736.09021089558 16.67 3 3 362 363
1 0 0 0 1 0 0 0 1
1 0 0 0 1 0 0 0 1
122 198 778.3137615484403 16.67 3 3 364 365
1 0 0 0 1 0 0 0 1
1 0 0 0 1 0 0 0 1
122 123 35.35072907113057 16.67 3 3 366 367
1 0 0 0 1 0 0 0 1
1 0 0 0 1 0 0 0 1
123 198 776.8562661421108 16.67 3 3 368 369
1 0 0 0 1 0 0 0 1
1 0 0 0 1 0 0 0 1
123 196 610.8625259177635 16.67 3 3 370 371
1 0 0 0 1 0 0 0 1
1 0 0 0 1 0 0 0 1
124 199 786.816935138209 16.67 3 3 372 373
1 0 0 0 1 0 0 0 1
1 0 0 0 1 0 0 0 1
124 202 28.9215453738693 16.67 3 3 374 375
1 0 0 0 1 0 0 0 1
1 0 0 0 1 0 0 0 1
124 196 272.1276913920074 16.67 3 3 376 377
1 0 0 0 1 0 0 0 1
1 0 0 0 1 0 0 0 1
51 173 836.8133502949898 16.67 3 3 378 379
1 0 0 0 1 0 0 0 1
1 0 0 0 1 0 0 0 1
51 151 761.958947287596 16.67 3 3 380 381
1 0 0 0 1 0 0 0 1
1 0 0 0 1 0 0 0 1
51 181 1005.7315136839893 16.67 3 3 382 383
1 0 0 0 1 0 0 0 1
1 0 0 0 1 0 0 0 1
51 182 339.8575925419593 16.67 3 3 384 385
1 0 0 0 1 0 0 0 1
1 0 0 0 1 0 0 0 1
125 126 410.4812397095207 16.67 3 3 386 387
1 0 0 0 1 0 0 0 1
1 0 0 0 1 0 0 0 1
125 135 344.73566249715907 16.67 3 3 388 389
1 0 0 0 1 0 0 0 1
1 0 0 0 1 0 0 0 1
126 134 299.78655836613115 16.67 3 3 390 391
1 0 0 0 1 0 0 0 1
1 0 0 0 1 0 0 0 1
126 127 268.44772293652073 16.67 3 3 392 393
1 0 0 0 1 0 0 0 1
1 0 0 0 1 0 0 0 1
127 15 164.6088100654843 16.67 3 3 394 395
1 0 0 0 1 0 0 0 1
1 0 0 0 1 0 0 0 1
127 128 20.934181421870292 16.67 3 3 396 397
1 0 0 0 1 0 0 0 1
1 0 0 0 1 0 0 0 1
128 129 430.83902256313456 16.67 3 3 398 399
1 0 0 0 1 0 0 0 1
1 0 0 0 1 0 0 0 1
129 136 161.49287013508632 16.67 3 3 400 401
1 0 0 0 1 0 0 0 1
1 0 0 0 1 0 0 0 1
129 130 32.815814190683234 16.67 3 3 402 403
1 0 0 0 1 0 0 0 1
1 0 0 0 1 0 0 0 1
130 137 164.16211746689217 16.67 3 3 404 405
1 0 0 0 1 0 0 0 1
1 0 0 0 1 0 0 0 1
130 141 499.0261064469216 16.67 3 3 406 407
1 0 0 0 1 0 0 0 1
1 0 0 0 1 0 0 0 1
131 194 450.07996666048774 16.67 3 3 408 409
1 0 0 0 1 0 0 0 1
1 0 0 0 1 0 0 0 1
131 138 204.10026498547327 16.67 3 3 410 411
1 0 0 0 1 0 0 0 1
1 0 0 0 1 0 0 0 1
131 140 299.67380850845063 16.67 3 3 412 413
1 0 0 0 1 0 0 0 1
1 0 0 0 1 0 0 0 1
131 141 27.884842404020134 16.67 3 3 414 415
1 0 0 0 1 0 0 0 1
1 0 0 0 1 0 0 0 1
133 134 177.0026791727159 16.67 3 3 416 417
1 0 0 0 1 0 0 0 1
1 0 0 0 1 0 0 0 1
133 132 166.24532671034473 16.67 3 3 418 419
1 0 0 0 1 0 0 0 1
1 0 0 0 1 0 0 0 1
134 132 24.982876113076014 16.67 3 3 420 421
1 0 0 0 1 0 0 0 1
1 0 0 0 1 0 0 0 1
132 135 324.8288305528522 16.67 3 3 422 423
1 0 0 0 1 0 0 0 1
1 0 0 0 1 0 0 0 1
135 203 207.53302797153506 16.67 3 3 424 425
1 0 0 0 1 0 0 0 1
1 0 0 0 1 0 0 0 1
136 137 32.71785535915457 16.67 3 3 426 427
1 0 0 0 1 0 0 0 1
1 0 0 0 1 0 0 0 1
136 166 321.41982366455557 16.67 3 3 428 429
1 0 0 0 1 0 0 0 1
1 0 0 0 1 0 0 0 1
137 142 467.2217482362082 16.67 3 3 430 431
1 0 0 0 1 0 0 0 1
1 0 0 0 1 0 0 0 1
137 166 316.5727316800453 16.67 3 3 432 433
1 0 0 0 1 0 0 0 1
1 0 0 0 1 0 0 0 1
139 193 278.3015655256652 16.67 3 3 434 435
1 0 0 0 1 0 0 0 1
1 0 0 0 1 0 0 0 1
139 194 201.16004487335934 16.67 3 3 436 437
1 0 0 0 1 0 0 0 1
1 0 0 0 1 0 0 0 1
139 138 449.60056370802937 16.67 3 3 438 439
1 0 0 0 1 0 0 0 1
1 0 0 0 1 0 0 0 1
140 215 495.74512647332347 16.67 3 3 440 441
1 0 0 0 1 0 0 0 1
1 0 0 0 1 0 0 0 1
140 141 297.86935804729814 16.67 3 3 442 443
1 0 0 0 1 0 0 0 1
1 0 0 0 1 0 0 0 1
141 142 207.126724878422 16.67 3 3 444 445
1 0 0 0 1 0 0 0 1
1 0 0 0 1 0 0 0 1
21 32 1041.6122558245906 16.67 3 3 446 447
1 0 0 0 1 0 0 0 1
1 0 0 0 1 0 0 0 1
21 147 793.5407035928739 16.67 3 3 448 449
1 0 0 0 1 0 0 0 1
1 0 0 0 1 0 0 0 1
21 20 171.1198826967745 16.67 3 3 450 451
1 0 0 0 1 0 0 0 1
1 0 0 0 1 0 0 0 1
143 150 118.56226151005113 16.67 3 3 452 453
1 0 0 0 1 0 0 0 1
1 0 0 0 1 0 0 0 1
143 153 434.86190277914386 16.67 3 3 454 455
1 0 0 0 1 0 0 0 1
1 0 0 0 1 0 0 0 1
143 161 1743.179555036126 16.67 3 3 456 457
1 0 0 0 1 0 0 0 1
1 0 0 0 1 0 0 0 1
138 142 27.110055482234703 16.67 3 3 458 459
1 0 0 0 1 0 0 0 1
1 0 0 0 1 0 0 0 1
145 154 294.74914153890245 16.67 3 3 460 461
1 0 0 0 1 0 0 0 1
1 0 0 0 1 0 0 0 1
145 147 2036.5213874175738 16.67 3 3 462 463
1 0 0 0 1 0 0 0 1
1 0 0 0 1 0 0 0 1
144 201 384.764582881372 16.67 3 3 464 465
1 0 0 0 1 0 0 0 1
1 0 0 0 1 0 0 0 1
144 191 526.8617063703323 16.67 3 3 466 467
1 0 0 0 1 0 0 0 1
1 0 0 0 1 0 0 0 1
146 2 67.45572368165719 16.67 3 3 468 469
1 0 0 0 1 0 0 0 1
1 0 0 0 1 0 0 0 1
146 18 64.17463894655596 16.67 3 3 470 471
1 0 0 0 1 0 0 0 1
1 0 0 0 1 0 0 0 1
147 32 248.43781684493683 16.67 3 3 472 473
1 0 0 0 1 0 0 0 1
1 0 0 0 1 0 0 0 1
147 169 36.6610287561856 16.67 3 3 474 475
1 0 0 0 1 0 0 0 1
1 0 0 0 1 0 0 0 1
148 6 628.2634385850101 16.67 3 3 476 477
1 0 0 0 1 0 0 0 1
1 0 0 0 1 0 0 0 1
149 46 546.7450495464408 16.67 3 3 478 479
1 0 0 0 1 0 0 0 1
1 0 0 0 1 0 0 0 1
150 157 348.1476472491326 16.67 3 3 480 481
1 0 0 0 1 0 0 0 1
1 0 0 0 1 0 0 0 1
151 216 377.32463714751947 16.67 3 3 482 483
1 0 0 0 1 0 0 0 1
1 0 0 0 1 0 0 0 1
152 158 170.42319483568446 16.67 3 3 484 485
1 0 0 0 1 0 0 0 1
1 0 0 0 1 0 0 0 1
152 212 579.6986914436617 16.67 3 3 486 487
1 0 0 0 1 0 0 0 1
1 0 0 0 1 0 0 0 1
152 5 873.4742145519261 16.67 3 3 488 489
1 0 0 0 1 0 0 0 1
1 0 0 0 1 0 0 0 1
153 36 462.18954293184146 16.67 3 3 490 491
1 0 0 0 1 0 0 0 1
1 0 0 0 1 0 0 0 1
154 40 453.43637722011226 16.67 3 3 492 493
1 0 0 0 1 0 0 0 1
1 0 0 0 1 0 0 0 1
154 213 723.9283345030998 16.67 3 3 494 495
1 0 0 0 1 0 0 0 1
1 0 0 0 1 0 0 0 1
155 176 799.2933084120093 16.67 3 3 496 497
1 0 0 0 1 0 0 0 1
1 0 0 0 1 0 0 0 1
155 41 703.985155148486 16.67 3 3 498 499
1 0 0 0 1 0 0 0 1
1 0 0 0 1 0 0 0 1
156 62 484.8954321097247 16.67 3 3 500 501
1 0 0 0 1 0 0 0 1
1 0 0 0 1 0 0 0 1
156 24 284.4034115151208 16.67 3 3 502 503
1 0 0 0 1 0 0 0 1
1 0 0 0 1 0 0 0 1
46 178 475.3886793504755 16.67 3 3 504 505
1 0 0 0 1 0 0 0 1
1 0 0 0 1 0 0 0 1
46 47 542.4703545558165 16.67 3 3 506 507
1 0 0 0 1 0 0 0 1
1 0 0 0 1 0 0 0 1
158 24 884.5649983057216 16.67 3 3 508 509
1 0 0 0 1 0 0 0 1
1 0 0 0 1 0 0 0 1
158 40 609.5608613525557 16.67 3 3 510 511
1 0 0 0 1 0 0 0 1
1 0 0 0 1 0 0 0 1
47 179 443.26162147160767 16.67 3 3 512 513
1 0 0 0 1 0 0 0 1
1 0 0 0 1 0 0 0 1
161 52 118.93642146018392 16.67 3 3 514 515
1 0 0 0 1 0 0 0 1
1 0 0 0 1 0 0 0 1
161 53 45.0235755703096 16.67 3 3 516 517
1 0 0 0 1 0 0 0 1
1 0 0 0 1 0 0 0 1
161 160 98.08549259345837 16.67 3 3 518 519
1 0 0 0 1 0 0 0 1
1 0 0 0 1 0 0 0 1
56 57 27.829362632348577 16.67 3 3 520 521
1 0 0 0 1 0 0 0 1
1 0 0 0 1 0 0 0 1
56 194 711.3671811020779 16.67 3 3 522 523
1 0 0 0 1 0 0 0 1
1 0 0 0 1 0 0 0 1
162 186 968.4914732540498 16.67 3 3 524 525
1 0 0 0 1 0 0 0 1
1 0 0 0 1 0 0 0 1
57 184 469.85912306368294 16.67 3 3 526 527
1 0 0 0 1 0 0 0 1
1 0 0 0 1 0 0 0 1
58 192 737.1804111625563 16.67 3 3 528 529
1 0 0 0 1 0 0 0 1
1 0 0 0 1 0 0 0 1
58 59 21.205899743001705 16.67 3 3 530 531
1 0 0 0 1 0 0 0 1
1 0 0 0 1 0 0 0 1
58 60 186.48926474346905 16.67 3 3 532 533
1 0 0 0 1 0 0 0 1
1 0 0 0 1 0 0 0 1
163 199 272.6827720204334 16.67 3 3 534 535
1 0 0 0 1 0 0 0 1
1 0 0 0 1 0 0 0 1
163 75 859.0273785253185 16.67 3 3 536 537
1 0 0 0 1 0 0 0 1
1 0 0 0 1 0 0 0 1
163 196 782.3855636351309 16.67 3 3 538 539
1 0 0 0 1 0 0 0 1
1 0 0 0 1 0 0 0 1
164 165 214.22911099710612 16.67 3 3 540 541
1 0 0 0 1 0 0 0 1
1 0 0 0 1 0 0 0 1
165 197 252.03792627594075 16.67 3 3 542 543
1 0 0 0 1 0 0 0 1
1 0 0 0 1 0 0 0 1
59 184 202.64476348939405 16.67 3 3 544 545
1 0 0 0 1 0 0 0 1
1 0 0 0 1 0 0 0 1
59 61 182.95994672539902 16.67 3 3 546 547
1 0 0 0 1 0 0 0 1
1 0 0 0 1 0 0 0 1
166 193 911.2417618263914 16.67 3 3 548 549
1 0 0 0 1 0 0 0 1
1 0 0 0 1 0 0 0 1
167 214 413.55688644599127 16.67 3 3 550 551
1 0 0 0 1 0 0 0 1
1 0 0 0 1 0 0 0 1
167 201 21.68510544660767 16.67 3 3 552 553
1 0 0 0 1 0 0 0 1
1 0 0 0 1 0 0 0 1
168 214 355.1996947687434 16.67 3 3 554 555
1 0 0 0 1 0 0 0 1
1 0 0 0 1 0 0 0 1
168 195 355.14355314292965 16.67 3 3 556 557
1 0 0 0 1 0 0 0 1
1 0 0 0 1 0 0 0 1
60 209 181.33126205999113 16.67 3 3 558 559
1 0 0 0 1 0 0 0 1
1 0 0 0 1 0 0 0 1
60 61 21.198353654922265 16.67 3 3 560 561
1 0 0 0 1 0 0 0 1
1 0 0 0 1 0 0 0 1
61 209 181.75232349300174 16.67 3 3 562 563
1 0 0 0 1 0 0 0 1
1 0 0 0 1 0 0 0 1
170 207 414.96679806343326 16.67 3 3 564 565
1 0 0 0 1 0 0 0 1
1 0 0 0 1 0 0 0 1
170 169 271.7928861315916 16.67 3 3 566 567
1 0 0 0 1 0 0 0 1
1 0 0 0 1 0 0 0 1
67 208 551.747762094728 16.67 3 3 568 569
1 0 0 0 1 0 0 0 1
1 0 0 0 1 0 0 0 1
169 79 143.8109371618468 16.67 3 3 570 571
1 0 0 0 1 0 0 0 1
1 0 0 0 1 0 0 0 1
169 31 340.7896682544431 16.67 3 3 572 573
1 0 0 0 1 0 0 0 1
1 0 0 0 1 0 0 0 1
171 172 392.5996445826758 16.67 3 3 574 575
1 0 0 0 1 0 0 0 1
1 0 0 0 1 0 0 0 1
171 204 272.68004083017115 16.67 3 3 576 577
1 0 0 0 1 0 0 0 1
1 0 0 0 1 0 0 0 1
172 177 324.66663823435255 16.67 3 3 578 579
1 0 0 0 1 0 0 0 1
1 0 0 0 1 0 0 0 1
172 205 603.6785930773952 16.67 3 3 580 581
1 0 0 0 1 0 0 0 1
1 0 0 0 1 0 0 0 1
173 185 995.2924400776228 16.67 3 3 582 583
1 0 0 0 1 0 0 0 1
1 0 0 0 1 0 0 0 1
173 186 341.0987256972057 16.67 3 3 584 585
1 0 0 0 1 0 0 0 1
1 0 0 0 1 0 0 0 1
174 41 222.88209851342555 16.67 3 3 586 587
1 0 0 0 1 0 0 0 1
1 0 0 0 1 0 0 0 1
175 41 193.92904467691397 16.67 3 3 588 589
1 0 0 0 1 0 0 0 1
1 0 0 0 1 0 0 0 1
177 48 562.280528179054 16.67 3 3 590 591
1 0 0 0 1 0 0 0 1
1 0 0 0 1 0 0 0 1
178 179 551.0677707478259 16.67 3 3 592 593
1 0 0 0 1 0 0 0 1
1 0 0 0 1 0 0 0 1
179 180 437.3301672089719 16.67 3 3 594 595
1 0 0 0 1 0 0 0 1
1 0 0 0 1 0 0 0 1
180 197 743.5300958479991 16.67 3 3 596 597
1 0 0 0 1 0 0 0 1
1 0 0 0 1 0 0 0 1
181 185 793.4322171572613 16.67 3 3 598 599
1 0 0 0 1 0 0 0 1
1 0 0 0 1 0 0 0 1
181 50 362.82500609394987 16.67 3 3 600 601
1 0 0 0 1 0 0 0 1
1 0 0 0 1 0 0 0 1
182 186 790.3686679355387 16.67 3 3 602 603
1 0 0 0 1 0 0 0 1
1 0 0 0 1 0 0 0 1
183 19 244.89716172049458 16.67 3 3 604 605
1 0 0 0 1 0 0 0 1
1 0 0 0 1 0 0 0 1
183 63 237.80551824331036 16.67 3 3 606 607
1 0 0 0 1 0 0 0 1
1 0 0 0 1 0 0 0 1
183 22 1894.198405967532 16.67 3 3 608 609
1 0 0 0 1 0 0 0 1
1 0 0 0 1 0 0 0 1
184 29 123.33938883363811 16.67 3 3 610 611
1 0 0 0 1 0 0 0 1
1 0 0 0 1 0 0 0 1
185 1 201.76501553262014 16.67 3 3 612 613
1 0 0 0 1 0 0 0 1
1 0 0 0 1 0 0 0 1
185 78 24.77289378567436 16.67 3 3 614 615
1 0 0 0 1 0 0 0 1
1 0 0 0 1 0 0 0 1
187 14 79.12951269456053 16.67 3 3 616 617
1 0 0 0 1 0 0 0 1
1 0 0 0 1 0 0 0 1
187 207 449.61378646361067 16.67 3 3 618 619
1 0 0 0 1 0 0 0 1
1 0 0 0 1 0 0 0 1
187 189 792.4948759448853 16.67 3 3 620 621
1 0 0 0 1 0 0 0 1
1 0 0 0 1 0 0 0 1
188 207 801.5652134808724 16.67 3 3 622 623
1 0 0 0 1 0 0 0 1
1 0 0 0 1 0 0 0 1
189 190 421.3404898251538 16.67 3 3 624 625
1 0 0 0 1 0 0 0 1
1 0 0 0 1 0 0 0 1
190 191 481.90323823696195 16.67 3 3 626 627
1 0 0 0 1 0 0 0 1
1 0 0 0 1 0 0 0 1
34 200 343.17012249827985 16.67 3 3 628 629
1 0 0 0 1 0 0 0 1
1 0 0 0 1 0 0 0 1
194 215 292.55636454524847 16.67 3 3 630 631
1 0 0 0 1 0 0 0 1
1 0 0 0 1 0 0 0 1
195 214 23.908383944219086 16.67 3 3 632 633
1 0 0 0 1 0 0 0 1
1 0 0 0 1 0 0 0 1
64 49 247.32592049066994 16.67 3 3 634 635
1 0 0 0 1 0 0 0 1
1 0 0 0 1 0 0 0 1
64 205 352.9050724439756 16.67 3 3 636 637
1 0 0 0 1 0 0 0 1
1 0 0 0 1 0 0 0 1
196 26 52.71484862624365 16.67 3 3 638 639
1 0 0 0 1 0 0 0 1
1 0 0 0 1 0 0 0 1
197 75 618.6960295189705 16.67 3 3 640 641
1 0 0 0 1 0 0 0 1
1 0 0 0 1 0 0 0 1
199 202 787.4901165635688 16.67 3 3 642 643
1 0 0 0 1 0 0 0 1
1 0 0 0 1 0 0 0 1
200 62 198.0583345644848 16.67 3 3 644 645
1 0 0 0 1 0 0 0 1
1 0 0 0 1 0 0 0 1
200 210 328.21146565504586 16.67 3 3 646 647
1 0 0 0 1 0 0 0 1
1 0 0 0 1 0 0 0 1
200 108 383.09144912886137 16.67 3 3 648 649
1 0 0 0 1 0 0 0 1
1 0 0 0 1 0 0 0 1
206 66 146.84599227807794 16.67 3 3 650 651
1 0 0 0 1 0 0 0 1
1 0 0 0 1 0 0 0 1
206 65 138.22064609308288 16.67 3 3 652 653
1 0 0 0 1 0 0 0 1
1 0 0 0 1 0 0 0 1
207 32 428.4800322492859 16.67 3 3 654 655
1 0 0 0 1 0 0 0 1
1 0 0 0 1 0 0 0 1
205 48 234.0797634711071 16.67 3 3 656 657
1 0 0 0 1 0 0 0 1
1 0 0 0 1 0 0 0 1
205 216 747.5704781550859 16.67 3 3 658 659
1 0 0 0 1 0 0 0 1
1 0 0 0 1 0 0 0 1
210 212 834.585387969603 16.67 3 3 660 661
1 0 0 0 1 0 0 0 1
1 0 0 0 1 0 0 0 1
215 76 107.38807489873929 16.67 3 3 662 663
1 0 0 0 1 0 0 0 1
1 0 0 0 1 0 0 0 1
41 42 603.8268459612186 16.67 3 3 664 665
1 0 0 0 1 0 0 0 1
1 0 0 0 1 0 0 0 1
48 49 337.8450607300776 16.67 3 3 666 667
1 0 0 0 1 0 0 0 1
1 0 0 0 1 0 0 0 1
24 5 197.59728191692722 16.67 3 3 668 669
1 0 0 0 1 0 0 0 1
1 0 0 0 1 0 0 0 1
62 6 858.4999066559477 16.67 3 3 670 671
1 0 0 0 1 0 0 0 1
1 0 0 0 1 0 0 0 1
62 5 20.72824938635992 16.67 3 3 672 673
1 0 0 0 1 0 0 0 1
1 0 0 0 1 0 0 0 1
171
3 58 56 60 -1
5 489 -1 673 669
6 671 113 -1 477
8 24 -1 26 22
15 221 395 239 -1
16 4 2 6 -1
17 8 10 5 -1
21 -1 446 448 450
24 509 668 -1 503
25 72 -1 70 51
27 48 42 44 46
28 54 50 52 43
30 274 278 -1 276
32 447 655 -1 473
33 86 -1 88 90
35 -1 78 76 74
37 80 84 82 -1
38 94 -1 92 85
39 -1 98 95 96
40 493 67 511 -1
41 664 589 499 587
42 -1 137 665 337
43 32 28 30 -1
44 34 36 -1 29
45 38 -1 40 37
46 504 506 479 -1
47 512 -1 155 507
48 93 666 657 591
49 115 191 635 667
51 380 384 378 382
54 100 102 13 104
55 110 106 108 103
56 520 319 522 187
57 -1 307 521 526
58 530 185 528 532
59 -1 544 531 546
60 560 533 111 558
61 -1 547 561 562
62 672 645 670 501
64 634 -1 33 636
67 333 568 173 -1
68 12 -1 16 14
69 17 20 -1 18
70 192 188 35 190
71 68 64 62 66
72 -1 322 324 320
75 347 537 641 -1
80 99 116 114 112
81 27 118 120 -1
82 126 124 122 128
83 132 130 136 134
84 -1 142 140 138
85 123 146 144 148
86 154 150 156 152
87 158 164 160 162
88 172 166 168 170
89 176 178 174 167
90 180 186 182 184
91 194 200 198 196
92 206 204 202 208
93 213 210 212 214
94 216 218 220 -1
95 203 215 222 224
96 228 230 195 226
97 -1 234 232 231
98 238 236 -1 235
101 250 248 59 252
102 256 254 251 119
103 260 258 257 262
104 -1 264 261 266
105 272 268 270 243
106 280 282 284 286
107 288 227 -1 283
109 121 253 290 292
110 298 296 294 259
111 302 304 300 143
112 310 312 308 306
113 309 316 314 318
114 326 330 328 269
115 161 332 169 334
116 338 135 336 340
117 344 342 346 147
118 348 352 350 71
120 351 355 358 360
121 362 -1 357 353
122 366 -1 363 364
123 370 -1 367 368
124 374 -1 376 372
126 237 392 387 390
127 396 223 393 394
128 398 225 397 219
129 402 209 399 400
130 406 -1 403 404
131 408 412 414 410
132 421 -1 422 419
133 416 418 201 229
134 233 391 420 417
135 423 389 -1 424
136 426 401 217 428
137 430 405 427 432
138 439 411 458 11
139 -1 436 438 434
140 440 -1 442 413
141 415 443 407 444
142 459 445 431 3
143 151 452 456 454
144 466 15 464 -1
145 462 460 299 265
146 468 263 25 470
147 474 472 463 449
148 97 476 81 249
149 41 153 75 478
150 45 480 -1 453
151 31 -1 381 482
152 -1 486 488 484
153 157 455 490 79
154 277 494 492 461
155 498 129 496 165
156 295 502 500 255
157 53 361 -1 481
158 510 485 508 297
159 285 197 345 125
161 457 516 518 514
163 534 538 -1 536
165 -1 541 49 542
166 7 433 429 548
167 552 550 281 131
169 572 567 475 570
171 61 574 273 576
172 578 580 327 575
173 379 584 -1 582
174 341 586 159 65
175 -1 287 127 588
177 83 590 579 57
178 39 592 505 189
179 175 594 513 593
180 596 47 -1 595
181 329 383 598 600
182 77 -1 602 385
183 608 267 604 606
184 610 527 181 545
185 599 583 614 612
186 603 525 -1 585
187 616 139 620 618
188 622 321 275 -1
189 621 624 339 323
190 141 626 133 625
191 -1 105 467 627
193 183 435 9 549
194 523 630 409 437
195 109 557 632 21
196 377 638 371 539
197 640 543 597 179
198 369 365 73 349
199 642 373 535 343
200 648 646 629 644
201 465 19 553 -1
202 211 -1 375 643
204 245 577 241 -1
205 656 637 658 581
206 291 247 650 652
207 565 619 623 654
208 145 -1 177 569
209 559 563 101 301
210 660 335 87 647
211 89 171 193 117
212 63 163 661 487
213 325 69 495 279
214 633 555 289 551
215 315 662 441 631
216 659 483 -1 331
