233
1 3600 46
3
298 318 11
1 3600 16
5
320 15 12 100 406
1 3600 16
5
274 95 96 405 406
1 3600 74
9
319 299 300 352 271 272 83 80 25
1 3600 261
15
278 11 14 315 309 310 358 378 7 8 373 374 185 180 187
1 3600 261
12
12 99 92 330 401 391 75 76 382 255 197 57
1 3600 261
19
14 315 316 365 362 291 67 70 177 169 170 205 202 201 191 192 236 159 152
1 3600 261
20
279 274 332 334 398 379 347 25 26 373 374 323 257 41 42 58 159 152 262 264
1 3600 24
3
299 296 339
1 3600 45
5
315 309 269 272 416
1 3600 261
12
276 299 296 285 282 368 370 305 302 289 67 72
1 3600 261
12
319 299 296 339 336 368 291 67 70 177 169 170
1 3600 261
14
274 332 87 84 75 76 325 49 46 209 33 34 351 348
1 3600 261
21
278 11 12 99 92 330 401 391 5 8 373 374 323 257 197 145 146 155 156 235 115
1 3600 261
23
315 312 352 271 268 310 358 347 3 4 75 76 384 392 251 252 151 148 237 238 235 115 110
1 3600 37
5
97 98 13 10 319
1 3600 37
4
313 314 321 318
1 3600 37
4
331 93 98 13
1 3600 37
3
405 101 13
1 3600 31
3
92 307 269
1 3600 39
8
272 83 78 347 25 26 373 376
1 3600 39
10
407 404 97 92 330 361 358 347 25 28
1 3600 39
3
358 347 25
1 3600 39
5
272 83 80 346 378
1 3600 39
8
94 332 334 398 7 8 373 376
1 3600 72
11
103 99 92 330 401 391 5 8 373 374 185
1 3600 261
14
271 266 67 70 177 169 170 208 47 37 40 254 249 250
1 3600 261
13
309 310 360 401 391 75 76 382 249 252 397 161 155
1 3600 261
26
409 405 101 102 332 87 84 5 2 81 69 70 177 169 170 33 30 202 201 191 192 238 157 154 143 17
1 3600 45
8
273 270 353 287 282 366 411 387
1 3600 38
5
92 307 269 266 288
1 3600 38
7
13 14 315 316 365 362 370
1 3600 68
3
83 69 70
1 3600 186
11
358 347 25 26 373 374 185 182 413 209 33
1 3600 261
14
407 101 102 332 87 84 75 76 325 49 37 42 60 191
1 3600 261
19
95 92 330 401 398 7 8 259 167 170 205 202 201 61 58 159 152 233 115
1 3600 261
22
332 334 391 75 76 384 392 251 195 145 146 160 135 132 211 65 21 22 165 162 327 219
1 3600 81
7
3 6 399 335 333 275 278
1 3600 38
5
346 359 311 306 93
1 3600 38
6
346 79 82 273 270 353
1 3600 38
6
78 378 399 400 331 93
1 3600 38
3
334 400 331
1 3600 38
8
87 84 390 398 379 359 311 308
1 3600 36
4
7 4 85 88
1 3600 36
8
80 25 26 373 374 323 324 384
1 3600 36
5
7 8 373 374 323
1 3600 36
5
8 373 374 185 180
1 3600 36
9
26 373 261 175 169 170 208 412 183
1 3600 104
7
87 84 75 76 382 249 250
1 3600 218
16
7 2 25 26 373 374 323 257 197 194 252 397 135 132 121 124
1 3600 261
16
25 28 357 177 169 170 33 30 39 42 56 145 146 143 140 162
1 3600 153
6
81 69 66 290 369 366
1 3600 41
8
259 175 176 71 66 288 303 304
1 3600 34
5
167 168 176 71 72
1 3600 58
11
91 86 334 391 75 76 382 255 41 38 31
1 3600 261
8
167 170 205 202 206 348 199 191
1 3600 261
11
8 373 374 185 180 45 37 42 58 159 156
1 3600 261
17
89 84 75 76 384 392 251 252 397 135 132 121 19 16 140 162 51
1 3600 261
8
77 74 390 400 361 311 308 314
1 3600 65
9
385 77 74 85 86 333 103 100 404
1 3600 34
4
375 372 9 4
1 3600 34
8
48 322 375 372 27 24 346 79
1 3600 34
6
181 184 375 372 27 24
1 3600 34
8
188 413 209 171 168 176 71 68
1 3600 42
3
186 45 37
1 3600 26
3
45 37 42
1 3600 26
3
254 249 250
1 3600 67
10
323 257 197 145 150 397 135 132 121 122
1 3600 261
13
197 57 58 159 152 129 130 136 17 20 62 105 108
1 3600 261
10
74 5 2 81 82 273 266 290 369 337
1 3600 137
11
45 46 209 171 168 176 71 66 290 363 281
1 3600 77
3
46 209 171
1 3600 28
5
188 413 209 33 34
1 3600 100
5
382 249 195 57 60
1 3600 237
9
323 257 41 38 202 201 191 192 240
1 3600 261
15
46 209 33 34 351 348 199 191 192 238 235 229 230 242 418
1 3600 261
14
43 36 44 181 184 375 372 9 6 379 359 311 308 314
1 3600 261
12
248 255 256 322 375 372 27 24 346 79 82 273
1 3600 84
7
56 196 256 322 375 372 9
1 3600 11
6
248 383 325 49 44 187
1 3600 67
3
251 195 57
1 3600 8
8
251 252 151 148 159 152 129 126
1 3600 87
5
252 397 135 132 211
1 3600 261
15
57 60 200 203 204 171 168 176 71 66 288 303 304 402 410
1 3600 261
13
250 393 385 77 74 390 400 331 307 269 266 288 303
1 3600 261
9
195 196 41 38 31 32 171 168 178
1 3600 70
7
195 57 60 198 349 350 35
1 3600 55
5
251 195 57 60 198
1 3600 87
4
145 148 237 238
1 3600 218
12
251 252 397 161 155 152 262 264 294 243 221 214
1 3600 261
13
134 396 253 248 383 77 74 390 335 333 103 13 14
1 3600 261
17
123 120 133 134 161 147 144 196 256 322 375 372 27 24 81 82 273
1 3600 237
19
132 121 19 16 137 138 227 228 234 239 193 190 200 203 204 171 166 260 376
1 3600 72
5
134 396 253 248 383
1 3600 35
3
151 148 59
1 3600 35
5
158 149 144 194 250
1 3600 35
3
153 158 59
1 3600 32
5
127 128 153 154 160
1 3600 40
7
262 264 292 163 164 119 116
1 3600 40
3
161 143 140
1 3600 40
4
123 19 22 165
1 3600 40
3
125 19 16
1 3600 40
3
159 152 262
1 3600 261
19
134 396 253 250 393 385 77 74 390 400 361 311 308 312 287 280 362 370 402
1 3600 261
22
125 120 211 212 63 21 16 142 155 156 239 193 190 200 203 31 32 171 168 176 71 66
1 3600 261
17
120 133 134 396 151 148 59 43 36 44 181 184 375 261 175 169 172
1 3600 186
9
237 193 190 198 349 350 35 32 208
1 3600 92
15
132 211 65 21 16 137 138 227 224 113 114 234 239 193 190
1 3600 32
3
128 233 234
1 3600 52
4
143 140 162 327
1 3600 261
23
105 106 165 141 142 147 144 196 256 322 375 372 9 6 379 359 311 269 270 353 301 298 277
1 3600 261
22
118 165 162 293 265 263 153 158 59 43 36 48 322 375 372 27 24 346 79 82 273 270
1 3600 261
15
117 109 104 213 210 133 134 396 253 248 383 77 74 85 90
1 3600 261
8
21 16 142 147 144 194 250 393
1 3600 104
6
265 263 153 158 149 144
1 3600 53
9
51 54 215 220 231 228 232 153 158
1 3600 53
4
17 18 120 133
1 3600 53
3
64 210 133
1 3600 53
4
137 131 128 153
1 3600 53
4
21 16 142 147
1 3600 53
5
63 21 16 137 131
1 3600 53
6
106 165 141 137 131 126
1 3600 37
3
63 21 16
1 3600 261
21
137 138 227 224 113 114 234 239 193 190 200 203 204 171 168 176 71 66 290 369 366
1 3600 261
20
109 104 213 210 133 134 396 253 248 383 77 74 5 2 346 359 311 308 316 365
1 3600 261
18
108 118 165 162 327 328 243 231 228 234 239 193 190 200 203 204 171 172
1 3600 261
11
65 21 16 142 155 158 59 43 38 31 32
1 3600 261
7
265 263 153 158 237 193 190
1 3600 72
9
162 293 294 243 231 224 113 114 234
1 3600 52
10
22 165 162 51 52 219 220 231 224 414
1 3600 52
5
106 165 162 51 54
1 3600 22
6
410 343 338 297 298 277
1 3600 37
5
367 368 291 267 272
1 3600 130
12
340 388 305 302 289 67 68 78 378 399 335 87
1 3600 261
15
342 411 403 305 302 289 67 70 177 169 170 208 412 189 186
1 3600 261
13
403 371 291 67 70 177 169 170 205 202 201 61 56
1 3600 261
22
367 283 280 364 317 309 310 358 347 25 26 373 374 185 180 45 37 42 58 159 152 129
1 3600 261
23
336 368 291 67 70 177 169 170 33 30 202 201 191 192 238 235 229 230 242 329 326 163 164
1 3600 21
6
340 386 403 305 302 289
1 3600 21
4
367 368 370 305
1 3600 153
12
403 371 363 281 286 352 271 272 83 69 70 354
1 3600 261
15
367 283 286 313 309 310 358 347 25 26 373 374 185 182 413
1 3600 261
16
285 280 364 271 272 83 69 70 177 169 170 33 34 351 348 199
1 3600 261
15
367 368 291 67 70 177 169 170 205 202 201 191 192 238 246
1 3600 261
24
341 338 297 300 352 271 268 306 330 401 391 75 76 382 255 197 145 146 155 156 235 115 112 414
1 3600 45
6
389 341 338 297 298 318
1 3600 17
4
302 289 267 268
1 3600 38
11
283 280 364 317 309 310 360 401 391 85 90
1 3600 137
14
371 363 281 286 352 271 272 83 80 3 8 373 374 323
1 3600 261
13
305 302 289 267 268 306 330 401 391 75 76 384 392
1 3600 261
15
417 83 78 347 25 26 373 374 323 257 197 145 150 397 135
1 3600 261
17
345 289 67 70 177 169 170 205 39 42 58 159 152 129 130 136 17
1 3600 22
5
345 303 304 389 341
1 3600 22
4
371 363 281 284
1 3600 44
3
345 303 304
1 3600 17
5
289 67 70 177 169
1 3600 118
13
364 317 309 310 358 347 3 8 373 374 185 182 413
1 3600 261
11
291 67 70 177 169 170 33 30 202 201 191
1 3600 261
14
289 67 70 177 169 170 33 34 351 348 199 191 192 240
1 3600 261
23
369 283 286 313 309 310 358 347 25 26 373 374 323 49 37 42 58 159 152 262 264 294 418
1 3600 200
11
173 168 174 258 9 6 399 335 333 275 276
1 3600 45
6
356 29 24 346 359 311
1 3600 24
4
70 356 29 26
1 3600 55
8
68 80 3 4 75 76 325 257
1 3600 237
7
173 166 260 374 323 257 197
1 3600 261
7
169 170 205 39 40 197 145
1 3600 261
14
356 29 26 373 374 323 324 382 249 252 397 135 132 211
1 3600 124
7
176 71 66 288 303 304 402
1 3600 26
8
168 174 258 27 24 81 82 416
1 3600 26
3
66 290 363
1 3600 100
5
73 70 177 169 172
1 3600 18
5
173 170 33 30 202
1 3600 261
8
70 177 169 170 33 34 351 348
1 3600 261
9
355 177 169 170 205 202 201 191 192
1 3600 261
19
179 174 260 374 185 180 45 37 42 58 159 156 235 115 112 225 230 221 216
1 3600 261
12
412 183 184 375 372 9 6 379 359 311 308 314
1 3600 130
7
47 48 324 77 74 390 400
1 3600 45
7
412 183 184 375 372 9 4
1 3600 23
4
208 47 37 40
1 3600 68
6
207 201 61 56 194 250
1 3600 137
4
348 199 61 58
1 3600 261
7
47 48 257 197 145 146 143
1 3600 261
10
32 171 168 176 71 66 290 369 337 338
1 3600 97
5
171 168 176 71 66
1 3600 20
5
32 171 168 176 354
1 3600 72
5
350 35 32 208 412
1 3600 27
3
202 201 191
1 3600 173
7
348 199 191 192 238 235 115
1 3600 261
12
351 207 201 191 192 238 235 229 230 221 214 222
1 3600 261
14
200 203 39 36 48 324 77 74 390 400 331 93 98 13
1 3600 261
18
190 61 43 36 44 181 184 375 372 27 24 346 359 360 331 93 96 408
1 3600 186
8
190 200 203 204 171 166 258 9
1 3600 63
7
190 61 56 196 254 383 77
1 3600 41
4
61 56 194 250
1 3600 52
10
191 192 236 149 146 160 135 132 121 122
1 3600 186
5
61 58 159 152 262
1 3600 261
19
190 198 349 350 35 32 171 168 176 71 68 82 273 270 353 287 282 366 411
1 3600 261
12
349 207 203 204 171 168 176 71 66 288 303 304
1 3600 218
8
349 350 35 32 171 168 176 354
1 3600 20
4
349 207 203 31
1 3600 162
9
199 191 192 238 235 229 230 242 418
1 3600 261
16
238 157 154 147 144 196 256 322 375 372 9 6 399 335 333 275
1 3600 261
15
241 236 149 150 253 250 393 385 77 74 390 400 331 93 98
1 3600 261
12
114 232 153 158 59 43 40 256 322 375 372 27
1 3600 173
6
157 154 147 144 196 256
1 3600 74
5
247 157 158 59 56
1 3600 22
5
241 236 159 152 129
1 3600 51
12
235 115 112 225 226 139 136 17 20 62 105 108
1 3600 261
21
247 157 158 59 43 36 44 181 184 375 372 27 24 346 79 82 273 270 353 287 284
1 3600 261
12
239 193 190 200 203 204 171 168 176 71 66 288
1 3600 261
14
241 236 149 144 196 256 322 375 372 27 28 357 71 72
1 3600 153
5
241 193 190 200 203
1 3600 29
5
234 239 193 190 198
1 3600 17
6
112 225 230 221 218 53
1 3600 261
22
295 292 163 164 23 18 120 133 134 396 253 248 383 77 74 390 400 331 307 308 312 301
1 3600 261
18
113 114 232 153 154 147 150 253 248 383 77 74 85 86 333 95 96 408
1 3600 261
16
295 265 263 153 158 59 43 36 44 181 184 375 372 9 4 85
1 3600 261
9
111 114 232 153 154 160 396 253 248
1 3600 218
7
419 295 265 263 153 158 59
1 3600 40
5
225 226 263 153 158
1 3600 64
5
214 55 50 293 265
1 3600 64
6
415 225 226 139 136 140
1 3600 64
7
419 329 326 163 164 107 108
1 3600 261
25
223 55 50 163 141 142 147 144 196 256 322 375 372 27 24 346 359 311 308 314 321 299 296 339 340
1 3600 261
27
217 218 326 163 164 23 20 64 210 133 134 396 253 250 393 385 77 74 390 400 361 311 269 270 365 362 370
1 3600 261
17
215 220 231 228 234 239 193 190 200 203 31 32 171 168 176 71 72
1 3600 261
10
245 231 228 234 239 193 190 200 203 204
1 3600 218
10
223 215 220 231 224 113 114 234 239 193
1 3600 78
4
220 231 224 113
1 3600 78
5
220 231 228 234 246
1 3600 78
5
111 114 234 239 240
1 3600 78
9
50 163 141 142 147 148 237 238 246
1 3600 65
3
242 329 53
