246
1 3600 79
7
165 168 181 135 136 409 406
1 3600 111
7
377 133 69 66 70 159 160
1 3600 111
4
134 178 63 64
1 3600 111
5
403 183 180 169 166
1 3600 111
4
133 136 75 67
1 3600 111
10
403 361 185 186 391 63 66 70 159 162
1 3600 111
3
178 390 317
1 3600 147
11
170 339 273 268 313 318 394 51 52 194 389
1 3600 628
19
411 401 361 275 201 196 206 339 177 172 320 239 240 242 254 291 292 363 145
1 3600 691
19
349 352 133 69 62 392 319 314 239 236 354 299 213 214 248 205 121 124 151
1 3600 88
12
405 71 67 62 390 175 176 338 207 47 42 330
1 3600 88
6
349 350 401 361 357 277
1 3600 75
6
166 172 269 270 25 26
1 3600 230
15
411 401 361 275 33 30 278 43 44 325 23 24 227 85 86
1 3600 691
21
352 133 136 75 72 139 55 52 192 245 242 252 256 366 368 375 372 383 265 7 4
1 3600 691
13
165 170 339 273 83 76 218 303 300 113 37 40 90
1 3600 691
13
407 161 158 71 67 62 390 175 176 338 207 47 48
1 3600 691
16
183 180 186 317 312 269 83 78 223 224 105 106 117 118 131 126
1 3600 691
13
185 186 317 314 239 236 354 299 296 335 109 110 35
1 3600 691
19
166 174 391 392 394 61 56 245 246 217 218 303 300 304 336 343 344 155 156
1 3600 59
4
187 184 360 400
1 3600 59
4
160 408 137 132
1 3600 59
3
175 167 164
1 3600 67
3
395 319 312
1 3600 66
6
75 72 139 55 52 194
1 3600 66
7
262 394 61 56 245 242 252
1 3600 66
8
391 63 64 139 55 52 194 389
1 3600 66
5
313 318 394 51 54
1 3600 160
7
175 172 320 59 56 285 286
1 3600 691
27
161 158 71 72 262 319 312 269 270 227 85 88 9 12 340 251 252 258 292 363 145 146 248 205 121 124 151
1 3600 95
5
167 168 184 357 358
1 3600 63
10
161 158 71 67 62 390 175 176 273 83
1 3600 63
8
61 58 239 81 78 223 226 370
1 3600 62
8
392 319 314 239 81 76 218 303
1 3600 300
15
71 67 64 139 55 52 192 245 246 354 299 296 95 98 93
1 3600 691
14
390 317 314 239 240 242 252 260 296 95 96 343 93 90
1 3600 691
9
67 68 134 180 169 170 207 47 48
1 3600 691
13
262 319 312 269 270 25 22 324 103 106 117 114 306
1 3600 691
10
61 58 239 236 217 218 303 300 113 37
1 3600 691
21
312 320 239 240 242 254 291 292 363 364 368 375 372 19 17 3 6 266 378 155 156
1 3600 160
9
388 195 53 50 395 393 179 182 361
1 3600 68
10
255 243 244 193 53 54 138 73 70 159
1 3600 68
7
333 255 250 355 237 238 315
1 3600 68
4
138 65 66 70
1 3600 68
13
329 295 259 253 243 241 238 321 173 174 391 63 66
1 3600 62
3
52 192 57
1 3600 56
9
397 195 192 245 242 254 291 294 326
1 3600 56
5
55 52 192 285 288
1 3600 56
4
55 52 192 285
1 3600 276
13
195 192 245 246 354 299 213 214 248 205 121 124 151
1 3600 329
7
241 81 82 272 338 207 197
1 3600 70
9
333 255 250 341 219 220 89 84 222
1 3600 52
3
246 217 218
1 3600 52
8
50 395 319 312 269 83 78 234
1 3600 84
6
252 260 296 335 109 110
1 3600 691
10
56 245 246 354 299 296 95 98 344 412
1 3600 691
9
260 298 341 13 8 101 102 45 48
1 3600 691
10
255 250 341 13 10 117 114 306 129 126
1 3600 691
9
253 250 341 13 10 117 114 306 308
1 3600 691
13
245 246 217 218 303 300 304 336 399 35 40 90 152
1 3600 628
11
215 212 298 355 237 238 315 316 187 181 135
1 3600 153
7
257 253 243 241 238 315 316
1 3600 139
8
382 373 249 147 144 362 293 259
1 3600 139
7
362 293 290 255 243 244 193
1 3600 139
9
327 295 292 257 260 298 355 237 238
1 3600 139
10
369 367 293 290 255 243 244 193 194 389
1 3600 139
8
283 284 245 242 252 258 294 328
1 3600 139
3
287 284 193
1 3600 139
3
142 212 261
1 3600 139
8
147 144 362 257 253 243 244 57
1 3600 77
8
287 284 245 242 254 291 292 363
1 3600 139
9
293 259 253 243 244 193 194 389 386
1 3600 139
9
145 146 248 205 202 123 124 151 148
1 3600 139
4
20 121 124 188
1 3600 139
10
215 212 298 355 247 244 193 194 389 386
1 3600 691
21
383 265 266 378 345 342 337 305 301 302 219 77 82 272 338 207 197 198 281 276 358
1 3600 265
18
203 21 17 3 6 266 378 345 342 399 111 112 301 302 219 220 101 104
1 3600 129
5
284 245 246 217 218
1 3600 129
6
212 298 341 13 8 89
1 3600 118
7
295 259 260 296 335 109 110
1 3600 118
6
375 372 383 15 3 4
1 3600 118
8
145 146 248 372 383 265 266 378
1 3600 493
9
142 214 248 372 383 265 266 378 412
1 3600 691
18
211 203 204 374 369 367 293 290 255 250 341 13 10 107 104 230 45 48
1 3600 691
18
191 125 120 204 249 215 212 296 335 305 301 302 13 10 117 118 131 128
1 3600 691
7
257 260 296 335 305 113 37
1 3600 691
8
21 17 3 6 266 378 155 156
1 3600 691
21
209 203 204 374 369 365 362 293 290 255 243 244 57 60 395 263 73 74 137 132 353
1 3600 691
21
149 150 125 120 21 18 373 249 147 144 362 257 253 250 355 237 238 321 313 318 263
1 3600 186
16
149 150 125 120 204 374 369 367 293 259 253 243 244 57 60 51
1 3600 52
12
387 388 195 192 245 242 252 256 366 368 375 372
1 3600 52
16
387 388 195 53 50 61 58 239 236 354 299 213 214 248 372 19
1 3600 172
25
141 138 262 319 312 269 270 227 85 88 9 12 340 251 254 291 292 366 368 375 205 121 124 151 148
1 3600 691
20
149 150 125 120 204 249 215 212 298 341 219 77 82 268 173 167 168 184 357 358
1 3600 691
19
209 203 204 249 147 144 362 293 290 255 250 355 217 220 89 84 226 25 26
1 3600 287
13
209 203 21 18 373 249 147 144 362 257 253 243 241
1 3600 117
7
189 125 120 21 17 14 265
1 3600 276
15
387 388 195 192 245 246 217 218 303 300 304 336 343 93 90
1 3600 691
15
150 125 120 204 249 215 212 298 341 219 220 101 102 45 48
1 3600 691
21
189 125 120 21 17 3 6 266 378 345 342 337 305 301 302 13 10 117 118 131 126
1 3600 691
17
387 388 195 53 50 395 319 312 269 83 76 218 303 300 113 110 35
1 3600 691
12
149 150 125 120 21 17 14 265 266 378 155 156
1 3600 77
10
199 200 274 360 183 135 69 66 70 404
1 3600 77
5
29 32 274 360 400
1 3600 79
4
46 206 339 177
1 3600 265
16
33 30 278 43 44 231 105 100 221 216 354 251 252 258 294 328
1 3600 691
16
201 196 47 44 103 106 11 12 340 299 213 143 146 248 205 121
1 3600 691
21
43 44 231 225 85 88 9 12 340 251 252 256 363 145 146 248 205 202 123 124 188
1 3600 111
3
277 278 330
1 3600 89
10
279 280 199 196 206 339 273 83 78 232
1 3600 89
7
199 196 206 339 273 270 370
1 3600 89
4
278 43 44 325
1 3600 89
9
385 199 196 206 339 273 270 227 224
1 3600 160
7
331 43 44 103 106 117 114
1 3600 691
19
200 274 185 169 166 172 320 239 236 354 299 296 95 98 344 379 267 7 4
1 3600 691
16
32 201 196 206 339 273 83 76 218 303 300 304 109 37 40 90
1 3600 460
4
201 196 47 48
1 3600 691
9
331 43 44 231 105 106 117 118 131
1 3600 691
16
200 274 185 186 317 314 239 236 354 299 296 95 96 399 35 38
1 3600 691
17
356 185 169 166 172 269 83 76 218 303 300 304 336 343 93 90 156
1 3600 77
11
325 23 24 271 272 338 171 168 181 182 402
1 3600 60
4
79 82 268 313
1 3600 60
4
177 174 391 392
1 3600 65
13
323 23 24 227 222 79 80 238 59 56 193 194 389
1 3600 265
7
83 80 240 242 254 291 294
1 3600 691
16
273 268 320 239 240 242 252 256 363 364 368 375 205 121 124 188
1 3600 77
5
233 223 224 230 45
1 3600 77
8
272 338 207 197 198 281 278 330
1 3600 77
4
324 45 42 330
1 3600 74
4
27 24 227 222
1 3600 84
4
105 106 117 114
1 3600 84
5
206 339 273 83 80
1 3600 84
4
225 222 79 80
1 3600 84
3
268 320 239
1 3600 84
4
103 100 221 216
1 3600 197
9
223 85 88 9 12 303 300 304 336
1 3600 691
12
105 100 9 12 303 300 113 110 398 343 344 412
1 3600 691
4
338 207 47 48
1 3600 431
11
371 227 85 88 9 10 117 114 306 129 126
1 3600 691
11
273 270 25 22 324 103 106 117 114 306 308
1 3600 691
14
24 227 85 88 221 218 303 300 304 109 37 40 90 152
1 3600 255
12
305 301 302 219 77 82 268 313 318 393 63 68
1 3600 64
12
115 116 11 8 89 84 226 271 268 173 174 391
1 3600 80
5
297 298 355 237 238
1 3600 80
4
236 354 251 254
1 3600 80
4
297 298 355 247
1 3600 71
7
11 12 340 299 213 214 248
1 3600 431
10
12 340 299 213 214 248 205 121 124 188
1 3600 203
9
104 225 226 271 272 338 207 197 198
1 3600 91
3
77 78 232
1 3600 91
3
237 81 82
1 3600 91
6
107 100 89 84 222 232
1 3600 91
4
104 225 226 370
1 3600 91
6
102 325 23 24 271 272
1 3600 59
5
302 219 77 78 234
1 3600 87
9
221 216 354 299 296 95 98 344 379
1 3600 87
13
247 242 252 258 292 363 145 146 248 372 383 265 266
1 3600 87
8
235 79 76 218 303 300 113 110
1 3600 87
5
95 98 344 379 380
1 3600 691
9
236 354 299 296 335 336 343 344 412
1 3600 691
5
116 107 102 45 48
1 3600 168
7
302 13 10 117 118 131 126
1 3600 276
5
106 117 114 306 310
1 3600 691
5
109 37 40 90 156
1 3600 691
15
345 99 94 297 261 253 243 241 238 315 316 187 181 182 402
1 3600 265
15
2 16 18 373 374 369 367 293 290 255 243 241 238 321 173
1 3600 71
7
99 94 297 261 258 294 328
1 3600 72
4
264 382 373 374
1 3600 72
9
155 91 41 36 108 334 297 261 256
1 3600 143
6
5 2 16 20 202 208
1 3600 691
12
112 301 302 219 216 237 238 315 316 187 184 275
1 3600 177
9
111 108 305 301 302 219 77 78 232
1 3600 73
8
6 266 378 345 342 337 305 301
1 3600 73
6
111 112 301 302 13 10
1 3600 73
5
41 36 108 305 301
1 3600 73
12
267 264 382 373 249 215 212 298 355 217 220 89
1 3600 97
6
378 155 91 41 34 111
1 3600 138
3
343 93 90
1 3600 691
11
337 305 301 302 219 220 101 104 230 45 48
1 3600 460
9
112 301 302 13 10 117 118 131 126
1 3600 141
5
266 378 155 91 41
1 3600 691
18
413 345 99 94 297 298 355 247 244 57 60 395 263 65 66 74 409 406
1 3600 691
13
413 345 342 97 94 297 298 355 237 238 315 318 263
1 3600 575
13
413 379 267 264 382 373 249 147 144 362 293 294 328
1 3600 181
8
91 41 36 108 334 297 261 258
1 3600 138
9
154 379 267 7 2 16 20 202 208
1 3600 691
19
91 92 99 94 297 261 253 243 244 57 60 395 393 179 182 361 275 33 30
1 3600 691
11
413 345 342 337 305 301 302 219 77 82 272
1 3600 345
11
413 345 342 337 305 301 302 13 10 117 114
1 3600 55
4
413 345 342 399
1 3600 691
13
91 41 34 111 112 301 302 13 8 101 102 45 48
1 3600 691
13
91 41 36 108 305 301 302 13 10 117 118 131 126
1 3600 691
4
413 155 91 41
1 3600 691
9
49 42 279 276 356 360 400 351 348
1 3600 691
7
49 46 206 339 177 172 313
1 3600 691
11
49 44 231 105 100 221 218 340 251 254 332
1 3600 691
20
49 46 206 339 177 172 320 239 240 242 254 291 292 366 368 375 205 121 124 190
1 3600 691
15
49 46 206 171 168 181 178 63 64 139 55 52 194 389 386
1 3600 141
3
49 46 197
1 3600 246
5
49 44 325 23 24
1 3600 691
7
49 44 231 225 222 79 80
1 3600 691
12
49 44 103 100 9 12 303 300 113 110 35 40
1 3600 691
15
49 46 206 339 273 83 76 218 303 300 304 336 343 344 412
1 3600 691
9
49 44 231 105 106 117 114 306 129
1 3600 691
8
49 44 103 106 117 114 306 308
1 3600 691
18
49 46 206 339 177 174 317 314 239 236 354 299 296 95 98 93 90 152
1 3600 691
15
127 130 119 116 11 8 89 84 226 271 268 173 167 168 184
1 3600 691
12
130 119 116 107 104 225 226 271 268 313 316 391
1 3600 531
8
128 307 115 116 11 12 340 251
1 3600 691
17
127 130 119 116 11 12 340 251 254 291 292 363 145 146 248 372 19
1 3600 691
15
127 128 307 115 116 11 12 340 299 213 214 248 205 202 208
1 3600 691
9
127 130 119 116 107 102 45 42 279
1 3600 168
10
128 307 115 116 11 8 89 84 226 370
1 3600 62
7
307 115 116 107 100 89 86
1 3600 197
12
127 130 119 116 11 12 303 300 304 336 343 344
1 3600 691
13
127 130 119 116 11 12 303 300 304 109 37 40 90
1 3600 691
8
307 115 116 107 104 230 45 48
1 3600 172
12
128 307 115 116 11 12 303 300 113 110 35 38
1 3600 691
13
130 119 116 11 12 303 300 304 109 37 40 90 152
1 3600 691
20
311 307 115 116 107 100 221 216 247 244 193 53 54 138 73 74 137 132 353 348
1 3600 691
19
39 34 111 108 334 297 298 355 237 238 321 313 318 263 65 66 70 159 162
1 3600 628
13
39 34 398 97 94 297 261 253 243 244 193 53 54
1 3600 531
10
40 90 154 379 267 264 15 16 20 121
1 3600 691
14
309 307 115 116 11 8 221 216 247 244 193 194 389 386
1 3600 691
14
309 307 115 116 107 104 225 226 271 272 338 207 197 198
1 3600 493
11
39 36 112 301 302 219 220 89 84 226 370
1 3600 123
7
311 307 115 116 11 12 303
1 3600 74
6
39 40 92 344 379 267
1 3600 691
13
311 307 115 116 11 12 340 299 296 95 98 93 90
1 3600 691
8
311 307 115 116 107 102 45 48
1 3600 209
11
39 36 112 301 302 13 10 117 118 131 126
1 3600 575
13
34 111 108 334 297 298 341 13 10 117 114 306 308
1 3600 691
3
40 90 152
1 3600 691
15
153 91 92 99 94 297 298 355 237 238 315 318 393 179 182
1 3600 691
18
153 154 379 267 264 382 373 374 369 365 362 293 290 255 243 241 238 315
1 3600 691
14
153 91 92 99 94 297 261 253 243 244 57 60 51 54
1 3600 691
8
157 154 379 267 7 2 16 20
1 3600 691
12
157 154 379 267 7 2 16 20 121 124 151 148
1 3600 691
15
157 91 92 342 337 305 301 302 219 77 82 272 338 207 197
1 3600 691
14
153 91 41 36 112 301 302 219 220 89 84 226 25 22
1 3600 691
11
157 91 92 99 94 297 298 341 219 220 89
1 3600 345
6
153 154 379 267 7 4
1 3600 691
3
153 154 412
1 3600 691
19
157 91 41 34 111 108 334 297 298 355 237 238 321 173 176 338 207 47 48
1 3600 691
14
157 91 92 342 337 305 301 302 13 10 117 118 131 126
1 3600 300
3
153 91 41
