699
1 3600 165
3
479 480 620
1 3600 93
19
479 480 473 470 1335 1336 141 142 1913 1908 607 608 45 38 1531 1532 1515 1512 1750
1 3600 38
21
621 473 474 1317 1314 1323 553 554 1562 747 748 1761 1762 1753 1345 1346 1093 1094 1355 1352 2043
1 3600 406
29
621 481 482 1700 1796 1325 1328 559 369 370 808 1308 2097 1307 1295 1296 1289 903 869 872 1391 1386 843 839 817 812 820 828 1368
1 3600 893
28
621 473 474 1039 1036 1322 1774 2168 307 304 3 4 1715 1716 1207 1204 2190 1279 1276 347 350 910 1781 1778 1786 845 840 833
1 3600 893
33
621 473 474 1317 1318 1327 1324 2166 2197 2031 103 100 106 2037 35 36 711 423 424 1271 1268 1312 443 444 2191 943 940 1188 2062 915 912 924 1579
1 3600 893
27
479 482 1698 475 465 462 468 487 488 497 492 506 1704 1814 1902 399 396 1784 2085 2080 2118 2183 1615 1616 1618 797 794
1 3600 223
16
479 480 473 470 1335 1336 1575 1135 1132 1807 1804 2003 2001 1965 1947 1944
1 3600 198
13
479 482 1700 1796 1325 1328 559 369 366 93 86 810 1397
1 3600 525
18
479 482 1698 1039 1036 553 550 181 178 1066 2068 2017 1679 1680 807 808 1308 2097
1 3600 496
27
621 473 474 1317 1314 1323 1320 1324 1181 1182 1969 1970 27 30 63 59 33 36 55 52 3 4 1715 1716 1207 1204 943
1 3600 893
19
621 473 474 1317 1314 1774 2168 307 304 3 4 163 164 1203 1200 2094 329 324 934
1 3600 893
14
479 480 473 465 462 468 2154 1335 235 232 519 514 1817 1820
1 3600 893
15
479 480 473 470 485 488 2211 1709 1706 719 713 523 520 2201 2198
1 3600 893
5
479 482 1700 1796 1181
1 3600 893
19
621 473 465 462 468 487 488 83 84 541 542 544 2023 25 22 1976 27 30 100
1 3600 893
19
479 482 1698 1039 1036 553 299 183 178 1066 2068 2017 1929 303 304 3 4 163 164
1 3600 893
26
479 482 1700 1447 1327 1328 559 369 370 808 1308 2097 2100 443 444 2191 1205 1206 1717 1714 163 157 158 1196 1200 2092
1 3600 893
18
479 480 473 470 1335 1336 491 494 499 504 709 706 2122 2209 2147 209 206 1824
1 3600 893
19
479 482 1700 1796 1181 1182 21 24 2024 1879 71 74 1060 1122 337 333 169 95 96
1 3600 127
18
1745 1746 1802 2134 787 782 1936 1946 1911 1912 143 140 1337 1334 471 472 481 478
1 3600 71
7
1865 1519 1516 1511 1514 2010 2150
1 3600 139
12
1748 2041 1003 1000 763 431 432 1070 1074 1090 1103 1104
1 3600 139
14
1014 1516 1511 1514 2010 725 722 2039 1003 1000 1932 2141 1423 1418
1 3600 139
13
1526 1535 1536 727 722 2039 1003 1000 763 760 1069 1072 1081
1 3600 139
21
2012 1863 1525 1522 1545 1383 1384 1512 1750 993 990 996 1003 1000 1932 2141 1427 1424 761 431 428
1 3600 139
21
1530 39 44 1509 195 185 190 1560 1562 755 756 451 446 801 798 1345 1346 1093 1090 1103 1106
1 3600 139
5
1547 1529 1526 1535 1536
1 3600 811
45
992 2067 2041 1003 998 1767 1349 1344 1752 1763 1758 811 805 808 1273 1268 1312 1263 1266 1298 1302 347 352 928 923 920 932 2063 951 952 1860 949 946 937 938 927 924 901 887 879 876 865 831 828 1368
1 3600 893
46
1010 173 170 737 738 1948 1958 1962 1978 1996 1999 1989 1986 1449 663 664 555 550 181 178 1064 2168 2258 2035 35 36 711 423 424 1271 1268 1310 2097 1307 1295 1296 1289 1286 907 893 894 1386 843 840 849 837
1 3600 893
45
1517 1518 1525 1522 173 176 2134 41 44 1509 1504 193 196 322 1450 1560 1562 747 750 91 92 807 808 1308 2097 2100 1263 1266 1296 1289 903 904 908 910 899 883 880 855 856 845 839 817 812 820 826
1 3600 406
25
1429 731 728 785 782 1938 1960 1964 2000 2002 1851 517 518 509 281 286 400 2083 1605 1606 2216 1721 1621 797 790
1 3600 135
12
1749 1513 1385 1382 1546 1745 1746 1800 39 44 609 606
1 3600 135
15
1904 1429 731 728 737 738 1948 1956 1974 1980 2000 1999 1989 1984 139
1 3600 135
21
2013 1865 1525 1522 173 170 737 738 1941 1938 1962 1978 1996 2002 1805 1806 1133 1134 1576 495 496
1 3600 135
13
1511 1514 1533 1530 39 40 787 782 1936 1944 1909 1912 143
1 3600 135
16
1904 1429 731 728 785 782 1936 1946 1964 2000 2002 1845 1846 1343 1340 1869
1 3600 135
19
993 988 723 726 1537 1534 1541 1542 43 44 1509 1506 1909 1912 1998 2002 1845 1846 247
1 3600 135
7
1382 1546 1745 175 176 2134 787
1 3600 135
7
1863 1525 1522 173 170 737 734
1 3600 135
3
1865 1525 1522
1 3600 140
20
2152 1537 1407 1408 1538 39 44 1509 195 196 149 144 1990 139 140 1337 1334 2155 469 463
1 3600 140
20
1533 1530 1801 1802 2134 787 735 738 1948 1853 1854 1974 1978 1996 1999 143 140 491 496 489
1 3600 140
15
1521 1516 1511 1512 1748 2041 1003 1000 1932 1769 1455 1456 1777 1763 1756
1 3600 357
18
2010 2150 2039 1003 998 1767 1349 1344 1752 1553 1554 1761 1758 811 805 808 1308 2097
1 3600 496
39
1541 1542 43 44 1509 1504 193 196 322 663 664 555 552 1320 1324 2166 1175 1176 2031 103 63 60 212 334 65 66 49 46 52 3 4 1715 1716 1207 1204 943 944 923 918
1 3600 893
43
996 1003 1000 763 760 1069 1070 1074 1092 1347 1344 1752 1553 753 750 1548 1929 303 306 2258 2035 35 36 711 423 424 1271 1268 1312 443 444 2191 943 940 1188 951 952 1860 949 917 912 924 901
1 3600 212
29
1012 1382 1546 1745 1746 1802 2134 41 44 609 604 1946 1964 2000 2002 1805 1806 1133 503 500 506 391 394 2075 1915 1793 1171 131 128
1 3600 182
31
1385 1382 1544 173 170 737 738 1948 1958 1962 1978 1996 2002 1851 517 514 1840 2129 2126 289 283 284 393 388 717 715 712 718 1907 531 536
1 3600 262
31
1524 1864 2014 1429 731 728 785 782 1938 1960 1911 1912 1989 1984 139 140 491 496 2211 2125 529 81 84 541 542 544 1993 1994 1879 71 72
1 3600 447
18
1382 1529 1530 39 44 1509 195 185 190 1560 555 299 183 178 1064 2168 307 304
1 3600 893
25
722 2039 1003 1000 1932 1769 1455 803 800 447 450 757 754 747 750 1550 1678 1929 303 304 3 4 163 157 158
1 3600 893
40
1533 1530 39 44 609 606 1507 1504 1951 1952 147 144 1449 663 664 555 552 1320 1324 1181 1179 1176 1967 1970 27 30 100 106 2037 35 36 55 52 3 4 163 164 1203 1197 1198
1 3600 893
22
1526 1541 1542 43 40 787 782 1936 1946 1964 2000 2002 1805 1806 1133 503 504 717 525 526 1668 1808
1 3600 893
33
726 1537 1407 1408 1538 39 44 1509 1504 193 185 190 1560 555 550 1558 1329 1324 1181 1182 21 22 1877 71 74 1062 1934 1743 339 215 167 95 96
1 3600 152
21
1107 1102 1091 1092 1347 1344 799 800 447 448 759 757 754 1563 555 552 1037 1038 475 472 620
1 3600 152
25
1069 1072 1082 1079 1077 1074 1092 1347 1344 1752 1763 1760 749 750 1548 2016 2069 1067 1064 1775 1315 1316 475 472 620
1 3600 152
22
1091 1092 1347 1348 1455 1456 1777 1763 1758 811 87 92 367 368 558 1329 1326 1319 1316 475 472 620
1 3600 157
11
433 430 762 1001 1002 2038 2151 2011 1515 1510 1517
1 3600 157
9
765 762 1001 1002 2040 2066 1751 1513 1510
1 3600 157
8
1537 1534 1527 1528 1544 1523 1524 1862
1 3600 157
21
1107 1104 1350 1354 1095 1075 1071 1068 1419 1422 2140 1933 1001 1002 2040 1749 1513 1510 1517 1518 1862
1 3600 157
20
1107 1102 1091 1075 1076 1080 1073 1068 1425 1426 2140 1933 1001 1002 2038 723 724 2152 1537 1534
1 3600 157
7
430 762 1001 1002 2038 2151 725
1 3600 157
20
1102 1091 1092 1347 1348 1766 999 1002 997 991 992 1751 1513 1385 1013 1010 1523 1524 1864 2012
1 3600 155
8
432 1070 1074 1094 1355 1351 1105 1108
1 3600 155
7
1107 1104 1350 1354 1095 1075 1071
1 3600 96
31
998 1767 1455 1456 1777 1553 1554 1761 1758 811 805 808 1308 2097 1307 1295 1298 1302 347 350 909 893 894 1386 843 839 817 812 820 828 1368
1 3600 744
35
429 432 1072 1081 1077 1074 1092 1347 1344 1752 1553 753 750 1550 1680 807 808 1308 2097 2100 1263 1266 1296 1289 1286 907 905 869 872 1391 1388 1786 845 840 833
1 3600 893
29
1095 1092 1347 1344 1752 1763 1758 811 805 808 1308 2097 1307 1295 1298 1302 347 350 910 1781 1778 1786 845 839 817 814 1573 1459 1139
1 3600 893
31
1767 1455 1456 1777 1553 1554 749 746 1563 665 662 1448 1990 139 140 1575 1135 1130 1330 509 291 288 2131 2115 2110 2118 2212 2214 1087 1088 797
1 3600 158
25
1102 1091 1092 1347 1344 799 800 447 450 757 754 1563 1561 1451 1448 1987 1988 1998 2002 1845 1846 1839 245 248 256
1 3600 158
26
1943 999 1002 2038 723 724 2011 1533 1528 1546 1745 175 170 737 738 1948 1956 1974 1978 1996 2002 1851 517 518 509 291
1 3600 158
20
1353 1354 1095 1092 1347 1344 1752 1553 753 746 1563 665 662 1448 1990 139 140 1575 1135 1132
1 3600 158
20
1102 1091 1075 1076 1078 1083 1073 1068 1419 1422 2140 1933 1001 1002 2040 1749 1513 1385 1013 1010
1 3600 149
5
1092 1347 1344 799 800
1 3600 149
16
1000 1932 1769 1455 1456 1777 1763 1760 749 750 91 92 367 368 558 1329
1 3600 149
18
1420 1426 2140 1769 1455 803 800 447 448 759 757 754 1563 555 552 1322 1315 1318
1 3600 149
14
1353 1354 1773 1091 1092 1347 1344 1752 1553 753 746 1563 665 660
1 3600 149
26
433 430 762 1001 1002 2038 2151 2152 1537 1407 1408 1538 1801 1802 2134 787 782 1938 1960 1911 1912 143 140 1337 1334 485
1 3600 149
16
998 1767 1349 1344 1752 1553 1554 749 750 1550 1678 2016 2069 1067 179 182
1 3600 149
18
1070 1074 1092 1347 1344 1752 1763 1758 811 87 92 367 368 558 1329 1321 1037 1038
1 3600 149
17
1072 1082 1079 1077 1074 1092 1347 1344 1752 1553 753 750 1548 2016 2069 1067 179
1 3600 94
16
1095 1092 1347 1344 1752 1763 1758 811 805 808 1273 1268 1312 1263 1266 1296
1 3600 175
36
2140 1769 1455 1456 1777 1553 1554 749 750 1550 1678 1929 303 306 2258 2137 2037 35 36 711 423 424 1271 1268 1312 443 444 1279 1276 347 352 928 923 918 889 855
1 3600 893
29
765 431 432 1070 1074 1092 1347 1344 799 800 447 450 757 754 747 750 1548 1929 303 304 3 4 163 164 1203 1200 2094 329 324
1 3600 425
30
1933 1001 1002 2038 723 724 2011 1533 1530 39 44 609 604 1946 1964 2000 2002 1851 517 514 1840 2129 2126 1783 397 400 1169 131 132 1827
1 3600 255
31
1073 433 430 762 1001 1002 2040 2066 1751 1513 1385 1382 1546 1745 175 170 737 738 1948 1853 1854 1974 1978 1996 2002 1805 1806 1133 1130 985 986
1 3600 198
19
1354 1095 1092 1347 1344 799 800 447 448 759 757 754 1563 555 552 1320 1324 2166 1175
1 3600 234
21
1077 1074 1092 1347 1344 1752 1763 1760 749 750 1550 1678 2016 2069 1067 1064 2168 307 304 53 56
1 3600 893
18
1425 1426 2140 1769 1455 1456 1777 1553 753 750 1548 1929 303 304 3 4 163 164
1 3600 893
25
1102 1091 1092 1347 1344 1752 1763 1758 811 805 808 1308 2097 2100 443 444 2191 1205 1206 1717 1714 163 157 158 1198
1 3600 893
38
1073 1068 761 762 1001 1002 2038 2151 2152 1537 1534 1541 1542 43 40 787 782 1938 1962 1980 2000 2002 1845 1846 247 250 258 2129 2126 2131 2085 1605 1608 1583 129 132 1361 1358
1 3600 893
35
1002 997 991 988 723 726 1537 1407 1408 1538 39 44 609 606 1909 1912 143 140 491 496 83 84 541 542 544 1993 1994 1879 71 72 78 1934 337 333 330
1 3600 255
34
1369 829 821 813 816 838 842 1387 1390 873 868 902 1288 1297 1294 1306 2096 1311 1269 1270 425 422 710 37 34 2034 2259 2169 1775 1315 1316 475 472 620
1 3600 372
47
1369 829 830 864 877 878 886 900 925 926 939 936 947 948 1861 953 950 1189 941 942 2190 445 442 2101 2096 1309 809 371 368 558 301 298 554 1561 191 184 194 1508 45 40 2135 177 172 1523 1524 1519 1520
1 3600 45
36
1369 829 830 864 877 878 886 900 925 926 939 935 325 328 2095 1201 1202 165 162 5 2 305 302 1928 1549 751 752 1552 1753 1345 1346 1093 1090 1772 1355 1352
1 3600 165
6
1369 829 821 813 816 838
1 3600 496
6
1369 829 821 818 1141 1138
1 3600 893
59
1369 829 830 864 877 878 886 900 925 913 914 933 921 922 929 353 346 1303 1299 1267 1262 1313 1269 1270 425 422 710 37 34 2036 107 101 31 26 1977 23 24 2022 545 543 540 2057 1671 527 520 2203 2204 1917 1793 1171 1172 1606 2213 1727 1613 1616 1618 797 790
1 3600 288
61
1369 829 821 813 816 835 832 841 844 1787 1779 1780 911 351 346 1277 1278 2191 1205 1206 1717 1714 5 2 53 47 48 67 64 335 213 214 336 1123 1061 75 70 1878 1995 1992 545 543 540 535 530 1906 719 713 714 716 389 392 285 280 510 2128 253 254 1833 1836 1871
1 3600 93
22
1369 829 821 813 816 838 842 1387 895 892 906 1287 1288 1297 1294 1306 2096 1309 809 806 93 88
1 3600 71
20
1369 829 821 818 1460 1578 925 913 916 948 1861 953 950 1189 941 942 2190 445 442 2101
1 3600 89
13
1369 829 830 864 877 878 886 900 925 926 939 936 947
1 3600 811
10
1369 829 830 864 877 878 886 900 925 926
1 3600 893
67
1369 829 821 813 816 838 844 857 854 881 882 898 911 909 906 1287 1288 1297 1267 1262 1313 1269 1270 425 422 710 37 32 58 62 31 26 1977 1877 1878 1995 1992 545 543 540 85 80 528 2124 1709 1706 719 713 523 520 2201 2179 297 294 1883 211 206 1826 1361 1356 1610 2221 1721 1621 797 792 1723
1 3600 893
36
1369 829 821 818 1460 1578 925 926 939 935 325 328 2095 1201 1197 159 156 162 5 2 305 306 2258 2137 107 101 31 26 1977 23 24 2022 545 543 540 535
1 3600 525
28
1369 829 821 813 816 835 836 848 841 844 1787 1779 1780 911 351 346 1303 1299 1294 1306 2096 1309 809 371 368 558 1329 1324
1 3600 343
21
1369 829 830 864 877 878 886 900 925 913 914 2063 1189 941 942 1205 1206 1717 1714 5 2
1 3600 893
17
1369 829 830 864 877 878 886 900 925 926 939 935 325 328 2095 1201 1202
1 3600 893
16
1369 829 830 864 877 878 886 900 925 926 939 935 325 328 2095 2092
1 3600 893
46
1369 829 821 813 816 838 842 1387 895 871 868 902 1288 1297 1267 1262 2101 2096 1309 809 371 368 558 1559 551 552 1037 1038 475 465 462 468 487 488 497 492 506 391 394 2075 2070 1169 131 132 1361 1358
1 3600 893
35
1369 829 821 818 1141 1138 1458 1572 815 816 838 842 1387 895 892 908 351 346 1277 1278 445 442 1313 1269 1270 425 422 710 37 32 58 60 167 168 330
1 3600 893
30
844 857 854 888 919 922 945 942 1205 1206 1717 1714 5 2 53 54 37 34 2036 107 101 102 2030 2196 2167 1797 1701 483 480 620
1 3600 893
35
835 832 841 844 1787 1389 1390 873 868 902 1288 1297 1294 1306 2096 1309 809 806 367 368 558 301 298 554 1561 1451 323 197 192 1505 1508 45 42 1543 1540
1 3600 357
28
836 848 841 844 1787 885 882 898 911 351 346 1303 1299 1294 1306 2096 1309 809 804 810 1759 1762 1776 1457 1454 1768 2141 1423
1 3600 175
6
839 817 812 820 828 1368
1 3600 55
5
839 817 814 1573 1459
1 3600 893
41
842 1387 1388 885 880 888 919 922 945 942 1205 1206 1717 1714 5 2 305 306 2169 1775 1315 1316 475 470 1335 235 232 509 281 286 396 1784 2115 2110 2118 2183 1615 1616 1618 797 790
1 3600 811
24
842 1387 895 892 906 1287 1288 1297 1267 1262 1313 1269 1272 809 806 1681 1551 751 746 1563 665 662 1448 1987
1 3600 330
22
832 841 844 1787 1779 1780 911 351 346 1277 1278 445 442 2101 2096 1309 809 804 810 1759 1762 1776
1 3600 175
11
842 1387 1390 873 868 902 1288 1297 1294 1306 2096
1 3600 33
10
836 848 841 844 857 854 881 882 898 911
1 3600 202
12
834 817 814 1573 1459 1139 1136 1578 901 887 879 876
1 3600 893
56
834 838 844 857 854 888 919 922 929 353 346 1277 1278 445 442 1313 1269 1270 425 422 710 37 32 58 62 102 2030 1177 1178 1180 1797 1447 1319 1316 475 465 462 468 487 488 497 494 499 504 709 706 2122 2073 1915 1793 1171 1172 1606 2214 1087 1088
1 3600 893
39
838 844 1787 885 880 888 919 922 945 942 1205 1206 1717 1714 5 2 305 306 2169 1065 179 180 551 554 1561 1451 1448 1990 139 140 1575 1576 499 500 506 1704 1814 1902 399
1 3600 893
29
832 841 842 1387 895 892 906 1287 1288 1297 1267 1262 2101 2096 1311 1269 1270 425 422 710 37 34 2036 107 101 31 26 1971 1968
1 3600 425
29
836 848 841 844 1787 1779 1780 911 351 346 1277 1278 2191 1205 1206 1717 1714 5 2 53 47 48 99 94 168 332 338 1742 1123
1 3600 744
21
838 844 857 854 888 919 920 932 2063 951 952 1860 949 946 937 935 325 328 2095 1201 1197
1 3600 893
18
842 1387 1388 885 880 888 919 920 932 915 912 926 939 935 325 328 2095 2092
1 3600 893
41
838 842 1387 1390 873 868 902 1288 1297 1294 1306 2096 1309 809 806 1681 1678 2016 2069 1571 1035 1038 475 470 1335 235 232 509 510 2126 1783 1784 2085 2080 2118 2212 2216 2220 1611 1357 1358
1 3600 893
24
832 841 842 1387 895 892 908 351 346 1303 1299 1267 1262 1313 1269 1270 425 422 710 55 47 48 99 96
1 3600 893
33
814 1573 1459 1139 1136 1578 925 913 916 948 1861 953 950 1189 941 942 2190 445 442 2101 2096 1309 809 371 368 558 1329 1326 1446 1701 483 480 620
1 3600 893
42
830 864 877 878 886 900 925 913 914 2063 1189 941 942 1205 1206 1717 1714 5 2 305 306 2169 1065 179 180 551 554 1561 191 184 194 1506 1945 1937 783 784 729 730 1428 1019 1014 1516
1 3600 811
33
827 830 864 877 878 886 900 925 913 914 933 921 922 929 353 346 1303 1299 1294 1306 2096 1309 809 804 810 1759 1760 1555 1552 1776 1457 1454 1768
1 3600 893
5
815 812 820 828 1368
1 3600 96
3
813 816 835
1 3600 110
5
1139 1140 819 820 826
1 3600 893
53
818 1460 1578 925 926 939 935 325 328 2095 1201 1202 165 162 5 2 53 47 48 67 68 1731 335 213 214 336 1935 79 73 70 1878 2025 2022 545 543 540 2057 1671 527 520 2203 1883 211 206 1826 1167 1162 1610 2221 1721 1621 797 794
1 3600 893
41
1141 1138 1458 1572 815 816 838 844 1787 1779 891 892 906 1287 1288 1297 1294 1306 2096 1309 809 804 87 90 751 746 1563 665 662 1448 1987 1988 1998 2002 1845 1846 1343 1340 1835 1836 2064
1 3600 595
26
1136 1578 925 913 916 948 1861 953 950 1189 941 942 1205 1206 1717 1714 5 2 305 306 2169 1775 1315 1316 475 472
1 3600 406
13
827 821 813 816 838 842 1387 1390 873 868 904 906 1292
1 3600 103
14
827 830 864 877 878 886 900 925 913 914 933 921 918 2186
1 3600 103
12
1460 1137 1138 1458 1572 815 816 838 844 1787 1779 1780
1 3600 96
7
1459 1139 1140 819 820 830 866
1 3600 96
7
1573 1459 1139 1136 1578 901 887
1 3600 893
58
813 816 838 842 1387 895 890 897 898 911 909 905 902 1288 1297 1267 1262 1313 1269 1270 425 422 710 37 32 58 60 214 338 1742 1935 1063 75 70 1878 1995 1992 545 543 540 85 82 497 492 506 391 392 285 282 288 2131 2115 2110 2118 1727 1613 1616 1618
1 3600 893
39
818 1460 1578 925 926 939 935 325 328 2095 1201 1197 159 156 162 5 2 305 306 2258 2137 107 101 102 2030 1177 1174 2167 1325 1321 1037 1038 475 465 462 468 487 488 2211
1 3600 893
30
1578 925 926 939 936 947 948 1861 953 950 1189 941 942 2190 445 442 1313 1269 1270 425 422 710 37 34 2036 107 101 102 2030 1177
1 3600 525
27
1458 1572 815 816 838 844 1787 1779 1780 911 351 346 1303 1299 1294 1306 2096 1311 1269 1270 425 422 710 37 32 58 62
1 3600 595
18
815 816 838 842 1387 895 892 908 351 346 1277 1278 2191 1205 1206 1717 1714 163
1 3600 893
12
1460 1578 925 926 939 935 325 328 2095 1201 1197 1198
1 3600 893
43
813 816 838 842 1387 1390 873 868 902 1288 1297 1267 1262 2101 2096 1309 809 371 368 558 301 298 554 665 662 1448 1990 139 140 1575 1135 1130 985 986 1814 1902 399 400 1169 131 132 1827 1824
1 3600 893
29
830 864 877 878 886 900 925 913 916 948 1861 953 950 1189 941 942 1205 1206 1717 1714 5 2 53 47 48 99 94 168 330
1 3600 893
19
796 1619 1617 1614 2182 2119 2081 2084 2130 2127 511 508 233 234 1334 471 472 481 478
1 3600 159
30
791 796 1620 1720 2217 1607 1604 2082 401 287 282 290 508 519 516 1850 2003 1997 1979 1963 1959 1949 739 736 171 174 1744 1547 1383 1384
1 3600 638
38
791 796 1089 1086 2215 1607 1173 1170 1792 1914 2074 395 390 507 501 498 1577 1574 141 138 1991 1449 663 664 1562 755 756 758 449 446 801 798 1345 1346 1093 1094 1355 1351
1 3600 893
55
791 796 1619 1617 1612 1726 2119 2081 2082 2071 2072 2207 521 522 712 718 1907 531 534 541 542 544 2023 25 22 1976 27 30 63 59 33 36 55 52 3 4 1715 1716 1207 1204 943 940 1188 2062 915 912 924 901 887 879 876 865 831 828 1368
1 3600 893
54
796 1620 1720 2220 1611 1357 1360 133 130 1168 401 398 1903 1815 1705 507 493 496 489 486 469 463 464 474 1317 1318 1446 1796 2166 2197 2031 103 100 106 2037 35 36 711 423 424 1271 1268 1310 2097 1307 1295 1296 1289 903 869 870 894 1386 843
1 3600 893
57
796 1089 1086 2215 1607 1173 1170 1792 1916 2205 2202 521 526 1670 2056 541 542 544 1993 1994 1879 71 74 1060 1122 1743 339 215 212 334 1730 69 66 49 46 52 3 4 1715 1716 1207 1204 943 940 1188 951 952 1860 949 946 937 938 927 924 1579 1461 819
1 3600 26
25
791 796 1619 1617 1614 2182 2119 2111 2114 1785 1782 2127 2128 1841 515 516 1849 1844 2003 2001 1965 1961 1939 783 786
1 3600 270
27
796 1620 1720 2220 1611 1163 1166 1827 207 208 2146 2208 2123 707 708 505 498 495 496 489 486 469 463 464 474 1317 1314
1 3600 893
30
791 796 1619 1617 1612 1726 2119 2111 2114 2130 289 290 508 1331 1131 1134 1574 1337 1334 471 474 1039 1036 553 299 300 559 369 370 808
1 3600 893
14
791 796 1089 1086 2215 1607 1604 2084 1785 1782 2127 2128 1841 1817
1 3600 893
57
791 796 1620 1720 2220 1611 1357 1360 1827 207 210 1882 295 296 2178 2200 521 524 715 712 718 1707 1708 2210 489 484 471 474 1317 1314 1774 2168 2258 2035 35 36 711 423 424 1271 1268 1312 1263 1266 1298 1302 347 352 928 923 920 932 915 912 924 901 887
1 3600 42
12
796 1089 1086 2218 2217 1607 1173 1170 1792 1857 1858 209
1 3600 125
19
795 796 1619 1617 1614 2182 2119 2081 2082 2071 2074 2120 707 708 717 715 712 718 1707
1 3600 525
30
795 796 1619 1617 1612 1726 2119 2111 2112 2065 1837 1834 1341 257 249 244 513 518 233 234 1334 2155 469 463 464 474 1317 1318 1446 1796
1 3600 893
25
791 796 1620 1720 2217 1607 1173 1168 2071 2072 2207 521 526 1670 537 534 541 542 544 2023 2024 1879 1876 1976 27
1 3600 893
45
795 796 1089 1086 2215 1607 1604 2084 1785 397 398 1903 1815 987 984 1131 1134 1574 141 138 1991 1449 1450 1560 555 550 1558 559 369 370 808 1308 2097 2100 443 444 2191 943 940 1188 951 952 1860 1195 1190
1 3600 893
37
795 796 1620 1720 2220 1611 1163 1166 133 130 1168 401 287 284 393 390 507 493 490 1337 1334 471 474 1039 1034 1570 1067 1064 2168 307 304 3 4 163 157 158 1198
1 3600 893
9
795 796 1089 1086 2218 2220 1611 1357 1358
1 3600 893
38
795 796 1619 1617 1614 2182 2119 2111 2114 1785 397 398 2008 395 388 717 715 712 718 1907 531 536 2056 541 542 544 1993 1994 1879 71 72 78 1934 337 333 169 95 96
1 3600 425
10
1839 513 518 233 234 1334 471 472 481 478
1 3600 229
8
1852 1949 739 736 171 174 1744 1547
1 3600 229
19
2112 2065 1871 1868 1341 1342 1847 1844 2003 1997 1979 1963 1939 783 786 41 38 1531 1532
1 3600 229
14
1987 1988 1913 1910 1947 1937 1940 739 736 729 730 1428 2015 1865
1 3600 229
13
2001 1965 1947 605 608 45 38 1539 1409 1406 1536 2153 2150
1 3600 229
16
1997 1979 1975 1957 1949 739 734 786 2135 1803 1800 1539 1409 1406 1536 2153
1 3600 229
11
323 197 192 1505 1508 45 40 2135 177 172 1523
1 3600 229
8
1937 783 786 41 42 1543 1540 1535
1 3600 229
11
1428 2015 1865 1525 1522 1011 1012 1384 1514 2010 725
1 3600 229
14
1838 1847 1848 1850 2003 1999 1913 1908 607 608 45 38 1539 1540
1 3600 229
17
249 246 1847 1844 2003 2001 1981 1975 1855 1852 1949 739 736 171 172 1545 1383
1 3600 229
10
323 197 194 1508 45 40 2135 1803 1747 1744
1 3600 225
12
1800 1531 1532 1515 1512 1748 2041 1003 1000 763 431 428
1 3600 225
14
728 171 174 1744 1547 1383 1384 1512 1750 2067 2041 1003 1000 763
1 3600 225
19
1543 1409 1406 1536 727 722 2039 1003 1000 1932 2141 1427 1424 1069 1070 1074 1090 1103 1108
1 3600 225
23
252 1841 515 516 1850 2003 1999 1989 1986 1449 663 664 1562 747 752 1552 1753 1345 1346 1093 1075 1076 1080
1 3600 893
33
1336 141 138 1991 1449 1450 1560 555 299 300 559 369 366 807 808 1308 2097 1307 1295 1296 1289 1286 907 893 894 1386 843 839 817 812 820 828 1368
1 3600 893
31
1999 1989 1986 1449 663 664 555 550 1558 559 369 370 808 1308 2097 1307 1295 1296 1289 903 904 908 910 899 883 884 1786 845 840 849 837
1 3600 893
38
1839 513 518 233 236 1131 1134 1576 495 496 489 486 469 463 464 474 1317 1314 1774 2168 307 304 3 4 163 164 1203 1200 2094 329 324 934 938 927 924 1579 1137 1138
1 3600 184
14
517 514 1840 2129 2126 1783 1784 2085 1605 1606 2214 1087 1088 797
1 3600 184
27
737 738 1948 1958 1962 1978 1996 2002 1851 517 512 245 248 254 1973 1869 1870 2064 2113 2110 2118 2183 1615 1616 1618 797 790
1 3600 232
6
609 604 1946 1961 1962 1978
1 3600 232
5
986 1814 285 282 288
1 3600 232
11
1574 141 142 1913 1910 1961 1939 783 786 41 42
1 3600 232
5
1837 1832 255 252 259
1 3600 232
8
283 284 1815 1705 507 501 502 1134
1 3600 232
17
43 40 787 782 1938 1960 1964 2000 2002 1805 1806 1133 1130 237 232 509 291
1 3600 232
8
173 170 737 738 1948 1956 1974 1980
1 3600 232
8
142 1913 1908 1945 1937 783 784 729
1 3600 237
10
1133 1134 1574 1337 1334 2155 469 463 460 2148
1 3600 237
18
1341 1342 1847 1844 2003 1999 1989 1986 145 148 322 1450 1560 1562 747 750 91 86
1 3600 237
13
1686 1904 1429 731 728 785 782 1936 1944 1507 195 185 188
1 3600 237
16
2114 2130 289 283 284 393 390 507 493 496 489 486 469 463 464 474
1 3600 237
11
149 144 1990 139 140 1337 1334 2155 469 463 460
1 3600 237
15
176 2134 41 44 1509 1506 1909 1912 143 140 1337 1334 2155 469 463
1 3600 237
10
498 495 496 489 484 471 474 1039 1036 1322
1 3600 237
7
176 2134 41 44 1509 1504 193
1 3600 237
5
2134 41 44 1509 195
1 3600 237
19
2114 2130 2127 511 508 1331 1131 1134 1574 141 138 1991 1449 663 664 1562 755 756 451
1 3600 237
9
1944 1507 1504 193 185 190 1560 555 299
1 3600 237
12
2000 1999 1989 1986 1449 663 664 1562 747 748 1555 1552
1 3600 237
4
496 489 486 469
1 3600 237
10
1989 1986 1449 1450 1560 555 299 300 559 369
1 3600 237
6
1574 1337 1334 471 474 1317
1 3600 237
24
1837 1834 1972 255 249 244 513 518 233 234 1334 471 474 1039 1034 1570 2068 2017 1679 1680 93 86 810 1397
1 3600 237
17
1982 1339 1342 1847 1848 1850 2003 1999 1989 1986 1449 663 664 555 550 181 182
1 3600 237
11
1334 471 474 1317 1314 1774 1065 1066 2068 2017 1929
1 3600 237
23
1682 1517 1015 1018 1429 731 728 737 738 1941 1936 605 606 1507 195 185 190 1560 555 550 1558 559 369
1 3600 237
30
257 252 2129 511 281 284 393 388 717 715 712 718 1707 1708 2125 529 81 84 541 542 544 2023 25 20 1183 1180 1325 1328 559 369
1 3600 237
9
44 1509 1504 193 196 322 663 664 1562
1 3600 237
13
1996 1999 1989 1984 1991 1449 1450 1560 1562 747 750 91 88
1 3600 179
27
1839 513 518 233 234 1334 471 472 481 482 1700 1796 1181 1179 1176 2031 103 63 59 33 36 711 423 424 1271 1268 1312
1 3600 298
30
43 44 1509 195 185 190 1560 555 299 183 178 1066 2068 2017 1679 1680 807 808 1308 2097 2100 443 444 1279 1276 347 350 910 1781 891
1 3600 893
32
1806 1133 503 498 495 496 83 84 541 542 544 2023 25 22 1976 27 30 100 106 2136 2259 307 304 3 4 163 164 1203 1200 2094 329 326
1 3600 218
10
491 494 499 504 709 706 2122 2209 1917 1793
1 3600 218
26
733 728 737 738 1948 1853 1854 1974 1978 1996 2002 1805 1806 1133 503 500 506 391 394 2075 2070 2083 1605 1606 2216 1721
1 3600 218
12
2002 1851 517 518 509 281 286 400 1169 131 132 1827
1 3600 218
11
499 500 506 391 394 2075 2070 2083 2080 2118 1727
1 3600 218
10
1135 1130 1330 509 510 2126 2131 2085 1605 1606
1 3600 218
23
40 787 782 1936 1946 1964 2000 2002 1845 1846 247 250 258 2129 2126 1783 397 400 1169 1172 1608 1583 1580
1 3600 245
7
1999 143 140 491 496 2211 1709
1 3600 245
10
143 140 1575 1576 499 504 709 706 2122 2209
1 3600 245
9
1135 1130 985 986 1814 1902 399 396 1784
1 3600 245
8
1984 139 140 491 496 2211 2125 529
1 3600 245
7
1805 1806 1133 503 500 506 391
1 3600 245
15
40 787 782 1938 1962 1980 2000 2002 1851 517 514 1840 2129 511 281
1 3600 245
7
139 140 1575 1576 499 504 709
1 3600 245
4
139 140 491 492
1 3600 245
10
985 986 1705 391 388 717 715 712 718 1707
1 3600 245
9
518 509 291 283 284 393 388 717 715
1 3600 245
5
1130 237 232 509 281
1 3600 245
16
782 1938 1962 1978 1996 2002 1845 1846 1343 1340 1835 1836 2064 2113 2110 2081
1 3600 245
16
170 737 738 1948 1958 1960 1964 2000 2002 1805 1806 1133 503 504 709 706
1 3600 245
8
281 286 398 2008 2075 1915 1857 1858
1 3600 245
10
1331 985 986 1814 393 388 717 525 526 1670
1 3600 223
6
1337 1334 485 486 469 466
1 3600 223
14
1986 145 148 322 663 664 555 552 1320 1324 1181 1182 1969 1970
1 3600 223
23
2051 733 728 737 738 1941 1936 1944 1507 1504 193 185 190 1560 555 552 1320 1324 1181 1182 21 24 2024
1 3600 223
19
1852 1958 1960 1911 1912 143 140 491 496 83 84 541 542 544 1993 1994 1879 71 72
1 3600 223
20
1941 1936 605 606 1507 195 196 322 663 664 555 552 1320 1324 2166 2197 1967 1970 1977 1877
1 3600 148
21
2049 733 728 785 782 1936 1944 1507 1504 193 185 190 1560 555 552 1320 1324 1181 1179 1176 2031
1 3600 893
27
515 518 233 234 1334 471 474 1317 1314 1774 2168 307 304 3 4 1715 1716 1207 1204 943 940 1188 951 952 1860 1195 1190
1 3600 893
19
1989 1986 1449 663 664 555 550 181 178 1064 2168 307 304 3 4 163 157 158 1198
1 3600 893
15
1946 1911 1912 143 140 491 496 2211 1709 1706 1907 531 532 1764 1808
1 3600 893
33
2064 2113 2114 1785 397 398 2008 2120 707 708 717 715 712 718 1907 531 534 541 542 544 1993 1994 1879 71 74 1060 1122 1743 339 333 169 95 96
1 3600 343
13
811 87 92 367 368 558 1329 1326 1319 1316 1699 483 478
1 3600 117
11
1875 189 184 192 1505 1508 45 38 1531 1532 2010
1 3600 117
21
462 468 2154 1335 1336 141 142 1998 1997 1979 1963 1959 1949 739 736 729 730 1428 2015 2012 1863
1 3600 168
24
1875 189 184 194 1508 45 38 1531 1532 2010 2150 2039 1003 1000 763 760 1069 1072 1081 1077 1074 1090 1103 1108
1 3600 168
23
187 184 192 1505 1508 45 42 1543 1540 1535 1536 727 722 2039 1003 1000 1932 2141 1423 1418 1069 1072 1082
1 3600 168
15
553 554 1562 755 756 758 449 446 801 798 1345 1346 1093 1075 1071
1 3600 168
11
661 664 1562 747 752 1552 1776 1457 1454 1768 1933
1 3600 168
18
1320 1328 559 369 366 93 90 751 748 1761 1762 1753 1345 1346 1093 1075 1071 433
1 3600 168
12
802 1454 1766 999 1002 2040 1749 1513 1514 1533 1526 1405
1 3600 168
18
183 178 1066 2068 2017 1549 751 748 1555 1552 1753 1345 1346 1093 1094 1355 1352 2052
1 3600 255
29
1752 1763 1758 811 805 808 1308 2097 1307 1295 1298 1302 347 352 928 923 920 932 915 912 924 901 887 879 876 865 831 828 1368
1 3600 893
28
555 299 183 178 1064 2168 2258 2035 35 36 711 423 424 1271 1268 1312 1263 1266 1296 1289 903 869 872 1391 1386 843 840 833
1 3600 893
26
1347 1348 1455 1456 1777 1763 1758 811 805 808 1308 2097 1307 1295 1296 1289 1286 907 893 890 1778 1786 845 839 817 814
1 3600 893
34
2229 1347 1344 799 800 447 450 757 754 1563 1561 1451 1448 1987 1988 1998 2002 1851 517 514 1840 2129 2126 2131 2085 2080 2118 2183 1729 1613 1616 1618 797 790
1 3600 166
15
1345 1348 1766 999 1002 2040 1749 1513 1385 1382 1546 1745 175 170 729
1 3600 166
7
1451 1448 1987 1988 1998 2002 1845
1 3600 166
9
1327 1321 553 554 665 662 1448 1990 1985
1 3600 166
13
1554 749 746 1563 1561 1451 1448 1990 139 140 1575 1135 1130
1 3600 166
15
1551 751 746 1563 1561 191 184 194 1506 1945 1937 1940 739 736 729
1 3600 166
10
661 662 1448 1987 1988 1998 2002 1845 1846 247
1 3600 166
13
87 92 1681 1678 2016 2069 1571 1035 1038 475 470 485 488
1 3600 166
10
87 92 367 368 558 1559 551 554 665 662
1 3600 166
10
661 662 1448 1987 1988 1998 2002 1851 517 514
1 3600 166
19
1396 811 87 92 367 368 558 1329 1326 1319 1316 475 470 1335 235 232 519 512 1838
1 3600 166
12
488 497 490 141 142 1913 1910 1961 1939 783 784 729
1 3600 166
10
2149 461 462 468 2154 1335 235 232 509 291
1 3600 166
13
1037 1038 475 465 462 468 487 488 497 492 506 1704 987
1 3600 166
7
470 1335 235 232 509 510 2126
1 3600 166
7
1451 1448 1987 1988 1998 2001 1981
1 3600 166
4
662 1448 1990 1985
1 3600 166
18
799 800 447 448 759 757 754 1563 1561 1451 323 149 144 1990 139 140 1575 1576
1 3600 153
11
1314 1323 553 554 1562 755 756 451 446 801 802
1 3600 153
11
369 366 93 86 810 1759 1762 1753 1345 1346 2230
1 3600 153
3
1562 747 750
1 3600 153
6
554 1562 747 752 1552 1776
1 3600 163
14
1928 1679 1680 807 808 1308 2097 2100 1263 1266 1296 1289 1286 1292
1 3600 163
9
1752 1763 1758 811 805 808 1273 1268 1312
1 3600 163
4
1558 559 369 370
1 3600 163
12
89 92 807 808 1308 2097 1307 1295 1296 1289 1286 1292
1 3600 163
10
1761 1758 811 805 808 1308 2097 2100 1263 1266
1 3600 163
23
1777 1553 753 750 1548 1929 303 306 2258 2035 35 36 711 423 424 1271 1268 1310 2097 1307 1295 1298 1300
1 3600 163
8
805 808 1273 1268 1312 1263 1266 1298
1 3600 94
22
750 1550 1678 1929 303 304 3 4 1715 1716 1207 1204 2190 1279 1276 347 350 910 1781 891 871 872
1 3600 811
27
1777 1763 1758 811 805 808 1308 2097 2100 443 444 2191 943 940 1188 951 952 1860 949 917 912 924 901 887 879 876 865
1 3600 151
22
2149 461 462 468 2154 1335 1336 141 142 1913 1910 1947 1937 783 735 736 729 730 1428 1905 1687 1684
1 3600 138
19
1553 1554 749 746 1563 1561 1451 1448 1990 139 140 1575 1576 499 500 506 391 394 2120
1 3600 138
17
1873 189 184 196 149 144 1990 139 140 1575 1135 503 504 717 525 520 2201
1 3600 138
11
551 552 1322 1315 1316 475 470 485 488 497 492
1 3600 170
11
1548 2016 2069 1067 179 182 300 1329 1324 2166 1175
1 3600 170
9
1396 811 87 90 1550 1678 2016 2069 1067
1 3600 170
15
469 463 464 472 481 482 1700 1796 1181 1182 21 22 1877 71 74
1 3600 170
12
463 464 474 1317 1318 1446 1796 1181 1182 21 24 2024
1 3600 170
17
1557 753 750 91 92 367 368 558 1329 1324 1181 1182 21 24 2022 593 590
1 3600 170
18
196 322 1450 1560 555 552 1320 1324 2166 2197 2031 103 63 60 214 336 1123 1061
1 3600 170
14
87 92 367 368 558 1329 1324 1181 1182 1969 1970 1977 1877 71
1 3600 170
3
1322 1774 1065
1 3600 170
19
1347 1344 799 800 447 450 757 754 1563 555 552 1320 1324 1181 1182 21 24 2022 593
1 3600 172
10
747 750 1548 1929 303 304 3 4 163 157
1 3600 172
18
757 754 747 750 1550 1678 1929 303 306 2258 2035 35 32 58 60 214 338 1742
1 3600 172
14
1315 1318 1446 1796 2166 1175 1176 2031 103 63 60 212 334 1730
1 3600 172
11
1554 749 750 1548 1929 303 306 2258 2137 107 101
1 3600 372
15
196 322 663 664 555 550 181 178 1064 2168 307 304 3 4 163
1 3600 893
17
448 759 757 754 747 750 1550 1678 1929 303 304 3 4 163 157 158 1198
1 3600 893
24
192 1951 1952 147 144 1990 139 140 491 494 499 504 709 706 2122 2207 2203 2204 2147 209 206 1826 1361 1358
1 3600 893
14
1446 1796 1181 1179 1176 1967 1970 27 30 63 60 167 95 96
1 3600 638
23
1267 1262 1313 1269 1270 425 422 710 37 34 2036 107 101 31 26 1971 1968 1183 1180 1797 1701 483 478
1 3600 307
16
1261 1262 2101 2096 1309 809 804 810 1759 1762 1776 1457 1454 1766 999 1002
1 3600 84
15
1299 1294 1306 2096 1309 809 804 810 1759 1762 1753 1345 1346 1093 1094
1 3600 135
19
443 444 1279 1276 347 350 910 899 883 880 855 856 845 839 817 812 820 828 1368
1 3600 307
11
2097 1307 1295 1296 1289 903 869 872 1391 1386 843
1 3600 406
19
1266 1298 1302 347 352 928 923 920 932 915 912 924 901 887 879 876 865 831 826
1 3600 893
51
1433 1430 1794 1297 1294 1306 2096 1311 1269 1270 425 422 710 55 47 48 67 64 335 213 214 336 1123 1061 75 70 1878 1995 1992 545 543 540 535 530 1906 719 713 523 520 2206 2073 1915 1793 1171 1172 1606 2214 1087 1088 797 790
1 3600 111
38
1794 1297 1267 1262 1313 1269 1270 425 422 710 37 32 58 62 31 26 1977 23 24 2022 545 543 540 2057 537 530 1906 719 713 714 716 389 392 285 286 396 1784 2115
1 3600 65
3
806 1681 1551
1 3600 65
15
1306 2096 1309 809 371 368 558 1329 1321 1037 1038 475 465 460 2148
1 3600 65
12
1299 1294 1306 2096 1309 809 804 810 1759 1762 1776 1457
1 3600 65
15
1305 1299 1267 1262 2101 2096 1309 809 806 93 90 751 746 755 756
1 3600 105
4
1299 1294 1306 2098
1 3600 78
10
1433 1430 1794 1297 1298 1302 1277 1278 445 440
1 3600 78
9
1263 1266 1296 1289 1286 907 893 871 872
1 3600 78
10
1501 1433 1430 1794 1289 903 869 870 894 1386
1 3600 78
6
1273 1268 1312 443 444 1279
1 3600 78
7
1295 1298 1302 347 350 910 899
1 3600 319
20
1430 1794 1289 1286 907 908 351 352 928 945 940 1188 951 952 1860 949 946 937 935 325
1 3600 595
32
1273 1270 425 422 710 37 34 2036 107 101 31 26 1977 1877 1878 1995 1992 545 543 540 535 536 1671 527 520 2201 2179 297 294 1883 211 206
1 3600 241
30
1265 1262 1313 1269 1270 425 422 710 37 34 2034 2259 2169 1775 1315 1316 475 465 462 468 487 488 2211 1709 1706 719 713 523 520 2201
1 3600 66
11
1297 1294 1306 2096 1309 809 806 1681 1678 2016 2069
1 3600 69
15
1297 1267 1262 1313 1269 1270 425 422 710 55 47 48 67 68 1954
1 3600 69
4
1261 1262 1313 1269
1 3600 69
11
2099 2096 1311 1269 1270 425 422 710 37 34 2034
1 3600 133
10
1302 1277 1278 2191 1205 1206 1717 1714 163 164
1 3600 893
24
1433 1430 1794 1289 903 904 908 351 352 928 945 940 1188 951 952 1860 949 946 937 935 325 328 2095 2092
1 3600 893
40
1501 1433 1430 1794 1297 1298 1302 1277 1278 2191 1205 1206 1717 1714 5 2 53 47 48 67 64 335 213 214 336 1935 79 73 70 1878 1995 1992 545 543 540 2057 537 532 1764 1808
1 3600 893
17
1265 1262 2101 2096 1311 1269 1270 425 422 710 37 32 58 60 167 168 330
1 3600 893
16
2191 1205 1206 1717 1714 5 2 305 306 2169 1775 1315 1316 1699 483 478
1 3600 638
33
841 844 857 854 888 919 922 945 942 1205 1206 1717 1714 5 2 305 302 1928 1549 751 748 1555 1552 1776 1457 1454 1768 1933 1001 1002 2038 2151 2011
1 3600 229
19
1861 953 950 1189 941 942 2190 445 442 2101 2096 1309 809 804 810 1759 1762 1753 1345
1 3600 248
11
893 890 1778 1786 845 839 817 812 820 828 1368
1 3600 170
6
350 910 1781 1778 1786 845
1 3600 170
8
907 893 894 1386 843 840 849 837
1 3600 155
11
910 899 883 880 855 856 845 839 817 814 1573
1 3600 155
8
1194 949 917 912 924 1579 1461 819
1 3600 893
32
1205 1206 1717 1714 5 2 305 306 2169 1775 1315 1316 475 470 485 488 497 492 506 1704 1814 1902 399 400 2083 1605 1606 2216 1721 1621 797 794
1 3600 279
11
1816 515 516 1850 2003 1999 1989 1986 145 146 1953
1 3600 192
17
2063 1189 941 942 2190 445 442 2101 2096 1309 809 371 368 558 301 298 554
1 3600 192
8
1288 1297 1294 1306 2096 1309 809 371
1 3600 206
7
881 882 898 911 909 906 1290
1 3600 206
5
1277 1278 445 442 2101
1 3600 206
5
929 353 346 1303 1300
1 3600 206
13
931 921 922 929 353 350 909 906 1287 1288 1795 1431 1432
1 3600 206
8
353 350 909 905 902 1288 1795 1431
1 3600 206
4
1303 1299 1267 1264
1 3600 206
13
1194 1861 953 950 1189 941 942 2190 445 442 1313 1269 1272
1 3600 206
5
353 346 1303 1299 1267
1 3600 182
6
1861 953 950 2062 933 930
1 3600 182
7
948 1861 953 950 2062 933 930
1 3600 182
7
1780 911 351 346 1277 1278 445
1 3600 182
10
953 950 2062 933 921 918 889 881 882 896
1 3600 182
4
854 881 882 898
1 3600 188
14
857 854 888 919 920 932 2063 951 952 1860 949 946 937 938
1 3600 188
16
904 908 351 352 928 923 920 932 915 912 924 901 887 879 876 865
1 3600 188
10
890 897 883 880 888 919 920 932 915 912
1 3600 188
10
872 1391 1386 843 839 817 812 820 830 866
1 3600 188
15
1391 1388 885 880 888 919 920 932 915 912 924 901 887 879 874
1 3600 188
17
890 897 883 880 888 919 920 932 2063 951 952 1860 949 946 937 935 325
1 3600 188
16
870 890 897 883 880 888 919 920 932 2063 951 952 1860 949 946 937
1 3600 893
43
1780 911 351 346 1277 1278 2191 1205 1206 1717 1714 5 2 305 306 2258 2137 107 101 31 26 1977 23 24 2022 545 543 540 85 80 528 2124 1709 1706 719 713 714 525 520 2206 2209 2147 209
1 3600 496
35
851 848 841 842 1387 1390 873 868 902 1288 1297 1294 1306 2096 1309 809 371 368 558 1329 1321 1037 1038 475 465 462 468 487 488 497 494 499 500 506 1704
1 3600 182
12
941 942 1205 1206 1717 1714 5 2 305 306 2169 1065
1 3600 170
17
942 1205 1206 1717 1714 5 2 53 47 48 99 94 168 332 338 1742 1935
1 3600 170
15
1387 895 892 906 1287 1288 1297 1267 1262 1313 1269 1270 425 422 710
1 3600 170
16
1288 1297 1294 1306 2096 1311 1269 1270 425 422 710 37 32 58 62 31
1 3600 170
11
1860 949 946 937 935 325 328 2095 1201 1197 159
1 3600 184
11
885 880 888 919 922 945 940 1188 951 954 956
1 3600 184
9
1194 949 946 937 935 325 328 2095 1201
1 3600 184
12
1188 951 952 1860 949 946 937 935 325 328 2095 1201
1 3600 184
10
1779 1780 911 351 346 1277 1278 2191 1205 1208
1 3600 184
13
882 898 911 351 346 1277 1278 2191 1205 1206 1717 1714 163
1 3600 229
14
353 346 1277 1278 2191 1205 1206 1717 1714 163 164 1203 1200 2092
1 3600 893
33
896 891 892 906 1287 1288 1297 1294 1306 2096 1309 809 371 368 558 1329 1326 1319 1316 475 470 1335 235 232 509 281 286 400 1169 131 132 1827 1824
1 3600 893
21
1388 885 880 888 919 922 945 942 1205 1206 1717 1714 5 2 53 47 48 99 94 168 330
1 3600 893
25
325 328 2095 1201 1202 165 162 5 2 53 54 37 34 2036 107 101 102 2030 2196 2167 1797 1701 483 480 620
1 3600 893
37
864 877 878 886 900 925 926 939 935 325 328 2095 1201 1202 165 162 5 2 305 306 2169 1065 179 182 298 554 1561 191 184 192 1505 1508 45 38 1539 1409 1406
1 3600 893
30
864 877 878 886 900 925 913 914 2063 1189 941 942 2190 445 442 2101 2096 1309 809 804 810 1759 1762 1753 1345 1346 1093 1090 1103 1106
1 3600 893
6
875 876 865 831 828 1368
1 3600 330
11
913 914 933 921 918 889 855 856 845 840 833
1 3600 90
7
934 938 927 924 1579 1137 1138
1 3600 90
4
924 1579 1137 1138
1 3600 893
57
867 864 877 878 886 900 925 926 939 935 325 328 2095 1201 1202 165 162 5 2 53 47 48 67 64 335 213 214 336 1123 1061 75 70 1878 1995 1992 545 543 540 535 536 1671 527 520 2203 1883 211 206 1826 1167 1162 1610 2221 2219 1087 1088 797 794
1 3600 893
33
936 947 948 1861 953 950 1189 941 942 2190 445 442 2101 2096 1309 809 806 93 90 751 746 1563 665 662 1448 1987 1988 1998 2002 1845 1846 1839 245
1 3600 525
22
939 935 325 328 2095 1201 1197 159 156 162 5 2 305 302 1928 2016 2069 1571 1035 1038 475 470
1 3600 288
18
327 324 934 936 947 948 1861 953 950 1189 941 944 929 353 346 1303 1299 1267
1 3600 117
8
914 933 921 918 889 881 884 1786
1 3600 117
15
877 878 886 900 925 913 914 933 921 922 929 353 350 909 905
1 3600 117
12
867 831 821 813 816 838 844 1787 1389 895 892 906
1 3600 117
12
936 947 948 1861 953 950 1189 941 944 929 353 350
1 3600 117
8
867 831 821 813 816 838 844 857
1 3600 117
18
878 886 900 925 913 914 933 921 918 889 881 884 1389 1390 873 868 902 1286
1 3600 117
15
934 936 947 948 1861 953 950 2062 933 921 918 889 881 884 1389
1 3600 131
3
937 938 927
1 3600 893
49
878 886 900 925 926 939 935 325 328 2095 1201 1202 165 162 5 2 53 54 37 34 2036 107 101 102 2030 1177 1178 1180 1797 1701 483 480 473 470 1335 1336 1575 1135 1130 1330 509 291 288 2131 2115 2110 2118 1727 1728
1 3600 893
34
936 947 948 1861 953 950 1189 941 942 2190 445 442 1313 1269 1272 809 371 368 558 1559 551 552 1037 1038 475 465 462 468 487 488 497 492 506 983
1 3600 811
20
916 948 1861 953 950 1189 941 942 2190 445 442 2101 2096 1309 809 371 368 558 1329 1324
1 3600 241
13
914 2063 1189 941 942 2190 445 442 1313 1269 1270 425 426
1 3600 143
7
947 948 1861 953 954 956 1184
1 3600 133
16
867 864 877 878 886 900 925 926 939 935 325 328 2095 1201 1197 1198
1 3600 893
41
935 325 328 2095 1201 1202 165 162 5 2 305 306 2258 2137 107 101 31 26 1977 23 24 2022 545 543 540 535 530 1906 719 713 714 716 389 394 2075 1915 1916 2147 209 206 1824
1 3600 893
17
939 935 325 328 2095 1201 1197 159 156 162 5 2 53 47 48 99 96
1 3600 893
20
2117 2081 2082 2071 2072 2123 707 708 505 498 495 496 489 486 469 463 464 472 481 478
1 3600 262
36
1722 793 796 1620 1720 2220 1611 1357 1360 133 130 1170 1792 1914 2074 395 390 507 501 502 1132 1807 1804 2003 1997 1979 1975 1957 1949 739 736 171 172 1523 1524 1519
1 3600 525
44
1722 793 796 1619 1617 1612 1726 2119 2081 2084 1785 1782 2127 2128 259 251 246 1847 1844 2003 2001 1981 1963 1939 783 786 2135 1803 1747 1744 1547 1383 1384 1512 1748 2041 1003 1000 763 431 432 1070 1074 1090
1 3600 893
57
1722 793 796 1089 1086 2215 1607 1173 1170 1792 1916 2205 2202 521 526 1670 2056 541 542 544 1993 1994 1879 71 74 1062 1934 337 215 212 334 65 66 49 46 52 3 4 163 164 1203 1200 2094 329 324 934 938 927 924 901 887 879 876 865 831 828 1368
1 3600 893
51
2220 1611 1357 1360 1827 207 208 2146 2208 2207 521 522 712 718 1907 531 534 541 542 544 2023 25 22 1976 27 30 100 106 2037 35 36 711 423 424 1271 1268 1312 443 444 1279 1276 347 350 910 1781 1778 1786 845 840 849 837
1 3600 893
45
129 130 1170 1792 1916 2205 2202 521 526 1670 2056 541 542 544 2023 25 22 1976 27 30 63 59 33 36 711 423 424 1271 1268 1310 2097 1307 1295 1296 1289 903 869 870 894 1386 843 839 817 812 820
1 3600 129
3
1722 793 794
1 3600 193
20
133 130 1168 401 287 280 508 519 516 1850 2003 2001 1965 1947 1937 783 786 2135 1803 1747
1 3600 193
15
1166 133 128 1582 1609 1604 2084 2130 2127 2128 253 256 1338 1983 1833
1 3600 193
23
1086 2215 1607 1604 2082 401 398 1903 1815 987 984 1131 1132 1807 1804 2003 1997 1979 1975 1855 1852 1949 739
1 3600 193
13
1357 1360 1827 207 208 2146 2208 2123 2121 2009 1903 285 282
1 3600 193
9
129 130 1168 401 287 280 508 519 516
1 3600 193
22
1720 2217 2213 2119 2111 2112 2065 1871 1868 1341 1342 1847 1844 2003 1997 1979 1963 1959 1949 739 736 171
1 3600 148
19
1856 1914 2074 395 390 507 493 490 141 138 1991 1449 1450 1560 1562 747 748 1761 1756
1 3600 893
28
1614 2182 2119 2081 2082 2071 2072 2207 521 522 712 718 1707 1708 2210 489 484 471 474 1317 1318 1327 1328 559 369 370 808 1308
1 3600 893
49
1170 1792 1857 1858 1881 1882 295 296 2178 2200 2206 2123 707 708 505 498 495 496 489 486 469 463 464 474 1699 1700 1796 2166 2197 2031 103 100 106 2037 35 36 711 423 424 1271 1268 1312 1263 1266 1296 1289 903 869 872
1 3600 893
33
2215 1607 1604 2084 1785 1782 289 290 508 233 234 1334 471 474 1039 1036 1322 1774 2168 307 304 3 4 163 157 158 1196 1200 2094 329 324 934 936
1 3600 202
4
129 132 1827 207
1 3600 202
9
2119 2111 2114 2130 2127 2128 1841 1817 1820
1 3600 202
3
2219 1087 1084
1 3600 202
7
1726 2212 2214 2218 2220 1611 1357
1 3600 202
5
1608 1583 129 132 1827
1 3600 215
7
130 1170 1792 1914 2074 2120 707
1 3600 215
8
1360 1827 207 210 1880 2146 2208 2123
1 3600 215
11
1163 1166 133 130 1168 401 398 1903 1815 1705 507
1 3600 215
15
1163 1166 1827 207 210 1882 2202 521 522 712 718 1707 1708 2125 529
1 3600 215
12
207 210 1882 295 296 2178 2200 521 522 712 718 1907
1 3600 215
19
1085 1086 2215 1607 1173 1170 1792 1916 2205 2202 521 524 715 712 718 1707 1708 2125 529
1 3600 215
12
2217 1607 1604 2082 2071 2072 2207 521 526 1670 537 530
1 3600 215
11
1086 2215 1607 1173 1170 1792 1914 2074 395 390 507
1 3600 215
10
1719 1720 2217 2213 2119 2081 2084 1785 397 398
1 3600 215
14
1617 1612 1728 2182 2212 1607 1173 1170 1792 1916 2205 295 296 2176
1 3600 215
10
1823 207 208 2146 2208 2123 707 708 717 715
1 3600 215
13
1843 1840 2129 2126 1783 397 398 2008 2120 2122 2207 2201 2179
1 3600 215
8
1165 1166 1827 207 210 1882 295 292
1 3600 215
8
1823 207 208 1881 1882 2202 521 524
1 3600 215
8
1826 133 130 1168 401 287 284 393
1 3600 127
18
1792 1914 2074 395 390 507 493 496 489 486 469 463 464 472 481 482 1700 1798
1 3600 388
32
1791 793 796 1619 1617 1614 1729 1726 2119 2111 2114 1785 1782 289 283 284 1815 1705 507 493 496 83 84 541 542 544 1993 1994 1879 71 74 1060
1 3600 893
27
1612 1726 2119 2081 2084 2130 289 290 508 1331 1131 1134 1574 1337 1334 471 474 1317 1314 1774 2168 307 304 3 4 163 164
1 3600 893
33
1843 515 518 233 236 1131 1134 1574 1337 1334 471 474 1317 1318 1446 1796 1181 1179 1176 2031 103 63 59 33 36 55 52 3 4 163 157 158 1198
1 3600 171
6
1086 2218 2220 1611 1357 1358
1 3600 171
8
1620 1720 2220 1611 1357 1360 1827 1824
1 3600 893
29
1685 1682 1517 1518 1525 1522 173 176 2134 41 44 1509 195 185 190 1560 555 552 1320 1324 2166 2197 2031 103 63 60 167 95 96
1 3600 893
13
982 507 501 498 495 496 489 486 469 463 464 472 620
1 3600 207
26
293 296 2178 2200 2206 2123 707 708 505 502 1132 1807 1804 2003 2001 1965 1947 605 608 45 40 2135 177 172 1011 1012
1 3600 298
23
1914 2074 2009 1903 1815 987 984 1131 1132 1807 1804 2003 2001 1965 1947 605 608 45 42 1543 1540 1535 1536
1 3600 893
49
521 526 1668 1765 533 534 541 542 544 1993 1994 1879 71 72 78 1934 337 215 212 334 65 66 49 46 52 3 4 1715 1716 1207 1204 943 940 1188 951 952 1860 949 917 912 924 901 887 879 876 865 831 828 1368
1 3600 893
32
2208 2123 707 708 505 498 1577 1574 1337 1334 471 474 1039 1036 1320 1328 559 369 370 808 1308 2097 1307 1295 1296 1289 1286 907 893 894 1386 843
1 3600 893
44
521 526 1670 2056 541 542 544 2023 2024 1879 1876 1976 27 30 100 106 2037 35 36 711 423 424 1271 1268 1310 2097 2100 443 444 1279 1276 347 350 910 1781 1778 1786 845 839 817 814 1573 1459 1139
1 3600 357
9
1917 1793 1171 1172 1606 2216 1721 1621 797
1 3600 148
6
524 716 389 392 285 282
1 3600 148
13
1859 1856 1914 2074 395 390 507 493 490 141 142 1913 1908
1 3600 148
16
708 505 502 1132 1807 1804 2003 1997 1979 1963 1939 783 784 729 732 2050
1 3600 148
16
537 534 85 82 497 490 141 138 1991 145 146 1953 1950 1505 1508 45
1 3600 148
15
530 1906 719 713 714 716 389 392 285 280 510 2128 253 256 1340
1 3600 148
12
2200 2206 2123 707 708 505 498 1577 1574 141 138 1991
1 3600 148
13
527 524 716 505 502 1132 1807 1804 2003 2001 1965 1911 1908
1 3600 148
17
530 1906 719 713 714 716 389 392 285 282 288 2127 2128 253 254 1973 1869
1 3600 148
18
718 1707 1708 2210 497 490 141 142 1913 1910 1961 1939 1940 739 736 729 732 2050
1 3600 148
15
85 82 497 494 1577 1135 1130 1330 519 512 245 248 256 1340 1869
1 3600 148
7
507 501 502 1132 1807 1804 2003
1 3600 125
19
2130 289 290 508 1331 1131 1134 1574 141 138 1991 1449 663 664 1562 747 748 1761 1756
1 3600 125
10
287 280 508 233 234 1334 2155 469 463 460
1 3600 125
10
1708 2210 497 490 141 138 1991 1449 663 660
1 3600 319
29
522 712 718 1707 1708 2210 489 486 469 463 464 474 1039 1034 1570 2068 2017 1679 1680 807 808 1308 2097 1307 1295 1296 1289 1286 1292
1 3600 447
30
1815 1705 507 493 496 489 484 471 474 1039 1036 553 299 183 178 1064 2168 307 304 3 4 1715 1716 1207 1204 943 940 1188 951 954
1 3600 893
38
2084 1785 1782 2127 511 508 233 234 1334 471 472 481 482 1700 1796 1181 1182 1969 1970 27 30 100 106 2037 35 36 55 52 3 4 163 164 1203 1200 2094 329 324 934
1 3600 146
12
1793 1171 131 132 1361 1356 1610 2221 1721 1621 797 792
1 3600 146
10
536 1671 527 520 2206 2073 2070 2083 2080 2116
1 3600 146
12
719 713 523 520 2203 1883 211 206 1826 1361 1356 1610
1 3600 146
18
85 80 528 2124 1709 1706 719 713 714 716 709 706 2122 2209 1917 1793 1171 131
1 3600 146
16
719 713 714 716 709 706 2121 2009 399 396 1784 2085 1605 1608 1583 1580
1 3600 146
8
1764 1669 527 520 2203 2204 1917 1793
1 3600 146
7
294 2204 1917 1793 1171 131 128
1 3600 146
10
1883 1880 1859 1856 1793 1171 1172 1606 2213 2183
1 3600 146
13
1709 1706 719 713 523 520 2206 2209 2147 209 206 1826 1167
1 3600 146
12
1704 1814 1902 399 396 1784 2115 2110 2118 2212 2214 2218
1 3600 146
6
391 394 2075 2070 1169 1172
1 3600 150
5
1709 1706 1907 531 536
1 3600 150
5
2179 297 294 1883 1880
1 3600 150
9
397 400 2071 2072 2207 2201 2179 297 292
1 3600 147
12
1907 531 534 541 542 544 1993 1994 1879 71 72 76
1 3600 147
14
982 507 501 498 495 496 83 84 541 542 544 2023 2024 1879
1 3600 147
12
718 1707 1708 2210 489 486 469 463 464 472 481 482
1 3600 147
7
1882 2202 521 526 1670 2056 541
1 3600 147
9
718 1907 531 534 541 542 544 2023 25
1 3600 147
20
388 717 715 712 718 1707 1708 2125 529 81 84 541 542 544 1993 1994 1879 71 72 76
1 3600 147
12
529 81 84 541 542 544 2023 25 20 1969 1966 1177
1 3600 147
8
718 1907 531 536 2056 541 542 544
1 3600 147
8
2210 489 484 471 474 1317 1314 1774
1 3600 120
33
2199 2200 2206 2123 2121 2009 1903 1815 987 984 1131 1134 1574 1337 1334 2155 469 463 464 474 1317 1318 1446 1796 2166 2197 2031 103 63 60 212 334 1730
1 3600 893
26
2121 395 390 507 501 498 1577 1574 141 138 1991 1449 1450 1560 555 550 181 178 1064 2168 307 304 3 4 163 164
1 3600 893
28
2208 2073 2074 395 390 507 493 496 489 486 469 463 464 474 1317 1314 1774 2168 307 304 3 4 163 157 158 1196 1200 2092
1 3600 234
8
2199 2179 297 294 1883 211 206 1824
1 3600 893
26
280 508 233 234 1334 471 472 481 482 1700 1796 1181 1182 21 22 1877 71 74 1060 1122 1743 339 333 169 95 96
1 3600 893
8
25 20 1183 1180 1797 1701 483 478
1 3600 288
15
540 85 82 497 490 141 142 1913 1908 607 608 45 38 1539 1540
1 3600 223
16
1065 1066 2068 2017 1549 751 752 1552 1753 1345 1346 1093 1094 1355 1352 2052
1 3600 893
30
1703 1700 1447 1327 1328 559 369 370 808 1308 2097 2100 443 444 2191 943 940 1188 2062 915 912 924 901 887 879 876 865 831 828 1368
1 3600 893
27
22 1976 27 30 63 59 33 36 711 423 424 1271 1268 1312 1263 1266 1296 1289 903 869 872 1391 1386 843 840 833 834
1 3600 893
30
27 30 100 106 2037 35 36 711 423 424 1271 1268 1312 443 444 1279 1276 347 350 910 1781 1778 1786 845 839 817 814 1573 1459 1139
1 3600 893
26
23 20 1183 1180 1797 1447 1319 1316 475 470 1335 235 232 509 291 288 2131 2085 2080 2118 1727 1613 1616 1618 797 790
1 3600 107
13
25 20 1183 1180 1325 1321 553 554 665 662 1448 1990 139
1 3600 107
20
77 73 70 1876 1976 1971 1966 2196 2167 1325 1321 553 554 1561 191 184 194 1508 45 40
1 3600 107
12
483 480 473 465 462 468 2154 1335 235 232 509 291
1 3600 116
11
1703 1698 1039 1034 1570 2068 2017 1549 751 752 1556
1 3600 116
14
2023 25 20 1183 1180 1325 1321 553 554 1562 755 756 758 449
1 3600 116
10
70 1876 1976 1971 1966 2196 2167 1325 1328 1559
1 3600 116
8
1067 179 182 298 554 1561 191 186
1 3600 116
11
77 73 70 1878 2025 25 20 1183 1180 1325 1328
1 3600 116
11
1703 1698 1039 1036 553 554 1562 747 748 1761 1756
1 3600 116
14
467 463 464 474 1039 1036 553 554 1562 755 756 451 446 801
1 3600 84
18
1969 1970 27 30 100 106 2037 35 36 711 423 424 1271 1268 1310 2097 1307 1295
1 3600 157
24
1994 1879 71 72 78 1934 337 215 61 59 33 36 711 423 424 1271 1268 1312 1263 1266 1296 1289 1286 907
1 3600 893
33
2024 1879 71 74 1060 1122 1743 339 215 212 334 65 66 49 46 52 3 4 1715 1716 1207 1204 943 940 1188 2062 915 912 924 901 887 879 876
1 3600 114
21
1183 1180 1797 1447 1319 1316 475 470 1335 1336 1575 1135 1130 985 986 1814 1902 399 400 2083 1605
1 3600 110
10
539 540 85 82 497 494 499 500 506 1704
1 3600 110
6
545 543 540 2057 537 532
1 3600 110
11
1992 545 543 540 2057 1671 527 520 2203 2204 2147
1 3600 110
9
540 535 530 1906 719 713 714 716 709
1 3600 110
23
1966 1177 1174 2167 1797 1701 483 480 473 465 462 468 487 488 497 492 506 391 394 2075 1915 1916 2205
1 3600 110
14
1698 475 470 1335 1336 1575 1576 499 500 506 391 394 2075 1915
1 3600 110
13
70 1878 1995 1992 545 543 540 535 530 1906 719 713 714
1 3600 109
3
1877 71 72
1 3600 109
3
24 2022 1993
1 3600 118
15
2024 1879 71 74 1062 1934 337 333 169 95 98 49 46 52 3
1 3600 118
6
1977 1877 71 74 1062 357
1 3600 118
17
84 541 542 544 2023 25 22 1976 27 30 100 106 2136 2259 307 304 3
1 3600 118
11
77 78 1934 1743 339 215 212 334 1730 69 66
1 3600 118
14
1703 1700 1796 1181 1179 1176 2031 103 63 60 212 334 1730 1954
1 3600 118
6
2031 103 63 60 214 338
1 3600 118
10
1177 1178 1180 1325 1328 301 183 178 1066 1571
1 3600 118
5
2031 103 63 60 214
1 3600 279
23
1698 1317 1318 1327 1328 559 369 370 808 1308 2097 2100 443 444 2191 943 940 1188 951 952 1860 1195 1190
1 3600 893
12
1067 1064 2168 307 304 3 4 163 164 1203 1200 2092
1 3600 893
28
1067 179 180 551 554 665 662 1448 1987 1988 1998 2002 1851 1849 1846 247 250 258 2129 2126 1783 397 400 1169 131 132 1827 1824
1 3600 893
11
1064 2168 2258 2035 35 32 58 60 167 95 96
1 3600 893
15
67 68 1731 335 213 61 62 102 2030 2196 2167 1797 1701 483 478
1 3600 525
24
106 2136 2259 307 302 1928 1679 1551 751 752 1552 1776 1457 1454 1766 999 1002 997 991 992 1751 1513 1385 1382
1 3600 288
24
339 215 61 59 33 34 2034 2259 307 302 1928 1549 751 748 1555 1552 1753 1345 1346 1093 1075 1071 433 428
1 3600 893
22
57 52 3 4 1715 1716 1207 1204 943 944 923 918 889 855 856 845 839 817 812 820 828 1368
1 3600 893
27
100 106 2037 35 36 711 423 424 1271 1268 1310 2097 1307 1295 1298 1302 347 350 909 893 894 1386 843 840 849 837 834
1 3600 687
22
1955 69 66 49 46 52 3 4 1715 1716 1207 1204 943 944 923 918 889 855 856 845 839 817
1 3600 893
33
335 213 61 62 102 2030 1177 1178 1180 1797 1447 1319 1316 475 465 462 468 2154 1335 235 232 509 510 2126 2131 2115 2110 2118 2183 1615 1616 1618 797
1 3600 127
14
156 162 5 2 305 306 2169 1775 1315 1316 475 470 1335 1336
1 3600 162
13
2259 307 302 1928 1679 1551 751 752 1552 1753 1345 1346 2228
1 3600 162
23
355 356 1934 337 215 61 59 33 34 2034 2259 307 302 1928 1549 751 746 755 756 758 449 446 801
1 3600 162
6
1272 809 804 810 1759 1760
1 3600 162
16
37 34 2034 2259 307 302 1928 1679 1551 751 748 1555 1552 1753 1345 1346
1 3600 187
12
61 59 33 34 2034 2259 307 302 1928 1679 1680 807
1 3600 187
10
59 33 36 711 423 424 1271 1268 1312 1263
1 3600 187
9
427 424 1271 1272 1308 2097 2100 1263 1264
1 3600 187
3
1271 1268 1310
1 3600 187
11
1716 1207 1204 2190 1279 1276 1303 1299 1296 1795 1431
1 3600 187
5
1271 1268 1312 1263 1260
1 3600 196
17
46 52 3 4 1715 1716 1207 1204 943 944 923 918 889 855 856 845 840
1 3600 196
23
169 95 98 49 46 54 711 423 424 1271 1272 1308 2097 1307 1295 1298 1302 347 352 928 923 918 2186
1 3600 196
14
1272 1308 2097 1307 1295 1296 1289 903 869 872 1391 1386 843 840
1 3600 196
13
1271 1268 1312 443 444 1279 1276 347 352 928 923 918 2186
1 3600 196
20
212 334 65 66 49 46 52 3 4 1715 1716 1207 1204 2190 1279 1276 347 350 910 899
1 3600 357
18
1268 1310 2097 2100 443 444 2191 943 940 1188 951 952 1860 949 917 912 924 901
1 3600 372
25
2034 2259 2169 1065 179 182 298 554 1561 1451 1448 1987 1988 1998 2002 1851 517 514 1840 2129 2126 1783 1784 2085 1605
1 3600 124
19
1569 1035 1038 475 465 462 468 487 488 497 492 506 1704 1814 285 286 396 1784 2085
1 3600 189
13
1272 809 806 367 368 558 1559 551 552 1037 1038 1699 483
1 3600 189
13
1269 1270 425 422 710 37 32 58 62 31 26 1977 1877
1 3600 189
13
156 162 5 2 305 306 2169 1775 1315 1316 1699 483 476
1 3600 189
14
422 710 37 34 2034 2259 2169 1775 1315 1316 475 465 462 466
1 3600 189
36
1371 829 821 813 816 835 836 848 841 842 1387 1390 873 868 902 1288 1297 1294 1306 2096 1311 1269 1270 425 422 710 37 34 2036 107 101 31 26 1977 23 24
1 3600 189
20
1717 1714 5 2 53 47 48 67 64 335 213 214 336 1935 1063 75 70 1878 1995 1992
1 3600 189
12
94 168 332 338 1742 1123 1061 75 70 1878 2025 2022
1 3600 189
11
67 68 1731 335 213 61 62 102 2030 2196 2167
1 3600 189
9
1742 1935 79 73 70 1878 1995 1992 593
1 3600 189
9
62 31 26 1971 1968 1183 1180 1797 1798
1 3600 189
14
306 2258 2137 107 101 31 26 1977 23 24 2022 545 543 538
1 3600 189
13
335 213 214 336 1123 1061 75 70 1878 1995 1992 593 590
1 3600 182
5
335 213 214 336 1123
1 3600 182
4
49 46 52 305
1 3600 182
9
106 2136 2259 307 304 3 4 163 157
1 3600 182
11
425 422 710 37 32 58 60 214 338 1742 1123
1 3600 188
23
1122 337 215 212 334 65 66 49 46 52 3 4 1715 1716 1207 1204 943 940 1188 951 954 956 1186
1 3600 188
15
49 46 52 3 4 1715 1716 1207 1204 943 940 1188 951 954 956
1 3600 188
19
35 36 711 423 424 1271 1268 1312 443 444 2191 943 940 1188 951 952 1860 1195 1190
1 3600 188
18
334 65 66 49 46 52 3 4 1715 1716 1207 1204 943 940 1188 951 954 956
1 3600 188
7
2136 2259 307 304 3 4 163
1 3600 188
21
1570 2068 2017 1679 1680 807 808 1308 2097 2100 443 444 2191 943 940 1188 951 952 1860 1195 1192
1 3600 638
12
61 59 33 36 55 52 3 4 163 157 158 1198
1 3600 893
23
168 332 336 1935 1063 75 70 1878 2025 2022 545 543 540 2057 1671 527 520 2206 2209 2147 209 206 1824
1 3600 525
6
30 63 60 167 168 330
1 3600 893
12
162 5 2 305 306 2169 1775 1315 1316 1699 483 478
1 3600 893
21
1206 1717 1714 5 2 305 302 1928 1549 751 752 1552 1776 1457 1454 1768 1933 1001 1002 2040 2066
1 3600 811
20
1201 1202 165 162 5 2 305 302 1928 1549 751 748 1555 1552 1753 1345 1346 1093 1090 1103
1 3600 893
16
1200 2094 329 324 934 938 927 924 901 887 879 876 865 831 828 1368
1 3600 893
18
1200 2094 329 324 934 938 927 913 914 933 921 918 889 855 856 845 840 833
1 3600 525
17
164 1203 1200 2094 329 324 934 938 927 924 901 887 879 876 865 831 826
1 3600 893
35
159 156 162 5 2 305 306 2169 1065 179 182 298 554 665 662 1448 1987 1988 1998 2002 1845 1846 1343 1340 1835 1836 2064 2113 2110 2118 1727 1613 1616 1618 797
1 3600 525
25
1201 1202 165 162 5 2 305 306 2169 1065 179 180 551 554 1561 191 184 194 1506 1945 1937 783 786 2135 1803
1 3600 223
17
1187 957 955 950 1189 941 942 2190 445 442 2101 2096 1309 809 806 93 88
1 3600 117
11
1201 1202 165 162 1715 1716 1207 1204 2190 445 442
1 3600 66
9
957 955 950 1189 941 942 2190 445 440
1 3600 66
8
957 955 950 2062 933 921 918 2188
1 3600 66
6
957 955 950 1189 941 944
1 3600 137
7
1193 1194 949 917 912 924 901
1 3600 893
30
1201 1197 159 156 162 5 2 305 306 2169 1775 1323 1037 1038 475 470 1335 1336 1575 1135 1130 1330 509 281 286 400 1169 131 132 1167
1 3600 638
34
1202 165 162 5 2 53 54 37 34 2036 107 101 102 2030 1177 1174 2167 1797 1701 483 480 473 465 462 468 487 488 497 494 499 500 506 391 394
1 3600 193
18
165 162 5 2 53 54 37 32 58 62 102 2030 1177 1178 1180 1797 1701 483
1 3600 61
10
162 1715 1716 1207 1204 2190 445 442 1313 1269
1 3600 61
12
1206 1717 1714 5 2 53 54 37 34 2036 107 104
1 3600 61
26
1193 1194 1861 953 950 1189 941 944 929 353 346 1303 1299 1267 1262 1313 1269 1270 425 422 710 37 34 2036 107 104
1 3600 148
11
1203 1200 2094 329 324 934 936 947 948 1195 1192
1 3600 108
7
1206 1717 1714 163 157 158 1198
1 3600 893
32
1197 159 156 162 5 2 305 306 2169 1065 179 182 298 554 665 662 1448 1990 139 140 1575 1135 503 504 709 706 2122 2209 2147 209 206 1824
1 3600 893
8
162 5 2 53 47 48 99 96
1 3600 893
23
2093 1201 1202 165 162 5 2 305 306 2258 2137 107 101 31 26 1971 1968 1183 1180 1797 1701 483 478
1 3600 893
29
2093 1201 1197 159 156 162 5 2 305 306 2169 1065 179 180 551 554 1561 1451 323 197 192 1505 1508 45 40 2135 177 172 1011
1 3600 893
27
2093 1201 1202 165 162 5 2 305 302 1928 1679 1551 751 748 1761 1762 1776 1457 1454 1766 999 1002 2038 723 726 1537 1407
1 3600 893
14
2093 2094 329 324 934 938 927 924 1579 1461 819 820 828 1368
1 3600 893
19
1199 1196 1200 2094 329 324 934 938 927 913 914 933 921 918 889 881 884 1786 845
1 3600 595
11
1199 1196 1200 2094 329 324 934 938 927 924 1579
1 3600 893
30
2093 1201 1197 159 156 162 5 2 305 306 2169 1775 1315 1316 475 470 1335 235 232 509 291 288 2131 2085 1605 1606 2214 1087 1088 797
1 3600 893
17
1199 159 156 162 5 2 305 306 2169 1065 179 182 298 554 665 662 323
1 3600 893
12
1199 159 156 162 5 2 305 302 1928 1549 751 746
1 3600 687
14
2093 1201 1202 165 162 1715 1716 1207 1204 2190 1279 1276 1303 1299
1 3600 85
16
2093 2094 329 324 934 936 947 948 1861 953 950 2062 933 921 918 2186
1 3600 80
10
2093 2094 329 324 934 938 927 924 901 887
1 3600 893
36
2093 1201 1202 165 162 5 2 53 54 37 32 58 62 31 26 1977 23 24 2022 545 543 540 85 80 528 2124 1709 1706 719 713 523 520 2203 1883 211 206
1 3600 893
29
2093 1201 1202 165 162 5 2 53 47 48 67 64 335 213 214 338 1742 1935 79 73 70 1878 1995 1992 545 543 540 85 80
1 3600 893
21
1199 159 156 162 5 2 53 54 37 34 2036 107 101 31 26 1977 23 24 2022 593 590
1 3600 255
9
1199 159 156 162 5 2 53 54 711
1 3600 68
14
1199 1196 1200 2094 329 324 934 936 947 948 1861 953 954 956
1 3600 558
4
1199 1196 1200 2092
1 3600 893
39
1199 1196 1202 165 162 5 2 53 54 37 32 58 62 102 2030 2196 2167 1325 1321 1037 1038 475 465 462 468 487 488 497 494 499 504 709 706 2122 2209 2147 209 206 1824
1 3600 893
14
2093 1201 1202 165 162 5 2 53 47 48 99 94 168 330
1 3600 893
15
1825 1826 133 130 1168 401 287 280 508 233 234 1334 471 472 620
1 3600 893
24
1809 1669 527 524 716 505 502 1132 1807 1804 2003 1997 1979 1975 1957 1949 739 736 729 730 1428 1905 1017 1014
1 3600 893
28
1825 1826 133 128 1582 1609 1604 2084 2130 2127 2128 1841 515 516 1850 2003 2001 1981 1963 1939 783 786 2135 1803 1800 1539 1409 1402
1 3600 893
49
1359 1360 133 128 1582 1609 1604 2084 1785 1782 2127 2128 259 251 246 1847 1844 2003 1999 1989 1986 1449 663 664 555 299 300 559 369 370 808 1308 2097 1307 1295 1296 1289 1286 907 893 894 1386 843 839 817 812 820 828 1368
1 3600 893
40
1825 1826 133 130 1168 401 287 280 508 1331 1131 1134 1574 141 138 1991 1449 1450 1560 555 550 1558 559 369 370 808 1308 2097 2100 1263 1266 1296 1289 903 869 872 1391 1386 843 839
1 3600 893
50
1359 1356 1610 2221 2217 2213 2119 2111 2112 2065 1837 1832 255 249 244 1838 1847 1844 2003 1999 1989 1986 1449 663 664 555 299 300 559 369 366 807 808 1308 2097 1307 1295 1298 1302 347 350 910 1781 1778 1786 845 839 817 812 818
1 3600 893
16
1809 1669 527 520 2206 2073 2070 2083 2080 2118 2183 1615 1616 1618 797 794
1 3600 319
19
1809 1669 527 524 716 505 502 1132 1807 1804 2003 2001 1965 1947 1937 783 786 2135 1803
1 3600 744
20
1825 207 208 2146 2208 2123 707 708 505 498 495 496 489 486 469 463 464 474 1039 1036
1 3600 893
27
1809 1765 533 530 1906 1707 1708 2210 489 484 471 474 1317 1318 1327 1328 559 369 370 808 1308 2097 1307 1295 1296 1795 1431
1 3600 893
31
1825 1826 133 130 1168 401 398 1903 1815 987 984 1131 1134 1574 1337 1334 471 474 1317 1314 1774 2168 307 304 3 4 163 164 1203 1200 2094
1 3600 893
36
1809 1765 533 534 541 542 544 1993 1994 1879 1876 1976 27 30 100 106 2037 35 36 711 423 424 1271 1268 1312 1263 1266 1298 1302 347 352 928 923 920 932 915
1 3600 34
8
1359 1356 1610 2221 2217 2213 1727 1728
1 3600 103
6
1825 1826 133 130 1168 401
1 3600 425
25
1359 1360 133 128 1582 1609 1604 2084 2130 289 290 508 233 234 1334 2155 469 463 464 472 481 482 1700 1796 1181
1 3600 893
21
1809 1765 533 534 541 542 544 2023 25 22 1976 27 30 100 106 2037 35 36 711 423 424
1 3600 893
34
1809 1765 533 530 1906 1707 1708 2210 489 486 469 463 464 474 1039 1036 1320 1328 559 369 370 808 1308 2097 2100 443 444 2191 943 940 1188 951 954 956
1 3600 893
39
1359 1356 1610 2221 2219 2215 2213 2119 2111 2112 2065 1871 1868 1341 1342 1847 1844 2003 1999 1989 1986 1449 1450 1560 555 550 181 178 1064 2168 307 304 3 4 163 164 1203 1200 2092
1 3600 496
13
1809 1669 527 520 2206 2073 1915 1793 1171 131 132 1361 1358
1 3600 893
17
1809 1669 1670 2056 541 542 544 1993 1994 1879 71 74 1060 1122 337 333 330
1 3600 893
15
97 94 166 61 62 102 2030 1177 1178 1180 1797 1701 483 480 620
1 3600 893
25
97 94 166 61 62 31 26 1971 1968 1183 1180 1325 1321 553 554 1561 191 184 194 1508 45 38 1531 1528 1383
1 3600 893
22
331 169 166 61 59 33 34 2034 2259 307 302 1928 1679 1551 751 752 1552 1753 1345 1346 1093 1075
1 3600 893
29
331 169 166 61 59 33 36 711 423 424 1271 1268 1312 1263 1266 1296 1289 1286 907 893 894 1386 843 839 817 812 820 828 1368
1 3600 893
24
331 169 95 98 49 46 54 711 423 424 1271 1268 1310 2097 1307 1295 1296 1289 903 869 870 894 1386 843
1 3600 893
29
97 98 49 46 54 711 423 424 1271 1268 1312 1263 1266 1298 1302 347 350 910 1781 1778 1786 845 839 817 814 1573 1459 1139 1136
1 3600 893
33
331 332 336 1123 1061 75 70 1878 1995 1992 545 543 540 535 530 1906 719 713 714 716 389 392 1902 399 400 1169 1172 1606 2216 1721 1621 797 790
1 3600 893
18
331 332 338 1742 1935 79 73 70 1878 1995 1992 545 543 540 85 82 497 494
1 3600 893
21
97 94 166 61 59 33 34 2034 2259 307 302 1928 1549 91 86 810 1759 1762 1753 1345 1346
1 3600 893
18
331 332 215 61 59 33 36 711 423 424 1271 1268 1310 2097 1307 1295 1298 1300
1 3600 893
15
331 169 166 61 59 33 36 711 423 424 1271 1268 1312 443 440
1 3600 893
18
331 169 95 98 49 46 52 3 4 1715 1716 1207 1204 943 940 1188 2062 915
1 3600 893
35
97 94 166 61 62 102 2030 2196 2167 1325 1326 1319 1316 475 470 1335 1336 1575 1135 1130 1330 519 512 245 248 254 1833 1836 2064 2113 2110 2118 2183 1615 1616
1 3600 893
27
97 94 168 332 336 1935 1063 75 70 1878 2025 2022 545 543 540 85 80 528 2124 1709 1706 719 713 714 716 389 392
1 3600 248
18
97 94 168 332 336 1123 1061 75 70 1876 23 20 1183 1180 1797 1701 483 476
1 3600 85
7
331 332 215 61 59 33 34
1 3600 496
21
331 169 95 98 49 46 52 3 4 1715 1716 1207 1204 943 940 1188 951 952 1860 1195 1190
1 3600 893
12
97 98 49 46 52 3 4 163 164 1203 1200 2092
1 3600 893
18
331 332 338 1742 1935 79 73 70 1878 1995 1992 545 543 540 2057 1671 1668 1808
1 3600 893
4
97 94 168 330
