464
1 3600 275
3
462 257 254
1 3600 47
3
457 355 352
1 3600 287
5
253 256 141 142 449
1 3600 689
13
253 258 588 385 375 372 365 368 370 444 707 708 717
1 3600 689
15
258 479 465 181 182 251 246 291 292 639 640 655 656 675 676
1 3600 72
5
253 258 479 465 466
1 3600 143
4
463 383 375 378
1 3600 530
8
463 457 355 352 363 360 711 445
1 3600 689
18
253 258 479 465 468 480 397 395 391 389 386 289 11 6 665 55 48 5
1 3600 689
21
463 383 179 184 299 295 241 242 312 412 405 406 83 84 86 114 134 45 46 581 578
1 3600 492
8
257 258 479 465 468 435 432 492
1 3600 689
8
383 179 184 299 283 281 215 216
1 3600 689
15
256 141 142 459 377 372 365 368 370 446 69 13 14 22 72
1 3600 689
17
463 457 377 378 477 393 297 277 278 399 343 233 228 488 127 130 113
1 3600 689
21
258 479 465 468 435 436 496 287 284 306 57 60 400 423 420 428 512 554 558 125 118
1 3600 689
8
383 179 184 299 283 284 304 271
1 3600 689
14
383 179 182 393 297 241 219 59 60 400 423 426 529 239
1 3600 689
19
258 588 385 375 378 461 245 248 389 315 316 491 341 233 230 431 325 320 438
1 3600 689
23
253 258 479 465 468 435 436 498 159 162 583 269 263 264 525 327 328 441 438 510 568 105 108
1 3600 689
22
457 355 350 380 245 246 291 288 409 410 345 348 487 482 147 148 560 569 551 554 556 604
1 3600 55
3
453 145 140
1 3600 176
4
353 354 458 143
1 3600 60
8
455 145 142 449 359 360 687 682
1 3600 60
3
363 360 687
1 3600 246
9
453 145 142 449 359 356 95 96 633
1 3600 689
16
367 368 370 442 471 472 617 618 646 653 656 675 676 737 738 744
1 3600 135
8
455 145 142 459 377 378 477 183
1 3600 59
8
145 142 459 355 350 365 311 308
1 3600 143
4
352 363 360 711
1 3600 287
8
350 380 245 246 291 292 665 623
1 3600 689
15
363 356 101 102 662 725 715 718 599 596 671 672 659 656 675
1 3600 574
8
350 380 245 248 390 297 277 280
1 3600 492
7
377 372 365 311 308 315 316
1 3600 574
10
367 311 308 386 409 412 405 406 487 482
1 3600 689
14
145 142 449 359 360 711 445 446 69 13 14 22 74 746
1 3600 689
16
377 378 477 251 246 291 11 6 639 53 50 62 500 651 135 119
1 3600 689
18
455 145 142 459 377 378 477 393 394 396 495 492 591 503 207 165 162 583
1 3600 689
16
142 459 456 383 179 184 299 283 284 304 509 506 261 167 153 154
1 3600 689
13
377 378 461 245 248 389 315 312 410 341 233 230 431
1 3600 689
15
367 311 308 386 409 412 347 348 83 80 138 560 105 110 571
1 3600 689
22
142 449 359 360 631 628 717 699 693 645 643 53 48 5 2 611 612 117 112 559 556 604
1 3600 405
9
630 711 445 371 369 364 373 374 382
1 3600 71
7
630 361 358 448 143 144 454
1 3600 71
3
451 448 143
1 3600 111
6
741 683 686 361 358 450
1 3600 74
6
684 722 725 715 718 599
1 3600 74
3
628 717 718
1 3600 74
11
451 359 356 95 96 633 636 537 532 595 598
1 3600 492
15
359 360 631 628 709 661 471 474 615 618 646 653 656 675 676
1 3600 383
9
357 362 367 364 380 460 477 183 180
1 3600 109
5
359 362 367 311 247
1 3600 57
3
711 445 371
1 3600 74
6
101 102 633 636 728 691
1 3600 492
17
684 722 726 717 699 693 667 672 659 654 67 62 41 46 31 26 720
1 3600 689
15
711 445 446 69 13 9 10 288 387 315 243 240 294 300 492
1 3600 530
23
93 96 662 726 709 661 471 472 617 618 643 53 48 607 89 85 82 349 344 490 217 214 276
1 3600 383
20
741 99 102 633 634 715 699 696 701 695 645 643 53 48 607 89 90 126 489 229
1 3600 574
15
711 445 446 69 13 14 24 623 620 5 2 611 612 117 112
1 3600 689
15
741 93 96 633 636 537 534 691 659 654 67 62 41 44 648
1 3600 689
22
711 445 446 69 13 9 10 288 409 313 243 219 59 56 307 304 271 267 177 174 190 587
1 3600 689
18
601 357 362 353 350 380 245 250 393 297 277 278 399 400 423 426 529 239
1 3600 689
12
362 367 311 308 315 316 491 341 233 230 431 325
1 3600 689
22
684 627 628 709 661 471 474 615 618 643 640 67 64 612 117 112 559 555 552 415 418 688
1 3600 689
24
101 102 662 726 709 661 563 566 71 13 14 22 74 746 609 89 90 130 559 545 541 17 20 602
1 3600 689
7
94 357 362 353 354 456 462
1 3600 299
11
532 704 671 668 647 643 638 293 290 310 366
1 3600 102
12
703 595 598 719 716 629 626 685 686 361 358 450
1 3600 102
8
598 719 714 635 632 97 92 740
1 3600 102
6
729 637 632 103 98 683
1 3600 102
5
724 663 97 92 740
1 3600 102
3
96 662 726
1 3600 54
7
594 702 691 659 656 675 676
1 3600 689
15
662 726 709 661 443 371 369 364 373 374 384 589 479 465 466
1 3600 344
11
596 671 668 647 643 638 293 290 247 250 476
1 3600 120
11
699 696 473 470 563 566 71 13 9 10 288
1 3600 69
8
703 704 671 666 694 700 617 614
1 3600 69
5
728 691 659 654 67
1 3600 146
8
717 718 599 596 671 668 653 656
1 3600 689
20
725 715 699 693 645 643 53 48 607 89 85 82 487 484 227 232 342 398 307 285
1 3600 689
11
716 709 706 445 371 369 311 308 388 390 297
1 3600 492
12
691 659 654 67 62 500 117 87 90 126 489 483
1 3600 459
8
699 696 617 618 643 53 50 62
1 3600 689
16
725 715 718 599 596 671 668 653 654 67 64 612 651 135 119 122
1 3600 689
19
599 596 671 666 645 643 53 48 607 89 85 78 560 569 511 429 421 424 273
1 3600 689
21
691 659 656 27 30 47 44 135 119 124 559 555 513 439 321 318 527 339 235 236 157
1 3600 689
19
96 662 726 709 661 563 564 69 13 9 10 288 409 410 341 233 230 431 428
1 3600 689
14
534 691 659 654 67 64 612 117 112 131 126 137 138 560
1 3600 689
15
594 704 671 668 653 654 67 62 500 117 112 559 545 541 542
1 3600 689
24
745 739 736 677 674 27 30 47 40 63 51 54 664 293 290 247 244 460 379 374 384 589 259 252
1 3600 689
18
735 736 677 674 657 652 647 619 616 473 470 660 706 710 361 358 448 143
1 3600 313
16
745 739 736 677 674 657 658 673 666 692 698 714 724 723 685 682
1 3600 71
12
735 736 677 674 657 658 690 535 536 637 632 103
1 3600 71
10
735 736 677 674 657 652 669 670 705 533
1 3600 344
3
743 739 732
1 3600 689
25
735 736 677 674 27 30 47 44 135 115 87 85 82 349 344 490 217 214 280 286 493 494 481 469 466
1 3600 689
12
733 736 677 674 657 654 641 638 7 10 290 247
1 3600 574
22
743 739 736 677 674 27 30 47 44 650 613 610 3 4 621 624 75 23 15 12 68 447
1 3600 107
7
733 736 677 674 657 652 647
1 3600 99
4
677 674 27 30
1 3600 689
29
745 739 736 677 674 27 30 47 44 135 119 124 559 555 552 209 212 515 329 326 524 265 262 266 270 305 302 590 493
1 3600 689
18
677 674 27 32 580 47 40 500 117 112 131 126 489 229 232 342 400 505
1 3600 689
14
736 677 674 27 30 47 44 135 115 87 85 82 407 404
1 3600 689
8
677 674 27 30 47 40 500 117
1 3600 689
8
736 677 674 27 30 47 44 648
1 3600 689
25
677 674 27 30 47 44 135 119 124 559 545 546 521 221 222 522 237 171 168 176 268 582 163 160 198
1 3600 689
28
743 739 736 677 674 657 654 67 64 610 3 4 607 89 90 126 137 138 149 146 483 484 227 230 431 325 318 530
1 3600 689
22
743 739 736 677 674 27 30 47 40 500 117 112 559 555 550 511 439 321 322 330 332 338
1 3600 689
14
739 736 677 674 657 654 641 53 48 607 89 85 78 560
1 3600 689
13
735 736 677 674 27 30 47 44 135 119 124 559 556
1 3600 97
5
467 464 478 259 252
1 3600 156
4
375 372 351 352
1 3600 383
13
465 181 182 476 461 381 365 368 370 444 710 687 682
1 3600 689
17
495 301 295 241 242 312 408 289 11 8 12 70 567 562 660 708 727
1 3600 689
33
479 465 468 435 436 498 207 204 271 267 177 172 186 151 156 523 223 220 520 547 544 558 113 116 501 41 46 31 26 675 676 737 734
1 3600 118
3
468 480 397
1 3600 78
4
395 391 389 309
1 3600 78
4
588 385 179 182
1 3600 78
4
397 395 392 476
1 3600 246
9
479 465 181 182 251 246 291 11 8
1 3600 530
8
588 385 375 372 365 368 370 442
1 3600 689
23
468 435 436 498 502 303 306 57 60 343 233 226 485 486 83 84 86 114 134 45 46 31 28
1 3600 45
8
479 465 468 480 495 492 591 303
1 3600 107
5
179 184 299 283 281
1 3600 328
19
495 301 295 277 215 216 491 345 348 487 482 488 127 91 88 608 747 75 76
1 3600 689
18
299 283 284 304 271 272 425 426 531 319 324 430 231 228 488 127 91 88
1 3600 689
25
468 435 436 498 159 162 583 584 586 191 175 169 170 234 333 331 328 516 419 414 553 554 558 125 120
1 3600 459
9
396 495 492 591 503 207 165 160 202
1 3600 574
9
179 184 299 283 284 304 509 506 425
1 3600 689
13
395 297 277 278 399 400 423 426 531 527 339 336 223
1 3600 689
20
468 435 436 498 159 162 275 272 261 264 525 526 319 320 440 514 213 208 553 554
1 3600 689
19
495 492 287 284 304 271 267 263 167 170 234 333 334 518 520 547 541 17 20
1 3600 202
3
183 178 382
1 3600 71
3
376 355 352
1 3600 109
11
391 389 309 310 368 370 444 710 687 682 740
1 3600 344
8
376 355 352 363 360 631 626 722
1 3600 689
10
291 292 639 640 655 656 675 676 737 734
1 3600 54
3
248 390 394
1 3600 54
5
460 379 374 384 589
1 3600 107
4
380 245 248 389
1 3600 57
3
246 310 368
1 3600 57
6
245 246 291 292 665 25
1 3600 146
9
389 386 289 11 6 665 55 50 66
1 3600 689
16
381 365 368 370 446 565 562 471 474 615 618 646 653 656 675 680
1 3600 94
6
390 297 277 278 307 304
1 3600 49
4
315 243 219 59
1 3600 98
8
297 241 219 59 60 343 233 226
1 3600 383
10
245 248 389 315 312 412 405 406 83 84
1 3600 689
11
297 277 215 216 491 345 348 83 84 86 114
1 3600 574
14
460 477 393 297 294 283 284 304 271 267 177 174 192 195
1 3600 459
12
373 378 477 393 297 277 278 399 400 505 506 261
1 3600 459
15
378 477 393 297 241 219 59 60 400 423 420 325 322 330 334
1 3600 689
14
246 308 386 409 412 405 406 487 482 147 148 560 105 106
1 3600 689
20
245 248 389 315 312 412 347 348 83 80 138 560 105 110 417 414 549 547 541 542
1 3600 689
10
15 12 68 447 371 369 364 351 354 456
1 3600 160
11
10 288 387 388 249 250 476 379 376 458 143
1 3600 54
8
289 11 8 12 68 447 444 710
1 3600 111
14
403 406 83 84 88 606 49 52 642 644 692 698 716 727
1 3600 689
13
442 471 472 701 695 667 672 659 656 675 676 737 738
1 3600 246
8
447 371 369 311 247 250 183 180
1 3600 53
4
288 387 388 390
1 3600 53
5
12 68 447 371 369
1 3600 130
6
10 288 409 412 405 402
1 3600 56
5
6 639 642 644 694
1 3600 56
4
6 639 642 646
1 3600 56
6
14 24 55 52 642 619
1 3600 313
9
370 442 471 474 615 618 646 653 656
1 3600 328
7
288 409 313 316 217 214 280
1 3600 111
14
22 74 746 609 89 90 126 489 229 230 431 421 424 507
1 3600 48
7
369 311 308 315 316 491 345
1 3600 120
14
445 446 69 13 14 24 623 624 746 609 89 85 78 149
1 3600 574
12
289 292 665 623 620 5 2 611 65 62 41 42
1 3600 689
9
409 410 341 342 400 505 506 273 274
1 3600 626
18
22 74 625 620 607 89 90 130 559 555 552 415 418 517 329 326 524 239
1 3600 383
9
10 288 409 410 341 233 230 431 325
1 3600 405
10
13 14 22 74 746 609 89 90 130 559
1 3600 689
14
288 409 412 405 406 487 482 147 148 560 569 551 554 556
1 3600 689
9
698 716 629 630 361 362 353 354 456
1 3600 430
9
708 727 663 103 100 357 362 353 354
1 3600 91
10
642 619 616 697 698 714 635 632 103 98
1 3600 124
5
616 697 698 714 635
1 3600 124
9
49 52 642 619 614 475 470 660 708
1 3600 124
5
667 670 705 533 536
1 3600 202
14
567 562 471 472 617 618 643 640 655 656 675 676 737 734
1 3600 689
8
443 371 369 364 380 460 477 183
1 3600 181
5
54 664 293 290 310
1 3600 121
6
621 622 25 15 12 68
1 3600 121
5
694 700 473 470 443
1 3600 121
5
695 645 643 638 7
1 3600 121
6
668 647 643 53 54 25
1 3600 121
4
647 643 638 293
1 3600 125
6
624 75 23 15 12 70
1 3600 125
6
4 49 52 642 646 669
1 3600 116
10
661 471 474 615 618 646 653 656 675 680
1 3600 116
8
617 618 643 53 50 62 41 46
1 3600 116
5
671 672 659 656 675
1 3600 116
5
618 646 653 656 675
1 3600 689
13
4 607 89 85 82 487 484 227 232 342 61 56 307
1 3600 287
9
647 643 638 293 288 387 315 243 219
1 3600 82
13
563 566 71 13 14 22 74 746 609 89 90 126 137
1 3600 134
6
607 89 85 80 138 149
1 3600 134
4
607 89 90 126
1 3600 134
9
615 618 643 53 48 607 89 90 126
1 3600 132
10
693 645 643 640 67 64 612 651 135 119
1 3600 689
17
654 67 64 612 117 112 559 555 513 429 421 424 507 508 205 165 160
1 3600 689
17
53 48 5 2 611 612 117 112 559 545 546 521 519 335 332 235 238
1 3600 383
14
617 618 643 53 48 607 89 85 78 560 569 511 439 440
1 3600 255
9
4 607 89 85 80 138 560 105 108
1 3600 689
11
713 653 654 67 62 500 117 112 559 556 21
1 3600 689
18
579 33 26 657 658 673 670 597 598 719 716 629 630 361 362 353 354 456
1 3600 689
13
674 657 658 690 729 637 632 97 94 357 358 448 143
1 3600 430
11
657 652 669 670 597 598 719 714 724 723 685
1 3600 120
11
579 33 26 657 658 690 703 595 598 719 714
1 3600 130
7
33 26 675 676 737 738 742
1 3600 689
13
679 674 657 654 641 638 7 10 290 247 250 183 180
1 3600 689
9
30 47 40 63 51 54 664 293 290
1 3600 275
10
26 657 652 647 619 614 475 470 563 564
1 3600 81
7
579 580 47 40 63 51 52
1 3600 81
7
29 30 47 44 650 613 610
1 3600 81
9
580 47 40 63 66 641 642 619 616
1 3600 81
6
674 657 654 67 51 54
1 3600 172
3
29 32 578
1 3600 689
16
47 44 135 119 124 131 126 489 483 486 349 344 490 217 214 280
1 3600 689
16
681 674 27 30 47 44 135 115 112 131 126 489 229 232 342 398
1 3600 383
12
30 47 44 650 613 610 3 4 621 624 75 76
1 3600 130
7
29 30 47 44 135 115 87
1 3600 85
8
721 27 30 47 44 135 119 120
1 3600 689
24
657 654 67 64 612 117 112 559 555 552 209 212 515 329 330 225 222 522 157 150 194 196 587 585
1 3600 689
16
579 580 47 40 500 117 112 559 555 550 511 439 321 318 530 427
1 3600 689
12
674 27 30 47 44 135 119 124 559 545 546 521
1 3600 459
10
679 674 657 654 67 64 612 117 112 559
1 3600 689
10
27 30 47 44 135 119 124 559 556 604
1 3600 689
7
433 434 469 464 478 259 252
1 3600 689
13
305 306 279 276 296 392 476 379 376 458 143 144 454
1 3600 689
14
204 509 504 401 61 58 218 242 314 309 310 366 363 360
1 3600 689
12
301 295 296 391 249 244 381 351 352 363 356 95
1 3600 689
18
306 57 60 343 233 228 488 127 91 86 116 651 45 46 31 26 675 676
1 3600 51
5
432 301 298 185 178
1 3600 101
7
494 397 395 392 251 244 381
1 3600 383
13
436 496 287 281 215 216 317 314 386 289 11 8 12
1 3600 626
14
284 304 509 504 423 420 428 512 554 558 113 116 613 65
1 3600 689
23
497 498 159 162 583 584 586 197 195 151 156 523 223 220 520 547 544 558 125 118 134 45 46
1 3600 88
4
285 282 300 433
1 3600 69
4
204 509 504 401
1 3600 69
3
281 215 216
1 3600 69
3
305 306 57
1 3600 181
9
591 303 304 271 272 425 420 430 593
1 3600 689
10
287 281 278 399 343 233 226 485 482 488
1 3600 689
21
207 165 162 583 269 263 264 525 327 323 320 438 510 568 561 139 136 127 130 125 118
1 3600 50
7
159 162 275 267 177 174 190
1 3600 107
7
591 303 304 271 267 177 169
1 3600 287
12
165 162 583 584 586 197 189 186 151 156 523 223
1 3600 626
15
436 498 207 204 271 272 425 426 531 527 327 328 514 37 34
1 3600 689
19
207 204 509 506 261 167 170 234 333 331 328 516 419 414 549 547 541 17 18
1 3600 689
9
61 58 218 240 294 298 185 178 382
1 3600 626
7
276 296 392 476 379 376 458
1 3600 530
10
58 218 242 314 309 310 366 363 360 631
1 3600 689
11
491 411 408 289 292 639 642 644 667 670 597
1 3600 689
19
60 343 340 345 348 83 84 86 114 134 45 46 31 26 675 676 737 738 744
1 3600 113
8
505 508 305 285 282 298 185 178
1 3600 49
7
317 314 388 249 244 381 373
1 3600 120
7
401 343 340 411 408 289 11
1 3600 246
8
218 242 312 408 289 292 639 642
1 3600 689
13
215 216 491 345 348 83 84 86 116 501 41 46 31
1 3600 43
5
317 243 240 294 300
1 3600 43
3
307 302 503
1 3600 102
3
241 219 59
1 3600 45
4
215 216 491 345
1 3600 45
6
59 60 400 423 420 430
1 3600 222
10
241 242 312 412 405 406 487 482 488 127
1 3600 689
13
343 233 228 147 148 139 136 127 130 125 118 134 45
1 3600 113
8
316 217 214 280 286 497 498 159
1 3600 53
10
219 59 60 400 423 426 529 265 167 153
1 3600 90
9
399 400 423 426 531 319 322 330 225
1 3600 255
12
400 423 426 531 319 320 440 514 213 208 549 547
1 3600 689
10
491 341 233 230 431 428 512 554 556 604
1 3600 689
13
73 23 15 12 68 447 444 710 361 358 448 143 140
1 3600 689
12
346 413 313 314 388 249 244 381 373 376 458 143
1 3600 430
12
592 231 232 340 411 313 314 309 310 366 363 358
1 3600 492
12
83 84 88 606 49 52 642 644 667 670 705 702
1 3600 689
13
83 84 86 116 501 41 46 31 26 675 676 737 732
1 3600 362
15
73 23 15 9 10 288 387 388 390 394 396 481 469 464 478
1 3600 102
6
346 413 408 387 388 249
1 3600 54
6
592 231 232 340 411 408
1 3600 71
12
411 408 289 11 8 12 70 567 562 471 472 617
1 3600 459
14
487 482 488 127 91 88 606 5 2 611 65 66 655 656
1 3600 176
6
490 217 59 56 307 302
1 3600 70
7
592 431 421 422 401 398 279
1 3600 70
7
81 82 349 344 490 217 214
1 3600 70
10
73 23 24 664 293 288 409 410 341 342
1 3600 93
5
486 407 404 347 344
1 3600 76
6
74 746 609 89 90 128
1 3600 76
5
485 482 488 127 128
1 3600 76
8
136 127 91 88 606 5 2 611
1 3600 299
12
227 230 431 428 510 551 554 558 113 114 134 45
1 3600 362
11
229 230 431 325 322 326 524 265 262 268 582
1 3600 109
10
484 227 230 431 325 318 527 339 235 171
1 3600 83
7
229 230 431 325 322 330 332
1 3600 83
6
344 341 233 230 431 325
1 3600 74
9
406 487 482 147 148 560 105 106 572
1 3600 689
11
406 83 78 560 105 110 211 208 549 547 541
1 3600 689
17
137 81 82 407 404 413 313 243 240 296 394 185 178 382 462 257 252
1 3600 689
17
608 747 625 622 664 7 8 12 68 447 444 710 361 358 448 143 144
1 3600 574
15
129 91 88 606 49 52 642 619 614 475 470 660 706 710 361
1 3600 430
10
129 91 88 606 49 52 642 644 692 698
1 3600 689
11
625 622 55 50 66 655 656 675 676 737 734
1 3600 689
11
87 85 82 407 404 413 313 243 240 294 298
1 3600 362
16
113 116 501 63 66 655 658 673 666 694 700 473 470 443 371 369
1 3600 125
7
63 51 54 664 7 10 288
1 3600 35
7
127 91 88 606 49 52 642
1 3600 149
12
747 625 620 5 2 611 65 66 655 656 675 680
1 3600 689
11
625 622 664 293 290 247 250 393 394 299 283
1 3600 208
9
131 126 489 483 484 227 232 342 398
1 3600 47
9
500 613 610 3 4 621 624 75 72
1 3600 47
7
87 85 80 138 149 146 229
1 3600 116
4
130 113 116 613
1 3600 37
4
65 62 41 42
1 3600 689
18
148 560 105 106 572 39 36 515 329 326 339 336 522 157 150 187 188 193
1 3600 383
11
126 137 138 560 569 511 439 321 318 530 529
1 3600 94
9
146 483 484 227 230 431 325 322 330
1 3600 37
7
500 117 112 559 555 552 415
1 3600 229
7
148 560 569 551 554 556 602
1 3600 689
21
133 119 124 559 555 513 429 421 424 273 274 163 158 499 437 434 469 464 478 259 252
1 3600 689
22
134 650 501 63 66 655 658 690 535 536 637 632 103 100 357 362 353 354 458 143 144 452
1 3600 689
18
121 118 115 116 613 65 66 655 652 669 670 597 598 719 716 629 630 361
1 3600 626
13
123 118 134 650 501 63 66 655 658 673 666 692 698
1 3600 689
8
649 45 46 31 26 675 676 737
1 3600 689
14
43 40 63 66 641 638 7 10 290 247 250 183 180 466
1 3600 689
16
118 115 87 88 608 747 75 23 15 12 68 447 371 369 364 373
1 3600 492
8
40 500 117 87 85 82 407 402
1 3600 88
13
649 650 613 610 3 4 49 52 642 619 614 475 470
1 3600 82
3
46 31 28
1 3600 689
19
43 44 135 119 124 559 545 546 521 221 222 337 235 171 168 176 266 270 205
1 3600 689
8
115 112 559 555 513 429 421 422
1 3600 229
7
123 124 131 126 489 483 484
1 3600 63
4
118 115 87 88
1 3600 63
4
40 500 117 112
1 3600 186
4
44 135 119 120
1 3600 689
17
133 119 124 559 555 552 415 418 517 329 326 524 239 171 168 172 188
1 3600 689
12
650 117 112 559 545 546 521 221 222 522 157 152
1 3600 362
8
44 135 115 112 559 555 550 511
1 3600 91
8
40 500 117 112 559 555 552 415
1 3600 125
7
123 124 559 556 21 16 542
1 3600 689
9
266 270 305 285 282 298 185 178 382
1 3600 689
14
161 164 206 499 437 434 469 464 478 259 256 141 144 454
1 3600 689
21
187 173 169 166 260 507 504 401 61 58 218 242 314 309 310 368 370 444 710 631 626
1 3600 689
16
270 305 285 282 295 296 392 476 461 381 351 352 363 356 101 102
1 3600 689
25
175 169 166 264 525 327 328 516 419 414 553 554 558 113 116 651 45 46 31 26 675 676 737 738 744
1 3600 459
10
587 585 582 163 158 499 437 434 469 466
1 3600 574
14
199 161 164 206 502 590 493 494 397 395 391 249 244 381
1 3600 689
21
186 151 152 170 234 333 331 323 320 438 510 568 561 79 84 88 608 747 625 622 25
1 3600 689
21
191 192 195 151 156 523 223 220 520 548 209 210 111 104 561 79 84 88 608 747 625
1 3600 689
17
203 161 162 275 272 425 420 428 512 554 558 113 114 134 45 46 31
1 3600 136
4
585 582 163 164
1 3600 136
6
176 266 270 305 285 282
1 3600 136
6
266 270 305 302 590 493
1 3600 107
13
191 175 176 263 264 528 427 422 401 61 58 216 317
1 3600 328
12
161 158 502 303 306 279 276 241 242 312 412 405
1 3600 689
17
203 161 162 583 269 263 264 525 526 319 324 430 231 228 488 127 128
1 3600 689
14
177 169 170 234 333 334 518 520 547 544 558 125 118 134
1 3600 116
3
173 176 268
1 3600 137
3
269 263 260
1 3600 137
6
162 275 272 261 167 153
1 3600 137
4
272 425 426 529
1 3600 137
9
161 162 583 584 586 197 195 151 156
1 3600 137
5
192 189 186 151 156
1 3600 186
5
173 169 170 236 523
1 3600 574
9
161 164 204 509 506 425 420 428 510
1 3600 689
11
263 264 525 327 328 514 213 208 549 547 541
1 3600 689
16
155 152 166 260 507 508 205 206 499 437 434 469 464 478 259 254
1 3600 689
16
528 427 422 401 398 279 276 296 392 476 379 376 458 143 144 454
1 3600 689
19
152 166 260 507 504 401 61 58 216 317 314 309 310 368 370 444 710 687 682
1 3600 689
23
260 507 504 401 343 340 411 408 289 11 8 12 68 565 562 660 708 717 718 599 594 533 536
1 3600 689
22
264 525 327 328 516 419 414 553 554 558 113 116 651 45 46 31 26 675 676 737 738 742
1 3600 626
11
150 187 173 176 266 270 305 285 286 493 494
1 3600 430
15
155 156 237 238 528 427 422 401 61 56 279 276 296 392 476
1 3600 626
20
152 170 234 338 526 319 324 430 231 232 340 411 408 289 11 8 12 68 447 444
1 3600 689
18
238 528 531 319 324 430 231 226 485 486 83 84 88 606 49 52 642 619
1 3600 689
14
531 319 320 438 512 554 558 113 116 501 41 46 31 28
1 3600 97
11
150 194 196 587 585 582 163 158 499 437 432
1 3600 50
9
155 156 237 238 528 427 422 401 61
1 3600 99
10
156 523 223 224 331 323 324 430 231 228
1 3600 383
11
531 527 327 328 514 213 208 553 554 558 113
1 3600 689
9
420 428 510 551 554 558 125 118 132
1 3600 55
5
265 262 266 274 163
1 3600 55
4
155 150 194 196
1 3600 116
3
261 167 170
1 3600 44
5
170 234 333 225 220
1 3600 44
5
426 531 319 320 440
1 3600 156
10
155 156 523 337 333 331 328 514 37 38
1 3600 689
8
236 523 223 220 520 547 541 542
1 3600 689
16
338 526 530 427 424 507 508 205 206 499 437 434 469 464 478 259
1 3600 689
16
335 332 338 526 530 427 422 401 398 279 276 296 392 476 379 376
1 3600 689
17
519 335 331 323 324 430 231 232 340 490 317 314 309 310 366 363 358
1 3600 689
17
441 438 510 568 561 139 81 84 88 606 49 52 642 644 692 698 714
1 3600 689
19
324 430 231 228 488 127 91 86 114 134 45 46 31 26 675 676 737 738 742
1 3600 689
12
235 171 166 260 273 270 305 302 590 493 494 481
1 3600 492
12
524 528 427 422 401 398 279 276 296 392 476 379
1 3600 459
13
441 438 429 430 231 232 340 411 408 289 11 8 12
1 3600 344
19
514 37 38 573 107 104 561 79 84 88 606 49 52 642 619 616 473 470 563
1 3600 689
15
223 220 520 547 544 558 125 118 134 45 46 31 26 675 678
1 3600 287
11
318 527 524 265 262 268 582 163 158 499 437
1 3600 97
10
337 338 327 323 324 430 231 232 340 490
1 3600 42
16
319 324 430 231 226 485 486 349 346 413 408 289 292 665 25 22
1 3600 106
9
516 419 416 111 104 561 139 136 127
1 3600 492
11
518 520 548 553 554 558 113 116 501 41 42
1 3600 208
8
522 157 152 168 176 266 274 163
1 3600 75
3
332 235 171
1 3600 75
3
530 427 424
1 3600 75
5
322 326 524 265 167
1 3600 86
3
223 224 331
1 3600 68
4
516 419 414 549
1 3600 68
8
319 320 440 514 37 38 573 570
1 3600 68
4
518 520 547 544
1 3600 68
3
514 37 38
1 3600 405
8
339 333 334 518 520 547 541 538
1 3600 689
19
550 568 561 149 146 483 486 407 404 413 313 243 240 294 298 185 178 382 462
1 3600 689
21
546 548 209 210 111 104 561 79 82 349 346 413 313 314 388 249 244 381 351 354 458
1 3600 689
20
419 416 111 104 561 149 146 483 486 407 404 413 408 387 309 310 366 363 356 600
1 3600 689
16
414 553 554 558 113 116 613 65 66 655 658 690 729 637 632 103
1 3600 689
15
414 553 554 558 125 118 134 45 46 31 26 675 676 737 732
1 3600 689
17
517 441 321 318 530 427 422 505 508 305 285 282 300 433 434 469 464
1 3600 689
13
568 561 139 81 82 349 344 490 217 218 240 296 392
1 3600 530
17
577 573 107 104 561 79 84 88 608 747 75 23 15 12 68 447 444
1 3600 255
18
35 38 573 107 104 561 139 136 127 91 88 606 49 52 642 646 669 672
1 3600 626
9
558 113 116 501 41 46 31 26 720
1 3600 689
13
548 209 212 515 441 438 429 421 424 273 270 305 302
1 3600 299
11
577 39 36 515 329 326 526 530 427 422 401
1 3600 84
7
570 111 104 561 149 146 229
1 3600 91
10
577 573 570 211 208 553 554 558 113 116
1 3600 91
5
208 553 554 558 113
1 3600 132
9
35 36 213 208 553 554 558 125 120
1 3600 689
9
546 521 221 222 522 157 152 166 262
1 3600 191
8
39 36 515 329 326 524 265 260
1 3600 112
8
546 548 415 418 517 441 321 318
1 3600 112
4
515 329 330 225
1 3600 112
3
36 515 441
1 3600 112
5
521 519 335 332 338
1 3600 112
5
418 517 329 330 332
1 3600 112
6
689 517 329 330 225 222
1 3600 66
4
570 417 418 688
1 3600 89
9
35 36 213 208 549 547 541 17 20
1 3600 89
6
104 569 551 554 556 602
1 3600 689
25
539 540 546 548 209 210 111 104 561 139 81 82 349 344 490 217 214 280 282 298 185 178 384 589 259
1 3600 689
21
603 557 555 550 568 561 79 82 407 404 413 408 387 388 249 244 460 379 376 458 143
1 3600 689
17
20 557 558 113 116 613 65 66 655 658 690 703 595 598 719 716 629
1 3600 689
18
605 557 558 113 116 501 63 66 655 652 669 670 597 598 719 714 724 663
1 3600 689
15
539 540 544 558 125 118 134 45 46 31 26 675 676 737 732
1 3600 689
20
540 546 521 221 222 522 157 150 194 193 190 587 585 582 163 164 206 499 437 434
1 3600 689
11
557 555 513 429 430 231 232 340 490 317 314
1 3600 689
11
557 555 550 568 561 149 146 483 486 407 402
1 3600 530
13
539 540 544 558 131 91 88 606 49 52 642 644 694
1 3600 689
9
557 558 113 114 134 45 46 31 26
1 3600 689
11
603 557 555 513 429 421 422 505 508 305 285
1 3600 689
14
605 21 16 540 546 521 519 335 332 235 171 166 260 507
1 3600 459
10
543 540 546 548 415 416 111 104 561 139
1 3600 160
6
20 557 558 113 116 501
1 3600 102
7
543 17 20 557 558 125 120
1 3600 689
14
603 21 16 540 546 521 221 222 522 237 171 168 176 268
1 3600 689
8
539 540 546 521 221 222 522 157
1 3600 255
5
20 557 555 513 439
1 3600 76
7
603 557 555 552 209 210 571
1 3600 76
5
603 557 555 550 568
1 3600 76
7
603 21 16 540 546 548 209
1 3600 313
4
539 17 20 602
