142
1 3600 112
5
111 53 54 63 51
1 3600 112
3
111 53 58
1 3600 145
4
111 105 108 132
1 3600 145
6
89 90 77 74 71 72
1 3600 145
3
54 63 60
1 3600 145
12
97 98 49 50 62 55 56 107 108 132 69 72
1 3600 145
8
211 97 89 90 242 59 56 71
1 3600 145
3
74 71 66
1 3600 145
3
111 105 108
1 3600 145
9
207 97 98 49 50 62 74 107 108
1 3600 145
8
211 97 89 90 77 55 52 105
1 3600 116
10
32 64 212 117 118 273 270 141 142 257
1 3600 383
12
49 44 212 279 274 263 221 179 180 222 238 231
1 3600 499
16
38 31 13 10 117 112 287 273 270 21 14 22 248 253 231 232
1 3600 136
6
32 27 13 8 186 296
1 3600 136
9
75 76 91 47 44 212 11 3 6
1 3600 136
7
35 38 31 13 3 4 283
1 3600 136
3
65 27 13
1 3600 85
11
53 58 243 91 47 44 212 279 276 155 152
1 3600 293
8
36 49 50 60 201 193 196 272
1 3600 499
10
50 60 254 113 118 103 100 265 125 120
1 3600 499
14
211 97 35 32 64 212 279 274 123 126 147 148 172 167
1 3600 39
8
195 192 200 61 51 48 37 38
1 3600 39
8
199 196 272 119 116 11 12 30
1 3600 39
9
195 192 67 70 75 76 91 88 35
1 3600 101
4
73 66 193 194
1 3600 32
4
254 287 273 270
1 3600 32
5
195 196 270 85 82
1 3600 131
10
199 196 270 141 93 94 257 131 128 157
1 3600 499
18
108 132 69 66 200 254 113 118 103 100 265 221 179 180 222 238 250 284
1 3600 77
8
73 66 200 254 113 116 279 183
1 3600 54
11
69 66 200 254 287 103 100 265 262 135 138
1 3600 119
7
254 287 103 100 265 125 122
1 3600 263
14
66 193 196 270 85 86 94 257 43 40 79 80 181 176
1 3600 499
14
66 193 196 270 141 142 257 131 128 157 158 181 176 217
1 3600 101
11
84 271 272 286 255 201 67 68 133 109 106
1 3600 54
10
17 20 271 272 286 255 201 67 68 133
1 3600 54
6
256 143 140 271 197 198
1 3600 54
7
84 271 197 192 67 68 133
1 3600 78
3
17 20 271
1 3600 58
5
21 14 22 248 253
1 3600 58
5
82 257 43 40 157
1 3600 58
3
22 248 253
1 3600 58
3
131 128 79
1 3600 293
11
93 94 257 43 40 79 80 222 238 231 236
1 3600 217
12
82 257 131 128 157 158 181 178 220 262 275 183
1 3600 95
10
15 20 271 272 119 116 279 276 155 152
1 3600 58
4
20 271 272 103
1 3600 82
7
43 40 79 80 181 178 220
1 3600 356
11
131 128 157 158 181 176 145 148 172 167 168
1 3600 356
17
253 239 223 181 178 220 264 101 102 119 112 255 61 62 55 52 110
1 3600 146
10
156 129 130 256 95 92 140 271 197 198
1 3600 90
6
130 256 83 84 21 16
1 3600 90
5
249 23 15 20 271
1 3600 90
11
239 223 181 176 121 124 264 101 102 273 197
1 3600 90
11
267 253 239 223 81 78 41 42 256 143 140
1 3600 90
11
179 180 159 156 41 42 256 95 87 84 21
1 3600 75
3
223 181 178
1 3600 66
5
80 222 238 231 234
1 3600 66
3
253 231 234
1 3600 499
10
239 223 181 176 121 122 275 276 294 296
1 3600 276
7
23 15 20 271 272 286 113
1 3600 108
8
128 157 158 181 176 145 146 150
1 3600 85
3
239 223 181
1 3600 85
8
40 79 80 181 178 220 125 126
1 3600 113
6
230 239 223 181 176 217
1 3600 499
14
233 230 239 223 181 178 220 262 275 278 213 45 46 90
1 3600 499
10
285 251 252 249 23 15 20 271 197 198
1 3600 184
5
237 230 252 249 23
1 3600 42
6
233 230 239 223 181 178
1 3600 42
3
285 251 239
1 3600 263
3
285 237 234
1 3600 499
10
233 230 239 223 181 176 121 122 275 183
1 3600 499
10
235 230 239 223 181 178 220 262 135 136
1 3600 499
9
235 230 239 223 181 176 145 146 150
1 3600 122
7
235 230 239 223 181 178 220
1 3600 88
9
285 251 239 223 181 176 217 171 166
1 3600 95
8
213 45 46 90 242 59 52 110
1 3600 95
6
297 187 9 12 26 33
1 3600 95
9
2 12 30 39 34 89 90 242 59
1 3600 88
8
2 10 117 112 255 201 67 72
1 3600 226
13
6 185 182 274 123 120 177 180 81 78 129 130 256
1 3600 499
5
8 182 274 263 221
1 3600 499
13
6 190 295 277 274 263 221 179 180 222 238 231 234
1 3600 69
4
291 283 189 185
1 3600 88
5
297 295 277 278 117
1 3600 88
6
189 185 182 274 135 136
1 3600 88
5
295 277 274 135 138
1 3600 88
6
2 8 186 295 155 152
1 3600 88
7
29 13 8 182 274 135 138
1 3600 172
9
10 117 118 103 100 265 125 126 150
1 3600 454
10
5 2 10 117 118 103 100 265 125 126
1 3600 499
8
6 185 182 274 123 126 147 148
1 3600 68
10
137 134 275 278 213 45 46 90 242 260
1 3600 53
10
277 278 213 45 50 62 74 107 108 132
1 3600 87
7
154 277 278 117 112 287 273
1 3600 249
8
137 134 123 120 177 180 222 238
1 3600 499
14
202 277 278 117 118 273 270 21 14 22 248 253 231 234
1 3600 61
6
154 294 187 9 12 26
1 3600 61
4
154 294 191 7
1 3600 61
5
113 116 11 3 4
1 3600 61
3
116 11 3
1 3600 104
4
277 274 135 136
1 3600 46
7
153 154 277 278 117 112 287
1 3600 46
5
118 103 100 265 262
1 3600 146
7
112 287 103 100 265 125 120
1 3600 499
11
118 103 100 265 125 126 147 148 172 167 168
1 3600 217
9
263 264 101 102 286 255 61 51 46
1 3600 108
12
263 264 101 102 119 112 255 201 67 68 133 109
1 3600 48
10
151 127 124 221 179 180 159 156 41 42
1 3600 87
5
273 270 21 14 22
1 3600 499
14
273 270 85 86 94 257 43 40 157 158 222 238 250 284
1 3600 134
6
102 119 116 279 276 294
1 3600 21
3
275 276 155
1 3600 127
3
263 264 101
1 3600 19
12
102 273 270 141 142 257 131 128 79 80 222 240
1 3600 217
7
100 265 125 120 217 171 168
1 3600 499
5
121 122 275 278 213
1 3600 293
12
215 175 149 146 127 124 264 101 102 273 197 198
1 3600 81
15
127 124 221 179 180 81 78 129 130 256 95 92 140 21 16
1 3600 40
4
177 180 159 156
1 3600 184
9
147 144 177 180 222 238 231 236 284
1 3600 416
7
264 101 102 286 113 116 11
1 3600 161
6
124 264 101 102 119 114
1 3600 43
4
121 124 264 101
1 3600 43
6
241 223 181 178 220 262
1 3600 84
3
176 145 146
1 3600 45
5
219 173 174 163 160
1 3600 45
3
145 148 172
1 3600 499
21
164 216 177 180 81 78 41 42 256 83 84 271 197 192 67 70 57 54 63 51 48
1 3600 499
15
169 170 216 177 180 159 156 129 130 256 143 140 271 197 194
1 3600 276
13
149 144 177 180 81 78 41 42 256 83 84 21 16
1 3600 90
10
161 162 175 149 144 177 180 159 156 129
1 3600 111
9
161 164 216 177 180 222 238 231 232
1 3600 499
10
166 173 149 146 127 122 275 183 184 188
1 3600 499
7
170 216 121 122 275 276 203
1 3600 217
6
144 121 124 264 101 102
1 3600 76
3
173 149 144
1 3600 76
7
167 170 216 177 180 222 240
1 3600 76
4
161 164 216 177
1 3600 76
9
169 166 173 149 144 177 180 222 240
1 3600 138
4
173 174 163 160
