594
1 3600 298
4
1319 1316 1325 1141
1 3600 437
8
134 143 140 404 115 112 762 1132
1 3600 437
8
1167 403 404 115 110 839 840 963
1 3600 437
8
1339 1342 1346 1175 1171 843 838 111
1 3600 437
10
1063 721 722 415 412 764 1194 1361 967 181
1 3600 437
6
143 140 406 1171 173 174
1 3600 437
11
1164 145 140 404 411 408 578 590 594 955 952
1 3600 514
18
137 138 1153 1151 1149 1146 1280 1293 555 558 570 580 33 36 585 582 586 1241
1 3600 926
13
1139 1140 1328 1175 1171 173 168 186 992 1246 85 80 45
1 3600 926
21
1167 403 404 115 110 1199 1196 963 181 178 1114 853 850 53 50 1047 117 109 107 104 1256
1 3600 926
45
1323 1316 1325 1326 163 164 748 209 206 758 503 489 484 1011 553 546 702 711 708 1336 149 146 359 364 67 70 500 796 1037 1027 653 656 862 875 367 368 191 194 210 291 292 305 297 11 12
1 3600 926
43
1323 1316 1325 1141 1138 735 738 747 742 757 637 634 1004 395 398 389 383 386 713 708 563 560 495 490 789 794 1024 1027 859 856 469 466 1019 689 682 995 225 230 337 267 268 59 60
1 3600 375
6
1329 1326 1163 421 418 746
1 3600 375
12
1341 1319 1316 1325 1141 1138 735 740 1155 1145 1142 761
1 3600 375
10
1325 1141 1138 167 160 418 742 757 637 640
1 3600 308
11
1160 133 138 1065 1066 505 506 481 482 1010 1228
1 3600 841
10
1163 1164 145 140 404 411 408 578 590 37
1 3600 926
22
1341 1319 1316 1366 1175 1171 843 840 1197 1194 1361 961 958 1120 695 633 628 619 617 610 1039 1027
1 3600 926
42
1323 1316 1325 1326 163 164 748 209 204 752 973 970 1006 523 524 391 392 1176 1378 1205 1208 1258 837 731 375 378 805 806 1390 659 660 1370 1291 775 772 1075 655 449 450 698 1015 1016
1 3600 926
38
1160 133 134 1063 721 718 1146 487 477 478 528 882 1008 711 714 1258 1261 1137 103 98 1276 801 798 802 808 1284 1425 1351 675 668 1128 43 38 666 820 981 193 190
1 3600 926
25
1339 1342 1346 1175 1171 173 168 182 781 778 946 727 724 1047 117 109 107 104 1256 301 298 647 271 266 265
1 3600 926
13
1323 1316 1325 1326 163 160 137 138 1153 761 503 506 527
1 3600 926
20
1321 1316 1325 1141 1138 735 740 1155 209 204 754 970 1004 1381 1382 1213 1214 1179 1180 1190
1 3600 926
16
418 744 1065 721 722 415 408 576 1334 573 570 580 515 516 568 151
1 3600 926
24
167 164 747 742 1142 1151 1149 1146 1280 1227 1228 555 558 570 565 562 1336 705 706 1134 1273 1274 69 70
1 3600 926
34
1341 1319 1316 1325 1326 1163 1164 403 404 115 112 762 575 578 590 585 203 198 716 890 1230 1239 815 791 794 1024 1027 1028 773 776 1129 457 454 1071
1 3600 926
41
1341 1342 1346 1175 1171 173 170 963 181 176 968 1118 1122 589 201 196 508 512 493 496 531 532 1266 1271 785 786 798 806 1289 1286 1425 1351 1085 1080 1088 245 246 1416 1415 917 914
1 3600 926
42
1345 1346 1175 1171 843 838 1199 1194 1361 961 958 1122 1126 79 76 440 888 1013 65 66 536 538 768 786 798 806 1390 1394 1398 1373 1291 671 672 1078 1427 1095 1092 245 248 912 1304 1420
1 3600 296
4
1170 1174 1367 1317
1 3600 296
11
129 130 579 409 410 405 141 142 135 136 161
1 3600 296
10
159 156 180 962 171 172 1170 1174 1347 1343
1 3600 296
11
1133 763 113 114 416 720 1064 745 746 739 734
1 3600 280
3
170 963 181
1 3600 304
8
1133 575 578 590 585 582 588 1123
1 3600 304
8
843 840 963 966 961 958 1122 1124
1 3600 304
5
168 184 1112 1118 1122
1 3600 304
11
1133 763 764 1194 1361 961 956 968 1116 1247 853
1 3600 304
7
953 950 956 177 157 154 183
1 3600 712
7
963 181 178 1114 853 850 1244
1 3600 926
9
168 186 990 727 623 31 26 1314 1362
1 3600 926
33
413 408 576 557 551 548 845 713 708 1336 149 146 359 364 536 538 766 770 1037 1027 859 447 444 830 873 367 372 855 341 342 1404 545 303
1 3600 926
37
1197 1194 1361 593 590 585 203 196 510 603 600 1098 75 72 823 613 610 1039 1027 653 654 23 18 1097 981 982 927 425 331 328 944 319 314 1106 1108 1388 1408
1 3600 280
11
966 1360 1195 765 413 414 723 718 1148 1150 1143
1 3600 268
11
159 156 176 957 951 954 595 591 579 409 414
1 3600 268
11
129 126 571 559 554 1292 1281 1147 719 417 405
1 3600 231
10
114 411 408 576 1334 573 570 580 515 509
1 3600 926
13
1133 575 578 590 585 582 586 1099 439 442 617 614 1024
1 3600 926
22
764 1194 1361 961 958 1120 83 80 45 48 55 50 1047 607 608 471 468 697 698 829 826 867
1 3600 926
28
963 181 157 154 781 782 990 849 850 53 50 1047 1043 679 676 465 466 1019 689 684 373 370 287 284 985 325 322 422
1 3600 926
45
841 842 1170 407 404 416 718 1146 487 484 1011 885 385 380 1211 1207 1208 1258 1261 835 731 375 378 805 802 808 1284 1425 1351 1085 1080 1088 245 242 977 978 997 923 920 924 327 332 942 937 938
1 3600 926
9
407 141 142 1063 1066 505 506 527 519
1 3600 926
12
1361 961 951 954 35 32 567 562 1265 1259 1209 1204
1 3600 926
9
129 126 565 560 568 1134 1273 1274 69
1 3600 926
26
114 416 718 1146 487 477 482 553 546 702 711 708 1336 1263 1137 103 98 1276 801 93 88 770 1037 1027 1028 773
1 3600 926
33
1199 765 762 575 578 590 585 203 198 716 603 600 887 817 791 792 501 498 540 1268 801 798 806 1390 1394 1369 1370 1291 671 672 1078 1428 1375
1 3600 926
29
111 112 413 408 576 557 558 570 580 515 512 1230 1239 1013 789 794 1024 1027 653 656 862 875 367 370 998 1052 1416 907 910
1 3600 926
24
953 950 956 968 1116 1354 695 692 825 613 610 1039 1027 1028 1075 23 20 820 981 982 984 996 917 918
1 3600 578
14
87 82 1121 959 960 1360 1195 1198 111 114 405 402 1165 1162
1 3600 330
7
1117 969 957 960 593 579 574
1 3600 330
3
177 180 962
1 3600 330
6
954 595 591 579 574 1132
1 3600 330
5
950 956 177 157 158
1 3600 330
10
1355 85 86 848 991 187 169 170 841 838
1 3600 225
13
1131 575 578 590 585 582 588 1126 631 632 690 1243 851
1 3600 306
7
80 45 48 55 50 1047 117
1 3600 306
8
695 692 1101 1051 57 55 50 625
1 3600 306
4
946 727 623 624
1 3600 306
6
781 782 990 727 623 31
1 3600 771
11
1119 1113 1114 853 850 53 50 1047 117 109 107
1 3600 926
18
778 946 849 850 53 50 1047 117 109 107 104 1256 301 296 304 293 235 236
1 3600 926
33
782 992 1246 85 80 691 633 628 619 620 791 792 796 1037 1027 859 447 444 828 1015 689 686 854 307 312 596 437 434 475 123 124 1411 1412
1 3600 926
22
852 1115 1112 1118 1122 589 583 584 37 32 581 571 559 554 1229 485 488 502 759 207 208 749
1 3600 280
5
183 169 172 1170 407
1 3600 289
8
82 695 633 630 1240 1099 601 602
1 3600 289
8
959 951 954 35 32 581 571 572
1 3600 289
11
849 87 80 691 633 628 73 76 440 888 1238
1 3600 298
9
992 853 850 1242 45 46 1100 825 613
1 3600 841
11
1365 183 186 990 727 724 1047 607 604 680 471
1 3600 926
30
589 201 196 510 890 493 496 1273 361 362 1271 785 95 5 2 770 1037 1027 653 656 860 881 873 367 368 897 189 192 982 927
1 3600 926
21
1126 79 72 823 613 614 1024 1027 1028 773 665 666 820 981 982 325 221 218 892 937 940
1 3600 926
14
960 593 131 126 580 567 562 709 712 387 382 388 399 396
1 3600 926
22
695 633 630 1240 1099 887 888 1013 65 68 535 365 358 147 148 1337 709 710 1009 883 529 391
1 3600 926
16
852 1246 1354 1121 1122 589 201 196 508 516 568 151 152 1136 835 832
1 3600 926
15
695 633 628 619 620 791 792 501 498 538 768 786 798 806 1289
1 3600 926
12
79 76 442 617 610 1039 1027 1028 1075 23 20 818
1 3600 926
24
1116 85 80 1243 53 50 1047 1043 679 676 465 468 697 451 444 830 873 870 877 345 346 1376 245 248
1 3600 926
26
1131 575 576 557 551 548 1008 711 708 1265 837 731 375 378 805 802 808 1284 1425 1351 1085 1080 1088 245 248 912
1 3600 926
19
851 852 1115 179 180 962 1197 765 113 114 405 141 144 1166 1161 421 161 166 1139
1 3600 661
11
49 44 81 84 1247 993 783 780 183 169 174
1 3600 326
6
27 30 624 51 52 851
1 3600 326
5
44 81 86 848 991
1 3600 326
6
729 726 947 779 780 155
1 3600 326
8
30 622 726 991 187 184 179 176
1 3600 326
3
630 1127 1123
1 3600 356
5
1046 51 54 49 44
1 3600 305
16
692 825 613 614 1024 1027 859 856 469 466 1019 1016 459 462 1253 1250
1 3600 305
9
1047 607 608 471 466 1019 689 682 343
1 3600 305
12
690 45 48 55 50 1047 117 109 107 104 1256 1308
1 3600 578
20
628 619 617 610 1039 1027 859 447 450 698 1357 1358 461 462 1253 1248 1256 301 11 8
1 3600 926
28
45 46 1100 825 613 614 1024 1027 653 656 862 875 367 372 855 341 338 1407 295 292 239 240 278 898 59 62 121 118
1 3600 926
36
116 1043 679 676 465 468 857 858 1026 1036 771 767 539 537 534 1275 1272 1135 707 704 1337 709 712 846 1210 1177 393 390 525 522 1007 635 636 756 1144 1154
1 3600 926
21
116 1046 51 54 56 1050 1100 825 822 619 620 814 1238 1231 513 514 581 571 559 554 1229
1 3600 250
7
52 1242 691 633 630 1240 1099
1 3600 303
5
825 613 616 620 791
1 3600 303
7
48 55 50 1047 607 604 676
1 3600 280
11
1313 27 30 624 1047 1043 679 680 471 468 857
1 3600 926
32
44 691 633 628 73 76 440 888 1013 65 66 536 540 1268 801 798 806 1390 659 660 1370 1291 775 665 666 21 18 879 871 367 368 897
1 3600 926
15
729 724 1047 117 109 107 104 1256 301 298 279 280 271 266 265
1 3600 926
23
51 52 1242 81 84 1117 969 957 951 954 595 591 131 126 571 559 551 552 483 480 527 522 1007
1 3600 926
26
724 51 54 56 1050 1100 693 633 628 619 443 438 601 602 890 493 496 531 532 101 102 1136 1260 1259 1209 1206
1 3600 926
16
627 624 51 54 49 46 1100 825 613 614 795 788 491 496 531 532
1 3600 926
14
1242 691 633 630 1240 1099 887 888 1013 65 70 498 540 1268
1 3600 926
15
29 30 624 1047 607 604 676 465 466 701 698 829 830 869 355
1 3600 926
19
1043 679 680 471 468 697 451 448 656 25 18 1097 351 348 1068 1091 1092 245 246
1 3600 926
28
54 56 1050 1100 825 613 610 1039 1027 1028 773 776 43 40 454 1071 349 350 981 289 284 923 253 254 272 1298 1330 1418
1 3600 926
20
1363 1315 27 30 622 726 947 779 780 155 156 180 962 171 172 1170 1174 1367 1317 1318
1 3600 926
26
1252 463 458 1017 1014 699 451 448 652 1026 1025 795 790 816 441 77 74 587 583 584 591 592 967 181 157 158
1 3600 578
8
1363 1315 27 30 622 726 991 187
1 3600 280
9
1251 1248 105 106 108 116 1046 725 728
1 3600 280
9
1309 1257 105 106 108 116 1046 725 728
1 3600 280
5
1315 27 30 624 1047
1 3600 440
3
1253 1248 1254
1 3600 213
17
1315 27 30 622 724 1047 117 109 107 104 1256 301 296 304 239 240 278
1 3600 213
6
301 11 12 597 313 310
1 3600 213
9
1257 1249 1252 1353 1023 1017 689 682 995
1 3600 926
24
1315 27 30 624 1047 607 608 681 676 465 466 1019 689 682 1404 545 303 297 11 8 14 900 475 472
1 3600 926
33
460 1359 1049 867 868 880 1057 1054 1097 821 667 664 774 1290 1371 661 658 1391 807 804 379 374 730 836 1259 1209 1204 1191 1181 1178 521 518 526
1 3600 926
28
107 104 1249 1252 463 458 1017 1014 829 445 446 858 1026 1036 797 501 71 68 1275 1272 497 494 561 564 571 572 1335 577
1 3600 926
25
104 1249 1252 1353 1023 1017 1018 701 696 857 858 1026 1036 771 3 4 94 784 1270 1267 533 530 497 492 891
1 3600 370
15
1363 1315 27 30 622 724 51 54 49 46 1100 825 613 610 1039
1 3600 264
5
460 1359 1049 827 445
1 3600 264
10
104 1249 1252 463 458 1017 1018 701 451 446
1 3600 342
10
107 104 1256 301 296 304 293 290 211 195
1 3600 926
14
1309 301 296 302 544 1405 995 225 226 929 895 892 937 938
1 3600 926
36
306 373 366 874 863 657 654 1074 773 776 1129 669 674 1350 1424 1285 809 803 799 800 1277 99 102 153 148 1337 709 712 387 382 388 520 1215 401 394 1005
1 3600 926
31
463 460 1359 1049 867 355 352 345 348 1070 1072 1079 673 670 1290 1372 1399 1395 1391 807 804 379 374 730 834 1260 1264 709 710 1009 845
1 3600 926
17
1252 1353 1023 1017 1014 699 451 448 652 1026 1036 771 89 92 800 1277 99
1 3600 926
16
1309 1257 1249 1252 463 458 1017 1018 467 468 857 858 1026 1036 771 3
1 3600 926
14
308 339 340 854 373 366 870 878 19 20 667 453 456 669
1 3600 926
23
1315 27 30 624 1047 1043 679 680 471 468 697 698 829 830 873 367 370 287 282 978 1414 907 910
1 3600 926
14
1248 1256 301 298 898 1105 315 320 932 1040 1295 273 274 1304
1 3600 926
32
293 290 211 195 192 980 1096 19 22 1074 1029 1026 1038 611 616 443 438 601 602 717 199 202 584 591 579 409 410 405 402 1165 1162 1327
1 3600 926
33
599 313 308 1407 1405 683 688 1014 829 830 880 861 657 652 1026 1025 795 788 1012 1238 1231 513 514 581 571 572 1335 577 409 414 723 417 115
1 3600 926
37
296 304 293 290 225 228 223 220 324 984 285 282 976 243 244 1089 1081 1084 1350 1424 1287 1288 807 799 787 769 539 537 365 358 147 150 569 561 566 33 34
1 3600 661
12
994 683 688 1018 467 470 609 606 1046 51 52 1242
1 3600 356
9
302 544 1406 339 340 687 688 1016 459
1 3600 356
6
599 596 13 10 300 1308
1 3600 356
4
13 10 300 1310
1 3600 356
7
291 292 305 297 300 1257 1254
1 3600 231
7
224 291 294 1406 309 312 598
1 3600 352
6
434 475 472 63 58 269
1 3600 352
4
280 271 268 59
1 3600 352
5
475 123 124 1411 1408
1 3600 352
7
437 434 475 123 124 1411 1408
1 3600 926
42
293 290 211 195 192 980 821 667 39 42 777 774 1290 1371 1368 1395 1396 1285 809 803 799 787 784 1270 363 360 1272 1135 707 704 1337 709 710 703 547 552 483 476 488 502 759 207
1 3600 926
24
211 195 188 896 369 366 874 1054 19 22 1074 1029 1026 1025 795 788 491 494 517 514 581 571 572 1335
1 3600 926
27
902 895 423 424 921 915 905 906 1417 247 244 1089 1081 1084 1350 1424 1287 1288 807 799 800 1269 541 499 71 64 491
1 3600 926
15
302 544 1405 683 684 373 366 874 863 657 652 1026 1036 797 793
1 3600 243
10
435 436 597 313 306 685 688 1014 1357 1049
1 3600 380
16
13 10 296 304 239 233 236 271 266 265 258 939 936 943 333 330
1 3600 380
8
13 10 296 304 293 290 211 214
1 3600 380
6
241 233 234 290 211 212
1 3600 308
7
295 235 236 646 898 1105 1106
1 3600 926
30
597 313 306 373 366 870 877 345 346 1374 1429 1079 673 670 1290 1371 661 658 1391 807 804 379 374 730 836 1259 1209 1204 1191 1192
1 3600 926
37
278 647 271 266 336 231 226 217 220 324 983 980 821 818 1070 455 456 669 674 1350 1424 1285 809 803 799 800 1277 99 102 1136 1260 1259 715 712 844 883 529
1 3600 926
35
475 472 864 61 58 1105 315 318 945 329 326 251 256 1001 909 910 249 244 1093 1094 1426 1079 673 670 1290 1372 1399 1395 1391 807 804 379 374 730 832
1 3600 926
14
293 290 225 228 223 220 324 983 980 821 667 39 42 1129
1 3600 926
14
313 308 339 340 854 373 366 870 877 345 348 1070 455 41
1 3600 926
9
544 1405 995 211 195 192 289 286 998
1 3600 926
12
1405 995 225 230 902 895 423 331 326 987 277 272
1 3600 926
24
474 901 15 9 10 300 1257 105 106 108 116 1046 51 52 851 852 1115 179 180 962 841 842 1170 1174
1 3600 926
37
1387 1109 935 932 1040 989 986 925 921 915 916 979 976 243 244 1377 1374 1429 1073 455 452 664 772 1029 1026 1038 611 612 822 73 74 587 583 584 591 579 574
1 3600 926
19
270 237 234 294 1405 683 688 1018 467 464 677 678 1042 1046 625 622 726 991 783
1 3600 926
15
119 120 63 58 899 299 300 1257 105 106 108 116 1046 625 31
1 3600 926
13
61 58 269 266 336 231 224 994 683 688 1016 1022 1352
1 3600 284
10
1410 125 122 474 435 17 9 10 296 302
1 3600 284
8
61 58 269 270 237 234 294 1405
1 3600 284
8
1413 1389 1109 1107 1104 899 279 241
1 3600 284
10
1413 1389 1109 1107 261 264 267 270 281 278
1 3600 420
5
268 59 60 865 121
1 3600 926
44
1409 1389 1109 1110 1031 1034 1060 1300 1330 1305 913 249 244 1089 1081 1084 1350 1424 1285 809 803 799 787 784 1270 1267 533 147 148 1337 709 710 703 547 552 1010 1226 1281 1147 1148 1150 1143 1144 1154
1 3600 926
33
61 58 1105 261 262 648 936 893 423 424 926 983 980 1096 19 22 1074 1029 1026 1025 615 612 824 693 694 1121 959 960 1360 1195 765 413 414
1 3600 926
40
119 124 1387 1109 935 321 316 941 936 943 333 326 251 252 922 285 286 371 366 872 831 445 446 858 1026 1036 771 3 6 542 539 537 365 358 530 1135 569 561 564 571
1 3600 926
23
1387 1109 935 932 1040 1295 273 255 256 919 916 1414 1417 247 244 1093 1090 1069 819 21 24 657 652
1 3600 926
13
120 864 61 58 269 266 336 231 224 994 683 688 1016
1 3600 342
11
125 122 474 435 436 597 313 308 339 340 687
1 3600 168
7
472 63 58 1105 315 318 945
1 3600 926
38
61 58 269 266 265 258 939 936 893 219 220 324 983 980 821 667 664 774 1290 1371 661 658 1391 807 804 379 374 730 834 1260 1259 1209 1206 1210 1177 1178 1201 1202
1 3600 926
34
1109 935 321 318 945 329 330 424 926 983 193 190 369 366 874 863 657 652 1026 1036 797 501 71 68 1275 1272 1135 707 704 1337 709 712 846 1210
1 3600 926
26
266 336 902 928 217 220 324 984 996 979 976 1052 247 244 1089 1081 1084 1350 1424 1285 809 803 799 800 1277 99
1 3600 926
23
1409 1389 1109 1110 1031 1034 1060 1297 273 274 913 249 244 1093 1094 1426 1079 673 670 1290 1372 1399 1400
1 3600 926
18
864 61 58 1105 315 320 932 1040 989 277 255 252 915 905 906 1417 247 244
1 3600 926
15
124 1387 1109 1107 261 262 648 936 943 333 326 925 921 922 996
1 3600 926
11
124 1387 1109 1110 1031 1034 1060 1300 1330 1305 1306
1 3600 391
4
165 162 1327 1328
1 3600 391
7
1157 741 734 1139 1140 1324 1317
1 3600 391
5
1067 1062 135 132 1161
1 3600 280
9
738 747 744 1065 721 722 415 412 762
1 3600 841
20
206 758 503 489 484 1228 555 558 570 580 515 509 197 200 588 1123 1119 1113 185 182
1 3600 926
29
757 637 640 644 397 400 1216 1203 1193 1190 1205 1208 1258 1261 1262 705 706 569 495 490 1012 815 621 618 823 824 1101 1051 57
1 3600 926
43
204 752 639 634 1006 397 398 389 383 386 713 708 1336 1263 835 731 375 378 805 802 808 1284 1397 1394 1398 1373 1291 671 672 1078 1428 1375 347 344 353 354 866 1048 1358 461 462 1253 1248
1 3600 926
40
209 206 637 640 644 523 519 520 1179 1176 1211 1207 1208 1258 1261 1137 103 98 1276 801 798 806 1289 1286 1425 1351 675 668 457 454 1071 349 344 876 871 367 368 191 194 210
1 3600 926
45
634 1006 523 524 528 882 1008 711 708 1336 149 146 359 362 1271 785 786 798 802 808 1284 1425 1351 1085 1080 1088 245 246 1416 907 908 1000 257 250 327 332 942 937 649 263 260 1104 59 62 473
1 3600 272
4
502 759 637 638
1 3600 370
5
636 758 503 489 486
1 3600 370
11
751 754 974 1233 1236 1385 395 398 518 526 481
1 3600 370
8
753 205 208 1145 1142 1151 1149 1146
1 3600 370
5
1145 1142 1151 505 489
1 3600 370
7
1065 1066 1149 1146 1280 1227 1011
1 3600 487
13
1153 761 503 506 481 482 553 550 558 570 565 560 495
1 3600 926
18
744 139 134 143 140 404 411 408 578 590 585 203 198 716 603 600 439 442
1 3600 926
32
742 757 637 634 1004 1381 1382 1225 1203 1193 1190 1379 1211 847 713 708 1336 705 706 1134 1273 1274 535 536 538 543 7 2 770 1037 1027 653
1 3600 926
31
637 640 644 397 400 1214 1179 1176 1378 1205 1208 1258 837 731 375 378 805 806 1390 659 660 1370 1291 775 665 666 820 981 982 325 322
1 3600 926
48
1155 209 204 752 973 970 1004 395 398 389 383 386 713 708 1336 149 146 532 1266 1279 1276 801 798 806 1390 1394 1398 1373 1291 671 672 1078 1427 1095 1092 245 242 977 283 284 923 253 254 276 988 1059 1035 1030
1 3600 276
7
737 738 748 209 204 754 974
1 3600 276
5
973 974 1233 1236 1219
1 3600 356
14
634 1006 523 524 528 882 1008 711 714 1258 837 832 1185 1186
1 3600 926
16
1431 1233 1236 1219 427 428 1203 1193 1190 1205 1208 1258 1261 835 731 732
1 3600 926
17
489 484 1228 555 556 1334 573 570 580 567 560 568 1134 1273 1274 69 70
1 3600 926
31
1145 1142 1151 1149 1146 1280 1293 555 558 570 580 515 512 493 490 789 792 796 1037 1027 1028 1075 23 18 1097 351 348 1068 1375 1376 1089
1 3600 926
31
757 758 503 506 481 482 553 546 702 711 708 1265 1261 1137 103 98 1276 801 798 802 808 1284 1425 1351 1085 1080 1088 245 246 1053 977
1 3600 926
33
527 519 389 383 386 713 708 1336 149 146 359 364 536 538 766 770 1037 1027 1028 773 776 43 40 454 1072 1427 1095 1092 245 248 912 1304 1420
1 3600 298
8
483 480 507 504 1150 1152 745 419
1 3600 130
7
485 486 1147 719 722 415 412
1 3600 250
8
578 592 967 181 178 185 182 781
1 3600 926
13
404 115 110 1199 1194 1361 961 958 1120 83 80 45 48
1 3600 926
28
408 578 590 585 203 198 716 890 1230 1239 889 817 791 794 1024 1027 859 447 444 828 1015 1016 1022 1352 1253 1248 1256 1308
1 3600 926
24
722 415 408 576 1334 573 570 565 560 495 490 789 794 1024 1027 653 656 862 875 367 372 307 312 596
1 3600 926
38
546 702 711 708 1336 1263 835 731 375 378 805 806 1289 1286 1397 659 660 1370 1291 671 668 457 452 666 820 981 982 927 924 987 988 1041 933 934 1108 1386 125 120
1 3600 213
10
885 529 525 519 399 394 1384 1237 1232 1430
1 3600 213
7
577 409 414 723 720 1064 745
1 3600 213
10
718 1146 487 477 478 525 522 645 641 638
1 3600 308
7
1010 1226 1281 1147 719 417 405
1 3600 240
8
1228 555 558 570 580 515 509 197
1 3600 240
4
411 408 578 131
1 3600 240
7
482 553 550 558 570 580 567
1 3600 240
7
115 112 764 1194 1361 593 590
1 3600 712
12
140 406 1171 173 168 186 990 727 724 1047 607 604
1 3600 926
21
415 408 578 590 585 582 586 75 76 440 817 791 792 796 1037 1027 1028 1075 23 18 1055
1 3600 926
34
1280 1227 1011 885 385 380 1211 1207 1208 1258 1261 1137 103 100 1266 1271 785 95 91 88 770 1037 1027 653 656 862 875 367 370 287 284 985 325 221
1 3600 926
25
1334 573 570 580 515 512 1230 1239 815 791 794 1024 1027 1028 1075 23 20 820 981 982 927 425 422 892 943
1 3600 319
15
1293 1229 485 477 478 391 392 1180 1192 1202 1224 1383 1221 1218 1237
1 3600 165
4
478 391 392 1176
1 3600 280
17
140 404 416 718 1146 487 484 1011 885 882 845 713 714 1258 837 731 375
1 3600 926
29
1066 505 506 527 524 528 882 1008 711 708 1336 705 706 1134 1273 361 362 1271 785 786 798 806 1390 1394 1398 1373 1291 671 668
1 3600 926
26
578 590 585 203 196 510 890 493 496 531 359 364 536 538 768 786 798 802 808 1284 1425 1351 675 672 1078 1073
1 3600 926
24
478 528 385 386 713 708 1336 149 152 103 98 1276 801 798 806 1390 1394 1400 1351 1085 1080 1088 245 248
1 3600 926
31
1280 1293 555 558 570 565 560 495 490 65 70 500 796 1037 1027 859 447 444 830 873 367 370 998 977 978 917 905 910 912 1304 1418
1 3600 926
8
130 579 409 410 405 141 144 1166
1 3600 257
9
127 130 592 1360 1195 1198 839 842 1170
1 3600 295
8
33 34 955 950 956 968 1113 185
1 3600 295
8
492 891 511 197 202 584 594 955
1 3600 295
12
130 590 585 582 586 75 78 631 632 694 1355 1247
1 3600 298
15
585 582 586 75 72 629 632 690 1243 53 50 725 623 31 28
1 3600 926
21
570 580 515 512 1230 1239 889 886 1098 1241 631 632 690 1243 53 50 625 31 26 1314 1362
1 3600 926
19
603 600 439 442 617 610 1039 1027 859 856 697 700 1019 689 682 1404 295 235 232
1 3600 926
24
74 1099 887 817 791 794 1024 1027 653 449 450 700 1019 689 686 341 342 995 225 230 337 267 268 59
1 3600 544
16
511 508 514 581 571 559 554 1229 485 488 502 760 1143 1144 1154 1158
1 3600 342
6
511 508 514 581 571 559
1 3600 342
11
74 587 583 584 37 32 581 571 559 551 552
1 3600 342
6
547 550 554 1292 1281 1147
1 3600 342
9
202 584 591 579 409 414 723 718 1146
1 3600 342
7
509 197 202 584 591 579 409
1 3600 210
5
198 716 603 600 439
1 3600 291
4
1230 1239 815 621
1 3600 291
13
496 1273 1274 535 536 538 543 7 2 770 1037 1027 1028
1 3600 291
12
888 1013 789 794 1024 1027 859 856 469 470 681 605
1 3600 291
13
516 568 151 146 532 1266 1271 785 95 5 2 770 1037
1 3600 514
27
32 567 562 1265 837 731 375 378 805 806 1289 1286 1397 659 660 1370 1291 775 665 666 21 24 860 881 831 828 1015
1 3600 926
16
439 442 617 610 1039 1027 653 656 25 18 1097 981 982 325 221 218
1 3600 926
32
1013 65 70 498 540 1268 801 798 802 808 1284 1425 1351 1085 1077 1078 1428 1091 1092 245 246 1416 907 904 918 257 250 327 332 942 937 938
1 3600 926
8
516 561 562 709 712 387 382 388
1 3600 330
11
591 131 126 571 559 551 548 883 385 380 1177
1 3600 334
5
702 711 708 1336 149
1 3600 334
4
126 565 562 1336
1 3600 334
6
568 151 152 1136 1260 1259
1 3600 231
14
1239 1013 65 66 536 540 785 786 798 806 1390 1394 1398 1402
1 3600 926
19
716 890 493 496 1273 361 362 1279 1276 801 798 806 1390 659 660 1370 1291 671 672
1 3600 926
17
495 490 789 794 1024 1027 1028 773 776 43 40 454 1072 1427 1095 1092 245
1 3600 926
21
65 70 500 796 1037 1027 653 656 862 875 367 368 897 189 192 289 282 978 917 918 1002
1 3600 926
17
1038 611 616 443 77 78 1127 1123 959 960 1360 1195 1198 111 114 405 402
1 3600 926
12
790 814 1238 1231 891 717 199 202 584 591 579 574
1 3600 257
11
605 606 1046 51 52 851 87 84 1117 969 957
1 3600 154
6
1025 615 612 824 1101 47
1 3600 402
8
681 676 465 466 1019 689 686 341
1 3600 926
6
465 466 1019 689 682 1404
1 3600 926
16
859 447 444 830 873 367 368 191 194 210 225 230 337 267 268 59
1 3600 926
17
678 1042 1046 725 726 991 187 169 172 1170 407 404 416 720 1064 1153 761
1 3600 661
18
771 767 539 537 365 358 147 148 1337 709 710 1009 549 550 556 577 409 414
1 3600 185
12
608 471 468 857 858 1026 1025 795 790 814 1238 1231
1 3600 185
11
679 680 471 468 857 858 1026 1025 795 790 816
1 3600 185
6
822 73 76 438 601 602
1 3600 330
5
465 468 857 858 1026
1 3600 207
10
608 471 466 701 698 829 830 880 1057 1054
1 3600 207
3
1075 23 18
1 3600 207
8
610 1039 1027 1028 1075 23 18 879
1 3600 712
12
823 613 614 1024 1027 653 656 862 875 367 368 897
1 3600 926
16
1024 1027 1028 773 665 666 820 981 982 325 221 216 929 903 337 334
1 3600 926
24
465 468 857 858 1026 1036 771 89 90 94 784 1270 1267 101 102 1136 1260 1259 1209 1204 1191 1192 1200 1215
1 3600 926
16
611 616 620 814 1238 1231 513 516 568 707 704 1263 835 832 1185 1182
1 3600 289
13
465 468 857 858 1026 1036 771 89 92 800 1277 99 102
1 3600 237
14
1045 679 680 471 468 857 858 1026 1036 771 3 4 91 92
1 3600 237
5
1039 1027 1028 773 776
1 3600 289
19
620 791 792 501 498 538 768 786 798 802 808 1284 1425 1351 675 672 1078 1428 1375
1 3600 926
14
608 471 466 701 698 829 826 867 355 352 345 346 1376 245
1 3600 926
14
465 468 697 451 444 830 873 367 370 998 1052 1416 907 908
1 3600 926
24
866 1048 1356 699 696 469 464 677 605 606 1046 51 52 851 852 1115 179 180 962 841 842 1170 1174 1347
1 3600 926
16
652 1026 1038 611 616 618 629 632 694 1121 959 960 1360 1195 1196 171
1 3600 841
13
854 685 688 1018 467 470 681 678 1042 1046 51 52 851
1 3600 319
11
863 25 22 1074 1029 1026 1038 611 612 824 1101
1 3600 324
4
873 367 372 307
1 3600 324
11
18 1055 1056 881 831 828 1015 689 684 855 341
1 3600 237
7
449 450 700 1019 689 682 995
1 3600 926
17
870 878 1097 981 289 284 923 920 425 331 328 944 319 314 1106 1108 1386
1 3600 926
35
373 366 874 1054 19 20 667 39 42 777 774 1290 1371 1368 1395 1391 807 804 379 374 730 836 1264 709 710 1009 883 884 483 480 507 504 1150 1143 743
1 3600 926
18
858 1026 1036 797 501 71 68 1275 361 358 147 148 1337 709 712 387 384 884
1 3600 487
8
448 652 1026 1025 795 790 816 441
1 3600 306
5
696 469 464 677 680
1 3600 306
13
1023 1020 1359 1049 827 445 448 652 1026 1025 615 612 822
1 3600 306
8
1023 1017 1014 699 451 448 654 1074
1 3600 306
6
1074 1029 1026 1038 611 612
1 3600 250
3
1015 689 686
1 3600 293
11
698 829 830 873 367 368 191 194 210 225 228
1 3600 293
7
20 820 981 982 325 221 222
1 3600 293
5
444 830 873 367 368
1 3600 293
8
1023 1017 689 682 995 225 226 929
1 3600 661
9
25 18 1097 981 982 927 425 422 892
1 3600 926
27
448 654 1074 773 774 1290 1372 1399 1395 1396 1287 1288 807 804 379 374 730 834 1260 1259 1209 1206 1210 1177 1178 521 518
1 3600 926
28
1054 19 20 818 1070 455 456 669 674 1350 1424 1285 809 803 799 787 784 1270 1267 533 147 148 1337 709 710 1009 883 529
1 3600 926
27
854 373 366 870 877 345 348 1068 1429 1079 1076 1084 1350 1401 1395 1391 807 799 800 1269 541 537 534 1275 1272 1135 707
1 3600 243
9
451 448 654 1074 773 774 1290 1371 661
1 3600 356
5
1357 1049 867 355 356
1 3600 356
12
867 868 880 861 25 20 667 453 456 669 674 1348
1 3600 356
4
1097 351 346 1374
1 3600 308
6
873 367 370 287 284 923
1 3600 926
11
829 830 873 367 370 287 284 923 253 254 272
1 3600 926
29
221 222 229 224 291 292 305 297 300 1257 105 106 108 116 1046 725 726 947 779 780 183 169 172 1170 1174 1329 1324 1317 1318
1 3600 926
26
369 366 872 831 828 699 700 467 470 609 606 1046 51 54 49 44 81 84 1117 969 177 180 962 841 842 1168
1 3600 926
19
1102 227 224 291 292 305 297 300 1257 105 106 108 116 1046 625 622 726 991 783
1 3600 926
18
323 324 983 980 1096 19 22 655 449 450 696 469 464 677 678 1042 1046 51
1 3600 385
7
189 194 210 994 343 338 309
1 3600 228
7
215 210 994 343 338 309 310
1 3600 228
7
425 422 894 928 227 224 994
1 3600 385
9
924 987 988 1041 933 934 1108 1388 1410
1 3600 926
39
220 324 984 285 282 976 243 244 1089 1081 1084 1350 1424 1287 1288 807 799 787 769 539 499 71 64 491 494 561 566 581 571 559 554 1229 485 488 502 759 207 208 1154
1 3600 926
23
324 983 980 821 667 664 772 1029 1026 1036 797 793 788 491 494 517 514 581 571 572 1335 577 409
1 3600 926
21
213 195 188 896 369 366 874 863 657 652 1026 1038 611 616 443 438 1098 587 583 584 591
1 3600 712
12
213 195 190 369 366 872 831 445 446 856 469 464
1 3600 202
10
424 921 922 285 286 371 366 872 831 445
1 3600 202
8
213 195 188 896 369 372 685 688
1 3600 202
9
220 324 983 980 1096 19 22 655 449
1 3600 319
8
422 219 216 1103 229 224 994 683
1 3600 257
8
895 892 937 940 317 320 930 1302
1 3600 257
6
924 327 332 942 937 938
1 3600 257
4
895 892 937 649
1 3600 926
33
215 195 192 980 821 818 1068 1429 1079 673 670 1290 1371 661 658 1396 1285 809 803 804 379 374 730 836 1259 1209 1204 1191 1192 1202 429 426 1218
1 3600 926
22
369 366 874 863 657 652 1026 1036 771 3 6 542 539 537 365 358 147 148 1337 709 712 387
1 3600 926
21
213 195 192 289 282 976 243 244 1089 1081 1084 1350 1401 1395 1391 807 799 800 1277 99 102
1 3600 926
17
215 195 192 980 351 348 1070 455 456 669 670 1290 1372 1399 1395 1396 1287
1 3600 289
5
980 351 344 353 356
1 3600 149
6
215 195 192 289 286 998
1 3600 420
6
331 326 987 277 274 1306
1 3600 926
48
989 986 251 256 1001 909 906 1417 247 244 1089 1081 1084 1350 1424 1285 809 803 799 787 784 1270 363 360 1272 497 492 891 717 199 202 584 591 579 574 763 113 114 405 141 142 135 136 420 1162 1327 1324 1317
1 3600 926
25
264 267 270 646 299 300 1257 105 106 108 116 1046 51 54 49 44 81 82 1121 959 960 1360 1195 765 762
1 3600 926
31
941 936 943 333 326 251 256 919 916 979 976 1052 247 244 1093 1094 1426 1073 455 41 42 777 772 1029 1026 1025 615 612 824 693 694
1 3600 926
16
321 314 1104 899 299 300 1257 105 106 108 116 1046 51 54 56 1050
1 3600 926
17
264 336 231 224 994 683 688 1018 467 470 609 606 1046 625 31 26 1314
1 3600 264
7
937 938 259 264 267 270 281
1 3600 356
8
988 1041 933 934 1108 1386 125 118
1 3600 356
3
1107 1104 59
1 3600 926
38
925 921 915 905 910 249 244 1093 1094 1426 1079 673 670 1290 1371 661 658 1391 807 804 379 374 730 834 1260 1259 1209 1206 1210 381 382 388 399 394 1005 971 755 750
1 3600 926
32
1031 1034 1058 1295 273 255 252 922 285 286 371 366 872 880 861 657 652 1026 1025 795 788 1012 1238 1231 513 514 581 571 559 554 1229 485
1 3600 926
26
931 321 316 941 936 893 423 424 926 983 980 821 667 664 772 1029 1026 1036 771 767 539 499 71 64 491 492
1 3600 926
18
335 267 270 237 234 294 1406 339 340 687 688 1014 699 451 446 858 1026 1038
1 3600 578
14
939 936 893 423 424 926 983 193 190 369 366 870 878 19
1 3600 409
10
1058 989 986 925 926 984 285 288 193 194
1 3600 409
10
329 330 323 324 984 996 979 976 999 371
1 3600 409
3
942 893 894
1 3600 409
6
986 327 330 422 894 928
1 3600 409
11
939 936 943 333 326 251 252 922 285 286 371
1 3600 356
6
327 332 942 937 649 263
1 3600 926
29
1295 1298 1330 1305 913 249 244 1089 1081 1084 1350 1424 1287 1288 807 799 800 1277 99 102 1136 1262 1337 709 712 387 382 390 525
1 3600 926
32
1032 1040 989 277 255 256 919 916 1414 1417 247 244 1377 1374 1429 1079 673 670 1290 1372 1399 1395 1391 807 804 379 374 730 836 1259 1209 1206
1 3600 926
18
1034 1060 1297 273 274 913 249 244 1089 1081 1084 1350 1424 1285 809 803 804 379
1 3600 926
17
333 330 323 324 983 980 821 21 22 1074 1029 1026 1036 771 3 4 94
1 3600 926
11
333 326 251 256 1001 909 906 1417 247 244 1377
1 3600 342
9
931 321 318 945 329 330 424 921 915
1 3600 385
3
1040 1295 1298
1 3600 385
4
1031 1034 1060 1300
1 3600 926
15
396 645 641 636 756 743 419 161 166 1139 1140 1324 1317 1318 1340
1 3600 926
13
1179 393 390 479 476 486 1147 719 417 115 110 839 840
1 3600 926
21
1232 975 972 753 205 206 758 760 1152 139 132 1167 403 404 115 110 839 840 963 181 176
1 3600 926
21
428 1217 1214 521 518 526 507 504 1067 721 417 115 112 764 1194 1361 961 958 1120 695 692
1 3600 926
33
397 400 1214 1201 1193 1190 1205 1208 1258 837 731 375 378 805 806 1390 1394 1398 1373 1291 671 668 457 454 1071 349 344 876 871 367 372 855 341
1 3600 926
35
1004 395 398 520 1179 1176 1211 1207 1208 1258 1261 835 731 375 378 805 802 808 1284 1425 1351 1085 1080 1088 245 242 977 978 997 985 325 221 218 894 903
1 3600 926
34
1223 1220 1380 1005 635 636 756 743 744 139 134 143 140 406 1171 173 168 184 1114 853 850 53 50 1047 117 109 107 104 1256 301 298 898 59 60
1 3600 385
7
1380 1005 971 755 205 208 1154
1 3600 385
10
1223 1220 1380 1005 635 636 207 208 1154 1156
1 3600 385
4
399 396 645 641
1 3600 308
8
428 1203 1193 1181 393 383 384 884
1 3600 841
17
1213 1214 521 389 383 386 713 708 563 560 517 512 1230 1239 889 886 439
1 3600 926
17
428 1203 1193 1190 1205 1208 1258 1261 1137 153 146 359 364 67 70 500 793
1 3600 926
31
426 1220 1382 1213 1214 1179 1176 1211 847 713 708 1336 705 706 1134 531 359 364 536 538 766 770 1037 1027 859 447 444 826 1048 1358 1021
1 3600 926
29
1203 1193 1190 1205 1208 1258 1261 1137 103 98 1276 801 798 806 1289 1286 1425 1351 1085 1080 1088 245 248 911 904 914 920 425 422
1 3600 926
31
396 523 524 528 882 1008 711 708 1265 837 731 375 378 805 806 1390 1394 1369 1370 1291 671 672 1078 1427 1095 1092 245 248 912 275 276
1 3600 330
5
1233 1236 1219 427 430
1 3600 477
6
395 398 389 383 386 844
1 3600 477
7
1382 1213 1214 1179 1176 1211 847
1 3600 477
11
389 383 386 713 708 1336 1263 835 832 1185 1188
1 3600 477
14
1223 1220 1382 1225 1203 1193 1190 1205 1208 1258 837 832 1185 1188
1 3600 477
5
1213 401 396 523 524
1 3600 617
17
401 398 518 526 481 482 553 546 702 711 714 1258 1261 835 731 375 378
1 3600 926
22
1232 975 970 1006 523 524 528 882 1008 711 708 1336 705 706 1134 1273 1274 535 536 538 543 7
1 3600 926
26
1382 1213 1214 1179 1176 1211 847 713 708 1336 149 146 532 1266 1271 785 786 798 802 808 1284 1425 1351 1085 1080 1088
1 3600 926
31
398 389 383 380 1378 1205 1208 1258 1261 1137 103 98 1276 801 798 806 1289 1286 1397 659 660 1370 1291 671 672 1078 1428 1091 1092 245 246
1 3600 926
34
428 1203 1193 1190 1379 381 386 713 708 1336 705 706 1134 1273 1274 69 70 500 796 1037 1027 1028 773 776 1129 457 454 1072 1428 1375 1376 245 248 912
1 3600 926
19
847 844 549 552 1010 1226 1281 1147 1148 1067 1062 135 136 161 162 1327 1324 1317 1320
1 3600 926
12
1206 847 844 549 550 556 577 574 763 764 1196 171
1 3600 926
13
1206 847 844 549 550 558 570 580 33 36 594 955 950
1 3600 926
18
381 384 884 553 550 558 570 580 33 36 585 582 588 1126 631 632 692 1101
1 3600 926
25
390 479 476 486 1147 719 417 115 110 1199 1196 963 181 178 1114 853 850 53 50 1047 117 109 107 104 1254
1 3600 926
22
713 708 1336 149 146 359 364 536 538 766 770 1037 1027 859 856 697 700 1019 689 682 1404 545
1 3600 926
29
846 1207 1208 1258 1261 1137 103 98 1276 801 798 806 1390 1394 1398 1373 1291 775 665 666 820 981 982 325 221 216 929 903 337
1 3600 308
5
529 479 480 507 502
1 3600 149
15
1189 1184 833 834 1260 1264 563 564 127 130 579 409 410 405 141
1 3600 264
13
381 384 884 1010 1228 555 556 1334 573 570 580 33 36
1 3600 926
15
882 549 550 558 570 580 515 509 510 603 600 439 77 72 823
1 3600 926
21
1189 1184 833 731 375 378 805 802 808 1284 1397 659 660 1370 1291 775 772 1075 23 18 879
1 3600 926
24
882 1008 711 708 1336 149 146 532 1266 1271 785 95 5 2 770 1037 1027 653 656 862 1054 1097 981 982
1 3600 926
33
393 390 479 476 486 1147 719 417 405 406 1171 173 168 186 990 727 724 1047 117 109 107 104 1256 301 296 304 239 240 280 271 266 265 262
1 3600 264
10
1187 1184 833 836 1259 1209 1204 1191 1192 1202
1 3600 264
4
1210 1177 1178 521
1 3600 264
10
1210 1177 1178 1215 1212 1383 1221 1218 1237 1234
1 3600 402
4
847 844 883 529
1 3600 231
7
1183 1184 833 834 1262 1337 709
1 3600 231
5
1183 1184 833 834 1137
1 3600 231
6
528 882 1008 711 708 1265
1 3600 617
8
1184 833 731 375 378 805 802 808
1 3600 926
15
1208 1258 1261 1137 103 98 1276 801 798 806 1289 1286 1425 1351 1085
1 3600 926
20
1183 1184 833 731 375 378 805 802 808 1284 1425 1351 1085 1080 1088 245 246 1416 907 910
1 3600 926
25
845 713 708 563 560 495 490 789 794 1024 1027 1028 773 776 43 40 454 1072 1427 1095 1092 245 248 912 1306
1 3600 926
17
377 374 730 836 1259 715 710 703 547 552 483 476 488 504 1150 1152 139
1 3600 926
13
533 530 497 492 891 717 199 200 583 584 594 955 952
1 3600 926
13
150 569 517 509 197 200 588 1123 1119 1113 185 182 781
1 3600 926
15
364 67 64 1012 815 621 618 629 632 690 45 48 55 50 725
1 3600 926
18
1134 1273 1274 69 70 500 796 1037 1027 859 447 450 698 1015 1016 459 462 1253
1 3600 926
22
833 731 375 378 805 806 1390 1394 1398 1373 1291 775 665 666 820 1096 879 871 367 372 307 310
1 3600 926
27
531 359 364 536 538 543 97 91 88 770 1037 1027 859 856 697 700 1019 689 682 1404 295 235 236 271 268 59 60
1 3600 926
17
1260 1264 709 710 703 547 552 1010 1228 1292 1281 1147 1148 1067 1064 745 746
1 3600 289
17
733 730 834 1262 1337 563 566 581 571 572 1335 577 574 763 113 114 405
1 3600 407
9
534 1275 1272 497 494 561 564 571 572
1 3600 407
8
833 836 1264 563 560 517 509 197
1 3600 407
9
1267 533 530 1135 569 561 566 581 571
1 3600 407
4
569 561 564 571
1 3600 308
9
833 834 1262 705 706 569 495 490 789
1 3600 926
18
1336 149 146 532 1266 1271 785 95 96 7 2 770 1037 1027 653 656 862 875
1 3600 926
21
103 98 1276 801 93 88 770 1037 1027 653 656 862 875 367 368 897 189 194 210 225 226
1 3600 926
32
1258 1261 1137 103 100 1266 1271 785 786 798 806 1390 659 660 1370 1291 671 668 457 454 1071 349 350 981 982 325 322 331 332 942 937 649
1 3600 661
10
1259 715 712 387 382 388 520 1215 1212 1383
1 3600 445
6
153 148 1337 709 712 387
1 3600 445
5
1136 1260 1259 1209 1206
1 3600 445
4
730 836 1259 1209
1 3600 445
7
711 714 1258 837 832 1185 1188
1 3600 445
10
1275 1272 1135 707 704 1263 835 832 1185 1186
1 3600 264
3
1135 151 152
1 3600 440
7
69 70 498 538 543 97 91
1 3600 440
11
837 731 375 378 805 802 808 1284 1397 659 662
1 3600 440
7
1258 1261 1137 103 98 1276 801
1 3600 440
7
1261 1137 103 100 1266 1271 785
1 3600 440
8
733 375 378 805 799 93 90 5
1 3600 440
17
715 708 1336 705 706 1134 1273 1274 69 66 536 540 1268 801 798 802 810
1 3600 440
11
146 359 362 1271 785 786 798 806 1390 1394 1398
1 3600 578
15
1266 363 364 536 538 766 770 1037 1027 1028 1075 23 18 879 877
1 3600 926
16
1266 1279 1276 801 798 806 1289 1286 1425 1351 1085 1080 1088 245 242 977
1 3600 926
21
360 1274 69 70 500 796 1037 1027 1028 1075 23 20 820 981 289 284 923 253 254 272 1298
1 3600 926
18
71 64 1012 889 441 77 78 1127 1123 959 960 1360 1195 1198 111 114 405 402
1 3600 926
23
1399 1395 1391 807 799 800 1269 541 537 67 64 1012 889 886 1098 1241 1127 1123 959 960 1360 1195 1198
1 3600 926
22
1285 809 803 799 787 784 541 499 500 793 790 621 618 629 632 694 83 86 852 993 783 778
1 3600 926
7
793 790 621 618 629 632 690
1 3600 926
21
1369 1370 1291 775 776 43 38 666 21 24 860 881 869 866 1048 1358 461 462 1253 1248 105
1 3600 926
14
93 88 770 1037 1027 859 447 450 698 1015 689 684 307 312
1 3600 926
21
1425 1351 675 672 1078 1428 1069 349 344 876 871 367 372 855 341 338 1407 295 235 236 271
1 3600 926
15
793 790 814 1238 1231 513 514 581 571 559 554 1292 1281 1147 1148
1 3600 926
20
1283 809 803 799 800 1277 1278 363 358 147 148 1337 709 710 1009 883 884 483 476 486
1 3600 440
15
663 658 1391 807 799 787 769 539 537 365 360 1272 497 492 891
1 3600 440
12
799 800 1269 1270 1267 533 530 497 492 891 717 199
1 3600 536
11
2 770 1037 1027 859 856 469 470 681 678 1044
1 3600 536
12
1288 807 799 787 784 541 499 500 793 790 621 618
1 3600 536
6
1351 675 668 1128 777 772
1 3600 536
16
1286 1397 1394 1398 1373 1291 775 772 1029 859 856 469 464 677 678 1044
1 3600 487
15
1351 675 668 457 454 1071 349 344 353 354 866 1048 1358 1021 1022
1 3600 487
9
1397 659 660 1370 1291 775 772 1075 655
1 3600 926
17
1283 1284 1425 1351 1085 1080 1088 245 246 1416 1415 917 914 920 425 422 894
1 3600 926
16
671 672 1078 1427 1095 1092 245 246 1053 977 978 917 918 257 250 327
1 3600 926
20
809 803 799 800 1277 99 102 1136 1260 1264 709 710 1009 883 529 525 522 1007 971 974
1 3600 771
14
1424 1285 809 803 804 379 374 730 834 1262 1337 709 712 387
1 3600 521
9
542 539 537 365 358 147 150 707 704
1 3600 521
5
1393 807 799 800 1277
1 3600 521
6
768 786 798 804 379 376
1 3600 521
8
6 542 539 537 365 358 147 148
1 3600 521
14
813 803 799 787 784 1270 1267 101 102 1136 1260 1264 709 710
1 3600 521
13
777 772 1029 1026 1036 797 501 71 68 1275 361 362 1267
1 3600 521
9
1288 807 804 379 374 730 836 1259 715
1 3600 521
6
768 784 1270 1267 101 102
1 3600 487
3
767 539 499
1 3600 487
3
1287 1288 1392
1 3600 529
7
457 454 1071 349 344 353 356
1 3600 529
10
813 808 1284 1397 1394 1398 1373 1291 775 665
1 3600 529
10
1425 1351 675 672 1078 1428 1375 347 344 353
1 3600 529
7
1283 1284 1425 1351 1085 1080 1088
1 3600 529
8
659 660 1370 1291 671 668 457 454
1 3600 529
4
1394 1400 1351 1348
1 3600 529
17
806 1390 659 660 1370 1291 671 668 1128 43 38 666 818 349 344 353 356
1 3600 529
10
801 798 806 1289 1286 1425 1351 1085 1080 1086
1 3600 661
12
1128 43 38 666 820 981 289 282 978 1414 907 910
1 3600 926
18
2 770 1037 1027 653 656 862 875 367 370 287 284 923 253 254 272 1298 1330
1 3600 926
23
354 866 1048 1356 699 696 469 470 681 678 1042 1046 51 52 851 848 991 187 169 172 1170 1174 1347
1 3600 926
18
664 772 1029 1026 1038 611 612 824 693 694 1355 1117 969 177 180 962 171 174
1 3600 926
14
668 1128 777 772 1029 1026 1025 615 616 443 77 78 1127 1124
1 3600 926
12
673 668 1128 777 772 1029 1026 1038 611 612 822 629
1 3600 926
24
1093 1090 1069 819 820 1096 1055 1056 881 831 828 699 700 467 464 677 605 606 1046 625 31 26 1314 1362
1 3600 926
20
1087 1088 1377 347 344 876 871 367 372 855 341 338 1407 545 303 297 11 8 16 432
1 3600 926
25
1078 1073 1071 819 21 24 860 881 831 828 1015 1016 1022 1352 1253 1248 1256 301 11 8 14 900 475 123 118
1 3600 926
29
1073 455 41 42 777 772 1029 1026 1025 795 790 816 886 1098 587 583 584 591 579 409 414 723 720 1064 745 746 739 740 1156
1 3600 926
21
1090 1375 347 350 1096 1055 863 657 652 1026 1025 795 788 491 494 517 514 581 571 572 1335
1 3600 771
17
1426 1073 455 41 42 777 772 1029 1026 1038 611 616 443 438 601 602 511
1 3600 319
14
1087 1088 1093 1090 1069 819 21 22 655 652 1026 1025 795 790
1 3600 342
8
666 820 1096 1055 1056 881 869 866
1 3600 342
6
1095 1090 1069 819 21 24
1 3600 342
8
1377 347 344 876 871 872 831 828
1 3600 298
8
675 668 457 452 666 820 981 193
1 3600 926
13
1087 1088 245 246 1416 907 908 1000 257 254 272 1296 1061
1 3600 926
24
1374 1429 1079 673 670 1290 1371 661 658 1391 807 799 800 1277 99 102 1136 1260 1259 1209 1204 1191 1192 1202
1 3600 926
20
352 345 348 1070 455 456 669 674 1350 1424 1285 809 803 804 379 374 730 832 1185 1188
1 3600 578
16
1081 1084 1350 1424 1287 1288 807 799 787 769 539 537 534 1275 1272 1135
1 3600 380
12
357 354 866 827 445 446 858 1026 1036 771 89 90
1 3600 380
3
667 453 456
1 3600 380
11
350 821 667 664 774 1290 1371 661 658 1396 1285
1 3600 380
7
667 664 774 1290 1371 661 662
1 3600 380
8
1079 673 670 1290 1372 1399 1395 1391
1 3600 380
11
1350 1424 1285 809 803 799 800 1269 541 499 500
1 3600 272
6
1088 1377 347 344 353 356
1 3600 322
6
1349 1085 1080 1088 245 242
1 3600 322
4
351 346 1376 245
1 3600 322
6
1088 245 242 977 978 917
1 3600 322
6
666 820 981 289 284 923
1 3600 841
8
452 666 820 981 982 927 924 251
1 3600 926
35
906 1415 979 976 999 371 366 872 831 445 450 696 469 470 681 678 1042 1046 725 726 947 779 780 155 156 180 962 1197 765 113 114 405 141 144 1166
1 3600 926
24
288 193 188 896 369 366 874 863 657 652 1026 1025 615 612 822 73 74 587 583 584 591 579 574 1132
1 3600 926
19
285 286 371 372 685 688 1018 467 464 677 605 606 1046 51 52 851 852 993 990
1 3600 926
19
914 920 425 422 219 222 229 224 291 292 305 297 300 1257 105 106 108 116 1046
1 3600 926
11
288 193 194 210 291 292 305 297 300 1257 1254
1 3600 926
11
904 916 997 985 325 221 216 227 224 291 294
1 3600 926
14
1416 907 908 1000 257 250 327 328 944 319 316 1173 259 264
1 3600 926
29
922 285 288 980 1096 19 22 1074 1029 1026 1036 797 501 71 64 1012 1238 1231 513 514 581 571 559 554 1229 485 488 502 759
1 3600 926
24
1417 1053 999 371 366 874 863 657 652 1026 1025 795 788 491 494 561 564 571 559 554 1229 1226 1281 1147
1 3600 926
20
1417 1053 999 371 366 872 831 445 446 858 1026 1038 611 616 443 438 601 602 717 199
1 3600 926
12
979 283 288 980 821 21 22 1074 1029 1026 1025 795
1 3600 280
7
1415 979 283 286 371 366 870
1 3600 144
5
904 916 979 283 288
1 3600 356
4
997 985 927 924
1 3600 926
29
247 244 1089 1081 1084 1350 1401 1395 1391 807 799 800 1277 1278 363 360 1272 1135 707 704 1337 709 710 1009 883 529 525 522 1007
1 3600 926
22
998 243 244 1093 1094 1426 1079 673 670 1290 1371 661 658 1391 807 804 379 374 730 832 1185 1186
1 3600 926
20
999 371 366 874 863 657 652 1026 1036 771 3 4 94 784 1270 1279 99 102 1136 1260
1 3600 578
6
288 980 821 667 664 774
1 3600 222
5
249 244 1089 1081 1084
1 3600 222
5
910 249 244 1089 1081
1 3600 222
4
244 1377 347 350
1 3600 342
4
978 917 905 910
1 3600 212
4
253 254 272 1296
1 3600 212
3
912 1304 1418
1 3600 926
28
1061 1035 1030 1111 1107 1104 899 279 241 238 305 297 300 1257 105 106 108 116 1046 725 726 991 187 169 172 1170 1174 1329
1 3600 926
24
1003 919 916 979 283 288 980 1096 19 22 655 652 1026 1036 797 793 788 491 494 561 566 581 127 128
1 3600 926
21
1294 1041 933 934 1107 1104 899 299 300 1257 105 106 108 116 1046 51 54 49 44 81 84
1 3600 926
24
257 250 327 332 942 893 219 222 229 224 994 683 688 1018 467 470 681 678 1042 1046 51 54 49 44
1 3600 926
18
1419 1331 1299 1294 1041 933 321 316 1173 259 264 267 270 237 234 294 1406 339
1 3600 926
12
1331 1301 1061 1035 1030 1111 1108 1388 1410 125 122 474
1 3600 926
8
275 276 988 1041 933 934 1108 1388
1 3600 926
37
1304 1331 1301 1061 1035 1030 1111 1107 1104 899 299 300 1257 105 106 108 116 1046 51 52 851 852 1115 179 180 962 841 838 111 114 405 402 1165 421 418 742 757
1 3600 926
32
1419 1305 913 249 244 1093 1094 1426 1073 455 41 42 777 772 1029 1026 1036 771 767 539 537 365 358 147 148 1337 709 710 703 547 552 483
1 3600 926
29
1421 1331 1299 1294 989 986 925 926 983 193 190 369 366 872 831 445 446 858 1026 1025 795 790 814 1238 1231 513 514 581 127
1 3600 926
15
255 252 922 285 286 371 366 874 863 657 652 1026 1025 795 790
1 3600 926
12
1297 273 276 986 925 926 983 980 1096 1055 863 657
1 3600 356
7
919 916 979 283 288 193 194
1 3600 171
4
276 986 327 332
1 3600 926
29
1421 1305 913 249 244 1089 1081 1084 1350 1424 1285 809 803 804 379 374 730 836 1259 1209 1204 1379 1177 1178 1215 1212 1383 1221 1222
1 3600 926
31
913 911 906 1417 247 244 1093 1094 1426 1079 673 670 1290 1372 1399 1395 1391 807 799 787 784 1270 1267 533 147 148 1337 709 712 846 1210
1 3600 926
18
1001 909 906 1417 247 244 1089 1081 1084 1350 1424 1287 1288 807 799 800 1277 99
1 3600 926
19
252 920 425 323 221 216 227 224 994 683 688 1018 701 696 857 858 1026 1036 771
1 3600 712
5
1330 1305 913 249 244
1 3600 286
8
273 255 252 922 996 979 976 243
1 3600 286
6
1297 273 255 256 1001 909
1 3600 286
5
1307 275 255 252 922
1 3600 463
4
1305 913 911 908
