558
1 3600 149
3
53 51 48
1 3600 25
5
332 203 95 67 68
1 3600 210
7
332 203 95 67 72 74 424
1 3600 524
13
53 54 211 93 90 71 72 78 723 718 155 158 451
1 3600 524
15
57 54 216 203 95 67 72 78 723 718 717 712 729 689 115
1 3600 524
14
54 211 93 94 204 206 71 72 76 386 424 590 461 458
1 3600 524
26
447 219 216 203 95 67 72 74 424 588 821 819 745 741 742 815 349 346 357 352 667 537 507 495 245 239
1 3600 524
35
447 219 211 93 67 72 78 723 189 161 158 451 454 501 498 711 703 111 112 346 357 354 366 524 669 23 16 661 549 497 245 242 700 439 440
1 3600 524
47
51 48 332 203 204 206 71 72 76 386 424 588 821 819 745 741 742 815 751 748 221 222 524 667 655 656 323 328 145 105 106 237 234 682 690 389 392 472 309 306 285 280 273 278 631 628 632
1 3600 22
12
53 54 216 203 89 45 46 81 33 27 24 40
1 3600 88
5
332 203 95 90 191
1 3600 524
9
50 54 211 93 67 72 78 723 189
1 3600 524
8
332 203 95 67 72 78 723 718
1 3600 524
15
54 211 93 67 72 74 424 590 748 221 222 524 669 23 20
1 3600 524
34
48 332 203 204 206 71 72 78 723 718 717 712 729 689 115 112 346 357 352 667 537 507 508 497 109 106 546 786 685 681 663 263 264 564
1 3600 524
36
53 54 211 93 67 72 76 386 424 588 821 819 745 733 734 738 711 687 115 112 346 357 354 366 524 667 655 656 323 326 615 616 521 522 337 334
1 3600 524
44
447 219 216 203 95 90 71 72 78 723 189 161 158 451 454 501 498 711 708 815 751 748 221 222 524 669 23 16 661 549 550 145 105 106 317 318 534 685 681 663 664 761 335 303
1 3600 308
10
48 332 203 204 199 196 61 62 382 381
1 3600 524
16
447 219 211 93 94 89 45 46 81 33 27 24 40 127 122 380
1 3600 524
37
48 332 203 95 67 72 74 424 590 748 221 222 524 667 537 507 495 245 242 700 369 370 391 392 472 309 310 523 343 344 486 647 585 582 601 543 540
1 3600 524
45
53 54 211 93 67 72 78 723 718 717 712 729 689 115 112 346 357 352 667 655 656 549 497 245 239 234 663 263 260 293 294 513 510 793 153 146 481 482 676 832 631 628 634 638 648
1 3600 35
4
215 210 218 446
1 3600 61
11
445 442 219 216 203 95 67 72 76 386 422
1 3600 55
3
423 424 588
1 3600 55
3
386 424 588
1 3600 55
7
215 93 90 71 72 74 424
1 3600 149
16
442 219 216 203 95 67 72 78 723 718 717 714 451 454 501 498
1 3600 524
12
69 72 78 723 720 821 819 745 741 742 815 349
1 3600 524
5
423 424 590 748 836
1 3600 524
29
449 219 211 93 67 72 78 723 718 717 712 729 689 115 112 346 357 352 669 23 18 537 507 495 245 242 700 753 756
1 3600 524
41
69 72 76 386 424 588 821 819 745 741 742 815 751 461 456 470 746 13 14 354 366 524 669 23 16 661 323 328 145 105 106 546 786 685 681 663 664 515 510 793 794
1 3600 524
38
423 424 588 187 161 158 451 454 501 498 711 703 111 112 346 357 352 667 655 656 549 497 109 106 546 786 685 287 288 167 168 766 770 822 817 421 416 624
1 3600 44
9
213 210 216 203 89 45 46 81 82
1 3600 51
3
93 90 71
1 3600 51
4
77 73 70 191
1 3600 142
5
203 95 67 72 78
1 3600 327
14
449 219 216 203 204 206 71 72 78 723 718 717 712 729
1 3600 524
15
213 93 67 72 74 424 590 748 221 222 524 667 19 16 726
1 3600 524
36
219 216 203 95 67 72 78 723 189 161 158 451 454 501 502 689 115 112 346 357 354 366 524 669 23 16 661 323 326 615 611 612 658 263 264 562
1 3600 524
32
219 211 93 67 72 76 386 424 588 821 819 745 741 742 815 751 748 221 222 524 667 537 507 495 245 242 700 439 440 397 398 472
1 3600 524
35
203 204 206 71 72 78 723 718 717 712 729 689 115 112 346 357 352 667 655 656 323 326 615 616 521 343 299 300 275 278 631 628 634 638 650
1 3600 327
11
77 73 70 207 199 193 194 59 64 415 99
1 3600 524
12
445 442 219 211 93 90 191 194 59 62 382 724
1 3600 524
41
445 442 219 216 203 95 67 72 74 424 590 748 221 222 524 667 537 507 508 550 145 105 106 237 234 682 690 389 392 472 309 310 337 303 300 304 585 582 529 526 586
1 3600 524
40
386 424 588 821 819 745 741 742 815 349 346 357 352 669 23 16 661 549 497 245 239 234 663 664 515 510 789 790 781 175 176 824 828 832 631 628 634 638 401 402
1 3600 291
5
73 66 94 202 333
1 3600 19
8
425 75 73 66 92 210 218 443
1 3600 57
3
721 722 79
1 3600 17
11
78 723 189 161 158 451 452 734 738 711 687
1 3600 163
9
821 157 158 451 454 501 498 711 703
1 3600 403
3
590 748 836
1 3600 524
30
588 821 819 745 741 742 815 751 461 458 465 466 13 14 354 366 524 667 537 507 495 245 242 700 753 756 808 810 475 476
1 3600 524
32
78 723 718 717 712 729 689 115 112 346 357 352 669 23 16 653 656 549 497 109 106 317 318 534 685 287 290 370 556 804 803 231
1 3600 524
30
78 723 718 717 712 729 689 115 112 346 357 354 225 222 524 667 655 656 323 326 615 616 620 309 306 285 280 796 481 183
1 3600 169
9
589 425 75 73 70 207 199 196 39
1 3600 66
11
187 188 722 79 73 70 207 208 81 33 36
1 3600 83
7
588 821 819 731 451 454 504
1 3600 524
9
821 819 745 741 742 815 349 346 678
1 3600 524
9
590 748 221 222 524 669 23 16 661
1 3600 524
26
588 187 161 158 451 454 501 498 711 703 111 112 346 357 352 667 537 507 508 550 145 105 106 237 234 663
1 3600 524
36
821 819 745 741 742 815 751 748 221 224 366 524 667 537 507 495 245 242 700 369 370 391 392 297 294 513 510 789 790 799 797 273 278 631 628 634
1 3600 524
14
589 425 387 77 73 70 191 192 196 61 62 382 377 378
1 3600 524
12
721 722 79 73 70 207 199 29 24 40 127 124
1 3600 524
40
821 157 158 715 712 729 689 115 112 346 357 354 366 524 669 23 16 661 549 497 109 106 546 786 685 681 663 659 613 610 616 521 343 344 486 647 585 582 529 526
1 3600 524
21
590 748 221 222 524 667 655 656 323 326 615 616 521 343 344 486 647 585 582 601 598
1 3600 524
14
455 450 159 154 719 722 79 73 66 94 202 217 218 446
1 3600 154
8
820 589 425 75 73 66 92 214
1 3600 53
6
818 820 589 425 387 77
1 3600 53
4
450 159 160 186
1 3600 53
7
502 728 713 716 719 722 79
1 3600 54
3
738 711 687
1 3600 57
5
686 708 815 363 364
1 3600 57
8
819 745 741 742 709 703 111 112
1 3600 57
6
454 504 729 689 115 112
1 3600 116
7
745 741 742 815 751 748 838
1 3600 476
16
703 111 112 346 357 352 667 537 507 495 245 242 700 753 756 808
1 3600 524
28
452 734 736 742 815 349 346 357 352 669 23 16 661 549 550 145 105 106 546 786 685 287 288 167 168 766 249 246
1 3600 524
27
741 742 815 751 461 456 463 466 13 14 354 366 524 667 655 656 549 497 245 239 234 663 664 761 285 151 146
1 3600 476
13
733 453 450 159 160 188 722 79 73 66 94 89 86
1 3600 249
12
735 732 744 818 820 589 425 75 73 70 191 194
1 3600 134
4
715 716 719 722
1 3600 62
6
737 735 453 450 159 154
1 3600 62
4
499 500 504 713
1 3600 403
6
815 349 346 357 352 669
1 3600 524
12
703 111 112 346 357 354 225 222 524 667 537 507
1 3600 524
29
742 815 751 748 221 222 524 669 23 16 661 323 328 145 105 106 317 318 534 685 681 682 690 389 392 472 309 306 335
1 3600 524
27
741 737 738 711 687 115 112 346 357 352 667 537 507 495 245 242 700 439 440 397 398 472 309 310 337 303 300
1 3600 524
22
710 499 502 728 713 716 719 722 79 73 70 207 208 81 33 27 24 42 340 99 102 120
1 3600 524
17
740 744 818 820 589 425 387 77 73 66 90 207 199 196 200 59 62
1 3600 524
42
737 738 711 703 111 112 346 357 354 366 524 667 655 656 549 497 109 106 237 234 663 263 260 293 294 513 510 789 790 781 179 182 484 828 832 631 628 634 638 648 403 267
1 3600 524
26
734 736 742 815 751 748 221 222 524 669 23 16 661 323 326 615 616 521 343 299 300 304 585 582 601 598
1 3600 524
17
362 814 743 740 744 731 159 160 188 722 79 73 66 94 202 217 55
1 3600 524
14
113 114 688 728 713 716 719 722 79 73 66 92 210 218
1 3600 158
8
362 814 743 740 744 818 820 589
1 3600 35
6
361 362 814 709 710 499
1 3600 35
4
362 814 743 740
1 3600 65
3
111 112 348
1 3600 29
8
111 112 346 357 352 667 537 538
1 3600 29
4
751 748 221 224
1 3600 142
14
349 346 357 354 366 524 669 23 18 537 507 508 497 245
1 3600 349
20
707 111 112 346 357 352 667 655 656 549 550 145 105 106 546 786 685 681 663 664
1 3600 524
27
361 362 751 748 221 222 524 667 537 507 495 245 242 700 369 291 288 167 168 766 770 822 817 763 419 416 626
1 3600 524
18
365 362 349 113 114 688 728 713 716 719 722 79 73 70 191 192 29 30
1 3600 524
14
361 362 814 743 740 744 818 820 589 425 75 73 70 207
1 3600 524
9
705 702 710 499 500 455 450 159 160
1 3600 87
10
705 702 710 499 500 455 450 159 160 188
1 3600 107
11
705 111 112 346 357 354 366 524 669 23 18
1 3600 218
11
707 111 112 346 357 352 667 655 656 323 328
1 3600 524
15
751 748 221 222 524 669 23 16 661 549 497 109 106 317 318
1 3600 524
25
365 362 349 346 357 352 667 537 507 495 245 239 234 682 690 389 392 472 309 306 285 280 273 278 631
1 3600 524
28
361 362 349 113 114 688 728 713 716 719 722 79 73 66 94 89 45 46 81 33 27 24 42 338 406 412 129 117
1 3600 524
19
814 743 740 744 818 820 589 425 387 77 73 70 207 199 193 194 201 61 62
1 3600 524
24
346 357 354 366 524 667 655 656 323 326 615 616 521 343 344 486 647 585 582 601 543 540 592 606
1 3600 524
33
346 357 352 669 23 16 661 549 550 145 105 106 237 234 663 664 515 510 793 153 146 481 482 676 832 631 628 634 638 401 402 641 642
1 3600 524
12
460 591 425 75 73 66 94 202 333 49 50 56
1 3600 524
6
223 220 749 591 425 422
1 3600 476
4
591 425 387 77
1 3600 131
6
224 355 356 347 113 114
1 3600 69
6
225 220 749 750 363 360
1 3600 69
7
367 355 356 347 113 110 704
1 3600 69
4
11 14 356 347
1 3600 69
4
837 749 750 363
1 3600 40
11
469 470 746 13 14 354 225 222 524 667 537
1 3600 73
10
352 667 537 507 508 497 245 242 700 753
1 3600 73
19
14 354 366 524 669 23 16 661 323 328 145 105 106 546 786 685 681 682 692
1 3600 73
16
225 222 524 667 537 507 495 245 242 700 753 756 808 810 475 476
1 3600 73
18
11 14 352 669 23 16 653 656 549 497 245 242 700 753 754 131 134 250
1 3600 73
17
459 460 748 221 222 524 667 537 507 495 245 242 700 753 756 808 810
1 3600 85
17
221 222 524 667 655 656 549 497 109 106 546 786 685 287 290 370 391
1 3600 374
24
366 524 669 23 16 661 323 328 145 105 106 237 234 663 263 260 293 294 674 766 770 822 785 782
1 3600 524
24
539 536 666 353 356 347 113 114 688 728 713 716 719 722 79 73 66 94 89 45 46 81 82 314
1 3600 524
9
12 747 471 457 460 591 425 75 73
1 3600 524
13
536 666 353 356 347 113 114 688 728 713 716 719 722
1 3600 291
16
9 12 467 464 459 460 750 814 709 710 499 500 455 450 159 154
1 3600 69
3
524 669 23
1 3600 69
4
11 14 356 678
1 3600 48
20
462 457 460 748 221 222 524 667 537 507 495 245 239 234 663 263 264 564 566 574
1 3600 158
16
471 457 460 748 221 222 524 667 655 656 549 550 145 105 106 546
1 3600 524
17
746 13 14 352 669 23 16 661 323 326 615 616 521 522 337 303 300
1 3600 524
18
464 459 460 591 425 387 77 73 70 191 194 59 64 127 122 380 377 378
1 3600 524
14
460 591 425 75 73 66 94 204 199 196 61 62 382 724
1 3600 524
29
14 352 667 537 507 508 497 245 242 700 439 440 397 398 472 309 310 523 343 344 486 647 585 582 529 530 540 592 604
1 3600 524
36
221 222 524 667 655 656 549 497 109 106 317 318 534 685 681 663 664 515 510 789 790 781 179 180 826 842 431 428 832 631 628 634 638 648 493 490
1 3600 524
36
695 517 477 474 811 809 757 752 701 243 244 496 548 660 17 22 668 525 367 355 356 347 113 114 688 728 713 716 719 722 79 73 66 94 202 333
1 3600 524
33
693 683 235 236 107 104 144 329 322 657 654 666 353 356 347 113 110 702 710 499 500 455 450 159 160 188 722 79 73 66 92 210 218
1 3600 524
30
695 517 477 474 811 809 757 752 701 243 244 494 506 536 666 525 223 220 749 750 814 743 740 744 818 820 589 425 387 77
1 3600 476
16
236 107 108 496 548 660 17 22 668 525 367 355 356 347 113 114
1 3600 154
13
809 757 752 701 243 244 494 506 536 666 353 356 347
1 3600 67
15
496 548 657 652 17 22 668 525 223 224 355 15 12 467 462
1 3600 67
14
809 757 752 701 243 244 494 506 536 666 353 15 12 467
1 3600 67
22
130 758 802 805 691 683 680 684 787 547 107 104 144 329 322 657 654 666 525 223 220 836
1 3600 67
26
229 230 802 805 557 371 291 286 684 535 319 316 107 104 144 551 548 660 17 22 668 525 367 355 15 12
1 3600 67
10
143 144 551 509 506 536 666 525 223 220
1 3600 49
7
693 690 804 395 396 441 438
1 3600 77
14
811 809 757 754 758 802 805 389 392 297 294 674 169 164
1 3600 77
5
809 757 754 131 132
1 3600 77
5
809 757 752 369 291
1 3600 77
14
560 139 136 227 230 802 805 557 371 291 288 167 168 764
1 3600 77
6
807 757 752 439 440 397
1 3600 77
7
440 397 398 297 294 513 514
1 3600 77
6
229 230 802 805 557 371
1 3600 111
21
477 474 811 809 757 752 369 370 391 392 472 309 306 285 280 273 276 483 484 830 7
1 3600 524
27
807 757 752 701 243 244 496 548 657 654 19 22 668 525 223 220 749 591 425 75 73 66 94 202 333 330 350
1 3600 524
20
238 244 494 506 536 666 353 356 347 113 114 688 728 713 716 719 722 79 73 66
1 3600 524
23
438 701 243 244 496 548 660 17 22 668 525 223 220 749 750 814 743 740 733 453 450 159 160
1 3600 524
15
701 243 244 494 506 536 666 353 356 347 113 114 688 728 713
1 3600 99
7
701 243 244 496 548 657 654
1 3600 59
10
754 758 802 805 691 683 680 684 535 319
1 3600 59
9
245 239 234 663 263 264 564 566 574
1 3600 59
7
243 239 236 107 104 144 698
1 3600 43
5
693 683 680 684 535
1 3600 276
16
109 106 317 318 534 685 681 663 664 761 335 283 280 273 278 631
1 3600 524
26
243 244 496 509 506 536 666 525 223 220 749 591 425 387 77 73 70 207 208 81 33 27 24 40 127 122
1 3600 524
34
693 683 663 659 613 610 614 327 322 660 17 22 668 353 356 347 348 814 743 740 744 818 820 721 722 79 73 70 191 192 196 200 59 62
1 3600 403
17
693 690 389 392 472 309 306 335 303 300 304 585 582 529 526 586 594
1 3600 524
20
251 252 139 136 227 230 802 805 389 392 472 621 521 343 344 486 647 585 582 608
1 3600 524
37
150 282 336 523 520 617 614 327 322 657 654 666 525 367 355 356 347 113 110 702 710 499 500 455 450 159 160 188 722 79 73 66 94 202 217 218 446
1 3600 524
25
133 130 755 752 701 243 244 494 506 536 666 525 223 220 749 750 814 743 740 744 818 820 589 425 387
1 3600 524
22
227 230 802 805 691 683 235 236 107 104 144 329 322 660 17 22 668 525 223 220 749 591
1 3600 524
26
397 394 805 691 683 680 684 787 547 107 108 496 548 657 654 666 353 356 347 113 110 702 710 499 500 455
1 3600 476
25
801 802 805 557 371 291 286 684 787 547 107 104 144 329 322 660 17 22 668 525 367 355 356 347 113
1 3600 95
15
514 665 662 235 236 107 108 494 506 536 666 525 223 220 836
1 3600 93
9
675 295 292 261 262 662 235 238 244
1 3600 93
4
801 759 131 134
1 3600 93
11
150 284 760 665 662 680 684 787 547 107 108
1 3600 93
14
511 512 295 296 393 388 804 803 231 226 137 138 253 135
1 3600 93
8
759 755 756 808 810 475 476 518
1 3600 93
6
805 691 683 235 238 244
1 3600 93
16
284 307 308 473 393 390 371 368 753 756 808 810 475 476 516 694
1 3600 90
7
802 395 398 297 294 674 169
1 3600 90
3
823 771 767
1 3600 90
5
397 398 297 294 513
1 3600 101
8
148 247 248 770 822 817 421 416
1 3600 101
13
370 391 392 472 309 306 285 151 146 481 482 676 429
1 3600 101
13
293 294 513 510 789 790 781 775 772 173 176 826 840
1 3600 101
6
151 146 481 183 180 824
1 3600 101
10
291 288 167 168 766 770 822 785 782 781
1 3600 101
19
801 802 805 389 392 472 309 310 337 283 280 796 798 783 784 817 763 419 416
1 3600 101
10
293 294 674 766 770 822 817 421 255 258
1 3600 101
14
293 294 513 510 793 153 146 481 484 830 843 5 2 184
1 3600 101
14
557 371 291 288 167 168 766 770 822 817 763 419 416 626
1 3600 524
41
771 249 246 149 150 282 336 523 520 617 614 327 322 657 654 666 525 223 220 749 750 814 709 710 499 500 455 450 715 716 719 722 79 73 66 94 202 333 330 350 358
1 3600 524
29
165 166 289 286 684 787 547 107 104 144 551 548 660 17 22 668 525 223 220 749 591 425 75 73 70 207 199 193 194
1 3600 524
22
388 691 683 235 238 244 496 509 506 536 666 353 356 347 113 114 688 728 713 716 719 722
1 3600 524
21
396 441 438 701 243 244 494 506 536 666 353 356 347 348 814 743 740 744 818 157 154
1 3600 327
11
150 284 307 308 621 617 614 327 322 657 652
1 3600 88
12
292 261 262 662 680 684 535 319 316 107 104 140
1 3600 88
10
788 511 514 665 662 680 684 535 319 320
1 3600 99
18
801 802 805 389 392 472 309 306 285 280 273 278 631 628 634 638 401 404
1 3600 99
6
795 153 150 282 303 298
1 3600 99
9
823 771 767 169 166 289 286 684 787
1 3600 99
10
792 511 512 295 292 261 262 662 680 684
1 3600 99
9
133 130 755 752 369 370 556 691 683
1 3600 99
6
163 166 289 286 684 535
1 3600 99
6
282 336 523 520 617 614
1 3600 60
9
513 510 789 790 799 797 273 274 304
1 3600 524
41
246 788 511 514 665 662 235 236 107 108 496 548 660 17 22 668 525 367 355 356 347 113 114 688 728 713 716 719 722 79 73 70 207 208 81 33 27 24 40 127 122
1 3600 524
27
253 135 130 755 752 701 243 244 494 506 536 666 525 223 220 749 591 425 387 77 73 70 191 192 196 61 62
1 3600 238
13
153 146 481 482 277 278 631 628 634 638 648 403 267
1 3600 228
16
515 510 789 790 781 175 176 824 828 832 631 628 634 638 401 402
1 3600 524
44
259 254 420 816 785 782 799 797 281 284 307 308 621 617 614 327 322 657 654 19 22 668 525 223 220 749 750 814 743 737 735 453 450 159 160 188 722 79 73 66 92 210 55 52
1 3600 524
32
182 482 277 274 301 298 342 520 617 614 327 322 657 654 666 353 356 347 348 814 743 740 744 818 820 589 425 75 73 66 92 214
1 3600 524
27
842 831 485 480 147 152 792 511 514 665 662 235 236 107 104 144 551 548 660 17 22 668 525 223 220 749 591
1 3600 524
31
841 827 177 174 780 791 788 511 512 295 292 261 262 662 235 238 244 496 509 506 536 666 353 356 347 113 114 688 503 500 455
1 3600 524
26
427 428 677 277 272 281 284 307 308 473 399 396 441 438 701 243 244 494 506 536 666 525 367 355 356 347
1 3600 374
17
181 182 482 277 274 301 298 342 520 617 614 327 322 660 17 22 668
1 3600 122
11
480 797 281 284 307 308 473 393 388 691 692
1 3600 153
8
147 152 792 511 512 295 296 399
1 3600 153
9
436 816 823 771 249 246 788 511 514
1 3600 153
7
762 816 823 771 767 675 295
1 3600 153
6
178 780 791 788 511 512
1 3600 153
12
427 428 677 277 274 301 302 336 311 308 473 399
1 3600 153
11
254 418 762 816 823 771 767 675 295 296 393
1 3600 153
7
798 791 247 248 767 169 162
1 3600 153
15
172 773 774 179 182 480 797 281 284 307 308 473 393 388 804
1 3600 153
8
797 281 284 307 308 473 399 396
1 3600 153
8
777 774 780 783 784 823 771 767
1 3600 153
8
762 816 823 771 767 675 295 292
1 3600 153
7
623 417 420 816 823 771 249
1 3600 153
3
780 783 784
1 3600 153
10
427 430 831 485 480 147 148 247 248 770
1 3600 153
16
637 629 630 279 272 281 282 336 311 308 473 393 388 804 395 396
1 3600 156
5
784 817 421 416 626
1 3600 156
4
257 254 418 433
1 3600 156
10
177 174 780 783 784 817 763 419 416 626
1 3600 156
7
762 816 785 782 799 797 273
1 3600 524
40
637 629 630 279 274 301 302 334 760 665 662 680 684 787 547 107 104 144 551 548 657 654 666 353 356 347 113 114 688 728 713 716 719 722 79 73 70 207 199 29
1 3600 524
37
176 181 182 480 147 152 792 511 514 665 662 235 236 107 108 496 509 506 536 666 525 223 220 749 750 814 743 740 744 818 820 589 425 387 77 73 66
1 3600 524
36
173 176 824 828 677 277 274 304 646 487 345 342 520 617 614 327 322 660 17 22 668 525 367 355 356 347 113 110 702 710 499 500 455 450 159 160
1 3600 524
24
791 788 511 514 665 662 235 238 244 496 548 657 654 666 525 223 220 749 750 814 709 687 688 728
1 3600 524
22
259 254 420 816 823 771 767 169 166 289 286 684 787 547 107 108 494 506 536 19 22 672
1 3600 187
12
174 780 791 788 511 512 295 292 261 264 564 566
1 3600 122
9
842 831 485 482 277 274 301 298 342
1 3600 122
13
633 629 630 279 272 281 284 760 665 662 680 684 535
1 3600 122
8
179 182 480 147 150 282 336 523
1 3600 149
12
420 816 785 782 791 149 150 282 303 298 344 486
1 3600 149
12
435 432 762 816 785 782 781 179 180 824 828 832
1 3600 149
11
762 816 785 782 799 797 273 278 631 628 634
1 3600 149
9
481 484 828 832 631 628 634 638 650
1 3600 149
15
625 417 420 816 823 771 249 246 149 150 282 303 298 344 486
1 3600 149
11
257 254 418 762 816 785 782 799 797 273 274
1 3600 524
39
427 428 677 277 272 281 284 307 308 473 393 390 371 368 701 243 244 496 548 657 654 666 525 223 220 749 591 425 75 73 70 191 194 59 64 415 411 412 129
1 3600 524
44
623 417 420 816 823 771 767 169 166 289 286 684 787 547 107 104 144 551 548 660 17 22 668 353 356 347 113 114 688 728 713 716 719 722 79 73 70 207 199 196 61 62 382 724
1 3600 374
20
418 762 816 823 771 249 246 149 150 282 303 300 304 585 582 601 543 540 592 604
1 3600 187
17
257 254 420 816 785 782 781 179 182 482 277 274 304 585 582 601 543
1 3600 110
11
41 25 26 32 80 47 44 88 202 217 55
1 3600 110
9
554 35 32 80 209 205 202 333 49
1 3600 110
12
409 339 43 38 200 195 190 91 92 210 218 446
1 3600 106
8
83 80 209 206 71 72 76 386
1 3600 106
4
44 88 202 217
1 3600 194
7
351 331 332 203 95 67 72
1 3600 524
12
46 209 206 71 72 78 723 718 717 712 729 689
1 3600 524
19
331 332 203 95 67 72 78 723 189 161 158 451 454 501 498 711 708 815 363
1 3600 524
16
410 414 65 60 197 198 206 71 72 74 424 590 461 458 465 466
1 3600 524
22
28 193 190 71 72 76 386 424 590 748 221 222 524 667 537 507 495 245 242 700 753 754
1 3600 524
24
27 28 198 206 71 72 74 424 590 748 221 222 524 669 23 16 661 549 497 245 242 700 439 440
1 3600 524
34
35 32 80 209 206 71 72 76 386 424 590 748 221 222 524 667 655 656 323 326 615 616 521 522 337 283 151 148 247 248 770 822 817 421
1 3600 114
9
45 46 81 33 27 24 42 340 411
1 3600 114
6
47 44 88 202 333 233
1 3600 114
13
359 351 331 332 203 89 45 46 81 33 27 24 42
1 3600 126
7
409 339 43 38 197 193 190
1 3600 126
7
331 332 203 204 199 196 61
1 3600 126
8
409 406 410 414 65 58 195 192
1 3600 126
8
375 359 351 331 332 203 95 90
1 3600 126
9
373 359 351 331 332 203 204 206 191
1 3600 126
3
81 33 36
1 3600 126
6
554 35 27 28 198 206
1 3600 327
8
44 88 95 67 72 78 723 189
1 3600 524
16
409 406 412 97 100 124 63 58 195 190 71 72 78 723 718 717
1 3600 524
16
80 209 206 71 72 74 424 590 748 221 222 524 669 23 16 726
1 3600 524
31
341 43 38 197 198 206 91 67 72 78 723 718 717 712 729 689 115 112 346 357 352 667 537 507 508 550 145 105 106 317 320
1 3600 524
26
315 83 80 209 206 71 72 76 386 424 590 748 221 224 366 524 669 23 16 661 323 326 615 616 521 522
1 3600 524
39
340 414 65 60 197 198 205 95 67 72 78 723 718 717 712 729 689 115 112 346 357 352 667 655 656 323 326 615 616 521 343 299 300 275 278 631 628 634 638
1 3600 118
11
85 45 46 81 33 27 24 40 127 101 102
1 3600 118
5
410 99 102 120 379
1 3600 118
5
340 99 102 120 379
1 3600 118
5
27 24 40 127 122
1 3600 118
8
31 24 40 127 124 382 377 378
1 3600 169
8
554 35 27 24 38 200 59 62
1 3600 524
45
373 359 351 331 332 203 95 67 72 78 723 189 161 158 451 454 501 498 711 708 815 751 748 221 222 524 667 537 507 495 109 106 237 234 663 664 761 335 303 300 304 585 582 529 526
1 3600 524
40
88 95 67 72 74 424 588 821 819 745 741 742 815 349 346 357 354 366 524 669 23 16 661 323 326 615 616 521 343 344 486 647 585 582 529 526 269 266 402 641
1 3600 116
10
37 32 80 47 44 88 202 217 218 446
1 3600 24
9
200 195 190 91 92 210 218 443 444
1 3600 60
4
72 76 386 424
1 3600 228
7
71 72 78 723 718 155 158
1 3600 524
13
72 78 723 189 161 158 451 454 501 498 711 703 706
1 3600 524
9
95 67 72 74 424 590 748 221 222
1 3600 524
31
58 195 190 71 72 78 723 718 717 712 729 689 115 112 346 357 352 667 537 507 495 245 242 700 753 756 808 810 475 476 518
1 3600 524
33
206 71 72 76 386 424 588 821 819 745 741 742 815 751 748 221 222 524 667 655 656 549 550 145 105 106 546 786 685 287 288 167 162
1 3600 524
34
198 206 71 72 78 723 718 717 712 729 689 115 112 346 357 352 669 23 16 661 549 497 245 239 234 663 664 515 510 789 790 781 775 772
1 3600 43
4
29 26 32 82
1 3600 43
4
191 192 29 30
1 3600 43
7
94 202 333 330 350 358 372
1 3600 71
6
70 207 199 193 194 201
1 3600 46
10
197 193 190 91 67 72 74 424 588 187
1 3600 238
6
95 67 72 78 723 718
1 3600 524
15
192 198 206 71 72 76 386 424 590 748 221 222 524 669 23
1 3600 524
19
95 67 72 78 723 718 717 712 729 689 115 112 346 357 354 366 524 667 655
1 3600 524
20
67 72 74 424 588 821 819 745 741 742 815 349 346 357 352 667 655 656 323 326
1 3600 524
33
71 72 76 386 424 590 748 221 222 524 667 537 507 495 109 106 546 786 685 681 663 664 761 285 280 273 276 676 832 631 628 634 638
1 3600 76
9
66 90 191 194 59 62 382 377 378
1 3600 77
6
207 199 196 61 62 382
1 3600 524
53
197 193 190 71 72 78 723 189 161 158 451 454 501 502 689 115 112 346 357 354 366 524 669 23 18 537 507 508 550 145 105 106 237 234 682 690 389 392 472 309 310 523 343 344 486 647 585 582 601 543 540 587 579
1 3600 524
46
91 67 72 74 424 588 821 819 745 741 742 815 751 748 221 222 524 669 23 16 661 549 497 245 239 234 663 263 260 293 294 513 510 793 153 146 481 484 828 832 631 628 634 638 648 493
1 3600 524
7
79 73 66 92 210 55 52
1 3600 90
6
188 722 79 73 66 92
1 3600 33
3
188 722 79
1 3600 83
3
161 158 730
1 3600 374
8
161 158 451 454 501 498 711 703
1 3600 524
12
161 158 451 452 734 736 742 815 751 461 456 470
1 3600 524
22
161 158 715 712 729 689 115 112 346 357 352 667 537 507 495 245 242 700 753 754 131 134
1 3600 524
25
723 718 717 712 729 689 115 112 346 357 352 667 655 656 323 328 145 105 106 546 786 685 681 682 690
1 3600 524
39
723 718 155 158 451 454 501 498 711 708 815 349 346 357 354 366 524 669 23 16 661 549 497 109 106 317 318 534 685 681 663 664 515 510 789 790 781 175 172
1 3600 174
8
79 73 70 191 194 59 64 415
1 3600 31
10
186 589 425 387 77 73 70 207 199 193
1 3600 39
5
723 718 717 712 729
1 3600 524
15
161 156 819 745 741 742 815 751 748 221 222 524 669 23 20
1 3600 524
16
723 718 717 712 729 689 115 112 346 357 352 667 537 507 508 550
1 3600 524
25
723 718 717 712 729 689 115 112 346 357 354 366 524 667 655 656 549 497 245 242 700 369 370 391 392
1 3600 524
23
161 158 451 452 732 741 742 815 751 748 221 222 524 667 655 656 323 326 615 616 521 343 344
1 3600 437
15
79 73 66 90 207 208 81 33 27 24 40 127 122 380 377
1 3600 291
10
79 73 70 191 192 196 61 62 382 724
1 3600 524
41
161 158 451 454 501 498 711 703 111 112 346 357 352 667 537 507 495 109 106 546 786 685 287 290 370 391 392 472 309 310 523 343 344 486 647 585 582 529 530 540 592
1 3600 524
36
161 156 819 745 741 742 815 349 346 357 354 366 524 669 23 16 661 549 497 245 239 234 663 659 613 610 616 521 343 344 486 647 585 582 601 596
1 3600 524
12
160 186 589 425 75 73 66 94 202 217 55 51
1 3600 276
12
728 713 716 719 722 79 73 66 92 210 218 443
1 3600 68
6
505 455 450 730 818 820
1 3600 25
5
158 451 452 734 736
1 3600 74
8
158 451 454 501 498 711 703 706
1 3600 210
10
729 689 115 112 346 357 352 667 537 538
1 3600 524
16
712 505 501 498 711 708 815 751 748 221 222 524 667 537 507 495
1 3600 524
21
689 115 112 346 357 352 669 23 16 661 323 328 145 105 106 237 234 663 664 515 510
1 3600 524
32
720 589 590 461 456 463 466 13 14 354 366 524 669 23 16 653 656 549 497 245 242 700 439 440 397 398 472 309 306 285 280 273
1 3600 476
8
719 722 79 73 66 94 89 84
1 3600 210
12
156 820 589 425 387 77 73 70 207 199 196 61
1 3600 327
10
712 729 689 115 112 346 357 352 669 672
1 3600 524
19
717 714 730 745 741 742 815 751 748 221 222 524 667 537 507 508 550 145 140
1 3600 524
23
158 451 454 501 498 711 703 111 112 346 357 354 366 524 667 655 656 323 326 615 616 620 309
1 3600 524
25
717 712 729 689 115 112 346 357 352 667 537 507 495 109 106 317 318 534 685 681 663 664 761 335 303
1 3600 524
16
713 716 719 722 79 73 70 191 194 201 39 40 127 122 119 120
1 3600 524
12
722 79 73 66 94 204 199 196 200 59 62 382
1 3600 524
39
714 451 452 732 741 742 815 751 748 221 222 524 669 23 16 661 549 497 245 239 234 663 263 260 293 296 472 309 310 337 303 300 304 585 582 529 526 586 592
1 3600 524
24
717 712 729 689 115 112 346 357 354 366 524 667 655 656 323 326 615 616 521 343 344 486 647 585
1 3600 524
22
17 22 668 353 15 12 747 471 468 459 460 591 425 75 73 66 94 202 333 49 50 56
1 3600 524
20
673 668 525 367 225 220 749 750 814 743 740 744 818 820 589 425 387 77 73 68
1 3600 524
9
673 668 525 223 220 749 591 425 75
1 3600 291
11
653 654 666 353 356 347 348 814 743 740 744
1 3600 81
8
22 668 525 367 355 356 347 113
1 3600 44
4
673 668 525 223
1 3600 44
3
21 18 666
1 3600 69
14
23 16 661 549 497 245 242 700 753 754 131 134 250 558
1 3600 187
14
18 537 507 508 550 145 105 106 546 786 685 287 290 370
1 3600 524
17
661 323 328 145 105 106 546 786 685 287 288 167 168 766 770 822 817
1 3600 524
29
727 17 22 668 353 356 347 113 110 702 710 739 735 453 450 159 160 188 722 79 73 66 94 202 333 330 350 358 372
1 3600 524
13
653 654 666 525 223 220 749 591 425 387 77 73 70
1 3600 524
18
668 525 367 355 356 347 113 110 702 710 499 500 455 450 159 154 719 722
1 3600 291
6
679 347 113 114 688 728
1 3600 138
6
17 22 668 353 356 678
1 3600 45
13
21 18 537 507 495 245 239 234 663 263 264 564 568
1 3600 45
12
655 656 549 497 109 106 237 234 663 263 264 562
1 3600 158
12
16 661 549 550 145 105 106 317 318 534 685 681
1 3600 524
23
21 18 537 507 495 245 242 700 439 440 397 398 472 309 306 285 280 273 278 631 628 634 638
1 3600 524
26
673 668 525 223 220 749 750 814 743 740 744 818 820 589 425 75 73 70 207 208 81 33 27 24 40 127
1 3600 524
18
21 18 666 525 223 220 749 591 425 387 77 73 70 191 194 59 62 382
1 3600 476
23
655 656 323 326 615 616 521 343 299 300 275 278 631 628 634 638 401 404 581 578 586 592 604
1 3600 524
22
537 507 495 245 242 700 369 370 556 389 392 472 309 310 337 303 300 304 585 582 601 596
1 3600 524
24
107 108 494 506 536 666 353 356 347 113 114 688 728 713 716 719 722 79 73 66 92 210 55 56
1 3600 524
33
141 144 551 509 506 536 666 525 367 355 15 12 747 471 457 460 750 814 743 740 744 818 820 589 425 75 73 66 94 202 217 218 448
1 3600 524
20
322 657 654 666 353 356 347 113 110 702 710 499 500 455 450 159 160 188 722 79
1 3600 524
12
325 322 657 654 666 525 223 220 749 750 814 709
1 3600 238
18
265 262 662 235 238 244 494 506 536 666 525 367 355 356 347 113 110 704
1 3600 43
11
699 551 548 660 17 22 668 353 15 12 747
1 3600 77
18
318 534 685 681 682 690 804 803 231 228 755 756 808 810 475 476 516 696
1 3600 77
10
321 318 534 685 287 290 368 753 756 808
1 3600 77
7
497 245 242 700 753 756 806
1 3600 77
10
145 105 106 237 234 682 690 804 803 759
1 3600 72
8
567 565 265 262 662 682 690 804
1 3600 72
9
546 786 685 681 663 263 260 293 294
1 3600 169
14
265 260 293 294 513 510 793 153 146 481 183 178 775 776
1 3600 524
16
654 666 525 223 220 749 591 425 387 77 73 66 94 202 333 233
1 3600 524
30
575 567 565 265 262 662 235 238 244 494 506 536 666 353 356 347 113 114 688 728 713 716 719 722 79 73 70 207 199 196
1 3600 524
24
321 316 107 104 144 329 322 660 17 22 668 525 367 355 356 347 348 814 743 740 744 731 159 160
1 3600 524
19
325 322 657 654 666 525 223 220 749 750 814 709 710 499 500 455 450 159 154
1 3600 63
7
144 551 548 660 17 22 672
1 3600 63
18
573 567 565 265 262 662 680 684 787 547 107 108 496 509 506 536 19 20
1 3600 53
10
105 106 237 234 663 263 264 564 566 572
1 3600 84
10
495 245 242 700 369 370 391 392 472 309
1 3600 84
7
656 549 497 109 106 546 786
1 3600 84
6
571 565 265 262 662 682
1 3600 84
6
325 326 615 616 521 343
1 3600 84
10
699 145 105 106 237 234 663 659 613 610
1 3600 84
5
495 245 239 234 663
1 3600 187
9
318 534 685 681 663 664 761 335 303
1 3600 524
38
577 567 565 265 262 662 235 238 244 494 506 536 666 525 223 220 749 591 425 75 73 66 94 89 45 46 81 33 27 24 42 338 406 412 129 117 120 379
1 3600 524
23
322 657 654 666 353 356 347 113 114 688 728 713 716 719 722 79 73 70 191 194 201 61 62
1 3600 92
23
321 318 534 685 681 663 664 515 510 793 153 146 481 482 676 832 631 628 634 638 648 403 267
1 3600 249
14
699 329 326 615 616 521 343 344 486 647 585 582 601 596
1 3600 524
28
327 322 660 17 22 668 525 367 355 356 347 348 814 743 740 744 818 820 589 425 387 77 73 66 92 210 218 446
1 3600 524
20
262 662 680 684 535 319 316 107 108 496 509 506 536 666 525 223 220 749 591 425
1 3600 524
23
613 610 614 327 322 657 654 666 353 15 12 467 464 459 460 750 814 743 740 744 818 820 589
1 3600 524
37
581 271 268 527 528 583 584 646 487 345 342 522 311 308 473 393 390 371 368 701 243 244 496 548 660 17 22 668 353 356 347 113 114 686 710 739 735
1 3600 524
13
614 327 322 657 654 666 525 367 355 356 347 113 110
1 3600 154
11
319 316 107 108 494 506 536 666 525 223 220
1 3600 47
9
620 473 393 388 804 803 231 228 755
1 3600 50
5
393 388 804 803 800
1 3600 50
4
308 473 393 390
1 3600 50
11
534 685 681 682 690 804 803 231 226 137 138
1 3600 50
4
297 294 674 764
1 3600 40
7
309 306 285 280 796 481 484
1 3600 524
44
581 578 527 528 583 584 646 487 345 342 520 617 611 612 658 662 235 238 244 496 548 660 17 22 668 353 356 347 113 114 688 728 713 716 719 722 79 73 70 207 208 81 82 312
1 3600 524
24
522 311 308 473 399 396 441 438 701 243 244 494 506 536 666 525 223 220 749 591 425 75 73 70
1 3600 524
22
610 614 327 322 657 652 17 22 668 525 223 220 749 750 814 743 737 735 453 450 159 160
1 3600 524
18
393 390 371 368 701 243 244 494 506 536 666 353 356 347 113 114 688 728
1 3600 249
28
581 271 268 586 541 542 600 583 584 305 301 302 334 760 665 662 680 684 787 547 107 104 144 551 548 660 17 22
1 3600 61
5
787 547 107 104 140
1 3600 61
6
319 316 107 108 496 548
1 3600 61
18
405 400 639 635 629 630 279 272 796 147 152 792 511 512 295 292 261 264
1 3600 61
11
617 611 612 658 662 235 236 107 104 144 698
1 3600 41
4
681 663 659 613
1 3600 41
5
343 299 300 275 278
1 3600 41
3
521 343 344
1 3600 524
38
787 547 107 104 144 551 509 506 536 666 525 367 355 356 347 348 814 709 710 499 500 455 450 159 160 188 722 79 73 66 90 207 199 196 61 64 127 122
1 3600 524
21
617 614 327 322 657 654 666 525 223 220 749 591 425 387 77 73 70 191 194 59 62
1 3600 32
17
690 389 392 472 309 306 285 280 273 278 631 628 634 638 401 267 270
1 3600 58
10
664 761 335 303 300 304 585 582 601 596
1 3600 524
43
639 635 629 630 279 272 281 284 307 308 473 399 396 441 438 701 243 244 496 548 660 17 22 668 353 356 347 113 114 688 728 713 716 719 722 79 73 66 94 202 217 55 56
1 3600 524
29
302 334 760 665 662 235 238 244 494 506 536 666 525 367 225 220 749 750 814 743 740 744 818 820 589 425 75 73 68
1 3600 524
23
487 345 342 520 617 614 327 322 657 654 666 525 367 355 356 347 348 814 743 740 744 818 820
1 3600 524
28
833 829 485 480 147 152 792 511 514 665 662 235 238 244 496 548 660 17 22 668 353 356 347 113 110 702 710 739
1 3600 524
25
629 630 279 272 281 284 307 308 473 393 390 371 368 701 243 244 494 506 536 666 525 223 220 749 750
1 3600 524
21
302 336 311 308 473 399 396 441 438 701 243 244 496 548 657 652 17 22 668 353 356
1 3600 228
13
487 345 342 522 311 308 473 393 388 804 803 759 131
1 3600 41
22
635 629 630 833 829 825 181 178 780 791 788 511 512 295 296 393 388 804 803 231 226 137
1 3600 38
8
300 275 276 483 183 180 826 840
1 3600 38
7
630 833 829 825 177 174 780
1 3600 524
36
487 345 342 520 617 614 327 322 657 654 666 525 367 355 15 12 467 462 457 460 591 425 387 77 73 66 94 89 45 46 81 33 27 24 40 415
1 3600 524
32
301 302 334 760 665 662 680 684 787 547 107 104 144 551 509 506 536 666 353 356 347 113 114 688 728 713 716 719 722 79 73 70
1 3600 524
39
279 272 796 798 783 784 823 771 767 169 166 289 286 684 535 319 316 107 108 496 548 660 17 22 668 525 223 220 749 750 814 709 710 499 500 455 450 159 160
1 3600 524
26
487 345 342 520 617 611 612 658 662 235 236 107 108 494 506 536 666 525 367 355 356 347 113 114 688 728
1 3600 524
22
635 629 630 833 677 483 480 147 152 792 511 514 665 662 235 238 244 496 548 660 17 20
1 3600 163
8
487 345 342 520 617 614 327 322
1 3600 32
14
651 639 635 629 630 279 274 301 302 336 523 520 617 614
1 3600 32
10
630 279 272 281 284 307 308 621 617 614
1 3600 83
8
651 639 635 629 630 279 274 301
1 3600 524
54
651 639 635 629 630 833 829 825 177 172 773 774 780 791 788 511 512 295 292 261 262 662 680 684 787 547 107 104 144 551 548 657 654 666 525 223 220 749 591 425 75 73 66 94 204 199 196 39 40 127 122 380 377 378
1 3600 524
53
651 639 635 629 630 833 829 485 480 147 152 792 511 512 295 296 393 390 371 368 701 243 244 494 506 536 19 22 668 353 356 347 113 110 702 710 499 500 455 450 159 160 188 722 79 73 70 191 194 59 62 382 724
1 3600 105
7
300 304 585 582 529 526 269
1 3600 28
7
631 628 634 638 648 493 488
1 3600 403
12
117 118 123 126 41 25 28 198 205 202 333 49
1 3600 291
16
128 97 100 126 41 25 26 32 80 47 44 88 202 217 218 448
1 3600 524
13
100 124 63 60 200 195 190 71 72 76 386 424 588
1 3600 524
18
117 118 380 383 63 60 197 198 205 95 67 72 74 424 588 821 819 745
1 3600 524
23
413 407 339 43 25 26 32 80 209 206 71 72 78 723 720 821 819 745 741 742 815 363 364
1 3600 524
15
126 65 58 195 190 91 67 72 76 386 424 590 748 221 224
1 3600 524
35
103 98 414 41 25 28 198 206 71 72 74 424 590 461 458 465 466 13 14 352 667 537 507 508 497 245 242 700 753 756 808 810 475 476 518
1 3600 524
34
98 341 43 25 26 32 80 47 44 88 95 67 72 76 386 424 590 748 221 222 524 669 23 16 661 323 328 145 105 106 546 786 685 287
1 3600 524
34
118 123 124 63 58 195 190 71 72 74 424 590 748 221 222 524 667 655 656 549 497 109 106 546 786 685 287 288 167 168 766 770 822 817
1 3600 54
4
101 96 413 407
1 3600 54
5
376 383 125 126 41
1 3600 54
9
97 100 126 41 25 26 32 82 312
1 3600 72
5
98 414 65 60 197
1 3600 524
13
376 383 63 60 197 198 205 95 67 72 78 723 189
1 3600 524
9
124 63 58 195 190 71 72 78 723
1 3600 524
25
128 413 410 341 43 25 26 32 80 209 205 95 67 72 78 723 718 717 712 729 689 115 112 346 678
1 3600 524
26
118 123 126 65 60 197 198 206 71 72 76 386 424 590 748 221 222 524 667 537 507 495 109 106 317 320
1 3600 524
27
380 383 63 58 195 190 91 67 72 74 424 590 461 456 470 746 13 14 352 669 23 16 661 323 326 615 616
1 3600 524
50
117 103 98 414 41 25 26 32 80 47 44 88 95 67 72 78 723 718 155 158 451 454 501 498 711 708 815 349 346 357 354 366 524 667 655 656 549 497 245 242 700 439 440 397 398 472 309 310 337 303
1 3600 78
3
97 102 120
1 3600 65
6
129 117 120 379 376 724
1 3600 524
50
118 123 126 41 25 28 198 206 71 72 78 723 720 821 819 745 741 742 815 751 748 221 222 524 667 537 507 495 245 239 234 663 664 515 510 789 790 781 175 176 824 828 832 631 628 634 638 401 404 581
1 3600 524
31
100 124 63 58 195 190 71 72 76 386 424 590 748 221 222 524 669 23 16 661 323 326 615 616 521 343 344 486 647 585 582
1 3600 524
11
725 383 63 60 197 198 205 202 217 55 52
1 3600 349
9
725 383 63 58 195 190 91 92 210
1 3600 437
17
381 123 126 41 25 26 32 80 47 44 88 95 67 72 74 424 588
1 3600 524
16
383 63 60 197 198 206 71 72 78 723 718 155 158 451 452 734
1 3600 524
20
383 63 58 195 190 91 67 72 76 386 424 588 821 819 745 741 742 815 363 360
1 3600 524
19
125 126 41 25 26 32 80 209 206 71 72 74 424 590 461 458 469 463 466
1 3600 524
32
63 60 197 198 205 95 67 72 78 723 718 717 712 729 689 115 112 346 357 352 667 655 656 549 497 245 242 700 753 754 131 134
1 3600 524
31
63 58 195 190 71 72 78 723 189 161 158 451 454 501 498 711 703 111 112 346 357 352 667 537 507 495 245 242 700 369 370
1 3600 524
48
381 123 126 41 25 26 32 80 47 44 88 95 67 72 78 723 718 717 712 729 689 115 112 346 357 354 366 524 669 23 16 661 549 550 145 105 106 237 234 663 263 260 293 294 513 510 789 790
1 3600 76
6
725 381 123 126 41 25
1 3600 43
4
383 63 60 197
1 3600 238
10
383 63 58 201 197 198 206 71 72 78
1 3600 524
12
383 63 58 195 190 91 67 72 78 723 189 161
1 3600 524
30
725 381 123 126 41 25 26 32 80 209 205 95 67 72 76 386 424 588 821 819 745 741 742 815 751 748 221 222 524 669
1 3600 524
20
63 60 197 198 206 71 72 74 424 590 748 221 222 524 667 537 507 508 550 145
1 3600 524
25
63 58 195 190 71 72 78 723 718 717 712 729 689 115 112 346 357 352 667 655 656 323 326 615 611
1 3600 524
51
383 125 126 41 25 26 32 80 47 44 88 95 67 72 76 386 424 588 821 819 745 741 742 815 349 346 357 352 669 23 16 661 549 497 245 239 234 663 664 515 510 793 153 146 481 482 676 832 631 628 634
1 3600 524
52
725 383 63 60 197 198 206 71 72 78 723 189 161 158 451 454 501 498 711 703 111 112 346 357 354 366 524 667 537 507 495 245 242 700 439 440 397 398 472 309 310 523 343 344 486 647 585 582 601 543 540 594
1 3600 524
49
725 381 123 126 65 58 195 190 91 67 72 74 424 590 748 221 222 524 669 23 16 661 323 328 145 105 106 546 786 685 681 682 690 389 392 472 309 306 285 280 273 278 631 628 634 638 648 641 642
1 3600 524
45
595 541 542 600 583 584 646 487 345 342 522 311 308 473 399 396 441 438 701 243 244 494 506 536 666 525 223 220 749 750 814 743 740 744 818 820 721 722 79 73 66 92 210 55 56
1 3600 524
42
578 527 528 583 584 305 301 302 336 311 308 473 393 388 691 683 235 236 107 104 144 329 322 660 17 22 668 353 15 12 467 464 459 460 591 425 387 77 73 66 92 212
1 3600 524
32
603 593 541 542 600 583 584 646 487 345 342 520 617 614 327 322 657 654 666 525 367 355 356 347 348 814 743 740 744 818 820 589
1 3600 524
33
593 541 531 528 583 584 305 301 302 334 760 665 662 680 684 787 547 107 108 496 509 506 536 666 525 223 220 749 750 814 743 740 744
1 3600 524
31
527 528 583 584 646 487 345 342 522 311 308 473 393 390 371 368 701 243 244 496 548 660 17 22 668 353 356 347 348 363 364
1 3600 476
28
607 593 541 542 600 583 584 305 301 302 334 307 308 473 393 388 691 683 235 236 107 104 144 551 548 657 654 666
1 3600 291
19
587 527 528 583 584 646 487 345 342 520 620 473 399 396 441 438 701 243 244
1 3600 149
19
605 593 587 579 271 266 402 649 639 635 629 630 833 677 483 480 147 152 794
1 3600 238
21
579 580 405 400 639 635 629 630 833 429 430 843 827 181 178 780 783 784 817 437 434
1 3600 524
42
593 541 542 600 583 584 646 487 345 342 520 617 614 327 322 660 17 22 668 525 367 355 356 347 113 114 688 728 713 716 719 722 79 73 70 207 208 81 33 27 24 42
1 3600 524
38
593 541 542 600 583 584 305 301 302 334 760 665 662 680 684 535 319 316 107 108 494 506 536 666 525 223 220 749 591 425 75 73 66 90 207 199 196 61
1 3600 524
44
595 587 269 266 402 649 639 635 629 630 279 272 796 798 791 247 248 767 169 166 289 286 684 787 547 107 104 144 551 548 657 654 666 353 356 347 113 114 688 728 713 716 719 722
1 3600 524
44
607 593 587 527 528 583 584 646 487 345 342 522 311 308 473 393 388 691 683 235 238 244 494 506 536 19 22 668 525 367 355 356 347 113 110 702 710 499 500 455 450 159 160 188
1 3600 524
15
527 528 583 584 646 487 345 342 520 617 614 327 322 660 726
1 3600 69
30
587 579 580 405 400 639 635 629 630 833 829 825 177 174 780 791 788 511 512 295 292 261 262 662 235 236 107 104 144 329
1 3600 43
9
527 528 583 584 305 301 302 336 311
1 3600 43
14
266 402 649 639 635 629 630 279 272 281 284 307 308 473
1 3600 93
9
605 593 541 542 600 583 584 646 487
1 3600 524
51
593 541 542 600 583 584 305 301 302 334 307 308 473 393 390 371 368 701 243 244 496 509 506 536 666 525 223 220 749 750 814 743 740 733 453 450 159 154 719 722 79 73 70 191 194 59 64 415 99 96 129
1 3600 524
52
603 593 587 269 266 400 639 635 629 630 833 677 483 480 147 148 247 248 767 169 166 289 286 684 787 547 107 108 496 548 657 652 17 22 668 525 223 220 749 591 425 387 77 73 66 94 204 199 196 61 62 382
1 3600 51
9
607 593 587 579 580 405 402 493 490
1 3600 51
3
527 530 544
1 3600 524
41
491 492 649 639 635 629 630 279 272 796 798 791 788 511 514 665 662 235 238 244 494 506 536 666 353 356 347 113 114 688 728 713 716 719 722 79 73 66 94 202 333
1 3600 524
45
643 640 649 639 635 629 630 833 829 485 480 147 152 792 511 514 665 662 680 684 535 319 316 107 104 144 329 322 657 654 666 353 15 12 747 471 457 460 591 425 75 73 66 92 212
1 3600 524
34
609 583 584 646 487 345 342 520 617 614 327 322 660 17 22 668 525 367 355 356 347 113 110 702 710 499 500 455 450 159 160 188 722 79
1 3600 524
30
600 583 584 305 301 302 336 311 308 473 399 396 441 438 701 243 244 494 506 536 666 525 223 220 749 750 814 709 710 499
1 3600 524
35
645 640 403 400 639 635 629 630 833 829 825 181 178 780 791 788 511 512 295 292 261 262 662 235 238 244 496 548 657 654 666 353 356 347 113
1 3600 524
23
583 584 646 487 345 342 520 617 614 327 322 660 17 22 668 525 367 355 15 12 467 462 468
1 3600 476
14
528 583 584 305 301 302 334 307 308 473 393 388 691 692
1 3600 169
9
640 649 639 635 629 630 279 272 281
1 3600 149
24
640 403 400 639 635 629 630 833 429 430 843 827 177 172 773 774 780 783 784 817 763 419 255 258
1 3600 524
50
492 649 639 635 629 630 279 272 796 798 783 784 823 771 767 169 166 289 286 684 787 547 107 108 496 509 506 536 666 525 223 220 749 750 814 743 740 744 818 820 589 425 75 73 70 207 208 81 33 34
1 3600 524
37
583 584 646 487 345 342 522 311 308 473 393 390 371 368 701 243 244 496 548 660 17 22 668 353 356 347 113 114 688 728 713 716 719 722 79 73 70
1 3600 524
40
400 639 635 629 630 833 677 483 480 147 152 792 511 514 665 662 680 684 535 319 316 107 104 144 551 548 657 654 666 353 356 347 113 114 688 728 713 716 719 722
1 3600 524
31
400 639 635 629 630 279 272 281 284 760 665 662 235 238 244 494 506 536 666 525 223 220 749 750 814 743 737 735 453 450 159
1 3600 524
32
643 640 649 639 635 629 630 833 829 485 480 147 148 788 511 512 295 292 261 262 662 680 684 787 547 107 104 144 551 548 660 726
1 3600 228
16
599 600 583 584 646 487 345 342 520 620 473 297 292 261 264 564
1 3600 98
23
643 640 649 639 635 629 630 833 829 825 177 174 780 791 247 248 767 169 166 289 286 684 787
1 3600 98
14
403 400 639 635 629 630 279 272 281 282 336 523 520 617
1 3600 89
7
489 492 649 639 635 629 630
1 3600 89
6
645 640 403 400 639 635
1 3600 89
6
609 529 526 269 266 400
1 3600 524
44
584 305 301 302 334 307 308 473 399 396 441 438 701 243 244 494 506 536 19 22 668 525 223 220 749 591 425 387 77 73 66 94 89 45 46 81 33 27 24 40 127 122 380 377
1 3600 524
43
489 492 403 267 268 527 528 583 584 646 487 345 342 520 617 614 327 322 657 654 666 525 367 355 356 347 348 814 743 740 744 818 820 589 425 75 73 70 191 194 59 62 382
1 3600 93
6
491 492 403 404 581 271
1 3600 93
4
545 531 526 579
1 3600 93
3
530 540 594
1 3600 69
6
640 403 267 270 578 527
