283
1 3600 105
4
159 156 426 532
1 3600 33
11
154 521 335 331 307 173 166 35 32 99 93
1 3600 33
16
249 250 256 521 509 341 336 450 83 78 325 169 170 113 110 184
1 3600 197
13
157 152 180 302 305 173 170 254 296 29 25 22 26
1 3600 316
23
533 501 502 89 85 86 130 176 523 519 431 432 455 456 343 346 329 326 319 316 267 245 242
1 3600 316
9
159 152 180 299 281 211 201 202 272
1 3600 26
6
152 178 133 87 84 88
1 3600 61
5
429 157 154 521 335
1 3600 186
11
249 250 256 521 509 341 336 450 345 346 524
1 3600 316
20
427 424 497 495 492 407 117 109 106 381 379 369 370 437 57 58 351 352 311 312
1 3600 316
15
152 175 63 64 523 487 263 260 53 47 40 514 289 11 3
1 3600 316
4
429 424 497 393
1 3600 316
10
152 175 63 66 114 423 420 415 416 405
1 3600 316
14
249 250 256 521 509 506 518 367 368 219 216 382 396 488
1 3600 316
21
159 152 178 133 130 176 103 104 527 233 230 413 411 401 383 384 442 51 47 40 512
1 3600 316
17
154 521 335 81 78 325 328 524 55 60 209 206 293 290 9 6 214
1 3600 70
9
111 112 171 172 306 330 334 520 155
1 3600 70
11
253 113 37 34 167 172 304 303 181 153 158
1 3600 70
16
98 33 34 476 327 324 79 82 451 337 340 508 520 257 251 248
1 3600 84
9
92 98 33 36 112 171 172 301 298
1 3600 84
19
33 34 167 168 328 347 342 457 454 433 365 366 522 177 174 153 158 251 246
1 3600 84
7
185 182 434 29 25 22 26
1 3600 84
5
37 38 29 25 22
1 3600 84
5
31 25 22 26 148
1 3600 84
6
185 111 112 171 166 475
1 3600 84
8
91 92 98 434 29 25 22 26
1 3600 144
13
529 333 331 325 326 447 321 316 267 264 199 200 193
1 3600 316
18
31 28 297 255 171 168 326 447 127 124 349 352 354 482 309 271 197 194
1 3600 49
17
101 98 33 34 476 327 328 441 436 387 217 220 380 107 108 116 406
1 3600 71
11
39 34 476 327 324 79 82 451 448 454 458
1 3600 71
12
302 333 81 82 451 337 338 430 518 487 484 107
1 3600 71
12
111 112 171 168 328 347 344 451 337 338 430 516
1 3600 71
14
185 182 33 34 476 447 127 128 525 347 342 460 371 368
1 3600 72
11
92 98 183 111 112 171 166 475 317 322 348
1 3600 72
12
521 509 506 431 432 455 456 343 346 524 463 349
1 3600 197
12
521 509 506 518 367 370 437 57 60 141 134 206
1 3600 316
11
33 34 475 267 264 199 204 223 187 190 363
1 3600 316
12
529 303 181 178 75 76 84 88 491 494 393 390
1 3600 288
9
250 159 152 175 63 66 114 161 162
1 3600 316
12
98 33 36 112 171 168 328 441 438 445 442 488
1 3600 316
9
33 34 476 319 322 352 356 374 512
1 3600 316
18
112 171 168 326 447 127 124 349 350 139 134 206 293 285 11 3 4 68
1 3600 226
15
27 23 24 28 297 255 171 172 306 330 334 520 155 156 426
1 3600 43
7
149 27 23 24 28 435 99
1 3600 43
6
471 468 474 35 36 112
1 3600 43
6
467 468 317 318 477 35
1 3600 65
8
149 27 23 24 28 39 34 167
1 3600 39
6
25 22 26 150 235 238
1 3600 39
5
473 468 267 245 242
1 3600 316
8
166 475 267 264 276 211 193 194
1 3600 211
15
471 468 317 322 350 59 56 438 261 262 486 522 65 62 131
1 3600 52
18
473 468 317 322 350 372 137 140 45 46 50 397 400 410 412 414 526 105
1 3600 33
8
473 468 317 320 127 128 525 347
1 3600 33
9
473 468 267 268 310 356 207 135 138
1 3600 61
6
172 301 281 277 278 309
1 3600 316
15
24 17 20 255 171 168 328 524 463 349 352 354 295 290 119
1 3600 316
25
467 468 317 322 348 462 55 56 436 387 382 398 404 417 231 232 421 422 115 116 406 493 494 393 394
1 3600 316
18
149 27 23 24 28 435 33 34 476 327 328 441 438 445 385 382 400 410
1 3600 316
8
306 79 82 345 342 460 387 382
1 3600 316
16
149 27 23 24 28 297 255 171 168 328 524 55 60 45 40 512
1 3600 316
17
24 28 39 34 476 447 321 316 267 268 312 483 295 290 9 6 214
1 3600 316
11
280 298 181 178 75 76 84 88 503 425 428
1 3600 121
9
239 234 151 27 23 24 28 435 183
1 3600 58
6
203 198 265 266 469 472
1 3600 58
14
239 234 151 27 23 24 17 20 255 171 166 475 469 470
1 3600 58
9
244 266 474 167 170 254 21 16 25
1 3600 67
13
151 27 23 24 28 39 34 476 319 316 267 245 240
1 3600 49
4
211 193 196 272
1 3600 316
19
244 268 310 356 374 41 46 52 261 258 379 376 486 522 177 131 87 84 88
1 3600 197
14
241 244 268 310 353 348 125 128 525 347 342 457 454 433
1 3600 42
11
277 278 483 295 292 207 208 61 56 438 445
1 3600 48
8
243 244 268 310 356 207 135 136
1 3600 48
16
151 27 23 24 28 297 255 171 168 326 447 127 124 349 352 311
1 3600 98
6
277 199 202 270 223 187
1 3600 316
31
237 234 151 27 23 24 28 39 34 167 168 324 79 82 451 448 454 433 365 366 522 65 62 131 87 84 88 503 497 393 390
1 3600 316
13
196 270 308 483 295 285 288 515 41 46 50 397 398
1 3600 316
16
202 272 227 187 188 479 123 118 9 2 10 288 515 41 46 50
1 3600 316
10
243 244 268 310 353 350 139 140 45 42
1 3600 316
28
239 234 151 27 23 24 28 435 33 34 476 327 328 441 57 58 372 137 134 206 374 514 289 11 3 4 68 214
1 3600 316
7
283 280 298 181 153 156 428
1 3600 316
10
283 277 265 266 474 35 32 99 93 94
1 3600 263
13
227 187 190 123 118 291 294 355 353 323 320 446 477
1 3600 30
6
273 203 198 265 245 242
1 3600 263
4
283 211 193 194
1 3600 316
28
275 227 187 188 479 363 121 118 291 292 207 135 136 373 59 56 436 371 368 378 380 107 108 67 62 131 132 75
1 3600 316
8
283 280 300 304 333 81 82 451
1 3600 243
13
195 192 210 277 278 483 355 353 348 462 525 347 342
1 3600 93
7
283 277 278 313 310 356 207
1 3600 59
6
227 187 190 123 118 358
1 3600 316
23
283 277 265 266 317 318 327 324 330 334 509 506 518 522 177 131 87 84 88 491 494 393 394
1 3600 316
22
283 277 278 483 295 285 288 515 41 46 52 445 385 217 218 376 484 107 104 535 423 418
1 3600 316
12
275 273 203 204 308 483 295 292 207 208 45 46
1 3600 316
8
283 277 278 313 310 356 374 512
1 3600 316
11
283 211 201 204 223 187 190 123 118 9 6
1 3600 67
13
19 20 255 171 172 304 333 334 520 155 156 426 532
1 3600 67
11
15 20 255 171 172 306 79 80 334 520 155
1 3600 46
4
19 20 255 252
1 3600 226
22
73 74 133 130 63 64 523 487 377 378 221 216 384 444 439 440 524 129 126 321 316 469
1 3600 316
14
176 103 106 381 259 260 53 47 40 375 357 311 269 245
1 3600 316
21
407 117 114 161 164 405 399 396 51 47 44 209 206 293 290 119 122 191 186 226 274
1 3600 54
5
505 89 85 86 130
1 3600 72
9
490 89 85 77 74 179 180 302 333
1 3600 72
8
130 63 64 523 367 364 432 458
1 3600 72
7
86 130 176 523 519 431 339
1 3600 72
3
130 63 64
1 3600 72
14
499 495 492 407 117 109 106 485 377 369 364 339 336 452
1 3600 98
17
89 85 86 130 63 66 109 106 381 221 216 386 437 57 58 351 323
1 3600 316
14
19 20 255 113 37 34 167 168 328 524 55 60 141 136
1 3600 316
23
495 492 407 117 114 534 527 415 413 411 401 396 51 47 40 514 289 11 3 8 119 120 362
1 3600 69
16
19 20 255 171 172 304 303 181 178 75 76 84 88 503 497 393
1 3600 90
10
496 502 89 85 86 130 176 103 104 535
1 3600 316
14
496 502 89 85 86 130 63 64 523 487 263 260 53 47
1 3600 316
16
491 492 407 117 114 423 418 511 405 399 383 384 444 53 48 96
1 3600 316
19
407 117 109 106 485 377 219 216 384 442 51 47 40 514 289 11 3 4 68
1 3600 80
8
107 108 116 406 493 490 503 500
1 3600 69
4
450 83 80 332
1 3600 69
9
455 449 450 83 78 307 173 170 254
1 3600 69
10
450 345 346 329 169 166 35 32 99 100
1 3600 69
7
339 336 450 83 80 332 528
1 3600 58
11
455 456 343 346 329 169 170 113 37 38 29
1 3600 226
14
507 341 336 450 345 346 524 463 349 352 311 269 245 240
1 3600 316
14
370 437 57 58 139 134 206 357 354 482 309 223 226 274
1 3600 61
9
365 366 522 65 62 131 87 84 88
1 3600 61
12
81 82 451 337 338 430 518 522 177 131 87 84
1 3600 61
11
509 506 518 522 65 62 131 87 84 88 504
1 3600 61
12
338 365 368 378 380 107 108 116 406 493 490 504
1 3600 46
4
64 523 519 431
1 3600 67
7
507 508 335 331 325 326 319
1 3600 67
5
365 368 378 259 260
1 3600 67
6
448 456 460 437 57 58
1 3600 67
4
432 455 456 343
1 3600 67
5
368 219 216 384 444
1 3600 67
8
509 341 336 450 345 346 524 55
1 3600 138
11
369 370 461 343 346 524 129 124 349 352 311
1 3600 316
12
370 437 57 60 209 206 293 290 119 122 478 189
1 3600 166
10
376 484 107 108 116 406 493 494 393 388
1 3600 69
6
103 104 527 233 230 413
1 3600 69
5
380 107 104 535 423
1 3600 109
7
365 368 219 216 382 396 51
1 3600 316
7
368 378 259 260 53 48 96
1 3600 316
15
432 455 456 460 437 57 60 141 134 206 293 285 11 3 6
1 3600 288
12
54 525 347 344 451 337 340 508 520 155 156 426
1 3600 39
6
54 525 329 169 170 254
1 3600 62
4
465 349 323 316
1 3600 62
7
440 524 129 126 446 477 167
1 3600 62
8
386 461 457 449 450 83 78 307
1 3600 54
10
444 439 57 58 351 352 311 269 245 240
1 3600 316
12
57 58 372 137 134 206 357 354 482 279 276 282
1 3600 117
15
322 350 59 56 436 387 382 398 404 165 160 115 67 62 131
1 3600 62
7
59 54 525 347 344 451 452
1 3600 62
4
525 329 324 330
1 3600 62
7
327 324 79 82 451 448 454
1 3600 62
5
79 82 451 337 338
1 3600 62
7
127 128 525 441 438 261 258
1 3600 34
3
447 127 124
1 3600 58
4
349 352 354 482
1 3600 58
6
346 524 463 349 352 311
1 3600 58
3
352 311 314
1 3600 58
6
126 321 316 267 268 312
1 3600 197
11
319 316 267 264 199 202 270 223 187 188 479
1 3600 316
11
445 442 397 400 410 412 414 421 422 115 116
1 3600 79
4
385 382 400 408
1 3600 38
7
127 128 525 441 436 387 382
1 3600 176
7
321 322 352 354 295 285 286
1 3600 316
16
307 301 281 211 201 202 272 227 187 190 363 121 118 9 4 68
1 3600 316
11
315 269 266 317 318 327 324 330 334 520 257
1 3600 176
13
480 355 353 348 125 126 446 477 35 32 99 93 94
1 3600 62
11
480 355 353 323 320 446 477 35 38 29 25
1 3600 51
3
205 198 265
1 3600 51
17
480 482 313 269 266 474 167 170 254 296 29 25 22 26 150 235 238
1 3600 158
8
293 290 119 122 191 186 226 274
1 3600 316
11
292 207 208 61 56 436 371 366 522 177 174
1 3600 126
6
353 348 462 525 347 344
1 3600 60
6
205 200 210 280 300 306
1 3600 60
6
315 310 356 207 135 138
1 3600 60
4
315 269 266 317
1 3600 60
5
140 61 56 438 261
1 3600 60
7
41 46 50 443 385 386 461
1 3600 58
3
294 482 313
1 3600 55
5
482 309 223 187 188
1 3600 55
5
134 206 293 290 358
1 3600 316
15
483 295 292 374 41 46 50 397 398 404 510 419 422 115 116
1 3600 316
13
285 288 515 41 46 50 397 400 410 412 231 232 421
1 3600 117
7
288 515 41 46 52 445 442
1 3600 80
3
374 514 536
1 3600 243
5
289 11 3 6 214
1 3600 316
18
359 119 120 362 478 189 186 222 271 197 192 210 280 298 181 153 156 428
1 3600 316
15
2 10 284 294 355 353 348 125 126 446 477 35 32 99 100
1 3600 316
18
8 291 292 207 135 136 373 59 56 440 329 169 170 113 110 182 434 29
1 3600 79
18
225 222 308 279 265 266 474 167 170 254 21 16 25 22 26 150 235 236
1 3600 79
4
222 271 197 194
1 3600 316
14
186 226 273 203 198 265 266 474 35 36 112 254 21 14
1 3600 316
9
291 292 207 208 61 56 438 261 262
1 3600 126
12
225 222 308 313 310 353 350 59 56 436 387 217
1 3600 108
4
123 118 291 294
1 3600 108
10
187 188 479 123 118 291 292 207 135 136
1 3600 108
8
479 363 121 118 9 2 10 288
1 3600 108
6
191 186 222 308 483 481
1 3600 108
5
9 2 10 288 515
1 3600 117
4
13 3 4 70
1 3600 316
20
122 191 186 226 273 203 200 210 280 298 181 178 75 76 84 88 491 494 393 388
1 3600 316
15
359 9 2 10 288 515 41 46 50 397 398 402 412 414 526
1 3600 316
13
123 118 291 292 207 135 140 61 56 438 445 385 382
1 3600 263
8
359 9 2 10 288 515 41 42
1 3600 121
3
9 4 68
1 3600 316
3
392 496 425
1 3600 316
19
391 392 495 490 89 85 77 74 179 180 302 305 173 170 113 110 182 99 93
1 3600 316
15
117 109 102 523 519 507 508 335 332 305 173 166 475 469 472
1 3600 316
17
117 67 62 174 180 299 300 173 166 35 38 29 25 22 26 150 235
1 3600 316
15
389 392 496 502 89 85 77 74 179 180 299 281 211 193 194
1 3600 37
3
395 392 496
1 3600 85
14
392 495 490 89 85 86 130 176 523 367 364 339 336 452
1 3600 263
14
117 114 423 420 415 413 411 401 396 443 444 439 440 524
1 3600 316
15
117 114 161 164 405 399 396 51 47 40 514 289 284 294 481
1 3600 316
22
392 496 502 89 85 86 130 63 66 109 106 381 221 216 384 444 53 47 40 514 289 11
1 3600 316
5
395 392 495 492 407
1 3600 46
13
395 392 495 490 89 85 86 130 63 66 114 534 527
1 3600 316
16
392 496 502 89 85 86 130 176 103 104 527 233 230 413 403 399
1 3600 316
20
389 392 495 490 89 85 86 130 63 64 523 487 263 260 53 47 40 514 289 286
1 3600 316
20
392 495 492 407 117 114 423 418 511 405 399 396 51 47 40 514 289 11 3 6
1 3600 316
10
229 232 526 105 102 65 62 174 153 158
1 3600 197
13
401 383 386 461 343 346 329 169 170 113 37 32 99
1 3600 316
15
105 106 485 486 519 507 508 335 331 325 326 319 316 469 472
1 3600 316
20
422 534 105 106 485 377 369 364 432 455 449 450 83 80 332 303 299 281 211 193
1 3600 316
19
417 413 411 401 383 386 437 57 60 209 206 357 311 312 279 199 202 197 194
1 3600 69
3
115 67 62
1 3600 99
9
534 105 106 381 379 369 364 339 336
1 3600 99
8
409 401 383 386 461 457 449 450
1 3600 99
8
401 383 217 218 376 486 519 507
1 3600 99
7
231 232 526 105 102 523 519
1 3600 100
10
531 511 405 399 396 443 444 439 57 58
1 3600 100
7
164 405 399 383 384 444 439
1 3600 288
7
413 411 401 396 51 47 40
1 3600 316
12
411 401 396 51 47 44 141 134 206 293 290 358
1 3600 65
9
421 422 115 116 406 493 494 393 388
1 3600 117
3
229 230 413
1 3600 85
4
409 401 396 51
1 3600 85
10
229 232 526 105 106 381 259 260 53 47
1 3600 316
18
229 232 526 105 106 485 263 260 53 47 40 514 289 11 3 4 68 212
1 3600 316
17
163 164 405 399 383 386 437 57 60 209 206 293 285 11 3 6 214
1 3600 316
17
443 385 217 220 379 376 486 522 177 131 87 84 88 503 500 427 428
1 3600 288
15
383 386 461 343 344 83 78 307 173 166 35 32 99 93 94
1 3600 288
9
443 444 439 57 54 525 329 326 477
1 3600 316
11
443 444 439 57 58 351 323 316 267 245 242
1 3600 316
13
47 44 141 134 206 357 311 312 309 205 200 193 194
1 3600 288
10
489 397 398 404 165 160 115 116 406 493
1 3600 69
4
52 261 258 379
1 3600 21
11
443 385 217 218 369 364 339 336 450 83 78
1 3600 80
4
40 375 357 354
1 3600 316
9
489 51 47 44 209 206 293 290 119
1 3600 316
8
400 410 412 414 421 422 115 116
1 3600 38
5
397 398 404 510 419
1 3600 83
7
396 51 47 40 514 289 286
1 3600 316
11
489 51 47 40 514 289 11 3 4 68 214
1 3600 316
11
97 49 52 261 262 486 519 507 508 520 257
1 3600 316
12
513 375 357 353 323 318 477 35 32 99 93 90
1 3600 316
18
537 289 284 294 355 353 348 125 126 446 327 169 170 254 296 29 25 22
1 3600 316
5
287 284 294 482 279
1 3600 316
9
513 375 357 311 312 279 199 202 272
1 3600 316
15
43 44 61 56 436 371 366 522 65 62 131 87 84 88 504
1 3600 316
12
537 515 41 46 52 445 385 217 220 380 107 102
1 3600 71
7
513 375 207 135 138 351 348
1 3600 41
7
537 289 284 292 207 135 136
1 3600 166
6
513 514 289 11 3 4
1 3600 316
19
287 288 515 41 46 52 261 262 486 522 177 131 87 84 88 503 497 393 394
1 3600 316
11
537 515 41 46 50 397 400 410 412 416 510
1 3600 62
3
49 50 488
1 3600 316
5
97 43 40 514 536
1 3600 131
5
287 11 3 6 214
1 3600 316
20
215 7 8 291 294 355 353 348 462 525 347 344 451 337 340 508 520 257 251 248
1 3600 316
16
215 69 5 8 291 294 355 353 323 320 446 327 324 330 334 520
1 3600 316
15
215 7 8 119 122 478 189 186 222 205 198 265 266 469 466
1 3600 316
20
215 69 5 2 10 284 294 482 313 269 266 474 35 32 434 29 25 22 26 150
1 3600 316
13
7 8 119 120 362 191 186 226 273 197 192 210 282
1 3600 316
19
69 5 2 10 284 292 207 135 136 373 59 56 436 371 366 522 65 62 131
1 3600 316
12
215 7 2 10 288 515 41 46 52 261 258 380
1 3600 316
9
215 69 5 8 291 294 355 353 323
1 3600 112
9
7 2 10 288 515 375 207 135 136
1 3600 71
6
215 69 5 8 119 122
1 3600 316
17
215 7 2 10 288 515 41 46 52 445 385 217 220 380 107 108 116
1 3600 316
12
215 69 5 2 10 288 515 41 46 50 397 398
1 3600 316
6
7 2 10 288 515 41
1 3600 117
9
69 5 8 291 292 207 208 45 42
