668
1 3600 383
5
517 514 227 228 531
1 3600 252
9
295 288 983 986 998 1004 1202 171 172
1 3600 252
8
517 503 500 707 710 1092 727 722
1 3600 252
8
1183 505 502 514 511 512 1001 987
1 3600 638
11
1185 1143 707 710 1092 727 724 998 1004 1202 171
1 3600 958
13
227 228 299 296 989 265 65 60 72 801 796 1154 1123
1 3600 225
7
228 531 528 535 532 537 540
1 3600 225
12
707 213 214 293 290 29 32 271 268 638 994 1213
1 3600 258
8
1143 501 502 514 511 512 1034 1050
1 3600 958
19
1145 707 213 214 293 290 29 30 1031 63 58 1134 1081 963 957 803 806 105 106
1 3600 958
23
528 247 244 270 836 838 845 840 823 826 1136 1141 285 282 392 1132 969 101 104 1109 1103 1100 1214
1 3600 958
14
295 288 1050 1052 1056 1059 1060 841 842 327 328 207 210 942
1 3600 958
14
295 290 29 26 1068 845 842 327 328 396 877 45 46 145
1 3600 958
26
527 528 247 242 219 224 846 992 1069 1066 1063 775 772 826 1025 1017 1014 1139 285 286 1173 1170 381 384 966 1161
1 3600 958
26
527 528 535 532 1033 543 540 693 179 176 560 596 602 921 919 917 593 590 1040 1089 785 783 781 779 467 468
1 3600 958
18
505 502 514 227 228 531 528 535 532 537 540 53 48 550 562 609 606 626
1 3600 958
26
295 288 983 984 990 63 60 74 1019 1020 1141 285 280 808 1149 187 188 41 38 1200 1037 589 592 895 425 426
1 3600 958
19
511 512 1001 998 1006 1181 799 794 804 968 1133 747 748 964 966 1161 201 196 365
1 3600 958
25
228 299 296 989 265 65 60 72 1079 963 957 803 804 968 1205 1131 1128 447 444 451 452 458 462 464 580
1 3600 958
30
1185 1183 505 502 514 227 228 531 528 247 244 268 638 994 835 832 1211 327 328 207 208 191 192 556 604 633 630 652 658 1188
1 3600 958
32
1143 707 710 1092 727 724 987 984 990 1028 825 826 1136 1141 285 286 435 387 383 380 575 572 405 347 348 379 374 752 401 402 1048 767
1 3600 958
30
514 227 228 531 528 535 317 219 222 636 838 845 842 327 328 396 1084 875 45 43 40 569 570 1042 1090 643 644 377 373 257
1 3600 958
25
511 512 1001 998 1006 1181 931 934 936 1124 1105 953 473 470 475 478 480 484 584 311 314 355 350 791 93
1 3600 958
27
1143 707 213 214 293 290 29 26 1066 1074 1082 841 842 327 328 207 208 883 878 905 117 112 1151 1152 951 948 960
1 3600 958
26
231 228 531 528 535 532 1033 543 540 693 553 550 560 600 632 119 114 414 422 650 339 133 126 735 736 1168
1 3600 958
42
217 214 512 1034 1050 1052 1031 63 58 1134 1081 1076 1139 285 282 394 387 390 964 966 87 71 68 777 778 780 782 786 788 1219 1216 81 82 792 909 910 1054 695 167 17 14 704
1 3600 958
36
502 514 227 228 299 296 989 265 65 60 72 801 794 804 968 1133 507 491 494 522 457 454 478 99 96 576 311 312 612 411 412 273 274 149 150 23
1 3600 186
5
1000 513 215 212 706
1 3600 186
4
726 1093 711 706
1 3600 299
7
1095 727 724 998 1004 1202 863
1 3600 211
9
983 986 998 1006 979 733 730 171 174
1 3600 211
7
1035 1001 998 1004 977 974 1126
1 3600 211
3
998 1006 1181
1 3600 563
16
214 293 290 29 30 1031 63 60 72 801 798 1127 981 873 870 1192
1 3600 239
16
173 170 1203 1005 1002 73 61 62 1028 1070 1065 1068 993 847 539 542
1 3600 210
4
987 984 990 1028
1 3600 210
13
173 170 1203 1005 1002 1079 1080 1135 1023 1024 827 773 774
1 3600 281
10
724 987 984 265 65 58 1134 1081 963 957
1 3600 958
11
862 731 728 864 872 929 926 1120 1122 1107 1103
1 3600 958
15
214 293 290 29 32 836 637 638 994 1213 57 51 48 183 176
1 3600 958
17
721 724 1000 1034 1050 1052 1056 1059 1060 841 842 327 328 207 208 1158 885
1 3600 958
16
214 293 288 1050 1052 1056 1071 771 772 826 1011 1012 1141 285 286 435
1 3600 958
17
724 987 984 990 63 58 1023 1017 1014 1077 963 957 803 806 1109 1103 953
1 3600 958
18
724 987 982 1050 1052 31 26 1068 845 831 832 55 51 48 550 562 609 606
1 3600 958
16
1050 1052 1056 1059 1060 841 842 327 328 207 208 883 880 886 899 419
1 3600 958
18
721 724 987 984 265 65 60 74 1019 1014 1139 285 286 1173 1170 575 199 196
1 3600 958
27
214 293 290 29 26 1064 1071 825 826 1136 1141 285 280 810 815 816 569 570 1042 407 371 368 634 629 621 619 616
1 3600 958
21
709 213 214 293 290 29 32 271 266 219 220 537 540 693 179 176 560 600 630 652 660
1 3600 958
34
724 998 1006 1181 799 796 1111 105 102 108 1128 447 444 451 452 458 462 466 778 780 782 786 788 1219 635 359 356 372 374 752 762 971 235 238
1 3600 958
20
727 724 998 1002 1079 1076 1139 285 280 808 1149 187 184 575 572 405 347 348 647 644
1 3600 958
33
862 731 732 974 981 929 926 1117 1118 1105 1102 111 108 1128 447 442 470 475 478 480 484 584 311 314 355 352 412 273 274 664 668 671 672
1 3600 958
29
984 990 1028 771 772 822 841 842 327 328 396 877 45 46 145 146 325 322 916 918 901 417 115 112 1151 1152 951 161 164
1 3600 958
26
1034 1050 1052 31 32 836 838 845 842 327 328 207 208 1158 1198 319 320 589 594 335 332 133 130 249 250 678
1 3600 958
25
727 724 998 1002 801 794 804 968 1133 747 748 964 966 1161 201 196 365 368 359 356 257 254 135 140 157
1 3600 958
39
711 213 214 512 1034 983 984 265 65 58 1023 1017 1020 1141 285 282 394 387 383 384 966 87 71 68 777 778 780 782 786 788 1219 1216 81 82 792 3 4 35 21
1 3600 737
8
978 1007 999 1000 513 510 515 516
1 3600 221
5
865 729 730 171 172
1 3600 221
3
1005 999 987
1 3600 221
7
930 1180 1007 999 725 726 1094
1 3600 258
6
175 170 731 728 868 1176
1 3600 257
8
175 170 731 728 864 870 303 304
1 3600 257
7
728 868 851 854 1166 1194 1208
1 3600 257
6
1179 853 854 1164 303 300
1 3600 257
4
870 1192 1194 301
1 3600 798
13
1005 1002 73 61 62 1030 1056 1065 1068 839 637 223 220
1 3600 228
17
1179 1177 869 866 1126 799 794 802 956 962 1076 1015 1016 1024 827 822 1061
1 3600 236
9
866 1126 931 934 936 1122 1155 1111 807
1 3600 236
9
851 848 872 980 1126 799 800 1079 1076
1 3600 504
13
175 170 1203 977 974 981 929 926 1120 1122 1107 111 108
1 3600 958
21
854 1166 1194 1115 1118 1105 953 473 443 448 492 433 434 1220 813 816 41 42 44 876 397
1 3600 958
23
981 929 924 936 1122 1107 111 108 1128 913 509 491 494 522 524 966 1161 201 198 567 564 1201 39
1 3600 684
20
978 1181 799 796 1111 105 106 1204 1133 507 508 914 441 438 496 477 455 452 458 67
1 3600 958
14
170 1203 977 974 1126 931 934 936 1124 1105 953 473 470 475
1 3600 958
20
799 794 804 968 1133 747 748 391 383 380 575 572 1041 591 594 890 892 896 902 641
1 3600 958
18
175 170 1203 1005 1002 1079 1076 1139 285 286 1173 1147 187 188 569 564 1037 1038
1 3600 958
25
851 854 1164 303 304 1120 1122 1107 111 108 1128 447 444 451 452 460 480 469 464 580 311 312 614 367 368
1 3600 958
23
848 870 303 300 1115 1118 1105 953 954 441 438 496 477 478 99 96 576 311 312 612 621 619 616
1 3600 958
26
930 799 794 804 968 1133 393 394 387 388 1170 575 572 405 347 348 379 374 750 819 820 131 128 757 754 661
1 3600 958
29
799 796 1111 105 106 1131 1128 447 444 451 452 458 462 464 580 311 314 620 411 353 350 791 277 278 259 254 135 138 972
1 3600 958
25
175 170 1203 1005 1002 1079 1076 1139 285 280 810 815 816 569 570 1042 1090 643 646 379 374 261 258 792 663
1 3600 958
35
175 170 731 732 974 981 929 926 1120 1122 1107 1103 953 473 470 475 478 461 85 71 68 777 778 780 782 786 788 615 612 411 412 273 276 93 88
1 3600 958
29
1005 1002 1079 1076 1139 285 280 808 1149 187 188 41 38 1200 499 325 322 895 425 421 422 648 1151 1152 755 756 760 960 1222
1 3600 958
28
731 732 978 1181 799 794 804 968 1133 747 748 964 966 1161 201 196 365 370 406 1090 739 740 337 332 133 126 713 718
1 3600 958
35
929 924 936 1124 1105 1102 111 108 1128 913 509 491 494 522 524 966 1161 201 196 365 368 359 356 257 254 1187 971 235 232 687 682 1174 701 696 704
1 3600 958
30
1002 73 74 1019 1020 1141 285 286 1173 389 390 521 489 486 475 478 480 484 584 311 314 355 350 791 277 274 664 666 37 21
1 3600 958
13
927 924 935 930 1180 1007 999 1000 513 510 515 503 504
1 3600 598
10
1113 1116 927 928 980 975 976 1202 171 172
1 3600 328
8
1197 1193 871 865 866 975 978 1007
1 3600 328
9
1209 1115 1118 1125 937 935 930 1180 1007
1 3600 328
15
587 485 481 479 474 471 472 952 1104 1125 1121 305 302 871 865
1 3600 328
5
1113 1114 1195 1167 855
1 3600 328
5
301 304 927 928 980
1 3600 245
4
1119 1116 305 302
1 3600 958
12
1125 1122 1155 797 800 73 61 62 1028 1070 1065 1068
1 3600 798
16
923 926 1117 1118 1105 1102 1108 807 802 956 962 1080 1135 59 62 1030
1 3600 266
9
926 1120 1122 1155 797 800 73 74 1019
1 3600 217
3
926 1120 1122
1 3600 958
22
1113 1118 1105 1102 111 103 106 1204 1133 393 394 434 1220 813 816 41 42 44 874 205 206 329
1 3600 958
12
583 465 466 203 198 567 564 1201 47 44 874 1085
1 3600 871
15
1166 1194 1115 1116 1120 1122 1107 1103 953 473 470 487 451 452 85
1 3600 958
5
587 485 482 97 94
1 3600 958
24
1209 1115 1118 1105 1102 111 108 1128 447 444 488 520 964 385 380 185 188 41 38 145 142 885 881 878
1 3600 958
10
583 580 311 312 612 628 635 345 342 739
1 3600 958
24
304 1120 1122 1107 1103 953 954 441 438 496 477 478 461 458 67 68 777 778 780 782 786 788 1219 1216
1 3600 958
12
1113 1118 1105 953 473 470 475 478 480 484 584 311
1 3600 958
17
583 580 311 314 355 352 408 361 362 647 644 341 338 651 648 1151 1152
1 3600 958
26
1116 1120 1122 1155 1111 105 100 968 1133 747 433 387 383 380 575 572 405 347 348 379 374 750 819 123 120 131
1 3600 958
25
855 850 869 866 1126 799 794 804 968 1133 747 748 964 966 1161 201 196 365 368 359 360 81 82 279 274
1 3600 958
22
924 936 1124 1105 1102 111 108 1128 447 444 451 452 460 99 96 576 311 312 612 411 412 656
1 3600 958
24
587 584 311 314 355 350 657 77 78 257 260 752 762 1045 1048 767 768 677 678 702 734 959 949 161
1 3600 958
38
935 930 799 794 804 968 1133 507 491 494 522 457 452 85 71 68 777 778 780 782 786 788 1219 1216 81 82 792 909 910 1054 155 158 689 690 699 700 9 12
1 3600 958
33
1113 1118 1125 1122 1107 111 108 1128 447 444 451 452 458 462 466 778 780 782 784 1088 405 347 348 379 374 752 762 971 235 232 687 684 690
1 3600 958
27
1197 1193 303 304 1120 1124 1105 953 473 470 475 478 480 469 464 580 311 312 612 411 412 273 276 93 90 150 23
1 3600 281
10
1032 533 534 529 530 229 226 515 503 504
1 3600 281
8
225 218 243 246 529 530 229 230
1 3600 266
11
829 830 840 823 824 1029 991 985 986 725 726
1 3600 871
18
247 242 267 270 33 30 1031 63 60 72 801 798 1127 867 864 849 852 1178
1 3600 958
20
836 838 1069 1066 1074 1082 823 826 1136 1021 1018 1081 963 957 803 806 1110 1154 1123 1121
1 3600 212
4
543 538 846 994
1 3600 280
5
299 29 26 1066 1072
1 3600 280
10
531 528 247 244 268 638 992 1069 1066 1074
1 3600 280
6
636 838 1069 1064 1071 825
1 3600 280
6
269 270 33 30 1053 989
1 3600 280
6
270 33 30 1031 63 58
1 3600 563
21
832 1211 327 328 396 1084 875 45 43 40 189 186 1146 389 386 432 746 1132 969 805 795
1 3600 958
28
829 832 1211 327 328 207 208 1158 143 146 498 565 566 199 200 1160 967 965 749 493 449 446 1129 109 110 1103 1100 1214
1 3600 290
7
836 838 845 842 327 328 207
1 3600 290
10
53 48 550 560 596 557 558 888 945 942
1 3600 290
7
693 179 176 560 596 557 558
1 3600 273
14
638 994 835 832 1211 327 328 396 877 45 43 40 817 814
1 3600 598
16
838 845 842 327 328 207 204 875 45 43 40 189 184 381 382 386
1 3600 958
30
543 540 53 48 550 562 609 606 624 632 640 903 897 893 891 743 738 343 344 369 364 197 202 776 69 66 459 453 454 476
1 3600 958
11
993 994 1213 941 693 179 176 560 600 625 626
1 3600 958
12
57 54 1211 327 328 207 208 883 880 886 899 893
1 3600 958
19
532 1033 543 540 53 48 550 560 596 602 921 919 917 593 590 1042 407 371 366
1 3600 958
31
242 219 224 539 540 693 553 183 176 562 609 599 600 632 119 114 414 420 426 339 340 645 646 363 360 409 410 613 313 310 585
1 3600 958
12
638 994 1213 57 51 48 550 560 600 630 652 660
1 3600 958
22
543 540 940 57 54 1211 327 328 396 877 45 46 1200 1037 589 594 335 332 133 130 121 124
1 3600 958
25
268 638 994 835 830 842 327 328 207 208 191 192 556 604 640 117 112 649 650 339 340 377 373 79 82
1 3600 958
30
1213 941 693 179 176 562 609 606 624 630 652 658 947 948 958 735 703 13 10 15 16 168 308 5 6 680 671 151 91 88
1 3600 958
14
842 327 328 207 208 883 878 905 117 112 1151 1152 951 161
1 3600 958
17
242 316 532 537 540 53 48 550 560 600 630 652 658 947 948 958 735
1 3600 958
25
244 268 638 992 845 842 327 328 207 208 1158 1198 319 322 895 425 331 332 133 130 249 252 1162 153 154
1 3600 958
26
540 693 179 176 560 596 604 119 112 1151 1152 755 756 129 130 121 124 973 139 136 908 663 149 150 23 24
1 3600 319
9
1073 1067 27 28 298 229 226 515 518
1 3600 236
7
770 1029 991 985 986 725 722
1 3600 236
8
291 292 215 212 710 1092 727 720
1 3600 245
11
826 1025 1017 1014 1077 1078 1003 1004 1202 171 174
1 3600 798
21
1056 1059 775 772 826 1011 1012 1141 285 286 1173 1170 381 384 966 87 71 66 462 464 582
1 3600 222
8
1083 1075 1067 1068 839 837 271 245
1 3600 222
7
32 836 637 223 224 539 540
1 3600 222
11
59 64 264 988 1052 31 32 271 266 316 532
1 3600 217
3
1024 827 824
1 3600 198
3
826 1136 1141
1 3600 198
5
263 65 60 72 801
1 3600 198
12
1064 1071 1029 63 58 1134 1081 963 957 803 806 1110
1 3600 958
12
296 989 265 65 60 72 1003 1006 1181 931 934 938
1 3600 222
19
1017 1014 1139 285 280 810 815 816 569 570 591 592 916 918 920 603 597 598 608
1 3600 239
12
1068 845 842 327 328 207 210 944 889 559 554 880
1 3600 239
13
296 989 990 1028 771 772 826 1136 1141 285 280 810 996
1 3600 174
8
1064 1059 775 772 826 1136 1141 285
1 3600 958
16
1011 1012 1141 285 282 394 432 493 494 489 486 475 478 99 94 430
1 3600 958
14
1052 1056 1059 1060 841 831 832 55 51 48 550 562 609 610
1 3600 871
14
58 1134 1019 1014 1139 285 286 1220 1149 187 188 569 564 1037
1 3600 958
16
1068 845 842 327 328 396 1084 875 45 46 1200 565 570 1042 1090 343
1 3600 958
15
772 826 1136 1141 285 286 1173 1170 575 199 202 467 468 484 584
1 3600 958
18
1056 1059 1060 841 842 327 328 207 208 191 192 556 604 633 630 652 658 1188
1 3600 958
17
1136 1141 285 286 1173 1170 575 572 405 347 348 379 374 750 1047 1048 125
1 3600 958
26
1060 841 842 327 328 396 877 45 46 145 146 325 320 589 594 743 738 643 646 363 356 257 254 135 140 237
1 3600 958
23
1031 63 58 1023 1017 1014 1139 285 282 394 387 383 384 966 1161 201 196 365 368 359 356 79 76
1 3600 958
20
297 29 32 836 838 845 842 327 328 207 208 883 878 905 117 112 1151 1152 951 161
1 3600 958
21
26 1068 845 842 327 328 207 208 1158 885 886 899 419 420 426 339 133 126 713 714 1168
1 3600 958
22
1011 1012 1141 285 286 1173 1170 575 572 1089 365 366 1219 1216 81 76 656 791 277 274 664 666
1 3600 958
32
1066 1074 1082 823 826 1025 1017 1014 1139 285 280 808 813 816 569 570 1042 1090 643 644 377 374 752 762 1186 907 908 3 4 35 21 24
1 3600 958
11
75 61 64 264 988 1051 289 292 510 515 518
1 3600 290
10
73 61 64 264 988 297 291 292 215 212
1 3600 115
7
100 805 795 798 1127 975 976
1 3600 252
4
1109 1103 1104 1119
1 3600 504
9
73 61 62 1030 31 32 271 266 219
1 3600 181
15
107 104 807 802 956 962 1076 1015 1020 1137 827 773 774 1062 1067
1 3600 181
10
956 962 1080 1019 1016 1024 827 822 1083 1075
1 3600 181
3
1079 1080 1135
1 3600 273
5
1077 963 957 803 804
1 3600 134
3
1111 1109 1103
1 3600 871
18
1081 1076 1139 285 280 808 1149 187 188 41 38 145 142 1159 191 194 945 942
1 3600 299
11
968 1133 747 748 964 966 1161 201 198 567 564
1 3600 165
9
74 1081 963 957 803 806 105 106 1206
1 3600 165
7
957 803 804 968 1133 393 394
1 3600 281
11
1205 1131 1128 447 444 451 452 460 99 96 578
1 3600 958
20
803 804 968 1133 747 748 964 966 1161 201 196 1088 1041 591 592 916 918 901 417 115
1 3600 958
13
1079 1076 1139 285 280 808 813 816 41 38 145 146 325
1 3600 958
13
1019 1014 1139 285 286 1173 1170 575 572 405 347 344 359
1 3600 958
20
963 957 803 804 101 106 1131 1128 913 914 441 438 496 477 455 452 458 462 468 484
1 3600 958
19
1141 285 286 1220 1149 187 188 569 564 1037 321 322 895 892 419 422 648 1151 1152
1 3600 958
19
1141 285 282 394 387 383 380 575 572 405 347 348 379 374 752 401 398 819 123
1 3600 958
27
102 108 1128 447 442 470 487 451 452 458 67 68 777 778 780 782 786 788 1219 1216 361 356 257 254 135 140 237
1 3600 958
25
1076 1139 285 282 392 507 491 494 522 457 454 478 480 469 464 580 311 314 355 350 791 93 90 150 672
1 3600 958
26
1111 105 106 1204 1133 747 748 964 966 1161 201 196 365 370 406 1090 739 742 335 332 133 128 760 960 163 164
1 3600 958
27
1131 1128 447 444 486 475 478 480 484 584 311 312 612 411 412 273 274 662 909 910 241 157 152 1163 677 678 702
1 3600 958
31
804 968 1133 507 491 494 522 524 966 87 71 68 777 778 780 782 786 788 1219 1216 81 82 792 3 4 309 169 17 14 11 8
1 3600 958
23
1154 1107 1103 953 473 470 475 478 99 96 576 311 314 355 350 657 273 274 664 668 671 23 24
1 3600 958
19
1101 1102 1108 807 802 956 962 1080 1135 59 64 264 988 297 298 229 226 515 518
1 3600 958
13
1130 107 104 1110 797 800 73 61 64 264 985 982 289
1 3600 354
9
1215 1101 1102 1106 1123 937 925 928 980
1 3600 149
5
939 925 926 1117 1114
1 3600 958
13
1102 1108 807 802 956 962 1076 1015 1020 1137 827 822 841
1 3600 684
11
939 935 930 1180 1007 999 987 984 990 1030 31
1 3600 95
6
1155 797 800 73 74 1019
1 3600 737
4
1107 1103 1100 1214
1 3600 958
22
1103 953 954 441 436 443 448 494 520 391 383 380 185 188 41 42 44 876 397 329 326 1210
1 3600 958
17
1101 953 954 915 509 491 492 433 387 388 1147 187 188 41 38 1200 499
1 3600 252
6
1128 447 444 451 452 85
1 3600 165
15
939 936 1124 1105 953 473 470 487 451 452 458 462 468 482 578
1 3600 958
28
1102 111 108 1128 913 509 491 494 522 524 966 1161 201 196 365 368 345 342 739 740 337 330 421 415 115 118 633 630
1 3600 958
23
1101 953 954 441 438 496 477 478 461 85 71 68 777 778 780 782 784 1088 1041 591 594 890 892
1 3600 958
17
1102 111 103 106 1204 1133 747 748 964 966 1161 201 196 365 368 359 362
1 3600 958
16
111 108 1128 447 442 470 475 478 480 469 464 580 311 312 612 411
1 3600 958
24
939 935 930 799 794 804 968 1133 393 283 280 810 815 816 569 570 1042 1090 643 644 341 133 128 757
1 3600 958
24
1103 953 473 443 444 451 452 458 462 466 778 780 782 786 788 367 368 359 356 257 260 750 819 820
1 3600 958
21
1108 105 106 1204 1133 747 433 387 383 380 575 572 405 347 348 379 374 752 762 971 235
1 3600 958
18
1128 447 444 486 475 478 480 484 584 311 314 355 350 791 277 274 664 668
1 3600 958
36
939 936 1122 1107 1103 953 954 441 438 496 477 478 99 96 576 311 312 612 628 1216 81 78 372 374 752 401 402 1048 125 120 131 128 760 960 163 164
1 3600 958
31
953 473 470 487 451 452 458 462 464 580 311 312 612 411 412 273 278 259 254 135 140 157 158 689 685 682 1174 9 12 702 734
1 3600 958
22
1155 1111 105 100 968 1133 747 748 964 966 1161 201 196 365 368 359 356 257 254 135 140 157
1 3600 958
23
1128 447 444 451 452 85 71 68 777 778 780 782 786 788 1219 1216 81 82 792 663 149 150 23
1 3600 958
13
190 209 206 329 326 843 844 839 837 33 28 291 294
1 3600 958
12
209 206 329 326 843 840 1061 1058 1057 1053 1051 1035
1 3600 958
22
559 554 880 884 143 144 39 40 817 812 1221 435 395 392 1132 969 805 795 798 1127 867 868
1 3600 958
25
195 190 1158 143 146 498 565 566 574 381 384 525 523 495 490 508 912 1129 109 110 1103 1104 1119 1114 1208
1 3600 284
9
559 556 597 561 177 178 692 541 542
1 3600 284
8
190 209 206 329 326 1210 833 834
1 3600 284
7
50 56 1212 995 639 636 837
1 3600 217
10
945 211 206 329 326 843 844 1069 27 28
1 3600 958
14
204 875 45 43 40 189 186 1148 809 281 284 1140 1021 1018
1 3600 958
16
52 940 1212 835 830 840 1061 775 770 1029 63 60 72 801 796 1154
1 3600 222
5
883 555 556 597 561
1 3600 288
6
211 204 875 45 43 40
1 3600 288
11
944 195 190 1158 1198 319 324 498 565 568 817
1 3600 288
9
560 596 602 921 919 917 323 324 147
1 3600 288
5
208 1158 143 144 47
1 3600 383
11
880 886 917 593 590 1040 1089 197 200 1160 967
1 3600 958
24
192 554 878 905 903 897 893 891 743 738 343 344 634 1218 789 787 783 781 779 776 69 70 84 460
1 3600 217
6
944 889 559 556 604 119
1 3600 217
5
192 556 604 633 630
1 3600 222
12
944 889 559 554 878 921 901 417 414 420 331 336
1 3600 871
8
880 886 917 593 590 1040 1089 785
1 3600 958
13
880 886 899 893 891 743 738 1091 407 371 366 615 313
1 3600 958
8
883 878 905 117 112 1151 1152 951
1 3600 958
14
609 606 624 630 652 660 755 756 129 130 121 124 767 764
1 3600 958
15
396 877 45 46 1200 1037 589 594 335 332 340 377 374 261 254
1 3600 958
23
208 1158 1198 319 322 895 425 426 339 133 130 249 250 674 683 684 688 167 168 308 5 6 680
1 3600 958
11
553 183 176 560 600 630 652 658 947 161 162
1 3600 958
14
192 554 878 921 901 897 419 422 650 339 133 126 713 718
1 3600 958
18
545 181 176 560 600 632 119 112 1151 1152 755 756 760 958 735 703 13 10
1 3600 958
26
182 550 562 609 606 624 632 640 903 417 414 420 331 332 340 377 373 79 82 792 663 664 666 37 21 24
1 3600 958
19
876 397 329 326 1210 833 834 995 639 269 245 246 529 530 229 226 515 503 504
1 3600 958
18
997 811 281 284 1140 1013 1010 827 773 774 1058 1057 1053 1051 289 292 215 212
1 3600 958
21
45 43 40 189 186 1146 389 390 521 495 449 442 472 952 1102 1106 1123 1121 305 302 871
1 3600 958
23
875 45 46 1200 565 566 199 202 776 69 70 84 453 450 445 446 1129 109 110 1106 1123 937 925
1 3600 239
13
1201 47 44 874 1085 397 329 326 843 844 993 639 269
1 3600 105
9
40 817 812 1221 287 284 1140 1137 827
1 3600 281
13
39 40 189 184 381 382 386 432 746 1132 969 805 795
1 3600 958
19
45 46 1200 565 566 574 1171 389 390 749 493 449 442 437 440 955 952 1100 1214
1 3600 128
12
1084 205 208 883 555 556 597 561 551 552 549 544
1 3600 128
4
46 145 142 1159
1 3600 309
5
147 144 47 44 876
1 3600 152
6
565 568 817 814 811 281
1 3600 152
8
43 40 189 184 381 384 525 523
1 3600 152
3
565 566 574
1 3600 638
10
1198 319 320 589 590 1040 573 199 202 467
1 3600 273
7
886 899 896 902 641 633 630
1 3600 108
6
997 815 816 569 570 1042
1 3600 281
10
875 45 46 1200 1037 589 590 1042 407 371
1 3600 958
7
569 566 199 202 467 464 580
1 3600 958
11
1084 205 208 883 878 905 117 112 1151 1152 661
1 3600 958
16
45 46 145 146 325 322 895 425 426 339 133 130 249 252 769 764
1 3600 958
15
877 45 46 1200 1037 589 594 743 738 643 644 377 374 752 762
1 3600 958
11
886 899 419 422 650 339 340 377 373 79 76
1 3600 958
12
886 918 901 417 115 112 1151 1152 951 948 960 1222
1 3600 958
9
816 569 570 591 594 335 332 133 126
1 3600 958
20
146 325 322 895 891 743 738 643 646 379 374 750 1047 1044 971 235 232 687 684 690
1 3600 958
17
1037 589 590 1042 1090 343 348 363 360 409 353 350 791 93 90 150 23
1 3600 958
15
1221 287 284 1138 1077 1078 1003 999 725 726 1093 711 706 1142 1184
1 3600 958
16
287 284 1138 1015 1016 1022 59 62 991 985 982 1035 513 215 212 708
1 3600 798
9
1012 1021 1018 75 72 1003 1006 979 733
1 3600 958
15
1171 1172 435 432 493 490 508 912 1129 109 110 1103 1104 1125 1121
1 3600 684
14
283 284 1140 1137 827 824 1070 1065 1068 993 847 225 220 533
1 3600 195
18
776 69 70 86 967 385 382 388 1172 287 284 1140 1013 1010 827 773 774 1058
1 3600 302
8
381 382 386 395 392 1132 1205 107
1 3600 302
10
70 86 967 965 391 386 395 283 284 1140
1 3600 302
5
965 749 746 1132 969
1 3600 435
9
281 282 392 1132 969 101 102 110 1106
1 3600 435
18
494 522 524 385 380 575 567 564 499 325 322 916 918 920 603 597 598 608
1 3600 321
5
567 564 1201 47 44
1 3600 321
10
433 434 1220 1149 187 188 41 38 145 142
1 3600 321
7
71 68 777 203 198 567 564
1 3600 321
8
385 382 388 1147 1148 813 814 996
1 3600 321
8
1149 187 188 41 38 145 142 885
1 3600 314
5
383 384 966 87 71
1 3600 314
3
280 808 1149
1 3600 307
8
491 494 522 457 454 478 99 96
1 3600 307
5
776 69 66 459 460
1 3600 307
5
286 435 432 493 449
1 3600 307
9
184 381 384 525 457 452 460 99 94
1 3600 307
7
69 66 459 453 450 486 471
1 3600 798
13
391 383 380 575 572 1041 591 592 916 918 920 603 597
1 3600 199
12
966 1161 201 196 365 370 347 342 739 740 337 332
1 3600 299
3
572 405 371
1 3600 299
11
489 486 475 455 452 458 67 68 777 778 780
1 3600 299
4
1173 1170 575 572
1 3600 258
10
87 71 68 777 778 780 782 786 788 615
1 3600 958
20
71 68 777 778 780 782 786 788 1219 1216 361 356 257 260 750 819 820 131 128 757
1 3600 958
21
394 387 383 380 575 572 405 347 348 379 374 752 401 402 1048 125 120 131 128 757 758
1 3600 684
17
457 454 478 480 484 584 311 314 355 352 412 273 274 662 909 137 138
1 3600 958
14
1170 575 572 405 347 344 634 629 411 353 350 791 93 90
1 3600 958
27
387 390 964 966 1161 201 196 365 368 359 356 257 254 907 910 1054 695 689 685 682 675 678 702 734 959 960 1222
1 3600 958
19
201 196 365 368 359 356 257 254 1187 971 972 767 768 677 678 702 736 715 718
1 3600 958
22
1207 1131 1128 447 442 470 475 478 480 484 584 311 314 355 352 408 81 82 792 909 910 1054
1 3600 958
21
1009 1012 1141 285 286 1173 1170 575 572 405 347 348 379 374 261 258 792 3 4 35 21
1 3600 958
15
1129 1130 107 104 1110 797 798 1180 1007 999 725 726 1093 711 706
1 3600 958
22
1097 497 439 440 915 509 506 393 283 284 1138 1015 1016 1022 59 64 264 985 986 725 726 1093
1 3600 958
14
439 440 955 952 1104 1119 1116 927 928 873 865 729 730 171
1 3600 958
7
955 952 1104 1119 1114 1195 1193
1 3600 958
23
431 95 98 479 455 456 523 520 391 388 1172 287 284 1138 1015 1018 75 61 62 991 988 297 298
1 3600 871
13
954 915 509 506 393 283 284 1140 1137 827 773 770 1070
1 3600 281
14
497 439 436 443 446 1129 1130 107 100 805 802 956 962 1078
1 3600 228
7
481 479 474 471 472 952 1100
1 3600 958
22
913 509 491 492 433 434 1220 813 816 41 38 145 142 885 881 555 556 597 561 177 180 544
1 3600 684
9
509 491 492 748 964 385 380 185 188
1 3600 397
3
488 520 391
1 3600 397
4
579 483 469 466
1 3600 397
7
438 496 477 455 456 524 385
1 3600 397
7
1099 497 439 436 443 448 490
1 3600 397
6
579 483 469 463 67 70
1 3600 397
10
95 98 479 474 487 488 520 391 388 1147
1 3600 397
4
453 456 523 520
1 3600 397
6
443 448 492 433 387 383
1 3600 281
4
1099 477 455 450
1 3600 958
20
429 95 96 576 311 312 614 367 370 406 1090 739 742 890 892 896 902 641 633 601
1 3600 871
20
447 444 451 452 458 462 464 580 311 312 612 628 635 345 342 739 742 335 330 421
1 3600 273
12
473 470 475 478 461 458 462 466 778 780 782 786
1 3600 404
9
460 480 484 584 311 314 620 411 353
1 3600 404
8
458 462 464 580 311 312 612 411
1 3600 404
4
429 95 96 576
1 3600 958
21
461 85 71 68 777 778 780 782 786 788 1219 1216 361 362 647 644 341 338 651 648 1151
1 3600 958
19
460 480 484 584 311 314 355 352 412 273 274 662 909 910 1054 155 152 1163 253
1 3600 958
20
914 441 438 496 477 455 452 458 462 464 580 311 312 612 621 355 350 791 277 274
1 3600 958
13
436 470 475 478 480 484 584 311 314 620 411 412 273
1 3600 958
28
1097 477 478 461 458 67 68 777 778 780 782 786 788 1219 1216 81 78 372 374 750 819 123 120 131 126 959 960 1222
1 3600 958
28
439 436 443 448 492 748 964 966 1161 201 196 365 368 359 356 257 254 135 140 157 158 167 17 14 11 12 702 736
1 3600 958
17
96 576 311 312 612 621 355 350 791 277 274 664 666 7 4 309 306
1 3600 958
13
576 311 312 612 411 412 77 82 792 663 149 150 23
1 3600 958
22
115 118 633 625 607 608 563 551 49 52 541 536 533 534 529 530 229 226 515 503 500 1144
1 3600 958
15
608 563 177 178 692 541 536 221 218 267 270 33 28 291 292
1 3600 958
26
903 897 893 891 743 738 343 346 404 1089 197 200 1160 967 965 749 746 1132 969 805 795 798 1127 867 864 849
1 3600 958
35
627 624 632 119 114 414 420 331 336 741 738 343 344 634 629 621 315 310 581 465 463 459 453 450 445 446 1129 109 110 1106 1123 1121 305 300 1208
1 3600 871
11
631 601 561 551 49 50 56 1212 995 639 269
1 3600 958
10
116 904 879 882 209 206 329 326 843 840
1 3600 958
15
607 599 561 551 49 50 54 833 830 840 823 826 1025 1022 1134
1 3600 958
21
416 900 919 917 593 590 571 568 189 186 1146 389 390 521 495 490 508 912 1129 109 110
1 3600 206
8
879 882 209 206 329 326 1210 55
1 3600 206
3
605 597 561
1 3600 290
15
631 632 640 903 897 898 887 884 143 144 39 40 817 814 996
1 3600 638
18
623 607 599 596 602 921 919 917 593 590 1040 573 199 200 1160 967 965 749
1 3600 958
20
112 649 650 339 340 645 646 363 360 409 353 354 315 310 585 485 481 479 476 1096
1 3600 266
5
113 118 633 625 626
1 3600 245
13
627 624 632 119 114 414 420 331 336 741 738 1091 1043
1 3600 245
10
599 596 602 921 901 897 419 422 650 339
1 3600 245
9
632 640 903 897 893 425 331 336 744
1 3600 245
7
632 119 114 414 420 331 336
1 3600 598
8
414 418 893 891 595 590 1040 1089
1 3600 958
12
897 893 891 743 738 1091 407 371 366 615 313 310
1 3600 177
8
902 117 112 1151 1152 951 946 1190
1 3600 330
5
630 652 660 755 758
1 3600 737
14
919 899 419 422 650 339 133 130 121 124 973 139 136 908
1 3600 958
11
905 117 112 649 650 339 340 377 373 79 76
1 3600 958
9
604 119 112 1151 1152 951 161 162 1222
1 3600 958
10
604 633 630 652 658 947 948 958 713 716
1 3600 958
15
611 606 624 630 652 660 755 756 129 130 249 250 674 683 684
1 3600 958
23
602 905 117 112 1151 1152 755 756 760 958 735 703 13 8 701 698 19 16 168 308 35 21 24
1 3600 958
24
894 323 318 1199 1159 209 206 329 326 843 844 839 637 223 218 243 246 529 530 229 226 515 503 504
1 3600 958
20
1039 321 318 1199 1159 209 206 329 326 843 840 1061 1058 1057 1053 1051 1035 1001 725 726
1 3600 958
18
323 320 1036 565 568 817 812 809 281 284 1138 1077 1078 1003 1004 1202 171 174
1 3600 958
20
588 1036 565 568 189 186 1148 1221 435 395 392 1132 969 805 795 798 931 934 925 922
1 3600 958
14
337 330 421 415 416 900 920 603 597 561 177 178 692 541
1 3600 798
17
651 423 418 898 887 881 882 209 206 329 326 843 844 1069 1064 1071 1029
1 3600 958
10
407 404 573 574 1171 1172 287 284 1138 1077
1 3600 958
20
743 738 343 344 369 364 785 783 781 779 467 468 481 479 474 471 472 952 1100 1214
1 3600 222
12
892 896 902 641 633 601 598 608 563 177 180 544
1 3600 242
3
319 324 498
1 3600 242
5
591 588 1036 1201 47
1 3600 177
13
650 339 340 645 646 363 358 369 364 197 200 1160 967
1 3600 958
10
1040 1089 785 783 781 779 467 468 482 578
1 3600 195
8
742 890 892 896 902 904 603 597
1 3600 195
6
338 651 423 415 115 116
1 3600 195
6
592 895 425 426 651 648
1 3600 222
4
1039 321 322 916
1 3600 199
4
336 741 738 643
1 3600 199
6
332 340 645 646 363 360
1 3600 199
6
589 590 1042 1090 343 344
1 3600 638
9
593 590 1042 1090 643 646 363 360 409
1 3600 383
6
899 419 422 648 1151 1152
1 3600 136
6
893 891 335 332 133 130
1 3600 199
4
332 340 377 373
1 3600 958
17
895 425 426 339 133 130 821 818 399 402 1044 1186 907 908 663 664 668
1 3600 958
11
319 322 895 425 421 422 648 1151 1152 951 161
1 3600 958
6
339 133 126 735 736 1168
1 3600 958
11
1090 643 644 377 374 752 762 971 235 232 687
1 3600 958
15
891 335 332 133 130 249 252 1162 153 158 167 168 308 35 21
1 3600 958
25
349 346 404 573 574 1171 1172 287 284 1140 1137 827 822 1083 1075 1067 27 28 291 292 215 212 706 1142 1183
1 3600 958
20
1091 1043 571 568 189 186 1148 809 281 284 1140 1021 1016 1022 59 64 264 985 986 725
1 3600 958
14
779 203 200 1160 967 965 749 746 1132 969 805 795 798 1127
1 3600 958
19
615 313 310 577 97 98 479 474 487 445 446 1129 109 110 1106 1123 1121 927 922
1 3600 958
20
370 406 1043 591 588 1036 1201 47 44 874 1085 397 329 326 1210 833 834 995 847 225
1 3600 958
12
404 573 574 1171 1172 287 284 1138 1077 1080 1135 59
1 3600 958
10
364 1088 573 574 1171 1172 287 284 1138 1077
1 3600 958
17
1217 629 613 313 310 581 465 463 459 453 450 445 442 472 952 1102 1106
1 3600 871
13
370 406 1043 591 592 916 918 920 603 597 561 551 183
1 3600 290
13
647 642 739 742 595 588 321 324 147 144 47 44 874
1 3600 163
9
779 776 69 70 86 967 385 382 386
1 3600 163
9
573 574 1171 1172 287 284 1140 1013 1008
1 3600 281
13
371 366 789 787 783 781 779 776 69 70 84 453 450
1 3600 598
12
345 342 739 740 337 330 421 415 115 118 633 630
1 3600 186
6
368 359 362 379 376 341
1 3600 186
3
643 644 341
1 3600 186
6
405 347 348 647 644 341
1 3600 273
5
782 786 788 1219 1216
1 3600 158
4
646 363 360 409
1 3600 158
7
343 344 634 629 613 313 310
1 3600 958
15
1219 1216 81 82 259 260 750 819 820 131 128 760 949 946 1188
1 3600 330
10
347 348 379 374 752 401 402 1048 767 764
1 3600 186
6
643 644 377 374 752 401
1 3600 186
7
347 348 379 374 752 762 971
1 3600 399
8
782 786 788 1219 1216 81 82 279
1 3600 958
16
359 356 257 254 135 140 237 238 768 677 678 702 734 959 960 163
1 3600 958
16
81 82 792 3 4 309 169 17 18 699 700 9 12 702 736 1168
1 3600 958
9
405 347 348 379 374 261 258 792 3
1 3600 958
9
629 411 412 273 276 93 90 150 23
1 3600 958
25
617 618 315 310 585 485 481 479 474 487 445 446 1129 1130 107 104 1110 797 800 1003 999 1000 513 510 515
1 3600 958
28
618 315 310 581 465 463 459 453 456 523 495 490 506 1132 969 805 802 956 962 1080 75 61 62 1030 1053 1051 289 292
1 3600 958
16
465 468 481 479 474 471 472 952 1104 1119 1114 1195 1193 871 865 729
1 3600 958
20
354 620 613 313 310 577 97 98 461 453 450 445 446 1129 109 110 1106 1123 937 925
1 3600 958
17
485 469 466 203 198 567 564 1201 39 42 44 876 397 329 326 843 844
1 3600 958
24
617 618 620 628 1218 789 787 784 197 200 1160 967 385 382 386 395 283 284 1138 1015 1016 1022 59 64
1 3600 958
12
614 789 787 784 197 198 574 1171 1172 287 284 1140
1 3600 958
15
613 313 310 581 465 463 459 453 450 486 471 472 952 1100 1214
1 3600 958
12
485 469 466 203 198 567 564 499 147 142 885 881
1 3600 958
12
485 481 479 474 487 488 520 391 388 1147 1148 813
1 3600 199
11
621 315 310 577 97 98 479 455 456 523 495
1 3600 129
3
485 482 578
1 3600 958
10
614 367 364 1088 1041 591 592 916 918 920
1 3600 563
7
612 628 635 345 342 739 740
1 3600 148
5
621 355 352 408 361
1 3600 148
6
620 628 635 345 346 404
1 3600 319
4
580 311 314 619
1 3600 958
18
621 355 350 791 277 278 259 254 1187 1045 1048 125 120 131 128 757 754 661
1 3600 958
14
311 314 620 411 412 273 274 662 909 137 138 972 767 764
1 3600 222
9
353 350 657 77 78 257 260 752 401
1 3600 184
10
618 355 350 791 277 274 664 668 671 672
1 3600 958
18
311 312 612 411 408 81 78 372 374 750 819 123 120 131 128 760 949 161
1 3600 958
18
352 412 273 274 664 666 37 34 309 169 17 14 11 12 702 736 715 718
1 3600 958
10
311 314 355 350 791 277 274 664 666 7
1 3600 958
12
617 618 620 411 412 273 276 93 90 150 23 24
1 3600 958
22
754 661 653 631 601 561 551 49 52 541 542 1032 533 534 529 530 229 226 515 503 500 1144
1 3600 958
20
1150 113 116 904 879 882 209 206 329 326 843 844 1069 27 28 291 292 215 212 710
1 3600 958
24
1191 659 653 631 625 607 608 563 177 178 692 541 536 221 222 636 837 33 30 1053 1051 1035 1001 998
1 3600 958
31
755 756 129 130 121 122 818 751 261 256 357 358 369 364 197 200 1160 967 965 749 746 1132 1205 107 104 1110 1154 1123 1121 305 302
1 3600 958
10
653 631 601 561 551 49 50 54 833 828
1 3600 958
18
1153 1150 113 118 605 557 193 190 209 206 329 326 843 840 823 826 1025 1026
1 3600 958
19
1153 1150 649 423 418 898 887 884 143 144 39 40 817 812 809 281 284 1138 1077
1 3600 958
38
658 947 948 958 735 703 679 676 769 239 236 240 911 908 793 83 80 1217 1218 789 787 783 781 779 776 69 70 84 453 454 476 497 439 440 955 952 1100 1214
1 3600 958
11
1150 113 116 904 879 882 209 206 329 326 1210
1 3600 958
9
756 129 132 338 427 424 894 323 324
1 3600 958
18
755 756 129 130 821 818 399 400 753 375 378 349 346 404 573 574 1171 1172
1 3600 958
22
1150 649 423 420 424 894 323 320 1036 565 568 189 186 1146 389 390 521 489 486 471 437 438
1 3600 140
4
1150 113 118 633
1 3600 290
8
1189 947 948 761 129 132 333 334
1 3600 958
13
1150 649 650 427 331 334 743 738 1091 407 371 366 789
1 3600 958
24
1191 947 948 958 735 703 13 8 1175 683 686 233 236 141 134 255 258 279 272 413 410 613 313 310
1 3600 504
3
951 946 1190
1 3600 104
3
755 756 129
1 3600 563
14
947 948 958 735 703 679 674 683 684 688 694 1055 911 908
1 3600 958
15
660 755 756 129 130 121 124 1049 1044 1186 255 258 279 276 790
1 3600 456
5
1189 947 161 162 1222
1 3600 563
5
951 948 958 713 714
1 3600 958
14
1191 947 948 958 735 703 13 10 15 16 168 308 5 6
1 3600 958
16
947 948 958 735 703 13 8 701 698 19 16 168 308 35 21 24
1 3600 958
28
120 131 132 333 334 595 588 321 318 1199 1159 209 206 329 326 1210 833 834 995 639 269 245 246 529 530 229 226 515
1 3600 958
26
818 751 375 376 645 642 1091 1043 571 568 817 814 811 281 284 1140 1021 1018 75 61 62 991 985 986 725 726
1 3600 958
22
124 973 139 134 255 256 357 358 369 364 197 200 1160 967 965 749 746 1132 969 805 795 798
1 3600 958
31
121 122 818 751 375 373 79 80 1217 1218 789 787 783 781 779 776 69 66 459 453 450 445 446 1129 109 110 1103 1104 1119 1114 1195
1 3600 958
15
131 128 757 754 661 653 631 601 561 177 182 552 692 541 542
1 3600 958
23
765 768 253 248 131 132 333 334 595 588 1036 1201 47 44 876 397 329 326 843 844 1069 27 28
1 3600 958
19
130 821 818 399 400 753 375 378 349 346 404 573 574 1171 1172 287 284 1138 1015
1 3600 958
29
759 756 129 130 121 124 973 970 1186 255 256 357 358 369 364 197 200 1160 967 525 523 495 490 508 912 1129 109 110 1106
1 3600 958
16
765 239 234 970 763 753 375 376 341 338 427 424 892 898 887 881
1 3600 958
14
765 766 1049 403 400 753 375 378 647 642 1091 1043 571 568
1 3600 958
16
1162 233 234 970 763 753 375 378 349 346 404 573 574 185 186 1148
1 3600 958
27
129 130 249 252 1162 153 156 240 911 908 663 275 272 656 351 354 315 310 581 465 463 459 453 454 474 471 472
1 3600 290
14
765 768 677 251 248 131 132 333 330 421 415 416 900 920
1 3600 115
7
766 125 120 131 132 333 334
1 3600 299
12
130 821 818 751 261 256 79 80 1217 1218 789 787
1 3600 958
11
818 751 261 258 279 276 790 657 413 410 613
1 3600 116
5
120 131 128 757 754
1 3600 368
4
129 130 121 122
1 3600 122
5
250 676 769 239 234
1 3600 122
11
759 756 129 130 121 124 973 139 136 908 663
1 3600 958
13
677 674 683 684 688 167 168 308 5 6 680 671 672
1 3600 958
7
677 678 702 734 959 960 1222
1 3600 228
7
759 756 760 958 713 714 1168
1 3600 368
6
129 130 249 252 1162 153
1 3600 958
12
765 239 232 687 684 690 19 16 168 308 35 21
1 3600 958
30
403 400 753 375 376 341 338 427 424 894 323 318 1199 1159 209 206 329 326 1210 55 56 941 541 542 1032 533 534 529 530 229
1 3600 958
29
793 83 80 1217 1218 789 787 783 781 779 776 69 70 86 967 385 382 386 395 283 284 1140 1021 1018 1135 59 64 264 985
1 3600 958
22
139 134 255 256 357 358 369 364 197 200 1160 967 965 749 746 1132 969 805 795 798 1127 867
1 3600 958
23
373 79 76 656 351 354 315 310 577 97 98 479 476 497 439 440 955 952 1104 1125 1121 927 922
1 3600 958
20
753 375 376 341 338 651 423 415 416 902 641 605 597 598 608 563 551 49 52 541
1 3600 958
18
970 763 753 375 378 349 346 404 573 574 1171 1172 287 284 1140 1137 827 824
1 3600 958
22
76 413 410 613 313 310 585 485 481 479 474 487 445 446 1129 109 103 104 1110 797 800 73
1 3600 958
16
645 642 1091 1043 571 568 817 812 1221 435 432 493 490 508 912 1129
1 3600 958
14
400 753 375 376 645 642 739 742 890 894 323 318 1199 1159
1 3600 958
10
793 83 78 357 362 349 346 406 1043 571
1 3600 638
9
80 1217 1218 789 787 783 781 779 203
1 3600 958
15
911 908 663 275 276 790 351 354 315 310 581 465 463 459 453
1 3600 871
12
1046 819 820 131 132 333 330 421 418 896 900 920
1 3600 212
10
256 372 376 341 333 334 595 588 321 318
1 3600 210
3
80 1217 1218
1 3600 210
9
255 256 357 358 369 364 785 783 781
1 3600 273
4
275 272 413 410
1 3600 798
16
792 909 910 1054 695 689 685 682 1174 9 12 702 734 959 949 946
1 3600 231
6
401 398 819 820 131 128
1 3600 231
8
662 909 137 138 972 125 120 131
1 3600 231
9
157 152 1163 253 248 131 128 757 758
1 3600 191
4
139 134 255 256
1 3600 276
3
279 272 656
1 3600 276
6
79 82 792 663 149 150
1 3600 276
4
258 792 663 149
1 3600 958
10
1048 767 768 677 678 702 734 959 960 163
1 3600 416
8
232 687 682 675 678 702 736 715
1 3600 262
6
1186 907 908 663 664 666
1 3600 262
5
140 157 158 167 17
1 3600 958
9
1044 1186 907 908 663 149 150 23 24
1 3600 958
29
89 92 790 351 354 315 310 585 485 481 479 455 450 488 495 490 506 1132 969 805 802 956 962 1078 1003 999 1000 513 510
1 3600 958
34
790 657 413 410 613 313 310 581 465 463 459 453 450 445 446 1129 1130 107 104 807 802 956 962 1080 75 61 62 991 988 297 291 292 215 212
1 3600 958
28
673 670 669 665 275 272 656 351 354 315 310 577 97 98 479 474 471 472 952 1104 1125 937 925 928 980 975 733 730
1 3600 958
24
673 151 148 275 272 413 410 613 313 310 585 485 481 479 474 471 472 952 1102 1106 1123 1124 1119 1112
1 3600 958
22
92 277 278 83 78 372 378 647 642 1091 1043 571 564 1201 47 44 874 1085 397 329 326 843
1 3600 958
27
278 83 80 1217 1218 789 787 783 781 779 776 69 70 86 967 385 382 386 395 283 284 1138 1015 1016 1022 59 62
1 3600 958
21
276 790 351 352 408 361 358 369 364 197 200 1160 967 965 749 746 1132 969 805 802 956
1 3600 958
14
413 353 354 315 310 581 465 463 459 453 450 445 446 1129
1 3600 958
20
89 92 277 278 83 78 372 376 341 338 651 423 415 115 118 605 597 561 177 178
1 3600 958
16
272 77 80 361 362 349 342 739 742 595 588 1036 1201 47 44 874
1 3600 958
15
148 662 793 83 80 1217 1218 789 787 783 781 779 776 69 70
1 3600 958
10
92 790 351 352 410 613 313 310 581 465
1 3600 958
22
90 150 670 681 37 34 309 169 166 689 685 682 675 251 248 131 128 757 754 1153 1150 113
1 3600 958
8
278 259 260 375 376 341 338 651
1 3600 319
9
670 669 665 662 793 83 78 357 358
1 3600 159
3
272 413 353
1 3600 958
14
77 78 257 254 1187 1045 1048 125 120 131 126 959 949 946
1 3600 871
11
791 277 278 259 260 750 819 123 120 131 128
1 3600 199
8
681 7 4 309 169 166 159 156
1 3600 199
4
92 790 657 77
1 3600 199
4
148 662 793 259
1 3600 479
4
273 276 93 90
1 3600 958
18
277 274 662 909 910 241 157 152 687 682 1174 9 12 702 734 959 960 163
1 3600 958
17
277 274 662 909 910 1054 695 689 690 699 700 9 12 702 736 715 716
1 3600 399
5
681 7 4 309 169
1 3600 737
3
90 150 23
1 3600 958
20
165 160 946 659 653 631 625 607 608 563 551 552 692 541 536 533 534 529 530 229
1 3600 958
21
165 160 950 1153 1150 113 116 904 879 882 209 206 329 326 843 840 1061 1058 1057 1053 1051
1 3600 958
26
165 160 950 1153 1150 649 423 418 898 887 884 143 144 39 40 189 186 1148 809 281 284 1138 1077 1078 1003 1006
1 3600 958
24
961 761 129 132 333 334 595 588 1036 565 566 574 381 382 386 395 392 1132 1205 107 104 1110 1154 1123
1 3600 958
15
165 160 950 661 653 631 601 561 177 182 49 52 940 1212 835
1 3600 958
22
165 160 950 1153 1150 113 116 904 879 882 209 206 329 326 843 840 1061 775 770 1029 991 265
1 3600 958
25
1223 961 949 950 1153 1150 113 114 416 900 919 887 884 143 144 39 40 817 814 811 281 284 1138 1077 963
1 3600 958
30
1223 961 958 735 703 679 674 683 686 233 236 141 134 255 256 357 358 369 364 197 200 1160 967 525 523 495 490 508 912 1129
1 3600 958
12
1223 961 949 950 1153 1150 113 118 605 557 193 190
1 3600 958
16
165 160 950 1153 1150 649 423 420 424 894 323 324 147 144 39 40
1 3600 958
26
1223 961 958 735 703 679 676 769 766 1049 1046 751 375 378 349 346 404 573 199 200 1160 967 965 521 495 490
1 3600 958
20
1223 961 761 129 132 333 334 595 588 1036 565 568 189 184 381 384 525 523 489 486
1 3600 958
6
961 949 946 659 653 631
1 3600 958
7
1223 961 958 127 132 338 427
1 3600 958
22
1223 961 958 735 703 13 10 697 698 691 688 694 1055 911 906 255 256 357 358 634 1218 789
1 3600 958
14
961 761 129 130 821 818 751 375 378 363 360 409 353 354
1 3600 309
4
1223 163 160 950
1 3600 563
6
961 958 127 130 121 122
1 3600 958
13
1223 961 958 735 703 13 10 15 16 168 308 5 2
1 3600 958
20
165 162 961 958 735 703 13 8 701 696 15 16 168 308 5 6 680 671 151 91
1 3600 212
4
961 958 735 703
1 3600 958
9
961 761 129 130 249 250 674 1174 701
1 3600 958
15
1223 961 958 713 714 737 703 13 10 15 16 168 308 35 21
1 3600 958
19
717 712 959 949 946 659 653 631 601 561 551 552 692 541 542 1032 533 534 529
1 3600 958
26
734 127 132 338 427 424 894 323 324 147 144 47 44 876 397 329 326 843 844 839 837 33 28 291 288 983
1 3600 958
19
712 127 132 333 334 595 590 571 568 817 812 809 281 284 1138 1077 1078 1003 1006
1 3600 958
17
761 129 130 821 818 751 375 378 349 346 371 366 615 313 310 581 582
1 3600 958
16
734 959 949 946 659 653 631 625 607 608 563 177 182 49 52 541
1 3600 958
21
712 127 132 333 330 424 892 898 887 881 882 209 206 329 326 843 840 1061 775 770 1029
1 3600 958
24
676 769 239 236 141 134 255 256 357 358 369 364 197 200 1160 967 965 749 746 1132 969 101 104 1110
1 3600 958
30
676 769 766 1049 403 400 753 375 378 349 346 404 1089 785 783 781 779 776 69 70 84 453 454 476 497 439 440 955 952 1100
1 3600 958
15
715 712 959 761 757 754 661 653 631 601 561 177 178 549 544
1 3600 958
14
712 127 132 338 427 424 894 323 324 147 144 47 44 874
1 3600 958
20
703 679 674 683 686 153 154 1055 911 908 793 83 80 1217 1218 789 787 783 781 779
1 3600 958
30
717 714 737 703 13 8 1175 683 684 688 694 1055 911 908 663 275 272 656 351 354 315 310 585 485 481 479 474 471 443 446
1 3600 958
11
717 712 127 132 333 330 421 418 896 902 641
1 3600 958
9
1169 737 734 127 132 338 651 423 418
1 3600 958
10
679 676 1162 233 234 970 763 753 375 378
1 3600 958
13
127 130 121 122 818 751 261 258 279 276 790 351 354
1 3600 532
3
712 959 949
1 3600 187
7
719 714 737 703 679 676 769
1 3600 273
10
719 714 737 703 679 676 769 766 1049 1046
1 3600 958
11
761 129 130 121 124 973 139 136 908 663 275
1 3600 290
6
737 734 959 960 163 164
1 3600 638
3
717 714 1168
1 3600 225
7
719 714 737 703 13 8 1175
1 3600 225
7
717 714 737 703 13 10 704
1 3600 958
14
761 129 130 249 250 674 683 684 688 167 168 308 35 21
1 3600 958
29
233 234 970 763 753 375 378 349 346 404 573 574 1171 1172 287 284 1140 1013 1010 827 773 774 1062 1067 27 28 298 229 230
1 3600 958
34
705 697 698 691 685 686 233 234 970 763 753 375 378 349 346 404 573 574 1171 1172 287 284 1140 1021 1018 75 61 64 264 985 986 725 726 1094
1 3600 958
28
308 5 6 667 665 275 272 413 410 613 313 310 577 97 98 461 453 450 445 442 472 952 1104 1125 1121 305 302 871
1 3600 958
27
667 665 275 276 790 351 352 410 613 313 310 581 465 463 459 453 450 445 446 1129 109 110 1106 1123 1124 1119 1112
1 3600 958
29
166 159 156 141 134 1187 763 753 375 376 645 642 1091 1043 571 564 1201 47 44 876 397 329 326 1210 833 834 995 847 539
1 3600 958
25
156 141 134 255 256 357 358 369 364 197 200 1160 967 385 382 386 395 283 284 1140 1137 827 822 1083 1075
1 3600 958
21
1055 911 906 255 256 357 358 369 364 197 200 1160 967 965 749 746 1132 969 805 802 956
1 3600 958
26
686 153 156 240 911 908 793 83 80 1217 1218 789 787 783 781 779 467 468 481 479 474 471 472 952 1100 1214
1 3600 958
21
705 697 700 1175 675 251 248 131 128 757 754 1153 1150 113 116 904 879 882 209 206 329
1 3600 958
18
5 2 793 83 80 361 362 647 642 1091 1043 591 588 1036 1201 47 44 874
1 3600 958
15
308 5 2 793 83 80 1217 1218 367 364 1088 573 574 1171 1172
1 3600 958
22
18 691 688 159 156 141 134 255 256 79 76 413 410 621 315 310 585 485 481 479 476 1096
1 3600 958
17
159 156 237 234 970 763 753 375 376 645 642 739 742 890 892 896 902
1 3600 958
15
169 166 159 156 141 138 970 763 753 375 376 645 642 1091 1043
1 3600 958
13
1175 683 686 233 236 141 134 255 256 357 358 369 364
1 3600 958
14
701 698 19 16 168 308 35 36 667 665 275 272 413 353
1 3600 958
9
689 685 682 675 251 248 131 128 757
1 3600 368
5
1163 253 248 131 128
1 3600 412
4
233 238 766 1049
1 3600 412
10
705 15 16 166 694 1055 911 906 255 256
1 3600 412
6
1055 911 906 1187 763 753
1 3600 412
3
166 694 1055
1 3600 435
13
1175 683 686 153 154 1055 911 908 793 279 276 790 657
1 3600 958
10
682 1174 9 12 702 734 959 960 163 164
1 3600 404
9
307 169 17 14 11 12 702 734 959
1 3600 404
8
699 696 11 12 702 736 715 716
1 3600 404
9
4 309 169 17 14 11 12 702 734
1 3600 368
3
701 696 704
1 3600 399
6
19 16 168 308 35 21
1 3600 958
32
25 22 151 91 92 790 351 354 315 310 577 97 98 461 453 456 523 495 490 506 1132 969 805 795 798 1180 1007 999 1000 513 215 216
1 3600 958
29
25 20 36 667 665 275 272 413 410 613 313 310 581 465 463 459 453 450 445 446 1129 109 103 104 807 795 800 1003 999
1 3600 958
35
25 22 151 91 92 790 351 354 620 613 614 789 787 783 781 779 776 69 70 86 967 965 749 746 1132 969 805 795 798 1180 979 976 1202 171 174
1 3600 958
24
25 20 36 667 665 275 272 413 410 621 315 310 585 485 481 479 476 497 439 440 955 952 1104 1156
1 3600 958
26
22 151 148 662 793 83 80 1217 635 345 342 739 742 890 892 898 887 884 1159 209 206 329 326 843 844 839
1 3600 958
23
20 34 5 2 793 83 80 1217 1218 367 370 404 573 574 1171 1172 287 284 1140 1137 827 824 1070
1 3600 958
25
22 670 669 665 275 272 656 351 354 315 310 577 97 98 479 474 471 443 446 1129 1130 107 104 807 802
1 3600 958
27
25 22 151 91 92 790 351 352 410 613 313 310 581 465 463 459 453 450 445 446 1129 109 110 1106 1123 937 938
1 3600 958
27
20 34 309 169 17 18 691 685 682 675 251 248 131 132 338 427 424 894 323 318 1199 1159 209 206 329 326 1210
1 3600 958
17
25 22 151 148 662 793 83 78 372 378 647 642 1091 1043 571 568 41
1 3600 958
18
20 36 667 665 275 272 413 408 1217 1218 789 787 783 781 779 776 69 70
1 3600 958
16
22 151 91 92 790 351 354 315 310 585 485 481 479 474 471 472
1 3600 958
19
25 20 34 309 169 166 159 152 1163 253 248 131 128 757 754 1153 1150 113 118
1 3600 958
13
22 670 669 665 662 793 259 260 375 378 349 346 406
1 3600 958
11
25 20 36 7 2 793 83 80 1217 635 345
1 3600 958
10
22 151 148 275 272 413 410 613 313 310
1 3600 958
17
20 34 309 169 17 18 691 685 682 675 251 248 131 128 757 754 1153
1 3600 958
10
20 34 309 169 166 159 156 237 238 764
1 3600 456
11
25 22 670 669 665 662 909 906 1187 763 753
1 3600 383
4
22 151 91 92
1 3600 958
15
25 20 34 309 169 17 18 699 700 9 12 702 734 959 960
1 3600 958
11
20 34 309 169 17 14 11 12 702 736 715
1 3600 187
7
22 151 148 662 909 910 1054
