196
23.095633 112.463005 1 0
23.09567 112.46292 2 0
23.076845 112.49986 3 1
23.090687 112.5027 4 1
23.090202 112.50198 5 1
23.08261 112.507545 6 0
23.082943 112.506226 7 0
23.08244 112.50761 8 1
23.063276 112.51215 9 0
23.066374 112.43919 10 1
23.062084 112.44031 11 0
23.09408 112.4792 12 0
23.09411 112.48023 13 0
23.082882 112.48945 14 1
23.075117 112.50566 15 0
23.0461 112.43991 16 0
23.051834 112.45679 17 0
23.062239 112.45852 18 0
23.06076 112.441025 19 0
23.046522 112.44543 20 0
23.04652 112.44533 21 0
23.04612 112.44235 22 0
23.061285 112.48668 23 0
23.059683 112.49126 24 0
23.046108 112.46154 25 0
23.080217 112.43486 26 1
23.09369 112.50772 27 0
23.094318 112.47958 28 0
23.081839 112.440056 29 1
23.056482 112.46281 30 1
23.060686 112.45162 31 0
23.055641 112.4559 32 0
23.047651 112.424065 33 0
23.04611 112.4629 34 0
23.081923 112.50672 35 0
23.060837 112.49717 36 0
23.089575 112.50319 37 0
23.095335 112.48017 38 0
23.09555 112.49417 39 0
23.064316 112.41235 40 0
23.064463 112.412384 41 0
23.066465 112.42761 42 0
23.066357 112.42755 43 0
23.051357 112.433205 44 0
23.047735 112.42406 45 0
23.086197 112.51286 46 0
23.095057 112.504524 47 0
23.046513 112.478935 48 0
23.07023 112.50798 49 0
23.081694 112.44004 50 1
23.094574 112.476 51 0
23.07871 112.409096 52 0
23.064116 112.51283 53 0
23.04948 112.441185 54 0
23.04651 112.47903 55 0
23.091048 112.4575 56 1
23.0956027 112.4686537 57 0
23.0897974 112.4717451 58 1
23.0605376 112.473861 59 1
23.0664785 112.4512507 60 1
23.0662885 112.45704 61 1
23.0665289 112.4450575 62 1
23.0538206 112.4873361 63 1
23.0582133 112.486594 64 1
23.0614941 112.4863912 65 1
23.0663965 112.4853107 66 0
23.0664235 112.4855633 67 0
23.0669842 112.4910546 68 1
23.0610111 112.4905989 69 1
23.0616219 112.4797073 70 1
23.0579825 112.4794404 71 1
23.0512446 112.4789751 72 1
23.0663103 112.4796532 73 1
23.0581435 112.49216 74 1
23.0579622 112.4740821 75 1
23.0539332 112.4790675 76 1
23.0539257 112.479234 77 0
23.0475952 112.4761576 78 1
23.0509999 112.4751842 79 1
23.0529449 112.4512811 80 1
23.051918 112.4563433 81 1
23.0709835 112.4892638 82 0
23.0748646 112.4936837 83 1
23.0721663 112.508554 84 1
23.0825096 112.5064977 85 1
23.0767475 112.5106519 86 1
23.0777816 112.5054723 87 1
23.0821276 112.5087168 88 1
23.0772542 112.508303 89 0
23.0771902 112.5085273 90 0
23.064785 112.42386 91 1
23.0725532 112.42808 92 1
23.0772729 112.4279922 93 1
23.0685552 112.4260587 94 1
23.0719047 112.4345833 95 1
23.0591585 112.50058 96 0
23.0592515 112.500515 97 0
23.0955173 112.51187 98 0
23.063755 112.50323 99 0
23.0515546 112.4639754 100 1
23.052718 112.4395241 101 1
23.0526256 112.4331732 102 1
23.0523843 112.445433 103 1
23.080152 112.495277 104 0
23.0946549 112.479796 105 0
23.0931297 112.5121979 106 1
23.0816456 112.5109798 107 1
23.0828633 112.5069333 108 1
23.0881461 112.5074153 109 1
23.0935392 112.5070452 110 1
23.0646316 112.445518 111 1
23.0651905 112.4512331 112 1
23.0563876 112.4641998 113 1
23.0606285 112.4511889 114 1
23.0607542 112.4458672 115 1
23.0605354 112.4407733 116 1
23.0912799 112.5030194 117 1
23.0901159 112.5028814 118 1
23.093598 112.5041943 119 1
23.0756609 112.5048797 120 1
23.0781611 112.500729 121 1
23.0838375 112.5018917 122 1
23.0837048 112.5021422 123 1
23.0895976 112.5025421 124 1
23.0799589 112.4955916 125 1
23.0840573 112.4897971 126 1
23.086463 112.511614 127 1
23.07585 112.5045279 128 1
23.0860705 112.512775 129 0
23.0663043 112.4400614 130 1
23.0663915 112.4345995 131 1
23.0558186 112.4332314 132 1
23.0558608 112.4329773 133 1
23.0783804 112.4098006 134 1
23.0753557 112.409834 135 0
23.0819775 112.4429195 136 1
23.0723322 112.4975634 137 1
23.062765 112.445513 138 0
23.0557123 112.445803 139 0
23.0778575 112.4243675 140 1
23.0779567 112.4234467 141 1
23.0782555 112.4190635 142 1
23.0840976 112.490264 143 1
23.084915 112.490865 144 1
23.0775304 112.4997019 145 1
23.0840936 112.4907937 146 0
23.0786975 112.500528 147 1
23.062673 112.416745 148 1
23.0515223 112.4686083 149 1
23.0557775 112.4935057 150 1
23.0752461 112.4187724 151 1
23.0551605 112.50058 152 1
23.048426 112.488249 153 1
23.0869244 112.457263 154 0
23.0908033 112.4711762 155 1
23.0583522 112.4680525 156 1
23.0565238 112.4619485 157 1
23.064352 112.4772033 158 0
23.046642 112.462956 159 1
23.0556375 112.4563911 160 1
23.0582973 112.4985967 161 1
23.0581317 112.4987087 162 1
23.0583684 112.4682366 163 1
23.0777778 112.5002086 164 1
23.0624524 112.4511953 165 0
23.0603716 112.4332456 166 1
23.0632998 112.4344348 167 1
23.0475563 112.4260417 168 1
23.0555376 112.4511628 169 1
23.0587583 112.43752 170 0
23.0864712 112.4926123 171 1
23.0867106 112.4924098 172 1
23.0939189 112.5043973 173 1
23.079809 112.4343848 174 0
23.078751 112.4872752 175 1
23.066742 112.5057417 176 0
23.0610027 112.4390413 177 1
23.0470719 112.44099 178 0
23.0469893 112.4789633 179 1
23.0624895 112.458225 180 0
23.0932775 112.4972128 181 1
23.0737945 112.4845066 182 1
23.0786422 112.41803 183 1
23.0599575 112.47243 184 0
23.064165 112.47706 185 0
23.095477 112.512024 186 0
23.0951965 112.480633 187 0
23.047021 112.45624 188 0
23.095045 112.504305 189 0
23.0727158 112.4176992 190 1
23.069777 112.416565 191 0
23.069727 112.416703 192 0
23.0580255 112.468405 193 1
23.078353 112.4187593 194 1
23.060408 112.440519 195 1
23.0610304 112.4403922 196 1
259
14 175 486.9036155130912 16.67 3 3 2 3
1 0 0 0 1 0 0 0 1
1 0 0 0 1 0 0 0 1
14 143 153.81021865947326 16.67 3 3 4 5
1 0 0 0 1 0 0 0 1
1 0 0 0 1 0 0 0 1
14 104 705.5945879359373 16.67 3 3 6 7
1 0 0 0 1 0 0 0 1
1 0 0 0 1 0 0 0 1
190 151 285.0512355851361 16.67 3 3 8 9
1 0 0 0 1 0 0 0 1
1 0 0 0 1 0 0 0 1
190 191 326.04151930706547 16.67 3 3 10 11
1 0 0 0 1 0 0 0 1
1 0 0 0 1 0 0 0 1
190 94 1022.4106964358325 16.67 3 3 12 13
1 0 0 0 1 0 0 0 1
1 0 0 0 1 0 0 0 1
190 192 325.2225020538013 16.67 3 3 14 15
1 0 0 0 1 0 0 0 1
1 0 0 0 1 0 0 0 1
193 59 658.9165995894067 16.67 3 3 16 17
1 0 0 0 1 0 0 0 1
1 0 0 0 1 0 0 0 1
193 149 665.7765880148576 16.67 3 3 18 19
1 0 0 0 1 0 0 0 1
1 0 0 0 1 0 0 0 1
193 113 496.7484053088283 16.67 3 3 20 21
1 0 0 0 1 0 0 0 1
1 0 0 0 1 0 0 0 1
194 151 317.8462584062188 16.67 3 3 22 23
1 0 0 0 1 0 0 0 1
1 0 0 0 1 0 0 0 1
194 183 86.32753512516263 16.67 3 3 24 25
1 0 0 0 1 0 0 0 1
1 0 0 0 1 0 0 0 1
194 142 35.26748451742746 16.67 3 3 26 27
1 0 0 0 1 0 0 0 1
1 0 0 0 1 0 0 0 1
195 177 175.22670874674122 16.67 3 3 28 29
1 0 0 0 1 0 0 0 1
1 0 0 0 1 0 0 0 1
195 196 65.22380677749636 16.67 3 3 30 31
1 0 0 0 1 0 0 0 1
1 0 0 0 1 0 0 0 1
195 178 1365.5001492038027 16.67 3 3 32 33
1 0 0 0 1 0 0 0 1
1 0 0 0 1 0 0 0 1
196 130 540.8538301213616 16.67 3 3 34 35
1 0 0 0 1 0 0 0 1
1 0 0 0 1 0 0 0 1
196 177 150.24922484504378 16.67 3 3 36 37
1 0 0 0 1 0 0 0 1
1 0 0 0 1 0 0 0 1
30 18 757.9986169541597 16.67 3 3 38 39
1 0 0 0 1 0 0 0 1
1 0 0 0 1 0 0 0 1
30 157 95.89576100720431 16.67 3 3 40 41
1 0 0 0 1 0 0 0 1
1 0 0 0 1 0 0 0 1
30 113 154.8497772105187 16.67 3 3 42 43
1 0 0 0 1 0 0 0 1
1 0 0 0 1 0 0 0 1
56 1 771.1801958872172 16.67 3 3 44 45
1 0 0 0 1 0 0 0 1
1 0 0 0 1 0 0 0 1
56 154 422.63631981821766 16.67 3 3 46 47
1 0 0 0 1 0 0 0 1
1 0 0 0 1 0 0 0 1
56 2 766.0288826523246 16.67 3 3 48 49
1 0 0 0 1 0 0 0 1
1 0 0 0 1 0 0 0 1
23 69 436.68881937456723 16.67 3 3 50 51
1 0 0 0 1 0 0 0 1
1 0 0 0 1 0 0 0 1
23 65 38.588682352752 16.67 3 3 52 53
1 0 0 0 1 0 0 0 1
1 0 0 0 1 0 0 0 1
58 38 1094.8022080320254 16.67 3 3 54 55
1 0 0 0 1 0 0 0 1
1 0 0 0 1 0 0 0 1
58 29 3616.698711288321 16.67 3 3 56 57
1 0 0 0 1 0 0 0 1
1 0 0 0 1 0 0 0 1
58 155 120.78899088732045 16.67 3 3 58 59
1 0 0 0 1 0 0 0 1
1 0 0 0 1 0 0 0 1
58 50 3621.798242552024 16.67 3 3 60 61
1 0 0 0 1 0 0 0 1
1 0 0 0 1 0 0 0 1
59 70 659.5169665513167 16.67 3 3 62 63
1 0 0 0 1 0 0 0 1
1 0 0 0 1 0 0 0 1
59 73 873.912191109889 16.67 3 3 64 65
1 0 0 0 1 0 0 0 1
1 0 0 0 1 0 0 0 1
59 75 264.6487249876893 16.67 3 3 66 67
1 0 0 0 1 0 0 0 1
1 0 0 0 1 0 0 0 1
24 69 154.4981226462198 16.67 3 3 68 69
1 0 0 0 1 0 0 0 1
1 0 0 0 1 0 0 0 1
24 74 186.6217618229415 16.67 3 3 70 71
1 0 0 0 1 0 0 0 1
1 0 0 0 1 0 0 0 1
60 61 644.0739170686787 16.67 3 3 72 73
1 0 0 0 1 0 0 0 1
1 0 0 0 1 0 0 0 1
60 112 131.79148865098372 16.67 3 3 74 75
1 0 0 0 1 0 0 0 1
1 0 0 0 1 0 0 0 1
60 62 688.7142036576877 16.67 3 3 76 77
1 0 0 0 1 0 0 0 1
1 0 0 0 1 0 0 0 1
61 180 410.4113526033232 16.67 3 3 78 79
1 0 0 0 1 0 0 0 1
1 0 0 0 1 0 0 0 1
61 157 1138.427327997121 16.67 3 3 80 81
1 0 0 0 1 0 0 0 1
1 0 0 0 1 0 0 0 1
4 117 70.28423393348541 16.67 3 3 82 83
1 0 0 0 1 0 0 0 1
1 0 0 0 1 0 0 0 1
4 5 94.19026133064862 16.67 3 3 84 85
1 0 0 0 1 0 0 0 1
1 0 0 0 1 0 0 0 1
4 124 112.81271350490968 16.67 3 3 86 87
1 0 0 0 1 0 0 0 1
1 0 0 0 1 0 0 0 1
62 130 556.0502575994549 16.67 3 3 88 89
1 0 0 0 1 0 0 0 1
1 0 0 0 1 0 0 0 1
62 111 200.75606422366795 16.67 3 3 90 91
1 0 0 0 1 0 0 0 1
1 0 0 0 1 0 0 0 1
62 136 1598.346941541543 16.67 3 3 92 93
1 0 0 0 1 0 0 0 1
1 0 0 0 1 0 0 0 1
5 124 87.91771696721983 16.67 3 3 94 95
1 0 0 0 1 0 0 0 1
1 0 0 0 1 0 0 0 1
5 181 616.4441746037564 16.67 3 3 96 97
1 0 0 0 1 0 0 0 1
1 0 0 0 1 0 0 0 1
63 72 966.3973887637328 16.67 3 3 98 99
1 0 0 0 1 0 0 0 1
1 0 0 0 1 0 0 0 1
63 64 456.97802541916184 16.67 3 3 100 101
1 0 0 0 1 0 0 0 1
1 0 0 0 1 0 0 0 1
63 153 561.2378673201853 16.67 3 3 102 103
1 0 0 0 1 0 0 0 1
1 0 0 0 1 0 0 0 1
63 150 714.6926350459828 16.67 3 3 104 105
1 0 0 0 1 0 0 0 1
1 0 0 0 1 0 0 0 1
64 74 618.9903411009074 16.67 3 3 106 107
1 0 0 0 1 0 0 0 1
1 0 0 0 1 0 0 0 1
64 65 336.4402089667256 16.67 3 3 108 109
1 0 0 0 1 0 0 0 1
1 0 0 0 1 0 0 0 1
64 71 795.8435319433147 16.67 3 3 110 111
1 0 0 0 1 0 0 0 1
1 0 0 0 1 0 0 0 1
65 69 470.50619597968665 16.67 3 3 112 113
1 0 0 0 1 0 0 0 1
1 0 0 0 1 0 0 0 1
65 70 743.37662608256 16.67 3 3 114 115
1 0 0 0 1 0 0 0 1
1 0 0 0 1 0 0 0 1
6 107 394.4915017246512 16.67 3 3 116 117
1 0 0 0 1 0 0 0 1
1 0 0 0 1 0 0 0 1
6 108 72.79052192234063 16.67 3 3 118 119
1 0 0 0 1 0 0 0 1
1 0 0 0 1 0 0 0 1
66 73 629.1859153580616 16.67 3 3 120 121
1 0 0 0 1 0 0 0 1
1 0 0 0 1 0 0 0 1
66 67 28.225075648921127 16.67 3 3 122 123
1 0 0 0 1 0 0 0 1
1 0 0 0 1 0 0 0 1
67 68 613.3310313560539 16.67 3 3 124 125
1 0 0 0 1 0 0 0 1
1 0 0 0 1 0 0 0 1
68 73 1269.729370080874 16.67 3 3 126 127
1 0 0 0 1 0 0 0 1
1 0 0 0 1 0 0 0 1
68 69 613.2107538085974 16.67 3 3 128 129
1 0 0 0 1 0 0 0 1
1 0 0 0 1 0 0 0 1
68 137 907.3339854426132 16.67 3 3 130 131
1 0 0 0 1 0 0 0 1
1 0 0 0 1 0 0 0 1
70 73 479.73133927647046 16.67 3 3 132 133
1 0 0 0 1 0 0 0 1
1 0 0 0 1 0 0 0 1
70 71 373.54614318954555 16.67 3 3 134 135
1 0 0 0 1 0 0 0 1
1 0 0 0 1 0 0 0 1
71 75 595.85614891916 16.67 3 3 136 137
1 0 0 0 1 0 0 0 1
1 0 0 0 1 0 0 0 1
71 76 416.38527567881806 16.67 3 3 138 139
1 0 0 0 1 0 0 0 1
1 0 0 0 1 0 0 0 1
72 179 435.41653477920056 16.67 3 3 140 141
1 0 0 0 1 0 0 0 1
1 0 0 0 1 0 0 0 1
72 76 275.2971161671012 16.67 3 3 142 143
1 0 0 0 1 0 0 0 1
1 0 0 0 1 0 0 0 1
72 77 275.84441873683477 16.67 3 3 144 145
1 0 0 0 1 0 0 0 1
1 0 0 0 1 0 0 0 1
7 123 460.7641081896417 16.67 3 3 146 147
1 0 0 0 1 0 0 0 1
1 0 0 0 1 0 0 0 1
7 108 79.07447701537384 16.67 3 3 148 149
1 0 0 0 1 0 0 0 1
1 0 0 0 1 0 0 0 1
74 150 284.6011870914532 16.67 3 3 150 151
1 0 0 0 1 0 0 0 1
1 0 0 0 1 0 0 0 1
75 79 722.8323886463871 16.67 3 3 152 153
1 0 0 0 1 0 0 0 1
1 0 0 0 1 0 0 0 1
8 108 86.82033164828326 16.67 3 3 154 155
1 0 0 0 1 0 0 0 1
1 0 0 0 1 0 0 0 1
8 88 127.1595765428443 16.67 3 3 156 157
1 0 0 0 1 0 0 0 1
1 0 0 0 1 0 0 0 1
8 35 112.21493018058014 16.67 3 3 158 159
1 0 0 0 1 0 0 0 1
1 0 0 0 1 0 0 0 1
77 55 759.1197139164143 16.67 3 3 160 161
1 0 0 0 1 0 0 0 1
1 0 0 0 1 0 0 0 1
78 34 1482.0811706152779 16.67 3 3 162 163
1 0 0 0 1 0 0 0 1
1 0 0 0 1 0 0 0 1
78 179 318.09931278783097 16.67 3 3 164 165
1 0 0 0 1 0 0 0 1
1 0 0 0 1 0 0 0 1
78 159 1471.2781048796546 16.67 3 3 166 167
1 0 0 0 1 0 0 0 1
1 0 0 0 1 0 0 0 1
78 79 364.81643550159833 16.67 3 3 168 169
1 0 0 0 1 0 0 0 1
1 0 0 0 1 0 0 0 1
79 100 1247.730204973676 16.67 3 3 170 171
1 0 0 0 1 0 0 0 1
1 0 0 0 1 0 0 0 1
79 149 733.2029139852986 16.67 3 3 172 173
1 0 0 0 1 0 0 0 1
1 0 0 0 1 0 0 0 1
76 48 759.3840402621342 16.67 3 3 174 175
1 0 0 0 1 0 0 0 1
1 0 0 0 1 0 0 0 1
80 169 265.61515391865476 16.67 3 3 176 177
1 0 0 0 1 0 0 0 1
1 0 0 0 1 0 0 0 1
80 103 652.844050371291 16.67 3 3 178 179
1 0 0 0 1 0 0 0 1
1 0 0 0 1 0 0 0 1
80 81 572.6481250453837 16.67 3 3 180 181
1 0 0 0 1 0 0 0 1
1 0 0 0 1 0 0 0 1
81 17 50.41195827367401 16.67 3 3 182 183
1 0 0 0 1 0 0 0 1
1 0 0 0 1 0 0 0 1
81 160 380.62517121416516 16.67 3 3 184 185
1 0 0 0 1 0 0 0 1
1 0 0 0 1 0 0 0 1
81 188 501.20429927616124 16.67 3 3 186 187
1 0 0 0 1 0 0 0 1
1 0 0 0 1 0 0 0 1
82 83 631.8506838147408 16.67 3 3 188 189
1 0 0 0 1 0 0 0 1
1 0 0 0 1 0 0 0 1
82 182 602.1272282000236 16.67 3 3 190 191
1 0 0 0 1 0 0 0 1
1 0 0 0 1 0 0 0 1
83 175 816.0484293153676 16.67 3 3 192 193
1 0 0 0 1 0 0 0 1
1 0 0 0 1 0 0 0 1
83 125 562.701419484906 16.67 3 3 194 195
1 0 0 0 1 0 0 0 1
1 0 0 0 1 0 0 0 1
83 137 503.241847950005 16.67 3 3 196 197
1 0 0 0 1 0 0 0 1
1 0 0 0 1 0 0 0 1
17 100 799.5405964156816 16.67 3 3 198 199
1 0 0 0 1 0 0 0 1
1 0 0 0 1 0 0 0 1
84 3 1078.7949537472011 16.67 3 3 200 201
1 0 0 0 1 0 0 0 1
1 0 0 0 1 0 0 0 1
84 86 523.5393411976025 16.67 3 3 202 203
1 0 0 0 1 0 0 0 1
1 0 0 0 1 0 0 0 1
84 176 636.9963363732531 16.67 3 3 204 205
1 0 0 0 1 0 0 0 1
1 0 0 0 1 0 0 0 1
85 123 499.5338532635705 16.67 3 3 206 207
1 0 0 0 1 0 0 0 1
1 0 0 0 1 0 0 0 1
85 87 496.9294103919024 16.67 3 3 208 209
1 0 0 0 1 0 0 0 1
1 0 0 0 1 0 0 0 1
85 108 60.4616282020759 16.67 3 3 210 211
1 0 0 0 1 0 0 0 1
1 0 0 0 1 0 0 0 1
86 49 729.9679602924426 16.67 3 3 212 213
1 0 0 0 1 0 0 0 1
1 0 0 0 1 0 0 0 1
86 87 585.6157466102147 16.67 3 3 214 215
1 0 0 0 1 0 0 0 1
1 0 0 0 1 0 0 0 1
86 107 502.4176315300699 16.67 3 3 216 217
1 0 0 0 1 0 0 0 1
1 0 0 0 1 0 0 0 1
87 120 226.7406523693402 16.67 3 3 218 219
1 0 0 0 1 0 0 0 1
1 0 0 0 1 0 0 0 1
87 128 223.78084500616694 16.67 3 3 220 221
1 0 0 0 1 0 0 0 1
1 0 0 0 1 0 0 0 1
88 107 256.434887098523 16.67 3 3 222 223
1 0 0 0 1 0 0 0 1
1 0 0 0 1 0 0 0 1
88 89 500.66496279666785 16.67 3 3 224 225
1 0 0 0 1 0 0 0 1
1 0 0 0 1 0 0 0 1
88 90 505.53243576142785 16.67 3 3 226 227
1 0 0 0 1 0 0 0 1
1 0 0 0 1 0 0 0 1
89 90 25.787589204948976 16.67 3 3 228 229
1 0 0 0 1 0 0 0 1
1 0 0 0 1 0 0 0 1
91 166 1137.1870509052874 16.67 3 3 230 231
1 0 0 0 1 0 0 0 1
1 0 0 0 1 0 0 0 1
91 135 1897.9965599132072 16.67 3 3 232 233
1 0 0 0 1 0 0 0 1
1 0 0 0 1 0 0 0 1
91 94 456.6995248827723 16.67 3 3 234 235
1 0 0 0 1 0 0 0 1
1 0 0 0 1 0 0 0 1
92 151 1071.0607688929208 16.67 3 3 236 237
1 0 0 0 1 0 0 0 1
1 0 0 0 1 0 0 0 1
92 93 482.95554329660985 16.67 3 3 238 239
1 0 0 0 1 0 0 0 1
1 0 0 0 1 0 0 0 1
92 95 726.2155501955808 16.67 3 3 240 241
1 0 0 0 1 0 0 0 1
1 0 0 0 1 0 0 0 1
92 94 466.7136332798431 16.67 3 3 242 243
1 0 0 0 1 0 0 0 1
1 0 0 0 1 0 0 0 1
93 140 407.4858749700957 16.67 3 3 244 245
1 0 0 0 1 0 0 0 1
1 0 0 0 1 0 0 0 1
93 93 0.0 16.67 3 3 246 247
1 0 0 0 1 0 0 0 1
1 0 0 0 1 0 0 0 1
94 131 975.2091336049268 16.67 3 3 248 249
1 0 0 0 1 0 0 0 1
1 0 0 0 1 0 0 0 1
95 26 850.9643960953607 16.67 3 3 250 251
1 0 0 0 1 0 0 0 1
1 0 0 0 1 0 0 0 1
95 131 564.0427903266062 16.67 3 3 252 253
1 0 0 0 1 0 0 0 1
1 0 0 0 1 0 0 0 1
95 174 808.9678044267055 16.67 3 3 254 255
1 0 0 0 1 0 0 0 1
1 0 0 0 1 0 0 0 1
100 159 515.293747307103 16.67 3 3 256 257
1 0 0 0 1 0 0 0 1
1 0 0 0 1 0 0 0 1
100 149 515.1973544431308 16.67 3 3 258 259
1 0 0 0 1 0 0 0 1
1 0 0 0 1 0 0 0 1
101 102 706.2947038416642 16.67 3 3 260 261
1 0 0 0 1 0 0 0 1
1 0 0 0 1 0 0 0 1
101 103 657.9667900375033 16.67 3 3 262 263
1 0 0 0 1 0 0 0 1
1 0 0 0 1 0 0 0 1
101 132 768.3205756691543 16.67 3 3 264 265
1 0 0 0 1 0 0 0 1
1 0 0 0 1 0 0 0 1
102 44 129.85363467491973 16.67 3 3 266 267
1 0 0 0 1 0 0 0 1
1 0 0 0 1 0 0 0 1
102 132 326.7777052939449 16.67 3 3 268 269
1 0 0 0 1 0 0 0 1
1 0 0 0 1 0 0 0 1
102 133 331.74760810482576 16.67 3 3 270 271
1 0 0 0 1 0 0 0 1
1 0 0 0 1 0 0 0 1
103 20 599.8424433746661 16.67 3 3 272 273
1 0 0 0 1 0 0 0 1
1 0 0 0 1 0 0 0 1
103 21 600.1563004246739 16.67 3 3 274 275
1 0 0 0 1 0 0 0 1
1 0 0 0 1 0 0 0 1
104 125 40.176093661063064 16.67 3 3 276 277
1 0 0 0 1 0 0 0 1
1 0 0 0 1 0 0 0 1
105 143 1587.838365624115 16.67 3 3 278 279
1 0 0 0 1 0 0 0 1
1 0 0 0 1 0 0 0 1
105 187 108.31575688986457 16.67 3 3 280 281
1 0 0 0 1 0 0 0 1
1 0 0 0 1 0 0 0 1
106 186 240.88519094650178 16.67 3 3 282 283
1 0 0 0 1 0 0 0 1
1 0 0 0 1 0 0 0 1
106 98 246.93697933147487 16.67 3 3 284 285
1 0 0 0 1 0 0 0 1
1 0 0 0 1 0 0 0 1
106 110 574.5185109002588 16.67 3 3 286 287
1 0 0 0 1 0 0 0 1
1 0 0 0 1 0 0 0 1
106 27 501.23800018251364 16.67 3 3 288 289
1 0 0 0 1 0 0 0 1
1 0 0 0 1 0 0 0 1
107 127 497.83944266538583 16.67 3 3 290 291
1 0 0 0 1 0 0 0 1
1 0 0 0 1 0 0 0 1
109 127 497.63610317973996 16.67 3 3 292 293
1 0 0 0 1 0 0 0 1
1 0 0 0 1 0 0 0 1
109 110 553.2191592188499 16.67 3 3 294 295
1 0 0 0 1 0 0 0 1
1 0 0 0 1 0 0 0 1
109 124 561.8820642990074 16.67 3 3 296 297
1 0 0 0 1 0 0 0 1
1 0 0 0 1 0 0 0 1
109 37 492.0718096742158 16.67 3 3 298 299
1 0 0 0 1 0 0 0 1
1 0 0 0 1 0 0 0 1
110 173 297.0017559098553 16.67 3 3 300 301
1 0 0 0 1 0 0 0 1
1 0 0 0 1 0 0 0 1
110 119 317.0822222328279 16.67 3 3 302 303
1 0 0 0 1 0 0 0 1
1 0 0 0 1 0 0 0 1
111 115 398.60327017505415 16.67 3 3 304 305
1 0 0 0 1 0 0 0 1
1 0 0 0 1 0 0 0 1
111 112 638.0966780831629 16.67 3 3 306 307
1 0 0 0 1 0 0 0 1
1 0 0 0 1 0 0 0 1
112 165 280.17278860126885 16.67 3 3 308 309
1 0 0 0 1 0 0 0 1
1 0 0 0 1 0 0 0 1
113 156 473.24113377198813 16.67 3 3 310 311
1 0 0 0 1 0 0 0 1
1 0 0 0 1 0 0 0 1
113 157 250.73615501392058 16.67 3 3 312 313
1 0 0 0 1 0 0 0 1
1 0 0 0 1 0 0 0 1
114 165 186.61505146859562 16.67 3 3 314 315
1 0 0 0 1 0 0 0 1
1 0 0 0 1 0 0 0 1
114 160 771.6389833473359 16.67 3 3 316 317
1 0 0 0 1 0 0 0 1
1 0 0 0 1 0 0 0 1
114 31 48.29873554583358 16.67 3 3 318 319
1 0 0 0 1 0 0 0 1
1 0 0 0 1 0 0 0 1
114 169 520.8873319719077 16.67 3 3 320 321
1 0 0 0 1 0 0 0 1
1 0 0 0 1 0 0 0 1
115 138 209.47271979914692 16.67 3 3 322 323
1 0 0 0 1 0 0 0 1
1 0 0 0 1 0 0 0 1
115 19 538.461614150895 16.67 3 3 324 325
1 0 0 0 1 0 0 0 1
1 0 0 0 1 0 0 0 1
115 116 566.8929750040492 16.67 3 3 326 327
1 0 0 0 1 0 0 0 1
1 0 0 0 1 0 0 0 1
116 130 595.5348623935517 16.67 3 3 328 329
1 0 0 0 1 0 0 0 1
1 0 0 0 1 0 0 0 1
116 54 1132.0684177010532 16.67 3 3 330 331
1 0 0 0 1 0 0 0 1
1 0 0 0 1 0 0 0 1
117 189 410.8182364022208 16.67 3 3 332 333
1 0 0 0 1 0 0 0 1
1 0 0 0 1 0 0 0 1
117 119 270.7351297636057 16.67 3 3 334 335
1 0 0 0 1 0 0 0 1
1 0 0 0 1 0 0 0 1
117 118 120.05322440109252 16.67 3 3 336 337
1 0 0 0 1 0 0 0 1
1 0 0 0 1 0 0 0 1
118 124 65.07369263952438 16.67 3 3 338 339
1 0 0 0 1 0 0 0 1
1 0 0 0 1 0 0 0 1
118 37 65.10842470720831 16.67 3 3 340 341
1 0 0 0 1 0 0 0 1
1 0 0 0 1 0 0 0 1
119 173 39.838038888237236 16.67 3 3 342 343
1 0 0 0 1 0 0 0 1
1 0 0 0 1 0 0 0 1
120 15 103.07930202481458 16.67 3 3 344 345
1 0 0 0 1 0 0 0 1
1 0 0 0 1 0 0 0 1
120 128 43.64279981419944 16.67 3 3 346 347
1 0 0 0 1 0 0 0 1
1 0 0 0 1 0 0 0 1
121 164 69.90343286499984 16.67 3 3 348 349
1 0 0 0 1 0 0 0 1
1 0 0 0 1 0 0 0 1
121 128 484.106388909392 16.67 3 3 350 351
1 0 0 0 1 0 0 0 1
1 0 0 0 1 0 0 0 1
121 123 588.5041174429937 16.67 3 3 352 353
1 0 0 0 1 0 0 0 1
1 0 0 0 1 0 0 0 1
10 11 456.24423829719206 16.67 3 3 354 355
1 0 0 0 1 0 0 0 1
1 0 0 0 1 0 0 0 1
10 130 97.16327597381914 16.67 3 3 356 357
1 0 0 0 1 0 0 0 1
1 0 0 0 1 0 0 0 1
10 131 510.4749375980638 16.67 3 3 358 359
1 0 0 0 1 0 0 0 1
1 0 0 0 1 0 0 0 1
122 123 30.987720806285193 16.67 3 3 360 361
1 0 0 0 1 0 0 0 1
1 0 0 0 1 0 0 0 1
122 147 547.2430504336369 16.67 3 3 362 363
1 0 0 0 1 0 0 0 1
1 0 0 0 1 0 0 0 1
122 171 1066.4787343803443 16.67 3 3 364 365
1 0 0 0 1 0 0 0 1
1 0 0 0 1 0 0 0 1
125 145 520.2277766093274 16.67 3 3 366 367
1 0 0 0 1 0 0 0 1
1 0 0 0 1 0 0 0 1
3 164 103.00166789391787 16.67 3 3 368 369
1 0 0 0 1 0 0 0 1
1 0 0 0 1 0 0 0 1
3 137 527.6037281935722 16.67 3 3 370 371
1 0 0 0 1 0 0 0 1
1 0 0 0 1 0 0 0 1
126 28 1546.8098431879148 16.67 3 3 372 373
1 0 0 0 1 0 0 0 1
1 0 0 0 1 0 0 0 1
126 143 52.08353002596564 16.67 3 3 374 375
1 0 0 0 1 0 0 0 1
1 0 0 0 1 0 0 0 1
126 182 1203.4637298662378 16.67 3 3 376 377
1 0 0 0 1 0 0 0 1
1 0 0 0 1 0 0 0 1
127 46 141.2040566816233 16.67 3 3 378 379
1 0 0 0 1 0 0 0 1
1 0 0 0 1 0 0 0 1
127 129 135.20462989077689 16.67 3 3 380 381
1 0 0 0 1 0 0 0 1
1 0 0 0 1 0 0 0 1
26 50 595.5130582588445 16.67 3 3 382 383
1 0 0 0 1 0 0 0 1
1 0 0 0 1 0 0 0 1
26 174 67.33880777663613 16.67 3 3 384 385
1 0 0 0 1 0 0 0 1
1 0 0 0 1 0 0 0 1
131 167 316.84583421930574 16.67 3 3 386 387
1 0 0 0 1 0 0 0 1
1 0 0 0 1 0 0 0 1
29 140 1791.5048562689487 16.67 3 3 388 389
1 0 0 0 1 0 0 0 1
1 0 0 0 1 0 0 0 1
29 136 318.7413740042676 16.67 3 3 390 391
1 0 0 0 1 0 0 0 1
1 0 0 0 1 0 0 0 1
132 166 465.8629279295785 16.67 3 3 392 393
1 0 0 0 1 0 0 0 1
1 0 0 0 1 0 0 0 1
132 133 28.584379242878747 16.67 3 3 394 395
1 0 0 0 1 0 0 0 1
1 0 0 0 1 0 0 0 1
133 148 1934.962849514502 16.67 3 3 396 397
1 0 0 0 1 0 0 0 1
1 0 0 0 1 0 0 0 1
133 166 462.5055478780878 16.67 3 3 398 399
1 0 0 0 1 0 0 0 1
1 0 0 0 1 0 0 0 1
134 166 3192.3854178014444 16.67 3 3 400 401
1 0 0 0 1 0 0 0 1
1 0 0 0 1 0 0 0 1
134 52 85.30015682976953 16.67 3 3 402 403
1 0 0 0 1 0 0 0 1
1 0 0 0 1 0 0 0 1
134 135 309.45590021323204 16.67 3 3 404 405
1 0 0 0 1 0 0 0 1
1 0 0 0 1 0 0 0 1
134 183 915.5158141422917 16.67 3 3 406 407
1 0 0 0 1 0 0 0 1
1 0 0 0 1 0 0 0 1
136 50 321.51625170949 16.67 3 3 408 409
1 0 0 0 1 0 0 0 1
1 0 0 0 1 0 0 0 1
136 12 4220.151661072049 16.67 3 3 410 411
1 0 0 0 1 0 0 0 1
1 0 0 0 1 0 0 0 1
137 145 582.5587177269834 16.67 3 3 412 413
1 0 0 0 1 0 0 0 1
1 0 0 0 1 0 0 0 1
139 169 596.28731897369 16.67 3 3 414 415
1 0 0 0 1 0 0 0 1
1 0 0 0 1 0 0 0 1
139 170 972.3845047063212 16.67 3 3 416 417
1 0 0 0 1 0 0 0 1
1 0 0 0 1 0 0 0 1
140 141 102.89628506463471 16.67 3 3 418 419
1 0 0 0 1 0 0 0 1
1 0 0 0 1 0 0 0 1
141 183 606.4153337087736 16.67 3 3 420 421
1 0 0 0 1 0 0 0 1
1 0 0 0 1 0 0 0 1
141 142 488.3772469679792 16.67 3 3 422 423
1 0 0 0 1 0 0 0 1
1 0 0 0 1 0 0 0 1
142 151 309.5658097150456 16.67 3 3 424 425
1 0 0 0 1 0 0 0 1
1 0 0 0 1 0 0 0 1
143 144 107.04472515419492 16.67 3 3 426 427
1 0 0 0 1 0 0 0 1
1 0 0 0 1 0 0 0 1
144 172 251.49571788480145 16.67 3 3 428 429
1 0 0 0 1 0 0 0 1
1 0 0 0 1 0 0 0 1
144 13 1511.0885304325911 16.67 3 3 430 431
1 0 0 0 1 0 0 0 1
1 0 0 0 1 0 0 0 1
145 164 61.76931478975491 16.67 3 3 432 433
1 0 0 0 1 0 0 0 1
1 0 0 0 1 0 0 0 1
146 147 1215.0964393333243 16.67 3 3 434 435
1 0 0 0 1 0 0 0 1
1 0 0 0 1 0 0 0 1
146 171 316.31514837763075 16.67 3 3 436 437
1 0 0 0 1 0 0 0 1
1 0 0 0 1 0 0 0 1
147 164 100.56794024774065 16.67 3 3 438 439
1 0 0 0 1 0 0 0 1
1 0 0 0 1 0 0 0 1
148 40 516.8337998613639 16.67 3 3 440 441
1 0 0 0 1 0 0 0 1
1 0 0 0 1 0 0 0 1
148 41 518.3807502829566 16.67 3 3 442 443
1 0 0 0 1 0 0 0 1
1 0 0 0 1 0 0 0 1
150 161 622.0729244756917 16.67 3 3 444 445
1 0 0 0 1 0 0 0 1
1 0 0 0 1 0 0 0 1
150 162 626.7228555594545 16.67 3 3 446 447
1 0 0 0 1 0 0 0 1
1 0 0 0 1 0 0 0 1
152 53 1641.7373777108842 16.67 3 3 448 449
1 0 0 0 1 0 0 0 1
1 0 0 0 1 0 0 0 1
152 153 1534.6308121958002 16.67 3 3 450 451
1 0 0 0 1 0 0 0 1
1 0 0 0 1 0 0 0 1
152 162 368.4102125106981 16.67 3 3 452 453
1 0 0 0 1 0 0 0 1
1 0 0 0 1 0 0 0 1
18 180 41.62959321838348 16.67 3 3 454 455
1 0 0 0 1 0 0 0 1
1 0 0 0 1 0 0 0 1
153 9 3061.542425388302 16.67 3 3 456 457
1 0 0 0 1 0 0 0 1
1 0 0 0 1 0 0 0 1
153 179 1042.9989289338023 16.67 3 3 458 459
1 0 0 0 1 0 0 0 1
1 0 0 0 1 0 0 0 1
154 155 1597.244368001062 16.67 3 3 460 461
1 0 0 0 1 0 0 0 1
1 0 0 0 1 0 0 0 1
155 51 660.6948166200444 16.67 3 3 462 463
1 0 0 0 1 0 0 0 1
1 0 0 0 1 0 0 0 1
155 57 565.428995209831 16.67 3 3 464 465
1 0 0 0 1 0 0 0 1
1 0 0 0 1 0 0 0 1
156 158 1188.4165588897863 16.67 3 3 466 467
1 0 0 0 1 0 0 0 1
1 0 0 0 1 0 0 0 1
156 163 20.539240949399353 16.67 3 3 468 469
1 0 0 0 1 0 0 0 1
1 0 0 0 1 0 0 0 1
157 160 624.6110103153194 16.67 3 3 470 471
1 0 0 0 1 0 0 0 1
1 0 0 0 1 0 0 0 1
158 185 24.899483148921462 16.67 3 3 472 473
1 0 0 0 1 0 0 0 1
1 0 0 0 1 0 0 0 1
159 25 166.6732595577401 16.67 3 3 474 475
1 0 0 0 1 0 0 0 1
1 0 0 0 1 0 0 0 1
160 31 740.4882787802662 16.67 3 3 476 477
1 0 0 0 1 0 0 0 1
1 0 0 0 1 0 0 0 1
161 97 234.59884857727698 16.67 3 3 478 479
1 0 0 0 1 0 0 0 1
1 0 0 0 1 0 0 0 1
161 36 304.45913908713214 16.67 3 3 480 481
1 0 0 0 1 0 0 0 1
1 0 0 0 1 0 0 0 1
162 96 233.1089717654482 16.67 3 3 482 483
1 0 0 0 1 0 0 0 1
1 0 0 0 1 0 0 0 1
163 184 493.84686492815536 16.67 3 3 484 485
1 0 0 0 1 0 0 0 1
1 0 0 0 1 0 0 0 1
163 185 1146.503276535625 16.67 3 3 486 487
1 0 0 0 1 0 0 0 1
1 0 0 0 1 0 0 0 1
167 177 563.5936390709728 16.67 3 3 488 489
1 0 0 0 1 0 0 0 1
1 0 0 0 1 0 0 0 1
167 42 825.1358677486776 16.67 3 3 490 491
1 0 0 0 1 0 0 0 1
1 0 0 0 1 0 0 0 1
167 43 827.0346298823614 16.67 3 3 492 493
1 0 0 0 1 0 0 0 1
1 0 0 0 1 0 0 0 1
36 99 737.0578510535331 16.67 3 3 494 495
1 0 0 0 1 0 0 0 1
1 0 0 0 1 0 0 0 1
168 33 220.02605916496594 16.67 3 3 496 497
1 0 0 0 1 0 0 0 1
1 0 0 0 1 0 0 0 1
168 22 1819.4577127459675 16.67 3 3 498 499
1 0 0 0 1 0 0 0 1
1 0 0 0 1 0 0 0 1
168 16 1549.3625597253192 16.67 3 3 500 501
1 0 0 0 1 0 0 0 1
1 0 0 0 1 0 0 0 1
168 45 221.12592277664052 16.67 3 3 502 503
1 0 0 0 1 0 0 0 1
1 0 0 0 1 0 0 0 1
169 32 526.8913307269423 16.67 3 3 504 505
1 0 0 0 1 0 0 0 1
1 0 0 0 1 0 0 0 1
170 177 285.2257922246539 16.67 3 3 506 507
1 0 0 0 1 0 0 0 1
1 0 0 0 1 0 0 0 1
171 172 33.268923225409175 16.67 3 3 508 509
1 0 0 0 1 0 0 0 1
1 0 0 0 1 0 0 0 1
171 181 863.9982930551497 16.67 3 3 510 511
1 0 0 0 1 0 0 0 1
1 0 0 0 1 0 0 0 1
172 181 858.2167854838311 16.67 3 3 512 513
1 0 0 0 1 0 0 0 1
1 0 0 0 1 0 0 0 1
173 47 117.2662038319832 16.67 3 3 514 515
1 0 0 0 1 0 0 0 1
1 0 0 0 1 0 0 0 1
175 182 593.2077903223108 16.67 3 3 516 517
1 0 0 0 1 0 0 0 1
1 0 0 0 1 0 0 0 1
181 39 410.51987802657067 16.67 3 3 518 519
1 0 0 0 1 0 0 0 1
1 0 0 0 1 0 0 0 1
117
3 201 368 -1 370
4 -1 82 84 86
5 85 -1 96 94
8 156 154 158 -1
10 356 -1 358 354
14 6 4 -1 2
26 382 -1 384 251
29 390 57 388 -1
30 42 38 40 -1
50 409 61 383 -1
56 44 48 -1 46
58 54 58 56 60
59 62 64 17 66
60 72 -1 76 74
61 80 -1 73 78
62 77 92 88 90
63 104 100 98 102
64 106 108 110 101
65 53 112 114 109
68 130 125 126 128
69 69 129 51 113
70 115 132 63 134
71 111 135 136 138
72 99 142 144 140
73 121 127 65 133
74 -1 71 107 150
75 137 67 -1 152
76 -1 139 143 174
78 164 168 166 162
79 169 153 170 172
80 180 176 178 -1
81 182 184 181 186
83 196 194 192 189
84 -1 202 200 204
85 210 -1 206 208
86 203 216 214 212
87 215 209 220 218
88 222 157 224 226
91 230 234 232 -1
92 240 238 236 242
93 247 244 246 239
94 248 243 13 235
95 250 254 241 252
100 171 258 199 256
101 262 264 260 -1
102 261 268 270 266
103 272 179 263 274
106 282 284 286 288
107 290 117 223 217
108 119 155 149 211
109 292 294 296 298
110 287 300 302 295
111 306 91 -1 304
112 -1 75 307 308
113 21 310 43 312
114 318 314 320 316
115 305 322 324 326
116 327 328 -1 330
117 334 332 83 336
118 -1 337 338 340
119 303 342 -1 335
120 344 219 346 -1
121 350 352 348 -1
122 360 -1 364 362
123 147 207 361 353
124 339 87 95 297
125 366 -1 277 195
126 374 372 -1 376
127 378 380 293 291
128 347 221 351 -1
130 329 89 357 35
131 359 253 249 386
132 265 392 394 269
133 395 398 396 271
134 400 406 402 404
136 410 391 408 93
137 371 412 197 131
140 245 389 418 -1
141 419 420 422 -1
142 423 -1 27 424
143 426 279 375 5
144 -1 428 430 427
145 432 -1 367 413
147 -1 363 435 438
148 397 442 440 -1
149 173 19 259 -1
150 444 151 105 446
151 237 425 23 9
152 448 452 450 -1
153 456 103 458 451
155 462 464 461 59
156 468 466 311 -1
157 41 81 470 313
159 167 257 474 -1
160 471 476 317 185
161 478 480 445 -1
162 482 -1 447 453
163 484 486 469 -1
164 349 439 433 369
166 393 401 231 399
167 488 387 490 492
168 498 502 496 500
169 504 321 415 177
171 365 510 508 437
172 -1 512 429 509
173 301 514 -1 343
175 193 3 -1 516
177 29 37 489 507
179 459 141 165 -1
181 97 518 513 511
182 517 377 -1 191
183 421 -1 407 25
190 12 8 10 14
193 16 -1 20 18
194 26 -1 24 22
195 -1 30 28 32
196 -1 34 36 31
