703
1 3600 299
3
776 1094 993
1 3600 61
3
780 375 370
1 3600 61
3
781 778 291
1 3600 258
11
68 777 771 774 291 294 321 318 418 420 550
1 3600 747
14
375 370 378 1084 355 347 348 408 428 333 328 281 276 616
1 3600 747
18
780 575 571 567 568 1080 1091 1089 377 325 322 422 341 342 695 691 279 282
1 3600 747
20
777 780 579 367 211 208 227 220 232 501 494 585 586 860 862 1042 871 659 660 751
1 3600 47
5
72 987 245 240 87
1 3600 111
9
780 575 487 481 484 393 231 228 978
1 3600 623
14
777 780 579 573 571 483 385 390 1074 479 449 444 712 714
1 3600 747
17
69 70 1008 219 103 98 612 636 499 496 859 75 43 44 63 64 862
1 3600 747
31
993 990 241 242 215 216 602 620 593 588 963 631 628 157 158 203 204 15 12 748 798 755 756 842 731 519 516 823 767 663 653
1 3600 747
34
773 774 291 296 314 351 352 415 416 466 717 441 442 586 63 66 153 154 725 722 265 266 796 845 840 882 877 878 833 830 769 675 680 874
1 3600 575
12
72 987 583 3 4 249 101 104 598 619 187 188
1 3600 679
24
770 780 579 576 247 215 216 597 594 648 435 432 590 733 734 806 167 168 183 179 180 127 123 124
1 3600 747
24
773 770 780 375 372 567 387 388 393 307 308 396 401 404 438 29 30 458 980 149 144 151 154 850
1 3600 747
25
1095 777 778 1087 1083 1079 1080 1092 395 392 223 220 232 501 494 75 43 40 157 158 203 200 556 15 10
1 3600 747
32
575 487 207 208 647 225 220 228 978 859 585 586 860 862 563 564 559 556 257 251 254 803 798 795 759 756 842 731 728 513 508 815
1 3600 747
41
772 993 994 1016 219 103 104 598 619 187 190 726 733 734 537 171 168 143 144 109 106 23 24 1014 923 893 894 920 915 916 927 137 134 138 539 542 505 506 960 839 836
1 3600 747
24
773 774 291 296 312 322 303 298 338 693 690 329 330 33 30 457 450 903 908 185 179 180 127 128
1 3600 747
23
990 87 90 1016 219 103 98 610 635 473 468 431 436 988 963 535 171 168 183 184 701 163 97
1 3600 747
24
72 987 583 3 8 364 481 484 393 307 308 398 978 859 75 76 633 628 157 153 119 27 24 943
1 3600 747
25
375 370 378 1084 355 347 344 415 412 446 717 441 442 586 63 66 153 119 27 24 943 935 938 491 492
1 3600 747
25
575 571 567 568 1077 1074 479 449 444 712 714 1037 29 30 458 903 904 707 704 741 35 38 177 172 785
1 3600 747
25
778 291 292 377 325 326 348 408 428 522 696 693 279 282 810 651 652 662 768 849 846 900 961 958 1028
1 3600 145
3
293 290 775
1 3600 145
8
302 323 313 297 290 779 776 69
1 3600 145
9
379 382 566 570 572 576 582 986 73
1 3600 86
4
314 376 1088 1085
1 3600 162
13
316 318 418 420 548 697 523 520 475 33 30 457 452
1 3600 162
4
424 341 342 695
1 3600 162
8
368 1086 291 294 321 318 418 420
1 3600 162
13
296 312 322 407 410 412 444 401 404 438 29 30 460
1 3600 162
6
377 325 322 303 298 338
1 3600 162
11
300 340 425 426 466 717 714 1037 29 30 457
1 3600 162
9
763 547 550 552 690 329 330 33 30
1 3600 162
6
427 428 333 328 691 553
1 3600 276
4
300 342 695 281
1 3600 747
18
344 477 311 308 398 978 859 75 43 44 63 64 862 1042 871 866 259 260
1 3600 747
13
411 406 422 341 337 338 693 279 282 609 604 269 272
1 3600 137
11
346 354 1090 1092 395 231 232 501 498 637 634
1 3600 137
14
295 290 1087 381 382 387 384 480 365 9 2 247 83 80
1 3600 139
8
425 409 349 346 354 1090 1081 569
1 3600 139
9
423 407 410 412 444 401 402 497 498
1 3600 139
11
340 425 426 466 717 713 397 398 673 501 498
1 3600 139
12
372 483 385 388 223 220 228 978 859 75 76 1006
1 3600 125
11
324 351 352 477 311 308 396 712 441 438 1036
1 3600 747
21
292 1088 1085 1079 1077 1074 395 231 232 501 494 75 43 40 157 158 203 204 257 19 16
1 3600 747
29
410 416 466 717 441 442 586 860 862 1042 581 559 556 15 10 801 798 755 756 842 731 728 872 1073 1067 869 659 533 528
1 3600 747
19
370 380 1083 1084 355 347 348 408 428 522 695 281 282 753 607 604 946 271 274
1 3600 498
16
1082 369 374 579 367 211 212 101 102 216 602 619 187 190 726 733
1 3600 356
14
408 426 417 412 444 401 404 438 29 30 457 450 903 904
1 3600 575
16
301 302 407 410 416 466 717 441 442 586 45 40 834 930 149 146
1 3600 679
23
417 412 444 401 404 442 586 63 66 158 203 198 725 722 265 266 796 845 842 731 728 872 511
1 3600 747
31
326 344 477 311 308 398 978 859 75 43 44 63 64 862 563 560 203 198 850 1019 923 893 894 918 968 967 929 137 134 138 889
1 3600 747
34
346 352 477 311 306 392 223 220 228 978 859 75 76 633 628 834 930 149 144 109 106 23 24 943 935 932 357 360 940 793 790 525 526 1029
1 3600 747
19
426 466 447 444 401 402 497 498 638 988 963 535 171 168 183 179 180 127 128
1 3600 747
16
298 336 342 523 520 1037 29 30 458 903 904 761 703 163 97 92
1 3600 747
32
376 1088 1090 1092 1075 391 384 480 365 9 4 249 101 98 614 642 648 593 590 733 117 112 167 168 183 184 701 698 738 741 35 36
1 3600 747
33
382 387 388 393 231 232 501 494 585 586 860 862 1042 581 559 556 257 251 252 748 798 795 759 756 840 880 965 913 910 1039 983 984 491
1 3600 747
19
303 298 338 693 279 282 810 820 1011 1012 655 652 664 670 824 832 888 539 544
1 3600 747
38
297 290 1087 1083 1079 1077 1074 395 231 228 978 859 75 43 40 157 153 154 725 720 801 798 755 756 840 882 877 817 812 830 886 896 900 857 854 1026 1054 1056
1 3600 415
11
692 549 421 419 319 320 295 290 775 772 993
1 3600 123
7
332 429 409 349 327 324 376
1 3600 123
9
694 343 301 304 319 317 297 290 1087
1 3600 123
9
765 547 548 339 299 302 323 324 315
1 3600 123
10
461 31 32 331 332 522 696 549 546 762
1 3600 123
16
287 284 461 31 28 439 405 400 445 413 414 353 350 315 316 320
1 3600 123
13
555 552 690 329 330 474 715 716 447 448 476 345 346
1 3600 84
6
287 284 461 457 452 688
1 3600 97
11
453 456 31 28 1036 521 333 328 281 276 616
1 3600 97
4
552 279 276 616
1 3600 97
5
547 548 697 695 281
1 3600 299
20
523 520 475 33 30 457 450 980 931 835 157 158 561 564 580 871 868 1066 239 234
1 3600 747
25
461 458 980 149 144 151 154 725 722 265 266 796 845 842 731 519 516 823 767 675 676 684 1004 1047 275
1 3600 226
11
997 461 31 28 439 405 402 497 498 640 431
1 3600 75
11
461 31 32 474 715 713 397 309 306 392 389
1 3600 114
4
997 461 31 32
1 3600 114
11
284 461 457 450 980 931 835 41 44 63 64
1 3600 220
8
456 458 980 931 835 157 158 561
1 3600 325
7
328 691 279 282 810 529 532
1 3600 747
13
765 547 550 552 690 281 282 609 604 269 274 1046 1070
1 3600 747
15
997 461 31 28 439 405 402 497 498 638 437 432 590 623 624
1 3600 440
12
689 453 450 903 904 925 185 179 180 127 123 124
1 3600 467
13
697 523 520 715 441 442 586 63 66 153 119 27 24
1 3600 393
16
997 461 458 980 149 144 109 106 23 24 1014 923 893 890 955 885
1 3600 747
15
450 903 904 707 704 741 35 38 788 982 1038 911 912 877 817
1 3600 747
9
693 279 282 810 651 652 666 874 1005
1 3600 747
9
461 458 903 908 185 179 180 127 128
1 3600 747
21
697 695 329 330 474 715 713 397 398 978 859 75 76 633 630 535 171 168 183 184 701
1 3600 747
20
547 421 335 336 340 425 426 466 717 441 442 586 63 66 153 119 27 24 943 37
1 3600 747
34
551 421 419 305 302 407 410 412 444 401 404 442 586 860 862 563 560 203 204 257 19 20 1001 803 798 755 756 840 880 965 913 910 1039 983
1 3600 747
25
697 523 333 330 33 30 457 450 980 149 144 151 154 850 1019 923 893 894 918 937 938 985 359 360 175
1 3600 747
21
547 548 693 690 281 282 753 750 655 652 666 681 676 682 838 961 958 1028 827 55 52
1 3600 747
12
280 329 332 429 409 349 346 354 1085 379 371 374
1 3600 213
13
687 453 456 31 28 439 440 716 467 417 414 345 327
1 3600 25
4
277 278 553 551
1 3600 170
10
280 694 523 520 1037 29 30 457 452 686
1 3600 44
12
617 277 282 810 820 1011 531 532 658 866 259 260
1 3600 440
30
687 453 456 458 980 931 835 157 158 203 200 556 15 12 748 798 795 796 845 842 731 728 513 508 823 671 665 653 654 751
1 3600 747
24
277 278 692 339 334 419 319 317 297 290 779 776 69 72 987 245 85 82 215 103 104 596 600 974
1 3600 311
8
277 280 329 330 474 1037 439 405
1 3600 156
9
289 284 461 457 450 980 931 835 41
1 3600 128
19
277 278 690 694 343 340 425 426 466 717 713 401 402 859 75 43 44 860 862
1 3600 120
17
289 284 461 458 980 149 144 151 154 199 202 561 562 1042 871 868 1066
1 3600 575
7
617 277 282 810 651 652 666
1 3600 747
27
687 453 456 31 28 1036 715 713 445 448 478 1075 391 384 480 207 212 101 102 216 602 619 187 190 726 623 626
1 3600 747
8
289 284 461 457 450 903 904 925
1 3600 747
11
289 284 461 458 903 904 761 711 708 738 141
1 3600 374
19
455 450 980 931 835 157 158 203 204 257 251 254 803 798 755 756 842 731 728
1 3600 679
8
277 282 753 750 655 652 662 766
1 3600 747
23
687 453 456 458 980 149 144 109 106 23 24 943 935 932 357 360 940 545 542 505 506 960 839
1 3600 747
34
277 280 694 343 340 423 323 326 346 354 1090 1081 569 566 570 572 576 247 215 103 104 598 620 435 432 588 963 535 171 168 183 179 161 164
1 3600 747
11
289 284 461 457 450 903 904 707 708 699 163
1 3600 747
12
289 284 461 458 980 149 144 109 106 23 24 943
1 3600 747
25
687 453 456 31 28 439 442 586 63 64 862 1042 581 565 560 203 198 850 1019 923 893 894 918 937 938
1 3600 747
18
289 284 461 457 450 903 904 761 711 704 741 35 38 177 174 133 134 138
1 3600 747
14
617 277 282 609 604 269 274 1046 1005 1002 1025 1022 1054 1056
1 3600 747
21
261 258 867 870 1043 863 861 587 584 495 500 233 221 226 209 210 366 578 781 771 772
1 3600 747
29
261 262 237 238 1072 873 729 730 843 757 754 799 749 13 14 205 202 159 67 62 45 42 74 858 403 400 445 413 411
1 3600 220
16
261 258 867 870 1043 863 65 62 587 443 440 714 521 522 696 693
1 3600 42
26
810 529 532 658 868 1066 1072 873 729 730 843 844 797 267 264 723 724 155 150 145 148 981 459 460 285 288
1 3600 196
10
235 238 1067 869 659 533 530 1010 821 811
1 3600 54
11
261 258 867 659 660 751 607 604 946 271 272
1 3600 747
30
235 238 1072 873 729 730 843 757 758 794 799 802 255 250 256 557 201 202 159 156 629 195 192 962 589 592 621 603 600 972
1 3600 747
13
283 278 692 697 523 429 409 410 412 448 478 395 392
1 3600 534
8
810 529 532 658 870 1043 863 65
1 3600 287
5
261 258 867 870 1043
1 3600 58
3
235 236 263
1 3600 174
13
235 238 1072 511 508 815 812 830 849 679 676 684 1004
1 3600 747
25
235 238 1072 873 729 730 843 840 884 954 891 892 922 1015 25 22 140 705 710 703 163 160 180 127 130
1 3600 747
17
235 238 1072 873 729 730 843 757 754 799 800 721 724 155 150 145 142
1 3600 747
16
810 651 652 664 670 824 813 816 876 913 914 921 895 892 922 1018
1 3600 498
18
261 262 237 238 1072 873 729 730 843 844 797 794 799 802 1000 21 18 256
1 3600 575
16
753 607 604 269 274 1046 875 681 678 846 898 543 538 139 135 136
1 3600 747
10
235 238 1072 511 512 515 516 823 767 675
1 3600 747
29
261 258 867 868 1066 1072 873 729 730 843 840 882 913 910 1039 933 934 942 25 22 140 739 699 163 160 180 127 123 120
1 3600 747
23
235 236 263 258 867 870 581 565 560 203 198 850 1019 1015 25 22 140 705 710 703 163 97 94
1 3600 747
19
261 262 237 238 1072 511 508 815 816 878 888 139 135 132 361 358 789 39 34
1 3600 747
18
609 606 750 655 652 662 768 831 832 888 139 135 136 928 363 358 984 491
1 3600 747
15
235 238 1072 873 729 730 843 840 880 965 913 916 927 928 363
1 3600 747
19
235 238 1072 873 515 516 815 812 832 49 46 896 898 505 502 526 827 55 52
1 3600 747
15
605 608 283 278 692 339 299 304 319 320 295 290 779 776 69
1 3600 747
9
605 606 752 283 280 329 332 429 426
1 3600 747
35
58 271 274 1046 1005 685 677 678 848 886 47 48 879 876 883 841 757 758 267 264 723 720 11 14 205 202 159 156 834 930 981 451 456 460 996
1 3600 393
6
947 605 608 283 276 616
1 3600 101
10
273 268 605 606 750 661 658 866 259 260
1 3600 101
12
268 605 606 750 1013 531 532 658 868 1066 239 234
1 3600 241
3
604 269 272
1 3600 747
42
58 271 274 1046 1005 1002 1025 853 854 959 507 502 524 791 787 784 173 176 39 34 740 739 699 700 185 182 169 166 807 735 732 727 191 186 618 599 596 217 214 243 244 986
1 3600 747
26
750 655 652 662 766 822 517 518 730 843 757 754 799 749 253 250 256 557 558 565 562 863 861 587 443 405
1 3600 747
12
57 58 947 605 606 752 283 280 329 332 520 475
1 3600 747
22
57 58 271 274 1046 875 681 674 766 822 509 512 729 730 843 844 797 794 799 802 1000 21
1 3600 133
8
57 58 947 605 606 750 661 656
1 3600 86
3
273 274 1048
1 3600 747
30
606 750 655 652 664 670 824 813 816 876 964 881 841 757 758 267 264 723 724 155 150 145 142 169 170 536 735 732 623 626
1 3600 747
27
607 604 269 274 1046 1005 685 682 838 961 507 504 543 544 941 361 356 933 934 942 25 22 140 705 710 703 700
1 3600 747
23
947 605 606 750 1013 1010 821 651 652 662 768 886 47 48 879 876 883 884 954 891 892 922 1015
1 3600 747
17
947 605 608 810 651 652 664 670 822 517 518 730 843 844 797 267 264
1 3600 747
16
61 58 271 274 1046 1005 1002 837 838 901 897 47 48 888 139 135
1 3600 623
5
274 1046 1005 1002 1068
1 3600 747
29
605 606 750 655 652 662 768 831 832 888 139 135 136 928 966 969 937 934 37 34 740 739 699 163 160 180 127 123 120
1 3600 747
20
752 810 651 652 666 681 678 846 898 543 544 951 173 176 39 34 740 705 708 699
1 3600 747
19
274 1046 1005 1002 1025 1022 1054 1031 527 524 791 792 941 361 356 983 789 39 34
1 3600 747
19
273 268 605 606 750 655 652 664 670 824 832 888 139 135 136 926 917 910 1039
1 3600 747
14
61 58 271 274 1046 875 681 678 846 898 543 544 941 361
1 3600 747
12
750 655 652 662 768 886 896 900 857 854 1028 827
1 3600 252
5
9 2 582 986 73
1 3600 252
4
986 73 68 1094
1 3600 252
8
100 248 5 2 577 573 574 781
1 3600 231
15
190 726 591 433 430 641 499 496 403 400 712 716 467 427 424
1 3600 231
13
649 595 105 100 213 206 481 385 390 1076 1078 1084 1089
1 3600 231
10
975 601 217 214 246 577 573 571 373 368
1 3600 249
14
249 213 208 227 222 393 307 308 396 712 714 1037 29 30
1 3600 747
17
367 364 481 385 390 1074 479 449 446 717 441 438 29 30 460 285 288
1 3600 747
20
601 597 594 648 593 588 963 193 194 628 41 44 860 862 1042 871 868 1066 239 234
1 3600 747
17
635 636 499 494 75 43 44 63 64 862 1042 871 659 533 530 1012 751
1 3600 247
4
101 102 216 600
1 3600 247
7
643 615 99 100 248 5 2
1 3600 247
6
602 620 435 436 988 963
1 3600 247
4
594 471 468 431
1 3600 260
11
977 601 597 598 620 593 588 963 631 632 1006
1 3600 260
14
977 601 597 594 471 472 636 499 496 979 399 396 445 446
1 3600 260
8
82 246 3 8 211 208 647 225
1 3600 260
10
973 601 597 105 100 213 208 227 220 230
1 3600 260
10
977 601 597 594 643 644 635 636 499 494
1 3600 260
9
213 208 647 225 220 232 501 494 75
1 3600 260
4
963 193 194 632
1 3600 260
8
631 632 77 74 858 403 404 440
1 3600 260
10
614 642 648 435 436 988 963 193 194 632
1 3600 260
8
246 3 8 364 481 484 393 307
1 3600 260
16
973 601 217 218 1009 79 84 244 583 577 573 571 567 568 1080 1092
1 3600 260
8
601 597 594 471 468 641 499 494
1 3600 260
9
612 636 499 500 672 399 309 310 449
1 3600 260
9
3 8 364 481 484 223 220 228 978
1 3600 260
7
610 635 636 499 496 403 400
1 3600 260
8
583 3 8 364 207 208 227 220
1 3600 226
9
593 590 733 734 537 534 631 628 41
1 3600 747
27
89 81 78 1008 219 103 104 598 619 187 190 726 733 117 112 167 168 143 144 151 154 199 200 556 257 19 16
1 3600 747
29
103 98 612 473 468 431 432 588 963 193 194 628 157 158 203 204 15 12 748 798 795 759 756 842 731 728 872 1073 239
1 3600 747
25
535 171 168 183 184 701 698 738 741 35 38 177 172 785 782 945 525 526 1030 1055 1023 1024 1003 1004 1047
1 3600 250
12
87 90 1016 219 216 602 619 187 190 726 733 734
1 3600 250
3
535 536 735
1 3600 250
11
187 190 726 733 734 806 167 168 183 179 180
1 3600 250
13
9 4 249 101 104 598 619 187 190 726 733 117 112
1 3600 250
9
7 2 247 215 216 602 619 187 190
1 3600 250
20
3 4 249 101 98 614 642 648 435 432 590 733 734 537 171 168 183 179 180 1034
1 3600 241
19
86 991 992 1095 777 780 375 372 483 385 388 223 220 232 501 494 75 76 633
1 3600 241
13
614 642 648 593 590 733 734 806 167 168 183 184 909
1 3600 241
4
436 988 963 631
1 3600 356
14
213 208 647 225 220 228 978 859 75 43 44 63 66 153
1 3600 623
21
636 499 494 585 586 860 862 563 564 559 556 15 10 721 722 265 266 796 845 842 731
1 3600 747
29
84 242 246 577 573 571 483 484 393 231 232 501 494 75 43 40 157 153 119 27 24 943 935 936 968 967 929 137 134
1 3600 747
36
3 8 364 481 385 388 223 220 228 978 859 585 586 63 66 158 203 200 556 257 251 254 803 798 755 756 840 882 877 878 49 46 896 900 961 958
1 3600 747
18
215 103 104 598 619 187 190 726 733 117 112 167 168 183 179 180 127 123
1 3600 679
15
977 601 602 620 435 436 988 963 535 171 168 183 184 701 702
1 3600 747
15
642 648 593 588 963 193 194 628 157 153 119 27 24 943 37
1 3600 747
23
977 601 602 620 435 432 588 963 631 628 157 153 154 850 1019 923 893 894 918 937 938 491 488
1 3600 747
34
208 227 220 232 672 978 859 75 43 44 63 64 862 563 564 559 556 15 10 801 798 795 796 845 840 880 965 913 916 927 137 134 138 539
1 3600 747
36
995 992 773 770 780 375 370 378 1084 355 352 415 412 444 401 404 442 586 63 66 153 119 27 24 943 935 938 985 359 360 940 793 790 525 526 1030
1 3600 192
9
482 567 383 371 374 781 771 772 993
1 3600 111
8
225 222 393 394 1093 1091 355 347
1 3600 111
7
568 1078 1084 355 347 348 406
1 3600 111
10
353 350 325 313 316 318 418 420 546 762
1 3600 79
10
415 416 466 717 714 475 33 30 457 452
1 3600 440
11
399 396 712 441 438 1036 475 331 328 691 279
1 3600 747
19
1077 1074 479 311 308 398 978 859 585 586 860 862 1042 871 866 259 262 237 234
1 3600 747
19
373 370 380 1086 291 296 312 322 422 341 342 695 281 282 609 604 946 59 56
1 3600 140
5
495 498 638 437 434
1 3600 140
11
398 673 501 498 640 469 470 595 596 600 976
1 3600 140
5
633 630 962 989 437
1 3600 140
11
485 385 386 566 570 572 576 582 245 85 80
1 3600 140
10
1007 77 74 858 979 229 221 224 646 209
1 3600 140
14
74 495 500 233 221 226 209 212 248 5 2 247 83 78
1 3600 140
8
308 398 673 501 498 638 988 589
1 3600 140
11
397 309 306 392 485 480 365 9 2 582 245
1 3600 140
12
858 979 229 221 224 646 209 212 101 102 218 1017
1 3600 141
6
495 500 233 230 394 1075
1 3600 141
5
445 448 478 1093 1081
1 3600 142
11
227 222 393 307 310 449 444 712 714 1037 29
1 3600 142
9
1092 395 231 228 978 859 75 43 44
1 3600 142
9
647 225 220 232 501 494 585 586 63
1 3600 142
8
1080 1091 355 347 348 408 428 520
1 3600 142
5
401 404 442 586 63
1 3600 415
9
586 860 862 1042 581 559 556 257 19
1 3600 679
14
225 220 228 978 859 75 43 44 63 64 862 1042 871 868
1 3600 747
23
441 442 586 63 66 158 203 198 725 722 265 266 759 756 842 731 519 516 823 767 675 680 874
1 3600 93
7
584 75 76 633 195 192 535
1 3600 116
9
978 859 75 76 633 630 535 171 168
1 3600 116
7
441 438 29 30 458 903 908
1 3600 116
17
567 387 388 223 220 232 501 494 75 43 40 834 930 149 142 183 184
1 3600 111
12
228 978 859 75 43 40 157 153 150 109 106 23
1 3600 241
15
501 494 75 76 633 628 157 158 203 204 15 12 748 798 755
1 3600 747
21
586 860 862 563 560 203 204 257 19 20 1001 803 798 755 756 842 731 728 513 508 823
1 3600 747
36
390 1074 479 311 308 398 978 859 75 43 40 834 930 149 144 109 106 23 24 1014 923 893 894 920 915 916 927 137 134 138 539 542 505 506 958 1026
1 3600 747
13
494 75 76 633 195 192 535 171 168 183 179 161 164
1 3600 575
24
570 572 576 247 215 103 98 610 635 473 468 431 432 590 733 734 537 171 168 183 179 161 97 92
1 3600 747
13
308 398 978 859 585 586 63 66 153 119 27 24 943
1 3600 747
17
1007 633 628 157 158 203 198 850 1019 923 893 894 918 937 938 491 492
1 3600 747
24
75 43 44 860 862 1042 581 559 556 15 10 801 798 795 796 845 840 882 913 910 1039 357 360 940
1 3600 747
23
646 227 220 232 501 494 585 586 63 66 153 119 111 106 140 741 35 38 177 172 785 782 952
1 3600 747
17
62 45 42 74 858 979 229 230 392 389 386 383 371 374 781 776 69
1 3600 102
5
331 332 522 343 301
1 3600 46
5
474 521 333 328 691
1 3600 162
5
834 930 981 451 454
1 3600 623
9
865 862 1042 871 866 259 262 237 234
1 3600 747
12
64 862 1042 871 659 660 751 607 604 946 59 60
1 3600 166
9
629 630 962 589 592 621 603 600 974
1 3600 64
4
62 587 443 440
1 3600 64
5
62 45 42 74 858
1 3600 64
3
67 62 587
1 3600 149
4
62 587 443 438
1 3600 63
15
30 457 450 980 149 144 151 154 725 720 11 14 257 19 16
1 3600 233
7
32 331 328 281 282 810 651
1 3600 747
23
66 158 203 200 556 15 12 748 798 795 759 756 840 880 965 877 878 833 825 671 665 653 654
1 3600 393
12
715 713 401 402 497 498 640 431 432 590 623 624
1 3600 107
6
29 30 458 903 908 185
1 3600 65
4
40 834 930 149
1 3600 93
12
29 30 457 450 903 904 707 704 141 23 24 1014
1 3600 440
18
860 862 563 560 203 204 15 10 721 722 265 266 796 845 840 882 877 878
1 3600 747
24
930 149 144 109 110 27 24 943 935 932 357 362 929 137 134 138 539 542 899 900 857 852 1024 1068
1 3600 747
8
930 149 142 183 179 180 127 128
1 3600 747
9
66 153 119 111 106 140 739 699 163
1 3600 747
12
33 30 458 903 904 761 711 708 738 741 35 36
1 3600 747
14
157 158 203 198 850 1019 923 893 894 918 937 938 491 492
1 3600 747
17
40 157 153 154 725 722 265 266 759 756 840 880 965 913 910 1039 357
1 3600 747
29
157 158 203 200 556 257 251 254 803 798 755 756 842 731 519 516 815 812 830 849 679 676 682 836 1025 1022 1054 1056 53
1 3600 747
22
17 18 256 557 558 580 1043 863 861 45 42 74 495 500 233 221 226 209 206 486 574 781
1 3600 440
15
18 256 557 201 202 159 67 62 587 443 440 716 467 427 424
1 3600 131
18
263 258 867 870 581 565 560 159 156 834 930 981 459 31 28 1036 521 333
1 3600 98
22
237 238 1072 873 729 730 843 757 754 799 800 721 724 155 150 145 148 981 459 460 285 288
1 3600 233
6
1042 871 659 533 528 811
1 3600 747
18
20 1001 803 798 755 756 842 731 728 513 508 823 767 663 666 874 1047 275
1 3600 747
23
1041 21 18 256 205 202 159 156 629 195 192 962 989 639 637 613 99 102 218 1017 91 88 1050
1 3600 241
10
1043 863 861 45 42 74 858 979 229 221
1 3600 46
15
1065 263 258 867 870 1043 863 65 62 587 443 440 714 475 33
1 3600 356
7
1041 21 18 256 557 558 580
1 3600 73
7
263 258 867 659 533 528 651
1 3600 73
13
1041 1001 803 798 795 796 845 842 731 728 872 1073 1067
1 3600 415
15
17 20 1001 803 798 755 756 842 731 519 516 823 671 665 666
1 3600 747
15
21 18 256 15 10 721 724 155 150 145 142 169 166 113 116
1 3600 467
6
560 159 156 834 930 981
1 3600 187
12
1041 21 18 256 205 198 850 1019 1015 25 22 107
1 3600 57
5
581 559 556 257 251
1 3600 170
16
563 564 559 556 15 12 748 798 795 796 845 840 882 913 910 967
1 3600 623
18
17 20 1001 803 798 755 756 840 880 965 877 878 49 46 896 900 857 852
1 3600 747
19
18 256 557 201 198 850 1019 1015 25 22 140 705 710 703 163 160 180 127 128
1 3600 747
19
237 238 1072 873 729 730 843 840 884 954 891 892 922 1015 25 22 140 739 699
1 3600 747
8
560 203 198 850 1019 1015 943 37
1 3600 747
14
565 560 203 198 850 1019 923 893 894 918 968 1039 983 789
1 3600 747
15
20 1001 803 798 795 759 756 840 882 913 916 927 137 132 175
1 3600 747
25
17 18 251 252 748 798 795 796 845 842 731 728 513 508 815 812 830 849 846 898 505 502 526 827 55
1 3600 747
16
528 811 283 278 692 339 299 302 323 324 376 293 290 775 772 1095
1 3600 747
11
821 811 283 280 694 523 429 409 349 346 354
1 3600 299
8
1097 821 811 283 278 690 329 332
1 3600 143
7
657 533 530 1010 821 811 283
1 3600 74
4
239 236 263 260
1 3600 182
9
665 653 654 751 607 604 946 59 56
1 3600 747
17
1097 1011 531 532 658 870 1043 863 861 45 42 74 495 498 637 634 611
1 3600 575
20
669 670 822 509 512 729 730 843 844 797 267 264 723 724 155 152 156 629 632 77
1 3600 267
22
669 670 824 813 816 876 964 881 841 757 754 799 749 13 14 557 558 565 562 863 65 62
1 3600 113
6
532 658 866 259 262 1064
1 3600 113
3
867 870 1043
1 3600 102
4
658 868 1066 239
1 3600 101
6
258 867 659 533 530 1012
1 3600 101
7
657 533 528 651 652 666 874
1 3600 101
4
669 665 666 874
1 3600 747
24
1097 1011 531 532 658 868 1066 1072 873 729 730 843 757 758 267 264 723 724 155 150 145 142 169 166
1 3600 747
26
669 670 824 832 888 139 135 136 928 363 356 933 934 942 25 22 140 705 706 925 185 179 180 127 123 124
1 3600 415
9
658 870 581 565 560 159 156 834 930
1 3600 83
7
670 824 832 879 876 964 1062
1 3600 106
12
1097 821 651 652 662 768 886 47 48 888 539 540
1 3600 106
6
1066 1072 511 508 815 818
1 3600 120
4
669 665 662 675
1 3600 747
21
868 1066 1072 873 729 730 843 840 884 954 891 892 922 1015 25 22 140 739 699 163 164
1 3600 747
18
1097 821 651 652 662 768 831 832 888 139 135 132 175 176 39 34 740 705
1 3600 747
18
262 237 238 1072 873 729 730 843 840 880 965 913 914 921 918 937 934 37
1 3600 747
19
1011 1012 655 652 662 768 886 47 48 888 139 135 136 928 363 358 984 491 492
1 3600 498
12
660 655 652 666 681 678 846 898 543 544 941 361
1 3600 747
15
262 237 238 1072 511 508 823 767 675 676 682 836 1025 1022 1054
1 3600 747
16
1049 275 268 605 608 283 278 553 551 421 419 319 317 297 290 775
1 3600 747
36
1071 1005 685 677 674 766 822 517 518 730 843 844 797 794 799 749 13 14 205 202 561 562 863 861 587 584 495 500 233 230 394 1075 1076 1078 1084 1089
1 3600 747
27
1045 1046 1005 1002 1025 853 854 1028 527 524 944 783 784 173 176 39 36 942 25 26 111 108 145 148 981 451 456
1 3600 575
31
1045 1046 1005 685 682 838 961 507 504 543 538 139 135 136 926 917 914 921 895 892 922 1018 851 155 150 145 148 981 451 452 686
1 3600 187
11
1071 875 681 674 766 822 509 510 1073 239 234
1 3600 98
3
275 268 605
1 3600 747
30
1046 875 681 678 848 831 813 816 876 883 841 757 754 799 802 255 250 256 557 201 202 159 156 629 630 962 589 590 727 191
1 3600 747
18
275 270 947 605 606 752 283 280 694 343 340 423 323 324 351 354 1085 1079
1 3600 747
9
661 658 870 1043 863 65 62 45 40
1 3600 575
15
655 652 664 670 822 517 518 730 843 757 754 799 802 1000 1040
1 3600 57
6
1046 875 667 653 650 820
1 3600 57
5
667 653 650 820 1011
1 3600 162
5
275 268 605 606 750
1 3600 747
25
1049 1046 1005 1002 837 838 961 507 502 524 791 792 941 361 356 933 934 942 25 22 107 108 145 142 804
1 3600 747
22
681 678 846 897 47 48 879 876 883 841 844 797 794 799 800 721 724 155 150 145 148 981
1 3600 747
20
655 652 662 766 822 509 512 729 730 843 757 758 267 264 723 724 155 150 145 146
1 3600 325
18
1005 1002 1025 1022 1027 1028 527 503 504 543 538 139 135 136 928 966 969 970
1 3600 133
8
1049 1046 1005 685 682 838 901 897
1 3600 64
5
1046 1005 1002 1025 1022
1 3600 747
24
681 678 848 831 813 816 876 964 881 884 954 891 892 922 1015 25 22 140 739 709 710 703 163 164
1 3600 747
23
1071 1005 685 682 838 961 507 502 524 944 783 784 173 176 39 34 740 705 710 703 163 97 94
1 3600 747
12
681 678 846 898 543 544 941 361 358 984 939 934
1 3600 747
12
667 664 670 824 832 888 139 135 132 361 358 984
1 3600 747
11
1071 1005 1002 1025 853 854 1028 527 524 791 792
1 3600 747
10
1046 1005 1002 1025 1022 1054 1031 527 524 944
1 3600 747
15
625 622 727 191 186 618 599 105 102 218 1009 71 68 1094 773
1 3600 467
12
170 534 193 194 632 77 74 858 403 400 445 413
1 3600 747
22
116 732 727 191 186 618 603 217 214 243 240 991 992 773 774 291 294 321 318 418 335 338
1 3600 747
21
116 732 591 433 436 639 499 496 979 399 396 445 413 411 408 428 522 696 693 279 276
1 3600 747
27
1033 181 161 162 698 709 704 141 23 24 1014 923 893 890 955 885 841 842 731 728 872 1073 1067 869 866 259 260
1 3600 747
28
126 181 161 162 698 738 741 35 38 788 359 362 929 137 134 138 889 49 46 887 769 663 653 654 751 607 604 269
1 3600 136
7
737 732 591 433 430 469 472
1 3600 136
20
1033 181 178 182 169 170 534 962 989 437 434 649 643 615 99 102 214 243 240 998
1 3600 136
22
131 126 181 178 182 169 166 807 735 732 727 191 186 618 599 105 102 218 1017 91 88 1050
1 3600 136
6
726 591 433 430 469 472
1 3600 80
19
1033 181 178 184 924 905 902 459 31 28 439 405 400 397 309 306 392 223 224
1 3600 440
4
168 143 148 931
1 3600 747
22
115 112 167 168 143 144 151 154 725 722 265 266 759 756 842 731 728 872 1073 239 236 1064
1 3600 747
25
126 181 161 162 702 711 704 741 35 38 177 174 133 134 138 889 49 46 887 769 663 653 650 820 1011
1 3600 747
25
627 622 733 734 806 167 168 143 144 109 106 23 24 943 935 932 357 360 940 545 542 899 847 679 680
1 3600 107
11
627 622 733 734 537 171 168 183 179 180 127
1 3600 138
11
625 622 733 734 537 534 631 628 834 930 981
1 3600 138
3
171 168 183
1 3600 138
6
112 807 537 534 193 196
1 3600 138
9
726 733 117 112 167 168 183 184 909
1 3600 138
3
534 193 196
1 3600 138
7
189 190 726 591 588 963 631
1 3600 258
8
115 112 167 168 143 144 109 106
1 3600 623
16
168 183 184 701 698 738 141 23 24 1014 923 893 894 920 915 916
1 3600 747
18
805 183 184 924 707 704 741 35 38 788 359 362 929 137 134 138 889 49
1 3600 747
28
112 807 537 534 193 194 628 157 158 203 204 15 10 801 798 755 756 842 731 519 516 815 812 830 849 679 676 684
1 3600 122
10
733 734 806 167 168 183 179 180 127 128
1 3600 162
8
167 168 183 184 701 163 97 92
1 3600 747
8
126 181 161 162 698 738 741 35
1 3600 747
17
115 116 734 537 534 631 628 157 153 119 27 24 943 935 938 491 488
1 3600 747
18
726 591 588 963 193 194 628 157 153 119 27 24 943 37 38 177 172 950
1 3600 747
36
726 591 433 436 639 499 494 75 43 44 63 64 862 563 564 559 556 257 251 252 748 798 795 796 845 840 882 877 878 49 46 896 900 961 958 1028
1 3600 747
17
185 182 169 170 536 735 732 727 191 186 618 603 217 218 1017 995 992
1 3600 340
10
632 77 74 858 979 229 230 394 1093 1091
1 3600 415
10
183 184 909 902 459 31 32 331 332 522
1 3600 747
10
451 456 31 28 1036 521 333 328 281 276
1 3600 747
22
707 704 141 23 26 118 154 725 722 265 266 759 756 842 731 728 872 1073 239 236 263 260
1 3600 747
22
197 194 632 77 74 858 403 400 712 716 467 417 411 406 303 300 342 695 691 279 282 753
1 3600 70
16
182 169 170 534 962 589 592 649 595 105 100 248 5 2 577 573
1 3600 35
11
143 148 931 835 41 42 74 858 979 399 309
1 3600 126
12
161 162 698 738 141 107 110 118 152 67 64 864
1 3600 747
16
184 701 702 711 704 141 23 24 1014 1018 851 199 204 257 19 20
1 3600 747
16
904 761 711 708 738 141 23 26 118 154 199 202 561 564 580 871
1 3600 747
21
904 707 704 141 23 24 1014 923 893 890 955 885 882 877 817 812 825 671 665 653 654
1 3600 48
3
179 180 1032
1 3600 48
4
183 179 180 127
1 3600 90
6
628 834 930 981 903 904
1 3600 58
6
178 184 924 905 902 980
1 3600 58
8
197 194 628 157 153 119 27 24
1 3600 158
11
161 162 698 738 141 23 24 1014 923 893 890
1 3600 747
13
980 149 144 109 106 23 24 943 935 936 968 967 929
1 3600 747
22
184 701 702 711 704 741 35 38 177 172 785 786 790 525 503 506 960 839 683 684 747 744
1 3600 249
10
195 192 535 171 168 183 179 180 127 123
1 3600 71
3
184 701 702
1 3600 220
7
904 761 711 708 738 741 35
1 3600 534
11
184 924 707 704 141 23 24 943 935 938 491
1 3600 747
25
194 628 157 158 203 200 556 15 10 801 798 755 756 840 880 965 913 916 927 137 134 138 539 544 793
1 3600 747
18
980 149 144 109 110 27 24 943 935 932 357 360 940 793 790 525 526 1030
1 3600 747
20
110 118 152 67 62 587 584 495 500 233 221 222 485 480 365 366 578 781 776 1094
1 3600 498
8
152 67 62 587 443 440 716 467
1 3600 393
6
111 108 145 148 981 459
1 3600 747
9
148 981 451 456 31 32 331 328 281
1 3600 747
20
147 144 151 154 725 722 265 266 796 845 842 731 728 872 1073 1067 869 866 259 260
1 3600 747
16
144 151 154 199 202 561 564 580 871 659 660 751 607 604 946 59
1 3600 267
11
152 156 629 630 962 989 437 434 649 643 644
1 3600 88
5
151 152 67 62 587
1 3600 68
3
151 152 156
1 3600 258
6
931 835 157 158 561 564
1 3600 374
15
1014 1018 851 725 722 265 266 796 845 842 731 728 872 1073 239
1 3600 747
17
151 154 725 722 265 266 759 756 842 731 519 516 823 767 663 653 654
1 3600 233
9
851 199 202 159 156 629 195 192 535
1 3600 50
4
907 908 185 179
1 3600 50
6
25 22 140 739 709 706
1 3600 138
4
111 108 145 146
1 3600 65
12
147 144 151 154 725 720 801 798 755 756 842 731
1 3600 65
11
154 725 722 265 266 796 845 842 731 728 872
1 3600 65
11
149 144 109 106 23 24 1014 923 893 894 920
1 3600 258
12
24 1014 923 893 894 920 915 912 877 878 833 825
1 3600 747
16
1019 923 893 894 918 968 967 929 137 134 138 539 542 899 847 679
1 3600 747
9
140 705 710 703 163 160 180 127 123
1 3600 174
4
27 22 140 739
1 3600 116
9
907 904 761 711 708 738 741 35 36
1 3600 182
7
1019 923 893 894 918 937 938
1 3600 467
15
147 144 109 106 23 24 943 935 938 985 359 360 940 793 787
1 3600 747
14
23 24 943 37 38 177 172 785 782 945 525 526 827 828
1 3600 747
20
256 557 558 565 562 863 861 45 42 74 858 979 229 221 222 389 384 482 570 574
1 3600 679
28
912 883 841 757 754 799 749 13 14 557 558 565 562 863 861 587 443 440 716 467 427 424 341 337 334 420 546 762
1 3600 393
22
729 730 843 844 797 794 799 800 11 14 205 202 159 156 834 930 981 459 460 285 286 462
1 3600 534
7
159 156 834 930 981 451 454
1 3600 747
9
881 841 842 731 728 872 1073 239 234
1 3600 747
18
720 801 798 755 756 842 731 728 515 516 823 767 675 676 684 1004 1047 275
1 3600 575
32
730 843 757 754 799 802 255 250 256 557 558 580 1043 863 65 62 45 42 74 495 500 233 221 226 209 210 9 2 582 986 73 70
1 3600 241
14
971 919 895 892 922 1018 851 155 152 156 41 42 74 858
1 3600 120
12
749 13 14 205 202 561 562 863 861 587 443 438
1 3600 196
9
955 885 841 844 797 794 799 802 1000
1 3600 196
6
757 754 799 802 1000 21
1 3600 184
6
558 580 871 659 533 528
1 3600 184
9
877 817 812 830 769 663 653 650 529
1 3600 440
16
748 798 755 756 842 731 728 513 508 823 767 675 680 874 1047 1044
1 3600 679
10
267 264 723 724 155 150 145 142 169 166
1 3600 170
12
723 720 11 14 557 201 202 159 156 629 195 196
1 3600 220
6
922 1015 25 22 107 108
1 3600 220
5
203 198 155 119 111
1 3600 220
9
914 921 895 892 922 1015 25 26 118
1 3600 220
6
15 10 721 724 155 119
1 3600 220
7
264 723 724 850 1019 1015 25
1 3600 220
9
264 723 724 850 1019 1015 25 22 140
1 3600 220
11
1039 983 789 39 34 740 705 710 760 905 906
1 3600 220
8
881 884 954 891 892 922 1015 25
1 3600 224
9
257 251 254 803 798 795 796 845 842
1 3600 224
4
12 748 798 755
1 3600 224
5
912 877 817 814 509
1 3600 224
12
803 798 795 759 756 842 731 519 516 815 812 830
1 3600 224
12
894 920 915 916 927 137 134 138 889 49 46 887
1 3600 224
6
957 885 882 877 878 49
1 3600 224
11
719 722 265 266 796 845 842 731 728 513 508
1 3600 224
7
916 927 137 134 138 889 49
1 3600 224
10
798 755 756 840 880 965 877 878 49 50
1 3600 224
13
719 722 265 266 759 756 842 731 519 516 815 812 830
1 3600 224
6
920 915 912 877 817 814
1 3600 224
7
971 968 911 912 877 817 814
1 3600 220
9
513 508 823 767 675 676 682 836 1068
1 3600 747
14
971 937 934 942 25 22 140 739 699 163 160 180 127 123
1 3600 498
15
797 794 799 800 721 724 155 119 27 22 140 705 710 703 163
1 3600 208
11
518 730 843 840 882 913 910 969 937 934 37
1 3600 206
12
798 795 796 845 840 880 965 913 910 1039 983 789
1 3600 206
9
884 954 891 894 918 937 938 491 488
1 3600 206
15
556 257 251 254 803 798 755 756 840 882 913 910 1039 983 789
1 3600 229
8
511 508 815 812 830 849 846 898
1 3600 229
9
918 968 967 929 137 134 138 539 542
1 3600 467
14
916 927 137 134 138 539 542 505 506 958 1026 1054 1056 1060
1 3600 747
36
47 48 879 876 964 881 841 757 758 794 799 749 13 14 205 202 561 562 863 65 62 587 584 858 979 229 221 222 389 386 383 371 374 781 776 69
1 3600 747
33
822 517 518 730 843 757 754 799 802 255 250 256 557 201 202 159 67 62 45 42 74 858 979 399 309 310 478 1075 1076 569 566 373 370
1 3600 747
25
822 517 514 729 730 843 844 797 794 799 800 11 14 205 202 159 156 834 930 981 459 460 285 286 462
1 3600 747
7
663 653 650 811 283 276 616
1 3600 679
9
138 889 833 825 671 665 653 650 811
1 3600 747
7
812 825 671 665 653 654 751
1 3600 747
33
541 538 139 135 136 926 917 912 883 841 757 754 799 749 253 250 256 557 558 580 1043 863 861 587 584 495 500 233 230 392 485 480 486
1 3600 747
32
541 538 139 135 136 928 966 969 919 895 892 922 1018 851 199 202 561 562 863 65 62 45 42 74 858 979 229 230 394 1075 391 384
1 3600 467
17
928 363 356 933 934 942 25 22 107 108 145 148 981 451 456 31 28
1 3600 249
16
814 509 512 729 730 843 757 754 799 749 13 14 557 558 580 1043
1 3600 49
7
49 46 887 769 663 653 650
1 3600 149
6
51 46 896 847 679 680
1 3600 747
15
135 132 175 176 39 34 740 739 699 700 185 179 180 127 130
1 3600 747
12
888 139 135 132 175 176 39 34 740 705 706 905
1 3600 267
13
831 813 816 876 913 914 921 895 892 922 1015 25 22
1 3600 84
4
822 517 518 730
1 3600 84
7
541 538 889 879 817 814 517
1 3600 84
5
879 876 964 881 841
1 3600 84
4
816 876 913 910
1 3600 120
4
876 913 910 967
1 3600 91
7
134 138 539 542 505 506 958
1 3600 91
13
134 138 539 542 505 506 960 857 852 1024 1003 747 744
1 3600 91
5
51 46 896 900 857
1 3600 747
19
48 888 139 135 136 928 363 358 789 39 34 740 739 699 163 160 180 127 123
1 3600 747
16
816 876 883 884 954 891 892 922 1015 25 22 140 705 710 703 163
1 3600 747
11
47 48 888 139 135 132 361 356 933 934 37
1 3600 174
6
819 816 876 913 910 1039
1 3600 61
3
363 360 175
1 3600 166
9
51 46 896 900 857 854 1028 827 55
1 3600 747
18
1004 1047 275 268 605 608 283 278 692 549 421 419 319 320 295 290 779 776
1 3600 747
19
680 667 653 650 811 283 280 694 696 339 299 302 407 349 346 354 1085 379 371
1 3600 747
24
683 677 674 766 822 509 512 729 730 843 844 797 267 264 723 724 155 150 145 148 981 459 460 285
1 3600 747
9
839 683 677 680 667 653 650 811 283
1 3600 747
12
848 831 813 814 509 510 1073 1067 869 866 259 260
1 3600 747
7
897 887 769 663 653 654 751
1 3600 747
30
901 897 47 48 879 876 883 841 757 758 794 799 802 255 250 256 205 202 159 67 62 587 584 495 500 233 221 224 646 209
1 3600 747
20
674 766 822 517 518 730 843 757 754 799 800 11 14 557 558 565 562 863 861 587
1 3600 747
16
855 856 901 847 848 831 813 814 509 510 1073 1067 869 870 1043 863
1 3600 747
20
507 504 543 538 139 135 136 926 917 914 921 895 892 922 1018 851 199 202 561 562
1 3600 109
12
856 901 847 848 831 813 814 509 510 1073 1067 869
1 3600 140
7
900 839 836 1003 1004 1047 1044
1 3600 140
9
959 960 839 683 677 680 667 653 654
1 3600 747
25
1069 837 838 961 507 502 524 944 783 784 173 176 39 36 942 25 22 107 108 145 142 169 166 113 114
1 3600 747
17
854 1028 527 524 791 792 951 173 176 39 34 740 739 699 700 185 179
1 3600 747
10
846 898 543 544 941 361 356 933 934 942
1 3600 177
17
837 838 901 897 47 48 879 876 964 881 841 844 797 794 799 749 13
1 3600 147
12
746 685 682 838 961 507 504 543 538 139 135 136
1 3600 147
8
1025 853 856 901 847 848 831 813
1 3600 147
6
854 959 507 504 543 540
1 3600 147
7
856 839 683 677 674 766 822
1 3600 147
10
677 674 768 886 47 48 888 139 135 136
1 3600 128
3
1023 1024 1003
1 3600 747
23
846 898 543 544 941 361 358 984 939 934 942 25 22 140 705 710 760 925 185 179 180 127 123
1 3600 747
16
678 846 898 543 544 951 173 176 39 34 740 739 699 163 97 92
1 3600 747
13
682 838 961 507 502 524 944 783 784 173 176 39 34
1 3600 575
12
682 838 961 507 502 524 791 792 941 361 358 789
1 3600 136
5
838 961 507 504 543
1 3600 157
7
1069 1025 1022 1054 1056 53 54
1 3600 157
5
1022 1054 1056 53 54
1 3600 747
23
129 126 181 178 182 169 170 536 735 732 727 191 186 618 599 596 217 218 1009 71 68 777 771
1 3600 747
18
122 126 181 178 184 909 902 451 456 31 28 1036 521 522 696 549 421 419
1 3600 747
9
129 126 181 178 184 909 902 459 460
1 3600 747
13
122 126 181 178 184 924 905 902 451 456 460 285 288
1 3600 747
19
129 126 181 178 182 143 148 931 835 41 44 860 862 1042 871 868 1066 239 234
1 3600 747
27
129 126 181 161 162 702 711 704 741 35 38 177 172 785 786 790 525 526 1029 855 852 1024 1003 1004 1047 275 270
1 3600 440
19
165 162 700 185 182 169 170 536 735 732 727 191 186 618 599 105 100 213 206
1 3600 623
20
121 122 126 181 178 182 169 170 534 962 989 437 430 641 499 500 672 399 309 306
1 3600 747
12
165 162 702 760 905 902 980 931 835 41 44 63
1 3600 747
14
121 122 126 181 178 182 143 144 151 154 199 202 561 564
1 3600 747
22
121 122 126 181 178 184 909 902 980 931 835 41 44 860 862 1042 871 659 533 530 1010 1096
1 3600 747
24
122 126 181 161 162 698 738 741 35 38 788 359 360 940 793 790 525 526 1030 1055 1023 1024 1003 1004
1 3600 75
10
122 126 181 178 182 169 166 113 116 732
1 3600 146
5
121 122 126 181 178
1 3600 679
8
165 162 698 709 704 141 23 24
1 3600 747
15
122 126 181 178 182 143 144 151 154 725 722 265 266 759 756
1 3600 747
22
122 126 181 161 162 698 738 141 23 24 943 935 932 357 360 133 134 138 889 833 830 769
1 3600 747
22
129 126 181 161 162 702 711 704 741 35 38 177 172 785 782 945 525 526 1029 855 852 1020
1 3600 415
6
121 122 126 181 161 164
1 3600 58
6
129 126 181 161 97 94
1 3600 747
10
129 126 181 178 184 701 698 738 741 35
1 3600 747
14
122 126 181 178 184 701 702 711 704 141 23 24 943 935
1 3600 747
13
121 122 126 181 161 162 698 738 741 35 38 177 172
1 3600 747
22
165 162 702 711 704 141 23 24 943 935 932 357 360 940 793 790 525 526 827 55 52 1060
1 3600 747
22
95 96 162 700 185 182 169 170 534 962 589 592 621 603 217 214 83 80 86 991 992 1095
1 3600 747
18
162 702 760 905 902 459 31 32 474 715 716 447 413 414 353 350 315 316
1 3600 747
14
743 740 141 23 26 118 152 67 62 587 443 440 714 521
1 3600 747
7
698 709 706 905 902 451 454
1 3600 747
20
93 96 162 702 760 905 902 980 931 835 41 44 63 64 862 1042 871 866 259 260
1 3600 747
27
711 704 141 23 24 1014 923 893 890 955 885 880 965 877 878 833 825 671 665 653 654 751 607 604 946 59 60
1 3600 440
7
96 160 178 182 169 170 534
1 3600 393
15
698 709 706 905 902 459 31 28 1036 715 713 397 309 306 231
1 3600 747
9
96 162 702 760 905 902 451 456 31
1 3600 747
15
95 96 162 698 738 141 107 110 118 152 158 561 564 580 1043
1 3600 747
15
95 96 162 698 738 141 23 26 118 152 67 64 862 1042 871
1 3600 747
20
162 702 711 704 741 35 38 788 359 360 940 545 542 899 847 679 680 874 1047 1048
1 3600 131
13
743 740 141 23 26 118 152 156 629 630 535 536 735
1 3600 54
9
95 96 160 178 182 169 170 534 631
1 3600 156
9
93 96 162 698 738 141 107 110 118
1 3600 340
12
96 160 178 182 143 144 151 154 725 720 11 12
1 3600 747
16
162 702 711 704 141 23 24 1014 923 893 894 920 915 916 927 137
1 3600 747
17
698 738 141 23 24 1014 923 893 890 955 885 882 877 878 833 830 849
1 3600 75
3
703 163 164
1 3600 196
6
162 698 709 704 741 742
1 3600 68
3
743 35 36
1 3600 415
3
743 35 38
1 3600 747
12
704 141 23 24 943 935 938 985 359 360 940 793
1 3600 747
18
93 96 162 698 738 741 35 38 177 172 785 782 945 525 526 1030 1056 1058
1 3600 747
22
36 942 25 26 118 152 156 629 195 192 962 589 433 434 649 643 615 99 102 218 1017 995
1 3600 747
21
942 25 26 118 152 67 62 587 443 405 400 445 413 411 406 303 298 334 420 546 762
1 3600 747
14
942 25 22 107 108 145 148 981 459 31 32 331 328 691
1 3600 747
11
36 942 25 22 107 108 145 148 981 451 454
1 3600 747
16
36 935 936 919 895 890 955 885 841 842 731 728 872 1073 239 234
1 3600 747
20
935 932 357 362 929 137 134 138 889 833 825 671 665 653 654 751 607 604 269 272
1 3600 747
13
942 25 26 118 152 156 629 630 962 589 592 621 619
1 3600 575
11
942 25 26 118 152 67 62 587 443 405 400
1 3600 747
10
740 141 107 108 145 148 981 459 31 32
1 3600 747
12
35 36 942 1014 1018 851 199 204 257 19 20 1040
1 3600 747
16
38 788 982 1038 911 912 883 841 842 731 728 872 1073 239 236 263
1 3600 747
14
38 177 174 940 545 542 505 506 960 839 683 684 1004 1070
1 3600 534
12
942 25 22 140 705 710 703 700 185 179 180 127
1 3600 138
8
942 25 22 107 108 145 148 981
1 3600 85
7
36 942 25 22 107 108 145
1 3600 120
4
36 935 932 1038
1 3600 575
10
38 788 359 362 929 137 134 138 889 49
1 3600 747
14
35 36 935 938 985 982 357 360 940 545 542 899 847 679
1 3600 747
9
740 739 699 700 185 179 180 127 123
1 3600 56
8
37 34 740 705 708 699 163 97
1 3600 57
4
935 938 491 488
1 3600 374
5
35 38 177 172 948
1 3600 747
16
36 935 936 968 967 929 137 134 138 539 542 505 502 526 827 55
1 3600 747
36
982 1038 911 912 964 881 841 757 754 799 802 255 250 256 557 558 580 1043 863 861 45 42 74 858 979 229 221 226 209 210 366 578 781 771 772 993
1 3600 747
22
936 919 895 892 922 1018 851 199 202 159 156 41 42 74 858 979 399 309 310 476 345 327
1 3600 747
19
788 984 939 936 919 895 892 922 1018 851 155 150 145 148 981 451 456 460 996
1 3600 747
21
1038 911 912 883 841 757 758 794 799 749 13 14 205 202 159 156 834 930 981 451 454
1 3600 747
19
490 985 982 1038 911 912 964 881 841 842 731 728 872 1073 1067 869 866 259 260
1 3600 747
19
357 360 133 134 138 889 49 46 887 769 663 653 650 811 609 604 946 59 60
1 3600 747
30
490 939 936 919 895 892 922 1018 851 199 202 561 562 863 65 62 45 42 74 495 498 637 613 99 102 214 243 240 998 1050
1 3600 747
23
489 490 939 936 919 895 892 922 1018 851 199 202 561 562 863 861 587 443 440 716 467 417 414
1 3600 747
17
936 919 895 892 922 1018 851 199 202 159 67 62 587 443 438 1036 475
1 3600 747
16
1038 911 912 883 841 844 797 794 799 800 11 14 557 558 580 1043
1 3600 623
17
493 490 985 982 1038 911 912 964 881 841 842 731 728 872 1073 1067 869
1 3600 747
12
985 359 360 940 545 542 899 847 679 676 684 1004
1 3600 747
16
939 934 942 25 26 111 108 145 142 169 166 807 735 732 623 624
1 3600 393
9
934 942 25 22 107 108 145 148 981
1 3600 156
10
490 939 934 37 34 740 705 706 905 906
1 3600 47
4
936 919 920 915
1 3600 143
7
490 985 359 362 929 137 134
1 3600 498
13
489 490 985 359 360 940 793 790 525 503 506 958 855
1 3600 747
13
939 934 942 25 22 140 739 699 163 160 180 127 128
1 3600 415
7
939 934 37 34 740 739 699
1 3600 68
6
493 490 939 934 37 34
1 3600 202
4
489 490 985 982
1 3600 38
8
359 362 929 137 134 138 539 542
1 3600 393
8
789 177 172 785 782 945 525 526
1 3600 747
43
949 950 545 538 139 135 136 926 917 912 883 841 757 754 799 802 255 250 256 557 201 202 561 562 863 65 62 45 42 74 495 500 233 221 222 485 482 570 574 781 776 1094 993
1 3600 747
15
538 889 833 825 767 663 653 650 811 283 280 694 343 340 423
1 3600 747
35
174 133 136 926 917 912 964 881 841 844 797 267 264 723 720 11 14 205 202 159 67 62 587 443 440 716 467 427 424 341 301 304 418 420 546
1 3600 747
24
538 139 135 136 926 917 912 883 841 757 758 267 264 723 724 155 150 145 148 981 459 460 285 288
1 3600 747
18
174 361 356 1038 911 912 964 881 841 842 731 728 872 1073 239 236 263 260
1 3600 747
12
889 833 825 671 665 653 654 751 607 604 946 59
1 3600 747
36
174 133 136 928 966 911 912 883 841 757 754 799 749 253 250 256 557 558 580 1043 863 861 45 42 74 858 979 229 230 392 389 384 480 365 9 2
1 3600 747
25
538 139 135 136 926 917 912 964 881 841 844 797 794 799 802 255 250 256 557 201 202 159 156 629 632
1 3600 747
15
538 889 49 46 887 769 663 653 650 811 283 278 690 329 330
1 3600 747
17
949 950 941 361 356 1038 969 919 895 892 922 1018 851 199 202 561 564
1 3600 440
9
174 133 134 138 889 833 825 671 668
1 3600 747
7
899 847 679 680 874 1047 1044
1 3600 747
14
356 1038 969 919 895 892 922 1018 851 155 150 145 142 804
1 3600 747
17
139 135 136 928 966 969 919 895 892 922 1015 25 22 140 705 706 905
1 3600 467
9
949 173 176 39 36 942 25 26 111
1 3600 91
9
174 133 136 926 917 912 883 884 956
1 3600 58
5
545 538 889 49 50
1 3600 133
8
786 790 525 503 506 958 1026 1052
1 3600 747
14
358 789 39 34 740 739 699 700 185 179 180 127 123 120
1 3600 747
9
784 173 176 39 34 740 705 710 703
1 3600 534
6
792 941 361 356 933 934
1 3600 87
4
361 358 984 491
1 3600 87
5
176 788 984 491 488
1 3600 84
7
940 793 790 525 526 1030 1056
1 3600 84
3
940 793 790
1 3600 747
25
525 503 504 899 897 887 769 663 653 650 811 283 278 692 697 523 429 409 349 346 354 1085 1082 369 374
1 3600 747
21
55 52 1057 1055 1023 1024 1003 1004 1047 275 268 605 606 752 283 280 694 523 429 409 410
1 3600 747
22
1029 1026 1023 1024 1003 1004 1047 275 270 947 605 608 283 280 329 330 33 30 460 285 286 462
1 3600 747
15
54 826 1029 959 960 839 683 677 680 667 653 650 811 283 276
1 3600 747
12
1029 855 852 1024 1003 1004 1047 275 268 605 606 752
1 3600 747
13
525 503 506 960 839 683 684 1004 1047 275 270 59 56
1 3600 747
37
829 826 1029 855 856 901 897 47 48 879 817 814 517 514 729 730 843 757 754 799 749 13 14 205 202 159 156 629 195 192 962 989 437 434 649 595 596
1 3600 747
28
1057 1055 1027 959 960 901 847 848 831 813 814 509 510 1073 1067 869 870 1043 863 861 587 584 495 500 233 230 394 1075
1 3600 747
27
783 786 792 545 538 139 135 136 926 917 912 964 881 841 757 758 794 799 800 11 14 557 558 580 1043 863 864
1 3600 747
27
1057 1055 1027 959 960 839 683 677 674 766 822 517 518 730 843 844 797 267 264 723 720 11 14 205 202 561 562
1 3600 623
10
826 1029 855 856 839 683 677 680 667 653
1 3600 679
5
1055 1023 1024 1003 1004
1 3600 747
34
1055 1027 959 960 901 897 47 48 879 817 814 517 514 729 730 843 757 754 799 802 255 250 256 557 201 202 159 156 629 630 962 589 590 623
1 3600 747
12
502 524 791 787 784 173 176 39 34 740 705 706
1 3600 747
9
783 784 950 941 361 356 933 934 942
1 3600 340
24
1031 527 503 504 899 897 887 831 813 814 509 512 729 730 843 844 797 794 799 749 13 14 205 202
1 3600 141
6
945 525 503 504 899 897
1 3600 136
5
826 1029 855 856 901
1 3600 136
5
506 960 839 836 1003
1 3600 747
14
783 784 173 176 39 34 740 739 699 163 160 180 127 128
1 3600 747
27
1061 1057 1031 527 503 504 543 538 139 135 136 928 966 911 914 921 895 892 922 1015 25 22 140 705 710 703 163
1 3600 747
7
953 783 784 173 176 39 34
1 3600 415
8
1031 527 524 791 792 941 361 358
1 3600 149
7
829 826 527 503 504 543 538
1 3600 149
5
1057 1031 527 503 504
1 3600 149
6
53 54 826 527 524 791
1 3600 149
7
829 826 527 524 791 792 941
1 3600 192
3
54 826 527
