322
1 3600 308
4
443 397 398 231
1 3600 34
6
234 248 359 356 89 90
1 3600 308
8
441 397 395 265 262 179 180 182
1 3600 585
13
443 397 271 261 262 179 180 182 198 171 169 164 141
1 3600 585
20
397 395 265 262 179 176 321 316 471 313 21 16 62 115 112 69 70 150 444 480
1 3600 585
20
234 243 240 252 359 356 89 77 72 78 455 39 42 21 18 173 169 164 459 456
1 3600 53
8
441 397 395 392 231 234 243 238
1 3600 124
9
397 398 401 406 421 419 389 390 408
1 3600 585
13
441 397 395 269 261 262 179 176 321 314 309 75 72
1 3600 585
15
443 397 395 265 262 179 180 182 198 258 19 16 64 121 122
1 3600 585
21
441 397 271 261 262 179 180 182 198 256 167 168 153 137 135 132 127 130 371 201 204
1 3600 585
37
441 397 395 392 231 234 248 386 488 37 34 329 327 305 306 308 315 318 477 471 41 42 21 16 64 121 122 124 130 412 432 349 352 147 148 119 116
1 3600 585
13
397 398 231 234 243 240 250 382 61 58 461 47 48
1 3600 585
13
397 395 392 401 406 25 26 423 419 389 57 58 462
1 3600 585
30
443 397 395 265 262 179 180 182 198 171 153 137 111 108 53 50 129 130 371 368 439 363 360 207 210 155 156 222 290 293
1 3600 585
30
397 395 269 261 262 179 180 184 471 313 21 16 62 132 127 130 197 192 3 4 426 428 512 97 85 82 334 303 287 284
1 3600 117
5
273 263 264 394 396
1 3600 117
7
387 249 235 230 399 396 442
1 3600 142
8
507 417 414 177 178 263 260 266
1 3600 142
7
179 176 415 416 506 29 32
1 3600 135
5
273 179 180 182 198
1 3600 135
10
323 305 306 75 72 80 41 42 21 18
1 3600 135
13
392 231 234 248 359 356 89 77 72 80 313 310 468
1 3600 135
5
262 179 176 321 314
1 3600 135
8
417 414 321 316 471 41 42 310
1 3600 135
4
273 179 180 182
1 3600 167
9
395 265 262 179 180 182 198 258 173
1 3600 585
14
273 179 180 182 198 256 167 164 141 99 104 151 71 68
1 3600 585
23
231 234 243 240 254 385 382 409 93 77 72 78 455 39 42 21 16 66 137 111 101 102 456
1 3600 85
3
231 234 13
1 3600 152
8
267 270 398 231 234 248 359 356
1 3600 152
8
179 176 415 416 506 37 34 357
1 3600 152
9
264 392 401 406 25 22 237 240 254
1 3600 152
11
179 176 321 314 309 307 91 92 408 383 384
1 3600 152
4
387 253 250 384
1 3600 308
6
30 34 89 90 306 75
1 3600 585
13
269 261 262 179 176 321 318 477 471 313 21 16 64
1 3600 585
25
393 265 262 179 180 182 198 171 169 164 459 103 100 106 71 68 129 130 412 432 349 350 221 215 212
1 3600 585
22
34 89 77 74 308 315 316 471 313 21 16 62 115 112 129 130 371 201 202 216 290 380
1 3600 585
7
91 92 391 57 58 461 47
1 3600 585
9
331 328 357 358 253 250 382 61 58
1 3600 585
32
488 507 417 414 321 318 477 185 182 198 258 173 153 67 64 121 122 124 130 197 194 277 7 4 426 428 509 510 97 94 339 337
1 3600 585
34
387 359 356 329 327 305 306 75 72 78 455 39 42 21 16 62 132 127 130 412 432 349 350 347 219 209 210 119 116 290 293 294 287 284
1 3600 531
7
415 416 506 489 387 249 235
1 3600 132
4
183 181 178 274
1 3600 132
6
176 415 416 506 29 32
1 3600 132
7
475 257 199 183 181 178 263
1 3600 132
8
43 38 454 79 73 76 88 35
1 3600 132
13
475 257 199 183 184 317 314 309 307 91 88 35 36
1 3600 132
6
199 183 181 178 263 260
1 3600 75
7
257 199 183 184 476 319 320
1 3600 144
7
41 42 21 18 173 169 164
1 3600 144
12
315 316 185 182 198 256 167 164 141 142 139 135
1 3600 144
6
198 171 153 137 138 174
1 3600 144
6
258 19 20 310 468 486
1 3600 144
8
455 39 42 21 16 62 115 53
1 3600 144
7
318 477 471 313 21 16 66
1 3600 144
7
315 316 471 313 310 466 472
1 3600 344
12
185 182 198 256 167 164 141 99 104 444 480 494
1 3600 585
9
469 311 21 18 173 169 164 459 456
1 3600 344
12
505 321 314 309 75 76 88 357 358 253 241 236
1 3600 80
7
311 312 81 73 76 92 391
1 3600 122
4
20 43 40 81
1 3600 177
12
198 171 153 67 64 121 122 124 130 197 189 190
1 3600 243
13
173 153 137 111 108 53 50 129 130 371 368 439 435
1 3600 585
23
505 321 318 477 471 41 42 21 16 64 127 130 412 432 349 352 147 148 155 156 222 290 380
1 3600 585
13
505 321 314 309 307 91 92 391 57 58 461 47 44
1 3600 449
16
477 471 313 21 16 62 115 112 129 130 197 192 3 4 426 430
1 3600 585
19
75 72 80 41 42 21 16 64 121 122 124 130 371 368 439 363 364 510 518
1 3600 585
22
39 42 21 16 62 132 127 130 412 432 439 435 436 508 512 97 85 82 334 342 301 287
1 3600 585
20
458 165 168 172 19 20 43 38 454 79 73 74 307 304 326 328 357 358 249 235
1 3600 177
11
175 139 136 67 17 20 312 470 317 320 415
1 3600 131
7
458 165 168 170 199 183 181
1 3600 131
9
161 145 140 165 168 172 259 199 183
1 3600 131
4
170 199 183 186
1 3600 131
11
52 114 63 17 20 312 470 476 319 320 177
1 3600 131
5
161 145 140 165 162
1 3600 131
11
100 110 136 67 17 20 43 40 470 317 320
1 3600 128
4
98 142 139 136
1 3600 128
3
114 63 66
1 3600 115
3
111 106 150
1 3600 115
5
459 451 452 447 151
1 3600 115
4
66 137 111 106
1 3600 585
7
66 137 138 143 99 102 456
1 3600 585
18
172 19 20 43 38 454 79 73 76 88 357 358 253 241 238 244 418 420
1 3600 292
10
487 469 311 312 81 73 76 88 357 358
1 3600 292
11
100 110 135 63 17 20 43 38 454 79 73
1 3600 131
8
164 141 142 139 135 132 121 122
1 3600 131
8
115 53 50 129 130 197 189 190
1 3600 123
15
169 164 459 103 104 151 71 68 129 130 412 367 277 7 4
1 3600 123
14
467 311 21 16 64 127 130 371 368 349 352 207 210 149
1 3600 585
13
99 100 108 112 129 130 371 368 349 350 221 215 216
1 3600 585
16
152 170 199 183 184 476 319 314 309 307 91 92 408 61 58 464
1 3600 308
12
114 63 17 20 312 81 73 76 92 391 57 54
1 3600 531
16
135 132 121 122 124 130 197 194 277 7 4 426 428 512 97 85
1 3600 585
17
467 311 21 16 64 127 130 412 432 439 363 360 147 148 119 116 290
1 3600 585
17
479 445 105 98 140 165 166 257 199 183 181 178 263 264 394 396 440
1 3600 585
14
479 445 151 107 110 136 152 172 259 199 183 181 176 415
1 3600 254
12
495 481 445 151 71 68 113 114 63 17 20 310
1 3600 80
8
479 445 446 453 450 458 165 168
1 3600 80
5
447 105 98 140 165
1 3600 80
4
450 458 165 168
1 3600 177
4
481 445 446 482
1 3600 104
3
105 102 456
1 3600 585
23
447 151 107 110 136 67 17 20 43 40 470 317 314 309 307 304 326 328 357 358 249 13 8
1 3600 585
18
151 71 68 129 126 65 17 20 312 470 476 319 320 415 416 506 489 387
1 3600 585
15
481 445 105 98 140 165 166 257 199 183 184 317 314 309 75
1 3600 234
10
483 447 151 71 68 129 130 197 192 516
1 3600 65
12
129 130 371 368 349 350 347 219 209 210 155 156
1 3600 65
14
71 68 129 130 412 432 439 363 360 207 210 155 156 224
1 3600 389
11
495 481 445 151 71 68 129 130 371 201 202
1 3600 585
20
445 151 107 108 114 63 17 20 43 38 454 79 73 76 92 408 61 58 461 47
1 3600 585
10
68 129 130 197 189 190 377 374 279 280
1 3600 531
14
68 129 130 412 432 349 352 147 148 155 156 222 290 293
1 3600 585
13
452 447 151 71 68 129 130 371 201 202 216 290 378
1 3600 585
14
457 458 165 166 257 199 183 181 178 263 260 268 394 396
1 3600 585
12
457 458 165 168 170 199 183 181 178 263 260 266
1 3600 585
8
457 103 100 110 136 67 17 20
1 3600 308
3
457 103 98
1 3600 73
3
449 452 482
1 3600 487
3
457 451 448
1 3600 585
22
457 458 165 168 172 259 199 183 181 176 415 416 506 489 387 253 241 236 23 24 407 402
1 3600 585
13
457 458 165 168 172 19 20 312 81 73 76 92 408
1 3600 585
12
449 450 103 100 108 114 63 17 20 43 40 81
1 3600 585
10
449 452 447 151 71 68 129 130 197 192
1 3600 117
13
457 103 100 108 53 50 129 130 412 432 349 350 221
1 3600 202
17
449 452 447 151 71 68 129 130 371 368 439 363 360 207 210 119 116
1 3600 585
20
449 450 458 165 166 257 199 183 184 476 319 314 309 307 91 92 391 57 58 461
1 3600 585
14
457 103 100 108 112 129 130 197 194 277 7 4 375 372
1 3600 585
18
457 103 100 108 53 50 129 130 412 432 439 435 436 510 97 94 297 294
1 3600 585
22
449 452 447 151 71 68 129 130 371 368 349 352 361 364 510 97 94 87 82 334 303 287
1 3600 165
7
245 239 242 235 230 399 396
1 3600 165
5
400 393 394 396 442
1 3600 155
3
404 233 230
1 3600 155
8
25 26 424 9 12 248 386 488
1 3600 308
14
419 389 390 93 90 306 308 315 316 185 182 198 256 474
1 3600 585
17
239 240 252 386 488 507 417 414 177 180 182 198 171 169 164 141 99
1 3600 585
19
11 12 248 359 356 89 77 72 80 313 21 16 62 115 109 106 150 446 482
1 3600 585
19
421 419 389 390 93 77 74 308 315 316 185 182 198 256 167 164 459 451 448
1 3600 94
5
13 8 425 27 24
1 3600 155
4
8 237 240 254
1 3600 155
3
22 237 240
1 3600 155
7
11 8 425 423 419 389 390
1 3600 155
4
245 239 240 252
1 3600 155
6
406 421 419 389 390 93
1 3600 585
9
424 9 12 248 359 356 89 77 72
1 3600 585
18
11 12 248 386 488 507 417 414 177 180 182 198 258 173 153 137 135 132
1 3600 585
26
237 240 252 359 356 329 327 305 306 75 72 80 313 21 16 64 121 122 124 130 412 432 349 350 347 219
1 3600 585
18
493 488 507 417 414 177 180 182 198 171 153 67 64 127 130 371 201 202
1 3600 585
11
493 387 253 254 385 382 61 58 461 47 44
1 3600 585
27
25 26 423 419 389 390 93 77 72 78 455 39 42 21 16 62 132 121 122 124 130 197 192 3 4 426 430
1 3600 585
29
403 400 399 271 261 262 179 180 182 198 258 173 153 137 135 132 127 130 197 194 277 7 4 426 428 512 97 85 82
1 3600 585
36
419 245 239 240 252 359 356 89 90 306 308 315 318 477 471 41 42 21 16 64 121 122 124 130 371 368 349 350 221 215 216 290 293 294 287 284
1 3600 202
6
249 235 230 393 394 396
1 3600 58
5
382 409 93 90 304
1 3600 58
8
386 488 507 417 414 177 178 272
1 3600 78
7
356 89 77 72 80 313 310
1 3600 265
16
356 329 327 305 306 75 72 78 455 39 42 21 16 62 115 53
1 3600 585
19
359 356 89 90 306 308 315 316 185 182 198 256 167 164 141 99 104 444 480
1 3600 585
15
93 77 74 308 315 318 477 185 182 198 171 169 164 459 456
1 3600 55
4
255 252 386 492
1 3600 55
6
356 35 31 28 489 490
1 3600 81
4
252 359 356 89
1 3600 95
5
385 382 409 93 77
1 3600 487
15
252 386 488 507 417 414 177 180 182 198 258 173 153 67 64
1 3600 585
16
77 72 80 313 21 16 62 132 127 130 412 432 349 350 347 344
1 3600 585
29
390 93 90 306 308 315 316 471 41 42 21 16 64 121 122 124 130 371 368 439 363 360 147 148 155 156 222 290 380
1 3600 234
4
391 57 58 461
1 3600 389
7
357 358 253 250 382 61 54
1 3600 585
23
409 93 77 72 78 455 39 42 21 16 64 127 130 412 432 439 435 436 510 97 94 339 340
1 3600 585
33
93 90 306 308 315 318 477 471 313 21 16 62 132 121 122 124 130 197 189 190 377 374 426 428 512 97 85 82 334 342 301 287 282
1 3600 585
12
73 74 308 315 320 177 178 263 264 394 396 440
1 3600 142
5
76 88 35 36 489
1 3600 57
3
72 78 455
1 3600 132
11
74 308 315 316 185 182 198 171 153 137 111
1 3600 585
13
72 80 41 42 21 18 173 169 164 141 99 104 444
1 3600 585
13
74 308 315 318 477 185 182 198 256 167 164 459 456
1 3600 449
9
76 88 357 358 249 235 232 405 402
1 3600 46
4
73 74 307 91
1 3600 104
12
78 455 39 42 21 16 64 127 130 197 192 516
1 3600 325
14
72 80 313 21 16 62 132 121 122 124 130 371 201 204
1 3600 585
18
72 78 455 39 42 21 16 64 127 130 412 432 349 352 207 210 119 116
1 3600 172
8
76 92 408 61 58 461 47 44
1 3600 188
6
73 76 92 391 57 58
1 3600 585
26
80 313 21 16 62 132 121 122 124 130 371 368 439 363 360 147 148 155 156 222 290 293 298 341 337 334
1 3600 585
21
78 455 39 42 21 16 62 115 112 129 130 412 432 349 350 221 209 210 119 116 290
1 3600 585
19
193 196 131 125 123 120 65 66 152 170 199 183 181 178 263 264 394 398 231
1 3600 417
11
65 17 20 312 470 185 181 178 263 260 266
1 3600 112
13
193 196 131 126 65 17 20 43 40 470 317 314 309
1 3600 39
3
133 134 111
1 3600 202
9
191 188 196 131 128 69 70 150 446
1 3600 585
13
3 6 276 366 413 131 128 69 70 150 446 453 448
1 3600 585
23
65 17 20 312 470 476 319 314 309 307 304 326 328 357 358 253 241 238 244 418 422 27 24
1 3600 308
18
120 133 134 136 152 172 259 199 183 181 176 415 416 506 489 387 253 254
1 3600 138
14
191 188 196 131 125 123 120 65 17 20 43 38 454 79
1 3600 265
4
127 130 197 192
1 3600 28
7
121 122 124 130 371 368 439
1 3600 585
6
124 130 371 201 202 216
1 3600 344
18
65 17 20 43 40 470 317 314 309 307 91 92 408 61 58 461 47 48
1 3600 56
11
120 133 63 17 20 312 81 73 76 92 410
1 3600 177
12
124 130 197 194 277 7 4 426 428 512 97 94
1 3600 585
12
377 374 426 428 509 510 97 94 339 340 299 292
1 3600 585
20
6 276 366 413 131 126 133 134 136 152 170 199 183 181 178 263 264 394 396 442
1 3600 585
21
353 348 369 370 131 128 51 52 109 110 136 152 172 259 199 183 181 178 263 260 268
1 3600 265
13
434 438 369 370 131 125 123 120 65 66 152 170 199
1 3600 188
6
131 126 133 134 138 143
1 3600 188
13
374 5 6 276 195 196 131 128 113 109 110 138 174
1 3600 188
7
351 348 433 413 131 128 51
1 3600 195
12
346 351 348 369 370 131 128 69 70 150 444 480
1 3600 195
13
146 361 362 438 433 413 131 128 69 70 150 444 478
1 3600 195
10
362 438 369 370 131 128 69 70 150 446
1 3600 195
7
433 413 131 128 69 70 150
1 3600 243
12
146 353 348 369 370 131 128 113 109 101 102 456
1 3600 585
22
362 438 433 413 131 125 123 120 65 17 20 43 38 454 79 73 76 88 357 358 249 243
1 3600 585
17
200 370 131 126 65 17 20 312 470 476 319 320 415 416 506 489 387
1 3600 585
16
205 200 370 131 125 123 120 133 63 17 20 43 38 454 79 73
1 3600 198
7
374 5 2 193 196 131 126
1 3600 198
11
345 219 209 206 361 364 508 429 427 5 2
1 3600 198
7
376 191 188 196 131 125 123
1 3600 198
9
211 206 361 364 508 429 427 375 376
1 3600 181
8
208 220 351 348 433 367 195 189
1 3600 181
4
277 7 4 375
1 3600 181
3
210 155 156
1 3600 162
4
215 216 290 380
1 3600 162
8
349 352 207 210 119 116 290 380
1 3600 585
22
366 413 131 126 65 17 20 43 40 470 317 314 309 307 91 92 391 57 58 461 47 48
1 3600 179
31
351 348 369 370 131 128 51 52 109 101 98 140 165 166 257 199 183 184 476 319 314 309 307 91 88 357 358 253 250 382 61
1 3600 179
24
227 157 154 149 146 353 348 433 413 131 125 123 120 133 63 17 20 312 81 73 76 92 391 57
1 3600 216
9
428 512 97 85 82 334 303 287 288
1 3600 216
5
426 428 509 510 97
1 3600 216
12
366 432 349 352 147 148 155 156 222 290 293 294
1 3600 216
4
119 116 290 293
1 3600 216
8
436 510 97 85 82 334 342 301
1 3600 308
9
194 366 432 349 350 221 215 216 290
1 3600 585
21
217 203 200 370 131 126 133 134 136 152 172 259 199 183 181 178 263 260 270 396 440
1 3600 585
25
117 118 211 208 218 346 351 348 433 413 131 128 113 114 134 136 152 170 199 183 181 178 263 264 394
1 3600 585
23
381 291 223 157 154 211 206 361 362 438 369 370 131 128 51 52 109 101 98 140 165 166 474
1 3600 487
18
381 291 217 214 220 351 348 433 413 131 125 123 120 65 17 20 310 466
1 3600 254
11
217 203 200 370 131 128 69 70 150 444 478
1 3600 195
15
117 118 149 146 353 348 433 413 131 128 113 109 101 102 456
1 3600 585
26
214 218 346 351 348 369 370 131 126 65 17 20 43 40 470 317 320 415 416 506 489 387 253 241 236 23
1 3600 585
26
381 291 223 157 154 211 206 361 362 438 433 413 131 125 123 120 133 63 17 20 312 81 73 76 92 408
1 3600 585
13
203 200 370 131 126 65 17 20 43 38 454 79 73
1 3600 585
16
381 293 296 95 96 513 429 427 5 6 276 195 196 131 125 123
1 3600 36
8
117 118 149 146 361 364 508 429
1 3600 531
3
381 291 217
1 3600 585
35
214 220 351 348 433 413 131 128 51 52 114 134 136 152 172 259 199 183 184 476 319 314 309 307 304 326 328 357 358 253 250 382 61 58 464
1 3600 585
10
381 293 296 95 96 511 508 429 427 279
1 3600 225
6
381 293 298 341 338 87
1 3600 234
5
290 293 294 287 282
1 3600 585
9
460 59 56 388 418 420 407 404 233
1 3600 531
11
460 59 60 383 251 241 242 235 230 393 265
1 3600 417
10
465 59 60 409 93 90 306 308 315 318
1 3600 531
17
49 46 460 59 56 390 93 90 306 308 315 316 471 313 310 468 484
1 3600 585
25
49 46 460 59 60 383 251 252 386 488 507 417 414 177 180 182 198 258 173 169 164 459 451 452 482
1 3600 585
24
45 46 460 59 60 383 384 255 252 386 488 507 417 414 177 180 182 198 256 167 164 459 451 448
1 3600 585
8
465 59 56 388 418 422 27 24
1 3600 132
5
46 460 59 56 390
1 3600 202
7
460 59 60 409 93 77 72
1 3600 292
20
46 460 59 56 390 93 90 306 308 315 318 477 185 182 198 171 153 137 135 132
1 3600 417
32
46 460 59 60 383 251 252 386 488 507 417 414 177 180 182 198 258 173 153 137 111 108 53 50 129 130 412 367 277 7 4 375
1 3600 585
19
46 460 59 56 390 93 77 72 80 41 42 21 16 64 127 130 371 201 202
1 3600 389
4
45 46 460 464
1 3600 48
33
465 59 60 383 384 255 252 386 488 507 417 414 177 180 182 198 171 169 164 141 142 139 135 115 112 129 130 197 192 3 4 375 372
1 3600 531
31
46 460 59 56 390 93 77 72 78 455 39 42 21 16 64 127 130 412 432 439 435 436 508 512 97 94 339 337 334 342 514
1 3600 585
40
465 59 60 383 251 252 359 356 329 327 305 306 308 315 316 471 313 21 16 62 115 53 50 129 130 412 432 439 363 360 207 210 155 156 222 290 293 294 287 282
1 3600 585
21
281 278 5 2 193 196 131 126 133 63 66 152 170 199 183 181 178 263 264 394 396
1 3600 585
9
463 59 60 383 384 255 252 359 354
1 3600 389
10
463 59 56 390 93 77 72 80 313 310
1 3600 254
13
411 93 90 306 308 315 318 477 471 41 42 21 16
1 3600 585
20
56 388 418 420 407 400 399 271 261 262 179 180 182 198 256 167 164 141 99 104
1 3600 585
15
431 427 5 6 276 195 196 131 128 69 70 150 446 453 448
1 3600 585
7
463 59 56 388 245 239 242
1 3600 344
5
411 408 383 251 252
1 3600 365
17
278 5 2 193 196 131 125 123 120 65 17 20 43 38 454 79 73
1 3600 78
24
463 59 60 383 384 255 252 386 488 507 417 414 177 180 182 198 258 173 153 137 135 132 121 122
1 3600 73
23
411 93 77 72 78 455 39 42 21 16 64 121 122 124 130 371 368 349 350 347 219 215 212
1 3600 585
13
373 374 426 428 509 365 360 147 148 119 116 290 380
1 3600 75
3
55 58 464
1 3600 110
31
281 278 5 6 276 195 196 131 128 113 109 110 138 143 140 165 166 257 199 183 184 317 314 309 307 91 92 391 57 58 462
1 3600 82
37
463 59 56 388 245 239 242 235 230 393 265 262 179 180 182 198 171 153 137 111 108 112 129 130 412 432 439 435 436 510 97 85 82 334 303 287 288
1 3600 82
26
60 409 93 90 306 308 315 316 471 313 21 16 64 127 130 197 189 190 377 374 426 428 512 97 94 297
1 3600 585
28
463 59 60 409 93 77 72 80 313 21 16 62 115 53 50 129 130 371 368 349 352 207 210 155 156 222 290 378
1 3600 585
23
511 437 434 438 369 370 131 126 133 134 136 152 172 259 199 183 181 178 263 260 270 396 440
1 3600 585
22
513 509 437 434 438 433 413 131 125 123 120 65 66 152 170 199 183 181 178 263 264 394
1 3600 585
17
84 96 511 365 360 353 348 369 370 131 128 51 52 114 63 17 20
1 3600 365
20
83 84 96 513 509 437 434 438 433 413 131 128 69 70 107 101 98 140 165 168
1 3600 585
17
289 286 295 292 291 223 157 154 211 206 353 348 369 370 131 128 69
1 3600 585
18
292 291 117 118 149 146 361 362 438 433 413 131 128 113 109 101 102 456
1 3600 585
24
95 96 513 429 427 5 2 193 196 131 126 65 17 20 312 470 476 319 320 415 416 506 489 492
1 3600 585
30
343 335 83 84 96 511 365 362 438 369 370 131 125 123 120 133 63 17 20 312 81 73 76 88 357 358 253 254 385 382
1 3600 585
17
508 429 427 375 376 191 188 196 131 126 65 17 20 43 38 454 79
1 3600 216
12
289 286 302 335 83 84 96 513 429 427 5 2
1 3600 156
7
295 292 291 217 203 200 370
1 3600 156
14
299 292 291 223 157 154 211 208 218 346 351 348 433 413
1 3600 156
5
340 299 292 291 223
1 3600 156
6
297 292 291 223 157 158
1 3600 156
12
341 338 95 96 511 508 429 427 5 6 276 195
1 3600 365
3
299 292 380
1 3600 585
31
333 83 84 96 511 437 434 438 369 370 131 125 123 120 133 63 17 20 43 40 470 317 314 309 307 91 92 408 61 58 461
1 3600 146
4
429 427 279 280
1 3600 146
39
343 335 336 338 95 96 513 509 365 360 353 348 433 413 131 128 51 52 109 110 138 143 140 165 166 257 199 183 184 476 319 314 309 307 91 92 391 57 54
1 3600 146
28
519 511 437 434 438 369 370 131 126 133 134 136 152 172 259 199 183 181 176 415 416 506 489 387 253 250 382 61
1 3600 146
8
338 95 96 513 429 427 279 280
1 3600 149
3
339 337 332
1 3600 122
4
83 86 297 292
1 3600 585
34
285 286 295 292 291 117 118 211 206 353 348 433 413 131 128 113 114 134 138 143 140 165 168 170 199 183 181 178 263 260 268 394 396 442
1 3600 585
24
283 286 295 292 291 217 203 200 370 131 125 123 120 65 66 152 172 259 199 183 181 178 263 264
1 3600 585
28
285 286 300 343 335 83 84 96 513 429 427 5 2 193 196 131 128 69 70 107 101 98 140 165 166 257 199 183
1 3600 585
14
379 291 117 118 211 208 220 351 348 433 413 131 126 133
1 3600 585
23
285 286 295 292 291 223 157 154 149 146 361 362 438 369 370 131 128 69 70 150 444 480 494
1 3600 585
24
285 286 302 335 83 84 96 511 508 429 427 375 376 191 188 196 131 128 69 70 150 446 453 448
1 3600 585
28
379 291 217 214 220 351 348 433 413 131 125 123 120 65 17 20 312 81 73 76 88 357 358 249 13 8 23 24
1 3600 585
34
286 300 343 335 336 338 95 96 513 429 427 5 6 276 195 196 131 128 51 52 114 63 17 20 43 40 470 317 314 309 307 304 326 328
1 3600 585
20
286 295 292 291 117 118 211 206 353 348 369 370 131 126 65 17 20 312 81 73
1 3600 585
13
283 286 302 335 83 84 96 511 508 429 427 5 2
1 3600 127
11
286 300 343 335 336 338 95 96 513 429 427
1 3600 225
5
286 295 292 291 217
1 3600 585
35
286 295 292 291 223 157 154 149 146 361 362 438 433 413 131 125 123 120 133 63 17 20 43 38 454 79 73 76 92 391 57 58 461 47 48
1 3600 487
10
291 117 118 211 206 361 364 508 429 430
1 3600 71
3
286 300 514
1 3600 585
4
286 295 292 378
