548
1 3600 56
6
874 878 865 862 918 1023
1 3600 82
8
680 685 25 20 26 703 700 561
1 3600 82
8
1024 919 867 457 451 448 738 59
1 3600 82
9
514 687 19 11 14 703 69 72 1059
1 3600 82
5
692 513 514 687 19
1 3600 82
12
876 887 890 455 452 462 575 231 228 1067 977 978
1 3600 106
14
679 676 751 689 685 25 20 26 291 288 722 293 31 34
1 3600 276
19
861 858 864 882 459 451 452 460 738 727 701 698 706 716 385 382 1101 1102 553
1 3600 276
26
679 682 694 1022 919 863 864 880 888 605 606 1120 869 870 1074 1145 1146 1153 1097 1098 1063 1064 1163 1139 1089 1084
1 3600 83
8
854 872 887 890 898 147 144 152
1 3600 83
11
676 691 692 1024 919 863 859 856 876 892 896
1 3600 83
8
457 451 454 601 596 547 533 534
1 3600 83
9
1021 1022 511 508 457 451 452 464 596
1 3600 47
17
459 451 452 462 620 591 586 79 74 96 609 610 193 188 1095 1090 1210
1 3600 184
19
863 864 880 888 605 602 613 616 97 94 294 579 580 974 747 489 486 1151 1097
1 3600 276
20
511 514 687 19 11 14 703 69 66 656 649 477 213 216 1065 1062 1099 143 140 156
1 3600 276
24
864 880 890 601 598 1070 625 591 588 1067 643 635 632 640 1061 127 130 957 815 812 1030 1218 1131 1128
1 3600 230
11
861 854 872 887 890 898 547 335 332 441 436
1 3600 184
14
688 752 513 508 457 451 454 898 547 323 320 986 988 992
1 3600 276
22
876 892 895 605 602 613 616 609 610 393 394 900 1011 1007 1008 329 113 108 175 167 115 116
1 3600 276
25
882 459 451 448 738 59 56 1053 1054 659 653 481 478 1165 1162 1065 1062 135 136 767 764 785 713 710 831
1 3600 276
22
677 680 685 25 20 26 703 698 708 197 194 734 1139 981 982 521 516 824 1222 501 502 506
1 3600 276
15
1024 919 867 457 451 452 464 596 547 533 435 432 436 444 544
1 3600 276
31
511 514 687 19 11 14 291 288 705 708 655 481 475 472 485 490 1181 1182 1175 1172 973 365 362 907 902 841 844 1204 1201 47 44
1 3600 276
28
508 457 451 452 462 575 576 624 1143 869 615 77 74 94 296 610 193 188 1095 1092 675 672 111 106 259 260 541 536
1 3600 276
30
859 856 878 880 890 601 598 1068 1120 869 870 1074 1145 1146 1153 1097 671 307 308 771 772 279 280 284 525 522 777 780 413 408
1 3600 63
5
23 24 686 515 510
1 3600 63
5
24 684 688 752 1024
1 3600 63
10
57 58 739 449 450 456 509 512 693 690
1 3600 63
9
559 560 701 702 15 10 18 684 688
1 3600 61
3
740 1067 977
1 3600 64
10
560 724 1058 73 70 709 704 722 293 31
1 3600 64
9
73 70 197 198 494 387 382 39 36
1 3600 64
8
978 1054 659 67 68 702 27 28
1 3600 64
4
1054 659 653 654
1 3600 64
8
563 560 701 698 706 718 293 31
1 3600 212
9
73 66 656 649 477 213 216 103 104
1 3600 276
18
852 687 25 20 26 291 288 722 719 716 910 1018 1081 737 734 1139 1089 1086
1 3600 51
22
563 560 724 1058 1057 1055 979 976 593 583 578 295 296 610 393 381 376 565 399 400 549 149
1 3600 62
4
57 60 976 593
1 3600 62
9
11 14 703 700 726 739 740 589 590
1 3600 62
11
979 976 643 646 585 578 295 296 610 193 190
1 3600 51
14
559 560 724 1053 1054 659 656 637 632 640 1169 1151 1097 671
1 3600 197
19
59 56 1058 73 70 655 481 482 405 406 219 214 1061 1062 1166 1217 963 959 809
1 3600 276
18
563 560 701 69 66 653 481 478 1165 1162 1065 127 130 759 756 762 807 802
1 3600 276
19
740 229 232 586 1074 99 96 609 610 393 396 1187 1188 1185 997 998 1215 1111 543
1 3600 145
16
59 60 976 643 644 974 747 489 490 1181 1182 1175 1172 973 968 1006
1 3600 197
21
686 853 850 457 451 454 898 147 148 548 1012 203 173 170 224 187 184 209 210 121 124
1 3600 276
24
23 20 26 703 698 708 655 651 477 472 485 486 1151 1097 143 138 155 156 771 343 338 469 470 311
1 3600 276
33
739 740 589 586 871 615 616 609 610 193 188 1095 1092 675 83 80 86 222 696 1076 119 116 206 572 928 947 948 1044 1041 1038 1161 1158 409
1 3600 276
15
850 457 451 452 464 596 547 335 330 1214 441 436 444 544 1106
1 3600 276
20
659 656 637 638 747 489 490 1181 1182 1175 1172 973 968 1006 235 236 1048 841 842 1072
1 3600 276
31
17 11 14 291 288 722 719 716 385 386 495 199 200 406 219 214 1061 1062 135 132 731 728 665 666 909 569 572 275 272 921 922
1 3600 276
22
11 14 703 69 70 197 194 734 1139 755 758 957 954 793 790 810 1051 303 304 504 917 914
1 3600 120
20
479 475 472 633 634 642 1066 229 230 574 463 453 450 456 866 918 1025 753 750 691
1 3600 119
14
483 480 652 658 1055 1052 57 58 739 461 453 450 456 851
1 3600 119
9
407 201 196 71 72 1059 725 561 556
1 3600 119
9
35 30 292 723 289 290 27 21 22
1 3600 119
6
29 26 703 700 726 739
1 3600 119
7
911 717 707 699 700 561 556
1 3600 119
7
1164 219 212 476 648 657 658
1 3600 119
3
196 71 72
1 3600 119
7
407 404 483 480 652 658 1056
1 3600 123
3
384 717 718
1 3600 123
4
66 653 481 482
1 3600 123
6
483 480 654 709 704 722
1 3600 131
12
288 722 293 43 40 1103 1079 737 734 1162 103 104
1 3600 131
12
29 26 703 69 66 656 649 477 213 216 103 104
1 3600 131
7
199 200 406 1165 1139 1089 1082
1 3600 131
6
1079 737 734 1162 103 104
1 3600 131
8
493 199 200 406 219 216 103 104
1 3600 131
9
407 201 198 494 1081 1078 1102 553 550
1 3600 276
6
200 406 1165 1139 1089 1084
1 3600 162
15
480 651 648 637 638 975 581 582 594 1075 871 868 1121 607 604
1 3600 129
18
705 708 655 651 477 472 485 490 1181 1182 1095 1092 973 970 205 202 1013 619
1 3600 129
10
1162 217 214 1169 1151 1152 1147 1144 99 96
1 3600 129
11
1127 719 707 708 655 481 475 472 633 634 642
1 3600 131
5
1162 1065 1062 1099 1096
1 3600 131
15
706 716 910 1018 495 199 200 406 219 214 1169 1151 1097 671 307
1 3600 131
14
722 293 43 38 383 386 495 199 194 734 1162 1065 1062 1099
1 3600 131
8
383 386 495 199 200 404 483 475
1 3600 131
16
290 703 69 66 656 637 632 640 1061 127 128 1134 953 731 728 1213
1 3600 131
6
1018 495 199 200 406 219
1 3600 131
8
384 717 707 708 655 651 477 472
1 3600 95
9
734 1162 1065 1062 1166 1231 1135 961 959
1 3600 95
6
1101 1079 737 734 1139 981
1 3600 251
26
383 386 495 199 200 406 219 214 1169 1151 1097 143 138 1212 729 732 764 787 788 798 1207 627 630 1224 1226 1223
1 3600 276
19
717 707 708 655 651 648 637 638 975 581 578 295 296 610 393 396 1187 1017 991
1 3600 173
15
483 475 472 485 490 1181 1182 1175 1172 973 365 362 907 904 1119
1 3600 138
22
721 705 708 655 481 475 213 214 1061 127 130 965 962 767 768 771 772 347 348 951 946 271
1 3600 197
19
29 26 703 69 66 656 637 638 747 489 490 1153 1097 671 307 308 771 343 340
1 3600 276
16
1101 1079 737 734 1162 1065 1062 135 136 767 764 785 713 710 743 359
1 3600 276
27
493 199 196 71 72 1057 1055 979 976 593 594 99 94 296 610 393 396 1119 1113 1114 1185 997 998 1215 1111 543 544
1 3600 276
16
30 292 723 705 699 700 726 739 449 454 898 547 323 324 49 44
1 3600 276
23
13 14 703 69 66 656 637 632 485 490 1181 1182 1095 1092 973 968 1004 315 316 1199 933 934 539
1 3600 276
22
719 716 910 1018 1081 737 734 1139 755 756 762 812 1032 631 628 499 496 1125 917 413 408 1232
1 3600 276
14
555 552 41 42 292 723 289 290 15 10 18 686 515 510
1 3600 173
10
1088 1138 1164 479 480 652 658 1055 979 61
1 3600 30
6
1083 1088 1138 735 736 1080
1 3600 30
7
555 552 1103 1079 737 195 196
1 3600 106
8
1083 1088 1138 735 736 1078 1102 553
1 3600 276
17
755 758 131 126 1060 641 633 634 646 585 578 295 95 75 76 612 603
1 3600 212
17
551 552 1103 1100 383 384 717 707 699 700 724 57 60 976 1066 229 232
1 3600 61
6
105 102 1065 1062 1099 671
1 3600 27
14
555 552 1103 1079 737 734 1162 1065 127 130 957 954 793 786
1 3600 95
11
552 1103 1079 737 734 1139 981 982 521 516 826
1 3600 276
47
551 33 30 43 38 383 386 495 199 200 406 219 214 1169 1151 1097 143 138 1212 665 666 909 183 186 846 1077 181 109 112 328 1195 257 254 318 424 1034 841 844 1204 1201 47 48 1001 998 441 436 442
1 3600 276
34
1088 755 758 965 959 809 804 801 798 715 277 278 351 345 348 951 817 818 929 930 243 246 253 254 314 159 162 241 238 904 1187 1188 1196 1201
1 3600 251
16
1083 1088 981 761 762 807 804 801 783 784 775 343 338 951 817 820
1 3600 212
14
1088 755 758 957 815 807 802 631 628 303 300 353 354 748
1 3600 276
30
551 552 41 38 383 386 495 199 200 406 219 214 1061 1062 1166 1217 767 764 775 772 279 280 282 743 744 7 4 353 356 528
1 3600 276
21
551 33 30 292 723 705 699 700 726 739 461 464 596 547 533 435 432 436 444 544 1106
1 3600 276
22
1083 1088 755 758 131 128 1134 953 731 728 665 666 909 569 207 210 243 248 985 541 538 938
1 3600 276
28
551 552 1103 1100 383 386 495 199 200 404 483 475 472 485 490 1181 1182 1175 1172 675 672 111 106 1176 257 250 943 941
1 3600 276
26
555 552 1103 1079 737 734 1162 1065 127 130 965 959 793 788 783 713 710 283 284 525 522 1154 795 796 1158 1232
1 3600 276
23
1085 1088 755 758 965 962 137 134 1099 1096 1152 1147 1144 1075 587 590 621 622 599 600 891 881 865
1 3600 276
12
1085 1088 1138 1164 479 480 652 67 68 702 15 10
1 3600 173
8
1087 1088 1138 735 195 198 494 387
1 3600 38
9
1085 1088 1138 735 736 1078 1102 553 554
1 3600 276
19
1087 1088 755 758 131 126 1060 1169 487 488 746 975 645 642 1066 229 230 574 622
1 3600 276
22
1087 1088 981 761 762 807 804 791 786 765 768 157 141 142 1096 1150 487 488 746 975 839 647
1 3600 276
13
1087 1088 755 758 965 962 767 768 309 306 670 1096 1148
1 3600 84
11
1087 1088 981 761 762 814 954 793 786 775 770
1 3600 52
8
1085 1088 981 982 521 518 835 832
1 3600 276
32
1087 1088 755 758 131 128 1134 953 731 728 665 666 909 183 186 225 171 172 202 415 375 367 368 376 53 50 986 988 992 998 441 433
1 3600 276
49
1085 1088 981 982 1026 1032 631 626 1051 303 298 3 6 527 524 828 467 470 1192 1047 1045 949 946 271 272 263 266 125 120 211 117 114 166 174 109 112 328 1009 969 365 360 372 395 396 1187 1017 1014 997 998
1 3600 276
24
1085 1088 755 756 762 807 804 801 798 715 277 278 347 348 951 817 820 927 924 985 261 258 1176 1194
1 3600 276
20
1087 1088 755 756 762 812 1030 1218 1222 501 502 305 300 5 8 748 1192 661 662 1043
1 3600 276
11
1087 1088 981 982 1026 1032 631 628 303 300 353
1 3600 276
40
1085 1088 755 758 965 962 767 768 309 306 669 666 909 569 207 208 848 1077 697 223 87 81 84 172 202 389 379 376 565 566 55 50 986 988 992 998 1215 1111 543 544
1 3600 276
37
1087 1088 755 758 957 954 793 786 775 343 338 951 946 271 272 263 268 245 246 253 254 314 423 424 1036 1048 841 844 1204 1201 47 48 1001 998 1215 1111 1108
1 3600 276
26
1085 1088 981 761 762 807 804 801 783 713 277 278 347 348 469 470 311 312 949 817 820 927 924 985 541 536
1 3600 276
13
1087 1088 981 982 521 518 1136 837 832 1132 1125 917 914
1 3600 66
16
535 532 546 899 891 886 877 857 858 862 918 1025 753 689 681 678
1 3600 66
10
91 92 535 532 546 597 465 453 450 456
1 3600 66
7
893 873 855 858 862 918 1023
1 3600 56
10
153 145 146 597 465 460 738 727 561 556
1 3600 153
15
452 462 575 231 228 1067 643 635 636 649 650 654 709 704 720
1 3600 276
33
464 596 147 148 548 401 398 564 377 369 366 361 364 972 675 83 80 88 224 187 182 908 667 664 729 730 952 1135 961 964 759 754 1089
1 3600 276
21
598 1070 1143 1140 613 77 74 98 1145 1146 1153 1097 1098 135 136 963 964 759 754 1089 1084
1 3600 46
4
898 147 144 150
1 3600 75
16
153 145 148 548 401 402 426 377 380 392 611 297 294 579 584 838
1 3600 75
8
892 895 605 602 1141 869 870 1074
1 3600 75
10
890 601 598 623 620 591 233 228 1067 643
1 3600 75
17
65 62 420 548 1012 203 204 971 972 1173 1174 189 192 611 608 617 77
1 3600 75
7
602 613 616 97 98 595 592
1 3600 75
8
535 532 546 899 455 452 462 575
1 3600 110
16
887 888 605 606 1120 869 870 1074 595 583 580 974 639 632 473 476
1 3600 276
33
453 454 898 547 323 320 986 990 1016 1186 905 239 240 1002 425 319 255 252 247 244 269 262 273 270 819 816 950 339 342 770 769 766 137
1 3600 276
37
596 547 335 332 999 996 1184 1115 1116 845 840 1035 1003 163 158 315 255 252 260 984 925 926 821 816 948 313 310 749 355 352 301 304 503 500 1223 825 517
1 3600 78
4
92 535 435 432
1 3600 78
3
535 435 428
1 3600 78
7
145 148 548 401 398 564 53
1 3600 75
10
153 145 146 547 323 320 986 988 994 1014
1 3600 75
16
547 323 324 49 46 1200 1205 1117 1112 1118 397 394 373 374 414 203
1 3600 145
26
892 895 605 602 613 616 609 610 193 188 1095 1092 675 672 221 179 180 1076 849 209 210 121 124 267 262 921
1 3600 276
31
897 895 889 890 601 598 1070 625 591 586 79 74 94 296 610 393 394 900 1011 1007 1008 1195 1177 259 247 242 931 928 947 950 349
1 3600 276
22
605 606 1120 869 870 1074 1145 1146 1153 1097 143 140 156 771 774 787 790 810 627 630 1224 1226
1 3600 276
17
417 420 548 401 398 566 55 50 986 988 992 998 441 436 444 544 1106
1 3600 276
14
1120 1140 613 616 609 610 393 396 1119 1113 1116 845 842 1072
1 3600 276
24
623 620 591 586 79 74 96 609 610 193 188 1175 1172 973 968 1004 315 316 1199 945 937 934 539 536
1 3600 276
33
898 547 335 330 1214 999 1000 49 46 1200 1205 845 840 1049 1037 425 422 315 255 252 260 984 925 926 821 816 948 1044 1046 661 411 408 1234
1 3600 52
9
75 78 587 590 621 463 453 450 458
1 3600 70
9
98 595 592 977 978 1052 725 561 556
1 3600 70
9
192 611 297 294 579 582 592 977 61
1 3600 70
7
575 231 228 741 738 727 561
1 3600 41
15
188 1183 1180 491 484 473 474 482 405 201 198 494 387 382 39
1 3600 276
11
870 1074 1145 1146 491 486 1168 215 216 103 104
1 3600 276
20
1012 203 173 170 224 187 182 908 667 664 729 730 952 1135 129 130 759 754 1089 1084
1 3600 77
15
594 99 94 296 610 393 381 376 427 403 400 549 421 63 64
1 3600 77
7
868 1142 1071 599 596 147 144
1 3600 77
5
615 612 603 604 894
1 3600 77
6
871 868 1121 1069 599 596
1 3600 77
3
149 144 150
1 3600 77
14
647 642 1066 229 230 574 463 453 450 458 883 879 875 872
1 3600 45
7
1211 1091 1094 189 192 611 297
1 3600 76
5
579 584 838 645 635
1 3600 76
6
580 974 639 632 640 215
1 3600 76
6
193 188 1183 1180 1153 1097
1 3600 76
11
838 974 747 489 486 1151 1097 671 669 664 729
1 3600 76
9
228 1067 643 635 636 649 477 213 216
1 3600 115
18
98 595 583 584 647 635 632 640 1061 1062 1166 1217 963 959 809 806 763 760
1 3600 276
29
609 610 193 188 1095 1092 675 83 80 86 222 696 165 115 116 210 931 275 270 947 950 349 346 279 276 714 1207 627 630
1 3600 61
11
589 590 624 1071 599 600 898 547 533 435 430
1 3600 77
11
583 578 295 296 610 393 396 905 239 240 163
1 3600 77
13
581 578 1146 1181 1182 1175 1172 973 365 362 1011 235 236
1 3600 77
12
594 99 94 296 610 393 396 1187 1188 1196 1201 47
1 3600 77
6
295 296 610 393 381 376
1 3600 77
16
591 586 79 76 616 609 610 193 188 1095 1092 973 970 205 202 415
1 3600 39
9
610 193 188 1175 1172 675 83 80 88
1 3600 162
11
611 297 294 1146 1153 1097 143 140 156 771 772
1 3600 276
31
548 401 402 426 377 378 390 375 361 364 968 1008 329 113 108 175 167 115 116 206 572 928 819 816 948 1044 1046 1193 749 9 2
1 3600 276
12
230 574 622 599 596 547 335 332 441 436 444 544
1 3600 276
10
393 396 1119 1113 1114 1185 997 1000 49 44
1 3600 276
14
193 188 1095 1092 973 968 1008 1195 257 250 943 941 539 536
1 3600 276
21
98 1145 1146 1153 1097 671 307 308 769 764 785 713 710 831 525 522 777 778 796 1158 1234
1 3600 197
20
1213 139 142 1098 1063 1064 217 212 476 648 657 67 68 702 27 21 24 686 515 512
1 3600 56
6
657 658 1056 1059 57 58
1 3600 53
13
1183 1180 491 484 473 476 650 654 709 706 718 723 720
1 3600 53
14
668 670 1096 1150 1168 215 218 407 201 198 494 1019 911 912
1 3600 53
12
1183 1180 491 484 473 474 480 654 709 706 718 1126
1 3600 84
9
1098 135 136 963 964 759 754 1089 1082
1 3600 276
9
1166 1231 1135 129 130 759 754 1089 1084
1 3600 110
16
1212 665 666 909 183 186 225 89 81 84 172 202 1013 549 421 418
1 3600 62
4
1168 641 633 634
1 3600 62
5
1180 1147 1144 1075 79
1 3600 62
8
1149 1152 1147 1144 1075 587 590 621
1 3600 62
8
668 670 1096 1152 1181 1182 189 192
1 3600 62
11
668 670 1096 1152 1147 295 95 96 617 612 1141
1 3600 46
6
217 212 472 485 490 1181
1 3600 55
11
1153 1097 143 138 1212 729 732 764 785 782 798
1 3600 55
3
729 732 764
1 3600 55
9
1097 671 307 308 771 774 787 790 805
1 3600 55
7
141 142 1098 1063 1064 103 100
1 3600 173
15
308 771 772 279 280 282 743 359 299 302 499 496 1133 833 834
1 3600 230
25
665 666 909 569 207 117 114 166 174 178 220 111 112 328 1009 1006 1010 907 904 1187 1017 995 989 987 321
1 3600 38
21
1099 671 669 666 909 183 186 225 89 81 82 674 973 365 360 374 391 371 368 376 565
1 3600 50
9
1062 135 132 731 728 665 666 909 183
1 3600 50
10
1096 1152 1181 1182 1175 1172 675 672 111 112
1 3600 50
15
214 1169 487 490 1181 1182 1095 1092 973 968 1004 315 316 1199 933
1 3600 45
7
1213 155 156 771 343 338 469
1 3600 184
13
156 771 343 340 345 348 469 466 829 525 522 777 780
1 3600 276
25
669 666 909 569 572 930 243 246 253 254 318 424 1034 841 844 1117 1114 1185 997 998 1215 1111 543 544 1104
1 3600 276
18
747 489 490 1181 1182 1175 1172 675 672 111 106 1176 257 250 943 937 934 938
1 3600 276
17
127 130 957 954 793 786 775 343 338 951 817 820 927 924 985 541 536
1 3600 276
17
640 1061 127 128 961 959 809 802 1224 1226 501 502 504 917 413 408 1232
1 3600 276
13
980 1138 735 195 196 71 68 702 15 10 18 684 681
1 3600 212
16
766 1216 1167 1063 1060 641 633 636 657 67 68 702 27 21 24 686
1 3600 44
11
801 789 792 955 956 131 126 1064 1163 735 736
1 3600 70
5
129 130 759 754 1089
1 3600 70
11
762 814 956 131 126 1064 1163 735 736 1078 1102
1 3600 153
11
952 1135 961 959 955 815 763 760 980 1089 1084
1 3600 276
25
804 801 798 715 277 278 351 345 348 951 946 929 930 211 117 118 1077 697 227 171 172 202 1013 549 421
1 3600 106
17
807 808 958 960 1134 1230 1167 1063 1060 641 633 634 642 1066 229 232 590
1 3600 66
4
731 728 1213 139
1 3600 66
4
786 765 768 309
1 3600 66
6
801 783 784 765 768 309
1 3600 66
4
101 102 1065 1062
1 3600 66
6
715 277 278 773 770 157
1 3600 50
9
101 102 1065 127 130 957 815 763 760
1 3600 62
5
130 957 815 812 1032
1 3600 62
5
802 1033 1030 1218 825
1 3600 62
12
1217 767 764 787 788 800 810 1051 499 500 1223 1131
1 3600 276
34
982 521 516 824 1222 501 502 506 357 354 748 311 312 949 946 271 272 263 268 245 246 253 254 314 159 162 241 238 904 1187 1017 991 987 321
1 3600 138
32
761 762 807 804 801 783 713 710 283 284 828 467 470 1192 1047 1045 949 817 818 929 573 207 208 848 1077 181 109 112 328 1009 1004 159
1 3600 41
13
733 728 665 666 909 183 184 848 1077 181 109 112 328
1 3600 58
4
959 793 788 783
1 3600 58
12
1230 1217 767 764 775 772 347 348 469 470 1192 1047
1 3600 58
4
1217 767 764 775
1 3600 51
10
800 810 1051 303 298 358 744 527 522 1154
1 3600 276
36
954 793 786 775 343 338 951 946 271 272 263 268 245 246 253 250 966 317 314 423 424 1036 1048 841 844 1204 1201 47 48 1001 998 441 436 444 544 1106
1 3600 276
21
762 812 1032 631 628 303 298 3 8 748 311 312 949 817 820 927 924 985 541 538 938
1 3600 276
15
715 277 278 347 348 951 817 818 929 930 243 248 985 541 538
1 3600 276
18
101 102 1065 1062 1166 1217 963 959 809 802 1224 1221 1218 1131 1132 1125 917 914
1 3600 276
25
516 824 1219 1220 1225 803 808 958 962 137 134 1099 1096 1150 487 488 746 975 645 642 1066 741 449 450 458
1 3600 276
13
1031 813 814 956 131 126 1060 215 212 476 648 657 658
1 3600 197
11
1137 519 520 983 980 1138 1164 479 480 654 709
1 3600 102
5
1027 983 980 1089 1082
1 3600 77
7
803 806 763 757 754 1089 1084
1 3600 276
32
837 832 1132 1125 917 781 776 1156 1043 1040 1045 949 946 271 274 930 211 117 114 164 697 223 220 673 674 973 970 205 202 1013 549 149
1 3600 276
19
835 832 1132 497 498 1050 1206 715 712 784 765 768 157 141 142 1096 1152 1147 1144
1 3600 138
13
520 1026 1032 631 626 811 791 786 765 733 728 665 668
1 3600 67
5
1219 1220 1225 803 808
1 3600 67
13
823 824 1222 501 498 629 626 1206 799 789 792 958 962
1 3600 67
8
824 1219 1031 813 814 954 958 960
1 3600 67
7
1130 1222 1227 1225 631 626 1206
1 3600 89
3
521 518 835
1 3600 276
40
837 832 1132 497 502 305 298 358 742 831 828 467 468 951 817 818 929 573 207 117 114 166 174 109 112 328 1009 1006 1010 907 902 841 844 1204 1197 1185 997 998 441 436
1 3600 276
28
1132 1125 917 781 778 794 1039 1040 1045 949 817 820 927 920 263 268 245 246 253 254 318 424 1034 841 844 1204 1201 47
1 3600 184
20
1129 1130 1222 501 502 506 357 354 748 311 312 949 946 271 272 263 268 245 246 258
1 3600 55
13
823 824 1222 501 502 305 300 5 6 527 524 828 467
1 3600 52
8
832 1132 1125 505 506 357 352 5
1 3600 52
6
1129 1132 497 498 303 298
1 3600 276
35
631 626 811 801 783 784 775 770 309 306 669 666 909 183 186 225 89 81 82 674 973 365 362 901 395 396 1187 1017 995 992 998 1215 1111 543 544
1 3600 276
33
1032 631 626 1206 715 277 278 351 341 338 951 817 820 927 924 985 261 258 1176 1194 1009 1006 235 238 904 1187 1188 1185 997 998 1215 1111 1108
1 3600 276
18
827 824 1222 501 502 305 300 353 354 748 1192 1047 1045 949 817 820 927 922
1 3600 276
8
827 822 832 1132 1125 917 413 408
1 3600 212
10
50 321 322 546 899 891 881 879 857 860
1 3600 276
19
990 1016 1186 397 392 611 608 97 98 595 592 977 61 56 725 701 702 27 21
1 3600 276
30
431 432 440 999 996 1184 1189 1186 905 906 363 364 972 1093 1094 1183 1180 491 484 473 474 482 405 201 198 494 387 382 39 42
1 3600 276
26
431 432 440 999 996 1184 1115 1116 845 840 903 906 363 364 972 1173 1174 1183 1180 491 486 1168 215 216 103 104
1 3600 276
28
51 52 377 369 370 388 203 173 170 226 696 1076 849 185 182 908 667 664 729 730 133 136 963 964 759 754 1089 1086
1 3600 67
7
322 533 534 93 65 62 416
1 3600 67
10
443 437 440 333 334 546 597 598 1068 607
1 3600 67
13
332 999 993 989 987 51 54 567 399 400 549 421 418
1 3600 51
12
429 432 440 999 996 1015 1016 1186 397 392 611 297
1 3600 197
21
52 377 380 394 900 1011 1007 1008 329 113 108 180 1076 849 209 206 568 908 667 664 729
1 3600 276
30
432 440 999 1000 49 46 1200 1205 845 840 1035 425 319 255 252 247 244 269 262 273 270 947 950 349 344 350 279 276 712 782
1 3600 276
32
988 994 1016 1186 905 239 240 163 158 315 255 256 1177 259 260 984 925 926 821 816 948 1044 1041 1038 1161 915 916 1124 1133 833 836 1137
1 3600 70
5
992 998 441 433 428
1 3600 72
8
330 1214 999 993 989 987 51 52
1 3600 72
11
986 990 1014 1184 1115 1116 845 840 1049 1037 1003
1 3600 72
19
542 1110 1214 999 1000 49 46 1200 1197 1115 1112 1118 397 394 373 374 414 203 204
1 3600 72
12
429 434 532 323 324 49 46 1200 1205 845 840 1035
1 3600 72
13
532 323 320 986 988 994 1016 1186 905 239 240 1002 425
1 3600 72
8
534 93 65 62 420 548 1012 203
1 3600 106
19
320 51 54 567 564 377 369 366 361 364 968 1008 1195 1177 259 247 244 269 262
1 3600 276
32
531 532 335 332 999 996 1184 1196 1205 845 840 1049 237 234 1007 1008 329 113 110 221 179 175 167 115 116 210 931 275 270 947 948 313
1 3600 276
25
990 1016 1186 905 239 240 1002 425 319 255 252 247 242 931 928 819 816 950 469 466 829 830 743 359 299
1 3600 184
4
432 436 444 544
1 3600 276
4
992 1000 49 44
1 3600 276
18
323 324 49 46 1200 1205 845 840 1049 1037 425 422 315 316 1199 945 941 539
1 3600 276
32
332 999 996 1184 1115 1116 845 840 1035 1003 163 158 315 316 1199 933 934 539 540 984 925 926 821 816 948 1044 1041 1042 663 411 408 1234
1 3600 230
9
400 549 149 146 899 891 881 865 862
1 3600 184
12
392 611 608 97 75 78 587 588 741 738 59 56
1 3600 184
16
845 840 903 906 363 364 972 1093 1094 1183 1180 491 484 473 474 478
1 3600 276
27
161 158 1005 969 972 1173 1174 1183 1180 491 484 473 476 650 481 482 405 201 198 494 387 382 39 42 31 32 554
1 3600 276
23
378 388 203 173 85 80 88 224 187 182 908 667 664 729 730 952 1135 961 964 759 754 1089 1086
1 3600 84
15
843 844 1117 1114 1185 1015 991 987 51 54 567 399 400 549 421
1 3600 84
10
1110 331 334 546 597 600 891 888 894 896
1 3600 120
9
237 234 1010 901 395 392 611 608 97
1 3600 120
12
203 204 971 972 1093 1094 189 192 611 608 617 612
1 3600 120
10
564 377 380 392 611 608 617 614 868 1142
1 3600 120
8
422 1005 969 972 1173 1174 189 190
1 3600 120
8
1197 1189 1186 397 392 611 297 294
1 3600 120
6
333 334 546 597 465 462
1 3600 120
6
398 564 377 380 392 611
1 3600 84
9
204 971 972 1093 1094 1183 1180 491 484
1 3600 84
14
319 255 256 1177 107 108 180 1076 119 116 206 568 908 667
1 3600 162
39
999 996 1184 1115 1112 1118 905 906 1011 1007 1008 329 113 110 221 222 696 1076 849 209 210 121 124 267 262 273 270 947 950 339 342 774 785 782 800 805 806 763 757
1 3600 276
25
240 1002 425 319 255 252 247 244 269 262 273 270 947 950 349 346 279 276 714 1207 627 630 1033 1027 1028
1 3600 124
10
841 844 1204 1201 47 48 1001 998 441 438
1 3600 124
11
841 844 1204 1201 47 48 1001 998 441 436 442
1 3600 124
7
162 241 238 904 1187 1017 995
1 3600 124
10
396 1119 1113 1114 1185 997 998 1215 1111 543
1 3600 124
8
904 1187 1188 1196 1201 47 48 325
1 3600 124
3
999 1000 325
1 3600 124
15
161 162 1002 1036 1048 841 844 1117 1114 1185 997 998 441 433 430
1 3600 124
5
381 376 53 50 321
1 3600 102
8
398 566 55 50 986 988 992 998
1 3600 102
3
235 240 1002
1 3600 102
8
1000 49 46 1200 1205 845 840 1049
1 3600 120
14
1011 1007 1008 329 113 108 175 167 115 116 210 121 122 1122
1 3600 120
3
364 968 1004
1 3600 120
7
205 173 170 226 696 165 168
1 3600 120
16
1200 1197 1189 1186 397 394 900 1011 1007 1008 329 113 108 180 1076 849
1 3600 120
8
843 840 1035 1003 163 158 315 316
1 3600 120
13
1186 905 239 240 1002 425 319 255 252 260 984 249 242
1 3600 120
9
1007 1008 329 113 110 221 179 175 176
1 3600 120
17
1197 1115 1112 1118 397 394 373 361 364 972 675 83 80 88 224 187 184
1 3600 120
10
370 390 414 203 173 85 80 86 179 175
1 3600 120
3
203 173 85
1 3600 120
22
1110 1214 999 993 989 987 51 52 377 369 366 361 364 972 675 83 80 86 222 696 165 115
1 3600 120
13
1186 905 239 234 1007 1008 1195 1177 259 247 244 123 124
1 3600 95
27
1214 999 996 1184 1115 1116 845 840 1049 1037 425 422 315 316 1199 945 941 539 540 984 925 926 821 816 950 349 346
1 3600 276
20
840 1035 1003 163 158 315 255 252 247 242 931 928 819 816 948 313 310 749 9 2
1 3600 276
6
997 998 1215 1111 543 544
1 3600 98
5
1200 1205 845 842 1072
1 3600 173
15
993 994 1016 1186 905 239 240 1002 425 319 316 967 943 937 934
1 3600 276
28
1214 999 993 989 987 51 52 377 378 388 203 173 170 224 846 119 116 206 572 928 947 948 1044 1041 1038 795 796 1158
1 3600 276
22
936 942 251 256 1177 107 110 673 674 1173 1174 189 192 611 608 617 612 603 604 889 881 882
1 3600 251
22
118 1077 697 223 87 81 82 674 1093 1094 1183 1180 491 488 746 639 636 657 67 72 1059 725
1 3600 138
17
1198 317 314 1005 969 972 1173 1174 1183 1180 491 486 1168 215 218 407 201
1 3600 276
18
267 262 273 274 573 568 908 667 668 670 1098 1063 1064 1163 735 736 1078 1102
1 3600 276
20
107 108 180 1076 847 187 182 908 667 668 307 308 769 766 963 964 759 754 1089 1086
1 3600 162
24
125 120 211 117 114 166 174 178 220 673 674 1093 1094 189 192 611 297 95 75 76 614 868 1121 1069
1 3600 125
15
181 178 87 81 82 674 1173 1174 189 192 611 297 95 75 78
1 3600 125
8
1093 1094 189 192 611 608 617 77
1 3600 125
16
932 1198 317 314 1005 1006 1010 901 395 392 611 608 617 614 868 1142
1 3600 145
7
1005 969 972 1173 1174 1183 1180
1 3600 145
5
1174 1183 1180 491 484
1 3600 145
5
571 568 908 667 664
1 3600 145
19
125 120 211 208 848 1077 697 223 220 673 674 1093 1094 1183 1180 491 488 746 639
1 3600 145
18
251 256 1194 329 113 110 221 222 696 1076 847 187 182 908 667 664 1213 139
1 3600 145
16
263 266 125 120 211 208 185 186 225 171 85 82 674 1173 1174 1183
1 3600 145
13
1123 269 262 273 274 573 568 908 667 668 670 1096 1148
1 3600 145
7
1194 1009 969 972 1093 1094 1183
1 3600 138
14
88 224 187 182 908 667 664 729 730 133 134 1063 1064 103
1 3600 138
17
210 931 275 270 819 816 950 339 342 770 769 766 1216 1167 1063 1064 103
1 3600 138
14
179 175 167 115 116 206 568 908 667 664 729 730 952 1230
1 3600 251
17
242 931 928 947 948 1044 1046 1193 749 355 356 507 503 500 1223 825 826
1 3600 138
15
174 109 112 328 1009 969 365 360 367 368 376 53 50 321 322
1 3600 146
9
183 186 225 89 81 82 674 973 365
1 3600 146
7
256 1194 1009 969 365 360 367
1 3600 146
14
111 112 328 1009 1006 1010 907 904 1187 1017 1014 997 998 1215
1 3600 146
10
207 117 114 166 174 109 112 328 1009 1006
1 3600 146
5
171 172 202 415 375
1 3600 146
12
848 1077 697 227 171 172 202 389 379 376 565 566
1 3600 146
7
1176 1194 1009 969 970 205 202
1 3600 146
12
927 924 985 261 253 254 318 424 1034 841 844 1117
1 3600 146
16
186 225 171 172 202 415 391 379 376 53 50 986 988 992 998 1215
1 3600 146
8
1194 1009 1006 1010 901 395 381 376
1 3600 146
9
423 424 1036 1048 841 844 1204 1201 47
1 3600 146
6
1092 973 365 360 372 395
1 3600 146
9
107 112 328 1009 969 365 360 367 368
1 3600 146
7
223 87 81 84 172 202 389
1 3600 146
11
122 245 246 253 254 314 159 162 241 238 902
1 3600 147
11
571 207 117 114 164 181 178 220 673 674 1173
1 3600 147
6
848 1077 181 109 106 259
1 3600 147
8
166 174 109 106 1176 257 254 314
1 3600 147
7
930 243 246 258 107 112 328
1 3600 139
18
1008 1195 1177 259 260 984 925 926 821 816 948 1044 1046 661 662 1157 523 526
1 3600 139
12
259 247 244 269 262 273 270 947 948 1044 1041 1042
1 3600 139
12
945 941 539 540 984 925 926 821 816 950 469 466
1 3600 139
12
925 926 821 816 948 313 310 471 466 829 525 526
1 3600 139
6
262 273 274 573 568 908
1 3600 139
14
967 251 252 247 242 931 928 947 950 349 344 350 279 276
1 3600 139
10
255 252 247 244 269 262 273 270 947 948
1 3600 139
15
113 108 180 1076 849 209 206 572 275 270 819 816 950 339 342
1 3600 139
9
251 252 260 984 925 926 821 816 950
1 3600 139
6
265 262 273 270 947 950
1 3600 139
12
179 175 167 115 116 210 931 928 947 948 1044 1041
1 3600 139
9
327 113 108 180 1076 847 187 182 908
1 3600 110
13
184 209 206 572 928 819 816 948 1044 1046 1193 749 355
1 3600 276
22
1077 697 227 89 81 82 674 973 365 362 907 904 1119 1113 1114 1185 997 998 441 436 444 544
1 3600 251
19
1123 245 248 985 541 538 940 944 1198 317 318 424 1034 841 844 1204 1201 47 44
1 3600 145
9
1172 973 968 1004 315 316 1199 933 934
1 3600 145
6
315 255 250 943 941 539
1 3600 276
22
1091 1092 675 672 221 222 696 165 115 116 210 931 275 270 947 948 1044 1046 661 411 408 1234
1 3600 276
23
350 773 770 157 141 142 1096 1150 487 488 746 639 636 657 67 68 702 15 10 18 684 688 750
1 3600 276
18
276 714 799 789 792 955 956 131 126 1064 217 218 479 480 652 658 1055 1052
1 3600 197
15
819 816 950 339 342 774 765 766 1216 1167 1063 1060 215 218 407
1 3600 276
15
816 950 349 346 773 774 787 790 805 806 763 760 980 1089 1082
1 3600 276
12
342 774 785 782 800 805 806 763 760 980 1089 1084
1 3600 276
20
524 828 467 468 951 946 929 930 211 208 185 186 225 171 172 202 1013 549 421 418
1 3600 162
19
711 712 784 765 733 728 665 666 909 183 186 225 89 81 84 172 202 1013 619
1 3600 45
7
667 668 670 1096 1150 487 488
1 3600 81
4
811 791 792 955
1 3600 81
11
829 285 282 711 714 799 800 805 806 763 757
1 3600 81
7
950 349 346 773 774 787 792
1 3600 81
6
337 342 770 769 766 1216
1 3600 70
11
310 749 9 4 301 304 503 496 1133 833 836
1 3600 276
22
467 468 951 946 271 272 263 268 245 246 253 254 314 159 162 241 238 904 1187 1017 991 987
1 3600 86
19
820 927 924 985 541 538 935 932 1198 317 318 424 1036 1048 841 844 1117 1114 1185
1 3600 87
12
949 946 929 930 211 117 114 166 174 109 112 328
1 3600 87
11
949 817 818 271 272 263 268 245 246 253 250
1 3600 87
12
278 773 770 157 154 139 142 1096 1152 1181 1182 1095
1 3600 87
14
337 338 951 946 929 573 207 117 118 1077 697 223 87 81
1 3600 87
8
312 949 817 818 271 274 573 568
1 3600 87
9
345 348 951 946 271 272 263 266 125
1 3600 87
16
811 791 786 765 733 728 665 666 909 183 186 846 1077 181 178 220
1 3600 87
9
713 277 278 347 348 951 817 818 929
1 3600 89
4
713 710 743 744
1 3600 89
5
948 313 310 471 466
1 3600 82
10
469 466 829 830 743 359 299 304 504 1124
1 3600 82
6
282 743 359 299 302 499
1 3600 82
4
280 282 743 359
1 3600 82
8
282 743 744 7 4 353 356 528
1 3600 82
11
1044 1041 1042 1157 777 780 916 505 503 500 1228
1 3600 82
7
526 7 4 301 302 499 500
1 3600 276
30
470 1192 1047 1045 949 817 820 927 924 985 261 253 254 314 423 424 1034 841 844 1204 1201 47 48 1001 998 441 436 444 544 1106
1 3600 276
19
773 770 157 141 142 1096 1152 1181 1182 1175 1172 973 365 362 907 902 841 842 1072
1 3600 184
6
820 927 924 985 541 538
1 3600 212
6
280 284 525 522 1154 1161
1 3600 276
19
1227 1221 1031 813 814 956 131 126 1060 641 633 634 642 1066 741 461 453 450 456
1 3600 276
23
412 781 776 523 524 285 281 276 712 784 765 766 137 134 1063 1064 217 212 476 648 657 658 1055
1 3600 276
10
1191 1133 833 834 519 520 983 980 1138 735
1 3600 276
16
523 526 745 742 711 712 782 789 792 958 960 129 126 1064 103 104
1 3600 276
15
1155 523 526 7 2 299 302 629 630 1033 1027 983 980 1089 1086
1 3600 276
22
630 803 808 958 962 137 134 1099 1096 1152 1181 1182 1095 1092 973 970 205 202 1013 549 421 418
1 3600 276
13
1227 1221 1031 813 814 956 131 126 1060 641 633 634 642
1 3600 173
16
507 503 500 1227 1225 803 808 958 960 1134 1230 1167 1063 1064 217 212
1 3600 102
10
305 298 358 742 711 712 784 765 766 137
1 3600 102
6
302 1050 1206 799 789 786
1 3600 94
4
1229 1223 825 822
1 3600 94
8
780 916 1124 1133 833 834 519 520
1 3600 94
8
777 780 916 505 503 500 1223 1219
1 3600 276
28
1125 917 914 1160 1039 1040 1045 949 946 929 930 243 246 253 254 314 159 162 241 238 904 1187 1017 995 992 998 441 438
1 3600 276
33
303 298 358 742 283 281 278 773 770 309 306 669 666 909 569 207 117 114 166 174 109 112 328 1009 1006 1010 901 395 396 1187 1188 1185 997
1 3600 95
15
502 506 357 354 748 311 312 949 946 271 274 930 211 208 848
1 3600 103
4
1155 523 526 745
1 3600 103
3
523 524 828
1 3600 103
4
523 524 285 281
1 3600 103
4
1039 1040 1045 949
1 3600 103
8
3 6 527 522 1156 663 660 1047
1 3600 103
11
1226 501 498 303 300 5 6 527 522 1156 1043
1 3600 103
7
1229 501 498 303 298 358 744
1 3600 103
9
1225 631 628 303 298 358 742 831 828
1 3600 104
6
412 916 505 503 500 1227
1 3600 104
3
506 357 354
1 3600 276
32
413 410 660 1047 1045 949 817 818 271 272 263 268 245 246 253 254 318 424 1036 1048 841 844 1204 1201 47 48 1001 998 1215 1111 543 544
1 3600 276
24
778 794 1039 1040 1045 949 817 820 927 924 985 541 538 940 942 966 317 314 423 424 1034 841 842 1072
1 3600 276
13
794 1039 1040 1045 949 946 929 930 243 248 985 541 538
1 3600 91
6
499 502 504 917 914 1158
1 3600 276
12
1105 545 445 437 433 434 532 546 899 891 886 877
1 3600 276
14
1105 545 542 1110 331 334 546 899 455 448 738 59 56 1058
1 3600 276
14
1107 545 445 437 440 333 334 546 597 465 460 738 727 701
1 3600 276
21
1107 545 445 437 433 434 532 546 899 455 448 738 727 701 698 706 716 385 382 39 40
1 3600 276
28
1107 545 445 437 440 999 996 1184 1189 1186 397 392 611 297 294 579 584 647 635 636 649 650 481 478 1165 1139 1089 1086
1 3600 276
10
1105 545 542 1110 331 334 546 597 600 891
1 3600 276
11
1107 545 445 437 433 434 532 546 597 598 1070
1 3600 276
25
1107 545 445 437 440 999 996 1015 1016 1186 397 394 900 363 364 972 675 83 80 88 224 187 182 908 667
1 3600 276
27
1107 545 542 1110 1214 999 1000 49 46 1200 1205 845 840 903 906 363 364 972 1093 1094 1183 1180 1153 1097 1098 135 136
1 3600 276
32
1107 545 445 437 440 999 996 1184 1115 1112 1118 397 392 611 297 294 579 580 974 639 632 640 1061 127 130 957 815 812 1030 1218 1131 1128
1 3600 69
5
1105 545 445 437 438
1 3600 98
11
545 542 1110 1214 999 993 994 1016 1186 905 906
1 3600 276
23
545 445 437 440 999 993 989 987 51 54 567 399 400 1012 203 173 170 226 696 1076 119 116 210
1 3600 276
28
1107 545 542 1110 1214 999 1000 49 46 1200 1205 845 840 1049 237 234 1007 1008 329 113 108 175 167 115 116 206 572 928
1 3600 276
32
1105 545 445 437 440 999 1000 49 46 1200 1205 845 840 1049 1037 425 319 255 252 260 984 925 926 821 816 948 1044 1046 1193 749 355 352
1 3600 197
3
545 542 1108
1 3600 276
22
1105 545 445 437 440 999 996 1184 1189 1186 905 239 240 163 158 315 316 1199 933 934 539 536
1 3600 276
34
1107 545 445 437 440 999 993 989 987 51 52 377 378 390 414 203 173 170 224 187 184 209 210 931 275 270 947 948 1044 1041 1038 795 796 1158
1 3600 276
11
45 48 325 322 546 899 455 450 456 866 918
1 3600 276
14
1109 1110 331 334 546 899 455 450 456 509 514 687 19 16
1 3600 276
26
939 935 936 944 1198 317 314 1005 969 972 1173 1174 189 192 611 297 95 98 595 592 977 978 1054 1056 73 68
1 3600 276
17
1109 1110 331 334 546 597 465 460 738 727 701 698 704 722 293 31 32
1 3600 276
25
45 46 1200 1197 1115 1112 1118 397 392 611 297 294 579 580 645 635 636 649 477 474 478 1165 1139 1089 1084
1 3600 276
12
1073 843 844 1204 1201 47 48 325 322 546 597 465
1 3600 276
11
1109 1110 1214 333 334 546 899 601 598 623 620
1 3600 276
20
1073 843 840 903 906 363 364 972 675 83 80 88 224 187 182 908 667 664 1213 155
1 3600 276
20
939 539 540 984 249 244 269 262 273 270 947 950 349 344 350 279 276 714 799 800
1 3600 276
39
1109 1110 1214 999 996 1015 1016 1186 397 394 900 1011 1007 1008 329 113 110 221 222 696 1076 849 185 182 908 667 664 729 732 764 787 788 798 1207 627 630 1033 1030 1218
1 3600 138
7
45 48 1001 998 441 436 442
1 3600 35
5
45 48 1001 998 1215
1 3600 89
9
1073 843 840 1035 425 422 315 255 256
1 3600 276
24
45 46 1200 1197 1189 1186 397 394 373 361 364 972 1093 1094 1183 1180 1153 1097 143 140 156 771 772 279
1 3600 276
18
939 539 540 984 925 926 821 816 948 313 310 749 355 356 507 503 496 1190
1 3600 230
13
1073 843 844 1117 1114 1185 997 998 441 436 444 544 1104
1 3600 276
7
1073 843 844 1204 1201 47 44
1 3600 115
13
1073 843 840 1049 1037 1003 163 158 315 316 1199 945 941
1 3600 276
27
1109 1110 1214 999 996 1184 1115 1116 845 840 1035 425 319 255 252 247 242 931 928 947 948 1044 1046 661 411 408 1232
1 3600 276
32
923 920 263 266 125 120 211 117 114 164 697 223 220 673 674 1173 1174 189 192 611 608 97 75 78 587 590 577 574 463 453 450 458
1 3600 276
24
923 920 273 274 573 568 908 667 668 670 1096 1150 1168 215 218 479 480 654 71 72 1059 725 561 556
1 3600 276
22
940 942 251 256 1177 107 110 673 674 1093 1094 1183 1180 491 484 473 476 650 654 709 699 702
1 3600 276
14
923 926 821 816 950 339 342 774 787 792 955 956 759 754
1 3600 276
21
537 540 261 258 107 110 673 674 1173 1174 1183 1180 491 486 1168 215 218 1165 1139 1089 1084
1 3600 276
18
923 920 263 268 123 120 211 117 118 1077 697 227 171 172 202 1013 549 149
1 3600 276
18
538 935 932 1198 317 314 1005 1006 1010 901 395 392 611 297 95 98 1075 587
1 3600 276
9
923 920 273 274 573 568 908 667 668
1 3600 276
15
923 920 273 274 573 568 908 667 668 670 1098 1063 1064 103 100
1 3600 276
21
537 540 984 925 926 821 816 950 349 346 279 276 714 1207 627 630 1224 1221 1218 825 826
1 3600 276
19
537 538 935 936 944 1198 317 314 159 162 241 238 904 1187 1017 1014 997 998 441
1 3600 73
14
923 924 985 261 258 1176 1194 1009 1006 1010 901 395 396 1187
1 3600 32
6
539 540 984 249 242 211
1 3600 86
15
540 984 249 244 269 262 273 270 947 950 339 340 350 279 276
1 3600 276
12
540 984 925 926 821 816 948 1044 1041 1038 1161 915
1 3600 276
24
923 920 263 268 245 246 253 254 318 424 1003 241 238 904 1187 1017 995 992 998 1215 1111 543 544 1106
1 3600 138
6
923 924 985 541 538 938
1 3600 276
5
923 924 985 541 536
1 3600 276
18
537 540 984 249 242 931 928 947 948 1044 1046 661 662 1157 1154 795 796 1158
1 3600 276
26
1233 409 410 660 1193 471 468 339 342 770 157 141 142 1096 1152 1147 1144 1075 871 868 1121 607 604 889 881 882
1 3600 276
27
797 779 776 523 524 830 711 712 784 765 766 1216 1167 1063 1064 1163 1164 407 404 483 480 652 658 1055 979 61 58
1 3600 276
13
915 916 1124 1133 833 823 517 520 983 980 1138 735 195
1 3600 276
17
1235 1159 915 916 1124 1133 1130 1219 1031 813 814 956 131 126 1064 103 104
1 3600 276
18
1233 1159 1160 1155 523 524 830 711 712 782 800 805 806 763 757 754 1089 1086
1 3600 276
29
1235 409 410 660 1047 1045 949 817 818 929 930 211 208 185 186 225 171 172 202 415 391 371 368 376 427 403 400 549 149
1 3600 276
24
1233 1159 797 779 776 523 524 285 281 278 773 770 157 154 139 142 1096 1152 1147 295 296 610 193 190
1 3600 276
12
1235 409 410 660 1193 471 468 339 342 770 157 141
1 3600 276
11
915 916 505 305 302 1050 811 805 808 958 962
1 3600 276
7
1235 409 412 916 1124 1133 1130
1 3600 276
29
1233 1159 1160 1039 1040 1045 949 946 929 573 207 208 848 1077 181 178 87 81 82 674 973 365 360 367 368 376 53 50 986
1 3600 276
23
1233 1159 797 794 1039 1040 1045 949 817 818 271 272 263 268 245 246 258 1176 1194 1009 969 970 205
1 3600 276
15
1233 409 412 781 776 1156 663 660 1047 1045 949 946 271 274 573
1 3600 91
9
1233 1159 1160 1155 523 524 285 281 278
1 3600 42
5
409 412 916 1124 497
1 3600 276
35
1159 797 794 1039 1040 1045 949 817 818 929 930 211 117 114 166 174 109 112 328 1009 1006 235 238 904 1119 1113 1114 1185 997 998 441 436 444 544 1106
1 3600 276
15
409 410 660 1193 471 468 951 817 820 927 924 985 541 538 938
1 3600 276
17
1233 1159 1160 1039 1040 1045 949 946 271 272 263 268 245 248 985 541 536
