305
36.827763 118.03943 1 1
36.83279 117.994385 2 1
36.833714 117.99025 3 1
36.83373 117.99005 4 1
36.834793 117.97573 5 1
36.834766 117.97542 6 1
36.83506 117.96359 7 1
36.83531 117.959076 8 1
36.83154 117.96325 9 1
36.84339 117.968025 10 0
36.842796 118.00767 11 0
36.84186 117.9679 12 0
36.841736 117.97195 13 1
36.834873 117.97122 14 1
36.83116 117.97089 15 1
36.83092 117.97087 16 1
36.82465 117.97044 17 1
36.824333 117.97041 18 0
36.81757 117.96992 19 1
36.820774 117.974144 20 1
36.820908 117.97018 21 1
36.82094 117.95783 22 1
36.824768 117.96134 23 0
36.820797 117.960915 24 1
36.81793 117.96074 25 1
36.825104 117.961365 26 1
36.83128 117.96322 27 1
36.828133 117.958565 28 0
36.82763 117.96215 29 1
36.834976 117.9673 30 0
36.826687 117.989334 31 1
36.8267 117.989136 32 1
36.829613 117.99407 33 1
36.826275 117.99387 34 1
36.82283 117.99351 35 1
36.815968 117.99254 36 1
36.819782 117.988075 37 1
36.81978 117.988266 38 1
36.80753 117.9567 39 0
36.793938 118.01865 40 0
36.793945 118.01835 41 0
36.828423 118.054924 42 0
36.83054 118.05416 43 1
36.83121 118.05018 44 0
36.795822 118.05247 45 0
36.794403 118.05612 46 0
36.815758 118.07227 47 0
36.816044 118.071556 48 0
36.80954 118.06279 49 0
36.81378 118.01972 50 0
36.802746 118.06635 51 1
36.831535 117.95822 52 0
36.83227 118.05462 53 1
36.83284 118.0506 54 1
36.8326 118.05224 55 1
36.825474 117.95575 56 0
36.820763 117.974396 57 1
36.820663 117.97568 58 0
36.812393 117.97363 59 1
36.80282 118.04496 60 0
36.7958 118.04384 61 0
36.809654 118.06223 62 1
36.79786 118.07095 63 0
36.811897 118.06897 64 1
36.80765 117.96868 65 0
36.838497 117.97638 66 0
36.838768 117.97558 67 0
36.833614 117.97818 68 1
36.830788 117.97792 69 1
36.831615 117.98691 70 0
36.830288 117.986755 71 1
36.829403 118.002426 72 1
36.83366 118.006485 73 1
36.84412 117.99548 74 0
36.82314 117.99357 75 1
36.83077 118.039566 76 0
36.80399 118.05775 77 1
36.800293 118.057106 78 1
36.8077 118.071724 79 0
36.83521 118.06655 80 0
36.83502 118.06652 81 0
36.844425 118.068184 82 0
36.831127 118.06302 83 1
36.831104 118.06321 84 1
36.82279 118.070435 85 0
36.822777 118.07215 86 0
36.84311 117.96043 87 0
36.793648 117.95887 88 0
36.839233 117.95691 89 0
36.800434 117.95506 90 0
36.800312 117.95798 91 1
36.805294 117.99271 92 0
36.794586 118.04735 93 0
36.8236083 117.985294 94 1
36.831165 117.9849348 95 1
36.834708 117.986305 96 1
36.837896 117.99483 97 1
36.8331185 117.998565 98 1
36.83564 117.9828167 99 1
36.834778 117.9768025 100 1
36.835245 117.979295 101 1
36.8329907 117.9802617 102 1
36.8306938 117.9795392 103 1
36.824186 117.97866 104 1
36.823862 117.978502 105 1
36.8168259 117.9777876 106 1
36.8023443 117.9644125 107 1
36.8079678 117.9648433 108 1
36.8122082 117.9653115 109 1
36.817658 117.9657984 110 1
36.824682 117.966558 111 1
36.8312255 117.9670638 112 1
36.8348025 117.967465 113 1
36.8388682 117.9677375 114 1
36.84199 117.96809 115 0
36.842829 118.007125 116 1
36.842821 118.0073825 117 1
36.8372065 118.013165 118 1
36.8416815 118.014458 119 1
36.8444592 117.9762485 120 1
36.841614 117.975988 121 1
36.8389335 117.9715775 122 1
36.838585 117.971535 123 1
36.8204785 117.96607 124 1
36.8269735 117.966655 125 1
36.82469 117.9663725 126 1
36.801324 117.972345 127 1
36.801276 117.97264 128 1
36.8259045 117.997945 129 1
36.8200253 117.98451 130 1
36.8190118 117.9929975 131 1
36.819252 117.997315 132 1
36.8250885 117.95825 133 1
36.8179615 117.9575387 134 1
36.825097 117.958064 135 1
36.807555 117.95723 136 1
36.831656 117.958515 137 1
36.817971 117.957341 138 1
36.8075375 117.957035 139 1
36.8392895 117.9594425 140 1
36.8392712 117.959169 141 0
36.803099 117.9576138 142 1
36.8132769 117.9847497 143 1
36.8379475 117.999055 144 1
36.8294784 117.9981267 145 1
36.8127115 117.9760073 146 1
36.8226854 117.9977634 147 1
36.8378397 117.9992417 148 1
36.8165683 117.9838928 149 1
36.8156673 117.9968268 150 1
36.8065804 117.9803832 151 1
36.8003315 117.97887 152 1
36.811581 117.9735585 153 1
36.8124927 117.95716 154 1
36.812486 117.9573567 155 1
36.8116018 117.9733012 156 1
36.8096238 118.0048025 157 1
36.8039822 118.004662 158 1
36.8290992 118.0064185 159 1
36.8040398 118.0043442 160 1
36.8291057 118.006165 161 1
36.8372227 118.0069875 162 1
36.7980558 118.0039417 163 1
36.814903 118.0051703 164 1
36.822137 118.0059313 165 1
36.8148825 118.005425 166 1
36.8372405 118.006735 167 1
36.809604 118.0050538 168 1
36.7980318 118.0042908 169 1
36.8221528 118.00568 170 1
36.8214203 118.019645 171 1
36.8138014 118.0192138 172 1
36.836806 118.0205525 173 1
36.8367004 118.0202398 174 1
36.808282 118.0190387 175 1
36.821404 118.0198787 176 1
36.828822 118.0202012 177 1
36.841664 118.02049 178 1
36.813794 118.01953 179 1
36.8288295 118.019969 180 1
36.808261 118.019266 181 1
36.8026175 118.0187715 182 1
36.8025942 118.0190162 183 1
36.8050537 118.0188833 184 1
36.8050417 118.0191283 185 1
36.7975263 118.0184817 186 1
36.7975115 118.0188297 187 1
36.808774 118.0145237 188 1
36.8141193 118.0146614 189 1
36.8048841 117.995525 190 1
36.8284478 118.026278 191 1
36.7987922 117.9947063 192 1
36.821058 118.02626 193 1
36.813794 118.02624 194 1
36.8075158 118.0308735 195 1
36.8137393 118.0309098 196 1
36.7968011 118.0313425 197 1
36.8429883 118.0311233 198 0
36.8014709 118.0308251 199 1
36.796534 118.029214 200 1
36.8281435 118.030981 201 1
36.7972245 118.0302875 202 0
36.8364196 118.03103 203 1
36.8429947 118.031002 204 0
36.8208156 118.0309415 205 1
36.80439 118.0308548 206 1
36.7972105 118.0304925 207 1
36.8277572 118.0381588 208 1
36.8204034 118.039116 209 0
36.8362877 118.0376833 210 1
36.8429397 118.0376 211 0
36.8358661 118.0513109 212 1
36.816816 118.0464018 213 1
36.8199401 118.0472063 214 1
36.8271894 118.0490755 215 1
36.8129737 118.0454132 216 1
36.7937713 118.0405283 217 0
36.7937923 118.0404033 218 0
36.803211 118.0428975 219 1
36.7955939 118.0408841 220 1
36.799953 118.042055 221 1
36.8044861 118.0544802 222 1
36.817899 118.0588355 223 1
36.7976299 118.0529059 224 1
36.800755 118.0536212 225 1
36.814306 118.057717 226 1
36.8108134 118.056605 227 1
36.835485 118.0643185 228 1
36.8246606 118.061322 229 1
36.8354915 118.064581 230 1
36.8247223 118.0611035 231 1
36.8444775 118.0672 232 1
36.8308107 117.975315 233 1
36.831623 117.9588625 234 1
36.8308265 117.9750613 235 1
36.83778 117.9988 236 0
36.83708 118.0064475 237 0
36.836607 118.02632 238 1
36.838095 117.999587 239 0
36.837374 118.007335 240 0
36.8370465 118.007335 241 0
36.8366657 118.019685 242 0
36.8369937 118.019668 243 0
36.793823 118.062162 244 0
36.8058657 117.9861575 245 1
36.8233052 117.988815 246 1
36.816272 117.987735 247 1
36.8381968 117.9904012 248 1
36.805881 117.9859625 249 1
36.8383755 117.99094 250 0
36.7996042 117.9853785 251 1
36.8162925 117.987535 252 1
36.829975 117.989635 253 1
36.82332 117.988616 254 1
36.7995672 117.9855687 255 1
36.8381093 117.9907535 256 1
36.8299593 117.98983 257 1
36.8386858 117.976129 258 1
36.8386509 117.975678 259 1
36.824274 117.97472 260 1
36.8242882 117.9744612 261 1
36.807274 117.97291 262 1
36.8173275 117.9740813 263 1
36.8173428 117.9738235 264 1
36.8072513 117.9731667 265 1
36.799544 118.04436 266 1
36.798804 118.047493 267 1
36.8172466 118.0635398 268 1
36.80529 118.049338 269 1
36.835664 118.052938 270 1
36.8356055 118.055475 271 1
36.803226 117.9578033 272 1
36.808308 117.9808854 273 1
36.815879 117.9774883 274 1
36.8239505 118.064911 275 1
36.81334 118.0620733 276 1
36.8033355 118.062075 277 1
36.7996425 118.063168 278 1
36.796341 118.0626633 279 1
36.7958123 118.067295 280 0
36.79833 118.0679055 281 1
36.816155 118.0702975 282 1
36.8118615 117.969345 283 1
36.8384314 117.9831375 284 1
36.838806 117.96375 285 0
36.8389215 117.959767 286 0
36.8382395 117.983505 287 0
36.838025 117.99009 288 0
36.837734 117.999503 289 0
36.8444588 117.9766537 290 1
36.843719 117.990715 291 0
36.843704 117.990937 292 0
36.8432488 117.9997662 293 1
36.8374425 118.0064075 294 0
36.8381445 117.998625 295 0
36.8383885 117.990005 296 0
36.838797 117.976435 297 0
36.839275 117.9597425 298 0
36.843449 117.9954475 299 1
36.7970465 118.056508 300 1
36.8068313 118.055262 301 1
36.8078775 118.04994 302 1
36.8061796 118.04366 303 1
36.8120345 118.05033 304 1
36.801962 118.048315 305 1
469
94 95 673.846859469738 16.67 3 3 2 3
1 0 0 0 1 0 0 0 1
1 0 0 0 1 0 0 0 1
94 254 370.3026689625514 16.67 3 3 4 5
1 0 0 0 1 0 0 0 1
1 0 0 0 1 0 0 0 1
94 130 330.6427510468625 16.67 3 3 6 7
1 0 0 0 1 0 0 0 1
1 0 0 0 1 0 0 0 1
94 104 739.5028003292101 16.67 3 3 8 9
1 0 0 0 1 0 0 0 1
1 0 0 0 1 0 0 0 1
95 103 601.4643622599701 16.67 3 3 10 11
1 0 0 0 1 0 0 0 1
1 0 0 0 1 0 0 0 1
95 96 350.2311892330036 16.67 3 3 12 13
1 0 0 0 1 0 0 0 1
1 0 0 0 1 0 0 0 1
95 71 216.9395406197618 16.67 3 3 14 15
1 0 0 0 1 0 0 0 1
1 0 0 0 1 0 0 0 1
96 99 396.6751520058088 16.67 3 3 16 17
1 0 0 0 1 0 0 0 1
1 0 0 0 1 0 0 0 1
96 4 425.45022279240834 16.67 3 3 18 19
1 0 0 0 1 0 0 0 1
1 0 0 0 1 0 0 0 1
97 2 457.1136434920248 16.67 3 3 20 21
1 0 0 0 1 0 0 0 1
1 0 0 0 1 0 0 0 1
97 256 453.71138964809626 16.67 3 3 22 23
1 0 0 0 1 0 0 0 1
1 0 0 0 1 0 0 0 1
97 236 441.59178519583924 16.67 3 3 24 25
1 0 0 0 1 0 0 0 1
1 0 0 0 1 0 0 0 1
98 2 465.74210418593924 16.67 3 3 26 27
1 0 0 0 1 0 0 0 1
1 0 0 0 1 0 0 0 1
98 144 433.2416694452786 16.67 3 3 28 29
1 0 0 0 1 0 0 0 1
1 0 0 0 1 0 0 0 1
98 145 327.6299902475683 16.67 3 3 30 31
1 0 0 0 1 0 0 0 1
1 0 0 0 1 0 0 0 1
98 148 426.89151843120294 16.67 3 3 32 33
1 0 0 0 1 0 0 0 1
1 0 0 0 1 0 0 0 1
99 284 250.98637927781752 16.67 3 3 34 35
1 0 0 0 1 0 0 0 1
1 0 0 0 1 0 0 0 1
99 101 393.1941112828933 16.67 3 3 36 37
1 0 0 0 1 0 0 0 1
1 0 0 0 1 0 0 0 1
100 5 119.2713871821434 16.67 3 3 38 39
1 0 0 0 1 0 0 0 1
1 0 0 0 1 0 0 0 1
100 101 280.26956942999294 16.67 3 3 40 41
1 0 0 0 1 0 0 0 1
1 0 0 0 1 0 0 0 1
100 68 184.9241502581352 16.67 3 3 42 43
1 0 0 0 1 0 0 0 1
1 0 0 0 1 0 0 0 1
101 102 227.62043418879807 16.67 3 3 44 45
1 0 0 0 1 0 0 0 1
1 0 0 0 1 0 0 0 1
102 103 219.65513451657804 16.67 3 3 46 47
1 0 0 0 1 0 0 0 1
1 0 0 0 1 0 0 0 1
102 68 238.0434408049649 16.67 3 3 48 49
1 0 0 0 1 0 0 0 1
1 0 0 0 1 0 0 0 1
103 104 587.4332750262043 16.67 3 3 50 51
1 0 0 0 1 0 0 0 1
1 0 0 0 1 0 0 0 1
103 69 180.25303872432016 16.67 3 3 52 53
1 0 0 0 1 0 0 0 1
1 0 0 0 1 0 0 0 1
104 105 33.7711279068701 16.67 3 3 54 55
1 0 0 0 1 0 0 0 1
1 0 0 0 1 0 0 0 1
104 260 438.205054935507 16.67 3 3 56 57
1 0 0 0 1 0 0 0 1
1 0 0 0 1 0 0 0 1
105 106 631.3366653372054 16.67 3 3 58 59
1 0 0 0 1 0 0 0 1
1 0 0 0 1 0 0 0 1
105 260 422.161159240449 16.67 3 3 60 61
1 0 0 0 1 0 0 0 1
1 0 0 0 1 0 0 0 1
106 149 679.296340118419 16.67 3 3 62 63
1 0 0 0 1 0 0 0 1
1 0 0 0 1 0 0 0 1
106 263 414.5591388275802 16.67 3 3 64 65
1 0 0 0 1 0 0 0 1
1 0 0 0 1 0 0 0 1
106 274 90.6287132741875 16.67 3 3 66 67
1 0 0 0 1 0 0 0 1
1 0 0 0 1 0 0 0 1
231 215 1355.4435013840557 16.67 3 3 68 69
1 0 0 0 1 0 0 0 1
1 0 0 0 1 0 0 0 1
231 229 24.910575219308313 16.67 3 3 70 71
1 0 0 0 1 0 0 0 1
1 0 0 0 1 0 0 0 1
231 83 608.6398985961795 16.67 3 3 72 73
1 0 0 0 1 0 0 0 1
1 0 0 0 1 0 0 0 1
231 223 657.6512231574201 16.67 3 3 74 75
1 0 0 0 1 0 0 0 1
1 0 0 0 1 0 0 0 1
107 108 503.0030784869561 16.67 3 3 76 77
1 0 0 0 1 0 0 0 1
1 0 0 0 1 0 0 0 1
107 272 739.1359188078226 16.67 3 3 78 79
1 0 0 0 1 0 0 0 1
1 0 0 0 1 0 0 0 1
107 127 886.7739805806057 16.67 3 3 80 81
1 0 0 0 1 0 0 0 1
1 0 0 0 1 0 0 0 1
108 262 899.1557844173537 16.67 3 3 82 83
1 0 0 0 1 0 0 0 1
1 0 0 0 1 0 0 0 1
108 109 381.1107337121277 16.67 3 3 84 85
1 0 0 0 1 0 0 0 1
1 0 0 0 1 0 0 0 1
108 136 847.409938866939 16.67 3 3 86 87
1 0 0 0 1 0 0 0 1
1 0 0 0 1 0 0 0 1
109 110 488.1996016934238 16.67 3 3 88 89
1 0 0 0 1 0 0 0 1
1 0 0 0 1 0 0 0 1
109 283 449.593192783271 16.67 3 3 90 91
1 0 0 0 1 0 0 0 1
1 0 0 0 1 0 0 0 1
109 155 884.9336400874084 16.67 3 3 92 93
1 0 0 0 1 0 0 0 1
1 0 0 0 1 0 0 0 1
110 25 563.024042451724 16.67 3 3 94 95
1 0 0 0 1 0 0 0 1
1 0 0 0 1 0 0 0 1
110 124 252.89713287765224 16.67 3 3 96 97
1 0 0 0 1 0 0 0 1
1 0 0 0 1 0 0 0 1
110 19 458.39622604197103 16.67 3 3 98 99
1 0 0 0 1 0 0 0 1
1 0 0 0 1 0 0 0 1
111 124 378.08527068495914 16.67 3 3 100 101
1 0 0 0 1 0 0 0 1
1 0 0 0 1 0 0 0 1
111 125 204.2607130479514 16.67 3 3 102 103
1 0 0 0 1 0 0 0 1
1 0 0 0 1 0 0 0 1
111 17 431.694729989978 16.67 3 3 104 105
1 0 0 0 1 0 0 0 1
1 0 0 0 1 0 0 0 1
111 126 20.640219290214013 16.67 3 3 106 107
1 0 0 0 1 0 0 0 1
1 0 0 0 1 0 0 0 1
112 9 425.02418059983637 16.67 3 3 108 109
1 0 0 0 1 0 0 0 1
1 0 0 0 1 0 0 0 1
112 15 425.52021164415464 16.67 3 3 110 111
1 0 0 0 1 0 0 0 1
1 0 0 0 1 0 0 0 1
112 16 424.12877543696544 16.67 3 3 112 113
1 0 0 0 1 0 0 0 1
1 0 0 0 1 0 0 0 1
112 27 427.4649487090783 16.67 3 3 114 115
1 0 0 0 1 0 0 0 1
1 0 0 0 1 0 0 0 1
113 14 417.60984723241387 16.67 3 3 116 117
1 0 0 0 1 0 0 0 1
1 0 0 0 1 0 0 0 1
113 30 23.98149406517768 16.67 3 3 118 119
1 0 0 0 1 0 0 0 1
1 0 0 0 1 0 0 0 1
113 114 363.1231454244657 16.67 3 3 120 121
1 0 0 0 1 0 0 0 1
1 0 0 0 1 0 0 0 1
114 298 889.7951252386604 16.67 3 3 122 123
1 0 0 0 1 0 0 0 1
1 0 0 0 1 0 0 0 1
114 122 427.0544022262267 16.67 3 3 124 125
1 0 0 0 1 0 0 0 1
1 0 0 0 1 0 0 0 1
114 123 423.0402604570199 16.67 3 3 126 127
1 0 0 0 1 0 0 0 1
1 0 0 0 1 0 0 0 1
115 13 429.8336756991445 16.67 3 3 128 129
1 0 0 0 1 0 0 0 1
1 0 0 0 1 0 0 0 1
115 12 24.08844789785165 16.67 3 3 130 131
1 0 0 0 1 0 0 0 1
1 0 0 0 1 0 0 0 1
116 117 28.643309060941398 16.67 3 3 132 133
1 0 0 0 1 0 0 0 1
1 0 0 0 1 0 0 0 1
116 167 499.2243798990767 16.67 3 3 134 135
1 0 0 0 1 0 0 0 1
1 0 0 0 1 0 0 0 1
116 293 819.1640574132348 16.67 3 3 136 137
1 0 0 0 1 0 0 0 1
1 0 0 0 1 0 0 0 1
117 162 500.14179576325546 16.67 3 3 138 139
1 0 0 0 1 0 0 0 1
1 0 0 0 1 0 0 0 1
117 11 32.04783251055261 16.67 3 3 140 141
1 0 0 0 1 0 0 0 1
1 0 0 0 1 0 0 0 1
118 243 723.3931767641583 16.67 3 3 142 143
1 0 0 0 1 0 0 0 1
1 0 0 0 1 0 0 0 1
118 240 648.4777819705978 16.67 3 3 144 145
1 0 0 0 1 0 0 0 1
1 0 0 0 1 0 0 0 1
118 119 423.4323387261309 16.67 3 3 146 147
1 0 0 0 1 0 0 0 1
1 0 0 0 1 0 0 0 1
84 83 21.227283164014647 16.67 3 3 148 149
1 0 0 0 1 0 0 0 1
1 0 0 0 1 0 0 0 1
84 229 610.7262717310745 16.67 3 3 150 151
1 0 0 0 1 0 0 0 1
1 0 0 0 1 0 0 0 1
84 230 419.2211608033006 16.67 3 3 152 153
1 0 0 0 1 0 0 0 1
1 0 0 0 1 0 0 0 1
119 11 761.32612995076 16.67 3 3 154 155
1 0 0 0 1 0 0 0 1
1 0 0 0 1 0 0 0 1
119 178 670.7709798675479 16.67 3 3 156 157
1 0 0 0 1 0 0 0 1
1 0 0 0 1 0 0 0 1
120 13 535.9232325085017 16.67 3 3 158 159
1 0 0 0 1 0 0 0 1
1 0 0 0 1 0 0 0 1
120 290 45.05897766235878 16.67 3 3 160 161
1 0 0 0 1 0 0 0 1
1 0 0 0 1 0 0 0 1
120 121 254.84903254458118 16.67 3 3 162 163
1 0 0 0 1 0 0 0 1
1 0 0 0 1 0 0 0 1
121 13 449.16405307332093 16.67 3 3 164 165
1 0 0 0 1 0 0 0 1
1 0 0 0 1 0 0 0 1
121 259 265.94286913349475 16.67 3 3 166 167
1 0 0 0 1 0 0 0 1
1 0 0 0 1 0 0 0 1
122 67 445.32879368266 16.67 3 3 168 169
1 0 0 0 1 0 0 0 1
1 0 0 0 1 0 0 0 1
122 13 252.83173972469066 16.67 3 3 170 171
1 0 0 0 1 0 0 0 1
1 0 0 0 1 0 0 0 1
123 14 332.21200097191087 16.67 3 3 172 173
1 0 0 0 1 0 0 0 1
1 0 0 0 1 0 0 0 1
123 259 460.7463283384322 16.67 3 3 174 175
1 0 0 0 1 0 0 0 1
1 0 0 0 1 0 0 0 1
124 24 573.9459313154226 16.67 3 3 176 177
1 0 0 0 1 0 0 0 1
1 0 0 0 1 0 0 0 1
124 21 458.6357693174636 16.67 3 3 178 179
1 0 0 0 1 0 0 0 1
1 0 0 0 1 0 0 0 1
31 246 306.5025606379256 16.67 3 3 180 181
1 0 0 0 1 0 0 0 1
1 0 0 0 1 0 0 0 1
31 257 296.44930171285546 16.67 3 3 182 183
1 0 0 0 1 0 0 0 1
1 0 0 0 1 0 0 0 1
31 32 22.048339659944535 16.67 3 3 184 185
1 0 0 0 1 0 0 0 1
1 0 0 0 1 0 0 0 1
31 34 505.74267798485545 16.67 3 3 186 187
1 0 0 0 1 0 0 0 1
1 0 0 0 1 0 0 0 1
125 126 205.6708173059532 16.67 3 3 188 189
1 0 0 0 1 0 0 0 1
1 0 0 0 1 0 0 0 1
125 29 504.3607218543341 16.67 3 3 190 191
1 0 0 0 1 0 0 0 1
1 0 0 0 1 0 0 0 1
126 26 558.0610349075796 16.67 3 3 192 193
1 0 0 0 1 0 0 0 1
1 0 0 0 1 0 0 0 1
126 23 559.6660559053909 16.67 3 3 194 195
1 0 0 0 1 0 0 0 1
1 0 0 0 1 0 0 0 1
32 254 306.3661261219123 16.67 3 3 196 197
1 0 0 0 1 0 0 0 1
1 0 0 0 1 0 0 0 1
32 253 296.74759251271354 16.67 3 3 198 199
1 0 0 0 1 0 0 0 1
1 0 0 0 1 0 0 0 1
33 257 472.50202887790545 16.67 3 3 200 201
1 0 0 0 1 0 0 0 1
1 0 0 0 1 0 0 0 1
33 145 451.27134408839714 16.67 3 3 202 203
1 0 0 0 1 0 0 0 1
1 0 0 0 1 0 0 0 1
33 34 297.9410120085131 16.67 3 3 204 205
1 0 0 0 1 0 0 0 1
1 0 0 0 1 0 0 0 1
129 145 318.76326800954314 16.67 3 3 206 207
1 0 0 0 1 0 0 0 1
1 0 0 0 1 0 0 0 1
129 147 287.2512891185189 16.67 3 3 208 209
1 0 0 0 1 0 0 0 1
1 0 0 0 1 0 0 0 1
129 34 454.34577258855853 16.67 3 3 210 211
1 0 0 0 1 0 0 0 1
1 0 0 0 1 0 0 0 1
130 149 315.300952357524 16.67 3 3 212 213
1 0 0 0 1 0 0 0 1
1 0 0 0 1 0 0 0 1
130 37 397.02555928042585 16.67 3 3 214 215
1 0 0 0 1 0 0 0 1
1 0 0 0 1 0 0 0 1
34 75 281.04028654194207 16.67 3 3 216 217
1 0 0 0 1 0 0 0 1
1 0 0 0 1 0 0 0 1
35 131 344.62664878824097 16.67 3 3 218 219
1 0 0 0 1 0 0 0 1
1 0 0 0 1 0 0 0 1
35 246 523.8031979978626 16.67 3 3 220 221
1 0 0 0 1 0 0 0 1
1 0 0 0 1 0 0 0 1
35 147 473.1607878727012 16.67 3 3 222 223
1 0 0 0 1 0 0 0 1
1 0 0 0 1 0 0 0 1
132 150 323.69630972549123 16.67 3 3 224 225
1 0 0 0 1 0 0 0 1
1 0 0 0 1 0 0 0 1
132 131 480.58963183714667 16.67 3 3 226 227
1 0 0 0 1 0 0 0 1
1 0 0 0 1 0 0 0 1
132 147 309.68317665144986 16.67 3 3 228 229
1 0 0 0 1 0 0 0 1
1 0 0 0 1 0 0 0 1
36 150 477.45086031802487 16.67 3 3 230 231
1 0 0 0 1 0 0 0 1
1 0 0 0 1 0 0 0 1
36 131 275.70632942136547 16.67 3 3 232 233
1 0 0 0 1 0 0 0 1
1 0 0 0 1 0 0 0 1
36 247 535.0095164379069 16.67 3 3 234 235
1 0 0 0 1 0 0 0 1
1 0 0 0 1 0 0 0 1
133 26 346.3963104628699 16.67 3 3 236 237
1 0 0 0 1 0 0 0 1
1 0 0 0 1 0 0 0 1
133 28 273.2562949752329 16.67 3 3 238 239
1 0 0 0 1 0 0 0 1
1 0 0 0 1 0 0 0 1
133 135 20.697366244764577 16.67 3 3 240 241
1 0 0 0 1 0 0 0 1
1 0 0 0 1 0 0 0 1
133 22 372.2146786355317 16.67 3 3 242 243
1 0 0 0 1 0 0 0 1
1 0 0 0 1 0 0 0 1
134 25 356.00132118268886 16.67 3 3 244 245
1 0 0 0 1 0 0 0 1
1 0 0 0 1 0 0 0 1
134 138 22.00085346638795 16.67 3 3 246 247
1 0 0 0 1 0 0 0 1
1 0 0 0 1 0 0 0 1
134 155 487.8592393882288 16.67 3 3 248 249
1 0 0 0 1 0 0 0 1
1 0 0 0 1 0 0 0 1
134 22 267.1230177960831 16.67 3 3 250 251
1 0 0 0 1 0 0 0 1
1 0 0 0 1 0 0 0 1
135 56 259.4999217669585 16.67 3 3 252 253
1 0 0 0 1 0 0 0 1
1 0 0 0 1 0 0 0 1
135 137 585.9900940157833 16.67 3 3 254 255
1 0 0 0 1 0 0 0 1
1 0 0 0 1 0 0 0 1
135 138 639.3856916405219 16.67 3 3 256 257
1 0 0 0 1 0 0 0 1
1 0 0 0 1 0 0 0 1
136 272 390.66496594603666 16.67 3 3 258 259
1 0 0 0 1 0 0 0 1
1 0 0 0 1 0 0 0 1
136 139 21.740253372004396 16.67 3 3 260 261
1 0 0 0 1 0 0 0 1
1 0 0 0 1 0 0 0 1
136 155 439.2525449754554 16.67 3 3 262 263
1 0 0 0 1 0 0 0 1
1 0 0 0 1 0 0 0 1
137 52 34.5271461933768 16.67 3 3 264 265
1 0 0 0 1 0 0 0 1
1 0 0 0 1 0 0 0 1
137 234 38.75408681008483 16.67 3 3 266 267
1 0 0 0 1 0 0 0 1
1 0 0 0 1 0 0 0 1
137 141 681.6885323296112 16.67 3 3 268 269
1 0 0 0 1 0 0 0 1
1 0 0 0 1 0 0 0 1
138 154 488.10362749785 16.67 3 3 270 271
1 0 0 0 1 0 0 0 1
1 0 0 0 1 0 0 0 1
139 142 400.3846117714169 16.67 3 3 272 273
1 0 0 0 1 0 0 0 1
1 0 0 0 1 0 0 0 1
139 154 441.4001710413446 16.67 3 3 274 275
1 0 0 0 1 0 0 0 1
1 0 0 0 1 0 0 0 1
139 39 37.258582532209616 16.67 3 3 276 277
1 0 0 0 1 0 0 0 1
1 0 0 0 1 0 0 0 1
140 87 357.3060922143681 16.67 3 3 278 279
1 0 0 0 1 0 0 0 1
1 0 0 0 1 0 0 0 1
140 298 33.38548524280073 16.67 3 3 280 281
1 0 0 0 1 0 0 0 1
1 0 0 0 1 0 0 0 1
140 8 356.5010550048909 16.67 3 3 282 283
1 0 0 0 1 0 0 0 1
1 0 0 0 1 0 0 0 1
140 286 48.73138988755198 16.67 3 3 284 285
1 0 0 0 1 0 0 0 1
1 0 0 0 1 0 0 0 1
141 89 251.2278379391455 16.67 3 3 286 287
1 0 0 0 1 0 0 0 1
1 0 0 0 1 0 0 0 1
142 91 251.47120418786676 16.67 3 3 288 289
1 0 0 0 1 0 0 0 1
1 0 0 0 1 0 0 0 1
142 272 23.91506954056712 16.67 3 3 290 291
1 0 0 0 1 0 0 0 1
1 0 0 0 1 0 0 0 1
143 149 308.12875170804017 16.67 3 3 292 293
1 0 0 0 1 0 0 0 1
1 0 0 0 1 0 0 0 1
143 273 616.7220347527531 16.67 3 3 294 295
1 0 0 0 1 0 0 0 1
1 0 0 0 1 0 0 0 1
143 274 840.0538197357523 16.67 3 3 296 297
1 0 0 0 1 0 0 0 1
1 0 0 0 1 0 0 0 1
143 146 973.4727439810234 16.67 3 3 298 299
1 0 0 0 1 0 0 0 1
1 0 0 0 1 0 0 0 1
144 236 32.03615504566456 16.67 3 3 300 301
1 0 0 0 1 0 0 0 1
1 0 0 0 1 0 0 0 1
144 295 50.929754102874455 16.67 3 3 302 303
1 0 0 0 1 0 0 0 1
1 0 0 0 1 0 0 0 1
144 293 478.3909104554544 16.67 3 3 304 305
1 0 0 0 1 0 0 0 1
1 0 0 0 1 0 0 0 1
6 14 467.14458127000677 16.67 3 3 306 307
1 0 0 0 1 0 0 0 1
1 0 0 0 1 0 0 0 1
6 259 346.95336923835373 16.67 3 3 308 309
1 0 0 0 1 0 0 0 1
1 0 0 0 1 0 0 0 1
6 235 352.88624881309113 16.67 3 3 310 311
1 0 0 0 1 0 0 0 1
1 0 0 0 1 0 0 0 1
145 72 478.13694020025514 16.67 3 3 312 313
1 0 0 0 1 0 0 0 1
1 0 0 0 1 0 0 0 1
146 59 265.8763655518473 16.67 3 3 314 315
1 0 0 0 1 0 0 0 1
1 0 0 0 1 0 0 0 1
146 273 669.2883765390573 16.67 3 3 316 317
1 0 0 0 1 0 0 0 1
1 0 0 0 1 0 0 0 1
146 274 326.5647812040964 16.67 3 3 318 319
1 0 0 0 1 0 0 0 1
1 0 0 0 1 0 0 0 1
147 75 468.066138211618 16.67 3 3 320 321
1 0 0 0 1 0 0 0 1
1 0 0 0 1 0 0 0 1
148 289 30.54186628886209 16.67 3 3 322 323
1 0 0 0 1 0 0 0 1
1 0 0 0 1 0 0 0 1
148 239 44.616877019755414 16.67 3 3 324 325
1 0 0 0 1 0 0 0 1
1 0 0 0 1 0 0 0 1
148 293 484.9235066317443 16.67 3 3 326 327
1 0 0 0 1 0 0 0 1
1 0 0 0 1 0 0 0 1
149 252 405.76266612439025 16.67 3 3 328 329
1 0 0 0 1 0 0 0 1
1 0 0 0 1 0 0 0 1
57 263 307.8191747299426 16.67 3 3 330 331
1 0 0 0 1 0 0 0 1
1 0 0 0 1 0 0 0 1
57 58 143.06031863585173 16.67 3 3 332 333
1 0 0 0 1 0 0 0 1
1 0 0 0 1 0 0 0 1
57 260 314.6141886538053 16.67 3 3 334 335
1 0 0 0 1 0 0 0 1
1 0 0 0 1 0 0 0 1
150 247 1012.4565848817812 16.67 3 3 336 337
1 0 0 0 1 0 0 0 1
1 0 0 0 1 0 0 0 1
150 164 930.3036773760277 16.67 3 3 338 339
1 0 0 0 1 0 0 0 1
1 0 0 0 1 0 0 0 1
7 30 412.6263592557921 16.67 3 3 340 341
1 0 0 0 1 0 0 0 1
1 0 0 0 1 0 0 0 1
7 285 333.87583336258604 16.67 3 3 342 343
1 0 0 0 1 0 0 0 1
1 0 0 0 1 0 0 0 1
7 8 502.45776565195195 16.67 3 3 344 345
1 0 0 0 1 0 0 0 1
1 0 0 0 1 0 0 0 1
7 9 315.56016486928064 16.67 3 3 346 347
1 0 0 0 1 0 0 0 1
1 0 0 0 1 0 0 0 1
9 234 487.9537608854446 16.67 3 3 348 349
1 0 0 0 1 0 0 0 1
1 0 0 0 1 0 0 0 1
8 234 329.0069605012165 16.67 3 3 350 351
1 0 0 0 1 0 0 0 1
1 0 0 0 1 0 0 0 1
83 228 413.8951117999745 16.67 3 3 352 353
1 0 0 0 1 0 0 0 1
1 0 0 0 1 0 0 0 1
83 53 939.6187405203542 16.67 3 3 354 355
1 0 0 0 1 0 0 0 1
1 0 0 0 1 0 0 0 1
151 249 623.5453095001624 16.67 3 3 356 357
1 0 0 0 1 0 0 0 1
1 0 0 0 1 0 0 0 1
151 152 581.2608725201875 16.67 3 3 358 359
1 0 0 0 1 0 0 0 1
1 0 0 0 1 0 0 0 1
151 265 804.7077714197205 16.67 3 3 360 361
1 0 0 0 1 0 0 0 1
1 0 0 0 1 0 0 0 1
151 273 163.64109910679485 16.67 3 3 362 363
1 0 0 0 1 0 0 0 1
1 0 0 0 1 0 0 0 1
152 128 697.8731252072447 16.67 3 3 364 365
1 0 0 0 1 0 0 0 1
1 0 0 0 1 0 0 0 1
152 251 726.6483766100861 16.67 3 3 366 367
1 0 0 0 1 0 0 0 1
1 0 0 0 1 0 0 0 1
153 265 387.92456047138677 16.67 3 3 368 369
1 0 0 0 1 0 0 0 1
1 0 0 0 1 0 0 0 1
153 59 72.7277078765012 16.67 3 3 370 371
1 0 0 0 1 0 0 0 1
1 0 0 0 1 0 0 0 1
153 156 28.67208226465838 16.67 3 3 372 373
1 0 0 0 1 0 0 0 1
1 0 0 0 1 0 0 0 1
154 155 21.88152290734194 16.67 3 3 374 375
1 0 0 0 1 0 0 0 1
1 0 0 0 1 0 0 0 1
156 262 387.7488803157457 16.67 3 3 376 377
1 0 0 0 1 0 0 0 1
1 0 0 0 1 0 0 0 1
156 264 514.4064385936617 16.67 3 3 378 379
1 0 0 0 1 0 0 0 1
1 0 0 0 1 0 0 0 1
156 283 440.5436464596131 16.67 3 3 380 381
1 0 0 0 1 0 0 0 1
1 0 0 0 1 0 0 0 1
157 160 499.7576356029819 16.67 3 3 382 383
1 0 0 0 1 0 0 0 1
1 0 0 0 1 0 0 0 1
157 168 28.00055476712849 16.67 3 3 384 385
1 0 0 0 1 0 0 0 1
1 0 0 0 1 0 0 0 1
157 164 471.79162805847585 16.67 3 3 386 387
1 0 0 0 1 0 0 0 1
1 0 0 0 1 0 0 0 1
158 168 502.44711513048384 16.67 3 3 388 389
1 0 0 0 1 0 0 0 1
1 0 0 0 1 0 0 0 1
158 160 35.71012428231711 16.67 3 3 390 391
1 0 0 0 1 0 0 0 1
1 0 0 0 1 0 0 0 1
158 169 531.4180512144707 16.67 3 3 392 393
1 0 0 0 1 0 0 0 1
1 0 0 0 1 0 0 0 1
158 182 1573.6997081147945 16.67 3 3 394 395
1 0 0 0 1 0 0 0 1
1 0 0 0 1 0 0 0 1
159 165 622.0616195378402 16.67 3 3 396 397
1 0 0 0 1 0 0 0 1
1 0 0 0 1 0 0 0 1
159 180 1507.0310055472798 16.67 3 3 398 399
1 0 0 0 1 0 0 0 1
1 0 0 0 1 0 0 0 1
159 161 28.195589167486588 16.67 3 3 400 401
1 0 0 0 1 0 0 0 1
1 0 0 0 1 0 0 0 1
159 162 725.8271288290617 16.67 3 3 402 403
1 0 0 0 1 0 0 0 1
1 0 0 0 1 0 0 0 1
160 163 534.6804553785724 16.67 3 3 404 405
1 0 0 0 1 0 0 0 1
1 0 0 0 1 0 0 0 1
160 190 983.5877733924417 16.67 3 3 406 407
1 0 0 0 1 0 0 0 1
1 0 0 0 1 0 0 0 1
161 72 416.62471804350434 16.67 3 3 408 409
1 0 0 0 1 0 0 0 1
1 0 0 0 1 0 0 0 1
161 170 621.2156465112214 16.67 3 3 410 411
1 0 0 0 1 0 0 0 1
1 0 0 0 1 0 0 0 1
161 73 406.932120859987 16.67 3 3 412 413
1 0 0 0 1 0 0 0 1
1 0 0 0 1 0 0 0 1
162 167 28.123105535173973 16.67 3 3 414 415
1 0 0 0 1 0 0 0 1
1 0 0 0 1 0 0 0 1
162 240 40.92157153886952 16.67 3 3 416 417
1 0 0 0 1 0 0 0 1
1 0 0 0 1 0 0 0 1
163 192 1029.0842294373308 16.67 3 3 418 419
1 0 0 0 1 0 0 0 1
1 0 0 0 1 0 0 0 1
163 169 38.879322322323326 16.67 3 3 420 421
1 0 0 0 1 0 0 0 1
1 0 0 0 1 0 0 0 1
164 166 28.38183228858913 16.67 3 3 422 423
1 0 0 0 1 0 0 0 1
1 0 0 0 1 0 0 0 1
164 170 647.900533601479 16.67 3 3 424 425
1 0 0 0 1 0 0 0 1
1 0 0 0 1 0 0 0 1
165 166 648.2235967305119 16.67 3 3 426 427
1 0 0 0 1 0 0 0 1
1 0 0 0 1 0 0 0 1
165 170 27.980380084760938 16.67 3 3 428 429
1 0 0 0 1 0 0 0 1
1 0 0 0 1 0 0 0 1
165 171 1526.321864439485 16.67 3 3 430 431
1 0 0 0 1 0 0 0 1
1 0 0 0 1 0 0 0 1
166 189 1029.349018832732 16.67 3 3 432 433
1 0 0 0 1 0 0 0 1
1 0 0 0 1 0 0 0 1
166 168 471.7303147803415 16.67 3 3 434 435
1 0 0 0 1 0 0 0 1
1 0 0 0 1 0 0 0 1
167 237 35.016540614332875 16.67 3 3 436 437
1 0 0 0 1 0 0 0 1
1 0 0 0 1 0 0 0 1
167 73 319.8728786301707 16.67 3 3 438 439
1 0 0 0 1 0 0 0 1
1 0 0 0 1 0 0 0 1
168 188 1055.6593374207914 16.67 3 3 440 441
1 0 0 0 1 0 0 0 1
1 0 0 0 1 0 0 0 1
169 186 1578.6952546508 16.67 3 3 442 443
1 0 0 0 1 0 0 0 1
1 0 0 0 1 0 0 0 1
171 180 660.5344027277739 16.67 3 3 444 445
1 0 0 0 1 0 0 0 1
1 0 0 0 1 0 0 0 1
171 176 26.028332712819882 16.67 3 3 446 447
1 0 0 0 1 0 0 0 1
1 0 0 0 1 0 0 0 1
171 172 679.91102174135 16.67 3 3 448 449
1 0 0 0 1 0 0 0 1
1 0 0 0 1 0 0 0 1
172 179 35.16817576315927 16.67 3 3 450 451
1 0 0 0 1 0 0 0 1
1 0 0 0 1 0 0 0 1
172 175 491.75966527936095 16.67 3 3 452 453
1 0 0 0 1 0 0 0 1
1 0 0 0 1 0 0 0 1
172 189 507.02550727987744 16.67 3 3 454 455
1 0 0 0 1 0 0 0 1
1 0 0 0 1 0 0 0 1
173 238 641.6007965366002 16.67 3 3 456 457
1 0 0 0 1 0 0 0 1
1 0 0 0 1 0 0 0 1
173 174 36.020512644365965 16.67 3 3 458 459
1 0 0 0 1 0 0 0 1
1 0 0 0 1 0 0 0 1
173 177 711.6486232719307 16.67 3 3 460 461
1 0 0 0 1 0 0 0 1
1 0 0 0 1 0 0 0 1
173 178 432.4176097672827 16.67 3 3 462 463
1 0 0 0 1 0 0 0 1
1 0 0 0 1 0 0 0 1
127 262 533.5077271856129 16.67 3 3 464 465
1 0 0 0 1 0 0 0 1
1 0 0 0 1 0 0 0 1
127 128 33.08177551732175 16.67 3 3 466 467
1 0 0 0 1 0 0 0 1
1 0 0 0 1 0 0 0 1
174 243 68.73484933448202 16.67 3 3 468 469
1 0 0 0 1 0 0 0 1
1 0 0 0 1 0 0 0 1
174 180 701.1576237185049 16.67 3 3 470 471
1 0 0 0 1 0 0 0 1
1 0 0 0 1 0 0 0 1
174 178 442.6360452119706 16.67 3 3 472 473
1 0 0 0 1 0 0 0 1
1 0 0 0 1 0 0 0 1
175 184 287.94466235901564 16.67 3 3 474 475
1 0 0 0 1 0 0 0 1
1 0 0 0 1 0 0 0 1
175 181 25.345222925680527 16.67 3 3 476 477
1 0 0 0 1 0 0 0 1
1 0 0 0 1 0 0 0 1
175 188 503.98332265323603 16.67 3 3 478 479
1 0 0 0 1 0 0 0 1
1 0 0 0 1 0 0 0 1
67 259 15.078852843781993 16.67 3 3 480 481
1 0 0 0 1 0 0 0 1
1 0 0 0 1 0 0 0 1
176 179 678.53484248899 16.67 3 3 482 483
1 0 0 0 1 0 0 0 1
1 0 0 0 1 0 0 0 1
176 193 710.2800706961832 16.67 3 3 484 485
1 0 0 0 1 0 0 0 1
1 0 0 0 1 0 0 0 1
176 177 661.3076687576797 16.67 3 3 486 487
1 0 0 0 1 0 0 0 1
1 0 0 0 1 0 0 0 1
177 191 676.57135871066 16.67 3 3 488 489
1 0 0 0 1 0 0 0 1
1 0 0 0 1 0 0 0 1
177 180 25.829682779884184 16.67 3 3 490 491
1 0 0 0 1 0 0 0 1
1 0 0 0 1 0 0 0 1
179 50 21.16506956969464 16.67 3 3 492 493
1 0 0 0 1 0 0 0 1
1 0 0 0 1 0 0 0 1
179 181 493.45888296749365 16.67 3 3 494 495
1 0 0 0 1 0 0 0 1
1 0 0 0 1 0 0 0 1
181 185 287.0331619905419 16.67 3 3 496 497
1 0 0 0 1 0 0 0 1
1 0 0 0 1 0 0 0 1
181 195 1292.4787779126618 16.67 3 3 498 499
1 0 0 0 1 0 0 0 1
1 0 0 0 1 0 0 0 1
182 183 27.290049119011666 16.67 3 3 500 501
1 0 0 0 1 0 0 0 1
1 0 0 0 1 0 0 0 1
182 184 217.27453296920118 16.67 3 3 502 503
1 0 0 0 1 0 0 0 1
1 0 0 0 1 0 0 0 1
182 186 454.46303126860835 16.67 3 3 504 505
1 0 0 0 1 0 0 0 1
1 0 0 0 1 0 0 0 1
183 199 1316.974234859542 16.67 3 3 506 507
1 0 0 0 1 0 0 0 1
1 0 0 0 1 0 0 0 1
183 185 218.2810097133138 16.67 3 3 508 509
1 0 0 0 1 0 0 0 1
1 0 0 0 1 0 0 0 1
183 187 453.03724481916146 16.67 3 3 510 511
1 0 0 0 1 0 0 0 1
1 0 0 0 1 0 0 0 1
184 185 27.26537997707027 16.67 3 3 512 513
1 0 0 0 1 0 0 0 1
1 0 0 0 1 0 0 0 1
185 206 1305.2980998341507 16.67 3 3 514 515
1 0 0 0 1 0 0 0 1
1 0 0 0 1 0 0 0 1
186 187 38.72065520224408 16.67 3 3 516 517
1 0 0 0 1 0 0 0 1
1 0 0 0 1 0 0 0 1
186 41 319.23524108489846 16.67 3 3 518 519
1 0 0 0 1 0 0 0 1
1 0 0 0 1 0 0 0 1
187 40 318.8314739082347 16.67 3 3 520 521
1 0 0 0 1 0 0 0 1
1 0 0 0 1 0 0 0 1
187 200 1158.0285571497882 16.67 3 3 522 523
1 0 0 0 1 0 0 0 1
1 0 0 0 1 0 0 0 1
188 189 476.15200434994296 16.67 3 3 524 525
1 0 0 0 1 0 0 0 1
1 0 0 0 1 0 0 0 1
128 265 535.2624289448806 16.67 3 3 526 527
1 0 0 0 1 0 0 0 1
1 0 0 0 1 0 0 0 1
54 55 183.61767895405546 16.67 3 3 528 529
1 0 0 0 1 0 0 0 1
1 0 0 0 1 0 0 0 1
54 44 152.40996342391725 16.67 3 3 530 531
1 0 0 0 1 0 0 0 1
1 0 0 0 1 0 0 0 1
54 212 280.6985849603276 16.67 3 3 532 533
1 0 0 0 1 0 0 0 1
1 0 0 0 1 0 0 0 1
55 270 283.54168471458536 16.67 3 3 534 535
1 0 0 0 1 0 0 0 1
1 0 0 0 1 0 0 0 1
55 53 266.2850705606181 16.67 3 3 536 537
1 0 0 0 1 0 0 0 1
1 0 0 0 1 0 0 0 1
53 271 311.73009206472597 16.67 3 3 538 539
1 0 0 0 1 0 0 0 1
1 0 0 0 1 0 0 0 1
53 43 162.2533719172219 16.67 3 3 540 541
1 0 0 0 1 0 0 0 1
1 0 0 0 1 0 0 0 1
59 263 442.1675974399381 16.67 3 3 542 543
1 0 0 0 1 0 0 0 1
1 0 0 0 1 0 0 0 1
190 192 549.9923771899222 16.67 3 3 544 545
1 0 0 0 1 0 0 0 1
1 0 0 0 1 0 0 0 1
190 92 315.15338460809676 16.67 3 3 546 547
1 0 0 0 1 0 0 0 1
1 0 0 0 1 0 0 0 1
190 245 1045.342745895765 16.67 3 3 548 549
1 0 0 0 1 0 0 0 1
1 0 0 0 1 0 0 0 1
191 238 726.26274807686 16.67 3 3 550 551
1 0 0 0 1 0 0 0 1
1 0 0 0 1 0 0 0 1
191 201 523.6829221169634 16.67 3 3 552 553
1 0 0 0 1 0 0 0 1
1 0 0 0 1 0 0 0 1
191 193 657.7667329455583 16.67 3 3 554 555
1 0 0 0 1 0 0 0 1
1 0 0 0 1 0 0 0 1
192 255 1018.4581094557163 16.67 3 3 556 557
1 0 0 0 1 0 0 0 1
1 0 0 0 1 0 0 0 1
193 205 521.0381630636865 16.67 3 3 558 559
1 0 0 0 1 0 0 0 1
1 0 0 0 1 0 0 0 1
193 194 646.632539341741 16.67 3 3 560 561
1 0 0 0 1 0 0 0 1
1 0 0 0 1 0 0 0 1
91 88 601.5754758126441 16.67 3 3 562 563
1 0 0 0 1 0 0 0 1
1 0 0 0 1 0 0 0 1
91 272 260.21248979146236 16.67 3 3 564 565
1 0 0 0 1 0 0 0 1
1 0 0 0 1 0 0 0 1
91 90 324.89087782639774 16.67 3 3 566 567
1 0 0 0 1 0 0 0 1
1 0 0 0 1 0 0 0 1
194 50 725.0367146307601 16.67 3 3 568 569
1 0 0 0 1 0 0 0 1
1 0 0 0 1 0 0 0 1
194 196 519.3129324239457 16.67 3 3 570 571
1 0 0 0 1 0 0 0 1
1 0 0 0 1 0 0 0 1
195 206 278.3103075582527 16.67 3 3 572 573
1 0 0 0 1 0 0 0 1
1 0 0 0 1 0 0 0 1
195 303 1426.849883250165 16.67 3 3 574 575
1 0 0 0 1 0 0 0 1
1 0 0 0 1 0 0 0 1
195 196 554.1179247273359 16.67 3 3 576 577
1 0 0 0 1 0 0 0 1
1 0 0 0 1 0 0 0 1
196 205 629.9900827865284 16.67 3 3 578 579
1 0 0 0 1 0 0 0 1
1 0 0 0 1 0 0 0 1
196 216 1614.2435733796751 16.67 3 3 580 581
1 0 0 0 1 0 0 0 1
1 0 0 0 1 0 0 0 1
197 207 101.30809518025255 16.67 3 3 582 583
1 0 0 0 1 0 0 0 1
1 0 0 0 1 0 0 0 1
197 220 1066.4744472051357 16.67 3 3 584 585
1 0 0 0 1 0 0 0 1
1 0 0 0 1 0 0 0 1
197 200 237.8849939426421 16.67 3 3 586 587
1 0 0 0 1 0 0 0 1
1 0 0 0 1 0 0 0 1
199 206 259.9407061621994 16.67 3 3 588 589
1 0 0 0 1 0 0 0 1
1 0 0 0 1 0 0 0 1
199 221 1256.077543801428 16.67 3 3 590 591
1 0 0 0 1 0 0 0 1
1 0 0 0 1 0 0 0 1
199 207 381.149224442907 16.67 3 3 592 593
1 0 0 0 1 0 0 0 1
1 0 0 0 1 0 0 0 1
43 42 206.69572783158037 16.67 3 3 594 595
1 0 0 0 1 0 0 0 1
1 0 0 0 1 0 0 0 1
43 44 446.5827161863964 16.67 3 3 596 597
1 0 0 0 1 0 0 0 1
1 0 0 0 1 0 0 0 1
200 202 134.27973042560455 16.67 3 3 598 599
1 0 0 0 1 0 0 0 1
1 0 0 0 1 0 0 0 1
201 205 652.2713726294619 16.67 3 3 600 601
1 0 0 0 1 0 0 0 1
1 0 0 0 1 0 0 0 1
201 208 798.9244526078602 16.67 3 3 602 603
1 0 0 0 1 0 0 0 1
1 0 0 0 1 0 0 0 1
201 203 736.6760429834067 16.67 3 3 604 605
1 0 0 0 1 0 0 0 1
1 0 0 0 1 0 0 0 1
202 207 22.830427667231472 16.67 3 3 606 607
1 0 0 0 1 0 0 0 1
1 0 0 0 1 0 0 0 1
203 204 585.1948050028777 16.67 3 3 608 609
1 0 0 0 1 0 0 0 1
1 0 0 0 1 0 0 0 1
203 198 584.7089748019135 16.67 3 3 610 611
1 0 0 0 1 0 0 0 1
1 0 0 0 1 0 0 0 1
203 238 524.0259024022826 16.67 3 3 612 613
1 0 0 0 1 0 0 0 1
1 0 0 0 1 0 0 0 1
205 209 909.7592800644412 16.67 3 3 614 615
1 0 0 0 1 0 0 0 1
1 0 0 0 1 0 0 0 1
206 219 1343.277871948421 16.67 3 3 616 617
1 0 0 0 1 0 0 0 1
1 0 0 0 1 0 0 0 1
208 1 141.36065280994683 16.67 3 3 618 619
1 0 0 0 1 0 0 0 1
1 0 0 0 1 0 0 0 1
208 210 761.1427558567931 16.67 3 3 620 621
1 0 0 0 1 0 0 0 1
1 0 0 0 1 0 0 0 1
208 215 1215.0081379665362 16.67 3 3 622 623
1 0 0 0 1 0 0 0 1
1 0 0 0 1 0 0 0 1
209 214 900.6006425270286 16.67 3 3 624 625
1 0 0 0 1 0 0 0 1
1 0 0 0 1 0 0 0 1
64 51 865.231852392429 16.67 3 3 626 627
1 0 0 0 1 0 0 0 1
1 0 0 0 1 0 0 0 1
64 282 406.81363562851345 16.67 3 3 628 629
1 0 0 0 1 0 0 0 1
1 0 0 0 1 0 0 0 1
64 276 777.610904350005 16.67 3 3 630 631
1 0 0 0 1 0 0 0 1
1 0 0 0 1 0 0 0 1
210 211 592.1041354136878 16.67 3 3 632 633
1 0 0 0 1 0 0 0 1
1 0 0 0 1 0 0 0 1
210 212 1515.8779273528774 16.67 3 3 634 635
1 0 0 0 1 0 0 0 1
1 0 0 0 1 0 0 0 1
212 270 181.82828790329495 16.67 3 3 636 637
1 0 0 0 1 0 0 0 1
1 0 0 0 1 0 0 0 1
212 228 1446.8659699648263 16.67 3 3 638 639
1 0 0 0 1 0 0 0 1
1 0 0 0 1 0 0 0 1
213 226 1277.956819969538 16.67 3 3 640 641
1 0 0 0 1 0 0 0 1
1 0 0 0 1 0 0 0 1
213 214 292.1518509161983 16.67 3 3 642 643
1 0 0 0 1 0 0 0 1
1 0 0 0 1 0 0 0 1
213 216 359.28588119798 16.67 3 3 644 645
1 0 0 0 1 0 0 0 1
1 0 0 0 1 0 0 0 1
214 215 677.9788803770002 16.67 3 3 646 647
1 0 0 0 1 0 0 0 1
1 0 0 0 1 0 0 0 1
214 223 1305.8900458781616 16.67 3 3 648 649
1 0 0 0 1 0 0 0 1
1 0 0 0 1 0 0 0 1
215 1 1073.8113168924397 16.67 3 3 650 651
1 0 0 0 1 0 0 0 1
1 0 0 0 1 0 0 0 1
216 303 635.50620943017 16.67 3 3 652 653
1 0 0 0 1 0 0 0 1
1 0 0 0 1 0 0 0 1
216 304 553.1135371614116 16.67 3 3 654 655
1 0 0 0 1 0 0 0 1
1 0 0 0 1 0 0 0 1
219 305 612.6143556266491 16.67 3 3 656 657
1 0 0 0 1 0 0 0 1
1 0 0 0 1 0 0 0 1
219 221 304.8426805219221 16.67 3 3 658 659
1 0 0 0 1 0 0 0 1
1 0 0 0 1 0 0 0 1
219 303 277.58836105032236 16.67 3 3 660 661
1 0 0 0 1 0 0 0 1
1 0 0 0 1 0 0 0 1
220 217 167.05176969573265 16.67 3 3 662 663
1 0 0 0 1 0 0 0 1
1 0 0 0 1 0 0 0 1
220 218 169.10336868666303 16.67 3 3 664 665
1 0 0 0 1 0 0 0 1
1 0 0 0 1 0 0 0 1
220 221 409.4246230448506 16.67 3 3 666 667
1 0 0 0 1 0 0 0 1
1 0 0 0 1 0 0 0 1
221 266 258.8943991270158 16.67 3 3 668 669
1 0 0 0 1 0 0 0 1
1 0 0 0 1 0 0 0 1
222 225 345.66841760160463 16.67 3 3 670 671
1 0 0 0 1 0 0 0 1
1 0 0 0 1 0 0 0 1
222 301 226.18600212613097 16.67 3 3 672 673
1 0 0 0 1 0 0 0 1
1 0 0 0 1 0 0 0 1
222 269 576.2842217165856 16.67 3 3 674 675
1 0 0 0 1 0 0 0 1
1 0 0 0 1 0 0 0 1
222 77 366.28077998023946 16.67 3 3 676 677
1 0 0 0 1 0 0 0 1
1 0 0 0 1 0 0 0 1
223 226 343.1879185221093 16.67 3 3 678 679
1 0 0 0 1 0 0 0 1
1 0 0 0 1 0 0 0 1
223 229 662.400714091798 16.67 3 3 680 681
1 0 0 0 1 0 0 0 1
1 0 0 0 1 0 0 0 1
224 225 289.42121307809504 16.67 3 3 682 683
1 0 0 0 1 0 0 0 1
1 0 0 0 1 0 0 0 1
224 300 403.91458266490247 16.67 3 3 684 685
1 0 0 0 1 0 0 0 1
1 0 0 0 1 0 0 0 1
224 267 610.9361937390138 16.67 3 3 686 687
1 0 0 0 1 0 0 0 1
1 0 0 0 1 0 0 0 1
224 45 168.12469181323814 16.67 3 3 688 689
1 0 0 0 1 0 0 0 1
1 0 0 0 1 0 0 0 1
225 305 599.7666946268972 16.67 3 3 690 691
1 0 0 0 1 0 0 0 1
1 0 0 0 1 0 0 0 1
225 78 389.6933648919203 16.67 3 3 692 693
1 0 0 0 1 0 0 0 1
1 0 0 0 1 0 0 0 1
226 227 334.61919756471985 16.67 3 3 694 695
1 0 0 0 1 0 0 0 1
1 0 0 0 1 0 0 0 1
226 276 492.0027281334365 16.67 3 3 696 697
1 0 0 0 1 0 0 0 1
1 0 0 0 1 0 0 0 1
227 301 384.69870603180954 16.67 3 3 698 699
1 0 0 0 1 0 0 0 1
1 0 0 0 1 0 0 0 1
227 62 633.9696479070888 16.67 3 3 700 701
1 0 0 0 1 0 0 0 1
1 0 0 0 1 0 0 0 1
227 304 706.2092223585536 16.67 3 3 702 703
1 0 0 0 1 0 0 0 1
1 0 0 0 1 0 0 0 1
228 232 862.106473324989 16.67 3 3 704 705
1 0 0 0 1 0 0 0 1
1 0 0 0 1 0 0 0 1
228 271 983.4714702503076 16.67 3 3 706 707
1 0 0 0 1 0 0 0 1
1 0 0 0 1 0 0 0 1
75 246 528.9689373817199 16.67 3 3 708 709
1 0 0 0 1 0 0 0 1
1 0 0 0 1 0 0 0 1
230 232 851.1445125618925 16.67 3 3 710 711
1 0 0 0 1 0 0 0 1
1 0 0 0 1 0 0 0 1
230 80 220.38504289169265 16.67 3 3 712 713
1 0 0 0 1 0 0 0 1
1 0 0 0 1 0 0 0 1
230 81 219.66586331673201 16.67 3 3 714 715
1 0 0 0 1 0 0 0 1
1 0 0 0 1 0 0 0 1
37 254 320.64612773568757 16.67 3 3 716 717
1 0 0 0 1 0 0 0 1
1 0 0 0 1 0 0 0 1
37 38 21.240287276733252 16.67 3 3 718 719
1 0 0 0 1 0 0 0 1
1 0 0 0 1 0 0 0 1
37 252 316.385254124851 16.67 3 3 720 721
1 0 0 0 1 0 0 0 1
1 0 0 0 1 0 0 0 1
65 262 471.57330225479103 16.67 3 3 722 723
1 0 0 0 1 0 0 0 1
1 0 0 0 1 0 0 0 1
65 283 382.1885281476766 16.67 3 3 724 725
1 0 0 0 1 0 0 0 1
1 0 0 0 1 0 0 0 1
229 275 404.07763655114326 16.67 3 3 726 727
1 0 0 0 1 0 0 0 1
1 0 0 0 1 0 0 0 1
232 82 109.52225289563142 16.67 3 3 728 729
1 0 0 0 1 0 0 0 1
1 0 0 0 1 0 0 0 1
38 131 530.576707367207 16.67 3 3 730 731
1 0 0 0 1 0 0 0 1
1 0 0 0 1 0 0 0 1
38 246 319.69567899474924 16.67 3 3 732 733
1 0 0 0 1 0 0 0 1
1 0 0 0 1 0 0 0 1
38 247 317.8148804263592 16.67 3 3 734 735
1 0 0 0 1 0 0 0 1
1 0 0 0 1 0 0 0 1
62 49 63.094697153063194 16.67 3 3 736 737
1 0 0 0 1 0 0 0 1
1 0 0 0 1 0 0 0 1
62 276 328.63253460493223 16.67 3 3 738 739
1 0 0 0 1 0 0 0 1
1 0 0 0 1 0 0 0 1
62 277 562.8097391306735 16.67 3 3 740 741
1 0 0 0 1 0 0 0 1
1 0 0 0 1 0 0 0 1
233 5 357.44387338849964 16.67 3 3 742 743
1 0 0 0 1 0 0 0 1
1 0 0 0 1 0 0 0 1
233 69 289.68769801023313 16.67 3 3 744 745
1 0 0 0 1 0 0 0 1
1 0 0 0 1 0 0 0 1
233 260 585.5617070977007 16.67 3 3 746 747
1 0 0 0 1 0 0 0 1
1 0 0 0 1 0 0 0 1
233 235 28.24692223752662 16.67 3 3 748 749
1 0 0 0 1 0 0 0 1
1 0 0 0 1 0 0 0 1
234 27 485.5225464590026 16.67 3 3 750 751
1 0 0 0 1 0 0 0 1
1 0 0 0 1 0 0 0 1
235 15 464.8048249722009 16.67 3 3 752 753
1 0 0 0 1 0 0 0 1
1 0 0 0 1 0 0 0 1
235 16 466.1543373674088 16.67 3 3 754 755
1 0 0 0 1 0 0 0 1
1 0 0 0 1 0 0 0 1
237 289 774.4312530138204 16.67 3 3 756 757
1 0 0 0 1 0 0 0 1
1 0 0 0 1 0 0 0 1
239 294 760.6716770511761 16.67 3 3 758 759
1 0 0 0 1 0 0 0 1
1 0 0 0 1 0 0 0 1
241 242 1373.7601695803312 16.67 3 3 760 761
1 0 0 0 1 0 0 0 1
1 0 0 0 1 0 0 0 1
245 255 564.602236440476 16.67 3 3 762 763
1 0 0 0 1 0 0 0 1
1 0 0 0 1 0 0 0 1
245 92 730.4254823354931 16.67 3 3 764 765
1 0 0 0 1 0 0 0 1
1 0 0 0 1 0 0 0 1
245 249 21.727095590660976 16.67 3 3 766 767
1 0 0 0 1 0 0 0 1
1 0 0 0 1 0 0 0 1
247 252 22.315108561893233 16.67 3 3 768 769
1 0 0 0 1 0 0 0 1
1 0 0 0 1 0 0 0 1
248 296 47.2461363737583 16.67 3 3 770 771
1 0 0 0 1 0 0 0 1
1 0 0 0 1 0 0 0 1
248 4 399.45147115274636 16.67 3 3 772 773
1 0 0 0 1 0 0 0 1
1 0 0 0 1 0 0 0 1
248 256 39.94286352914279 16.67 3 3 774 775
1 0 0 0 1 0 0 0 1
1 0 0 0 1 0 0 0 1
248 288 37.83327090242928 16.67 3 3 776 777
1 0 0 0 1 0 0 0 1
1 0 0 0 1 0 0 0 1
249 251 562.6212647942181 16.67 3 3 778 779
1 0 0 0 1 0 0 0 1
1 0 0 0 1 0 0 0 1
249 252 943.3461947217015 16.67 3 3 780 781
1 0 0 0 1 0 0 0 1
1 0 0 0 1 0 0 0 1
250 295 854.8329742992827 16.67 3 3 782 783
1 0 0 0 1 0 0 0 1
1 0 0 0 1 0 0 0 1
250 256 31.48633590578162 16.67 3 3 784 785
1 0 0 0 1 0 0 0 1
1 0 0 0 1 0 0 0 1
251 255 21.405639513715958 16.67 3 3 786 787
1 0 0 0 1 0 0 0 1
1 0 0 0 1 0 0 0 1
253 257 21.729329300550493 16.67 3 3 788 789
1 0 0 0 1 0 0 0 1
1 0 0 0 1 0 0 0 1
253 4 337.3956509125981 16.67 3 3 790 791
1 0 0 0 1 0 0 0 1
1 0 0 0 1 0 0 0 1
253 71 321.47060507780634 16.67 3 3 792 793
1 0 0 0 1 0 0 0 1
1 0 0 0 1 0 0 0 1
256 3 395.16151585166176 16.67 3 3 794 795
1 0 0 0 1 0 0 0 1
1 0 0 0 1 0 0 0 1
257 3 337.4457734181931 16.67 3 3 796 797
1 0 0 0 1 0 0 0 1
1 0 0 0 1 0 0 0 1
258 297 35.43768124755652 16.67 3 3 798 799
1 0 0 0 1 0 0 0 1
1 0 0 0 1 0 0 0 1
258 66 32.579033683753465 16.67 3 3 800 801
1 0 0 0 1 0 0 0 1
1 0 0 0 1 0 0 0 1
258 5 349.2801073682944 16.67 3 3 802 803
1 0 0 0 1 0 0 0 1
1 0 0 0 1 0 0 0 1
258 290 517.0865680313539 16.67 3 3 804 805
1 0 0 0 1 0 0 0 1
1 0 0 0 1 0 0 0 1
261 20 314.7972341489283 16.67 3 3 806 807
1 0 0 0 1 0 0 0 1
1 0 0 0 1 0 0 0 1
261 17 448.3228628352119 16.67 3 3 808 809
1 0 0 0 1 0 0 0 1
1 0 0 0 1 0 0 0 1
261 18 450.51832454523867 16.67 3 3 810 811
1 0 0 0 1 0 0 0 1
1 0 0 0 1 0 0 0 1
263 264 28.700158435425955 16.67 3 3 812 813
1 0 0 0 1 0 0 0 1
1 0 0 0 1 0 0 0 1
264 19 434.54713258111076 16.67 3 3 814 815
1 0 0 0 1 0 0 0 1
1 0 0 0 1 0 0 0 1
264 20 307.52652063955344 16.67 3 3 816 817
1 0 0 0 1 0 0 0 1
1 0 0 0 1 0 0 0 1
266 60 299.23900623453414 16.67 3 3 818 819
1 0 0 0 1 0 0 0 1
1 0 0 0 1 0 0 0 1
266 267 354.5715328298777 16.67 3 3 820 821
1 0 0 0 1 0 0 0 1
1 0 0 0 1 0 0 0 1
266 61 338.3558207511116 16.67 3 3 822 823
1 0 0 0 1 0 0 0 1
1 0 0 0 1 0 0 0 1
267 305 295.68503188807694 16.67 3 3 824 825
1 0 0 0 1 0 0 0 1
1 0 0 0 1 0 0 0 1
267 93 375.9246997454308 16.67 3 3 826 827
1 0 0 0 1 0 0 0 1
1 0 0 0 1 0 0 0 1
68 69 253.18062784784345 16.67 3 3 828 829
1 0 0 0 1 0 0 0 1
1 0 0 0 1 0 0 0 1
268 282 757.7255588590765 16.67 3 3 830 831
1 0 0 0 1 0 0 0 1
1 0 0 0 1 0 0 0 1
268 275 615.9703904748302 16.67 3 3 832 833
1 0 0 0 1 0 0 0 1
1 0 0 0 1 0 0 0 1
268 276 384.1125554867113 16.67 3 3 834 835
1 0 0 0 1 0 0 0 1
1 0 0 0 1 0 0 0 1
77 78 336.8739115092279 16.67 3 3 836 837
1 0 0 0 1 0 0 0 1
1 0 0 0 1 0 0 0 1
77 277 484.46541749025073 16.67 3 3 838 839
1 0 0 0 1 0 0 0 1
1 0 0 0 1 0 0 0 1
78 300 296.62624219162825 16.67 3 3 840 841
1 0 0 0 1 0 0 0 1
1 0 0 0 1 0 0 0 1
78 278 676.5891100265549 16.67 3 3 842 843
1 0 0 0 1 0 0 0 1
1 0 0 0 1 0 0 0 1
71 70 119.36401927649065 16.67 3 3 844 845
1 0 0 0 1 0 0 0 1
1 0 0 0 1 0 0 0 1
269 305 317.40052540314827 16.67 3 3 846 847
1 0 0 0 1 0 0 0 1
1 0 0 0 1 0 0 0 1
269 302 239.91122815703895 16.67 3 3 848 849
1 0 0 0 1 0 0 0 1
1 0 0 0 1 0 0 0 1
269 303 636.3524385346216 16.67 3 3 850 851
1 0 0 0 1 0 0 0 1
1 0 0 0 1 0 0 0 1
12 10 136.86859900106876 16.67 3 3 852 853
1 0 0 0 1 0 0 0 1
1 0 0 0 1 0 0 0 1
72 73 589.3262992680093 16.67 3 3 854 855
1 0 0 0 1 0 0 0 1
1 0 0 0 1 0 0 0 1
270 271 282.1669707692041 16.67 3 3 856 857
1 0 0 0 1 0 0 0 1
1 0 0 0 1 0 0 0 1
14 15 332.4964107005294 16.67 3 3 858 859
1 0 0 0 1 0 0 0 1
1 0 0 0 1 0 0 0 1
16 17 560.1173926691715 16.67 3 3 860 861
1 0 0 0 1 0 0 0 1
1 0 0 0 1 0 0 0 1
275 85 622.904117305738 16.67 3 3 862 863
1 0 0 0 1 0 0 0 1
1 0 0 0 1 0 0 0 1
275 86 811.7389617618171 16.67 3 3 864 865
1 0 0 0 1 0 0 0 1
1 0 0 0 1 0 0 0 1
277 51 478.27652778052874 16.67 3 3 866 867
1 0 0 0 1 0 0 0 1
1 0 0 0 1 0 0 0 1
277 278 350.5649900220107 16.67 3 3 868 869
1 0 0 0 1 0 0 0 1
1 0 0 0 1 0 0 0 1
279 280 517.2005029812857 16.67 3 3 870 871
1 0 0 0 1 0 0 0 1
1 0 0 0 1 0 0 0 1
279 244 231.0461709191311 16.67 3 3 872 873
1 0 0 0 1 0 0 0 1
1 0 0 0 1 0 0 0 1
279 300 687.357286906448 16.67 3 3 874 875
1 0 0 0 1 0 0 0 1
1 0 0 0 1 0 0 0 1
279 278 299.2978682229668 16.67 3 3 876 877
1 0 0 0 1 0 0 0 1
1 0 0 0 1 0 0 0 1
18 21 305.945469661405 16.67 3 3 878 879
1 0 0 0 1 0 0 0 1
1 0 0 0 1 0 0 0 1
19 21 298.5597642324419 16.67 3 3 880 881
1 0 0 0 1 0 0 0 1
1 0 0 0 1 0 0 0 1
282 48 140.29588469422677 16.67 3 3 882 883
1 0 0 0 1 0 0 0 1
1 0 0 0 1 0 0 0 1
282 47 222.1745974515288 16.67 3 3 884 885
1 0 0 0 1 0 0 0 1
1 0 0 0 1 0 0 0 1
284 296 763.6878079480216 16.67 3 3 886 887
1 0 0 0 1 0 0 0 1
1 0 0 0 1 0 0 0 1
284 297 746.0398543801178 16.67 3 3 888 889
1 0 0 0 1 0 0 0 1
1 0 0 0 1 0 0 0 1
284 66 751.4687470117791 16.67 3 3 890 891
1 0 0 0 1 0 0 0 1
1 0 0 0 1 0 0 0 1
20 21 440.9652464257356 16.67 3 3 892 893
1 0 0 0 1 0 0 0 1
1 0 0 0 1 0 0 0 1
278 281 539.62588143587 16.67 3 3 894 895
1 0 0 0 1 0 0 0 1
1 0 0 0 1 0 0 0 1
280 281 234.24851428300596 16.67 3 3 896 897
1 0 0 0 1 0 0 0 1
1 0 0 0 1 0 0 0 1
281 63 341.13077754000557 16.67 3 3 898 899
1 0 0 0 1 0 0 0 1
1 0 0 0 1 0 0 0 1
285 286 443.0359770350838 16.67 3 3 900 901
1 0 0 0 1 0 0 0 1
1 0 0 0 1 0 0 0 1
287 288 732.5125572088524 16.67 3 3 902 903
1 0 0 0 1 0 0 0 1
1 0 0 0 1 0 0 0 1
290 291 1565.02702741671 16.67 3 3 904 905
1 0 0 0 1 0 0 0 1
1 0 0 0 1 0 0 0 1
23 24 356.6198823889772 16.67 3 3 906 907
1 0 0 0 1 0 0 0 1
1 0 0 0 1 0 0 0 1
24 25 255.95710294138755 16.67 3 3 908 909
1 0 0 0 1 0 0 0 1
1 0 0 0 1 0 0 0 1
24 22 343.2936042696648 16.67 3 3 910 911
1 0 0 0 1 0 0 0 1
1 0 0 0 1 0 0 0 1
26 29 241.19883693620523 16.67 3 3 912 913
1 0 0 0 1 0 0 0 1
1 0 0 0 1 0 0 0 1
291 292 24.722860262315095 16.67 3 3 914 915
1 0 0 0 1 0 0 0 1
1 0 0 0 1 0 0 0 1
292 299 502.08874416406326 16.67 3 3 916 917
1 0 0 0 1 0 0 0 1
1 0 0 0 1 0 0 0 1
293 299 480.577514481237 16.67 3 3 918 919
1 0 0 0 1 0 0 0 1
1 0 0 0 1 0 0 0 1
299 74 59.823045599366765 16.67 3 3 920 921
1 0 0 0 1 0 0 0 1
1 0 0 0 1 0 0 0 1
27 29 345.97730653259975 16.67 3 3 922 923
1 0 0 0 1 0 0 0 1
1 0 0 0 1 0 0 0 1
300 46 239.31517622715984 16.67 3 3 924 925
1 0 0 0 1 0 0 0 1
1 0 0 0 1 0 0 0 1
301 302 599.1015405110153 16.67 3 3 926 927
1 0 0 0 1 0 0 0 1
1 0 0 0 1 0 0 0 1
29 28 401.16465990435705 16.67 3 3 928 929
1 0 0 0 1 0 0 0 1
1 0 0 0 1 0 0 0 1
304 302 372.6249572902005 16.67 3 3 930 931
1 0 0 0 1 0 0 0 1
1 0 0 0 1 0 0 0 1
1 76 268.08140871898445 16.67 3 3 932 933
1 0 0 0 1 0 0 0 1
1 0 0 0 1 0 0 0 1
2 3 467.11596872065104 16.67 3 3 934 935
1 0 0 0 1 0 0 0 1
1 0 0 0 1 0 0 0 1
3 4 22.285901914905583 16.67 3 3 936 937
1 0 0 0 1 0 0 0 1
1 0 0 0 1 0 0 0 1
51 79 742.7616212860851 16.67 3 3 938 939
1 0 0 0 1 0 0 0 1
1 0 0 0 1 0 0 0 1
232
1 651 932 619 -1
2 27 21 934 -1
3 935 795 936 797
4 937 773 19 791
5 39 803 -1 743
6 -1 308 306 310
7 340 342 344 346
8 345 283 -1 350
9 109 347 348 -1
13 165 159 129 171
14 307 173 117 858
15 753 859 111 -1
16 755 -1 113 860
17 809 861 105 -1
19 815 880 99 -1
20 -1 807 892 817
21 893 879 179 881
22 911 243 -1 251
24 177 907 910 908
25 95 909 245 -1
26 193 912 237 -1
27 115 -1 751 922
29 191 923 928 913
31 186 182 184 180
32 185 198 -1 196
33 202 -1 200 204
34 211 205 187 216
35 222 -1 220 218
36 230 232 234 -1
37 718 716 215 720
38 730 732 719 734
43 -1 541 596 594
51 938 627 867 -1
53 355 538 537 540
54 528 532 -1 530
55 536 534 529 -1
57 332 334 -1 330
59 315 542 -1 371
62 736 738 701 740
64 -1 628 630 626
68 49 -1 43 828
69 53 829 745 -1
71 793 844 15 -1
72 409 854 313 -1
73 -1 439 855 413
75 321 217 708 -1
77 838 -1 677 836
78 842 837 693 840
83 149 352 354 73
84 -1 152 148 150
91 289 564 566 562
94 4 2 8 6
95 14 12 10 3
96 18 -1 16 13
97 24 -1 22 20
98 32 28 26 30
99 17 34 36 -1
100 40 -1 38 42
101 37 -1 41 44
102 -1 45 48 46
103 11 47 52 50
104 9 51 56 54
105 -1 55 60 58
106 62 59 64 66
107 80 76 78 -1
108 82 84 86 77
109 90 88 92 85
110 98 96 94 89
111 104 102 106 100
112 110 108 114 112
113 116 120 118 -1
114 126 124 122 121
116 132 -1 136 134
117 140 -1 133 138
118 142 146 144 -1
119 156 -1 154 147
120 160 -1 158 162
121 -1 163 164 166
122 168 170 125 -1
123 174 -1 127 172
124 178 101 176 97
125 103 -1 190 188
126 107 189 192 194
127 466 464 81 -1
128 365 526 467 -1
129 -1 206 210 208
130 214 7 -1 212
131 227 219 731 233
132 -1 228 226 224
133 236 238 240 242
134 244 250 246 248
135 241 254 252 256
136 87 262 260 258
137 266 268 264 255
138 247 257 -1 270
139 261 274 276 272
140 280 278 282 284
142 290 273 -1 288
143 292 296 298 294
144 29 304 302 300
145 312 31 203 207
146 299 318 314 316
147 209 320 223 229
148 322 326 324 33
149 328 213 63 293
150 338 225 231 336
151 356 362 360 358
152 366 359 364 -1
153 -1 370 372 368
154 374 271 -1 275
155 93 249 375 263
156 373 378 380 376
157 384 386 -1 382
158 394 388 390 392
159 398 402 400 396
160 391 383 406 404
161 401 412 408 410
162 416 139 414 403
163 420 405 418 -1
164 422 424 339 387
165 430 397 428 426
166 432 427 423 434
167 415 135 436 438
168 440 435 385 389
169 442 393 421 -1
170 429 411 -1 425
171 446 444 431 448
172 450 449 454 452
173 456 462 458 460
174 459 472 468 470
175 476 453 478 474
176 484 486 447 482
177 488 461 490 487
178 463 -1 157 473
179 492 483 451 494
180 491 471 399 445
181 498 495 477 496
182 500 502 395 504
183 506 508 501 510
184 512 475 -1 503
185 514 497 513 509
186 516 505 443 518
187 522 511 517 520
188 479 524 441 -1
189 455 -1 433 525
190 407 546 548 544
191 552 550 489 554
192 419 545 556 -1
193 558 555 485 560
194 570 561 568 -1
195 574 576 499 572
196 580 578 571 577
197 584 582 586 -1
199 590 588 507 592
200 587 598 523 -1
201 602 604 553 600
203 610 608 612 605
205 614 601 559 579
206 616 573 515 589
207 583 593 607 -1
208 618 620 603 622
210 634 632 -1 621
212 636 638 635 533
213 640 642 -1 644
214 648 646 625 643
215 69 650 623 647
216 654 645 581 652
219 656 660 617 658
220 662 666 585 664
221 668 659 591 667
222 676 672 674 670
223 680 75 649 678
224 684 682 686 688
225 692 671 690 683
226 696 679 641 694
227 700 695 702 698
228 704 639 706 353
229 726 151 71 681
230 712 710 153 714
231 70 72 68 74
232 728 -1 705 711
233 744 742 748 746
234 349 351 267 750
235 749 311 752 754
238 613 -1 457 551
245 549 764 766 762
246 709 181 733 221
247 235 735 768 337
248 774 770 776 772
249 767 780 357 778
251 786 779 367 -1
252 769 721 329 781
253 788 790 792 199
254 -1 197 5 717
255 557 763 787 -1
256 23 785 775 794
257 201 796 789 183
258 798 804 802 800
259 167 481 175 309
260 57 747 335 61
261 -1 808 810 806
262 377 723 83 465
263 65 331 812 543
264 813 816 814 379
265 361 369 -1 527
266 820 818 669 822
267 687 824 821 826
268 830 832 -1 834
269 675 848 850 846
270 856 -1 637 535
271 707 -1 857 539
272 79 259 291 565
273 -1 295 317 363
274 297 67 -1 319
275 862 864 727 833
276 631 835 697 739
277 866 741 839 868
278 894 869 843 877
279 870 876 874 872
281 898 -1 895 897
282 882 884 831 629
283 381 -1 91 725
284 886 888 890 35
290 904 -1 161 805
293 137 918 305 327
299 919 920 917 -1
300 875 841 685 924
301 -1 699 926 673
302 927 931 -1 849
303 851 653 575 661
304 703 -1 655 930
305 691 847 657 825
