167
1 3600 154
3
449 446 502
1 3600 51
8
503 501 281 278 221 222 209 199
1 3600 51
10
448 3 4 385 382 205 208 285 257 254
1 3600 262
6
444 281 278 508 483 480
1 3600 72
7
503 447 448 395 398 463 460
1 3600 72
9
445 448 3 8 23 20 507 403 404
1 3600 82
11
505 501 281 278 221 218 283 284 173 170 274
1 3600 262
14
505 447 448 3 4 13 14 267 268 421 347 177 161 166
1 3600 262
10
503 447 448 395 398 131 125 126 386 233
1 3600 262
18
451 444 281 278 221 215 210 242 510 367 195 192 266 430 91 92 100 188
1 3600 262
15
444 281 276 452 494 175 168 376 261 251 229 225 226 321 319
1 3600 166
6
217 214 220 279 280 445
1 3600 166
5
509 279 280 500 447
1 3600 166
6
198 204 383 384 5 2
1 3600 166
10
243 240 255 252 219 220 279 280 445 450
1 3600 166
13
239 211 212 256 284 209 206 338 384 19 22 9 2
1 3600 149
3
201 202 367
1 3600 149
5
243 211 214 220 457
1 3600 165
6
475 478 375 378 249 246
1 3600 165
6
364 383 273 270 380 245
1 3600 165
9
203 198 206 338 273 270 380 245 246
1 3600 165
6
493 475 471 309 304 489
1 3600 165
6
455 456 508 483 375 376
1 3600 165
5
175 168 378 484 145
1 3600 141
23
310 358 510 367 195 190 265 266 291 288 372 422 432 41 38 53 54 293 294 392 434 459 464
1 3600 141
9
212 256 284 209 204 383 384 19 22
1 3600 163
19
217 212 252 283 284 173 170 274 349 345 340 360 265 266 291 288 372 424 426
1 3600 163
7
284 209 206 336 365 195 190
1 3600 163
7
311 239 240 201 202 367 195
1 3600 163
5
283 284 173 170 274
1 3600 163
21
283 284 209 204 337 338 273 274 349 345 313 153 148 229 230 327 324 95 81 82 287
1 3600 163
10
284 209 204 383 384 13 16 415 418 426
1 3600 125
9
240 201 198 206 338 273 270 380 117
1 3600 262
23
493 494 483 480 489 145 121 118 137 140 181 176 346 420 409 95 81 76 85 88 57 60 74
1 3600 262
17
278 221 222 209 206 336 365 195 192 266 291 286 83 80 92 100 188
1 3600 262
13
278 508 175 168 376 261 251 155 107 102 226 321 319
1 3600 262
10
248 379 374 482 495 453 277 280 500 504
1 3600 165
11
499 481 375 169 172 285 282 253 254 241 242
1 3600 165
9
142 244 381 271 272 339 207 208 285
1 3600 165
8
470 474 453 456 221 215 210 238
1 3600 165
4
307 304 481 482
1 3600 165
6
477 478 375 376 271 272
1 3600 165
3
474 494 175
1 3600 165
5
248 379 169 172 223
1 3600 113
6
245 143 144 488 305 308
1 3600 262
22
480 489 145 121 118 137 140 182 105 102 224 230 420 269 266 15 12 19 20 133 130 399
1 3600 149
11
307 304 489 485 249 244 381 261 262 348 197
1 3600 149
12
247 143 121 118 137 138 151 146 360 265 266 291
1 3600 179
4
376 261 258 137
1 3600 179
9
247 143 121 118 137 140 182 179 161
1 3600 179
12
169 170 274 349 345 340 147 150 157 107 102 226
1 3600 262
20
487 485 249 244 381 261 251 229 230 327 324 95 81 78 413 411 371 368 71 72
1 3600 262
14
145 121 118 137 140 181 176 321 322 324 95 92 100 188
1 3600 262
8
478 375 376 261 251 229 230 327
1 3600 145
3
2 449 450
1 3600 145
3
399 394 449
1 3600 145
6
465 462 399 394 449 450
1 3600 145
6
363 23 18 385 382 205
1 3600 145
21
398 131 132 507 403 400 442 469 27 28 423 373 289 290 267 193 194 366 203 200 255
1 3600 262
29
398 463 458 435 393 295 292 55 45 46 73 61 56 89 84 77 80 94 325 326 231 228 250 260 377 374 479 476 496
1 3600 134
6
389 127 122 506 21 18
1 3600 134
10
63 64 51 54 293 294 392 434 459 460
1 3600 158
6
132 507 403 406 415 25
1 3600 158
6
400 442 417 418 425 373
1 3600 158
11
129 122 403 406 17 10 290 267 264 191 196
1 3600 158
22
461 458 435 393 295 292 55 52 75 70 369 370 410 412 79 80 94 408 421 231 228 149
1 3600 158
6
35 30 27 24 418 426
1 3600 158
4
184 442 417 418
1 3600 158
4
13 16 415 418
1 3600 158
13
397 398 131 125 126 386 55 52 39 40 433 423 424
1 3600 158
3
507 403 406
1 3600 262
16
63 35 32 42 56 89 84 77 80 94 325 323 320 227 103 106
1 3600 148
4
123 126 390 295
1 3600 148
12
132 507 403 404 329 51 45 46 73 61 58 111
1 3600 148
4
397 398 463 458
1 3600 148
8
20 507 403 400 185 63 64 51
1 3600 94
6
466 433 423 373 357 113
1 3600 262
13
35 36 39 40 433 423 373 289 290 267 268 409 317
1 3600 113
14
269 264 361 341 344 348 275 171 174 509 279 280 500 504
1 3600 116
9
289 290 267 193 196 275 171 174 495
1 3600 116
9
360 191 194 364 337 207 208 285 282
1 3600 116
13
429 419 414 407 402 506 21 18 385 339 207 208 223
1 3600 116
11
427 419 414 17 12 385 382 205 208 285 282
1 3600 94
6
343 344 263 260 377 374
1 3600 127
10
360 265 266 291 288 372 422 29 26 31
1 3600 127
14
345 340 360 265 266 430 355 352 113 85 88 57 43 33
1 3600 127
11
341 344 348 275 272 384 5 8 135 125 128
1 3600 127
14
153 148 229 230 420 269 266 291 11 16 415 416 443 185
1 3600 127
9
197 192 266 291 288 372 422 432 467
1 3600 127
18
351 345 313 153 148 229 230 420 409 95 90 355 352 356 372 424 419 416
1 3600 127
10
343 344 348 275 272 384 5 2 395 396
1 3600 121
11
427 425 373 357 353 354 431 267 268 421 231
1 3600 121
6
267 264 361 341 344 350
1 3600 129
8
345 340 147 150 157 107 104 179
1 3600 129
7
190 361 147 150 157 158 181
1 3600 129
13
425 373 357 353 354 91 94 325 323 320 227 103 106
1 3600 129
8
17 14 267 268 421 347 177 161
1 3600 84
4
28 69 66 57
1 3600 113
14
153 148 229 230 327 324 95 81 76 114 411 99 100 188
1 3600 113
8
340 360 265 266 291 288 372 422
1 3600 113
6
192 266 291 286 354 440
1 3600 137
13
419 25 28 69 66 89 86 370 99 100 188 297 300
1 3600 262
14
160 180 141 136 119 120 144 488 481 482 509 279 280 500
1 3600 94
15
227 103 106 156 139 136 119 116 381 271 272 339 207 199 200
1 3600 106
10
104 183 141 136 119 120 144 488 305 308
1 3600 106
9
177 178 183 141 136 119 120 142 248
1 3600 218
12
226 346 420 269 266 15 12 19 22 135 130 399
1 3600 114
7
321 322 324 95 90 355 287
1 3600 114
16
140 159 107 102 226 321 319 316 95 81 76 112 356 372 424 428
1 3600 114
5
118 137 138 151 152
1 3600 114
4
182 179 176 346
1 3600 114
4
183 159 154 149
1 3600 163
4
226 177 161 164
1 3600 262
23
163 160 176 321 322 324 95 81 78 413 411 371 368 59 60 72 47 44 54 387 390 392 438
1 3600 125
11
167 160 178 105 102 224 230 420 269 266 430
1 3600 79
5
165 160 176 321 319
1 3600 262
15
60 74 37 34 62 184 401 402 506 133 134 9 2 449 450
1 3600 262
15
109 110 71 72 47 44 50 328 405 402 506 21 18 385 273
1 3600 262
16
437 393 391 127 124 134 9 4 385 273 171 168 378 484 488 498
1 3600 224
6
437 434 459 462 399 396
1 3600 224
8
109 110 59 43 33 34 62 186
1 3600 224
9
437 393 295 235 232 55 50 65 62
1 3600 224
4
38 53 54 387
1 3600 224
5
294 391 127 124 134
1 3600 224
6
393 391 127 124 134 23
1 3600 224
8
44 50 328 405 402 506 133 130
1 3600 212
16
232 55 52 75 61 56 89 84 77 80 94 325 326 231 228 149
1 3600 212
15
45 46 73 70 369 370 410 412 79 80 94 408 421 231 228
1 3600 212
10
110 369 87 84 112 353 354 431 267 193
1 3600 262
15
65 35 30 468 417 414 17 10 290 267 268 421 231 228 155
1 3600 202
5
41 38 53 54 233
1 3600 202
3
66 57 58
1 3600 206
10
292 55 52 39 42 56 89 86 370 410
1 3600 206
7
49 46 73 70 369 370 99
1 3600 206
3
66 89 84
1 3600 206
6
49 46 73 61 56 89
1 3600 206
9
237 232 55 52 75 61 58 369 370
1 3600 206
10
40 433 423 373 289 286 83 80 92 96
1 3600 206
7
66 89 86 370 99 100 188
1 3600 262
16
435 393 295 292 55 52 39 42 56 89 84 77 80 94 317 314
1 3600 262
18
87 88 67 68 29 26 468 443 401 402 506 133 130 399 394 449 446 501
1 3600 262
13
97 93 81 82 354 431 267 264 191 194 366 511 359
1 3600 262
14
84 77 80 94 325 326 231 228 250 260 377 374 479 471
1 3600 79
9
97 98 371 368 71 74 37 34 62
1 3600 123
11
97 93 90 355 287 290 267 264 361 147 152
1 3600 123
6
76 85 88 67 68 29
1 3600 123
6
82 287 11 12 5 6
1 3600 123
5
112 356 289 290 267
1 3600 137
8
353 354 91 94 325 323 320 227
1 3600 113
3
432 41 42
1 3600 113
4
115 85 88 67
1 3600 113
15
189 101 98 371 368 59 60 72 47 44 54 293 294 392 438
1 3600 113
12
356 372 422 432 41 38 53 54 293 294 392 438
1 3600 109
5
113 114 411 99 100
1 3600 91
6
353 83 80 94 317 318
1 3600 91
6
80 92 100 188 297 302
1 3600 262
17
315 318 320 227 103 106 154 250 260 377 169 172 223 220 279 280 445
1 3600 262
15
303 296 189 101 93 90 431 267 193 194 366 511 243 211 216
1 3600 262
17
296 189 101 93 94 325 326 347 227 103 106 158 141 136 119 120 144
1 3600 262
9
324 408 269 266 15 12 19 22 362
1 3600 90
4
324 95 90 431
1 3600 71
9
303 296 189 101 93 94 325 323 320
1 3600 262
12
322 324 95 81 76 85 88 57 43 38 53 54
1 3600 110
3
324 95 92
1 3600 110
4
324 95 92 100
1 3600 110
8
315 316 95 81 78 413 411 371
1 3600 202
7
303 296 189 101 93 94 325
