399
1 3600 973
9
283 280 376 821 361 315 318 703 131
1 3600 973
4
396 29 24 359
1 3600 973
5
26 103 100 332 285
1 3600 973
9
365 323 320 371 372 317 318 806 571
1 3600 973
6
96 367 323 324 328 590
1 3600 973
3
333 334 696
1 3600 973
9
591 329 326 369 363 358 25 28 397
1 3600 973
13
333 101 102 27 24 359 315 318 703 311 305 308 606
1 3600 973
8
829 129 130 702 319 314 358 25
1 3600 943
19
765 567 568 629 255 260 632 619 267 268 562 69 72 475 472 119 116 573 576
1 3600 943
22
583 381 289 284 395 396 29 30 700 567 568 629 630 159 154 408 638 650 643 644 471 472
1 3600 943
32
389 390 367 323 320 371 372 317 318 703 311 305 306 153 156 241 236 545 291 91 88 556 834 585 588 600 69 72 475 472 119 120
1 3600 943
11
697 335 101 55 50 321 322 366 97 98 814
1 3600 943
9
764 808 359 362 368 327 328 477 45
1 3600 943
8
819 387 365 323 324 328 477 45
1 3600 943
17
313 305 306 153 154 410 502 652 656 658 643 43 40 471 472 119 122
1 3600 943
49
289 284 333 334 698 700 764 810 820 377 281 278 273 270 173 174 759 457 185 182 186 13 14 198 216 293 91 92 469 466 550 419 420 553 67 62 801 75 76 438 450 647 644 690 707 297 298 475 472
1 3600 943
8
703 131 132 313 305 308 515 512
1 3600 943
25
289 284 333 101 102 53 50 371 363 315 318 806 275 272 745 629 630 635 632 619 267 268 562 69 72
1 3600 943
8
570 807 703 311 305 308 515 512
1 3600 943
41
289 284 395 396 29 24 359 315 318 806 275 270 399 400 695 143 144 615 616 759 457 185 182 186 188 192 196 718 740 137 138 345 346 485 486 835 403 406 562 601 598
1 3600 943
28
609 591 329 326 369 363 360 820 377 281 278 745 629 255 256 239 236 545 291 91 92 437 434 663 603 600 69 72
1 3600 943
11
326 369 372 317 318 703 311 305 308 515 512
1 3600 943
3
45 46 826
1 3600 943
23
379 289 284 333 334 698 700 567 568 629 630 159 154 408 638 650 643 43 40 690 707 297 298
1 3600 943
36
609 591 477 45 48 305 306 153 156 619 267 264 93 94 180 485 482 481 413 37 34 803 801 79 80 438 448 532 39 40 471 472 119 116 573 574
1 3600 943
10
371 372 317 318 703 131 132 313 49 46
1 3600 943
20
351 348 381 289 286 387 365 323 324 326 369 363 315 318 703 311 305 308 515 125
1 3600 943
3
330 515 125
1 3600 957
42
52 27 24 359 315 318 806 275 270 626 141 144 623 624 759 457 185 182 186 190 207 202 228 234 179 176 497 485 486 87 82 420 553 554 655 656 658 643 644 690 675 680
1 3600 957
43
372 317 318 806 571 568 629 255 258 564 457 185 182 163 17 14 196 718 740 137 134 795 597 537 519 507 383 251 245 248 529 524 443 444 441 438 450 793 39 40 690 675 676
1 3600 1340
36
99 96 367 323 320 51 52 27 24 809 765 567 568 629 630 159 154 410 502 652 654 65 62 801 459 460 453 454 666 9 2 713 714 107 104 749
1 3600 1340
34
697 698 700 567 568 629 255 256 239 236 559 560 293 91 88 549 405 402 834 487 341 336 493 494 537 519 507 383 251 252 664 669 5 2
1 3600 948
19
389 390 367 323 320 371 363 315 318 806 275 270 399 355 356 143 144 615 616
1 3600 948
9
377 281 278 273 270 399 355 352 746
1 3600 948
9
130 702 806 275 270 173 174 617 612
1 3600 948
9
396 29 30 700 567 568 629 255 258
1 3600 948
10
324 326 369 372 317 318 806 275 270 399
1 3600 948
10
371 363 315 318 703 311 305 306 153 158
1 3600 948
10
306 153 158 635 261 258 564 758 625 620
1 3600 948
15
324 326 369 363 360 820 377 281 278 745 629 255 256 456 565
1 3600 948
7
377 281 278 273 270 626 353
1 3600 948
14
99 96 367 323 320 51 52 27 30 700 567 568 629 255
1 3600 948
21
101 102 27 24 359 315 318 703 131 132 313 305 308 331 153 156 241 242 277 161 162
1 3600 948
8
273 270 399 400 695 143 144 812
1 3600 948
8
281 278 273 270 173 174 617 612
1 3600 948
18
367 323 324 328 477 45 48 305 306 153 156 241 242 540 11 12 190 732
1 3600 948
11
153 158 635 261 258 564 758 625 622 145 142
1 3600 948
7
310 702 806 275 270 399 400
1 3600 817
8
811 765 567 568 629 630 635 632
1 3600 817
14
372 317 318 806 275 272 745 629 255 260 632 619 267 262
1 3600 817
12
128 711 705 313 305 306 153 154 408 640 662 587
1 3600 817
8
765 567 568 629 255 256 239 236
1 3600 817
13
609 591 477 45 48 305 308 331 153 154 408 433 430
1 3600 788
22
287 284 333 334 698 700 567 568 629 630 159 156 619 267 268 562 601 602 641 638 650 659
1 3600 1340
36
567 570 275 270 626 141 144 623 624 759 457 185 182 163 160 276 243 236 545 291 91 88 556 834 585 586 663 660 553 33 34 803 801 75 76 438
1 3600 1340
26
132 313 305 306 153 156 619 267 264 469 466 550 419 420 553 33 34 61 56 523 524 443 446 669 666 9
1 3600 864
16
607 331 153 156 241 236 559 560 211 214 220 721 225 226 817 799
1 3600 864
14
710 129 130 702 806 275 270 399 355 356 694 689 685 686
1 3600 583
19
698 700 764 810 820 377 281 278 745 629 255 260 632 619 267 264 469 464 405
1 3600 1340
32
396 29 24 359 315 318 806 275 270 173 174 759 457 185 182 186 188 194 200 202 228 234 137 134 795 649 499 489 481 413 37 34
1 3600 1340
21
591 477 45 48 305 306 153 154 410 502 652 654 65 62 802 61 56 425 428 249 244
1 3600 1340
20
130 702 806 571 568 629 255 256 185 182 163 17 14 198 213 208 724 776 771 772
1 3600 1340
32
611 591 329 326 369 372 317 318 806 275 270 626 141 144 615 616 759 457 239 236 545 291 91 94 180 347 342 795 649 595 537 519
1 3600 234
22
473 474 73 68 563 269 266 618 633 634 631 628 569 566 701 699 335 332 285 288 380 580
1 3600 234
16
299 296 706 691 645 642 651 639 409 155 158 631 628 744 279 280
1 3600 234
26
572 117 118 473 474 73 68 601 589 584 835 557 89 90 290 544 237 240 157 152 307 304 310 702 319 314
1 3600 234
15
124 514 309 304 310 702 319 316 373 370 321 322 364 386 818
1 3600 234
17
118 473 470 41 42 642 659 657 653 503 411 155 152 307 304 312 133
1 3600 234
30
118 473 474 73 68 563 407 404 548 89 90 292 217 199 193 189 187 183 184 257 254 628 569 570 807 319 316 373 368 327
1 3600 181
15
127 124 514 331 153 154 408 640 603 600 69 72 475 472 119
1 3600 203
5
123 118 473 474 299
1 3600 203
8
572 117 118 473 470 690 675 678
1 3600 203
13
473 470 41 38 533 530 714 113 111 104 301 302 750
1 3600 638
11
47 48 305 306 153 154 410 502 650 643 43
1 3600 1340
10
121 118 473 470 41 38 533 530 716 756
1 3600 181
18
815 99 96 367 323 320 371 363 315 318 806 275 270 399 400 695 143 144
1 3600 223
6
599 602 641 409 410 504
1 3600 223
16
599 589 584 487 484 496 785 139 136 741 719 197 15 10 541 243
1 3600 223
28
815 99 96 367 323 320 371 363 360 820 377 281 278 745 629 630 635 632 619 267 264 437 434 663 641 638 503 504
1 3600 239
21
579 572 117 118 473 474 299 296 706 691 645 646 451 439 77 74 800 63 64 708 722
1 3600 1340
7
572 117 118 473 470 645 646
1 3600 1340
13
473 474 521 295 296 706 691 41 38 533 530 712 3
1 3600 705
13
514 331 153 156 241 242 540 11 12 188 194 200 204
1 3600 515
14
118 473 474 73 68 563 407 404 465 468 93 90 292 217
1 3600 788
24
127 124 514 331 153 156 241 236 559 560 293 91 94 176 497 485 482 481 413 37 34 61 56 425
1 3600 1340
25
127 124 514 331 153 158 635 261 256 185 182 186 13 14 196 718 740 137 134 795 597 537 519 507 508
1 3600 1340
21
577 572 117 118 473 474 73 68 601 589 584 487 484 181 178 235 230 738 779 771 772
1 3600 1340
19
579 572 117 118 473 470 41 38 792 451 439 440 445 446 665 253 250 382 506
1 3600 362
29
753 748 105 106 715 712 3 8 667 455 452 461 458 800 802 35 32 552 421 418 551 467 468 265 266 618 157 152 307
1 3600 183
13
223 115 112 715 531 532 39 40 471 472 119 116 573
1 3600 183
5
681 674 707 297 294
1 3600 183
9
674 707 297 298 475 472 119 116 573
1 3600 243
16
751 303 300 105 110 112 755 717 531 449 450 647 644 690 675 676
1 3600 165
12
296 706 691 41 38 533 530 716 754 107 104 301
1 3600 165
4
681 674 691 41
1 3600 1340
6
19 20 109 106 715 712
1 3600 744
17
470 645 642 651 639 640 662 435 436 93 90 290 544 237 242 277 161
1 3600 209
11
679 674 691 645 642 659 657 653 503 411 155
1 3600 205
8
677 674 691 645 642 659 657 654
1 3600 205
8
833 805 681 674 691 645 642 659
1 3600 372
5
706 691 41 42 646
1 3600 1340
8
674 691 41 38 533 530 712 3
1 3600 1340
34
18 223 115 112 715 712 3 4 668 447 442 525 522 57 60 35 36 412 480 488 498 648 794 135 136 741 233 230 738 779 771 768 165 170
1 3600 744
23
833 805 681 674 691 645 646 451 439 81 78 800 63 66 552 421 418 491 483 341 338 794 135
1 3600 670
19
751 748 105 106 755 717 712 3 8 667 455 445 442 525 528 429 424 57 58
1 3600 1030
9
691 41 38 792 451 439 440 445 446
1 3600 1340
31
751 748 105 110 112 715 712 3 4 668 665 253 250 382 506 518 536 596 794 343 344 784 177 95 90 292 211 214 220 727 728
1 3600 1340
21
833 805 681 674 691 645 646 451 439 77 74 459 462 525 528 249 244 250 384 511 506
1 3600 1340
29
106 715 531 449 439 81 78 800 63 64 555 552 421 83 86 835 403 406 269 266 618 157 152 330 309 304 49 44 476
1 3600 536
5
40 471 472 119 116
1 3600 155
12
300 105 110 112 755 717 531 532 39 40 690 675
1 3600 155
4
40 690 675 678
1 3600 285
4
106 715 531 532
1 3600 212
3
533 530 712
1 3600 1340
28
110 112 715 712 3 8 667 455 441 77 74 800 802 35 36 412 480 483 484 181 178 235 229 203 206 191 13 16
1 3600 837
9
42 642 651 639 640 662 435 436 265
1 3600 279
16
105 106 755 717 712 3 4 455 452 461 458 800 63 64 655 656
1 3600 152
5
112 715 712 3 6
1 3600 837
6
300 105 106 715 712 3
1 3600 1340
21
39 42 642 651 639 640 603 600 563 407 402 834 487 484 347 344 139 136 741 719 225
1 3600 1340
17
112 755 717 531 449 439 81 78 800 802 35 32 552 421 418 551 467
1 3600 957
18
106 715 712 3 8 667 668 665 253 250 382 506 518 536 495 492 489 490
1 3600 788
7
112 715 531 449 439 440 445
1 3600 1340
29
110 112 755 717 712 3 4 668 665 247 244 250 382 506 518 536 594 499 337 340 484 496 177 95 90 292 211 208 728
1 3600 1340
18
106 715 531 449 439 77 74 459 460 692 525 528 249 244 250 384 511 506
1 3600 1340
38
3 8 667 455 441 81 78 800 63 66 552 421 83 86 835 557 89 90 290 544 237 238 456 758 175 172 271 274 807 319 314 362 368 327 325 322 366 391
1 3600 1340
10
531 532 39 40 471 472 119 116 573 574
1 3600 1030
7
531 532 39 40 690 675 678
1 3600 133
4
761 713 714 113
1 3600 1340
34
717 712 3 4 668 447 442 525 522 57 60 35 36 412 480 488 498 648 794 135 136 235 229 203 201 195 189 187 183 184 456 758 625 620
1 3600 1340
24
761 3 8 667 455 452 461 458 800 63 66 552 661 662 587 584 835 557 89 90 292 561 558 237
1 3600 1340
8
757 717 531 449 450 647 642 659
1 3600 609
4
713 531 532 792
1 3600 1340
19
763 3 4 668 665 253 250 382 506 518 536 596 794 135 136 741 233 229 226
1 3600 1340
20
761 3 8 667 455 441 77 74 800 802 35 32 552 421 422 480 488 337 338 794
1 3600 1340
10
757 717 531 449 439 81 78 800 802 35
1 3600 1340
10
757 717 712 3 4 668 665 253 250 384
1 3600 1340
24
757 717 531 532 39 42 642 659 657 653 639 640 662 435 436 93 90 292 217 213 214 220 727 728
1 3600 1340
13
3 8 667 455 445 442 525 528 249 244 250 382 506
1 3600 345
8
398 271 274 807 703 311 305 308
1 3600 345
7
634 159 152 307 304 312 704
1 3600 345
5
637 261 254 628 569
1 3600 345
9
634 631 628 569 566 701 31 28 397
1 3600 345
11
758 617 614 145 140 627 271 274 807 703 311
1 3600 345
18
688 401 398 271 274 807 319 314 358 25 26 103 100 332 285 288 380 349
1 3600 345
18
614 145 142 357 354 398 271 272 279 280 376 821 361 362 368 327 328 590
1 3600 181
17
613 616 759 457 239 236 545 291 91 88 556 834 585 588 600 69 72
1 3600 837
16
186 188 192 198 213 210 293 91 88 549 405 406 562 69 72 299
1 3600 1340
37
141 144 623 624 759 457 185 182 186 190 207 202 228 234 179 180 485 486 87 82 420 553 67 62 801 79 80 440 454 5 2 713 714 113 111 104 749
1 3600 1340
29
624 759 457 185 182 163 17 14 196 718 740 137 134 795 649 595 537 519 507 510 385 251 252 664 669 666 9 2 760
1 3600 357
6
174 759 565 259 260 634
1 3600 357
9
143 144 615 616 759 565 259 260 636
1 3600 351
10
375 281 278 745 629 630 635 632 619 267
1 3600 351
17
747 141 144 623 624 759 457 239 236 545 291 91 92 265 268 562 601
1 3600 351
13
688 695 143 144 615 616 759 565 259 260 632 619 267
1 3600 351
11
173 174 759 457 185 182 163 160 276 243 240
1 3600 351
24
353 356 143 144 623 624 759 457 185 182 186 188 192 196 718 740 179 176 497 485 486 585 588 600
1 3600 351
17
616 759 457 239 236 559 560 293 91 92 437 434 663 641 409 410 504
1 3600 609
9
271 272 745 629 630 159 154 410 500
1 3600 1340
21
17 14 198 216 293 91 88 549 546 550 419 420 553 67 62 801 459 460 453 454 666
1 3600 1340
18
632 619 267 268 562 601 602 660 553 33 34 803 801 75 76 440 454 5
1 3600 305
9
564 457 185 182 186 190 207 202 226
1 3600 305
11
141 144 623 624 759 457 185 182 186 188 194
1 3600 305
14
356 143 144 615 616 759 457 185 182 163 17 14 196 718
1 3600 305
7
255 256 185 182 186 188 194
1 3600 305
16
621 624 759 457 185 182 186 190 207 202 226 817 799 735 738 779
1 3600 311
12
813 615 616 759 457 239 236 545 291 91 94 176
1 3600 311
14
688 695 143 144 623 624 759 565 259 260 632 619 267 264
1 3600 705
10
17 14 196 718 740 137 134 795 339 336
1 3600 1340
19
632 619 267 264 469 466 547 548 556 834 487 341 336 493 494 537 519 507 510
1 3600 1340
11
613 616 759 457 239 236 559 560 211 208 728
1 3600 1340
17
630 159 156 241 236 545 291 91 94 176 785 345 342 795 597 537 519
1 3600 131
7
238 257 254 628 744 279 282
1 3600 145
17
276 243 236 545 291 91 88 549 405 406 562 69 72 475 472 119 122
1 3600 145
6
69 72 475 472 119 120
1 3600 227
17
154 408 638 652 654 65 62 801 79 80 438 448 530 714 107 108 222
1 3600 957
7
71 72 299 296 706 691 41
1 3600 1340
16
601 602 660 553 33 34 61 56 523 524 443 444 454 5 2 762
1 3600 169
7
633 261 258 564 758 625 620
1 3600 169
16
823 599 600 563 269 266 618 633 261 258 564 758 625 622 145 140
1 3600 169
6
505 411 155 158 635 636
1 3600 197
17
505 502 639 640 603 600 563 407 404 548 89 90 290 544 237 242 277
1 3600 150
12
291 91 94 180 485 482 481 423 420 553 554 65
1 3600 150
6
154 410 502 652 654 555
1 3600 893
13
602 660 553 67 62 801 459 460 453 454 666 9 6
1 3600 1340
20
267 264 469 464 405 402 834 87 84 413 37 34 61 56 523 524 443 446 669 5
1 3600 163
12
408 640 603 589 584 487 484 181 178 235 230 736
1 3600 188
6
431 432 640 662 587 584
1 3600 188
7
544 559 560 217 213 214 220
1 3600 188
8
276 540 11 14 198 213 214 218
1 3600 186
11
823 599 600 563 407 402 834 487 341 336 493
1 3600 788
9
601 602 660 553 67 62 801 459 460
1 3600 1340
10
559 560 211 214 220 727 724 776 771 772
1 3600 1340
12
71 68 601 589 584 487 341 338 649 595 537 519
1 3600 558
9
501 411 155 158 631 628 569 566 764
1 3600 206
8
502 650 643 644 471 472 119 120
1 3600 98
15
663 641 638 650 643 43 38 533 530 716 754 113 114 21 18
1 3600 279
13
638 652 656 658 643 646 451 448 530 714 107 104 301
1 3600 1340
11
65 62 801 75 76 440 454 666 9 2 762
1 3600 536
9
723 709 655 653 503 411 155 158 631
1 3600 133
3
663 641 409
1 3600 133
6
435 436 93 90 290 544
1 3600 273
6
723 709 555 552 661 662
1 3600 119
6
646 451 439 440 454 666
1 3600 1340
12
502 652 654 65 62 801 459 462 443 446 669 5
1 3600 705
21
653 639 640 603 600 563 269 266 618 241 238 456 758 617 614 145 142 694 689 685 686
1 3600 178
9
66 552 421 418 491 483 484 496 177
1 3600 160
7
502 652 654 555 33 34 61
1 3600 160
7
663 660 553 33 34 61 58
1 3600 231
10
663 660 553 554 65 62 801 459 462 443
1 3600 1340
17
501 411 408 640 662 435 436 93 94 178 741 233 230 738 779 771 772
1 3600 1340
10
555 552 421 422 480 488 493 494 537 519
1 3600 1340
15
449 450 647 642 651 503 411 155 152 307 304 310 702 319 314
1 3600 957
9
7 2 713 531 532 39 40 471 472
1 3600 298
6
448 530 714 113 114 21
1 3600 129
7
530 716 754 107 104 749 303
1 3600 837
4
793 533 530 712
1 3600 1340
29
667 668 447 442 525 522 57 60 35 36 412 85 86 835 557 89 90 292 217 199 15 16 162 183 184 456 758 625 620
1 3600 670
10
449 439 77 74 800 63 66 552 661 603
1 3600 98
10
671 667 455 452 461 458 800 63 64 655
1 3600 462
4
667 455 441 438
1 3600 291
3
530 712 3
1 3600 1340
23
671 667 668 665 253 250 382 506 518 536 594 648 794 135 136 235 230 738 779 771 768 165 170
1 3600 837
16
449 439 81 78 800 802 35 32 552 421 418 551 467 468 93 90
1 3600 243
14
7 4 668 447 442 463 458 800 63 66 552 661 662 435
1 3600 106
5
7 4 455 441 77
1 3600 1340
23
667 668 665 247 244 250 384 511 506 518 536 596 794 135 136 741 719 720 727 724 776 771 772
1 3600 1340
7
667 668 665 253 250 382 506
1 3600 1340
25
4 455 445 442 525 522 57 60 35 36 412 85 86 835 403 404 465 468 265 266 618 633 261 254 628
1 3600 1340
17
4 455 452 461 458 800 63 64 655 653 639 409 155 152 330 515 512
1 3600 1340
10
2 713 531 532 39 40 690 675 680 804
1 3600 462
3
2 713 714
1 3600 446
4
2 713 716 756
1 3600 1340
29
4 455 441 81 78 800 802 35 36 412 480 483 484 181 178 741 719 197 193 189 187 183 184 456 758 625 622 145 142
1 3600 1340
21
4 668 447 442 525 528 429 424 57 60 35 32 552 421 418 551 467 468 265 266 618
1 3600 1218
9
2 713 531 532 39 42 642 659 657
1 3600 197
5
2 713 531 449 450
1 3600 1340
25
8 667 668 665 247 244 250 382 506 518 536 495 492 337 340 484 496 177 95 90 292 217 199 193 194
1 3600 1340
20
4 455 441 77 74 800 63 66 552 421 83 86 835 557 89 90 292 211 214 218
1 3600 1340
9
8 667 455 452 461 458 800 802 35
1 3600 383
7
4 668 447 442 525 522 824
1 3600 1340
21
8 667 668 665 253 250 384 511 506 518 536 594 648 794 135 136 741 719 720 727 728
1 3600 1340
11
4 455 445 442 525 528 249 244 250 382 506
1 3600 394
27
770 778 739 734 798 816 227 203 206 191 187 183 184 257 254 628 569 566 701 699 335 332 285 288 380 349 350
1 3600 744
15
234 137 138 345 346 485 486 585 588 600 69 72 475 472 119
1 3600 1340
24
200 202 228 234 179 180 485 482 481 413 37 34 803 801 79 80 438 448 530 714 113 111 108 222
1 3600 1340
16
188 192 198 216 293 91 92 437 434 663 641 638 650 643 43 38
1 3600 1340
20
737 231 232 740 137 134 795 597 537 519 507 383 251 245 246 664 669 5 2 713
1 3600 591
16
789 769 770 777 725 726 721 197 15 16 162 183 184 456 758 617
1 3600 591
11
725 209 210 561 558 237 238 456 758 617 612
1 3600 591
18
791 167 164 769 770 778 739 231 229 203 201 195 189 187 183 184 257 254
1 3600 591
7
15 16 162 183 184 456 565
1 3600 591
10
191 187 183 184 456 758 175 172 399 355
1 3600 591
12
777 725 726 221 215 210 561 558 237 240 633 636
1 3600 591
11
831 227 224 197 15 10 541 243 240 157 158
1 3600 591
24
169 164 769 770 778 739 734 798 816 227 203 206 191 187 183 184 456 758 617 614 145 142 694 689
1 3600 591
12
767 770 777 725 209 212 216 561 558 237 238 456
1 3600 543
8
198 216 293 91 88 556 834 585
1 3600 543
10
780 739 231 234 179 176 497 485 486 585
1 3600 543
17
167 164 769 770 778 739 231 232 740 179 95 92 437 434 663 641 409
1 3600 893
22
167 164 769 770 778 739 231 234 137 138 345 346 485 482 490 419 420 553 554 655 656 658
1 3600 1340
17
718 740 137 134 795 649 595 537 519 507 383 251 252 664 669 666 670
1 3600 1340
25
831 227 224 720 221 215 210 293 91 88 556 834 87 84 413 37 34 61 56 523 524 443 444 454 5
1 3600 595
24
169 164 769 770 777 725 209 212 199 15 16 162 183 184 456 758 625 622 145 142 694 689 685 686
1 3600 595
9
171 164 769 770 777 725 726 721 197
1 3600 595
10
739 734 798 816 227 203 201 195 189 13
1 3600 595
10
226 817 799 735 738 779 771 768 165 168
1 3600 586
7
192 198 216 293 91 92 469
1 3600 586
6
798 816 227 224 720 221
1 3600 586
5
783 775 725 209 212
1 3600 586
5
726 721 718 740 179
1 3600 586
8
205 202 228 234 137 138 784 497
1 3600 586
9
13 10 541 243 236 545 291 91 88
1 3600 586
11
167 164 769 770 778 739 231 232 740 137 134
1 3600 586
21
683 684 688 695 143 144 623 624 759 565 259 260 632 619 267 268 407 402 834 487 484
1 3600 586
12
791 167 164 769 770 777 725 726 221 215 210 561
1 3600 586
6
231 234 179 95 92 469
1 3600 586
6
719 720 221 215 210 561
1 3600 586
8
731 205 201 195 192 198 213 214
1 3600 586
5
198 216 293 91 94
1 3600 432
15
147 148 174 759 565 259 260 632 619 267 264 469 466 550 491
1 3600 1340
24
167 164 769 770 778 739 231 232 740 137 134 795 597 537 519 507 510 385 251 245 248 529 524 693
1 3600 536
3
164 769 772
1 3600 1340
14
164 769 770 778 739 231 234 137 134 795 649 595 537 519
1 3600 515
16
403 406 269 266 618 633 634 631 628 569 566 701 31 28 397 392
1 3600 558
16
221 215 210 293 91 88 549 405 406 562 69 72 475 472 119 120
1 3600 893
9
339 340 486 585 588 600 69 72 299
1 3600 1340
15
546 550 419 420 553 67 62 801 75 76 438 448 530 714 113
1 3600 1340
14
486 585 588 602 641 638 650 643 43 38 533 530 716 756
1 3600 335
12
404 548 89 90 290 544 237 238 456 758 175 172
1 3600 335
10
215 212 199 15 12 187 183 184 257 254
1 3600 347
8
177 95 90 290 544 237 242 277
1 3600 347
11
219 215 212 216 293 91 92 265 268 562 601
1 3600 347
10
216 293 91 88 556 403 406 562 69 70
1 3600 347
11
179 180 485 486 585 586 663 641 409 410 504
1 3600 347
6
221 215 210 561 558 237
1 3600 223
13
721 718 740 179 176 497 485 482 481 423 420 553 67
1 3600 1218
15
499 489 481 413 37 34 803 801 79 80 440 454 666 9 6
1 3600 1340
17
91 88 549 546 550 419 420 553 33 34 803 801 459 460 453 454 5
1 3600 362
6
648 794 135 136 235 229
1 3600 362
9
557 89 90 290 544 237 242 540 11
1 3600 362
9
139 136 235 230 738 779 771 768 165
1 3600 362
3
741 719 197
1 3600 362
10
560 211 214 220 721 225 226 817 799 796
1 3600 362
6
136 235 230 738 781 782
1 3600 362
6
89 90 292 217 199 193
1 3600 362
6
540 11 12 190 207 202
1 3600 294
4
91 88 549 405
1 3600 294
5
560 293 91 88 556
1 3600 364
15
219 215 210 293 91 94 180 485 482 481 413 37 34 61 58
1 3600 364
11
795 339 336 489 490 419 420 553 33 34 61
1 3600 364
6
405 402 834 87 84 413
1 3600 364
4
465 466 550 491
1 3600 364
7
343 346 485 482 481 413 416
1 3600 364
9
137 138 345 346 485 486 87 84 413
1 3600 364
12
558 237 240 619 267 268 562 601 602 660 553 33
1 3600 496
11
562 601 602 660 553 67 62 801 459 460 692
1 3600 1340
9
93 90 292 211 208 724 776 771 772
1 3600 1340
3
597 537 519
1 3600 1117
14
32 554 655 653 503 411 155 158 631 628 744 279 280 376
1 3600 788
18
59 56 425 428 529 524 463 458 75 76 438 450 647 644 471 472 119 122
1 3600 744
14
803 801 79 80 438 448 530 716 754 107 104 749 752 19
1 3600 1117
15
420 553 554 655 656 658 643 43 38 533 530 714 107 104 749
1 3600 1340
15
417 37 34 61 56 425 428 249 246 664 669 666 9 2 762
1 3600 705
14
661 603 600 563 269 266 618 633 261 258 564 758 175 172
1 3600 191
6
490 419 420 661 641 433
1 3600 279
4
32 554 708 722
1 3600 279
7
481 423 420 553 554 655 656
1 3600 279
7
59 60 803 63 64 655 656
1 3600 343
9
417 37 34 803 801 75 76 438 448
1 3600 1340
9
34 61 56 523 524 443 444 454 5
1 3600 406
10
480 483 484 181 178 741 233 230 738 781
1 3600 241
10
337 340 484 496 177 95 90 292 217 213
1 3600 241
8
60 35 36 412 480 488 498 648
1 3600 241
4
418 551 467 468
1 3600 241
8
85 86 835 557 89 90 292 211
1 3600 241
7
495 492 337 340 486 835 403
1 3600 181
6
492 489 481 413 37 34
1 3600 249
6
34 61 56 425 428 249
1 3600 249
7
37 34 803 801 459 462 443
1 3600 249
10
519 507 383 251 252 664 447 444 441 77
1 3600 249
6
523 528 249 244 250 382
1 3600 1340
18
59 60 35 36 412 480 483 484 347 344 139 136 235 230 738 779 771 772
1 3600 638
6
480 488 493 494 537 519
1 3600 1340
19
461 458 800 63 64 655 653 503 411 155 152 307 304 310 702 319 314 358 809
1 3600 1340
9
441 438 450 647 644 690 707 297 298
1 3600 1030
16
509 383 251 245 248 529 524 463 458 79 80 438 450 647 644 471
1 3600 837
8
460 453 454 666 9 2 713 714
1 3600 1340
9
825 523 524 443 446 669 5 2 713
1 3600 1340
24
509 506 518 536 596 794 343 344 784 177 95 90 290 544 237 238 456 758 617 614 145 142 357 354
1 3600 788
10
441 81 78 800 63 64 655 653 639 409
1 3600 252
13
251 245 248 429 424 57 60 35 32 552 661 641 638
1 3600 418
6
527 524 443 446 669 666
1 3600 418
7
801 79 80 440 454 666 670
1 3600 1340
18
442 463 458 800 63 66 552 421 418 551 547 548 89 90 292 217 213 208
1 3600 432
11
525 528 249 244 250 384 511 506 518 536 594
1 3600 470
8
509 506 518 536 495 492 489 490
1 3600 470
11
510 385 251 245 248 429 424 57 60 35 36
1 3600 470
8
509 506 518 536 594 499 489 481
1 3600 470
5
673 447 442 525 522
1 3600 470
6
800 63 66 552 421 418
1 3600 470
6
825 57 60 35 36 414
1 3600 470
5
383 251 245 248 429
1 3600 470
7
77 74 800 802 35 36 414
1 3600 432
3
445 446 672
1 3600 432
6
74 459 462 525 528 249
1 3600 1340
16
382 506 518 536 596 794 135 136 741 719 720 727 724 776 771 772
1 3600 1340
20
773 770 777 725 209 212 199 15 10 541 243 240 157 152 307 304 49 44 476 592
1 3600 1340
16
773 770 778 739 231 234 179 176 497 485 486 585 588 600 69 72
1 3600 1340
22
729 209 210 293 91 92 437 434 663 641 638 650 643 43 38 533 530 716 754 113 114 21
1 3600 1340
24
729 726 221 215 212 216 561 558 237 240 157 154 408 638 650 643 43 38 533 530 714 113 111 104
1 3600 1340
17
729 209 210 293 91 92 437 434 663 641 638 650 643 646 451 448 530
1 3600 1340
10
729 726 721 197 15 10 541 243 240 633
1 3600 1340
8
729 209 212 216 293 91 92 265
1 3600 1340
13
729 726 721 718 740 137 138 345 346 485 486 585 586
1 3600 1340
20
773 770 778 739 231 234 137 134 795 649 595 537 519 507 383 251 252 664 669 666
1 3600 1340
20
773 770 778 739 231 232 740 137 134 795 597 537 519 507 383 251 252 664 669 5
1 3600 163
5
729 724 776 771 766
1 3600 418
7
773 770 778 739 231 234 179
1 3600 1340
24
773 770 778 739 734 798 816 227 228 232 740 179 180 485 486 87 82 420 553 67 62 802 61 58
1 3600 1340
19
773 770 777 725 209 210 293 91 92 469 466 550 419 420 553 67 62 801 75
1 3600 1340
5
773 770 777 725 728
1 3600 1340
12
729 726 721 718 740 137 134 795 649 595 537 519
1 3600 1340
22
518 536 596 339 340 486 835 403 404 465 468 265 266 618 157 152 330 309 304 312 133 128
1 3600 1340
19
507 510 385 251 252 664 447 444 441 438 450 647 644 471 472 119 116 573 578
1 3600 1340
19
507 383 251 245 248 529 524 693 461 458 79 80 438 450 793 39 40 690 707
1 3600 1340
12
507 383 251 252 664 669 5 2 713 714 107 108
1 3600 1340
10
507 510 385 251 252 664 669 5 2 760
1 3600 1340
12
518 536 594 648 794 135 136 741 719 197 15 16
1 3600 1340
16
518 536 495 492 337 340 486 835 403 406 562 601 602 641 433 430
1 3600 1340
13
507 383 251 245 248 529 522 57 60 35 32 554 655
1 3600 1340
9
507 383 251 252 664 669 666 9 6
1 3600 1340
9
507 510 385 251 245 246 664 669 5
1 3600 1340
11
518 536 596 794 135 136 235 229 203 204 730
1 3600 432
4
518 536 594 648
1 3600 197
7
507 383 251 245 248 429 424
1 3600 558
7
507 383 251 245 248 529 524
1 3600 1340
16
518 536 495 492 337 340 484 181 178 741 233 230 738 779 771 772
