314
22.277166 113.516624 1 0
22.27535 113.52667 2 0
22.279533 113.53943 3 1
22.239223 113.51602 4 1
22.263958 113.51127 5 1
22.233713 113.516106 6 1
22.264088 113.51281 7 1
22.254717 113.51256 8 0
22.240343 113.513695 9 1
22.236206 113.50628 10 0
22.24055 113.51293 11 1
22.26378 113.5096 12 1
22.28359 113.56201 13 0
22.283524 113.56192 14 0
22.26157 113.54668 15 1
22.28178 113.56138 16 0
22.275032 113.54373 17 1
22.27059 113.52933 18 1
22.237787 113.52376 19 0
22.238127 113.525635 20 0
22.265621 113.52396 21 0
22.239923 113.54177 22 0
22.240046 113.54156 23 0
22.231108 113.51696 24 0
22.241842 113.53348 25 1
22.248625 113.512924 26 1
22.24202 113.54938 27 1
22.260017 113.54542 28 0
22.270662 113.54427 29 1
22.268127 113.54414 30 1
22.267984 113.54725 31 1
22.270916 113.54746 32 1
22.271023 113.51677 33 0
22.275469 113.51341 34 0
22.276014 113.51643 35 1
22.24598 113.58915 36 0
22.23127 113.529465 37 0
22.24439 113.507195 38 0
22.25747 113.54859 39 0
22.231512 113.51128 40 0
22.231184 113.54092 41 0
22.23112 113.540886 42 0
22.272236 113.52463 43 1
22.283066 113.521255 44 0
22.274633 113.506546 45 1
22.264185 113.51392 46 0
22.276388 113.55983 47 1
22.244064 113.559715 48 1
22.245502 113.55877 49 0
22.267654 113.51282 50 1
22.267782 113.51271 51 1
22.231968 113.51686 52 0
22.231709 113.52667 53 0
22.231579 113.5265 54 0
22.232279 113.52552 55 0
22.256695 113.54354 56 0
22.25811 113.544136 57 0
22.281641 113.51218 58 1
22.24215 113.51798 59 1
22.287308 113.50629 60 0
22.268164 113.54383 61 1
22.2312 113.55129 62 0
22.24185 113.54941 63 1
22.272732 113.52747 64 0
22.289093 113.56674 65 0
22.249958 113.515465 66 0
22.232557 113.525955 67 1
22.285337 113.54593 68 1
22.276531 113.56664 69 0
22.236326 113.57945 70 0
22.257887 113.58378 71 0
22.231285 113.56002 72 0
22.267685 113.55747 73 0
22.267664 113.55961 74 0
22.28671 113.50726 75 0
22.242691 113.54516 76 0
22.231283 113.535286 77 0
22.239145 113.50655 78 0
22.24655 113.52259 79 0
22.239357 113.52497 80 0
22.240925 113.53369 81 0
22.268875 113.55633 82 1
22.273756 113.529816 83 1
22.268406 113.53684 84 1
22.290869 113.57029 85 1
22.28794 113.57168 86 1
22.285547 113.57032 87 0
22.290125 113.56877 88 1
22.28352 113.5385 89 1
22.277977 113.53979 90 1
22.291973 113.512245 91 0
22.27438 113.50727 92 1
22.274855 113.50659 93 0
22.275053 113.50609 94 0
22.275003 113.505974 95 0
22.27549 113.50603 96 0
22.26878 113.51896 97 1
22.248026 113.51155 98 1
22.257322 113.50604 99 0
22.233652 113.52102 100 1
22.277058 113.50662 101 0
22.277948 113.577034 102 0
22.276737 113.50606 103 0
22.251835 113.584 104 0
22.291948 113.517624 105 0
22.231577 113.56038 106 0
22.273794 113.54866 107 1
22.23115 113.51676 108 0
22.264359 113.50847 109 0
22.290852 113.50963 110 0
22.282173 113.50599 111 0
22.28098 113.50608 112 0
22.23216 113.506996 113 0
22.243534 113.54528 114 1
22.237204 113.50879 115 1
22.2432371 113.5809509 116 1
22.2436925 113.58152 117 1
22.2398131 113.5399206 118 1
22.2422587 113.5390547 119 0
22.2557764 113.5270693 120 1
22.2867437 113.5076127 121 1
22.2769418 113.5349858 122 1
22.2697578 113.523118 123 1
22.2717813 113.5227025 124 1
22.2745927 113.5221875 125 1
22.2748915 113.5241575 126 1
22.2743495 113.520378 127 0
22.2741801 113.5193172 128 1
22.2754318 113.5271033 129 1
22.2750797 113.5268771 130 1
22.275639 113.526914 131 1
22.243712 113.5682933 132 1
22.2764975 113.5190725 133 1
22.2791366 113.5187455 134 1
22.2703165 113.5279954 135 1
22.2705057 113.5277143 136 0
22.2632064 113.5205254 137 1
22.244238 113.52317 138 1
22.2431344 113.5226243 139 1
22.240636 113.52035 140 1
22.2427164 113.5164612 141 1
22.238253 113.5172915 142 1
22.2391698 113.518508 143 1
22.2802874 113.5430667 144 1
22.280126 113.5426947 145 1
22.2572403 113.510712 146 1
22.2425566 113.516274 147 1
22.2408297 113.5133553 148 1
22.249038 113.51278 149 1
22.2406883 113.5171 150 1
22.23703 113.5083675 151 1
22.2324547 113.5175533 152 1
22.2393684 113.506872 153 1
22.2576285 113.513469 154 1
22.2833148 113.5615348 155 0
22.2594747 113.5431187 156 0
22.262177 113.54585 157 1
22.2809789 113.5610578 158 1
22.2745455 113.5532688 159 1
22.283998 113.56302 160 1
22.2576085 113.54096 161 0
22.273491 113.54854 162 0
22.2839903 113.5615367 163 0
22.2731651 113.5724908 164 1
22.2773733 113.5741979 165 1
22.262368 113.5767138 166 1
22.2755895 113.573535 167 1
22.2691171 113.5200308 168 1
22.275433 113.5702111 169 1
22.272439 113.5397833 170 1
22.281748 113.54674 171 1
22.2804767 113.552415 172 1
22.278644 113.5433 173 1
22.2794525 113.54731 174 1
22.283037 113.552038 175 0
22.278593 113.5430275 176 1
22.2892417 113.5670577 177 1
22.2917226 113.5653846 178 1
22.285161 113.5696125 179 1
22.286403 113.568845 180 1
22.252606 113.579855 181 1
22.2883361 113.5594752 182 1
22.2713545 113.5277175 183 1
22.2704183 113.530518 184 0
22.2708657 113.5304153 185 0
22.2741583 113.5395147 186 1
22.272462 113.53997 187 1
22.2706352 113.5546058 188 1
22.2755475 113.539215 189 1
22.271232 113.527945 190 0
22.271508 113.54407 191 1
22.2686399 113.5198413 192 0
22.249688 113.5185425 193 1
22.233305 113.535413 194 1
22.2345183 113.5096196 195 1
22.2353548 113.522647 196 1
22.2868516 113.5515228 197 1
22.2387918 113.5341733 198 1
22.2426375 113.523278 199 1
22.2372608 113.5244038 200 1
22.2564044 113.5250592 201 1
22.2658277 113.5325213 202 1
22.2576868 113.5147622 203 1
22.257412 113.5204312 204 1
22.2633888 113.524064 205 1
22.2646166 113.5476507 206 1
22.2517379 113.5649955 207 1
22.264166 113.5487925 208 1
22.2658975 113.55093 209 1
22.2627937 113.5535833 210 0
22.2886808 113.573107 211 1
22.2742347 113.5764925 212 1
22.2580576 113.5845411 213 1
22.2778697 113.5767175 214 1
22.2468256 113.5622445 215 1
22.2406118 113.5459096 216 1
22.276807 113.570854 217 1
22.2782569 113.5738421 218 1
22.2453375 113.50846 219 1
22.247015 113.510315 220 1
22.2417118 113.5211063 221 1
22.2399785 113.517672 222 0
22.2683905 113.5567687 223 1
22.271756 113.55409 224 1
22.2625635 113.553935 225 1
22.243322 113.522435 226 0
22.2473114 113.5865361 227 1
22.277467 113.523705 228 1
22.2740425 113.514985 229 0
22.288744 113.5208813 230 1
22.273695 113.516535 231 0
22.2715583 113.519641 232 1
22.2781017 113.512912 233 1
22.2635518 113.5276303 234 1
22.2797295 113.523225 235 1
22.2440716 113.5635392 236 0
22.250118 113.5193842 237 1
22.249851 113.5184933 238 1
22.24446 113.5070725 239 0
22.231661 113.51114 240 0
22.2569415 113.5089298 241 1
22.2369197 113.5776909 242 1
22.2733173 113.5274667 243 1
22.278091 113.5265125 244 1
22.2483787 113.5897717 245 0
22.2482225 113.5897975 246 0
22.2444755 113.5886631 247 1
22.239265 113.5786 248 1
22.2442301 113.5837962 249 1
22.2497458 113.588821 250 1
22.286418 113.5083748 251 1
22.2871695 113.5169975 252 1
22.28625 113.5117883 253 1
22.2826565 113.518005 254 1
22.2866773 113.5079266 255 1
22.286819 113.5073 256 0
22.2491806 113.5697897 257 1
22.2844434 113.5421092 258 1
22.2772397 113.5102 259 1
22.2715011 113.5359425 260 1
22.2739975 113.5705175 261 1
22.2732999 113.5659928 262 1
22.2352987 113.5659517 263 1
22.2569875 113.5723049 264 1
22.2382015 113.546485 265 0
22.2420719 113.5169166 266 0
22.2437453 113.5163483 267 1
22.284477 113.507217 268 0
22.2675085 113.512165 269 0
22.2674035 113.512233 270 0
22.2656815 113.5090125 271 1
22.232407 113.5257433 272 0
22.2429243 113.5145947 273 1
22.231611 113.511017 274 0
22.243391 113.54572 275 0
22.2824749 113.5339434 276 1
22.2825168 113.5650702 277 1
22.2394273 113.5074183 278 1
22.290549 113.566303 279 0
22.2341815 113.532908 280 0
22.2679024 113.5131917 281 1
22.244004 113.520815 282 1
22.2403957 113.5062423 283 0
22.249017 113.5159116 284 1
22.24548 113.55912 285 1
22.237628 113.546315 286 0
22.2762848 113.5434562 287 1
22.2843804 113.541864 288 1
22.2764572 113.5437062 289 1
22.2534584 113.5869954 290 1
22.235147 113.56536 291 1
22.2428857 113.5131867 292 1
22.248281 113.5662353 293 1
22.2354215 113.528995 294 1
22.2416222 113.5600265 295 0
22.281563 113.5644967 296 1
22.273298 113.571952 297 0
22.273167 113.572043 298 0
22.2782225 113.552663 299 1
22.274849 113.53537 300 1
22.242506 113.51956 301 1
22.270035 113.5250775 302 1
22.2705585 113.5112925 303 1
22.269316 113.52146 304 0
22.2768365 113.565745 305 1
22.2489725 113.5154358 306 1
22.2484265 113.51188 307 1
22.2497493 113.515932 308 1
22.2690083 113.5364998 309 1
22.2409265 113.51085 310 1
22.2332335 113.50648 311 0
22.2314775 113.5427425 312 0
22.2314965 113.542815 313 0
22.234516 113.5202133 314 1
416
290 250 432.6798359511601 16.67 3 3 2 3
1 0 0 0 1 0 0 0 1
1 0 0 0 1 0 0 0 1
290 212 2436.458532465039 16.67 3 3 4 5
1 0 0 0 1 0 0 0 1
1 0 0 0 1 0 0 0 1
290 104 372.64850629544515 16.67 3 3 6 7
1 0 0 0 1 0 0 0 1
1 0 0 0 1 0 0 0 1
290 213 546.3910700184819 16.67 3 3 8 9
1 0 0 0 1 0 0 0 1
1 0 0 0 1 0 0 0 1
43 64 319.9110631194075 16.67 3 3 10 11
1 0 0 0 1 0 0 0 1
1 0 0 0 1 0 0 0 1
43 124 219.3892882885377 16.67 3 3 12 13
1 0 0 0 1 0 0 0 1
1 0 0 0 1 0 0 0 1
43 126 278.27087625792996 16.67 3 3 14 15
1 0 0 0 1 0 0 0 1
1 0 0 0 1 0 0 0 1
43 302 231.89702876634666 16.67 3 3 16 17
1 0 0 0 1 0 0 0 1
1 0 0 0 1 0 0 0 1
291 263 67.62554386684137 16.67 3 3 18 19
1 0 0 0 1 0 0 0 1
1 0 0 0 1 0 0 0 1
291 132 940.0263731890947 16.67 3 3 20 21
1 0 0 0 1 0 0 0 1
1 0 0 0 1 0 0 0 1
291 72 714.5951025470436 16.67 3 3 22 23
1 0 0 0 1 0 0 0 1
1 0 0 0 1 0 0 0 1
292 273 156.62251302833857 16.67 3 3 24 25
1 0 0 0 1 0 0 0 1
1 0 0 0 1 0 0 0 1
292 148 212.44678826465093 16.67 3 3 26 27
1 0 0 0 1 0 0 0 1
1 0 0 0 1 0 0 0 1
292 283 813.6475388163161 16.67 3 3 28 29
1 0 0 0 1 0 0 0 1
1 0 0 0 1 0 0 0 1
292 220 531.6162177134497 16.67 3 3 30 31
1 0 0 0 1 0 0 0 1
1 0 0 0 1 0 0 0 1
47 188 829.4142981525924 16.67 3 3 32 33
1 0 0 0 1 0 0 0 1
1 0 0 0 1 0 0 0 1
47 305 659.3756949160297 16.67 3 3 34 35
1 0 0 0 1 0 0 0 1
1 0 0 0 1 0 0 0 1
47 158 491.7487064809425 16.67 3 3 36 37
1 0 0 0 1 0 0 0 1
1 0 0 0 1 0 0 0 1
293 257 405.9554600687042 16.67 3 3 38 39
1 0 0 0 1 0 0 0 1
1 0 0 0 1 0 0 0 1
293 215 468.3829704812009 16.67 3 3 40 41
1 0 0 0 1 0 0 0 1
1 0 0 0 1 0 0 0 1
293 207 381.5722307168769 16.67 3 3 42 43
1 0 0 0 1 0 0 0 1
1 0 0 0 1 0 0 0 1
294 67 448.57181595658477 16.67 3 3 44 45
1 0 0 0 1 0 0 0 1
1 0 0 0 1 0 0 0 1
294 280 453.4659674724685 16.67 3 3 46 47
1 0 0 0 1 0 0 0 1
1 0 0 0 1 0 0 0 1
294 140 1101.0289698248562 16.67 3 3 48 49
1 0 0 0 1 0 0 0 1
1 0 0 0 1 0 0 0 1
9 4 283.08060590168805 16.67 3 3 50 51
1 0 0 0 1 0 0 0 1
1 0 0 0 1 0 0 0 1
9 148 62.74173741614667 16.67 3 3 52 53
1 0 0 0 1 0 0 0 1
1 0 0 0 1 0 0 0 1
9 11 87.6969457739308 16.67 3 3 54 55
1 0 0 0 1 0 0 0 1
1 0 0 0 1 0 0 0 1
296 277 117.04495136358875 16.67 3 3 56 57
1 0 0 0 1 0 0 0 1
1 0 0 0 1 0 0 0 1
296 16 347.3011462209588 16.67 3 3 58 59
1 0 0 0 1 0 0 0 1
1 0 0 0 1 0 0 0 1
296 305 505.77208416300914 16.67 3 3 60 61
1 0 0 0 1 0 0 0 1
1 0 0 0 1 0 0 0 1
82 262 1167.02383129531 16.67 3 3 62 63
1 0 0 0 1 0 0 0 1
1 0 0 0 1 0 0 0 1
82 223 69.75533790285785 16.67 3 3 64 65
1 0 0 0 1 0 0 0 1
1 0 0 0 1 0 0 0 1
82 188 263.76715242626256 16.67 3 3 66 67
1 0 0 0 1 0 0 0 1
1 0 0 0 1 0 0 0 1
114 61 2540.202597667487 16.67 3 3 68 69
1 0 0 0 1 0 0 0 1
1 0 0 0 1 0 0 0 1
114 56 1368.3649730067802 16.67 3 3 70 71
1 0 0 0 1 0 0 0 1
1 0 0 0 1 0 0 0 1
114 216 308.8130035967967 16.67 3 3 72 73
1 0 0 0 1 0 0 0 1
1 0 0 0 1 0 0 0 1
297 261 175.00764761254035 16.67 3 3 74 75
1 0 0 0 1 0 0 0 1
1 0 0 0 1 0 0 0 1
297 164 61.456516785841615 16.67 3 3 76 77
1 0 0 0 1 0 0 0 1
1 0 0 0 1 0 0 0 1
298 261 189.94993595193168 16.67 3 3 78 79
1 0 0 0 1 0 0 0 1
1 0 0 0 1 0 0 0 1
298 164 49.79654351654178 16.67 3 3 80 81
1 0 0 0 1 0 0 0 1
1 0 0 0 1 0 0 0 1
299 159 384.31726924654595 16.67 3 3 82 83
1 0 0 0 1 0 0 0 1
1 0 0 0 1 0 0 0 1
299 172 233.5930896539721 16.67 3 3 84 85
1 0 0 0 1 0 0 0 1
1 0 0 0 1 0 0 0 1
299 289 1012.4412823461118 16.67 3 3 86 87
1 0 0 0 1 0 0 0 1
1 0 0 0 1 0 0 0 1
300 189 433.57041508069915 16.67 3 3 88 89
1 0 0 0 1 0 0 0 1
1 0 0 0 1 0 0 0 1
300 83 627.7724354126525 16.67 3 3 90 91
1 0 0 0 1 0 0 0 1
1 0 0 0 1 0 0 0 1
300 260 350.3434317371699 16.67 3 3 92 93
1 0 0 0 1 0 0 0 1
1 0 0 0 1 0 0 0 1
300 122 219.55341551509335 16.67 3 3 94 95
1 0 0 0 1 0 0 0 1
1 0 0 0 1 0 0 0 1
55 100 519.9828986416655 16.67 3 3 96 97
1 0 0 0 1 0 0 0 1
1 0 0 0 1 0 0 0 1
55 272 28.110392434648755 16.67 3 3 98 99
1 0 0 0 1 0 0 0 1
1 0 0 0 1 0 0 0 1
11 310 234.52361548150202 16.67 3 3 100 101
1 0 0 0 1 0 0 0 1
1 0 0 0 1 0 0 0 1
11 148 55.3674030979962 16.67 3 3 102 103
1 0 0 0 1 0 0 0 1
1 0 0 0 1 0 0 0 1
116 248 485.2720001092769 16.67 3 3 104 105
1 0 0 0 1 0 0 0 1
1 0 0 0 1 0 0 0 1
116 249 332.5005564578484 16.67 3 3 106 107
1 0 0 0 1 0 0 0 1
1 0 0 0 1 0 0 0 1
116 132 1408.396194120773 16.67 3 3 108 109
1 0 0 0 1 0 0 0 1
1 0 0 0 1 0 0 0 1
116 117 78.7530663318717 16.67 3 3 110 111
1 0 0 0 1 0 0 0 1
1 0 0 0 1 0 0 0 1
117 249 259.0950354142912 16.67 3 3 112 113
1 0 0 0 1 0 0 0 1
1 0 0 0 1 0 0 0 1
117 132 1470.8340294860964 16.67 3 3 114 115
1 0 0 0 1 0 0 0 1
1 0 0 0 1 0 0 0 1
118 198 647.6975992747352 16.67 3 3 116 117
1 0 0 0 1 0 0 0 1
1 0 0 0 1 0 0 0 1
118 23 183.87357467957676 16.67 3 3 118 119
1 0 0 0 1 0 0 0 1
1 0 0 0 1 0 0 0 1
118 312 913.5617924397835 16.67 3 3 120 121
1 0 0 0 1 0 0 0 1
1 0 0 0 1 0 0 0 1
118 313 914.5315488023219 16.67 3 3 122 123
1 0 0 0 1 0 0 0 1
1 0 0 0 1 0 0 0 1
119 25 621.398524041217 16.67 3 3 124 125
1 0 0 0 1 0 0 0 1
1 0 0 0 1 0 0 0 1
119 76 680.3767895756321 16.67 3 3 126 127
1 0 0 0 1 0 0 0 1
1 0 0 0 1 0 0 0 1
301 282 207.9652119071765 16.67 3 3 128 129
1 0 0 0 1 0 0 0 1
1 0 0 0 1 0 0 0 1
301 59 179.4790233014213 16.67 3 3 130 131
1 0 0 0 1 0 0 0 1
1 0 0 0 1 0 0 0 1
301 221 190.39294777011565 16.67 3 3 132 133
1 0 0 0 1 0 0 0 1
1 0 0 0 1 0 0 0 1
89 288 384.4164153338924 16.67 3 3 134 135
1 0 0 0 1 0 0 0 1
1 0 0 0 1 0 0 0 1
89 276 517.9877851840238 16.67 3 3 136 137
1 0 0 0 1 0 0 0 1
1 0 0 0 1 0 0 0 1
89 3 423.08497791877545 16.67 3 3 138 139
1 0 0 0 1 0 0 0 1
1 0 0 0 1 0 0 0 1
12 241 707.696341106925 16.67 3 3 140 141
1 0 0 0 1 0 0 0 1
1 0 0 0 1 0 0 0 1
12 5 186.60825883063117 16.67 3 3 142 143
1 0 0 0 1 0 0 0 1
1 0 0 0 1 0 0 0 1
12 271 206.30398963967065 16.67 3 3 144 145
1 0 0 0 1 0 0 0 1
1 0 0 0 1 0 0 0 1
92 96 179.05491493396175 16.67 3 3 146 147
1 0 0 0 1 0 0 0 1
1 0 0 0 1 0 0 0 1
92 303 595.5910511163887 16.67 3 3 148 149
1 0 0 0 1 0 0 0 1
1 0 0 0 1 0 0 0 1
92 93 90.03971896617789 16.67 3 3 150 151
1 0 0 0 1 0 0 0 1
1 0 0 0 1 0 0 0 1
120 138 1264.1919261264097 16.67 3 3 152 153
1 0 0 0 1 0 0 0 1
1 0 0 0 1 0 0 0 1
120 157 2189.872759193923 16.67 3 3 154 155
1 0 0 0 1 0 0 0 1
1 0 0 0 1 0 0 0 1
120 234 802.652818397932 16.67 3 3 156 157
1 0 0 0 1 0 0 0 1
1 0 0 0 1 0 0 0 1
120 201 232.68328434011954 16.67 3 3 158 159
1 0 0 0 1 0 0 0 1
1 0 0 0 1 0 0 0 1
302 136 297.1908556429474 16.67 3 3 160 161
1 0 0 0 1 0 0 0 1
1 0 0 0 1 0 0 0 1
302 123 219.75916124210377 16.67 3 3 162 163
1 0 0 0 1 0 0 0 1
1 0 0 0 1 0 0 0 1
121 255 35.568591863561984 16.67 3 3 164 165
1 0 0 0 1 0 0 0 1
1 0 0 0 1 0 0 0 1
121 256 35.62553299665024 16.67 3 3 166 167
1 0 0 0 1 0 0 0 1
1 0 0 0 1 0 0 0 1
121 111 503.73024384824004 16.67 3 3 168 169
1 0 0 0 1 0 0 0 1
1 0 0 0 1 0 0 0 1
121 75 39.37385619778598 16.67 3 3 170 171
1 0 0 0 1 0 0 0 1
1 0 0 0 1 0 0 0 1
303 203 1379.634483202276 16.67 3 3 172 173
1 0 0 0 1 0 0 0 1
1 0 0 0 1 0 0 0 1
303 281 345.4164994092186 16.67 3 3 174 175
1 0 0 0 1 0 0 0 1
1 0 0 0 1 0 0 0 1
122 90 544.7523103577179 16.67 3 3 176 177
1 0 0 0 1 0 0 0 1
1 0 0 0 1 0 0 0 1
122 276 581.0466383539758 16.67 3 3 178 179
1 0 0 0 1 0 0 0 1
1 0 0 0 1 0 0 0 1
122 176 910.2502685158737 16.67 3 3 180 181
1 0 0 0 1 0 0 0 1
1 0 0 0 1 0 0 0 1
304 123 189.8954113099143 16.67 3 3 182 183
1 0 0 0 1 0 0 0 1
1 0 0 0 1 0 0 0 1
304 168 160.24221392399187 16.67 3 3 184 185
1 0 0 0 1 0 0 0 1
1 0 0 0 1 0 0 0 1
123 124 213.29728677857585 16.67 3 3 186 187
1 0 0 0 1 0 0 0 1
1 0 0 0 1 0 0 0 1
124 125 294.92294734967214 16.67 3 3 188 189
1 0 0 0 1 0 0 0 1
1 0 0 0 1 0 0 0 1
124 232 341.2168062622322 16.67 3 3 190 191
1 0 0 0 1 0 0 0 1
1 0 0 0 1 0 0 0 1
125 126 221.21481290810232 16.67 3 3 192 193
1 0 0 0 1 0 0 0 1
1 0 0 0 1 0 0 0 1
125 127 202.76994210094742 16.67 3 3 194 195
1 0 0 0 1 0 0 0 1
1 0 0 0 1 0 0 0 1
126 228 269.7623809472021 16.67 3 3 196 197
1 0 0 0 1 0 0 0 1
1 0 0 0 1 0 0 0 1
126 130 303.04382883679796 16.67 3 3 198 199
1 0 0 0 1 0 0 0 1
1 0 0 0 1 0 0 0 1
127 128 119.2438954047113 16.67 3 3 200 201
1 0 0 0 1 0 0 0 1
1 0 0 0 1 0 0 0 1
128 133 240.01714558319188 16.67 3 3 202 203
1 0 0 0 1 0 0 0 1
1 0 0 0 1 0 0 0 1
128 231 313.38687475740306 16.67 3 3 204 205
1 0 0 0 1 0 0 0 1
1 0 0 0 1 0 0 0 1
128 232 272.1858319698112 16.67 3 3 206 207
1 0 0 0 1 0 0 0 1
1 0 0 0 1 0 0 0 1
129 230 1534.6840818515702 16.67 3 3 208 209
1 0 0 0 1 0 0 0 1
1 0 0 0 1 0 0 0 1
129 243 221.3092597841942 16.67 3 3 210 211
1 0 0 0 1 0 0 0 1
1 0 0 0 1 0 0 0 1
129 130 44.10766084812761 16.67 3 3 212 213
1 0 0 0 1 0 0 0 1
1 0 0 0 1 0 0 0 1
129 131 29.962149494842183 16.67 3 3 214 215
1 0 0 0 1 0 0 0 1
1 0 0 0 1 0 0 0 1
130 243 192.84450641136777 16.67 3 3 216 217
1 0 0 0 1 0 0 0 1
1 0 0 0 1 0 0 0 1
131 2 40.256887602304985 16.67 3 3 218 219
1 0 0 0 1 0 0 0 1
1 0 0 0 1 0 0 0 1
131 244 256.2376524861654 16.67 3 3 220 221
1 0 0 0 1 0 0 0 1
1 0 0 0 1 0 0 0 1
132 263 904.2528716702716 16.67 3 3 222 223
1 0 0 0 1 0 0 0 1
1 0 0 0 1 0 0 0 1
133 228 524.7136053408384 16.67 3 3 224 225
1 0 0 0 1 0 0 0 1
1 0 0 0 1 0 0 0 1
133 35 298.0329357788487 16.67 3 3 226 227
1 0 0 0 1 0 0 0 1
1 0 0 0 1 0 0 0 1
133 134 273.9930645568563 16.67 3 3 228 229
1 0 0 0 1 0 0 0 1
1 0 0 0 1 0 0 0 1
134 233 657.37847153697 16.67 3 3 230 231
1 0 0 0 1 0 0 0 1
1 0 0 0 1 0 0 0 1
134 235 501.8506494947483 16.67 3 3 232 233
1 0 0 0 1 0 0 0 1
1 0 0 0 1 0 0 0 1
134 276 1724.5910391626792 16.67 3 3 234 235
1 0 0 0 1 0 0 0 1
1 0 0 0 1 0 0 0 1
135 18 151.05509354083463 16.67 3 3 236 237
1 0 0 0 1 0 0 0 1
1 0 0 0 1 0 0 0 1
135 168 894.2366301171223 16.67 3 3 238 239
1 0 0 0 1 0 0 0 1
1 0 0 0 1 0 0 0 1
135 234 697.3166853168424 16.67 3 3 240 241
1 0 0 0 1 0 0 0 1
1 0 0 0 1 0 0 0 1
135 183 111.19768453621528 16.67 3 3 242 243
1 0 0 0 1 0 0 0 1
1 0 0 0 1 0 0 0 1
86 85 338.7027956446175 16.67 3 3 244 245
1 0 0 0 1 0 0 0 1
1 0 0 0 1 0 0 0 1
86 211 176.04253833033604 16.67 3 3 246 247
1 0 0 0 1 0 0 0 1
1 0 0 0 1 0 0 0 1
86 180 352.7006640144927 16.67 3 3 248 249
1 0 0 0 1 0 0 0 1
1 0 0 0 1 0 0 0 1
85 88 185.5536321170281 16.67 3 3 250 251
1 0 0 0 1 0 0 0 1
1 0 0 0 1 0 0 0 1
85 211 385.7724859878925 16.67 3 3 252 253
1 0 0 0 1 0 0 0 1
1 0 0 0 1 0 0 0 1
137 204 596.4055754806456 16.67 3 3 254 255
1 0 0 0 1 0 0 0 1
1 0 0 0 1 0 0 0 1
137 168 610.7637319416656 16.67 3 3 256 257
1 0 0 0 1 0 0 0 1
1 0 0 0 1 0 0 0 1
137 192 564.3236116983907 16.67 3 3 258 259
1 0 0 0 1 0 0 0 1
1 0 0 0 1 0 0 0 1
137 205 393.9461072364818 16.67 3 3 260 261
1 0 0 0 1 0 0 0 1
1 0 0 0 1 0 0 0 1
309 84 72.61447279333322 16.67 3 3 262 263
1 0 0 0 1 0 0 0 1
1 0 0 0 1 0 0 0 1
309 260 263.90813468111463 16.67 3 3 264 265
1 0 0 0 1 0 0 0 1
1 0 0 0 1 0 0 0 1
309 202 550.3299332845879 16.67 3 3 266 267
1 0 0 0 1 0 0 0 1
1 0 0 0 1 0 0 0 1
309 191 880.2455309718192 16.67 3 3 268 269
1 0 0 0 1 0 0 0 1
1 0 0 0 1 0 0 0 1
308 203 827.2348650203802 16.67 3 3 270 271
1 0 0 0 1 0 0 0 1
1 0 0 0 1 0 0 0 1
308 238 285.01340285450146 16.67 3 3 272 273
1 0 0 0 1 0 0 0 1
1 0 0 0 1 0 0 0 1
308 284 75.40386921881897 16.67 3 3 274 275
1 0 0 0 1 0 0 0 1
1 0 0 0 1 0 0 0 1
136 183 87.34791544585333 16.67 3 3 276 277
1 0 0 0 1 0 0 0 1
1 0 0 0 1 0 0 0 1
307 238 749.8830406217188 16.67 3 3 278 279
1 0 0 0 1 0 0 0 1
1 0 0 0 1 0 0 0 1
307 149 118.22622197841928 16.67 3 3 280 281
1 0 0 0 1 0 0 0 1
1 0 0 0 1 0 0 0 1
307 239 672.6536042929479 16.67 3 3 282 283
1 0 0 0 1 0 0 0 1
1 0 0 0 1 0 0 0 1
115 278 275.0235506561899 16.67 3 3 284 285
1 0 0 0 1 0 0 0 1
1 0 0 0 1 0 0 0 1
115 6 889.3746439152856 16.67 3 3 286 287
1 0 0 0 1 0 0 0 1
1 0 0 0 1 0 0 0 1
115 151 50.280693013845486 16.67 3 3 288 289
1 0 0 0 1 0 0 0 1
1 0 0 0 1 0 0 0 1
83 185 304.79914023862483 16.67 3 3 290 291
1 0 0 0 1 0 0 0 1
1 0 0 0 1 0 0 0 1
83 243 265.1181793634203 16.67 3 3 292 293
1 0 0 0 1 0 0 0 1
1 0 0 0 1 0 0 0 1
63 22 872.4267445482202 16.67 3 3 294 295
1 0 0 0 1 0 0 0 1
1 0 0 0 1 0 0 0 1
63 49 1106.6439976472082 16.67 3 3 296 297
1 0 0 0 1 0 0 0 1
1 0 0 0 1 0 0 0 1
63 216 409.583195184771 16.67 3 3 298 299
1 0 0 0 1 0 0 0 1
1 0 0 0 1 0 0 0 1
70 248 316.9394132826922 16.67 3 3 300 301
1 0 0 0 1 0 0 0 1
1 0 0 0 1 0 0 0 1
70 242 204.9384274899463 16.67 3 3 302 303
1 0 0 0 1 0 0 0 1
1 0 0 0 1 0 0 0 1
139 140 360.67835133424614 16.67 3 3 304 305
1 0 0 0 1 0 0 0 1
1 0 0 0 1 0 0 0 1
139 138 128.78313642489573 16.67 3 3 306 307
1 0 0 0 1 0 0 0 1
1 0 0 0 1 0 0 0 1
139 199 88.88170466936225 16.67 3 3 308 309
1 0 0 0 1 0 0 0 1
1 0 0 0 1 0 0 0 1
140 59 306.17297848717385 16.67 3 3 310 311
1 0 0 0 1 0 0 0 1
1 0 0 0 1 0 0 0 1
140 221 139.048204897329 16.67 3 3 312 313
1 0 0 0 1 0 0 0 1
1 0 0 0 1 0 0 0 1
141 147 26.530641981587824 16.67 3 3 314 315
1 0 0 0 1 0 0 0 1
1 0 0 0 1 0 0 0 1
141 266 83.45702292681185 16.67 3 3 316 317
1 0 0 0 1 0 0 0 1
1 0 0 0 1 0 0 0 1
141 267 106.64328647866004 16.67 3 3 318 319
1 0 0 0 1 0 0 0 1
1 0 0 0 1 0 0 0 1
142 4 173.09107549133216 16.67 3 3 320 321
1 0 0 0 1 0 0 0 1
1 0 0 0 1 0 0 0 1
142 314 503.51006584777065 16.67 3 3 322 323
1 0 0 0 1 0 0 0 1
1 0 0 0 1 0 0 0 1
142 143 164.93911164219614 16.67 3 3 324 325
1 0 0 0 1 0 0 0 1
1 0 0 0 1 0 0 0 1
143 222 124.78464849122847 16.67 3 3 326 327
1 0 0 0 1 0 0 0 1
1 0 0 0 1 0 0 0 1
143 196 605.0109434245741 16.67 3 3 328 329
1 0 0 0 1 0 0 0 1
1 0 0 0 1 0 0 0 1
138 199 165.17025254441288 16.67 3 3 330 331
1 0 0 0 1 0 0 0 1
1 0 0 0 1 0 0 0 1
310 278 411.62938452983195 16.67 3 3 332 333
1 0 0 0 1 0 0 0 1
1 0 0 0 1 0 0 0 1
310 219 526.0861013296422 16.67 3 3 334 335
1 0 0 0 1 0 0 0 1
1 0 0 0 1 0 0 0 1
144 171 435.24989055741486 16.67 3 3 336 337
1 0 0 0 1 0 0 0 1
1 0 0 0 1 0 0 0 1
144 258 440.70604637901846 16.67 3 3 338 339
1 0 0 0 1 0 0 0 1
1 0 0 0 1 0 0 0 1
144 173 171.08350039763994 16.67 3 3 340 341
1 0 0 0 1 0 0 0 1
1 0 0 0 1 0 0 0 1
145 288 447.4160138026151 16.67 3 3 342 343
1 0 0 0 1 0 0 0 1
1 0 0 0 1 0 0 0 1
145 3 368.1327993741536 16.67 3 3 344 345
1 0 0 0 1 0 0 0 1
1 0 0 0 1 0 0 0 1
145 176 162.02809210448888 16.67 3 3 346 347
1 0 0 0 1 0 0 0 1
1 0 0 0 1 0 0 0 1
311 195 373.3378226288185 16.67 3 3 348 349
1 0 0 0 1 0 0 0 1
1 0 0 0 1 0 0 0 1
311 113 124.50971184723831 16.67 3 3 350 351
1 0 0 0 1 0 0 0 1
1 0 0 0 1 0 0 0 1
146 241 200.5554238885357 16.67 3 3 352 353
1 0 0 0 1 0 0 0 1
1 0 0 0 1 0 0 0 1
146 154 309.17553153255193 16.67 3 3 354 355
1 0 0 0 1 0 0 0 1
1 0 0 0 1 0 0 0 1
146 5 694.1407115167517 16.67 3 3 356 357
1 0 0 0 1 0 0 0 1
1 0 0 0 1 0 0 0 1
147 273 190.5376759276176 16.67 3 3 358 359
1 0 0 0 1 0 0 0 1
1 0 0 0 1 0 0 0 1
147 306 666.9164571570506 16.67 3 3 360 361
1 0 0 0 1 0 0 0 1
1 0 0 0 1 0 0 0 1
147 150 213.10981891196445 16.67 3 3 362 363
1 0 0 0 1 0 0 0 1
1 0 0 0 1 0 0 0 1
314 152 364.0252740966315 16.67 3 3 364 365
1 0 0 0 1 0 0 0 1
1 0 0 0 1 0 0 0 1
314 100 126.31923550491769 16.67 3 3 366 367
1 0 0 0 1 0 0 0 1
1 0 0 0 1 0 0 0 1
150 222 96.86836704182876 16.67 3 3 368 369
1 0 0 0 1 0 0 0 1
1 0 0 0 1 0 0 0 1
150 4 192.79670545096715 16.67 3 3 370 371
1 0 0 0 1 0 0 0 1
1 0 0 0 1 0 0 0 1
150 266 143.86490949667618 16.67 3 3 372 373
1 0 0 0 1 0 0 0 1
1 0 0 0 1 0 0 0 1
149 8 585.0084325420133 16.67 3 3 374 375
1 0 0 0 1 0 0 0 1
1 0 0 0 1 0 0 0 1
149 66 313.2316172141159 16.67 3 3 376 377
1 0 0 0 1 0 0 0 1
1 0 0 0 1 0 0 0 1
151 10 247.1431087461066 16.67 3 3 378 379
1 0 0 0 1 0 0 0 1
1 0 0 0 1 0 0 0 1
151 195 293.64205213372753 16.67 3 3 380 381
1 0 0 0 1 0 0 0 1
1 0 0 0 1 0 0 0 1
88 177 210.9888899924356 16.67 3 3 382 383
1 0 0 0 1 0 0 0 1
1 0 0 0 1 0 0 0 1
88 279 277.7820019009712 16.67 3 3 384 385
1 0 0 0 1 0 0 0 1
1 0 0 0 1 0 0 0 1
152 6 206.58789664768588 16.67 3 3 386 387
1 0 0 0 1 0 0 0 1
1 0 0 0 1 0 0 0 1
152 52 91.94380154129814 16.67 3 3 388 389
1 0 0 0 1 0 0 0 1
1 0 0 0 1 0 0 0 1
152 100 404.7242748148926 16.67 3 3 390 391
1 0 0 0 1 0 0 0 1
1 0 0 0 1 0 0 0 1
153 78 42.55449336672527 16.67 3 3 392 393
1 0 0 0 1 0 0 0 1
1 0 0 0 1 0 0 0 1
153 278 61.051294860875544 16.67 3 3 394 395
1 0 0 0 1 0 0 0 1
1 0 0 0 1 0 0 0 1
153 283 126.82341685198898 16.67 3 3 396 397
1 0 0 0 1 0 0 0 1
1 0 0 0 1 0 0 0 1
154 203 143.93126393734042 16.67 3 3 398 399
1 0 0 0 1 0 0 0 1
1 0 0 0 1 0 0 0 1
154 7 668.8137485186722 16.67 3 3 400 401
1 0 0 0 1 0 0 0 1
1 0 0 0 1 0 0 0 1
17 287 132.46394887177993 16.67 3 3 402 403
1 0 0 0 1 0 0 0 1
1 0 0 0 1 0 0 0 1
17 186 477.29312460164374 16.67 3 3 404 405
1 0 0 0 1 0 0 0 1
1 0 0 0 1 0 0 0 1
17 191 364.59707881675666 16.67 3 3 406 407
1 0 0 0 1 0 0 0 1
1 0 0 0 1 0 0 0 1
157 206 321.1396227855175 16.67 3 3 408 409
1 0 0 0 1 0 0 0 1
1 0 0 0 1 0 0 0 1
157 15 111.44992317003344 16.67 3 3 410 411
1 0 0 0 1 0 0 0 1
1 0 0 0 1 0 0 0 1
158 172 962.4830380545983 16.67 3 3 412 413
1 0 0 0 1 0 0 0 1
1 0 0 0 1 0 0 0 1
158 14 278.8871556718643 16.67 3 3 414 415
1 0 0 0 1 0 0 0 1
1 0 0 0 1 0 0 0 1
158 155 246.14496050764353 16.67 3 3 416 417
1 0 0 0 1 0 0 0 1
1 0 0 0 1 0 0 0 1
159 107 518.3082766210304 16.67 3 3 418 419
1 0 0 0 1 0 0 0 1
1 0 0 0 1 0 0 0 1
159 224 301.22547319299844 16.67 3 3 420 421
1 0 0 0 1 0 0 0 1
1 0 0 0 1 0 0 0 1
159 172 617.6830263371523 16.67 3 3 422 423
1 0 0 0 1 0 0 0 1
1 0 0 0 1 0 0 0 1
160 277 274.2381884471136 16.67 3 3 424 425
1 0 0 0 1 0 0 0 1
1 0 0 0 1 0 0 0 1
160 13 119.90357944316526 16.67 3 3 426 427
1 0 0 0 1 0 0 0 1
1 0 0 0 1 0 0 0 1
160 180 693.4121051979622 16.67 3 3 428 429
1 0 0 0 1 0 0 0 1
1 0 0 0 1 0 0 0 1
161 156 307.4288409153808 16.67 3 3 430 431
1 0 0 0 1 0 0 0 1
1 0 0 0 1 0 0 0 1
161 206 1036.2236129056255 16.67 3 3 432 433
1 0 0 0 1 0 0 0 1
1 0 0 0 1 0 0 0 1
162 32 290.9250909117994 16.67 3 3 434 435
1 0 0 0 1 0 0 0 1
1 0 0 0 1 0 0 0 1
162 260 1415.7513696254825 16.67 3 3 436 437
1 0 0 0 1 0 0 0 1
1 0 0 0 1 0 0 0 1
164 166 1206.2384979808533 16.67 3 3 438 439
1 0 0 0 1 0 0 0 1
1 0 0 0 1 0 0 0 1
164 167 275.18086913861686 16.67 3 3 440 441
1 0 0 0 1 0 0 0 1
1 0 0 0 1 0 0 0 1
165 218 99.15940761094373 16.67 3 3 442 443
1 0 0 0 1 0 0 0 1
1 0 0 0 1 0 0 0 1
165 167 197.80489562712427 16.67 3 3 444 445
1 0 0 0 1 0 0 0 1
1 0 0 0 1 0 0 0 1
165 214 284.8021924214073 16.67 3 3 446 447
1 0 0 0 1 0 0 0 1
1 0 0 0 1 0 0 0 1
166 181 1063.6276418821471 16.67 3 3 448 449
1 0 0 0 1 0 0 0 1
1 0 0 0 1 0 0 0 1
166 264 739.5807492847088 16.67 3 3 450 451
1 0 0 0 1 0 0 0 1
1 0 0 0 1 0 0 0 1
167 217 323.38652662109786 16.67 3 3 452 453
1 0 0 0 1 0 0 0 1
1 0 0 0 1 0 0 0 1
167 212 357.20797822871793 16.67 3 3 454 455
1 0 0 0 1 0 0 0 1
1 0 0 0 1 0 0 0 1
168 97 124.02513545576336 16.67 3 3 456 457
1 0 0 0 1 0 0 0 1
1 0 0 0 1 0 0 0 1
169 261 151.59593773559303 16.67 3 3 458 459
1 0 0 0 1 0 0 0 1
1 0 0 0 1 0 0 0 1
169 217 158.4356191165437 16.67 3 3 460 461
1 0 0 0 1 0 0 0 1
1 0 0 0 1 0 0 0 1
169 218 497.46812867708655 16.67 3 3 462 463
1 0 0 0 1 0 0 0 1
1 0 0 0 1 0 0 0 1
170 186 179.42855063941366 16.67 3 3 464 465
1 0 0 0 1 0 0 0 1
1 0 0 0 1 0 0 0 1
170 187 20.89584808380278 16.67 3 3 466 467
1 0 0 0 1 0 0 0 1
1 0 0 0 1 0 0 0 1
170 260 437.8730259168327 16.67 3 3 468 469
1 0 0 0 1 0 0 0 1
1 0 0 0 1 0 0 0 1
27 215 1513.6533606554276 16.67 3 3 470 471
1 0 0 0 1 0 0 0 1
1 0 0 0 1 0 0 0 1
27 23 893.0186875612795 16.67 3 3 472 473
1 0 0 0 1 0 0 0 1
1 0 0 0 1 0 0 0 1
27 216 412.23599703986565 16.67 3 3 474 475
1 0 0 0 1 0 0 0 1
1 0 0 0 1 0 0 0 1
67 196 467.1788861128471 16.67 3 3 476 477
1 0 0 0 1 0 0 0 1
1 0 0 0 1 0 0 0 1
67 53 118.07205489419468 16.67 3 3 478 479
1 0 0 0 1 0 0 0 1
1 0 0 0 1 0 0 0 1
172 174 577.3849150300864 16.67 3 3 480 481
1 0 0 0 1 0 0 0 1
1 0 0 0 1 0 0 0 1
173 174 453.613647569692 16.67 3 3 482 483
1 0 0 0 1 0 0 0 1
1 0 0 0 1 0 0 0 1
173 176 30.753561120240953 16.67 3 3 484 485
1 0 0 0 1 0 0 0 1
1 0 0 0 1 0 0 0 1
173 289 229.51209333489828 16.67 3 3 486 487
1 0 0 0 1 0 0 0 1
1 0 0 0 1 0 0 0 1
174 171 244.56387882171123 16.67 3 3 488 489
1 0 0 0 1 0 0 0 1
1 0 0 0 1 0 0 0 1
174 107 601.3016622665111 16.67 3 3 490 491
1 0 0 0 1 0 0 0 1
1 0 0 0 1 0 0 0 1
175 171 603.8925873135393 16.67 3 3 492 493
1 0 0 0 1 0 0 0 1
1 0 0 0 1 0 0 0 1
175 197 396.67172977551763 16.67 3 3 494 495
1 0 0 0 1 0 0 0 1
1 0 0 0 1 0 0 0 1
176 90 365.5533555133117 16.67 3 3 496 497
1 0 0 0 1 0 0 0 1
1 0 0 0 1 0 0 0 1
171 68 380.128244891553 16.67 3 3 498 499
1 0 0 0 1 0 0 0 1
1 0 0 0 1 0 0 0 1
15 39 472.386315394223 16.67 3 3 500 501
1 0 0 0 1 0 0 0 1
1 0 0 0 1 0 0 0 1
15 208 355.7533463164371 16.67 3 3 502 503
1 0 0 0 1 0 0 0 1
1 0 0 0 1 0 0 0 1
15 28 212.54600369050732 16.67 3 3 504 505
1 0 0 0 1 0 0 0 1
1 0 0 0 1 0 0 0 1
177 178 315.8741357886578 16.67 3 3 506 507
1 0 0 0 1 0 0 0 1
1 0 0 0 1 0 0 0 1
177 65 38.4996095242501 16.67 3 3 508 509
1 0 0 0 1 0 0 0 1
1 0 0 0 1 0 0 0 1
177 279 158.545519430589 16.67 3 3 510 511
1 0 0 0 1 0 0 0 1
1 0 0 0 1 0 0 0 1
25 81 97.23072574162293 16.67 3 3 512 513
1 0 0 0 1 0 0 0 1
1 0 0 0 1 0 0 0 1
25 199 1137.4315139421183 16.67 3 3 514 515
1 0 0 0 1 0 0 0 1
1 0 0 0 1 0 0 0 1
178 178 0.0 16.67 3 3 516 517
1 0 0 0 1 0 0 0 1
1 0 0 0 1 0 0 0 1
178 182 743.7999432077406 16.67 3 3 518 519
1 0 0 0 1 0 0 0 1
1 0 0 0 1 0 0 0 1
22 216 465.7585420468135 16.67 3 3 520 521
1 0 0 0 1 0 0 0 1
1 0 0 0 1 0 0 0 1
179 277 573.7282265829817 16.67 3 3 522 523
1 0 0 0 1 0 0 0 1
1 0 0 0 1 0 0 0 1
179 218 851.9930008486294 16.67 3 3 524 525
1 0 0 0 1 0 0 0 1
1 0 0 0 1 0 0 0 1
179 87 88.1322984529389 16.67 3 3 526 527
1 0 0 0 1 0 0 0 1
1 0 0 0 1 0 0 0 1
179 180 153.6755397051388 16.67 3 3 528 529
1 0 0 0 1 0 0 0 1
1 0 0 0 1 0 0 0 1
181 227 921.3643258085964 16.67 3 3 530 531
1 0 0 0 1 0 0 0 1
1 0 0 0 1 0 0 0 1
181 257 1173.4870371405707 16.67 3 3 532 533
1 0 0 0 1 0 0 0 1
1 0 0 0 1 0 0 0 1
182 163 502.49334636401477 16.67 3 3 534 535
1 0 0 0 1 0 0 0 1
1 0 0 0 1 0 0 0 1
182 197 897.4157118445377 16.67 3 3 536 537
1 0 0 0 1 0 0 0 1
1 0 0 0 1 0 0 0 1
183 64 144.40022194701692 16.67 3 3 540 541
1 0 0 0 1 0 0 0 1
1 0 0 0 1 0 0 0 1
184 202 522.2949086601061 16.67 3 3 542 543
1 0 0 0 1 0 0 0 1
1 0 0 0 1 0 0 0 1
185 18 123.97723390359396 16.67 3 3 544 545
1 0 0 0 1 0 0 0 1
1 0 0 0 1 0 0 0 1
186 187 181.7504531409031 16.67 3 3 546 547
1 0 0 0 1 0 0 0 1
1 0 0 0 1 0 0 0 1
186 189 146.78764253603788 16.67 3 3 548 549
1 0 0 0 1 0 0 0 1
1 0 0 0 1 0 0 0 1
187 107 976.0163527767944 16.67 3 3 550 551
1 0 0 0 1 0 0 0 1
1 0 0 0 1 0 0 0 1
188 224 128.81270045492624 16.67 3 3 552 553
1 0 0 0 1 0 0 0 1
1 0 0 0 1 0 0 0 1
188 223 333.47787279208217 16.67 3 3 554 555
1 0 0 0 1 0 0 0 1
1 0 0 0 1 0 0 0 1
189 287 477.69261920650155 16.67 3 3 556 557
1 0 0 0 1 0 0 0 1
1 0 0 0 1 0 0 0 1
190 18 167.58621898247324 16.67 3 3 558 559
1 0 0 0 1 0 0 0 1
1 0 0 0 1 0 0 0 1
190 243 221.0834504404901 16.67 3 3 560 561
1 0 0 0 1 0 0 0 1
1 0 0 0 1 0 0 0 1
191 61 345.15084938682776 16.67 3 3 562 563
1 0 0 0 1 0 0 0 1
1 0 0 0 1 0 0 0 1
192 97 99.05695422632023 16.67 3 3 564 565
1 0 0 0 1 0 0 0 1
1 0 0 0 1 0 0 0 1
193 98 796.1711973136586 16.67 3 3 566 567
1 0 0 0 1 0 0 0 1
1 0 0 0 1 0 0 0 1
193 237 103.53415376092035 16.67 3 3 568 569
1 0 0 0 1 0 0 0 1
1 0 0 0 1 0 0 0 1
193 284 300.6013684459881 16.67 3 3 570 571
1 0 0 0 1 0 0 0 1
1 0 0 0 1 0 0 0 1
194 198 581.3597350049243 16.67 3 3 572 573
1 0 0 0 1 0 0 0 1
1 0 0 0 1 0 0 0 1
194 42 648.8357418393961 16.67 3 3 574 575
1 0 0 0 1 0 0 0 1
1 0 0 0 1 0 0 0 1
194 41 650.1417599088563 16.67 3 3 576 577
1 0 0 0 1 0 0 0 1
1 0 0 0 1 0 0 0 1
194 77 208.61117967163403 16.67 3 3 578 579
1 0 0 0 1 0 0 0 1
1 0 0 0 1 0 0 0 1
195 274 337.1974891756537 16.67 3 3 580 581
1 0 0 0 1 0 0 0 1
1 0 0 0 1 0 0 0 1
195 240 339.2436464065218 16.67 3 3 582 583
1 0 0 0 1 0 0 0 1
1 0 0 0 1 0 0 0 1
29 289 599.6506562711917 16.67 3 3 584 585
1 0 0 0 1 0 0 0 1
1 0 0 0 1 0 0 0 1
29 32 355.69538173661635 16.67 3 3 586 587
1 0 0 0 1 0 0 0 1
1 0 0 0 1 0 0 0 1
29 30 261.2683894310171 16.67 3 3 588 589
1 0 0 0 1 0 0 0 1
1 0 0 0 1 0 0 0 1
196 200 276.86734410768855 16.67 3 3 590 591
1 0 0 0 1 0 0 0 1
1 0 0 0 1 0 0 0 1
196 24 768.7792204634981 16.67 3 3 592 593
1 0 0 0 1 0 0 0 1
1 0 0 0 1 0 0 0 1
197 68 641.1579689772964 16.67 3 3 594 595
1 0 0 0 1 0 0 0 1
1 0 0 0 1 0 0 0 1
197 258 1075.736811914809 16.67 3 3 596 597
1 0 0 0 1 0 0 0 1
1 0 0 0 1 0 0 0 1
30 275 2551.5992808337514 16.67 3 3 598 599
1 0 0 0 1 0 0 0 1
1 0 0 0 1 0 0 0 1
30 61 34.68219802499643 16.67 3 3 600 601
1 0 0 0 1 0 0 0 1
1 0 0 0 1 0 0 0 1
30 31 346.15050411054375 16.67 3 3 602 603
1 0 0 0 1 0 0 0 1
1 0 0 0 1 0 0 0 1
198 108 2090.047717686377 16.67 3 3 604 605
1 0 0 0 1 0 0 0 1
1 0 0 0 1 0 0 0 1
199 80 386.5371499306315 16.67 3 3 606 607
1 0 0 0 1 0 0 0 1
1 0 0 0 1 0 0 0 1
200 20 163.38332878258856 16.67 3 3 608 609
1 0 0 0 1 0 0 0 1
1 0 0 0 1 0 0 0 1
200 19 89.77156243542841 16.67 3 3 610 611
1 0 0 0 1 0 0 0 1
1 0 0 0 1 0 0 0 1
50 270 70.18135710955946 16.67 3 3 612 613
1 0 0 0 1 0 0 0 1
1 0 0 0 1 0 0 0 1
50 271 469.54466072961606 16.67 3 3 614 615
1 0 0 0 1 0 0 0 1
1 0 0 0 1 0 0 0 1
50 281 48.599573497570596 16.67 3 3 616 617
1 0 0 0 1 0 0 0 1
1 0 0 0 1 0 0 0 1
202 234 592.1738615661212 16.67 3 3 618 619
1 0 0 0 1 0 0 0 1
1 0 0 0 1 0 0 0 1
51 269 66.82165341365096 16.67 3 3 620 621
1 0 0 0 1 0 0 0 1
1 0 0 0 1 0 0 0 1
51 271 464.52624463719576 16.67 3 3 622 623
1 0 0 0 1 0 0 0 1
1 0 0 0 1 0 0 0 1
51 281 54.98020424998103 16.67 3 3 624 625
1 0 0 0 1 0 0 0 1
1 0 0 0 1 0 0 0 1
203 241 653.0931994822273 16.67 3 3 626 627
1 0 0 0 1 0 0 0 1
1 0 0 0 1 0 0 0 1
204 237 759.6468451321768 16.67 3 3 628 629
1 0 0 0 1 0 0 0 1
1 0 0 0 1 0 0 0 1
204 201 524.9853541883807 16.67 3 3 630 631
1 0 0 0 1 0 0 0 1
1 0 0 0 1 0 0 0 1
205 234 396.93354012080806 16.67 3 3 632 633
1 0 0 0 1 0 0 0 1
1 0 0 0 1 0 0 0 1
205 201 727.2476814627098 16.67 3 3 634 635
1 0 0 0 1 0 0 0 1
1 0 0 0 1 0 0 0 1
205 21 230.01090464186132 16.67 3 3 636 637
1 0 0 0 1 0 0 0 1
1 0 0 0 1 0 0 0 1
206 208 135.17309709432936 16.67 3 3 638 639
1 0 0 0 1 0 0 0 1
1 0 0 0 1 0 0 0 1
206 31 349.39547478125974 16.67 3 3 640 641
1 0 0 0 1 0 0 0 1
1 0 0 0 1 0 0 0 1
207 225 1659.5657634310492 16.67 3 3 642 643
1 0 0 0 1 0 0 0 1
1 0 0 0 1 0 0 0 1
207 215 590.9247286916146 16.67 3 3 644 645
1 0 0 0 1 0 0 0 1
1 0 0 0 1 0 0 0 1
207 264 976.0063449351218 16.67 3 3 646 647
1 0 0 0 1 0 0 0 1
1 0 0 0 1 0 0 0 1
68 258 434.7150814434824 16.67 3 3 648 649
1 0 0 0 1 0 0 0 1
1 0 0 0 1 0 0 0 1
208 225 595.1600196727454 16.67 3 3 650 651
1 0 0 0 1 0 0 0 1
1 0 0 0 1 0 0 0 1
208 209 297.069654926991 16.67 3 3 652 653
1 0 0 0 1 0 0 0 1
1 0 0 0 1 0 0 0 1
209 223 698.1238583205303 16.67 3 3 654 655
1 0 0 0 1 0 0 0 1
1 0 0 0 1 0 0 0 1
209 210 434.8329633712712 16.67 3 3 656 657
1 0 0 0 1 0 0 0 1
1 0 0 0 1 0 0 0 1
210 225 45.72529170086913 16.67 3 3 658 659
1 0 0 0 1 0 0 0 1
1 0 0 0 1 0 0 0 1
31 224 853.9436942999042 16.67 3 3 660 661
1 0 0 0 1 0 0 0 1
1 0 0 0 1 0 0 0 1
31 32 302.6301609963383 16.67 3 3 662 663
1 0 0 0 1 0 0 0 1
1 0 0 0 1 0 0 0 1
211 214 1182.6278403719782 16.67 3 3 664 665
1 0 0 0 1 0 0 0 1
1 0 0 0 1 0 0 0 1
212 213 1890.037628173926 16.67 3 3 666 667
1 0 0 0 1 0 0 0 1
1 0 0 0 1 0 0 0 1
212 214 374.89168052395274 16.67 3 3 668 669
1 0 0 0 1 0 0 0 1
1 0 0 0 1 0 0 0 1
213 71 86.43761874191802 16.67 3 3 670 671
1 0 0 0 1 0 0 0 1
1 0 0 0 1 0 0 0 1
214 102 36.1058402855338 16.67 3 3 672 673
1 0 0 0 1 0 0 0 1
1 0 0 0 1 0 0 0 1
48 285 160.0592061860153 16.67 3 3 674 675
1 0 0 0 1 0 0 0 1
1 0 0 0 1 0 0 0 1
48 236 425.25858865388193 16.67 3 3 676 677
1 0 0 0 1 0 0 0 1
1 0 0 0 1 0 0 0 1
48 295 253.7008846699394 16.67 3 3 678 679
1 0 0 0 1 0 0 0 1
1 0 0 0 1 0 0 0 1
48 265 1590.133696878942 16.67 3 3 680 681
1 0 0 0 1 0 0 0 1
1 0 0 0 1 0 0 0 1
45 95 74.1320449084655 16.67 3 3 682 683
1 0 0 0 1 0 0 0 1
1 0 0 0 1 0 0 0 1
45 46 1352.1550939726153 16.67 3 3 684 685
1 0 0 0 1 0 0 0 1
1 0 0 0 1 0 0 0 1
45 94 66.62755102605514 16.67 3 3 686 687
1 0 0 0 1 0 0 0 1
1 0 0 0 1 0 0 0 1
46 7 123.83697451242892 16.67 3 3 688 689
1 0 0 0 1 0 0 0 1
1 0 0 0 1 0 0 0 1
215 285 374.03510240505295 16.67 3 3 690 691
1 0 0 0 1 0 0 0 1
1 0 0 0 1 0 0 0 1
217 218 364.2407324392362 16.67 3 3 692 693
1 0 0 0 1 0 0 0 1
1 0 0 0 1 0 0 0 1
5 7 171.77253427130577 16.67 3 3 694 695
1 0 0 0 1 0 0 0 1
1 0 0 0 1 0 0 0 1
219 38 171.1682983501725 16.67 3 3 696 697
1 0 0 0 1 0 0 0 1
1 0 0 0 1 0 0 0 1
219 220 269.0011013953432 16.67 3 3 698 699
1 0 0 0 1 0 0 0 1
1 0 0 0 1 0 0 0 1
220 98 172.30310158055013 16.67 3 3 700 701
1 0 0 0 1 0 0 0 1
1 0 0 0 1 0 0 0 1
59 267 244.71430696598551 16.67 3 3 702 703
1 0 0 0 1 0 0 0 1
1 0 0 0 1 0 0 0 1
221 226 222.03397662738593 16.67 3 3 704 705
1 0 0 0 1 0 0 0 1
1 0 0 0 1 0 0 0 1
49 285 38.9864378919137 16.67 3 3 706 707
1 0 0 0 1 0 0 0 1
1 0 0 0 1 0 0 0 1
223 73 106.54953123816587 16.67 3 3 708 709
1 0 0 0 1 0 0 0 1
1 0 0 0 1 0 0 0 1
226 282 193.3400613401643 16.67 3 3 710 711
1 0 0 0 1 0 0 0 1
1 0 0 0 1 0 0 0 1
227 250 356.84484756168695 16.67 3 3 712 713
1 0 0 0 1 0 0 0 1
1 0 0 0 1 0 0 0 1
227 249 439.78183553720316 16.67 3 3 714 715
1 0 0 0 1 0 0 0 1
1 0 0 0 1 0 0 0 1
227 247 375.68524315307326 16.67 3 3 716 717
1 0 0 0 1 0 0 0 1
1 0 0 0 1 0 0 0 1
228 235 238.85520737063794 16.67 3 3 718 719
1 0 0 0 1 0 0 0 1
1 0 0 0 1 0 0 0 1
228 244 318.7337788936725 16.67 3 3 720 721
1 0 0 0 1 0 0 0 1
1 0 0 0 1 0 0 0 1
73 74 237.98163406805207 16.67 3 3 722 723
1 0 0 0 1 0 0 0 1
1 0 0 0 1 0 0 0 1
230 252 461.2709003715213 16.67 3 3 724 725
1 0 0 0 1 0 0 0 1
1 0 0 0 1 0 0 0 1
230 244 1262.3822871168134 16.67 3 3 726 727
1 0 0 0 1 0 0 0 1
1 0 0 0 1 0 0 0 1
230 105 489.77942623905466 16.67 3 3 728 729
1 0 0 0 1 0 0 0 1
1 0 0 0 1 0 0 0 1
231 229 176.033088354426 16.67 3 3 730 731
1 0 0 0 1 0 0 0 1
1 0 0 0 1 0 0 0 1
232 33 323.9777341155587 16.67 3 3 732 733
1 0 0 0 1 0 0 0 1
1 0 0 0 1 0 0 0 1
233 259 314.35308405615365 16.67 3 3 734 735
1 0 0 0 1 0 0 0 1
1 0 0 0 1 0 0 0 1
233 101 707.8761859127841 16.67 3 3 736 737
1 0 0 0 1 0 0 0 1
1 0 0 0 1 0 0 0 1
233 58 373.18357016264775 16.67 3 3 738 739
1 0 0 0 1 0 0 0 1
1 0 0 0 1 0 0 0 1
235 276 1224.9265611862932 16.67 3 3 740 741
1 0 0 0 1 0 0 0 1
1 0 0 0 1 0 0 0 1
84 84 0.0 16.67 3 3 742 743
1 0 0 0 1 0 0 0 1
1 0 0 0 1 0 0 0 1
237 238 102.81028560735571 16.67 3 3 744 745
1 0 0 0 1 0 0 0 1
1 0 0 0 1 0 0 0 1
241 99 323.7281314365792 16.67 3 3 746 747
1 0 0 0 1 0 0 0 1
1 0 0 0 1 0 0 0 1
242 248 261.71787672617603 16.67 3 3 748 749
1 0 0 0 1 0 0 0 1
1 0 0 0 1 0 0 0 1
242 106 2002.0142569550524 16.67 3 3 750 751
1 0 0 0 1 0 0 0 1
1 0 0 0 1 0 0 0 1
242 263 1316.0398516596836 16.67 3 3 752 753
1 0 0 0 1 0 0 0 1
1 0 0 0 1 0 0 0 1
247 249 541.7970417767841 16.67 3 3 754 755
1 0 0 0 1 0 0 0 1
1 0 0 0 1 0 0 0 1
247 36 164.04480169389248 16.67 3 3 756 757
1 0 0 0 1 0 0 0 1
1 0 0 0 1 0 0 0 1
97 281 647.7717832814885 16.67 3 3 758 759
1 0 0 0 1 0 0 0 1
1 0 0 0 1 0 0 0 1
250 246 190.71379815740383 16.67 3 3 760 761
1 0 0 0 1 0 0 0 1
1 0 0 0 1 0 0 0 1
250 245 175.99546040642198 16.67 3 3 762 763
1 0 0 0 1 0 0 0 1
1 0 0 0 1 0 0 0 1
98 26 164.76047207565355 16.67 3 3 764 765
1 0 0 0 1 0 0 0 1
1 0 0 0 1 0 0 0 1
251 268 237.62186506543858 16.67 3 3 766 767
1 0 0 0 1 0 0 0 1
1 0 0 0 1 0 0 0 1
251 255 56.532710836809514 16.67 3 3 768 769
1 0 0 0 1 0 0 0 1
1 0 0 0 1 0 0 0 1
251 253 379.9807010999294 16.67 3 3 770 771
1 0 0 0 1 0 0 0 1
1 0 0 0 1 0 0 0 1
251 91 715.4904221146564 16.67 3 3 772 773
1 0 0 0 1 0 0 0 1
1 0 0 0 1 0 0 0 1
252 254 477.68668172701973 16.67 3 3 774 775
1 0 0 0 1 0 0 0 1
1 0 0 0 1 0 0 0 1
252 253 586.9478404223427 16.67 3 3 776 777
1 0 0 0 1 0 0 0 1
1 0 0 0 1 0 0 0 1
253 58 476.23961712745137 16.67 3 3 778 779
1 0 0 0 1 0 0 0 1
1 0 0 0 1 0 0 0 1
254 58 656.1244536956033 16.67 3 3 780 781
1 0 0 0 1 0 0 0 1
1 0 0 0 1 0 0 0 1
254 44 363.8538857724298 16.67 3 3 782 783
1 0 0 0 1 0 0 0 1
1 0 0 0 1 0 0 0 1
3 90 165.04124583502272 16.67 3 3 784 785
1 0 0 0 1 0 0 0 1
1 0 0 0 1 0 0 0 1
255 110 469.46536272557427 16.67 3 3 786 787
1 0 0 0 1 0 0 0 1
1 0 0 0 1 0 0 0 1
255 112 621.1468489789224 16.67 3 3 788 789
1 0 0 0 1 0 0 0 1
1 0 0 0 1 0 0 0 1
256 60 123.0692478155998 16.67 3 3 790 791
1 0 0 0 1 0 0 0 1
1 0 0 0 1 0 0 0 1
257 264 850.7929997328914 16.67 3 3 792 793
1 0 0 0 1 0 0 0 1
1 0 0 0 1 0 0 0 1
258 288 28.02666948342844 16.67 3 3 794 795
1 0 0 0 1 0 0 0 1
1 0 0 0 1 0 0 0 1
259 103 463.2724477446484 16.67 3 3 796 797
1 0 0 0 1 0 0 0 1
1 0 0 0 1 0 0 0 1
259 34 400.77251649551846 16.67 3 3 798 799
1 0 0 0 1 0 0 0 1
1 0 0 0 1 0 0 0 1
261 262 508.2498294126386 16.67 3 3 800 801
1 0 0 0 1 0 0 0 1
1 0 0 0 1 0 0 0 1
262 305 364.9742256780364 16.67 3 3 802 803
1 0 0 0 1 0 0 0 1
1 0 0 0 1 0 0 0 1
265 286 61.983742261710674 16.67 3 3 804 805
1 0 0 0 1 0 0 0 1
1 0 0 0 1 0 0 0 1
267 284 544.7656343752526 16.67 3 3 806 807
1 0 0 0 1 0 0 0 1
1 0 0 0 1 0 0 0 1
26 273 615.4431158426153 16.67 3 3 808 809
1 0 0 0 1 0 0 0 1
1 0 0 0 1 0 0 0 1
26 306 281.5971786630139 16.67 3 3 810 811
1 0 0 0 1 0 0 0 1
1 0 0 0 1 0 0 0 1
271 109 148.86981025831287 16.67 3 3 812 813
1 0 0 0 1 0 0 0 1
1 0 0 0 1 0 0 0 1
272 54 119.76958600839667 16.67 3 3 814 815
1 0 0 0 1 0 0 0 1
1 0 0 0 1 0 0 0 1
34 35 340.47993911008484 16.67 3 3 816 817
1 0 0 0 1 0 0 0 1
1 0 0 0 1 0 0 0 1
6 40 582.5220081845767 16.67 3 3 818 819
1 0 0 0 1 0 0 0 1
1 0 0 0 1 0 0 0 1
306 66 101.48209694965828 16.67 3 3 820 821
1 0 0 0 1 0 0 0 1
1 0 0 0 1 0 0 0 1
275 57 1525.1823949595778 16.67 3 3 822 823
1 0 0 0 1 0 0 0 1
1 0 0 0 1 0 0 0 1
277 69 640.1855339988798 16.67 3 3 824 825
1 0 0 0 1 0 0 0 1
1 0 0 0 1 0 0 0 1
280 37 486.21201797112786 16.67 3 3 826 827
1 0 0 0 1 0 0 0 1
1 0 0 0 1 0 0 0 1
282 79 328.0706076759956 16.67 3 3 828 829
1 0 0 0 1 0 0 0 1
1 0 0 0 1 0 0 0 1
35 1 120.49082896242089 16.67 3 3 830 831
1 0 0 0 1 0 0 0 1
1 0 0 0 1 0 0 0 1
286 62 862.4552176327009 16.67 3 3 832 833
1 0 0 0 1 0 0 0 1
1 0 0 0 1 0 0 0 1
287 289 32.97856673742839 16.67 3 3 834 835
1 0 0 0 1 0 0 0 1
1 0 0 0 1 0 0 0 1
202
3 345 139 -1 784
4 321 371 51 -1
5 694 -1 143 357
6 387 287 818 -1
7 689 -1 695 401
9 50 52 54 -1
11 55 102 100 -1
12 142 144 -1 140
15 500 502 411 504
17 -1 402 404 406
18 545 559 237 -1
25 125 -1 514 512
26 810 -1 765 808
27 470 -1 472 474
29 586 584 -1 588
30 602 589 600 598
31 660 662 603 641
32 -1 435 587 663
35 227 830 817 -1
43 10 14 12 16
45 -1 686 682 684
47 34 36 -1 32
48 676 674 680 678
50 616 -1 612 614
51 624 -1 620 622
58 781 779 -1 739
59 131 -1 702 311
61 601 563 -1 69
63 296 -1 294 298
67 45 -1 476 478
68 595 -1 648 499
82 62 66 -1 64
83 91 -1 292 290
84 743 263 742 -1
85 252 -1 250 245
86 246 244 248 -1
88 251 -1 384 382
89 134 -1 136 138
90 497 785 177 -1
92 148 146 150 -1
97 565 457 758 -1
98 567 764 701 -1
100 97 367 391 -1
107 419 491 551 -1
114 -1 68 70 72
115 286 284 288 -1
116 106 110 108 104
117 112 -1 114 111
118 122 118 116 120
120 154 156 158 152
121 164 166 170 168
122 180 176 178 95
123 163 186 183 -1
124 13 188 190 187
125 192 -1 194 189
126 198 196 193 15
128 201 202 204 206
129 210 208 214 212
130 -1 213 199 216
131 215 220 -1 218
132 115 109 21 222
133 224 228 226 203
134 232 234 230 229
135 236 242 238 240
137 260 256 258 254
138 -1 153 307 330
139 308 306 -1 304
140 305 312 310 49
141 -1 318 314 316
142 324 -1 320 322
143 328 326 325 -1
144 336 338 -1 340
145 -1 342 344 346
146 354 356 352 -1
147 315 360 358 362
148 -1 27 103 53
149 376 374 281 -1
150 368 372 363 370
151 289 -1 378 380
152 390 365 386 388
153 394 396 392 -1
154 398 400 355 -1
157 410 408 155 -1
158 414 416 412 37
159 83 422 418 420
160 428 -1 426 424
164 440 77 81 438
165 446 442 -1 444
166 -1 439 450 448
167 454 445 452 441
168 185 239 456 257
169 462 460 -1 458
170 466 464 468 -1
171 493 498 337 489
172 423 413 480 85
173 482 341 484 486
174 481 488 483 490
176 485 347 496 181
177 383 510 506 508
178 517 516 518 507
179 526 528 522 524
180 249 -1 429 529
181 530 449 532 -1
182 519 536 -1 534
183 243 540 -1 277
186 405 548 465 546
187 550 547 467 -1
188 67 33 552 554
189 556 -1 89 549
191 -1 407 269 562
193 568 -1 566 570
194 576 572 578 574
195 582 381 349 580
196 477 590 329 592
197 537 594 596 495
198 117 -1 604 573
199 515 331 309 606
200 608 -1 610 591
201 159 635 631 -1
202 267 543 618 -1
203 271 173 399 626
204 630 255 -1 628
205 632 636 261 634
206 638 640 433 409
207 646 642 644 43
208 650 652 639 503
209 654 -1 653 656
211 -1 253 247 664
212 5 668 455 666
213 -1 667 670 9
214 672 665 447 669
215 41 645 471 690
216 299 73 521 475
217 453 692 -1 461
218 443 525 693 463
219 698 -1 696 335
220 700 -1 699 31
221 -1 704 133 313
223 708 65 555 655
224 -1 421 661 553
225 643 659 651 -1
227 716 712 531 714
228 720 718 225 197
230 726 728 724 209
232 191 207 732 -1
233 231 738 736 734
234 619 241 633 157
235 740 -1 233 719
237 -1 629 744 569
238 745 -1 273 279
241 353 141 746 627
242 303 748 752 750
243 293 211 217 561
244 -1 727 721 221
247 756 717 754 -1
248 -1 105 749 301
249 755 715 113 107
250 762 3 713 760
251 770 772 768 766
252 725 -1 776 774
253 777 -1 771 778
254 782 775 780 -1
255 769 786 165 788
257 533 792 39 -1
258 649 597 794 339
259 735 -1 796 798
260 437 469 93 265
261 75 459 800 79
262 801 802 63 -1
263 753 223 19 -1
264 -1 451 647 793
267 703 806 -1 319
271 615 623 812 145
273 359 809 25 -1
276 137 235 741 179
277 523 425 57 824
278 333 -1 395 285
281 759 175 625 617
282 711 828 -1 129
284 571 275 -1 807
285 691 -1 707 675
287 834 -1 557 403
288 795 -1 135 343
289 87 487 835 585
290 4 8 6 2
291 18 20 22 -1
292 24 30 28 26
293 38 42 40 -1
294 46 -1 48 44
296 -1 56 58 60
299 -1 84 86 82
300 88 94 90 92
301 132 128 130 -1
302 160 17 162 -1
303 174 -1 149 172
305 -1 61 35 803
306 -1 820 811 361
307 278 280 282 -1
308 272 270 -1 274
309 268 264 266 262
310 101 334 332 -1
314 -1 323 364 366
