247
1 3600 127
30
485 469 149 154 355 350 407 408 461 439 436 440 454 341 342 480 213 19 16 471 472 600 602 303 300 612 307 217 214 364
1 3600 127
6
292 215 216 306 613 301
1 3600 439
4
225 220 318 383
1 3600 658
13
371 367 317 318 383 375 380 395 392 536 545 542 556
1 3600 73
7
485 483 123 117 113 108 459
1 3600 143
14
485 483 467 149 150 349 352 414 449 446 451 445 442 23
1 3600 658
21
373 371 365 311 309 306 618 615 605 603 601 473 470 17 18 212 211 47 48 258 285
1 3600 658
15
216 306 618 609 595 535 393 394 381 374 384 566 572 561 558
1 3600 658
7
485 483 123 126 337 334 508
1 3600 658
21
499 225 220 318 383 375 378 532 584 475 470 17 18 212 481 343 338 398 171 168 462
1 3600 658
20
292 311 309 306 613 301 302 603 601 473 470 17 18 212 481 347 89 84 90 71
1 3600 658
20
485 469 331 159 156 161 162 169 170 399 249 247 243 65 61 56 256 403 400 494
1 3600 178
3
293 296 372
1 3600 178
8
596 600 602 604 614 619 307 217
1 3600 160
8
369 313 309 306 613 610 605 606
1 3600 192
11
369 317 318 383 375 376 386 529 530 586 594
1 3600 192
9
607 603 601 597 598 593 590 535 536
1 3600 192
7
220 318 383 375 378 532 577
1 3600 192
7
581 576 533 379 374 384 505
1 3600 192
8
220 318 383 384 566 547 550 562
1 3600 658
10
474 585 582 531 391 392 536 545 542 552
1 3600 140
25
301 302 603 601 473 470 17 20 32 621 479 429 426 630 419 416 444 450 447 448 415 353 354 329 157
1 3600 207
19
365 215 216 306 618 615 605 603 601 473 470 17 18 212 211 208 443 417 271
1 3600 207
15
306 613 610 605 603 601 473 470 17 18 212 481 343 340 431
1 3600 207
23
603 601 597 579 576 533 379 374 384 566 572 561 558 622 626 9 4 49 46 35 25 26 419
1 3600 207
9
473 470 17 20 32 621 479 476 629
1 3600 207
25
317 318 383 384 505 500 550 558 275 39 44 230 239 234 51 52 345 340 455 456 207 202 193 194 451
1 3600 143
12
315 318 383 384 566 572 561 558 275 276 280 251
1 3600 658
9
11 14 477 478 267 268 627 623 624
1 3600 658
17
11 12 25 22 452 457 441 437 438 460 409 406 165 160 325 320 508
1 3600 506
10
596 473 470 17 18 212 481 343 338 396
1 3600 658
10
596 473 470 17 18 212 211 47 50 241
1 3600 658
19
607 603 601 473 470 17 20 32 621 267 268 291 255 250 229 226 403 400 496
1 3600 658
10
531 528 387 377 374 382 319 221 224 498
1 3600 344
6
537 534 594 608 619 307
1 3600 344
12
527 530 588 592 599 596 600 602 604 611 612 307
1 3600 344
8
504 385 375 378 532 577 580 600
1 3600 344
10
524 383 375 380 395 390 530 588 592 475
1 3600 344
7
503 504 385 382 319 316 313
1 3600 344
8
537 534 594 608 619 307 308 310
1 3600 344
8
565 383 375 378 532 577 578 596
1 3600 344
7
534 587 583 584 599 596 600
1 3600 346
9
591 589 531 528 381 374 384 505 500
1 3600 346
6
535 393 394 387 377 374
1 3600 346
6
389 386 529 530 586 594
1 3600 371
6
527 391 392 536 545 540
1 3600 371
7
588 590 535 536 545 542 556
1 3600 371
6
391 392 536 545 542 554
1 3600 371
7
376 386 395 392 536 545 540
1 3600 470
21
377 374 384 566 572 561 558 622 626 269 266 479 429 95 96 458 109 112 116 126 337
1 3600 286
15
537 534 591 592 475 470 17 18 212 211 35 25 26 631 427
1 3600 286
17
550 558 622 279 280 282 284 259 49 46 208 443 444 273 179 174 99
1 3600 286
19
537 534 587 588 592 475 470 17 18 212 481 343 340 455 441 437 438 201 187
1 3600 357
10
379 374 384 566 572 561 558 275 39 44
1 3600 357
19
386 395 390 526 532 577 580 473 470 17 18 212 481 343 344 53 48 260 288
1 3600 357
14
393 394 381 374 384 505 500 550 558 275 276 280 229 230
1 3600 357
11
569 385 375 378 532 584 475 470 17 20 28
1 3600 357
6
561 558 275 39 44 230
1 3600 357
10
503 500 550 558 622 626 9 2 259 260
1 3600 357
9
500 550 558 622 279 280 229 230 488
1 3600 286
10
569 566 572 561 558 275 39 44 226 403
1 3600 658
22
558 622 626 9 4 260 237 232 57 60 66 91 85 86 83 78 463 163 160 325 320 508
1 3600 598
14
577 578 596 473 470 17 18 212 481 347 89 86 83 77
1 3600 598
19
569 385 375 380 529 530 583 584 475 470 17 18 212 211 47 50 59 54 104
1 3600 658
19
532 577 580 473 470 17 20 32 621 267 268 291 255 250 229 226 403 400 492
1 3600 658
14
539 544 537 393 394 381 374 382 319 221 222 370 297 298
1 3600 598
10
539 544 537 534 591 592 599 596 600 602
1 3600 166
14
557 543 544 537 393 394 387 377 374 384 566 572 561 562
1 3600 166
10
553 543 544 537 393 394 381 374 384 505
1 3600 166
6
555 543 544 537 393 390
1 3600 506
15
263 266 620 33 21 16 471 474 593 590 535 536 545 542 552
1 3600 658
27
539 544 537 534 587 588 592 475 470 17 18 212 481 343 338 398 171 166 411 351 348 151 152 158 332 336 127
1 3600 598
7
555 543 544 537 534 594 608
1 3600 205
20
557 543 544 537 534 591 589 583 577 578 596 473 470 17 20 32 621 267 268 627
1 3600 178
19
544 537 534 587 588 592 475 470 17 18 212 211 47 50 235 238 231 45 40
1 3600 658
32
539 544 537 393 390 526 532 584 475 470 17 20 32 621 479 476 629 183 184 272 450 447 448 415 412 111 112 116 126 337 334 508
1 3600 658
24
553 543 544 537 393 390 530 583 577 580 473 470 17 18 212 211 208 452 207 204 437 434 171 168
1 3600 658
18
539 544 537 534 591 592 599 596 473 470 17 18 212 481 343 344 53 50
1 3600 658
20
541 544 537 393 394 387 377 374 384 566 572 561 558 275 39 44 226 403 400 494
1 3600 219
25
154 355 350 410 167 170 464 397 339 342 480 213 19 16 471 472 600 602 303 300 612 307 308 310 293
1 3600 219
33
331 159 156 161 164 407 189 186 200 439 436 205 206 453 209 47 48 5 6 283 281 277 274 559 560 573 567 385 382 319 221 224 498
1 3600 149
20
459 97 98 175 178 270 418 27 24 34 210 213 19 16 471 472 600 602 604 616
1 3600 470
27
113 110 413 414 191 188 408 173 170 399 249 247 243 240 235 238 231 45 38 274 559 551 546 567 385 382 564
1 3600 658
12
355 352 414 449 177 174 99 94 428 478 267 262
1 3600 131
4
117 114 107 108
1 3600 238
14
123 126 337 333 159 156 161 162 462 79 82 87 88 346
1 3600 238
18
337 333 159 153 150 349 350 410 405 189 186 198 446 451 273 185 182 628
1 3600 238
13
125 117 113 110 413 414 449 446 195 192 432 442 209
1 3600 238
9
156 161 164 407 408 461 201 198 177
1 3600 238
19
483 467 149 150 349 352 414 191 186 200 439 436 440 454 341 342 480 213 19
1 3600 238
8
113 108 459 97 98 175 178 270
1 3600 238
18
459 97 94 426 628 15 12 34 210 213 19 16 471 472 600 602 604 614
1 3600 238
18
295 292 215 216 306 613 301 302 603 601 473 470 17 18 212 481 343 340
1 3600 346
14
107 110 413 414 449 446 451 445 442 209 47 48 258 3
1 3600 658
18
149 154 355 350 410 167 170 464 81 82 87 84 90 67 61 56 256 403
1 3600 246
9
109 106 115 116 126 337 334 321 322
1 3600 246
6
331 159 156 325 141 136
1 3600 246
9
109 112 116 126 337 334 321 141 138
1 3600 246
7
337 333 159 156 325 322 423
1 3600 140
13
110 413 414 191 186 200 439 434 464 75 76 82 100
1 3600 658
18
107 108 459 97 98 175 176 446 195 196 434 399 249 247 244 71 63 61
1 3600 658
21
110 413 414 191 188 404 167 168 462 73 76 82 87 84 90 67 61 56 256 403 400
1 3600 243
22
451 445 417 418 27 24 34 210 213 19 16 471 472 600 602 303 300 612 307 217 214 293
1 3600 308
18
631 427 428 478 620 33 21 16 471 472 600 602 604 611 612 307 308 312
1 3600 308
13
27 24 36 430 341 342 480 213 19 16 471 472 597
1 3600 308
19
430 341 344 53 48 5 8 627 623 559 560 573 567 385 382 319 316 366 365
1 3600 308
14
461 439 436 440 454 341 342 480 213 19 16 471 472 600
1 3600 308
24
408 173 170 399 249 247 243 240 235 238 231 228 281 278 623 559 551 501 504 385 382 319 316 366
1 3600 308
13
192 203 206 453 209 210 213 19 16 471 472 600 602
1 3600 318
16
178 185 182 427 428 478 620 33 21 16 471 474 593 589 531 528
1 3600 318
11
27 24 34 210 213 19 16 471 474 585 533
1 3600 318
14
15 12 34 47 48 258 285 253 250 281 277 274 559 562
1 3600 658
8
618 609 595 535 536 545 542 552
1 3600 310
16
343 340 455 441 437 438 460 409 406 351 354 155 148 466 123 124
1 3600 310
10
437 438 201 187 190 415 412 111 106 120
1 3600 310
8
179 176 448 415 353 348 151 152
1 3600 310
21
615 605 603 601 473 470 17 18 212 481 343 338 396 465 171 166 411 165 160 157 158
1 3600 310
13
175 176 199 187 188 406 351 354 155 148 468 483 123
1 3600 310
6
409 406 165 160 157 158
1 3600 310
5
404 411 351 348 512
1 3600 310
6
414 449 177 174 99 96
1 3600 310
12
272 450 447 448 415 353 354 329 157 158 332 336
1 3600 260
10
407 408 461 439 436 205 206 453 23 24
1 3600 260
3
211 35 25
1 3600 260
4
197 194 451 273
1 3600 320
5
182 628 477 478 267
1 3600 320
6
209 47 48 5 8 627
1 3600 320
9
476 15 12 34 47 50 235 238 231
1 3600 320
6
47 48 258 3 8 627
1 3600 320
10
418 631 427 428 478 267 268 291 255 250
1 3600 320
11
436 440 454 341 342 347 53 48 5 6 283
1 3600 320
6
344 53 50 235 236 261
1 3600 320
10
193 196 434 464 397 249 247 243 240 235
1 3600 320
9
457 454 341 342 480 213 19 20 28
1 3600 658
17
195 196 434 464 81 82 87 84 90 71 63 61 56 256 227 45 40
1 3600 274
14
342 347 89 86 83 77 72 463 163 160 325 141 135 130
1 3600 274
10
460 409 406 351 354 329 325 141 135 130
1 3600 290
6
191 186 200 460 173 170
1 3600 290
9
36 430 341 338 396 75 76 82 100
1 3600 290
10
36 430 341 344 89 86 83 78 357 362
1 3600 290
3
173 170 399
1 3600 290
8
15 12 36 430 341 342 347 89
1 3600 290
11
176 199 187 188 404 167 168 462 79 82 87
1 3600 168
5
212 211 47 50 241
1 3600 658
12
192 432 442 209 47 50 59 56 256 403 400 492
1 3600 658
20
287 261 258 3 8 269 266 620 33 21 16 471 472 600 602 604 614 619 307 217
1 3600 153
11
269 266 620 33 21 16 471 472 600 602 606
1 3600 192
5
45 38 274 559 551
1 3600 192
17
287 237 238 231 228 281 278 623 559 560 573 567 385 375 376 386 395
1 3600 192
9
255 250 281 277 274 559 560 573 567
1 3600 192
10
620 33 21 16 471 472 581 576 582 586
1 3600 329
11
620 33 21 16 471 474 593 590 535 536 545
1 3600 346
18
279 280 251 252 7 4 49 46 35 13 14 477 429 95 96 458 109 112
1 3600 181
8
255 252 284 259 49 46 208 23
1 3600 181
6
31 21 18 212 481 343
1 3600 181
5
479 476 629 630 419
1 3600 181
10
250 229 230 239 234 51 52 345 340 431
1 3600 181
9
287 237 234 241 242 246 248 339 340
1 3600 181
8
251 254 290 269 266 620 33 21
1 3600 137
6
268 9 2 259 260 286
1 3600 178
4
491 231 226 403
1 3600 178
11
31 32 621 267 268 291 255 250 229 45 42
1 3600 598
21
3 4 260 237 232 57 60 62 70 91 85 86 83 77 72 463 163 160 325 320 508
1 3600 143
17
621 479 429 426 183 184 272 450 447 199 200 460 173 168 462 357 360
1 3600 151
3
50 241 69
1 3600 151
6
287 237 232 57 60 66
1 3600 658
6
489 231 226 403 400 494
1 3600 658
13
38 274 559 551 501 504 385 382 319 221 222 370 297
1 3600 658
15
402 227 228 281 278 623 559 560 573 567 385 382 319 316 313
1 3600 178
13
402 257 233 234 51 46 210 213 19 16 471 474 593
1 3600 188
8
402 227 228 251 254 290 269 264
1 3600 658
21
625 622 626 9 2 259 49 46 208 443 444 450 447 448 415 353 348 151 148 466 123
1 3600 365
11
41 38 276 280 251 254 290 269 266 620 33
1 3600 118
3
280 251 254
1 3600 118
9
41 44 228 251 254 290 269 266 620
1 3600 439
3
43 38 276
1 3600 658
18
44 230 239 234 241 242 246 248 398 171 168 163 160 325 141 138 145 143
1 3600 658
13
41 44 226 257 57 60 62 70 245 246 248 398 171
1 3600 274
5
44 230 239 234 241
1 3600 346
6
41 44 226 403 400 492
1 3600 658
22
162 169 170 399 339 342 480 213 19 16 471 472 600 602 303 300 612 307 308 310 364 370
1 3600 658
28
421 327 139 140 324 161 162 462 73 74 397 339 342 480 213 19 16 471 472 600 602 604 614 619 307 308 312 368
1 3600 658
24
324 328 355 350 407 408 461 439 436 440 454 341 342 480 213 19 16 471 472 597 579 576 533 527
1 3600 658
23
515 359 356 79 82 87 88 346 480 213 19 16 471 474 585 582 531 391 392 536 545 542 552
1 3600 279
9
134 140 320 335 336 127 117 114 120
1 3600 279
11
487 323 324 157 158 332 336 127 117 114 120
1 3600 279
6
131 134 140 320 335 336
1 3600 279
8
324 157 158 332 336 127 117 114
1 3600 279
7
422 323 320 335 336 127 117
1 3600 215
11
139 140 324 161 164 410 405 189 186 198 446
1 3600 215
12
162 169 172 461 201 198 177 174 99 94 426 628
1 3600 548
19
518 487 323 324 161 162 462 73 76 82 87 84 92 247 243 240 235 238 231
1 3600 658
21
511 335 333 159 153 150 349 352 414 449 446 451 445 442 209 47 48 5 6 283 281
1 3600 168
5
147 137 140 324 161
1 3600 274
12
509 321 324 328 355 350 410 167 170 399 249 93
1 3600 274
14
131 128 142 144 139 140 324 161 162 462 79 82 87 84
1 3600 274
11
137 140 324 328 355 350 410 167 170 464 397
1 3600 274
8
146 425 422 323 324 161 162 462
1 3600 274
10
139 140 324 161 164 410 167 170 464 75
1 3600 274
10
142 144 139 140 324 161 162 462 357 360
1 3600 548
11
359 356 73 76 82 87 84 90 67 61 56
1 3600 658
25
509 335 336 127 122 467 149 150 349 350 410 167 170 399 249 247 244 71 63 61 56 256 403 400 492
1 3600 658
17
346 480 213 19 16 471 472 600 602 303 300 612 307 217 214 293 296
1 3600 506
15
87 88 346 480 213 19 16 471 472 600 602 604 611 612 307
1 3600 548
13
345 342 480 213 19 16 471 472 597 598 593 589 586
1 3600 658
15
83 80 465 435 197 192 432 417 418 631 427 428 478 267 264
1 3600 134
15
85 86 83 80 465 435 438 201 187 190 415 412 111 106 118
1 3600 161
10
103 83 77 74 465 435 436 205 202 432
1 3600 161
8
80 465 435 438 201 187 190 415
1 3600 161
11
169 172 461 201 198 177 178 185 182 628 477
1 3600 161
6
85 88 346 480 213 19
1 3600 140
10
248 339 340 431 37 13 14 477 478 620
1 3600 658
14
101 87 84 92 247 243 240 235 236 261 5 8 627 623
1 3600 145
7
356 463 163 160 325 141 135
1 3600 145
9
361 356 463 163 160 325 141 136 143
1 3600 145
14
345 340 455 441 437 438 460 409 406 351 354 329 325 322
1 3600 146
3
85 86 102
1 3600 178
4
93 90 67 61
1 3600 178
6
103 87 84 90 71 68
1 3600 178
8
356 79 82 87 84 92 247 243
1 3600 658
12
73 76 82 87 84 90 67 61 56 256 403 400
1 3600 658
18
55 58 235 238 231 45 38 274 559 560 573 567 385 382 319 221 224 498
1 3600 658
11
105 55 58 51 46 210 213 19 16 471 472
1 3600 470
18
235 236 261 258 3 8 627 623 559 551 501 504 385 375 380 395 392 536
1 3600 658
24
235 236 261 258 285 253 250 281 277 274 559 560 573 567 385 375 376 386 395 392 536 545 542 554
1 3600 598
12
55 60 64 242 246 248 398 171 166 411 351 354
1 3600 117
4
240 51 46 35
1 3600 126
8
58 51 46 35 13 14 477 478
1 3600 126
5
235 236 261 5 8
1 3600 346
7
105 55 56 256 227 45 42
1 3600 470
17
55 60 66 245 246 248 398 171 166 411 351 348 151 152 158 332 334
1 3600 150
7
91 85 86 83 77 74 465
1 3600 150
11
57 60 62 70 91 85 86 83 78 357 362
1 3600 150
11
55 60 66 91 85 86 83 77 72 357 360
1 3600 227
4
105 55 60 62
1 3600 219
3
403 400 494
1 3600 658
16
493 401 402 227 45 38 274 559 551 501 504 385 382 319 221 224
1 3600 658
15
401 402 227 228 281 278 623 559 560 573 567 385 382 319 221
1 3600 658
14
497 401 402 227 45 38 274 559 551 546 567 385 382 564
1 3600 658
20
495 401 402 227 228 281 277 274 559 560 573 567 385 375 380 395 392 536 545 540
1 3600 658
19
497 401 402 257 233 234 51 46 208 443 444 450 447 448 415 353 348 151 148
1 3600 658
14
497 401 402 257 233 236 261 49 52 345 340 455 456 207
1 3600 286
7
495 401 402 227 228 282 7
1 3600 235
6
495 401 402 227 228 281
1 3600 658
19
493 401 402 257 57 60 64 242 246 248 398 171 166 411 165 160 325 322 486
1 3600 658
11
401 402 257 57 60 62 70 91 85 86 83
1 3600 117
6
497 401 402 257 57 60
