205
1 3600 105
3
108 254 295
1 3600 104
7
287 133 127 121 101 49 37
1 3600 104
6
297 294 345 342 115 116
1 3600 104
8
363 360 387 119 69 13 8 84
1 3600 104
8
363 358 389 387 119 69 70 49
1 3600 104
11
397 297 294 255 109 106 112 198 385 119 101
1 3600 352
17
397 297 294 345 340 215 145 129 127 121 69 70 99 97 43 44 102
1 3600 96
8
297 294 303 299 77 78 175 176
1 3600 96
8
397 297 294 303 263 241 81 78
1 3600 96
10
105 108 252 343 261 241 81 76 300 333
1 3600 82
8
357 287 133 130 147 139 136 455
1 3600 493
11
294 345 340 215 145 142 337 157 158 135 136
1 3600 379
7
293 294 303 299 3 4 192
1 3600 379
11
363 360 387 353 125 122 138 148 424 438 59
1 3600 493
17
397 297 294 345 261 258 322 251 246 437 425 149 139 136 165 160 166
1 3600 493
15
287 217 145 140 181 179 172 17 14 324 346 203 206 225 228
1 3600 493
18
395 297 294 303 299 300 191 188 330 349 350 205 208 365 366 398 414 421
1 3600 493
11
106 112 200 125 122 136 165 160 166 23 24
1 3600 144
6
199 200 352 386 361 362
1 3600 144
7
48 100 118 386 388 359 362
1 3600 144
7
159 131 132 286 356 253 109
1 3600 144
13
257 85 9 12 68 120 126 128 144 214 341 344 295
1 3600 144
8
199 113 114 343 344 295 296 394
1 3600 144
4
352 386 361 362
1 3600 141
4
119 101 99 83
1 3600 141
3
11 8 84
1 3600 144
14
389 387 384 199 200 125 122 136 165 162 450 289 290 452
1 3600 144
12
358 389 387 119 69 70 99 97 93 89 90 102
1 3600 144
9
360 387 119 101 49 37 38 93 89
1 3600 144
8
70 99 83 84 35 32 89 86
1 3600 130
10
200 117 114 357 354 215 145 140 181 179
1 3600 130
10
68 120 126 130 156 334 315 318 185 182
1 3600 125
4
98 100 120 126
1 3600 125
14
257 85 82 98 71 68 120 126 128 142 249 250 321 319
1 3600 125
6
200 125 122 138 150 154
1 3600 125
3
120 122 138
1 3600 223
8
387 353 125 122 136 165 160 168
1 3600 448
17
447 389 387 384 199 113 114 343 261 241 81 78 284 19 16 186 279
1 3600 259
14
114 357 287 133 130 158 135 136 455 291 235 232 311 312
1 3600 493
5
122 136 165 160 166
1 3600 493
17
126 130 156 334 315 29 30 280 329 327 324 348 404 203 206 225 230
1 3600 493
16
117 107 108 254 303 299 3 4 192 205 208 365 368 445 435 417
1 3600 493
20
35 32 92 96 98 100 120 122 136 455 291 235 232 65 66 308 370 273 276 211
1 3600 273
14
453 454 137 134 159 156 336 249 250 323 259 262 302 295
1 3600 126
9
453 291 288 451 163 164 137 123 124
1 3600 126
6
32 92 39 36 48 71
1 3600 126
4
91 88 33 34
1 3600 126
9
88 92 96 98 71 68 118 386 388
1 3600 126
5
103 75 47 48 71
1 3600 189
3
88 92 43
1 3600 308
14
33 34 85 82 98 100 120 126 128 140 181 179 174 284
1 3600 98
21
87 88 92 39 36 48 100 118 353 201 113 114 357 287 217 145 142 337 338 424 438
1 3600 133
10
42 96 98 71 68 120 122 136 165 160
1 3600 493
9
453 454 137 138 148 424 438 53 54
1 3600 448
25
45 41 36 48 100 118 353 117 107 108 254 303 299 300 333 330 404 203 208 365 368 411 414 421 418
1 3600 493
11
73 47 48 71 68 120 122 136 165 160 166
1 3600 493
24
34 85 9 12 68 118 384 199 113 114 343 261 241 81 76 3 4 188 330 349 350 205 206 225
1 3600 493
21
88 92 96 98 100 120 126 128 140 181 179 172 17 14 324 346 203 208 365 368 445
1 3600 493
8
453 291 235 232 195 23 24 212
1 3600 155
8
320 251 248 143 144 216 286 356
1 3600 155
5
240 260 344 295 292
1 3600 155
3
340 355 287
1 3600 155
5
2 298 302 255 109
1 3600 134
8
80 183 180 141 129 127 124 201
1 3600 134
5
145 129 127 121 101
1 3600 493
18
349 325 326 328 51 52 439 440 153 151 139 123 121 69 70 99 97 43
1 3600 124
4
178 180 141 144
1 3600 124
5
285 79 80 183 184
1 3600 145
8
175 172 27 28 314 335 338 422
1 3600 145
10
190 301 77 80 240 258 322 251 246 437
1 3600 145
5
258 322 251 246 437
1 3600 145
9
2 77 80 183 184 319 316 439 425
1 3600 145
6
145 142 337 157 147 139
1 3600 145
6
319 314 335 157 158 135
1 3600 145
8
330 349 325 326 328 51 56 58
1 3600 145
5
142 337 338 422 153
1 3600 493
10
184 319 316 439 425 149 139 136 165 162
1 3600 155
8
261 241 81 78 284 19 16 186
1 3600 155
7
179 172 186 327 324 350 205
1 3600 155
9
215 145 142 249 246 315 29 30 282
1 3600 155
8
145 140 181 179 172 27 30 282
1 3600 133
16
191 192 351 346 203 206 225 226 365 366 305 277 272 371 309 310
1 3600 133
13
216 133 130 158 135 136 165 162 450 289 235 236 242
1 3600 493
21
182 81 76 300 333 330 404 203 208 365 368 445 435 377 378 402 406 63 64 195 196
1 3600 493
9
179 174 284 19 14 324 350 205 208
1 3600 410
12
192 205 206 225 226 365 368 411 412 443 271 274
1 3600 493
13
145 129 130 147 139 136 165 160 166 23 24 212 238
1 3600 93
8
132 286 354 341 344 295 296 394
1 3600 62
9
318 320 323 259 260 342 115 116 201
1 3600 62
9
151 146 131 127 124 201 198 385 386
1 3600 141
11
288 451 163 164 137 123 121 101 49 37 38
1 3600 85
4
317 318 185 182
1 3600 85
15
291 235 236 242 407 403 379 376 434 444 369 364 209 204 193
1 3600 85
11
290 454 137 138 148 339 336 143 144 214 341
1 3600 85
3
247 248 143
1 3600 85
4
134 159 131 128
1 3600 72
4
337 334 315 316
1 3600 58
6
130 158 135 136 165 160
1 3600 93
6
53 50 329 327 324 350
1 3600 60
12
136 455 291 235 236 242 407 408 429 426 381 374
1 3600 60
6
139 136 165 160 166 194
1 3600 197
4
136 165 160 166
1 3600 493
12
155 152 441 438 59 60 278 327 324 346 203 208
1 3600 352
14
29 26 17 14 324 346 203 208 365 368 445 431 432 271
1 3600 493
14
235 232 311 308 265 266 273 270 442 307 211 212 221 222
1 3600 493
11
451 163 164 137 134 159 131 132 286 356 253
1 3600 120
10
163 164 137 123 121 69 13 8 84 256
1 3600 102
11
171 161 164 137 123 121 101 99 97 93 33
1 3600 246
17
137 138 150 152 441 436 247 250 321 185 182 81 76 3 4 188 330
1 3600 63
6
169 161 164 137 138 146
1 3600 63
3
164 137 138
1 3600 493
22
166 194 65 62 407 408 429 426 419 420 415 399 367 364 227 224 207 202 347 325 326 328
1 3600 117
10
169 166 194 65 66 308 265 268 401 379
1 3600 145
4
163 160 166 196
1 3600 493
11
166 23 24 210 306 413 410 369 364 227 230
1 3600 493
10
289 235 236 242 407 408 429 426 419 420
1 3600 493
5
166 23 24 212 221
1 3600 379
9
202 405 331 332 301 298 302 295 296
1 3600 379
18
405 331 189 5 2 298 263 260 342 115 112 198 385 119 69 13 8 84
1 3600 493
23
207 204 351 325 15 18 285 79 80 240 260 342 115 116 352 119 69 70 49 37 38 93 89
1 3600 64
7
207 202 347 325 15 16 27
1 3600 64
7
207 204 351 325 326 187 173
1 3600 82
6
31 28 314 437 425 149
1 3600 493
12
326 279 55 52 439 425 149 139 136 165 162 450
1 3600 105
5
325 326 328 281 282
1 3600 82
14
225 226 365 366 398 414 421 418 427 428 409 406 243 237
1 3600 82
3
283 280 51
1 3600 82
13
350 205 208 365 368 445 435 377 380 427 269 264 309
1 3600 82
9
206 225 226 365 366 305 277 272 382
1 3600 493
8
203 208 365 366 305 211 25 22
1 3600 105
7
350 205 208 365 368 411 412
1 3600 493
7
225 226 365 366 305 211 212
1 3600 448
17
419 416 434 444 369 364 209 202 347 348 331 332 301 298 302 255 109
1 3600 259
12
309 67 64 233 234 290 454 137 123 124 201 198
1 3600 493
16
400 428 409 406 243 237 234 290 454 137 123 121 101 49 46 74
1 3600 63
10
308 370 273 276 304 367 364 209 204 193
1 3600 124
12
64 233 234 288 451 163 164 137 134 159 156 336
1 3600 124
12
267 264 309 310 195 167 161 164 137 138 150 154
1 3600 124
4
56 58 317 314
1 3600 124
18
65 62 407 403 379 376 434 444 369 364 209 202 347 325 326 279 61 58
1 3600 214
5
313 310 195 167 170
1 3600 120
19
429 426 419 420 430 444 369 364 227 224 207 204 351 325 15 16 27 30 282
1 3600 120
10
383 273 270 433 415 399 367 364 209 202
1 3600 120
14
266 273 270 442 413 410 369 364 209 204 351 325 326 279
1 3600 120
5
50 329 327 324 350
1 3600 120
12
381 376 434 444 369 364 227 224 207 202 347 350
1 3600 68
3
371 372 409
1 3600 99
4
245 237 232 195
1 3600 99
3
195 23 20
1 3600 154
10
245 242 407 403 379 376 434 444 369 364
1 3600 119
4
375 376 417 420
1 3600 119
5
380 419 420 432 442
1 3600 119
4
408 373 370 273
1 3600 189
8
265 266 273 276 211 212 221 218
1 3600 493
16
167 161 164 137 138 148 339 336 143 144 214 341 344 295 296 394
1 3600 493
10
197 167 161 164 137 123 121 69 70 49
1 3600 493
8
197 167 161 162 450 289 290 452
1 3600 379
11
21 22 167 161 164 137 134 159 131 132 217
1 3600 114
8
197 167 161 164 137 134 159 131
1 3600 154
3
197 167 170
1 3600 328
8
24 210 304 367 364 209 204 351
1 3600 28
3
197 194 65
1 3600 493
12
194 311 308 265 268 426 419 420 415 410 369 364
1 3600 145
6
21 24 210 306 443 271
1 3600 133
4
23 24 212 238
1 3600 493
13
229 224 207 202 405 331 189 5 2 298 302 295 296
1 3600 493
12
209 204 193 190 301 77 80 183 180 141 129 127
1 3600 493
21
209 202 405 331 189 5 2 77 80 240 260 342 115 112 198 385 119 101 99 97 93
1 3600 352
7
229 224 207 202 347 325 15
1 3600 493
14
229 226 365 368 445 435 377 378 402 406 243 237 234 290
1 3600 493
17
231 226 365 368 445 431 421 418 427 428 373 309 67 64 233 234 288
1 3600 58
3
231 224 390
1 3600 98
7
226 365 368 445 435 377 378
1 3600 493
8
231 226 365 366 305 211 25 22
1 3600 34
4
231 226 365 368
1 3600 493
9
229 226 365 368 411 412 307 211 212
1 3600 493
12
304 367 364 209 204 193 190 301 298 302 295 292
1 3600 493
19
443 271 272 267 264 309 310 233 234 290 454 137 123 121 69 70 99 83 84
1 3600 493
18
275 272 371 309 67 64 233 234 290 454 137 123 121 101 49 46 74 102
1 3600 352
9
367 364 209 202 405 331 189 5 2
1 3600 308
16
277 272 267 264 372 409 406 243 237 234 290 454 137 138 150 154
1 3600 493
9
418 427 428 409 406 63 64 195 167
1 3600 105
15
416 434 444 369 364 227 224 207 204 351 325 326 328 281 282
1 3600 102
3
377 378 400
1 3600 102
6
306 443 433 421 418 427
1 3600 102
5
411 414 432 271 272
1 3600 214
5
412 307 211 25 22
1 3600 90
4
304 367 364 227
1 3600 90
3
364 227 228
1 3600 102
4
306 413 410 369
1 3600 112
7
431 432 442 307 211 212 221
1 3600 112
5
442 307 211 212 238
1 3600 493
10
25 22 167 161 164 137 123 124 117 107
1 3600 493
11
220 213 25 22 167 161 164 137 123 121 69
1 3600 493
16
223 220 213 25 22 167 161 164 137 123 124 352 119 101 99 97
1 3600 493
15
223 220 213 25 22 167 161 164 137 138 148 424 436 247 250
1 3600 493
19
219 220 213 210 304 367 364 209 202 347 348 331 332 301 298 263 258 141 129
1 3600 493
7
220 213 25 22 167 161 162
1 3600 493
11
239 213 210 304 367 364 209 204 351 325 326
1 3600 109
9
223 220 213 210 277 272 371 372 409
1 3600 133
6
219 220 213 25 22 196
1 3600 493
9
213 210 306 413 410 369 364 227 230
1 3600 76
8
219 220 213 210 306 443 433 421
1 3600 76
3
213 210 304
1 3600 308
3
212 221 218
