419
1 3600 443
8
1112 1111 617 622 772 909 111 108
1 3600 443
4
118 885 882 665
1 3600 443
11
631 628 223 17 20 613 614 935 893 653 648
1 3600 443
5
683 649 652 892 934
1 3600 443
5
623 616 611 612 21
1 3600 463
7
112 673 676 770 147 148 156
1 3600 463
6
630 1118 639 640 796 85
1 3600 463
8
626 1113 939 83 80 911 771 133
1 3600 463
10
16 220 1037 637 11 12 91 92 155 156
1 3600 463
5
115 112 673 674 984
1 3600 463
8
617 620 936 85 88 153 146 912
1 3600 463
7
21 18 1115 939 83 80 911
1 3600 463
10
1023 5 8 894 1020 107 104 883 878 673
1 3600 463
6
1117 1115 939 83 78 88
1 3600 463
6
664 899 896 125 128 136
1 3600 463
8
891 888 931 927 909 885 880 897
1 3600 463
15
1123 1118 1039 1036 221 17 20 613 610 617 622 117 112 131 127
1 3600 463
7
628 646 639 640 91 87 88
1 3600 463
8
8 894 933 775 623 620 936 85
1 3600 274
35
1110 1113 1114 19 16 220 1037 637 609 602 684 844 841 807 713 709 67 68 714 689 692 271 272 794 443 440 450 456 462 141 138 854 1051 557 554
1 3600 575
31
646 639 642 15 12 91 92 975 972 281 282 765 762 1108 1095 203 200 577 393 396 404 418 818 961 962 1077 1075 821 824 1046 1100
1 3600 454
5
220 1037 637 634 640
1 3600 454
15
679 674 81 78 84 797 641 635 609 604 668 842 801 798 805
1 3600 454
16
884 908 926 930 934 615 612 21 16 220 1037 637 609 606 698 846
1 3600 454
3
646 639 642
1 3600 454
7
19 16 222 644 1037 637 11
1 3600 454
17
5 6 888 934 615 612 21 16 220 1037 637 609 602 684 844 841 811
1 3600 454
10
773 623 620 936 797 13 10 609 604 670
1 3600 454
11
616 1110 627 21 16 220 1037 637 609 604 668
1 3600 454
12
655 658 895 892 934 615 612 21 16 222 646 1039
1 3600 472
14
117 112 131 132 135 136 1004 1008 777 778 923 919 785 782
1 3600 472
15
683 680 661 662 664 899 896 924 992 1008 777 39 36 920 1103
1 3600 472
12
626 1113 939 83 78 86 92 155 156 285 282 35
1 3600 472
14
1020 107 104 883 878 131 132 770 147 148 156 285 282 35
1 3600 472
9
625 626 1113 939 936 85 86 92 975
1 3600 287
17
885 880 924 992 1008 205 208 217 218 790 443 438 433 434 444 458 464
1 3600 575
29
16 222 646 639 642 15 12 91 92 969 915 769 313 307 304 1006 215 210 179 182 452 1025 961 962 29 30 25 26 504
1 3600 575
32
8 653 650 656 109 110 119 112 673 676 770 147 148 154 975 972 167 170 245 240 308 695 693 688 715 716 721 718 861 749 413 399
1 3600 338
19
1118 1039 637 609 602 684 844 841 807 725 722 711 709 705 700 689 690 569 570
1 3600 575
20
115 112 673 674 984 153 150 1008 205 208 577 393 396 406 277 274 808 513 516 1092
1 3600 575
34
656 662 664 899 896 125 128 136 1004 151 148 156 285 282 765 762 1107 1104 857 197 194 218 790 443 438 448 1032 97 102 45 46 566 517 518
1 3600 575
20
116 623 620 83 78 86 92 969 915 769 313 310 316 301 302 365 362 586 750 758
1 3600 575
21
644 1037 637 609 604 668 842 801 798 805 713 710 729 303 300 351 339 325 326 368 231
1 3600 575
29
927 909 885 880 924 992 1008 777 778 923 919 916 1097 1098 237 73 76 190 270 696 792 1007 971 387 383 380 1019 233 234
1 3600 139
10
149 152 89 79 82 938 1112 1111 611 614
1 3600 139
29
487 485 475 470 467 465 457 451 441 442 791 219 195 196 858 1094 1109 763 764 283 280 973 974 93 90 796 937 621 618
1 3600 139
4
130 113 116 623
1 3600 139
9
154 93 90 641 638 647 223 17 20
1 3600 139
3
993 925 881
1 3600 143
3
770 912 1004
1 3600 152
26
86 92 975 972 167 170 245 240 304 1006 793 213 210 179 180 430 434 444 460 565 562 257 258 545 540 553
1 3600 152
19
992 1008 205 206 859 197 194 218 790 443 440 450 456 464 466 471 472 478 548
1 3600 152
29
913 147 148 156 285 282 765 762 1108 1095 203 200 577 393 396 408 410 450 454 458 464 468 1052 251 246 539 540 553 554
1 3600 152
26
285 282 35 36 920 1104 857 197 194 218 790 443 438 448 1032 97 100 122 143 138 854 823 824 1046 559 560
1 3600 575
33
674 984 153 148 154 969 915 769 245 242 314 351 347 340 391 383 375 372 173 174 524 946 1066 497 498 33 28 1077 1075 821 824 1046 1100
1 3600 137
9
674 984 89 84 797 13 10 609 602
1 3600 141
9
134 770 147 148 154 975 972 167 170
1 3600 141
7
135 136 1004 1008 777 39 36
1 3600 141
6
134 770 910 81 78 86
1 3600 94
21
285 282 765 766 923 919 785 782 691 692 696 213 210 179 180 430 434 444 458 464 466
1 3600 479
17
1008 205 208 577 393 385 375 372 187 188 1002 957 507 27 24 31 28
1 3600 575
29
128 136 995 992 151 148 156 285 282 765 762 1108 1135 1132 237 73 76 192 691 688 701 704 708 710 940 1060 49 52 437
1 3600 303
22
910 81 82 938 1114 19 16 220 1037 637 609 602 684 844 841 807 725 722 940 65 62 943
1 3600 523
20
489 481 473 476 259 256 563 463 459 445 435 431 417 405 397 385 382 390 341 346
1 3600 575
19
86 92 975 967 915 769 313 307 304 971 395 396 406 510 945 529 526 185 188
1 3600 575
22
156 285 282 35 36 920 1103 1097 781 786 239 73 76 190 270 694 965 299 302 365 362 586
1 3600 575
21
770 147 150 1008 777 778 923 919 785 782 691 601 598 745 746 593 594 755 750 758 866
1 3600 575
30
113 116 623 616 1110 627 21 16 220 1037 637 609 606 698 801 798 805 725 722 729 365 355 358 343 340 391 383 375 376 378
1 3600 230
25
475 470 467 465 457 451 441 442 791 579 576 209 204 1009 1005 137 129 124 897 898 105 106 1021 659 654
1 3600 153
28
253 250 1053 563 564 461 445 435 431 181 178 211 212 697 271 191 77 72 236 1133 1105 921 37 34 283 284 157 149
1 3600 153
29
481 478 546 1091 541 538 851 139 142 123 101 96 1033 449 439 442 791 219 216 201 202 207 204 1009 993 994 137 129 126
1 3600 153
30
1084 1088 541 538 1059 823 820 1074 1076 963 960 1024 453 183 178 211 214 1007 305 306 312 768 914 968 155 149 146 771 133 127
1 3600 153
28
555 556 1050 855 139 140 463 459 455 451 411 409 397 392 576 201 202 1094 1109 763 764 283 284 157 149 146 771 133
1 3600 140
4
555 552 1089 1085
1 3600 97
3
554 558 1100
1 3600 479
40
549 546 1091 541 544 259 256 563 564 261 262 826 123 120 29 32 499 496 1067 947 525 175 172 367 327 324 336 357 354 364 728 723 724 806 840 845 685 603 608 634
1 3600 110
15
253 250 1053 469 465 457 451 411 409 397 394 970 305 241 244
1 3600 161
12
485 483 473 470 255 249 250 853 139 142 123 101
1 3600 161
10
556 1049 825 820 1074 1076 963 960 1024 453
1 3600 161
12
1050 1058 247 248 254 467 465 459 445 435 432 439
1 3600 161
12
479 473 470 467 465 457 451 441 442 791 579 574
1 3600 127
14
1082 1091 541 538 851 139 142 1070 1076 29 32 493 25 22
1 3600 575
30
482 475 476 259 256 563 564 461 445 435 431 181 178 211 212 697 693 688 715 716 721 718 942 1057 59 56 51 52 427 428
1 3600 411
16
485 475 470 467 465 459 455 451 441 442 795 273 270 694 965 299
1 3600 411
20
481 473 476 253 246 851 139 144 1074 1076 29 32 499 496 953 950 1003 189 186 373
1 3600 575
17
1087 1088 553 556 1049 825 820 1074 1076 29 30 25 26 506 956 1003 189
1 3600 575
27
558 1047 825 822 855 139 142 123 101 102 419 405 397 394 387 390 341 342 359 356 582 584 998 869 295 292 1041
1 3600 575
25
544 259 256 563 564 261 262 826 123 120 963 817 501 499 496 953 949 525 175 172 367 327 324 331 332
1 3600 575
18
543 538 247 250 1053 469 465 459 445 435 431 417 405 397 385 375 376 378
1 3600 575
38
991 986 503 506 955 952 1072 519 512 809 275 276 407 408 225 211 214 1007 305 308 965 703 71 66 708 712 804 799 800 843 669 605 608 636 1036 221 17 18
1 3600 523
25
979 980 988 425 23 24 490 1033 449 439 442 791 219 195 196 856 1105 921 922 779 776 1009 1005 995 925
1 3600 59
4
1048 557 552 1089
1 3600 575
14
1047 825 820 1074 1076 29 32 493 25 22 424 989 981 978
1 3600 575
25
1047 1048 1050 855 852 1053 563 463 457 451 441 442 795 273 270 693 688 701 704 708 712 806 840 845 685
1 3600 575
22
1101 1047 825 820 145 140 463 459 445 435 432 439 442 791 219 195 196 75 72 236 1099 1096
1 3600 147
9
825 822 855 139 142 123 101 102 45
1 3600 85
9
979 982 1034 505 506 955 952 497 494
1 3600 575
26
1101 1047 825 820 1074 1076 963 960 819 419 416 181 178 211 214 1007 305 241 242 314 301 302 726 734 738 742
1 3600 575
26
559 555 556 1050 1058 247 248 254 467 465 457 451 411 225 211 212 697 693 688 715 716 721 718 942 63 61
1 3600 575
13
1101 1047 1048 1050 855 139 140 564 461 455 451 411 409
1 3600 575
15
825 820 1074 1076 963 99 102 45 46 566 517 514 1136 533 523
1 3600 575
24
825 822 855 139 142 123 120 29 32 499 496 953 950 1003 189 186 367 327 324 336 582 586 754 295
1 3600 575
24
559 555 552 541 544 253 248 256 469 465 459 445 435 431 417 405 397 394 387 390 341 344 323 320
1 3600 575
16
991 986 503 506 956 951 949 525 175 172 373 374 380 1019 233 234
1 3600 218
10
603 608 636 1036 221 17 20 613 610 617
1 3600 218
12
699 607 608 636 1036 221 17 20 613 614 935 893
1 3600 218
7
937 621 622 774 932 659 656
1 3600 218
14
845 669 605 608 636 1036 221 17 20 613 614 935 893 653
1 3600 218
19
839 840 845 685 603 608 636 1036 221 17 18 1115 1112 1111 617 622 772 928 107
1 3600 140
29
667 668 844 841 807 713 709 67 70 702 964 309 304 1006 215 210 224 410 450 456 462 562 1052 251 252 477 474 484 486
1 3600 523
28
14 643 640 91 92 975 972 281 282 765 762 1108 1095 203 199 194 218 790 443 440 450 454 460 565 141 138 850 539
1 3600 575
22
805 713 709 705 700 689 692 696 792 215 210 179 182 452 1025 961 962 1077 1075 821 824 1046
1 3600 137
3
607 608 11
1 3600 204
14
1038 639 642 15 12 91 92 975 972 281 282 765 766 923
1 3600 204
18
1037 637 609 604 668 844 841 807 725 722 711 709 67 68 714 689 690 783
1 3600 204
14
849 813 805 713 709 67 70 700 689 690 783 784 918 37
1 3600 204
10
605 608 634 640 796 85 88 153 150 1008
1 3600 204
8
642 15 12 91 92 155 156 285
1 3600 204
11
643 640 91 92 975 972 281 282 35 36 920
1 3600 204
17
843 669 605 608 636 1036 221 17 18 1115 939 83 80 911 147 148 158
1 3600 213
23
807 725 722 940 733 730 361 362 583 337 325 326 366 173 174 522 532 1137 515 516 567 47 40
1 3600 575
19
15 12 91 92 969 915 769 313 307 304 971 395 396 406 508 279 274 808 513
1 3600 122
12
698 801 798 805 713 710 940 1060 49 52 415 399
1 3600 164
4
844 841 807 725
1 3600 164
10
846 813 805 713 710 729 303 300 317 311
1 3600 411
13
85 86 92 969 915 769 245 242 314 351 347 340 391
1 3600 575
19
91 92 975 972 167 170 313 310 316 351 339 325 326 366 187 188 1002 951 952
1 3600 575
17
637 609 602 684 844 841 807 725 722 729 726 730 905 589 594 868 753
1 3600 575
19
604 668 842 801 798 805 713 710 729 365 355 358 343 340 391 388 371 368 1000
1 3600 575
14
807 725 722 729 365 355 358 343 340 391 383 375 376 378
1 3600 182
9
87 79 82 621 622 774 930 889 890
1 3600 182
19
1134 1109 763 764 283 284 157 149 152 985 675 672 879 882 665 663 657 651 652
1 3600 163
20
916 1102 1104 857 197 194 218 790 443 438 433 434 444 458 464 466 471 472 480 486
1 3600 163
5
914 966 974 155 156
1 3600 163
4
974 93 87 88
1 3600 125
14
237 73 76 190 272 794 443 440 450 456 462 562 257 258
1 3600 575
18
205 206 203 200 577 393 396 404 418 103 100 122 143 138 854 1051 1049 1046
1 3600 163
15
781 782 691 688 701 71 66 708 710 723 724 804 799 802 845
1 3600 163
14
1105 921 37 34 283 280 973 974 93 90 641 635 609 604
1 3600 163
14
1109 763 764 283 280 973 974 93 90 13 10 609 602 684
1 3600 163
9
918 37 38 776 1009 151 152 89 84
1 3600 163
13
787 784 918 922 767 764 283 284 157 149 152 89 84
1 3600 97
3
171 166 973
1 3600 179
9
237 73 74 197 194 218 790 443 438
1 3600 179
10
155 156 285 282 765 762 1107 1104 857 197
1 3600 179
19
915 769 245 240 304 1006 793 213 210 179 180 430 434 444 458 464 468 257 249
1 3600 179
10
1102 1106 1108 1095 207 208 577 393 396 404
1 3600 179
9
169 170 313 307 308 695 271 272 789
1 3600 179
8
762 1108 1095 203 200 577 578 790
1 3600 179
6
1095 207 208 217 218 790
1 3600 179
10
966 972 281 282 35 36 920 1104 857 197
1 3600 261
19
766 923 919 785 786 239 73 76 190 272 794 443 438 448 1032 491 25 26 506
1 3600 261
7
691 601 598 863 749 413 399
1 3600 191
12
35 36 919 785 782 193 190 270 694 309 306 310
1 3600 191
5
170 245 240 308 965
1 3600 191
15
920 1103 1097 1098 237 73 76 192 691 688 715 69 66 708 710
1 3600 191
8
73 76 190 270 694 309 306 310
1 3600 191
10
76 192 691 688 715 716 721 718 861 864
1 3600 191
9
769 313 310 316 301 302 726 734 736
1 3600 99
5
769 245 242 314 351
1 3600 479
13
776 205 206 203 200 577 393 396 406 508 536 945 901
1 3600 575
14
923 919 785 782 691 601 598 745 746 289 286 296 1127 877
1 3600 575
12
920 1104 857 197 198 200 577 393 385 380 1019 233
1 3600 575
17
916 1097 1098 1133 1134 1095 207 208 577 393 385 382 388 371 368 231 234
1 3600 303
21
1053 563 463 457 451 441 442 791 579 576 209 204 1009 1005 913 771 677 672 879 884 111
1 3600 235
15
123 101 98 960 1024 453 421 405 397 392 576 209 204 1009 993
1 3600 235
11
791 219 195 196 856 1105 921 922 779 776 1009
1 3600 250
14
100 122 827 263 260 565 562 1052 251 252 545 540 1089 1086
1 3600 250
9
103 100 122 143 138 854 1051 557 554
1 3600 250
12
194 218 790 443 440 450 456 464 466 471 474 484
1 3600 250
10
97 98 962 1077 1075 821 822 1051 557 550
1 3600 250
13
43 44 103 100 122 143 138 850 539 540 553 554 560
1 3600 303
14
208 217 218 790 443 440 450 454 460 565 141 144 821 824
1 3600 261
15
416 181 178 211 214 793 697 693 688 701 704 708 712 804 799
1 3600 245
22
454 445 435 432 439 442 795 273 191 77 72 236 1099 1096 917 918 37 34 283 284 157 158
1 3600 245
4
196 856 1132 1099
1 3600 245
11
419 405 397 394 970 305 241 244 768 914 968
1 3600 245
7
439 442 791 788 273 191 192
1 3600 245
4
196 75 76 192
1 3600 245
15
563 564 461 455 451 441 442 791 219 216 201 202 1094 1135 1105
1 3600 245
15
260 461 455 451 441 442 795 273 191 77 72 238 787 780 1096
1 3600 245
6
198 202 1094 1109 763 764
1 3600 245
14
467 465 459 445 435 431 181 178 211 212 697 693 690 783
1 3600 245
13
102 419 405 397 392 576 209 206 859 856 1105 1103 917
1 3600 233
7
262 826 123 101 102 45 40
1 3600 233
9
44 818 961 962 1077 1071 827 263 260
1 3600 233
9
103 96 1033 447 444 458 464 466 471
1 3600 259
8
454 445 446 1032 491 25 26 502
1 3600 259
8
263 260 565 562 257 249 246 1059
1 3600 259
4
249 246 1059 823
1 3600 259
5
420 452 1025 961 817
1 3600 259
14
431 417 420 452 1124 495 496 1067 947 948 954 507 504 1130
1 3600 259
6
210 179 182 452 1124 495
1 3600 259
6
1025 961 962 1077 1075 821
1 3600 259
17
203 200 577 393 396 406 277 274 531 523 524 948 954 507 504 1035 1031
1 3600 259
16
470 255 256 563 564 261 262 826 1070 1076 29 30 25 26 506 958
1 3600 575
13
788 273 270 694 965 299 302 726 730 905 589 592 747
1 3600 208
21
431 417 405 406 510 945 529 526 185 186 373 374 382 390 341 342 359 354 360 905 589
1 3600 208
18
435 431 181 178 211 214 1007 305 308 965 703 71 68 716 721 718 942 1057
1 3600 208
8
435 431 181 178 211 212 697 693
1 3600 238
3
393 385 380
1 3600 238
17
141 142 123 120 29 32 499 496 1067 947 525 175 172 367 327 328 348
1 3600 238
11
1052 853 139 142 1070 1076 963 960 819 45 46
1 3600 238
9
440 411 409 406 508 279 274 808 1137
1 3600 238
3
405 406 508
1 3600 238
16
46 566 517 518 1073 953 950 1003 189 186 373 374 382 390 341 342
1 3600 239
9
815 501 499 496 1067 947 525 520 996
1 3600 239
9
417 405 406 508 536 945 529 269 266
1 3600 575
22
440 411 409 397 394 387 390 341 344 329 324 336 582 586 752 869 295 296 1128 1043 1015 1010
1 3600 575
11
455 451 411 409 397 394 387 390 341 346 335
1 3600 575
15
1032 97 102 45 46 566 517 512 533 523 175 172 373 376 378
1 3600 575
25
1131 505 506 956 1003 189 186 367 327 324 338 350 317 311 312 768 914 968 93 90 641 638 1119 631 632
1 3600 479
19
1017 425 23 24 490 1033 449 439 442 791 219 216 201 202 207 204 1009 151 152
1 3600 133
8
122 143 138 852 251 252 477 472
1 3600 151
9
1076 29 30 25 22 422 1030 983 978
1 3600 575
22
500 816 960 1024 453 183 178 211 214 1007 305 306 310 316 301 302 728 723 724 806 840 845
1 3600 239
16
963 960 1024 453 183 178 211 214 1007 305 306 312 171 166 973 967
1 3600 243
15
506 955 949 946 1068 519 514 1136 809 275 278 509 407 408 225
1 3600 243
15
27 24 492 500 816 99 96 1033 449 439 442 791 579 576 209
1 3600 243
9
505 27 24 31 28 121 122 143 138
1 3600 243
18
1030 1034 505 506 955 949 525 175 176 228 528 944 511 407 397 392 576 209
1 3600 243
6
23 24 490 1033 447 435
1 3600 243
15
1058 247 250 1053 469 465 457 451 441 442 791 219 195 196 858
1 3600 243
9
505 506 956 951 952 497 494 1125 453
1 3600 243
3
1075 145 138
1 3600 243
13
982 1031 423 23 24 492 500 816 960 1024 453 421 416
1 3600 243
7
512 809 275 276 407 397 392
1 3600 250
5
1131 505 27 24 492
1 3600 250
6
32 493 25 22 424 1016
1 3600 575
18
986 503 506 956 1003 189 186 367 327 328 345 342 359 354 360 741 738 742
1 3600 287
17
816 960 1024 453 183 178 211 212 697 693 688 715 716 721 718 942 63
1 3600 217
8
959 955 949 525 175 172 367 370
1 3600 217
10
26 506 956 1003 189 186 367 327 324 338
1 3600 239
10
422 1030 1034 505 506 955 950 1003 903 267
1 3600 239
4
959 955 949 946
1 3600 239
4
499 496 953 950
1 3600 239
8
820 1074 1076 29 32 499 496 1072
1 3600 575
23
99 96 1033 449 439 442 795 273 270 693 601 598 863 864 59 54 737 738 591 594 295 292 1062
1 3600 575
20
820 145 140 463 457 451 411 409 397 385 382 390 341 342 359 354 362 586 750 760
1 3600 575
15
819 45 46 566 517 518 1069 947 525 175 172 367 368 231 234
1 3600 523
18
599 600 690 783 784 918 37 34 283 284 157 149 146 771 677 672 113 114
1 3600 575
23
863 860 719 720 717 69 70 702 964 309 241 244 171 166 973 974 93 87 79 80 675 672 131
1 3600 575
20
743 739 735 727 303 298 964 695 696 792 215 210 224 410 450 456 464 466 471 474
1 3600 575
28
400 426 53 48 737 740 361 362 583 337 325 326 366 173 174 524 946 1066 497 498 33 28 1077 1075 821 824 1046 1100
1 3600 82
11
863 864 1056 63 64 941 711 712 804 812 847
1 3600 155
13
398 414 53 48 1061 733 727 303 300 315 243 244 171
1 3600 479
15
599 600 692 696 213 210 179 180 430 434 444 458 462 562 1052
1 3600 575
21
436 53 50 57 54 737 740 361 355 356 337 325 326 366 187 188 1002 957 507 502 423
1 3600 411
6
401 398 412 748 862 745
1 3600 63
11
597 600 688 715 716 721 718 861 749 413 414
1 3600 63
3
863 860 719
1 3600 359
24
398 412 748 860 719 720 717 69 70 702 964 309 304 971 395 396 406 277 274 808 1137 515 516 1092
1 3600 575
19
414 53 48 737 738 591 594 868 999 585 583 337 325 326 366 173 174 524 946
1 3600 319
17
412 748 864 59 60 64 733 730 905 589 592 289 286 296 1128 1043 1015
1 3600 575
11
746 289 286 294 755 587 583 337 325 319 320
1 3600 575
15
436 53 48 737 740 361 355 358 343 340 391 383 375 376 378
1 3600 383
20
723 724 806 840 845 685 603 608 636 1038 647 223 17 20 613 610 617 622 117 114
1 3600 411
16
707 705 700 689 690 193 77 74 858 207 204 1009 993 994 137 129
1 3600 523
22
67 68 714 689 692 271 272 794 443 438 433 434 444 455 456 462 562 257 258 545 540 1090
1 3600 575
22
727 303 298 964 309 304 1006 215 210 179 180 430 434 444 458 464 468 1052 853 854 823 824
1 3600 319
10
273 270 694 965 703 704 708 712 806 838
1 3600 319
11
1061 941 723 724 804 799 800 699 607 608 636
1 3600 319
11
941 711 712 806 840 845 669 666 603 608 11
1 3600 332
10
735 727 303 300 317 311 312 768 914 966
1 3600 332
15
57 58 1056 943 719 720 717 714 689 690 783 784 918 37 38
1 3600 332
14
415 412 748 862 599 600 692 271 191 77 72 238 787 784
1 3600 332
6
694 309 306 312 171 166
1 3600 332
6
68 714 689 690 193 77
1 3600 332
7
243 240 308 695 271 191 192
1 3600 332
11
298 964 695 271 191 77 72 236 1133 1105 921
1 3600 332
19
865 860 719 720 717 714 689 690 783 780 1096 1102 1106 763 764 283 284 157 158
1 3600 332
7
600 690 193 77 72 236 1133
1 3600 295
3
971 395 392
1 3600 295
9
789 790 443 440 450 454 460 261 262
1 3600 295
8
573 568 193 190 272 794 443 440
1 3600 295
14
904 361 355 358 343 340 391 383 384 396 408 410 450 454
1 3600 359
16
355 358 343 344 329 326 366 187 188 1002 951 952 497 498 33 28
1 3600 306
7
65 61 56 51 52 427 401
1 3600 306
4
270 693 601 598
1 3600 306
7
311 307 308 695 693 601 596
1 3600 306
10
242 314 301 302 726 732 1060 49 52 415
1 3600 306
5
1065 1057 865 862 745
1 3600 327
11
688 701 71 66 708 710 940 733 730 905 906
1 3600 327
9
310 316 301 302 726 734 736 49 52
1 3600 327
7
1065 943 719 720 717 714 689
1 3600 327
9
354 364 728 711 709 67 68 716 721
1 3600 327
6
965 703 704 708 710 940
1 3600 331
10
243 240 304 971 395 396 406 277 274 808
1 3600 331
7
213 210 224 409 406 277 274
1 3600 331
21
53 48 737 738 591 594 868 753 587 583 337 325 326 366 187 184 527 528 944 535 532
1 3600 331
5
309 241 242 314 351
1 3600 331
18
50 57 60 64 941 711 709 705 700 689 692 696 792 215 210 224 409 406
1 3600 331
6
310 316 351 339 325 328
1 3600 331
9
57 54 737 740 361 355 358 343 340
1 3600 331
11
907 904 361 355 358 343 340 391 383 380 1019
1 3600 331
7
789 579 393 394 387 388 371
1 3600 331
4
727 365 355 352
1 3600 331
6
309 241 242 314 351 347
1 3600 331
14
70 702 964 309 304 971 395 396 406 508 279 274 808 1137
1 3600 331
10
730 905 589 594 868 999 585 583 337 338
1 3600 331
5
215 210 224 409 406
1 3600 261
15
907 589 594 755 587 583 337 325 326 366 173 176 228 269 266
1 3600 303
7
722 729 365 362 584 998 869
1 3600 303
11
702 299 302 365 362 586 754 295 296 1127 877
1 3600 303
9
310 316 301 302 365 362 586 750 758
1 3600 303
7
738 591 594 295 292 1041 1044
1 3600 221
12
63 64 733 727 303 300 351 339 325 326 368 231
1 3600 575
14
717 714 689 692 696 792 1007 971 387 383 380 1019 233 234
1 3600 575
16
381 384 392 576 201 202 207 204 1009 1005 137 129 126 130 113 114
1 3600 575
13
377 374 384 392 576 201 202 1094 1109 763 764 283 284
1 3600 479
17
278 509 407 404 418 103 100 122 143 138 850 539 540 1090 1083 1084 1086
1 3600 575
13
808 513 518 1073 953 954 507 504 1035 1031 987 981 978
1 3600 443
14
349 329 324 336 582 363 364 728 723 724 804 799 800 843
1 3600 99
12
1018 381 384 392 578 219 195 196 856 1132 1099 1096
1 3600 181
6
408 410 450 456 462 141
1 3600 181
6
404 416 430 434 444 460
1 3600 181
7
391 386 970 1006 793 213 210
1 3600 181
4
407 404 420 452
1 3600 181
14
349 345 340 391 386 395 396 404 418 103 100 122 827 263
1 3600 115
10
536 535 523 524 948 950 957 507 504 1130
1 3600 575
12
390 341 342 359 354 360 741 736 49 52 437 429
1 3600 183
6
970 305 308 965 703 71
1 3600 183
12
275 276 407 408 225 211 212 697 693 688 715 716
1 3600 183
11
409 397 385 382 390 341 346 335 330 336 582
1 3600 183
8
336 582 584 998 869 595 588 906
1 3600 183
14
1093 567 47 44 419 416 181 178 211 214 793 697 693 688
1 3600 183
10
345 342 359 354 360 731 732 65 62 943
1 3600 183
4
346 350 315 243
1 3600 183
6
327 324 336 357 354 364
1 3600 183
7
349 345 342 359 354 360 905
1 3600 101
5
351 347 340 391 383
1 3600 176
5
278 509 510 945 529
1 3600 176
6
531 534 945 529 526 265
1 3600 176
9
531 523 520 996 227 228 526 185 188
1 3600 176
7
391 383 375 372 173 174 522
1 3600 176
8
385 375 372 187 184 527 229 226
1 3600 205
9
341 342 359 356 582 586 752 869 295
1 3600 106
8
397 394 387 388 371 327 324 336
1 3600 575
9
536 945 529 229 177 172 373 376 378
1 3600 575
19
537 509 407 397 394 970 305 241 244 768 914 968 93 90 796 937 938 1114 1116
1 3600 575
14
227 228 528 944 511 407 397 392 576 209 204 1009 993 925
1 3600 575
14
537 509 407 408 410 450 456 464 466 471 472 478 548 1078
1 3600 575
8
902 1002 957 507 502 987 981 978
1 3600 575
29
951 952 497 494 1125 453 421 416 430 432 439 442 791 219 195 198 202 1094 1109 763 764 283 280 973 974 93 90 13 14
1 3600 411
16
519 514 1136 809 275 276 407 408 225 211 214 1007 305 306 312 768
1 3600 191
18
946 1066 497 498 33 28 121 101 96 1033 449 439 442 791 219 195 196 858
1 3600 191
4
511 407 404 420
1 3600 223
5
521 524 946 1066 497
1 3600 223
12
229 177 174 522 532 1137 515 516 567 47 44 818
1 3600 223
5
174 524 948 954 507
1 3600 223
8
524 948 954 507 504 1035 983 976
1 3600 575
18
1003 189 186 367 327 324 336 582 363 360 741 736 55 58 865 749 413 399
1 3600 191
12
529 229 177 172 367 327 324 336 582 586 754 595
1 3600 215
11
945 529 526 185 186 373 374 382 390 341 342
1 3600 215
8
1067 947 525 175 172 373 374 382
1 3600 215
7
176 228 528 944 537 509 407
1 3600 215
6
268 528 944 511 407 408
1 3600 215
5
174 522 532 513 516
1 3600 215
8
1026 1003 189 186 373 374 380 1019
1 3600 215
3
530 275 276
1 3600 147
5
268 229 226 997 521
1 3600 575
14
1029 1026 951 949 525 175 172 367 327 324 336 582 586 750
1 3600 287
9
996 227 228 526 185 186 367 368 1000
1 3600 443
8
949 525 175 172 367 368 231 234
1 3600 575
21
1055 593 588 904 731 732 941 723 724 806 840 845 669 605 608 636 1036 221 17 20 613
1 3600 575
17
747 744 599 600 690 783 784 918 922 767 764 283 284 157 149 146 771
1 3600 575
24
288 747 744 599 600 692 271 272 794 443 438 433 434 444 458 464 466 471 474 483 478 546 1083 1080
1 3600 575
21
1014 1040 293 294 868 999 585 583 337 325 326 366 187 188 1002 957 507 502 1030 983 978
1 3600 575
17
872 876 1126 297 294 595 590 739 735 732 941 711 712 804 812 847 699
1 3600 523
21
874 1014 1042 1129 297 294 868 753 587 363 364 303 298 964 695 271 191 77 72 236 1099
1 3600 575
16
297 294 755 587 363 364 303 300 315 243 240 304 1006 215 210 179
1 3600 575
23
1042 1063 293 287 288 747 744 599 600 692 271 272 789 790 443 440 450 456 462 562 1052 853 854
1 3600 359
9
593 590 739 736 55 58 865 749 413
1 3600 312
7
1011 1014 1040 293 294 595 588
1 3600 312
7
593 590 739 736 55 58 865
1 3600 312
5
868 999 585 583 357
1 3600 312
9
759 751 587 363 364 728 711 709 67
1 3600 312
10
293 294 595 588 904 731 732 65 62 1057
1 3600 312
5
289 286 294 755 587
1 3600 312
12
1129 297 294 595 588 904 731 727 303 298 964 695
1 3600 280
10
294 868 753 587 583 337 325 326 370 389
1 3600 280
12
757 751 587 583 337 325 326 366 173 174 522 532
1 3600 575
23
1013 875 876 1126 297 294 868 999 585 363 355 358 343 340 391 383 375 372 187 188 1002 1027 1028
1 3600 287
4
751 587 583 580
1 3600 278
14
1011 1014 1040 293 294 868 999 585 363 355 358 343 344 323
1 3600 278
7
876 1126 297 294 755 750 760
1 3600 278
8
759 751 587 583 337 325 326 368
1 3600 575
14
1042 1063 293 294 868 753 587 583 337 325 326 368 231 234
1 3600 575
17
333 334 350 315 243 244 171 166 973 974 93 87 79 82 621 622 774
1 3600 575
15
761 751 587 363 364 303 300 317 311 312 768 914 968 155 149
1 3600 575
19
322 345 340 391 386 395 396 404 418 818 961 962 1077 1075 821 822 1051 557 554
1 3600 575
17
369 366 173 174 524 946 1066 497 498 33 28 1077 1075 821 824 1046 1100
1 3600 575
11
321 318 324 338 350 301 302 728 723 724 806
1 3600 575
14
333 334 350 317 311 307 308 695 271 191 77 74 856 1134
1 3600 479
20
867 759 751 587 363 364 303 298 964 695 696 213 210 179 182 452 1025 961 817 814
1 3600 575
9
337 325 326 366 187 188 1002 957 507
1 3600 575
12
322 345 342 359 354 360 741 736 49 52 427 401
1 3600 115
9
333 334 350 301 302 726 732 65 61
1 3600 132
9
761 751 587 363 355 358 343 344 348
1 3600 132
7
321 322 345 340 391 383 375
1 3600 198
28
867 759 751 752 869 595 588 904 731 732 65 62 943 719 720 717 714 689 692 696 213 210 179 182 452 1124 495 496
1 3600 83
4
582 584 998 869
1 3600 383
3
318 326 368
1 3600 383
14
867 759 751 587 363 355 358 343 340 391 383 375 376 378
1 3600 575
22
235 232 1018 381 384 392 576 209 204 1009 1005 137 129 124 897 898 105 108 660 681 682 1022
1 3600 575
20
235 232 1018 381 384 392 576 201 202 1094 1109 763 764 283 284 157 149 146 912 995
1 3600 575
18
235 230 369 370 389 386 395 396 408 410 450 454 458 464 468 257 258 545
1 3600 575
17
235 232 1018 381 384 396 404 418 103 100 122 143 138 854 823 824 1046
1 3600 575
20
379 377 374 382 386 970 305 308 965 703 71 66 708 712 804 799 800 843 685 667
1 3600 575
14
235 230 369 327 324 338 350 315 243 244 171 166 973 974
1 3600 575
10
235 232 1018 381 384 396 404 418 45 40
1 3600 575
11
235 230 369 366 173 174 524 948 954 507 504
1 3600 575
18
235 230 369 370 389 390 341 342 359 354 360 741 736 55 56 51 52 437
1 3600 575
9
379 377 374 382 386 970 1006 793 697
1 3600 287
10
379 377 372 173 174 524 946 1068 519 516
1 3600 159
8
379 377 372 187 188 1002 951 952
1 3600 575
12
379 377 374 382 390 341 342 359 354 362 586 754
1 3600 191
6
235 230 369 327 324 336
1 3600 575
7
235 232 1018 381 375 376 378
