317
1 3600 638
3
325 328 474
1 3600 25
4
325 326 315 312
1 3600 766
10
477 329 326 315 316 322 163 164 398 283
1 3600 766
16
477 329 326 117 114 45 46 520 249 133 126 203 200 213 208 345
1 3600 766
20
475 329 326 315 312 449 43 48 408 31 28 442 393 181 186 381 382 105 110 101
1 3600 273
6
475 329 326 315 312 449
1 3600 364
15
325 326 315 316 141 144 225 228 398 301 129 126 203 200 415
1 3600 766
16
475 329 326 117 114 268 408 490 441 191 183 184 365 362 406 105
1 3600 766
24
475 329 326 315 316 322 163 164 398 301 129 132 189 183 184 432 523 439 436 355 350 390 512 507
1 3600 450
11
475 329 326 117 114 123 85 82 92 174 454
1 3600 766
9
477 329 326 315 312 449 43 48 155
1 3600 766
15
477 329 326 315 316 141 144 225 228 398 301 129 132 189 183
1 3600 766
13
475 329 326 117 114 45 46 520 441 442 393 181 184
1 3600 766
15
475 329 326 315 312 449 43 44 268 408 488 487 482 215 216
1 3600 766
21
477 329 326 315 316 322 349 346 43 44 123 124 91 94 176 215 216 220 259 256 528
1 3600 766
4
325 326 117 112
1 3600 66
6
145 140 317 314 327 324
1 3600 97
3
327 328 472
1 3600 97
3
116 315 316
1 3600 94
7
316 141 144 225 228 398 283
1 3600 94
4
228 398 283 280
1 3600 123
15
326 315 312 449 347 161 164 398 283 278 209 210 19 16 446
1 3600 383
17
314 117 114 268 155 125 120 157 158 414 137 138 241 242 35 25 5
1 3600 55
8
453 315 312 449 43 44 123 120
1 3600 97
3
311 316 322
1 3600 97
5
449 347 161 164 398
1 3600 178
11
314 117 114 45 48 408 490 249 133 126 204
1 3600 425
15
449 43 48 408 31 28 442 393 181 186 405 400 107 104 407
1 3600 239
9
114 268 408 488 487 482 471 465 466
1 3600 255
17
143 144 225 228 398 301 129 132 189 183 184 432 167 168 270 274 338
1 3600 264
10
316 322 349 346 43 46 520 441 442 480
1 3600 766
10
329 326 117 114 268 155 152 435 432 523
1 3600 766
16
312 449 43 44 123 120 469 361 89 82 94 176 215 216 222 244
1 3600 766
10
453 117 114 45 48 155 91 94 178 484
1 3600 766
6
145 140 317 314 117 112
1 3600 766
8
227 224 145 140 317 314 327 324
1 3600 22
5
227 224 145 140 317
1 3600 383
4
282 399 229 226
1 3600 28
5
278 345 331 73 74
1 3600 212
6
281 278 209 210 23 5
1 3600 232
6
281 282 399 165 160 346
1 3600 43
5
282 301 129 132 189
1 3600 104
12
281 278 345 15 20 32 444 411 412 265 262 363
1 3600 294
13
278 209 212 201 198 492 401 404 381 369 366 436 515
1 3600 766
8
278 209 212 415 159 156 469 341
1 3600 638
14
281 282 301 129 132 189 183 184 432 533 67 62 233 234
1 3600 425
12
278 345 15 16 444 397 109 104 383 380 187 180
1 3600 766
19
281 278 345 331 73 76 9 6 103 96 57 58 267 262 363 366 438 522 533
1 3600 766
15
227 228 398 301 129 132 248 491 488 487 482 215 216 222 244
1 3600 766
17
282 301 129 132 189 183 184 432 533 67 62 303 195 196 257 260 524
1 3600 766
28
281 278 209 210 19 20 34 243 240 139 134 492 401 404 381 369 364 432 167 170 277 274 231 232 63 64 239 236
1 3600 766
16
139 136 201 202 127 132 248 521 47 42 448 313 314 327 328 476
1 3600 107
12
72 330 344 279 282 399 165 162 323 317 314 327
1 3600 52
10
139 134 199 202 127 128 300 399 229 226
1 3600 69
3
209 210 23
1 3600 73
6
447 444 385 386 428 494
1 3600 73
6
9 6 103 96 57 39
1 3600 73
8
19 16 444 411 412 371 372 41
1 3600 73
10
444 397 109 104 383 369 366 436 515 516
1 3600 73
5
9 2 10 428 494
1 3600 450
3
136 415 159
1 3600 53
13
330 15 18 211 212 201 202 127 132 248 521 337 335
1 3600 57
7
32 444 397 394 199 202 206
1 3600 57
10
73 76 9 6 103 100 111 106 401 402
1 3600 52
12
134 395 109 104 407 363 366 436 355 350 390 297
1 3600 766
9
211 212 415 159 156 121 85 82 94
1 3600 638
16
32 444 411 412 430 383 369 366 438 522 167 170 273 270 274 338
1 3600 294
11
243 240 139 134 492 401 404 187 180 392 478
1 3600 383
12
19 20 32 444 411 412 265 262 363 364 432 533
1 3600 766
14
397 109 104 383 380 187 184 434 153 91 94 176 471 465
1 3600 766
21
210 23 5 6 103 96 375 370 430 407 363 366 438 522 533 67 62 233 234 259 254
1 3600 766
13
242 447 17 14 344 279 282 399 165 160 346 448 450
1 3600 766
21
68 428 53 37 40 373 370 430 383 380 187 182 190 29 30 409 269 115 116 327 324
1 3600 364
16
71 68 387 384 397 394 199 202 127 128 300 399 165 162 323 141
1 3600 425
11
38 56 97 102 7 4 22 211 208 279 280
1 3600 108
6
97 102 7 8 77 74
1 3600 108
7
357 55 52 429 11 3 4
1 3600 108
11
517 514 437 367 368 380 405 400 493 135 138
1 3600 108
3
7 8 77
1 3600 108
7
79 77 72 330 15 18 211
1 3600 108
9
51 52 99 100 410 445 33 21 18
1 3600 108
8
71 68 387 384 445 17 14 344
1 3600 116
3
36 52 494
1 3600 116
5
38 56 97 102 7
1 3600 766
20
71 68 428 53 54 61 58 267 262 363 364 185 180 392 443 440 491 409 49 42
1 3600 170
11
428 99 100 111 106 401 404 187 182 190 440
1 3600 115
8
10 428 53 37 40 267 262 363
1 3600 115
7
71 68 387 384 397 394 492
1 3600 116
13
38 60 356 375 370 430 383 369 366 436 355 350 390
1 3600 116
18
4 24 34 243 240 139 134 492 401 404 381 369 366 436 355 350 291 288
1 3600 116
6
68 428 53 54 356 375
1 3600 116
7
40 267 262 363 366 436 355
1 3600 116
10
58 267 262 363 366 436 355 350 390 512
1 3600 766
15
51 52 429 11 3 4 22 211 212 415 159 156 469 361 89
1 3600 766
16
38 56 375 370 430 383 369 366 438 522 167 168 272 277 274 338
1 3600 478
14
61 58 373 370 413 111 106 401 404 187 184 432 167 170
1 3600 450
14
68 387 384 397 394 199 202 127 132 189 183 184 432 533
1 3600 766
15
61 39 40 267 262 363 364 432 533 67 62 233 234 221 222
1 3600 766
17
52 99 100 111 108 394 135 136 415 159 156 121 85 82 94 178 484
1 3600 766
19
38 56 375 370 413 410 445 33 21 14 344 279 282 399 165 160 346 448 450
1 3600 425
8
156 121 122 115 116 327 328 474
1 3600 34
7
156 121 124 154 269 115 116
1 3600 306
6
347 348 163 164 398 283
1 3600 306
6
157 158 414 213 208 345
1 3600 766
10
158 414 201 198 395 396 385 386 69 70
1 3600 182
4
43 44 123 120
1 3600 17
9
43 46 520 249 133 126 203 200 415
1 3600 166
8
347 161 164 398 301 129 126 203
1 3600 510
10
121 124 152 435 365 366 436 355 350 388
1 3600 74
8
156 469 319 320 359 305 173 93
1 3600 46
8
121 124 91 94 176 215 216 220
1 3600 82
9
156 121 124 152 489 31 28 442 393
1 3600 450
6
121 124 152 435 432 523
1 3600 766
10
156 121 85 82 94 178 482 471 465 251
1 3600 696
10
469 361 89 82 94 176 215 216 220 259
1 3600 696
5
448 313 314 117 112
1 3600 766
7
348 323 317 314 327 328 474
1 3600 48
7
133 128 300 399 229 224 145
1 3600 92
3
213 208 279
1 3600 61
9
336 520 249 133 126 203 200 213 208
1 3600 182
17
346 43 48 408 490 441 191 183 186 381 382 431 371 374 357 55 50
1 3600 84
4
334 336 47 42
1 3600 84
7
333 334 336 47 44 123 120
1 3600 84
7
346 43 44 268 155 125 120
1 3600 48
7
201 202 127 132 248 491 409
1 3600 78
9
163 164 398 301 129 126 203 198 395
1 3600 78
8
147 150 336 520 249 133 126 204
1 3600 78
3
183 184 365
1 3600 78
3
414 201 202
1 3600 78
6
131 132 189 183 184 365
1 3600 78
3
183 186 405
1 3600 92
15
441 442 393 181 184 432 523 439 436 355 352 500 510 509 497
1 3600 159
13
148 334 336 520 491 488 487 179 95 83 86 305 308
1 3600 66
11
129 132 189 183 184 432 167 168 270 274 338
1 3600 75
5
268 408 31 28 442
1 3600 75
4
131 132 248 441
1 3600 75
4
129 132 248 491
1 3600 85
8
520 441 442 393 181 184 432 533
1 3600 766
11
519 47 48 408 488 487 482 215 216 222 246
1 3600 547
19
414 137 134 492 401 404 381 369 366 438 522 533 67 62 303 195 196 257 254
1 3600 364
12
408 31 28 191 183 184 432 533 67 64 239 193
1 3600 766
11
127 128 300 399 165 162 323 317 314 327 324
1 3600 170
15
437 367 364 185 180 392 443 29 30 409 49 42 347 348 323
1 3600 212
12
437 367 364 185 182 188 133 128 300 399 229 226
1 3600 30
11
403 400 107 108 396 445 17 14 331 73 74
1 3600 57
11
437 367 362 263 264 413 410 445 33 25 5
1 3600 247
3
200 415 159
1 3600 36
9
368 380 405 400 493 135 136 415 416
1 3600 36
8
367 362 406 105 106 493 135 136
1 3600 36
9
367 368 380 405 400 493 199 200 415
1 3600 57
3
367 368 380
1 3600 47
3
382 105 110
1 3600 47
14
207 203 198 492 401 404 381 369 366 436 355 352 500 427
1 3600 47
6
203 198 395 109 104 407
1 3600 47
7
366 436 355 350 390 297 294
1 3600 450
11
401 404 187 184 434 487 482 471 465 459 460
1 3600 232
6
127 132 248 491 488 153
1 3600 57
4
127 132 189 190
1 3600 42
6
403 404 381 369 366 438
1 3600 766
13
207 127 132 248 491 409 155 91 94 176 215 216 222
1 3600 766
15
403 404 187 184 432 167 170 277 274 231 232 303 195 196 528
1 3600 478
12
107 104 383 369 366 438 522 533 67 64 239 193
1 3600 766
22
505 506 513 391 351 354 437 367 364 185 180 392 443 29 30 409 269 115 116 327 328 476
1 3600 425
13
430 383 380 187 182 190 440 521 47 42 448 313 310
1 3600 638
18
501 353 354 437 367 362 263 264 413 410 445 33 21 18 211 208 279 280
1 3600 61
14
424 497 389 351 354 437 367 368 382 105 108 394 135 138
1 3600 100
15
290 351 354 437 367 362 263 266 59 39 36 52 429 11 12
1 3600 100
10
378 391 351 354 437 367 362 263 266 41
1 3600 100
6
363 366 436 355 352 498
1 3600 100
13
501 353 354 437 367 368 382 431 413 101 98 429 11
1 3600 766
17
510 509 497 295 296 391 351 354 437 438 522 433 434 153 125 120 157
1 3600 94
10
289 290 351 354 437 367 364 185 182 188
1 3600 115
5
373 370 413 111 106
1 3600 115
6
264 413 111 108 394 199
1 3600 115
7
299 296 391 351 354 437 367
1 3600 115
6
290 351 354 437 367 368
1 3600 115
5
412 265 262 363 366
1 3600 115
5
111 106 493 199 202
1 3600 115
4
383 369 366 436
1 3600 115
11
353 354 437 438 522 433 185 182 188 133 126
1 3600 91
3
406 431 371
1 3600 91
11
407 363 366 436 355 350 388 496 508 511 501
1 3600 766
13
59 56 97 102 7 4 22 211 212 415 159 156 469
1 3600 589
11
353 354 437 438 522 167 168 270 274 231 234
1 3600 174
7
406 383 380 187 180 392 480
1 3600 84
7
513 391 351 354 437 438 522
1 3600 766
19
427 422 506 513 391 351 354 437 438 522 167 170 277 274 338 221 222 246 250
1 3600 766
16
513 391 351 354 437 367 364 432 533 67 62 233 234 259 260 524
1 3600 766
13
383 380 187 180 392 443 29 30 409 49 42 448 450
1 3600 766
11
214 177 95 83 84 122 115 116 327 328 474
1 3600 239
6
175 93 90 154 269 115
1 3600 766
13
309 173 93 94 178 486 489 490 249 133 128 300 283
1 3600 766
12
307 304 358 343 340 468 157 158 414 137 138 241
1 3600 766
18
458 464 470 483 179 95 83 88 360 468 157 158 414 137 134 395 396 385
1 3600 119
4
90 154 49 42
1 3600 159
11
461 458 464 470 177 95 83 84 120 157 158
1 3600 478
9
455 175 93 94 178 486 435 365 366
1 3600 766
6
93 90 152 435 365 362
1 3600 146
11
463 253 247 223 217 214 483 179 95 83 88
1 3600 146
6
82 94 176 471 465 459
1 3600 146
3
463 458 464
1 3600 142
8
306 175 93 94 176 215 216 220
1 3600 142
6
94 178 482 215 216 220
1 3600 142
3
483 486 153
1 3600 142
4
172 304 87 84
1 3600 142
4
219 214 483 486
1 3600 142
5
358 321 318 468 121
1 3600 142
5
455 307 304 87 84
1 3600 107
11
458 464 470 177 178 486 489 31 28 442 393
1 3600 589
9
318 361 89 82 90 152 435 432 533
1 3600 110
4
461 253 247 244
1 3600 110
8
455 175 93 94 176 215 216 222
1 3600 112
9
89 82 94 176 215 216 220 259 256
1 3600 306
9
219 214 177 95 90 125 122 115 112
1 3600 766
9
122 45 42 448 313 314 327 328 474
1 3600 218
7
489 409 269 115 116 327 328
1 3600 766
9
154 408 490 249 133 128 300 283 280
1 3600 589
7
120 157 158 414 213 210 19
1 3600 766
13
489 31 28 442 393 181 186 381 382 105 110 101 98
1 3600 63
3
125 120 157
1 3600 56
4
122 45 46 520
1 3600 207
6
152 435 432 523 439 436
1 3600 478
12
435 432 523 439 436 355 350 390 297 294 496 425
1 3600 13
3
487 482 471
1 3600 75
7
339 275 271 169 166 433 434
1 3600 15
4
154 408 490 441
1 3600 201
3
435 432 523
1 3600 136
7
85 82 94 176 471 465 251
1 3600 61
14
489 31 28 191 183 184 432 533 67 62 303 195 196 257
1 3600 104
16
154 408 490 441 442 393 181 184 432 167 168 270 274 231 232 303
1 3600 766
18
276 171 166 433 185 180 392 443 440 521 47 42 448 313 314 327 328 476
1 3600 255
6
27 30 409 49 44 115
1 3600 766
13
231 232 63 66 532 433 185 182 188 133 128 300 283
1 3600 319
13
238 65 66 532 433 185 186 405 400 107 108 396 445
1 3600 478
14
166 523 439 367 362 263 266 59 60 55 52 429 11 12
1 3600 125
9
65 66 532 433 434 153 125 120 157
1 3600 71
12
275 271 169 166 433 185 182 190 440 521 337 151
1 3600 71
5
490 249 133 128 300
1 3600 71
13
275 276 171 166 433 185 182 188 133 126 203 200 415
1 3600 57
5
166 433 185 186 405
1 3600 162
12
393 181 184 365 366 436 355 350 390 512 507 504
1 3600 102
11
277 274 338 221 217 214 177 95 92 172 308
1 3600 66
8
181 184 432 533 67 62 233 234
1 3600 66
9
285 286 65 66 532 433 434 153 125
1 3600 66
7
285 286 239 193 196 257 258
1 3600 66
6
232 63 66 532 433 434
1 3600 57
5
184 432 533 67 62
1 3600 65
6
479 393 181 184 432 533
1 3600 65
3
169 166 433
1 3600 65
4
272 171 166 523
1 3600 425
9
481 443 29 30 488 487 482 471 465
1 3600 117
7
170 273 270 274 338 259 256
1 3600 44
6
270 274 231 232 303 195
1 3600 766
14
185 180 392 443 440 521 47 42 448 313 314 327 328 476
1 3600 547
15
531 285 286 65 66 532 433 185 182 190 29 30 409 269 115
1 3600 766
9
532 433 185 182 188 133 128 300 283
1 3600 319
12
532 523 439 367 368 382 105 110 410 445 17 14
1 3600 348
12
439 367 362 263 264 371 374 97 102 7 2 12
1 3600 510
7
532 433 434 153 125 120 157
1 3600 63
8
185 180 392 443 440 521 337 335
1 3600 33
6
185 182 188 133 126 204
1 3600 61
7
532 523 439 436 355 350 388
1 3600 450
11
167 170 277 274 231 234 221 222 246 252 460
1 3600 174
13
531 285 286 65 62 233 234 221 217 214 177 95 90
1 3600 16
3
522 433 185
1 3600 112
6
531 285 286 65 66 532
1 3600 766
8
532 167 168 270 274 338 221 222
1 3600 510
7
522 533 67 64 239 193 196
1 3600 117
11
185 180 392 443 29 30 409 49 42 448 450
1 3600 766
12
464 470 483 179 95 83 84 122 115 116 327 324
1 3600 766
13
223 217 214 483 486 489 409 49 42 347 161 164 229
1 3600 766
21
247 223 217 214 177 95 83 88 360 468 121 122 45 42 347 348 323 141 144 225 226
1 3600 766
18
247 223 217 214 177 95 83 88 360 468 157 158 414 137 138 241 242 447
1 3600 766
16
464 470 483 486 489 31 28 191 183 186 381 382 431 371 374 57
1 3600 766
8
464 470 177 95 83 88 360 468
1 3600 638
7
217 214 483 179 95 90 154
1 3600 766
10
223 220 235 230 275 276 171 166 433 365
1 3600 766
12
220 339 275 271 169 166 523 439 436 355 350 390
1 3600 34
5
245 223 217 214 483
1 3600 99
6
250 464 470 177 95 90
1 3600 273
7
220 235 232 63 64 287 284
1 3600 766
6
220 339 275 276 171 166
1 3600 178
3
251 247 244
1 3600 40
4
223 220 259 254
1 3600 273
5
223 220 259 256 197
1 3600 766
25
525 261 256 197 194 302 63 66 532 433 185 182 188 133 128 300 399 165 162 323 317 314 327 328 474
1 3600 766
16
527 197 194 302 63 66 532 433 185 182 188 133 128 300 399 229
1 3600 766
16
257 258 235 230 275 271 169 166 433 185 182 188 133 128 300 283
1 3600 766
20
261 258 339 275 271 272 171 166 433 185 186 405 400 493 135 138 241 242 35 25
1 3600 766
19
529 197 194 302 63 66 532 523 439 367 362 263 266 41 36 52 429 69 70
1 3600 696
8
485 179 95 83 84 122 45 42
1 3600 348
14
197 194 302 63 66 532 433 185 180 392 443 440 521 337
1 3600 696
11
257 258 235 230 275 271 169 166 523 439 436
1 3600 766
11
261 258 339 275 276 171 166 523 439 436 355
1 3600 72
12
529 257 258 221 217 214 177 95 92 172 304 358
1 3600 45
7
258 221 217 214 483 486 153
1 3600 80
14
527 197 192 238 65 66 532 433 185 180 392 443 29 26
1 3600 425
6
197 192 238 287 284 530
1 3600 42
4
525 261 258 221
1 3600 166
3
527 257 260
1 3600 32
4
261 256 197 194
1 3600 766
17
302 63 66 532 433 185 182 190 440 521 47 44 115 116 327 328 476
1 3600 766
5
451 313 316 141 144
1 3600 766
8
451 449 347 161 164 398 283 280
1 3600 766
12
302 63 66 532 433 365 368 382 105 108 396 445
1 3600 766
18
451 449 347 348 163 164 398 283 278 345 331 73 76 9 6 103 98 53
1 3600 766
11
194 302 63 66 532 433 434 153 125 120 157
1 3600 255
10
113 114 45 46 520 249 133 126 203 200
1 3600 364
11
194 302 233 230 275 271 169 166 433 185 186
1 3600 547
13
113 114 45 46 520 441 191 183 184 365 366 436 515
1 3600 212
9
451 449 43 48 155 91 94 176 215
1 3600 88
6
451 449 43 48 408 488
1 3600 34
13
451 449 43 46 520 441 442 393 181 184 432 167 168
1 3600 116
5
192 238 287 284 530
1 3600 319
12
451 449 43 44 123 85 82 94 178 482 471 465
1 3600 35
4
196 257 260 524
1 3600 121
5
113 116 315 312 450
