302
1 3600 556
4
379 376 382 391
1 3600 556
6
213 210 234 657 289 286
1 3600 556
7
215 216 612 595 175 176 364
1 3600 598
14
612 233 236 278 173 176 43 40 84 94 396 402 430 520
1 3600 598
8
232 652 617 185 180 37 38 91
1 3600 598
9
601 598 287 284 379 376 382 97 15
1 3600 598
11
663 213 210 236 278 381 382 97 98 13 10
1 3600 598
5
376 382 97 98 412
1 3600 598
16
615 612 595 596 457 187 55 50 74 554 611 395 392 550 9 10
1 3600 598
10
283 280 175 176 364 388 91 92 548 550
1 3600 598
12
595 175 178 180 553 89 86 527 399 402 425 420
1 3600 598
9
287 284 379 374 173 176 43 40 84
1 3600 598
9
38 390 97 15 8 193 190 521 423
1 3600 598
9
680 287 284 379 376 382 97 98 13
1 3600 710
19
665 213 210 232 652 47 44 322 171 166 69 70 545 542 497 498 491 492 201
1 3600 1279
17
280 596 185 182 55 50 72 27 28 481 475 467 472 535 83 76 247
1 3600 1279
17
547 391 91 94 396 400 561 419 416 432 508 249 250 254 261 262 266
1 3600 564
5
380 173 178 182 169
1 3600 564
10
287 288 656 235 232 652 47 48 454 171
1 3600 564
7
547 391 39 36 57 54 186
1 3600 564
6
711 708 283 280 596 457
1 3600 564
6
173 178 182 169 170 323
1 3600 564
5
374 173 174 594 652
1 3600 629
9
210 236 278 173 176 43 40 86 527
1 3600 629
5
173 176 43 40 86
1 3600 629
11
547 97 98 412 393 394 610 531 25 22 542
1 3600 673
17
615 612 595 596 457 454 619 451 231 224 223 220 336 359 356 163 158
1 3600 1279
25
288 656 235 232 652 47 44 326 621 622 641 295 292 223 21 16 701 559 115 113 108 655 607 121 5
1 3600 1279
19
175 178 180 553 554 531 525 528 33 30 511 79 80 537 63 60 331 313 314
1 3600 1279
8
283 280 596 457 187 55 52 227
1 3600 1279
7
91 85 88 75 72 462 593
1 3600 1279
23
287 284 379 376 382 97 15 8 193 190 521 522 560 197 198 629 630 479 476 155 156 645 642
1 3600 1279
24
380 173 176 43 36 553 554 465 27 28 490 590 587 588 129 126 153 150 581 123 5 2 203 206
1 3600 1279
23
376 382 97 15 8 193 194 403 398 528 33 34 633 634 473 468 486 495 405 406 449 439 436
1 3600 256
5
14 96 383 377 378
1 3600 256
7
11 12 412 549 93 90 39
1 3600 256
6
93 85 41 42 177 174
1 3600 256
10
192 551 413 99 96 383 377 378 709 710
1 3600 256
6
551 393 95 90 389 365
1 3600 220
4
431 403 397 95
1 3600 268
5
550 193 188 518 564
1 3600 268
4
393 396 400 197
1 3600 268
3
400 561 419
1 3600 581
5
193 188 518 566 570
1 3600 1279
15
550 193 190 521 522 419 414 458 506 59 64 624 626 305 302
1 3600 228
9
194 403 398 524 25 26 73 67 68
1 3600 195
4
394 610 465 462
1 3600 195
9
521 522 560 197 200 493 490 499 502
1 3600 209
10
424 403 398 524 25 22 542 497 500 587
1 3600 799
23
98 412 393 394 527 528 33 34 485 482 129 124 117 118 370 131 132 149 144 689 686 209 205
1 3600 1279
14
518 566 570 249 244 385 386 706 271 268 276 307 303 298
1 3600 1279
15
431 403 398 526 87 88 75 51 52 167 164 450 620 679 675
1 3600 1279
6
398 524 530 465 462 593
1 3600 1279
15
421 422 522 419 416 434 460 629 630 479 476 155 152 696 645
1 3600 1279
17
190 521 522 419 414 460 629 511 512 473 470 582 654 693 137 134 718
1 3600 1279
22
98 412 549 93 85 88 75 67 70 545 361 362 701 105 102 131 132 721 443 321 316 438
1 3600 532
17
418 560 197 200 529 526 610 555 552 181 179 172 279 282 285 286 599
1 3600 212
7
417 418 560 401 397 394 87
1 3600 212
8
196 561 523 520 191 192 9 10
1 3600 212
4
569 567 519 421
1 3600 426
5
419 416 432 508 571
1 3600 170
3
569 570 509
1 3600 170
10
434 458 506 77 82 532 541 63 64 624
1 3600 639
6
569 570 249 250 252 386
1 3600 984
10
560 197 200 493 29 24 530 555 552 181
1 3600 272
14
434 460 629 31 34 485 482 589 586 501 496 543 544 463
1 3600 224
11
567 519 189 194 403 400 197 198 629 630 632
1 3600 224
7
560 197 200 493 481 482 647
1 3600 284
7
460 629 630 634 535 489 486
1 3600 1279
13
419 414 458 506 77 80 661 505 495 341 338 239 242
1 3600 1279
20
569 567 519 421 424 403 398 524 25 22 361 358 337 221 222 293 294 640 674 676
1 3600 1279
22
569 570 249 246 59 62 538 505 411 3 4 120 608 692 109 112 114 558 700 17 20 220
1 3600 1279
13
414 460 629 630 479 476 155 150 694 645 107 110 101
1 3600 1279
11
629 511 79 80 573 574 505 411 203 204 208
1 3600 1279
15
200 33 34 485 475 467 468 486 495 405 408 426 319 316 436
1 3600 1279
13
459 415 418 560 401 397 95 90 389 365 177 172 279
1 3600 532
7
507 433 417 418 523 520 191
1 3600 98
9
625 65 62 536 81 78 510 628 199
1 3600 290
3
506 77 78
1 3600 132
3
249 244 584
1 3600 132
9
506 247 250 254 351 352 333 301 302
1 3600 1279
19
459 460 199 200 493 490 499 496 515 516 357 358 19 20 222 225 230 450 618
1 3600 852
8
512 473 466 474 480 29 26 464
1 3600 228
8
579 509 506 77 82 489 469 470
1 3600 109
9
579 249 250 256 626 347 345 340 494
1 3600 337
12
249 244 385 386 706 712 273 276 307 308 243 240
1 3600 1279
20
509 433 434 460 629 31 32 493 490 590 501 496 543 544 71 68 227 228 294 636
1 3600 1279
15
77 82 534 473 470 580 151 152 127 124 159 162 357 358 337
1 3600 1279
10
626 347 345 342 408 428 440 719 135 130
1 3600 1162
10
625 65 62 538 505 411 3 6 208 687
1 3600 1279
7
506 59 60 331 328 348 667
1 3600 1279
22
717 713 707 259 264 353 354 347 61 62 540 533 534 635 632 35 32 529 526 87 41 38
1 3600 1279
13
269 263 260 255 251 248 571 567 519 189 192 551 413
1 3600 799
7
245 246 507 459 415 418 562
1 3600 498
4
264 353 354 627
1 3600 498
9
275 269 270 707 387 253 251 246 507
1 3600 498
3
387 384 245
1 3600 498
6
265 260 255 251 248 509
1 3600 498
6
713 707 387 384 245 248
1 3600 498
4
255 251 248 578
1 3600 498
5
255 256 625 65 58
1 3600 473
4
300 311 277 272
1 3600 473
6
717 713 271 266 301 302
1 3600 1279
23
275 276 307 308 312 328 348 667 319 320 442 720 133 130 103 104 700 17 20 222 225 230 450
1 3600 1279
23
385 253 254 351 354 347 345 342 408 207 204 208 605 606 643 644 157 154 646 589 586 501 502
1 3600 752
14
262 266 301 298 313 243 238 339 340 494 487 469 466 474
1 3600 465
9
385 253 256 625 65 62 540 533 489
1 3600 465
7
298 328 348 449 446 427 207
1 3600 412
7
352 333 311 307 308 243 238
1 3600 412
5
333 301 298 328 348
1 3600 412
6
273 276 307 308 312 330
1 3600 1279
27
351 354 347 345 342 404 494 411 3 4 122 582 654 373 371 368 557 558 700 17 20 222 293 294 636 670 676
1 3600 1279
20
259 264 353 354 347 61 62 540 533 534 635 479 476 646 589 161 162 357 358 444
1 3600 1279
19
715 271 266 301 298 313 243 238 348 407 408 428 440 719 135 130 371 366 684
1 3600 1279
11
717 273 276 307 308 312 330 345 342 408 428
1 3600 1279
6
301 298 328 348 449 439
1 3600 261
5
184 597 281 237 211
1 3600 261
7
186 49 46 653 613 217 212
1 3600 261
6
621 451 165 168 183 179
1 3600 224
5
185 180 553 89 84
1 3600 1279
16
619 451 231 224 223 21 18 359 356 517 503 498 491 492 201 196
1 3600 1279
25
323 326 679 671 637 295 292 223 21 16 701 559 556 369 370 131 134 718 441 429 409 343 344 346 627
1 3600 1279
32
454 171 166 69 70 545 542 497 500 587 588 129 126 153 150 581 123 5 2 410 504 539 63 60 346 355 350 261 258 706 712 716
1 3600 228
3
48 187 169
1 3600 293
4
165 166 69 70
1 3600 293
7
231 226 53 50 72 464 531
1 3600 293
6
187 55 50 72 27 22
1 3600 293
6
49 44 322 171 166 69
1 3600 293
11
619 622 641 295 292 223 21 18 359 360 23
1 3600 457
10
164 231 224 223 21 16 363 356 517 503
1 3600 1279
11
553 554 465 27 28 481 484 633 634 535 83
1 3600 1279
22
57 50 67 70 545 542 497 500 587 161 158 117 113 108 693 609 604 209 205 206 409 343
1 3600 166
7
52 167 170 323 326 679 671
1 3600 355
12
47 44 326 621 451 231 224 223 21 16 701 702
1 3600 984
12
180 553 554 531 25 28 481 482 129 124 117 114
1 3600 1279
22
325 322 619 622 641 295 292 223 220 336 359 356 163 158 125 126 696 645 642 607 608 691
1 3600 1279
16
50 72 462 545 361 362 701 105 102 131 132 721 443 321 316 436
1 3600 197
9
552 37 42 177 172 375 378 285 286
1 3600 97
8
514 543 23 24 530 611 395 95
1 3600 345
7
74 89 86 527 528 201 196
1 3600 913
10
554 531 525 528 33 30 511 79 76 247
1 3600 1279
19
163 160 588 647 477 467 468 486 495 341 338 329 299 302 306 310 267 270 714
1 3600 178
8
555 75 67 68 167 170 323 324
1 3600 178
4
71 66 51 54
1 3600 224
3
514 543 23
1 3600 163
8
542 497 498 590 587 161 158 125
1 3600 163
7
72 27 28 481 475 478 631
1 3600 163
4
542 497 500 587
1 3600 512
8
70 463 27 28 481 475 467 472
1 3600 1279
18
503 498 590 587 588 647 155 150 581 123 5 2 203 206 426 666 349 329
1 3600 376
6
514 543 544 71 68 227
1 3600 153
3
72 462 593
1 3600 278
8
22 361 362 701 559 115 113 108
1 3600 984
8
516 163 158 117 118 370 372 693
1 3600 1279
19
74 89 86 527 528 33 34 633 634 535 532 574 505 495 405 406 667 447 439
1 3600 673
14
632 35 32 529 526 87 41 42 177 174 281 237 211 214
1 3600 212
7
591 491 29 26 464 611 87
1 3600 293
4
472 513 510 628
1 3600 293
10
580 151 154 477 478 631 628 461 435 417
1 3600 261
6
492 33 30 511 79 76
1 3600 799
13
500 587 588 483 475 467 468 488 532 541 63 60 346
1 3600 492
7
496 543 544 463 73 51 56
1 3600 282
6
466 474 480 29 26 73
1 3600 282
5
160 586 591 499 502
1 3600 282
8
31 32 529 524 530 555 75 67
1 3600 282
9
152 127 128 483 480 29 24 530 555
1 3600 282
4
496 543 23 24
1 3600 202
3
500 587 161
1 3600 290
15
647 155 156 645 642 607 604 209 205 202 410 504 575 541 63
1 3600 290
11
125 126 153 150 581 471 468 488 532 541 63
1 3600 290
6
484 633 634 535 532 572
1 3600 290
3
695 581 123
1 3600 290
7
481 475 467 468 486 504 539
1 3600 673
15
694 645 107 110 101 102 131 134 141 142 441 429 409 343 344
1 3600 1279
11
501 502 516 357 358 19 20 222 293 294 636
1 3600 337
8
587 588 129 124 117 114 558 702
1 3600 237
8
470 582 654 109 112 118 366 682
1 3600 237
3
694 645 642
1 3600 278
13
33 34 485 482 647 155 156 645 107 108 693 691 688
1 3600 1279
11
33 30 511 79 80 661 505 495 405 406 449
1 3600 1279
11
660 81 78 510 628 199 196 401 397 95 90
1 3600 799
7
635 632 35 32 529 526 87
1 3600 355
11
404 494 487 469 466 478 631 628 461 415 418
1 3600 118
6
3 4 122 471 472 513
1 3600 237
3
64 624 626
1 3600 1279
18
6 208 687 690 692 373 103 104 700 17 20 222 225 230 450 620 327 45
1 3600 492
9
58 507 433 417 418 560 401 397 394
1 3600 221
7
120 606 643 644 697 127 128
1 3600 221
5
82 534 635 479 474
1 3600 221
5
494 487 469 466 476
1 3600 221
8
408 207 204 7 4 122 580 694
1 3600 232
4
5 2 410 504
1 3600 162
3
486 495 341
1 3600 162
3
343 338 239
1 3600 1279
16
473 470 580 151 152 127 124 159 162 357 358 337 221 222 293 296
1 3600 1279
21
573 574 505 411 3 6 208 687 688 145 148 133 130 371 368 557 558 700 17 20 220
1 3600 284
6
473 470 582 654 109 110
1 3600 127
5
120 608 137 134 141
1 3600 609
8
538 505 411 203 206 426 319 316
1 3600 1279
22
315 312 330 61 58 507 459 415 418 523 520 191 192 9 14 96 383 380 279 237 211 214
1 3600 1279
17
241 242 309 303 304 627 257 251 248 571 567 519 189 192 9 12 99
1 3600 1279
10
238 339 340 494 504 660 81 78 510 628
1 3600 312
5
238 339 344 61 58
1 3600 118
8
241 242 309 306 277 272 713 714
1 3600 1279
25
342 408 428 442 720 133 136 692 109 112 116 159 160 586 591 499 496 543 544 71 68 167 164 450 620
1 3600 1279
20
241 238 348 667 427 207 204 208 605 606 643 644 157 154 646 483 484 35 32 529
1 3600 532
10
312 330 61 62 540 533 534 635 632 35
1 3600 139
5
345 340 494 411 203
1 3600 139
5
339 340 494 504 575
1 3600 355
3
349 329 313
1 3600 1279
19
345 342 408 428 440 143 140 135 130 103 104 700 17 20 222 293 294 636 668
1 3600 1279
17
238 348 667 319 320 442 720 133 130 371 119 116 159 162 357 358 444
1 3600 1162
17
243 238 348 449 439 317 320 440 719 135 136 692 109 112 118 366 684
1 3600 337
9
342 408 207 204 208 687 688 139 142
1 3600 298
6
312 328 348 449 439 436
1 3600 913
12
675 623 618 455 456 616 653 233 234 657 289 290
1 3600 1279
9
229 226 53 56 37 40 84 94 396
1 3600 1279
11
226 53 56 37 38 91 94 396 400 197 198
1 3600 1279
22
670 678 327 45 46 617 597 175 176 364 388 91 94 396 400 561 419 416 432 506 59 64
1 3600 1279
22
223 21 16 701 105 102 131 132 721 443 321 318 447 448 349 329 299 300 267 268 272 716
1 3600 253
5
673 637 640 623 451
1 3600 253
7
677 678 327 322 455 456 616
1 3600 284
7
292 223 21 18 359 356 517
1 3600 913
14
297 292 223 21 16 701 559 556 369 370 372 655 583 471
1 3600 1279
21
295 229 224 223 220 334 452 445 359 356 163 158 125 126 153 150 581 123 5 2 410
1 3600 1279
20
297 292 223 21 16 701 559 115 113 108 693 137 134 718 441 321 318 666 349 239
1 3600 492
5
225 230 450 622 674
1 3600 352
11
623 451 165 166 69 70 593 577 219 220 336
1 3600 352
8
674 671 637 295 229 224 223 21
1 3600 352
4
224 223 220 334
1 3600 799
20
669 670 678 621 618 171 166 69 70 545 542 497 498 590 587 161 158 117 118 366
1 3600 1279
13
673 637 295 292 223 21 16 701 105 102 131 134 141
1 3600 1279
28
669 637 640 623 451 165 168 55 50 72 27 28 481 482 129 126 696 645 642 607 608 137 132 149 146 443 321 316
1 3600 1162
14
218 576 592 71 66 74 552 181 184 597 281 282 709 710
1 3600 1066
6
360 23 26 464 611 87
1 3600 1279
14
20 218 576 592 463 464 531 525 399 402 195 188 518 566
1 3600 1279
16
18 359 356 517 503 498 491 481 484 633 634 535 532 541 63 64
1 3600 1279
20
452 445 359 356 517 503 498 491 492 201 198 461 458 508 249 250 254 261 262 268
1 3600 284
6
592 463 73 51 54 186
1 3600 241
7
703 700 363 360 23 24 530
1 3600 241
4
576 592 545 23
1 3600 261
4
359 356 517 503
1 3600 984
15
336 359 356 163 160 588 647 477 467 468 488 83 80 537 63
1 3600 1279
15
362 701 559 115 113 106 642 607 604 209 205 206 409 343 338
1 3600 122
5
219 222 293 294 638
1 3600 441
5
219 21 16 701 702
1 3600 180
6
359 356 163 158 117 113
1 3600 180
4
445 359 362 701
1 3600 799
13
356 163 158 125 126 153 150 581 123 5 6 205 206
1 3600 1279
11
701 559 556 369 370 131 134 718 441 321 316
1 3600 1279
20
103 100 111 106 644 157 154 477 478 631 628 199 196 401 397 392 413 99 96 383
1 3600 1162
12
367 119 116 125 128 483 480 29 26 73 74 89
1 3600 1279
14
655 583 580 151 154 477 478 631 628 461 435 417 418 562
1 3600 1279
6
372 655 583 471 472 513
1 3600 1279
9
583 471 472 535 83 76 247 244 584
1 3600 913
11
683 367 368 557 558 700 17 20 222 225 230
1 3600 246
11
369 119 116 125 128 483 480 29 24 525 526
1 3600 202
7
644 695 151 154 646 589 586
1 3600 202
6
644 697 127 128 483 484
1 3600 256
8
607 604 209 7 2 410 504 575
1 3600 1279
11
372 693 691 686 209 205 202 410 495 341 344
1 3600 913
18
644 157 154 646 589 586 501 496 543 544 71 68 167 164 450 620 679 675
1 3600 202
10
643 107 112 116 159 162 357 358 19 20
1 3600 202
8
373 103 104 700 363 358 444 453
1 3600 312
4
373 371 366 684
1 3600 249
6
556 369 370 131 132 721
1 3600 249
7
685 367 370 131 132 149 144
1 3600 249
4
693 137 132 721
1 3600 1279
9
642 607 604 209 205 206 426 319 316
1 3600 1279
24
429 409 404 494 504 539 536 81 76 507 433 417 418 523 520 191 192 9 14 96 383 377 374 279
1 3600 1279
21
133 136 609 121 122 580 151 154 477 478 631 628 199 196 561 523 520 191 192 9 10
1 3600 1279
15
149 144 689 690 609 606 583 471 472 513 510 628 461 415 418
1 3600 1162
14
144 689 686 209 7 2 410 487 488 83 76 507 508 578
1 3600 1279
14
146 443 429 409 343 344 346 355 352 265 258 706 712 716
1 3600 1279
19
140 135 136 609 606 643 644 697 127 128 483 480 29 26 73 51 54 186 49
1 3600 913
10
135 136 609 121 122 471 466 474 480 29
1 3600 237
10
121 122 580 151 154 477 474 484 35 32
1 3600 226
8
134 141 138 689 686 209 7 2
1 3600 226
5
686 209 205 202 410
1 3600 345
7
121 5 2 410 495 341 338
1 3600 1279
13
147 148 133 130 103 104 700 17 20 222 293 294 638
1 3600 852
8
136 692 109 112 116 159 162 357
1 3600 328
4
690 692 109 110
1 3600 328
7
148 133 130 103 100 111 106
1 3600 328
4
720 133 136 692
1 3600 328
6
688 139 140 135 130 371
1 3600 319
5
208 687 688 145 146
1 3600 170
4
209 205 206 426
1 3600 1279
20
437 438 448 407 404 494 504 660 81 78 510 628 199 196 401 397 392 413 99 96
1 3600 1279
17
666 349 239 242 309 306 310 332 353 350 255 251 248 571 567 519 189
1 3600 1279
14
437 438 448 407 404 494 487 488 534 635 631 628 461 415
1 3600 1279
8
317 318 666 349 329 330 61 58
1 3600 1279
9
437 438 448 349 239 242 312 299 304
1 3600 1279
24
437 317 318 427 207 202 3 4 122 580 151 152 127 128 589 586 591 499 496 543 544 71 66 51
1 3600 1279
14
318 666 407 404 494 487 469 466 478 632 35 32 529 526
1 3600 1162
13
437 317 320 442 147 144 689 686 605 606 643 644 697
1 3600 365
8
316 438 446 427 409 343 344 61
1 3600 209
4
437 438 448 349
1 3600 1279
23
446 427 207 202 3 4 122 580 151 154 646 589 586 501 496 543 544 71 68 167 170 619 622
1 3600 1279
11
319 320 440 719 135 130 371 368 557 558 702
1 3600 984
11
447 439 317 320 442 720 133 130 371 366 684
1 3600 117
4
427 428 440 143
