254
1 3600 439
6
237 234 428 5 6 254
1 3600 200
4
239 240 205 208
1 3600 200
3
431 235 240
1 3600 200
3
428 5 2
1 3600 200
5
237 240 211 216 177
1 3600 930
4
255 177 174 180
1 3600 1581
15
441 437 5 6 217 212 218 133 123 124 55 48 62 298 411
1 3600 1581
21
428 5 2 205 208 133 123 124 55 52 154 295 296 171 168 417 418 393 373 374 434
1 3600 155
11
240 211 212 218 133 130 247 242 343 337 332
1 3600 359
11
428 5 6 177 33 31 26 180 291 55 50
1 3600 1318
9
237 240 205 208 133 123 124 55 48
1 3600 1581
17
431 428 5 6 177 174 180 328 293 55 52 61 58 267 264 173 161
1 3600 1581
15
239 240 211 212 218 133 130 247 73 76 250 289 273 274 310
1 3600 1437
26
239 234 428 5 6 177 178 221 218 133 123 124 55 50 283 280 307 251 77 74 82 88 139 43 41 36
1 3600 1581
11
255 177 178 221 218 133 130 247 73 78 380
1 3600 1581
14
223 220 224 229 29 26 180 291 55 52 156 273 270 309
1 3600 1581
22
255 177 33 31 26 182 423 331 328 293 55 50 283 280 307 193 121 116 148 413 71 68
1 3600 1581
15
240 205 208 133 130 247 73 78 382 103 100 118 9 12 187
1 3600 437
6
228 232 215 210 241 238
1 3600 437
6
32 176 7 4 429 430
1 3600 437
4
3 4 436 440
1 3600 437
3
208 219 222
1 3600 437
3
179 176 254
1 3600 437
5
176 217 210 241 238
1 3600 309
5
213 216 7 4 436
1 3600 309
6
129 122 132 219 213 214
1 3600 405
3
129 124 290
1 3600 405
11
227 228 225 221 218 133 123 124 55 48 64
1 3600 405
5
6 177 174 182 432
1 3600 405
8
232 35 31 26 180 330 19 16
1 3600 405
6
437 5 6 177 174 180
1 3600 719
10
124 55 48 62 296 312 411 408 414 349
1 3600 1581
20
34 233 225 221 218 133 123 124 55 48 62 296 301 163 164 263 260 318 322 371
1 3600 235
9
178 221 218 133 130 247 242 343 91
1 3600 368
8
437 5 2 205 208 133 123 124
1 3600 368
10
198 208 133 123 124 55 50 283 284 288
1 3600 368
9
231 225 221 218 133 130 247 73 76
1 3600 293
9
231 229 29 26 180 291 55 52 61
1 3600 719
15
232 35 31 26 180 328 293 55 48 62 296 171 168 259 260
1 3600 1581
11
198 208 133 123 124 55 52 156 273 274 310
1 3600 1318
12
133 130 247 242 81 84 99 92 151 39 40 46
1 3600 1318
11
129 124 55 50 283 280 307 251 252 389 385
1 3600 1581
7
124 55 50 283 284 273 270
1 3600 1581
17
207 208 133 130 247 242 81 82 86 95 96 108 144 148 413 405 395
1 3600 1581
13
5 6 177 174 180 291 55 52 156 273 270 111 114
1 3600 878
8
329 181 175 176 7 4 429 235
1 3600 157
4
422 183 27 28
1 3600 157
8
329 181 27 30 32 176 7 4
1 3600 157
9
299 63 49 54 125 122 132 219 213
1 3600 509
6
17 14 293 55 48 64
1 3600 121
18
433 423 331 291 55 48 57 58 267 264 173 21 22 403 317 314 350 392
1 3600 753
13
17 14 293 55 52 154 267 264 173 21 22 361 325
1 3600 1129
9
422 183 175 176 217 212 218 133 130
1 3600 376
6
423 331 291 55 50 283
1 3600 200
5
328 293 55 48 57
1 3600 322
6
331 291 55 52 154 267
1 3600 1581
10
65 62 296 301 163 164 400 402 361 357
1 3600 1581
10
65 57 60 156 288 193 194 389 107 104
1 3600 1581
11
19 14 293 55 50 283 280 245 73 78 380
1 3600 1581
8
293 55 50 283 284 273 270 309
1 3600 1581
16
423 331 291 55 50 283 280 307 193 121 116 148 413 405 395 396
1 3600 1581
9
14 293 55 52 156 273 270 111 114
1 3600 1581
17
391 392 419 409 410 313 297 294 155 53 54 125 122 132 209 204 241
1 3600 451
16
351 348 257 258 169 170 297 63 49 54 292 329 181 27 30 34
1 3600 119
10
416 169 159 160 172 265 266 59 56 64
1 3600 527
4
421 415 409 406
1 3600 181
16
407 167 170 297 63 49 54 125 122 132 209 204 3 4 436 438
1 3600 181
5
391 373 370 323 326
1 3600 1581
15
167 159 162 302 265 268 308 111 112 119 101 102 383 379 85
1 3600 1318
13
351 315 261 262 25 20 172 265 268 275 272 285 286
1 3600 439
6
391 392 419 409 410 299
1 3600 155
7
391 392 421 257 260 316 402
1 3600 585
4
349 315 318 324
1 3600 1581
17
445 421 257 262 165 162 302 265 268 308 111 112 119 101 104 108 142
1 3600 1581
9
167 159 160 172 265 268 275 270 111
1 3600 1581
10
349 315 316 401 25 20 172 265 268 308
1 3600 1581
20
445 419 416 169 170 297 294 155 156 288 251 252 195 121 118 9 12 188 395 398
1 3600 1581
19
445 393 351 348 415 409 410 313 297 294 59 60 156 288 193 121 118 9 12
1 3600 1581
18
327 319 261 262 165 162 300 297 63 49 54 125 122 132 209 204 241 236
1 3600 1437
18
362 323 324 360 23 20 172 265 266 155 53 54 125 122 132 219 213 214
1 3600 878
10
364 372 392 419 416 169 170 297 63 64
1 3600 320
5
363 364 372 392 444
1 3600 320
6
362 323 319 261 258 417
1 3600 320
3
367 364 372
1 3600 336
3
367 364 370
1 3600 1581
20
370 323 324 360 23 20 172 265 266 59 60 156 285 280 245 242 343 337 334 338
1 3600 1581
15
435 369 362 323 319 316 401 165 162 302 265 268 275 272 285
1 3600 1216
8
319 261 258 169 170 297 294 155
1 3600 281
5
367 364 372 351 315
1 3600 239
5
362 323 324 357 352
1 3600 1581
15
355 356 360 23 20 172 265 268 308 111 114 186 13 10 149
1 3600 1581
22
435 375 372 392 421 415 409 410 299 294 59 60 156 288 251 77 78 380 384 107 100 118
1 3600 1581
13
364 370 323 319 316 401 165 162 302 265 268 275 270
1 3600 1581
19
435 375 372 351 348 257 262 25 20 172 265 268 308 111 114 184 320 69 66
1 3600 1581
20
372 392 419 409 410 313 297 63 57 60 156 288 193 121 116 148 413 405 189 190
1 3600 180
11
345 342 243 246 131 132 219 220 179 176 254
1 3600 188
8
249 131 132 219 220 224 229 226
1 3600 1437
9
247 244 281 284 157 61 58 295 298
1 3600 1581
19
249 247 73 78 382 103 100 118 113 110 271 274 269 264 303 163 158 166 406
1 3600 1581
17
247 73 76 250 289 157 154 295 296 312 411 408 418 393 373 365 366
1 3600 287
6
83 75 72 246 131 134
1 3600 295
6
135 123 124 55 50 283
1 3600 295
13
339 141 136 150 143 109 105 106 388 195 192 306 281
1 3600 295
7
333 305 89 83 75 76 250
1 3600 295
3
247 244 281
1 3600 687
16
341 335 336 91 86 376 378 380 384 388 195 192 289 157 61 56
1 3600 1581
11
135 123 124 55 48 62 296 171 159 164 400
1 3600 1581
19
333 305 153 150 143 144 117 118 113 110 309 269 264 173 21 22 361 357 352
1 3600 293
8
84 99 96 108 144 148 413 405
1 3600 293
4
91 88 139 43
1 3600 405
9
249 247 73 78 382 103 100 118 113
1 3600 1581
8
135 123 124 55 52 156 273 270
1 3600 1581
11
341 141 138 153 150 143 144 148 413 71 68
1 3600 1581
12
341 141 136 150 93 96 105 100 118 9 12 187
1 3600 394
11
285 282 51 54 125 122 132 209 204 241 238
1 3600 94
9
72 246 131 132 219 220 224 229 29
1 3600 439
3
55 48 64
1 3600 1581
10
55 48 62 296 171 168 259 256 420 393
1 3600 1581
12
55 48 62 298 411 408 414 349 350 373 365 366
1 3600 141
7
287 280 307 251 77 74 82
1 3600 141
4
245 242 81 82
1 3600 329
3
76 250 289
1 3600 86
3
289 157 61
1 3600 544
9
55 52 61 58 267 264 173 21 22
1 3600 1581
10
51 48 62 296 301 163 164 400 402 361
1 3600 322
9
280 307 251 77 74 82 88 139 43
1 3600 197
5
193 194 389 387 383
1 3600 494
3
284 273 270
1 3600 1581
11
283 280 307 193 121 116 148 413 405 395 396
1 3600 1581
14
55 50 283 280 307 251 252 389 107 100 118 9 12 190
1 3600 1437
6
54 125 122 132 219 222
1 3600 207
6
297 63 49 54 125 126
1 3600 219
9
297 63 49 54 292 15 18 422 432
1 3600 479
4
296 171 166 408
1 3600 1216
12
58 295 296 171 168 259 260 318 322 363 368 434
1 3600 632
7
60 156 285 280 245 246 248
1 3600 81
5
60 156 288 251 77
1 3600 69
6
296 301 163 160 21 22
1 3600 1054
9
52 154 267 264 173 21 22 361 357
1 3600 1129
12
49 50 283 280 245 242 81 84 377 95 96 108
1 3600 439
11
296 301 302 265 268 275 270 111 112 119 120
1 3600 251
3
156 273 274
1 3600 1581
11
50 283 280 307 193 121 116 148 413 71 68
1 3600 1581
8
57 60 156 273 270 111 114 186
1 3600 1581
13
165 158 170 297 63 49 54 290 181 175 178 221 222
1 3600 607
8
162 300 297 294 155 53 54 125
1 3600 416
7
265 266 155 53 54 292 15
1 3600 200
6
264 173 161 164 263 256
1 3600 309
6
260 318 322 371 374 434
1 3600 1581
12
265 268 308 111 112 119 101 104 97 94 87 83
1 3600 607
6
302 265 266 59 60 156
1 3600 241
3
303 300 297
1 3600 241
5
160 172 265 266 59
1 3600 263
3
295 296 171
1 3600 218
4
173 21 22 361
1 3600 218
6
267 264 173 21 22 361
1 3600 1581
13
23 20 172 265 268 275 270 111 112 119 101 104 108
1 3600 1318
10
261 258 169 159 162 302 265 268 308 111
1 3600 465
4
20 172 265 268
1 3600 1581
14
169 170 297 294 155 156 273 270 111 114 186 188 395 398
1 3600 1581
6
268 275 270 111 114 186
1 3600 1581
16
360 23 24 165 158 170 297 63 49 54 125 122 132 209 199 200
1 3600 1581
12
311 275 272 157 53 54 290 181 27 28 228 225
1 3600 1581
17
353 356 360 403 317 314 348 415 409 410 299 63 49 54 290 330 422
1 3600 564
9
311 269 264 303 163 158 168 417 414
1 3600 193
9
311 269 264 173 161 164 400 317 318
1 3600 1581
8
311 308 271 272 288 251 77 72
1 3600 1581
8
360 23 20 172 265 266 155 156
1 3600 878
8
356 325 319 261 258 169 170 297
1 3600 80
7
311 269 264 303 163 158 168
1 3600 632
9
353 356 360 23 20 172 265 268 310
1 3600 1581
26
353 356 360 23 24 165 162 300 297 294 59 60 156 288 251 252 389 385 381 379 99 92 151 39 40 46
1 3600 1581
5
311 308 111 112 9
1 3600 1581
8
353 356 360 23 20 172 265 268
1 3600 1581
16
353 356 360 23 20 172 265 268 275 270 111 114 184 320 69 66
1 3600 1581
5
311 308 111 114 186
1 3600 1581
14
109 97 98 85 80 243 246 131 132 219 220 179 176 254
1 3600 988
13
149 117 120 192 306 281 282 51 54 292 329 181 27
1 3600 1581
11
89 90 342 243 244 281 282 51 54 292 15
1 3600 1581
19
47 42 138 89 83 75 76 250 289 157 154 295 296 312 411 408 418 393 390
1 3600 1581
26
37 38 150 143 109 105 100 118 113 110 309 269 264 173 21 24 263 256 420 393 373 365 368 434 277 278
1 3600 423
10
149 145 142 93 98 378 79 72 246 248
1 3600 423
9
37 38 152 304 336 342 243 246 248
1 3600 423
5
145 142 151 137 140
1 3600 329
5
11 8 119 120 192
1 3600 1216
14
45 42 138 89 86 376 378 380 384 388 253 250 289 157
1 3600 1581
15
45 42 136 150 143 144 148 11 12 187 115 110 271 274 269
1 3600 1581
9
147 109 105 100 118 113 110 309 310
1 3600 322
5
145 142 151 39 36
1 3600 481
3
93 96 105
1 3600 481
5
376 378 382 103 100
1 3600 481
6
376 378 380 384 388 195
1 3600 481
5
149 117 101 106 385
1 3600 481
5
149 117 101 102 386
1 3600 988
8
395 67 68 321 185 115 110 271
1 3600 268
3
413 71 68
1 3600 607
8
95 96 108 144 148 413 405 189
1 3600 1581
11
381 79 72 246 131 132 209 204 3 4 429
1 3600 878
11
101 102 383 79 72 246 131 132 219 220 224
1 3600 1581
10
119 120 192 306 281 282 51 54 290 328
1 3600 1581
12
388 253 250 289 157 61 58 295 298 411 408 414
1 3600 1581
17
388 253 250 306 281 282 51 48 62 296 312 411 408 418 393 373 365
1 3600 336
8
389 387 383 379 377 87 90 344
1 3600 173
4
195 192 306 281
1 3600 416
11
12 187 115 110 271 274 269 264 303 300 297
1 3600 1054
10
8 113 110 309 269 264 173 161 164 263
1 3600 1581
12
195 192 289 157 154 267 264 173 21 22 361 357
1 3600 168
5
386 385 381 379 99
1 3600 168
8
10 149 145 142 151 137 43 46
1 3600 465
4
382 386 107 100
1 3600 129
5
103 100 118 113 110
1 3600 658
7
116 148 413 405 395 67 68
1 3600 1581
14
271 272 157 53 54 125 122 132 209 204 3 4 436 440
1 3600 1216
10
275 272 285 282 51 54 125 122 132 209
1 3600 1581
9
275 272 157 53 54 290 330 422 432
1 3600 1581
7
269 264 303 163 158 168 417
1 3600 1581
11
269 264 303 163 164 400 317 318 322 363 366
1 3600 1216
13
308 111 112 119 101 104 97 92 151 152 304 334 340
1 3600 405
4
272 288 251 77
1 3600 213
6
272 157 61 56 62 296
1 3600 344
7
309 269 264 173 21 22 403
1 3600 1581
8
274 269 264 173 21 22 361 357
1 3600 790
5
111 114 186 188 404
1 3600 118
5
111 112 119 120 194
1 3600 1581
8
308 111 114 184 320 69 66 396
1 3600 753
3
111 114 184
1 3600 1581
21
359 69 70 412 149 145 109 97 94 376 85 80 243 246 131 132 219 213 210 241 238
1 3600 1581
16
399 394 404 412 149 117 101 106 387 383 79 72 246 131 132 209
1 3600 1581
16
399 394 404 412 149 117 120 192 306 281 282 51 54 292 15 16
1 3600 1581
19
397 67 68 321 185 115 110 271 272 157 61 58 295 296 171 168 259 260 314
1 3600 1581
19
397 394 189 187 115 110 271 272 157 154 295 298 411 408 418 393 373 374 434
1 3600 1581
13
397 394 404 412 149 145 109 97 94 87 90 342 243
1 3600 1581
8
70 412 11 8 119 120 194 253
1 3600 1581
9
321 185 115 110 309 269 264 303 300
1 3600 1581
11
397 394 189 187 115 110 271 274 269 264 173
1 3600 1581
21
321 191 13 8 119 120 192 306 281 282 51 48 62 296 171 168 259 260 318 324 357
1 3600 197
7
394 404 412 149 145 109 97
1 3600 544
8
70 412 149 117 101 106 385 381
1 3600 1581
6
359 321 185 115 110 309
1 3600 753
3
69 66 398
1 3600 1581
17
191 13 8 119 101 102 383 79 72 246 131 132 219 213 210 241 238
1 3600 1581
16
186 13 8 119 101 106 385 381 79 72 246 131 132 209 199 202
1 3600 1581
12
13 8 119 120 192 306 281 282 51 54 290 181
1 3600 1581
13
115 110 271 272 157 61 56 62 298 411 408 414 420
1 3600 1581
16
187 115 110 271 274 269 264 303 163 164 263 256 349 350 373 374
1 3600 1581
10
186 13 8 119 101 102 383 79 72 246
1 3600 1581
7
13 8 119 120 194 253 250
1 3600 1581
14
13 10 149 145 109 97 98 85 80 243 244 281 282 51
1 3600 1581
6
115 110 309 269 264 303
1 3600 1581
13
187 115 110 271 274 269 264 173 21 22 361 357 352
1 3600 427
9
320 69 70 412 149 145 142 151 152
1 3600 263
7
191 13 8 119 101 106 385
1 3600 658
3
185 115 110
1 3600 180
4
186 188 395 396
