438
1 3600 284
3
563 417 414
1 3600 66
7
52 68 21 22 472 105 102
1 3600 297
10
54 62 100 157 154 545 89 17 22 474
1 3600 653
11
416 57 52 66 84 86 541 413 410 441 436
1 3600 105
12
65 62 100 95 90 519 139 144 377 341 338 406
1 3600 261
6
415 65 62 100 95 92
1 3600 502
6
57 52 66 84 86 541
1 3600 653
13
415 65 55 52 68 21 18 410 7 4 12 420 461
1 3600 297
13
54 62 100 157 154 519 139 144 279 276 293 137 59
1 3600 653
9
52 66 84 88 544 519 139 140 462
1 3600 653
12
415 65 62 100 95 90 519 419 9 4 12 422
1 3600 653
16
415 416 57 52 68 21 16 86 517 139 142 127 124 215 216 486
1 3600 653
16
563 57 52 68 21 22 470 560 7 4 12 420 461 311 316 494
1 3600 653
14
415 65 62 100 95 92 154 519 139 144 548 550 305 306
1 3600 653
17
415 416 57 52 66 84 88 544 519 139 140 253 250 327 285 259 256
1 3600 653
17
54 62 100 95 90 519 139 144 548 153 150 200 232 289 269 266 355
1 3600 653
18
563 57 52 68 21 18 410 7 4 12 422 297 127 122 476 323 324 380
1 3600 653
20
57 52 66 84 86 517 139 140 462 550 147 148 246 490 167 170 446 111 108 294
1 3600 653
18
415 65 62 100 157 154 519 139 142 255 250 327 285 259 262 500 455 115
1 3600 653
24
563 57 52 66 84 86 517 419 9 4 12 422 301 191 75 78 226 239 240 323 324 382 506 552
1 3600 76
5
69 53 56 417 414
1 3600 192
6
103 104 473 23 20 328
1 3600 61
6
329 21 22 474 538 439
1 3600 61
7
83 67 68 21 18 410 561
1 3600 363
10
329 21 22 470 559 439 435 15 10 443
1 3600 242
15
103 104 473 23 16 88 544 519 139 144 377 374 347 337 334
1 3600 86
8
329 69 66 84 88 544 155 156
1 3600 110
7
104 473 23 16 86 517 518
1 3600 502
13
21 18 410 441 436 433 3 4 12 420 461 311 312
1 3600 363
10
69 66 84 86 517 139 144 279 131 128
1 3600 408
11
103 104 473 470 560 7 4 12 422 297 143
1 3600 344
11
69 66 84 88 544 519 139 142 127 124 205
1 3600 653
15
84 86 517 139 142 296 301 191 75 76 207 202 212 216 486
1 3600 653
14
104 473 474 538 555 523 433 15 12 420 461 311 314 532
1 3600 653
17
21 16 88 544 519 139 144 548 153 146 343 344 249 246 490 221 224
1 3600 653
14
104 473 470 560 7 4 12 422 297 255 252 462 550 343
1 3600 653
11
66 84 86 542 544 519 139 140 253 250 476
1 3600 653
25
68 21 18 412 540 517 139 144 548 153 150 198 237 193 194 259 260 274 271 266 356 508 546 385 380
1 3600 653
23
84 88 544 519 419 9 4 12 422 297 127 122 327 233 230 234 264 398 490 167 164 458 489
1 3600 653
15
83 84 86 517 139 140 462 550 147 148 246 399 395 396 500
1 3600 653
17
67 68 21 18 410 7 4 12 420 461 311 314 479 323 324 382 393
1 3600 502
9
440 411 412 540 87 85 67 53 56
1 3600 43
6
554 558 560 411 19 20
1 3600 72
3
438 558 471
1 3600 61
5
435 3 4 10 443
1 3600 61
4
538 439 435 15
1 3600 653
9
560 7 8 418 518 91 94 101 63
1 3600 167
8
557 523 433 3 8 418 518 155
1 3600 61
5
107 104 473 23 16
1 3600 61
8
535 475 23 16 86 542 544 519
1 3600 93
8
473 470 560 7 4 12 420 461
1 3600 502
10
23 16 86 517 139 144 377 374 173 135
1 3600 408
10
535 538 439 435 15 12 422 297 143 144
1 3600 186
6
470 560 7 4 12 422
1 3600 544
12
538 555 523 433 3 4 12 420 461 311 312 243
1 3600 653
14
107 104 473 470 559 439 435 15 12 420 461 311 316 494
1 3600 653
19
557 523 433 3 4 12 422 297 127 122 327 233 197 192 234 264 398 490 429
1 3600 653
19
107 104 473 23 16 88 544 519 139 144 548 153 146 343 344 249 244 237 234
1 3600 653
16
18 412 540 517 139 140 253 250 327 289 281 282 271 266 356 508
1 3600 653
16
557 523 433 15 12 422 301 191 75 78 226 239 240 323 324 380
1 3600 653
18
473 23 16 88 544 519 139 140 462 550 147 148 246 490 167 164 391 388
1 3600 653
20
473 23 16 86 517 139 144 548 153 150 200 197 194 259 262 500 455 115 116 402
1 3600 653
18
523 433 3 4 12 420 461 311 314 479 323 177 178 350 510 512 514 363
1 3600 653
9
442 11 5 6 411 19 20 69 53
1 3600 435
7
530 554 558 560 411 19 20
1 3600 78
3
530 523 437
1 3600 78
7
445 442 11 14 434 438 539
1 3600 78
11
449 445 442 11 5 2 432 437 438 539 536
1 3600 114
3
10 443 444
1 3600 653
12
442 11 5 8 418 139 144 279 276 293 290 334
1 3600 653
9
445 442 11 5 8 418 518 91 92
1 3600 93
7
434 440 411 412 540 542 544
1 3600 82
6
4 12 420 461 311 316
1 3600 82
8
442 11 12 420 461 311 316 496
1 3600 653
12
451 445 442 11 12 422 297 143 144 377 341 133
1 3600 653
8
442 11 12 422 297 255 252 462
1 3600 297
4
4 12 422 301
1 3600 466
14
442 11 12 420 461 299 191 75 76 378 480 215 216 486
1 3600 653
10
530 523 433 15 12 420 461 311 316 494
1 3600 653
22
530 554 558 560 411 412 540 517 139 144 548 550 343 344 249 246 490 429 387 388 161 158
1 3600 653
10
3 4 12 422 297 127 122 327 285 195
1 3600 653
13
442 11 5 8 418 139 142 255 250 327 289 286 324
1 3600 653
16
442 11 12 422 301 191 75 78 209 202 210 239 240 323 324 380
1 3600 653
27
530 554 558 560 411 412 540 542 544 519 139 140 462 153 148 246 490 167 170 446 489 453 187 184 425 426 27
1 3600 653
21
526 530 523 437 440 411 412 540 517 139 144 548 550 343 344 249 246 490 167 164 458
1 3600 653
13
445 442 11 12 420 461 311 312 243 240 323 324 382
1 3600 107
3
99 63 64
1 3600 210
8
100 95 90 545 543 87 85 82
1 3600 435
8
99 100 157 154 545 89 17 22
1 3600 653
8
99 100 95 90 519 419 9 2
1 3600 272
12
99 100 157 154 519 139 144 279 276 293 290 334
1 3600 77
4
99 100 95 92
1 3600 326
5
55 52 66 84 86
1 3600 653
19
407 359 360 321 71 37 32 304 147 150 200 232 289 286 322 478 315 316 496
1 3600 35
10
335 291 292 302 321 71 37 38 51 46
1 3600 139
7
99 100 95 90 519 139 140
1 3600 344
7
99 100 157 154 519 139 142
1 3600 653
11
407 339 340 376 145 142 127 124 215 216 486
1 3600 653
11
100 95 90 519 139 142 296 430 311 316 494
1 3600 408
32
55 52 66 84 88 544 519 139 140 462 153 150 198 237 193 194 259 256 396 500 455 115 120 401 404 453 187 184 425 409 161 162
1 3600 435
10
100 157 154 519 139 144 548 550 147 148
1 3600 653
13
55 52 66 84 86 517 139 140 253 250 476 323 177
1 3600 653
24
335 291 137 59 45 40 37 32 304 147 150 200 230 193 194 259 260 274 271 266 175 176 324 380
1 3600 653
19
99 100 95 90 519 139 140 462 153 146 343 344 249 246 490 167 170 446 489
1 3600 653
17
100 95 92 154 519 139 142 127 122 327 285 259 262 500 455 169 170
1 3600 653
27
407 359 360 321 71 37 34 307 304 147 150 198 237 193 194 259 260 272 282 271 266 356 510 512 514 507 393
1 3600 272
5
93 94 101 63 64
1 3600 78
6
154 519 516 87 85 67
1 3600 107
10
93 90 545 543 541 413 410 441 436 522
1 3600 594
9
95 90 519 516 541 413 410 441 436
1 3600 80
9
157 154 519 139 144 377 341 338 406
1 3600 36
3
90 519 419
1 3600 363
12
92 154 519 139 142 127 124 205 208 226 239 242
1 3600 88
9
154 519 139 144 279 131 128 172 375
1 3600 51
5
93 90 519 139 144
1 3600 84
9
90 519 419 9 4 12 422 301 191
1 3600 653
11
157 154 519 419 9 4 12 420 461 311 314
1 3600 653
9
154 519 139 140 253 250 476 478 532
1 3600 544
15
95 90 519 139 144 548 153 148 246 490 429 387 388 161 162
1 3600 297
11
90 519 139 144 548 550 343 344 249 244 237
1 3600 435
11
95 92 154 519 139 140 253 250 327 289 281
1 3600 653
10
90 519 139 142 127 122 476 323 324 380
1 3600 653
15
154 519 139 140 462 153 148 246 490 167 164 458 111 112 187
1 3600 653
15
157 154 519 139 140 253 250 327 285 259 256 396 500 455 115
1 3600 653
21
154 545 543 541 413 410 7 4 12 422 301 191 75 78 226 239 240 323 324 382 393
1 3600 653
4
87 85 67 53
1 3600 148
4
17 22 472 105
1 3600 29
4
410 561 559 555
1 3600 103
5
541 413 410 441 435
1 3600 502
8
519 139 144 377 374 347 337 334
1 3600 84
4
418 516 541 413
1 3600 30
9
517 419 9 4 12 420 461 311 316
1 3600 242
8
86 517 139 144 279 276 293 290
1 3600 96
6
9 4 12 422 297 143
1 3600 23
4
139 142 127 122
1 3600 128
15
413 410 7 4 12 422 301 191 75 76 207 202 212 216 486
1 3600 653
13
87 17 22 470 560 7 4 12 420 461 311 316 494
1 3600 653
16
9 4 12 422 297 255 250 327 285 259 256 394 398 490 221 218
1 3600 297
14
412 540 542 544 519 139 144 548 550 147 150 200 197 192
1 3600 233
12
139 140 462 153 150 200 232 289 269 266 355 353
1 3600 653
11
544 519 139 142 127 122 327 289 286 324 380
1 3600 653
18
86 517 139 144 548 550 343 344 249 246 490 167 170 446 111 108 294 426
1 3600 653
13
88 544 519 139 140 462 153 148 246 490 167 164 458
1 3600 653
20
17 22 474 538 439 435 15 12 420 461 311 314 479 323 177 178 350 510 512 514
1 3600 653
13
317 310 431 297 143 138 518 155 156 101 63 55 56
1 3600 594
10
460 421 13 5 6 561 471 23 20 328
1 3600 81
13
497 317 310 460 421 13 5 6 561 471 472 105 106
1 3600 42
9
317 310 460 421 13 10 443 444 448
1 3600 653
15
461 299 191 75 76 378 480 125 126 143 144 377 341 338 406
1 3600 502
13
243 238 211 203 204 125 126 255 252 141 138 518 155
1 3600 28
4
317 310 431 423
1 3600 653
15
461 299 300 297 255 250 327 233 201 151 146 305 33 38 72
1 3600 384
4
461 431 297 143
1 3600 64
6
317 312 243 238 227 209
1 3600 52
6
243 238 211 212 216 486
1 3600 653
12
311 314 479 323 287 288 233 201 151 146 305 308
1 3600 594
7
497 494 533 479 323 287 288
1 3600 326
6
243 240 323 177 174 356
1 3600 653
6
313 314 479 323 324 380
1 3600 653
25
461 299 191 75 76 207 204 125 122 327 285 259 262 500 455 115 116 404 453 187 184 464 466 27 30
1 3600 653
14
431 297 255 250 327 285 259 256 396 500 455 115 120 401
1 3600 653
9
317 312 243 240 323 324 382 369 367
1 3600 544
12
320 303 277 278 145 138 518 91 94 101 63 64
1 3600 594
11
292 277 278 145 138 516 87 85 67 68 328
1 3600 594
11
375 376 145 142 296 423 13 14 432 437 438
1 3600 653
15
135 59 45 40 37 32 304 551 463 253 254 296 423 13 10
1 3600 125
14
319 320 303 277 278 145 138 518 545 89 85 67 53 54
1 3600 125
5
302 361 349 337 334
1 3600 152
7
132 340 376 145 138 518 155
1 3600 284
9
61 58 134 129 130 278 145 138 518
1 3600 653
14
61 45 40 37 32 304 147 152 463 253 254 296 301 298
1 3600 109
4
128 135 59 60
1 3600 109
5
71 41 44 58 136
1 3600 154
9
137 59 45 40 37 34 307 304 551
1 3600 154
7
319 71 37 32 304 147 152
1 3600 154
3
172 375 376
1 3600 154
7
61 45 40 37 32 304 551
1 3600 154
9
34 331 332 309 304 147 152 549 145
1 3600 154
5
358 339 340 376 145
1 3600 139
9
43 44 58 134 129 130 278 145 142
1 3600 653
10
277 278 145 142 127 124 215 213 210 239
1 3600 653
15
360 321 71 37 32 304 147 150 200 232 289 286 322 478 532
1 3600 147
3
39 34 331
1 3600 147
13
61 45 40 37 32 304 343 344 249 246 490 429 223
1 3600 147
16
374 347 348 360 321 71 37 32 304 147 148 246 490 167 164 391
1 3600 147
16
47 50 39 34 307 304 147 150 198 237 234 264 398 490 429 387
1 3600 147
12
319 71 37 32 304 343 344 249 246 490 221 218
1 3600 115
12
359 360 321 71 37 32 304 147 148 244 237 234
1 3600 115
10
302 321 71 37 34 307 304 147 150 198
1 3600 242
11
47 50 39 32 304 147 150 200 232 326 476
1 3600 653
21
73 39 32 304 343 344 249 244 237 193 194 259 260 274 271 266 356 508 546 385 380
1 3600 297
16
132 340 376 548 550 147 148 246 490 167 170 446 111 108 294 426
1 3600 326
26
336 346 173 135 59 45 40 37 34 331 332 309 304 147 150 200 230 193 194 259 260 274 271 266 356 510
1 3600 653
16
49 50 39 32 304 147 150 200 232 289 269 266 356 510 512 514
1 3600 653
9
145 138 518 91 94 101 63 64 414
1 3600 502
7
549 145 138 516 87 85 82
1 3600 363
7
141 138 516 87 17 22 474
1 3600 653
10
463 253 254 296 423 13 10 443 444 450
1 3600 198
7
549 145 138 518 91 94 101
1 3600 70
4
145 138 518 155
1 3600 89
4
463 141 138 516
1 3600 408
6
253 254 296 430 311 316
1 3600 20
5
141 144 279 276 302
1 3600 19
6
463 253 254 127 124 215
1 3600 363
6
142 127 124 215 216 486
1 3600 653
12
253 254 127 124 205 202 210 239 242 313 316 494
1 3600 93
6
462 153 148 246 490 429
1 3600 27
8
144 548 550 343 344 249 246 399
1 3600 75
10
153 150 198 237 193 194 259 260 272 282
1 3600 653
7
142 127 122 476 323 324 380
1 3600 502
10
462 550 147 148 246 490 167 164 458 111
1 3600 284
14
144 548 550 343 344 249 246 399 395 396 500 455 115 118
1 3600 502
11
153 150 200 232 289 286 324 382 393 365 362
1 3600 653
18
521 227 79 74 190 300 423 13 5 6 411 19 20 69 53 56 417 414
1 3600 544
13
81 76 378 480 125 126 143 138 518 545 89 85 82
1 3600 210
15
203 206 77 74 190 300 423 13 5 6 561 471 472 105 106
1 3600 384
13
227 79 74 190 298 460 421 13 14 432 522 531 527
1 3600 653
10
212 214 125 126 143 138 518 91 94 101
1 3600 148
9
212 214 125 126 143 138 518 155 93
1 3600 83
6
423 13 5 8 418 518
1 3600 83
6
297 255 252 141 138 516
1 3600 83
10
78 209 204 125 126 143 138 518 545 89
1 3600 83
3
298 311 316
1 3600 139
8
214 125 126 143 144 377 374 347
1 3600 76
3
252 141 144
1 3600 76
3
297 143 144
1 3600 76
5
300 297 255 252 141
1 3600 52
3
229 209 204
1 3600 67
5
191 75 78 226 239
1 3600 67
6
202 210 239 242 313 314
1 3600 653
9
483 217 213 210 239 242 313 316 494
1 3600 297
12
190 300 297 127 122 327 233 201 151 146 305 306
1 3600 56
9
189 190 300 297 255 250 327 285 259
1 3600 93
4
250 476 323 177
1 3600 93
6
226 239 240 323 177 180
1 3600 93
5
521 239 240 323 324
1 3600 93
3
327 289 281
1 3600 435
8
297 127 122 327 289 286 324 380
1 3600 653
17
204 125 122 327 285 259 262 500 455 115 116 404 453 187 182 294 409
1 3600 311
14
521 239 240 323 177 180 354 267 270 275 261 262 500 455
1 3600 297
8
208 226 239 240 323 324 382 506
1 3600 653
20
487 217 214 481 379 77 74 190 300 423 13 5 6 411 19 20 69 53 56 562
1 3600 653
14
242 313 310 460 421 13 5 2 434 438 539 475 23 20
1 3600 408
9
315 310 460 421 13 5 6 411 19
1 3600 408
5
315 310 460 421 13
1 3600 653
22
240 323 287 281 273 261 258 195 192 236 245 248 345 342 305 33 36 70 320 361 358 406
1 3600 653
9
487 217 214 125 126 143 138 518 155
1 3600 103
10
487 217 213 203 204 125 126 143 138 518
1 3600 45
13
487 217 213 203 206 77 74 190 300 430 311 316 496
1 3600 653
10
240 477 251 252 141 144 279 276 293 290
1 3600 297
4
479 477 251 252
1 3600 22
7
487 217 214 481 379 77 80
1 3600 155
5
238 211 212 216 486
1 3600 653
15
479 323 177 174 267 270 275 261 256 394 398 490 167 164 391
1 3600 311
10
487 217 214 125 126 255 252 462 550 343
1 3600 86
8
487 217 213 210 239 240 323 324
1 3600 242
4
479 323 324 380
1 3600 653
19
487 217 214 125 122 327 233 230 234 264 398 490 167 170 446 489 453 187 184
1 3600 653
12
487 217 214 125 122 327 285 259 256 396 500 455
1 3600 594
6
479 323 324 382 393 371
1 3600 653
17
495 317 310 460 421 13 5 6 561 471 23 20 69 53 56 417 414
1 3600 653
13
495 317 310 460 421 13 5 8 418 516 87 85 82
1 3600 653
8
495 317 310 460 421 13 14 434
1 3600 653
9
533 315 310 460 421 13 10 443 444
1 3600 653
17
533 479 477 327 233 201 151 146 305 33 36 70 320 361 349 337 334
1 3600 653
12
495 317 310 460 421 13 5 8 418 518 91 94
1 3600 653
12
495 317 310 460 421 13 5 6 411 412 540 87
1 3600 186
4
495 317 310 460
1 3600 653
23
533 479 323 177 178 352 354 267 270 275 261 258 195 192 236 245 149 146 305 33 36 41 42
1 3600 653
6
495 317 310 431 297 143
1 3600 311
9
533 315 312 243 238 211 212 216 484
1 3600 75
4
495 317 312 243
1 3600 653
19
533 479 323 287 269 270 283 273 261 256 394 398 490 167 164 391 388 161 162
1 3600 653
9
533 479 477 327 233 197 192 236 245
1 3600 544
5
533 479 323 177 180
1 3600 653
5
533 479 323 324 380
1 3600 653
24
495 317 310 299 300 297 255 250 327 285 259 262 500 455 115 120 401 404 453 187 184 464 466 27
1 3600 653
15
533 479 323 177 174 267 270 275 261 256 394 398 490 167 170
1 3600 653
10
495 317 312 243 240 323 324 382 506 552
1 3600 653
20
160 389 390 165 166 491 247 149 152 549 145 138 518 545 89 85 67 53 56 562
1 3600 653
14
219 220 491 247 248 345 342 551 549 145 138 516 87 85
1 3600 653
19
160 408 295 109 110 447 171 166 491 247 149 152 549 145 138 518 545 89 17
1 3600 653
16
330 307 304 147 150 200 232 326 123 126 296 423 13 10 443 444
1 3600 653
18
163 160 389 386 428 491 247 248 345 342 305 33 36 70 320 361 358 406
1 3600 653
13
390 165 166 491 247 149 146 551 463 141 138 518 155
1 3600 653
12
428 491 247 248 345 342 551 549 145 138 516 87
1 3600 653
24
160 408 424 185 186 452 405 117 114 454 501 263 260 274 271 266 175 176 322 241 242 313 316 496
1 3600 49
28
159 160 408 424 185 186 452 405 400 121 114 454 501 397 257 258 195 192 236 199 151 146 305 306 35 36 41 42
1 3600 49
17
160 389 386 428 491 247 149 146 305 33 36 41 44 58 134 129 132
1 3600 97
18
159 160 408 295 109 110 459 165 166 491 399 265 235 231 201 151 152 549
1 3600 242
15
163 160 389 390 165 168 454 501 263 258 284 326 123 126 296
1 3600 653
12
309 304 147 150 200 232 326 123 124 215 216 486
1 3600 653
16
219 220 491 399 395 257 260 274 271 266 355 181 176 322 478 532
1 3600 89
7
307 304 147 148 246 490 221
1 3600 42
4
307 304 343 344
1 3600 42
12
331 332 309 304 343 344 249 244 237 193 194 284
1 3600 186
17
159 160 408 295 183 186 452 405 117 114 454 501 397 257 260 272 282
1 3600 653
15
390 165 168 454 501 263 260 274 271 266 356 508 546 385 380
1 3600 41
6
163 160 408 426 27 24
1 3600 86
5
390 458 489 405 400
1 3600 435
16
386 428 491 399 395 257 260 272 282 271 266 356 510 512 514 552
1 3600 653
15
258 284 326 251 252 141 138 518 91 94 101 63 64 416 562
1 3600 653
9
551 463 141 138 518 545 89 17 20
1 3600 653
16
193 196 232 326 123 126 296 423 13 5 2 432 437 438 539 534
1 3600 653
8
152 463 253 254 296 423 13 10
1 3600 653
18
258 195 192 236 199 151 146 305 308 333 330 35 36 70 320 361 358 406
1 3600 502
7
551 549 145 138 518 91 94
1 3600 326
9
398 247 149 152 463 141 138 518 545
1 3600 653
14
344 249 244 237 193 194 259 260 272 280 286 322 241 242
1 3600 56
15
192 236 245 248 345 342 305 33 36 41 44 58 134 129 132
1 3600 65
7
247 248 345 342 551 549 145
1 3600 65
6
235 231 201 151 152 549
1 3600 54
6
196 232 326 123 124 481
1 3600 435
6
200 232 289 286 322 478
1 3600 653
16
147 148 244 237 193 194 259 260 274 271 266 175 176 322 478 532
1 3600 48
5
148 246 490 429 223
1 3600 48
15
259 256 396 500 455 115 116 404 453 187 184 425 409 161 162
1 3600 59
12
237 193 194 259 260 274 271 266 355 353 179 176
1 3600 59
9
237 193 194 259 260 274 271 266 355
1 3600 59
8
235 193 194 259 260 274 271 266
1 3600 653
8
147 150 200 232 289 286 324 380
1 3600 94
7
490 167 170 446 111 108 294
1 3600 57
4
234 264 398 490
1 3600 57
10
399 395 257 260 272 282 271 266 356 510
1 3600 96
6
196 232 289 286 324 382
1 3600 653
13
268 288 326 251 252 141 138 516 87 85 67 53 56
1 3600 653
15
178 350 357 267 268 288 326 251 252 141 138 516 87 85 82
1 3600 653
12
272 280 288 326 123 126 296 423 13 14 434 438
1 3600 653
16
181 176 322 241 238 227 79 74 190 300 423 13 10 443 444 448
1 3600 653
16
261 258 195 192 236 199 151 152 463 141 138 518 155 156 101 98
1 3600 653
13
267 268 288 233 201 151 146 551 549 145 138 518 91
1 3600 251
10
280 288 326 251 254 296 423 13 5 8
1 3600 384
5
175 176 322 241 242
1 3600 225
19
509 357 267 270 283 273 261 258 195 192 236 245 149 146 305 33 36 70 318
1 3600 88
6
280 288 326 251 252 141
1 3600 43
6
288 326 123 124 205 208
1 3600 43
3
322 477 123
1 3600 118
8
274 271 266 355 181 176 322 241
1 3600 653
3
322 478 532
1 3600 210
8
273 261 256 394 398 490 221 224
1 3600 57
12
509 357 267 270 275 261 258 195 192 236 245 248
1 3600 57
8
325 287 288 233 201 151 146 343
1 3600 57
8
325 287 288 233 201 151 146 305
1 3600 65
4
266 175 176 322
1 3600 148
5
350 508 546 385 380
1 3600 384
12
273 261 262 500 455 115 120 401 404 453 187 182
1 3600 77
7
477 327 285 259 256 396 500
1 3600 38
6
266 356 510 512 514 552
1 3600 653
15
381 325 322 477 251 254 143 138 518 155 156 101 63 64 414
1 3600 653
18
381 325 322 241 238 227 79 74 190 300 423 13 5 6 411 19 20 328
1 3600 653
14
381 325 322 241 238 227 79 74 190 300 423 13 5 6
1 3600 653
18
381 384 547 509 357 267 268 288 326 251 254 296 423 13 14 432 522 531
1 3600 653
25
381 384 547 509 357 267 270 275 261 258 195 192 236 245 149 146 305 306 35 36 70 320 361 358 406
1 3600 653
13
381 325 287 288 233 201 151 152 549 145 138 518 91
1 3600 653
8
381 325 322 477 123 126 296 423
1 3600 653
6
381 325 322 478 315 310
1 3600 653
22
381 384 547 509 357 267 270 275 261 258 195 192 236 245 248 345 342 305 33 38 51 46
1 3600 653
9
381 325 287 288 233 201 151 146 551
1 3600 142
8
381 325 322 241 238 211 212 216
1 3600 114
4
381 325 322 241
1 3600 653
5
381 325 322 478 532
1 3600 653
14
381 384 547 509 357 267 270 275 261 256 394 398 490 429
1 3600 408
11
381 384 547 509 351 352 354 267 270 275 261
1 3600 51
6
381 325 177 174 267 270
1 3600 653
13
381 325 287 281 273 261 262 500 455 169 164 458 111
1 3600 653
13
381 384 547 509 357 267 270 275 261 256 396 500 455
1 3600 251
4
381 382 369 367
1 3600 653
21
295 109 110 447 171 166 491 247 149 152 463 141 138 518 545 89 85 67 53 56 562
1 3600 653
25
31 26 467 465 185 186 452 488 447 171 166 491 247 248 345 342 551 549 145 138 516 87 17 20 69
1 3600 653
23
408 424 185 186 452 405 400 121 114 454 501 397 257 258 284 326 251 254 296 423 13 5 6
1 3600 653
23
29 26 467 465 185 186 452 405 117 114 454 501 263 258 284 326 123 126 296 423 13 5 2
1 3600 653
18
186 113 110 459 165 166 491 247 149 146 305 33 36 70 320 361 358 406
1 3600 653
21
25 26 427 295 109 110 447 171 166 491 247 248 345 342 551 463 141 138 518 155 156
1 3600 653
16
465 185 186 452 488 459 165 166 491 247 149 152 549 145 138 518
1 3600 653
16
110 447 171 168 454 501 397 257 258 284 326 251 254 296 430 311
1 3600 225
20
452 488 459 165 166 491 247 248 345 342 305 33 36 41 44 58 136 290 336 348
1 3600 466
15
29 26 427 295 109 110 447 171 166 491 247 149 152 463 141
1 3600 594
15
405 400 121 114 454 501 263 258 284 326 123 124 215 216 484
1 3600 653
17
109 110 459 165 166 491 399 265 235 231 232 326 123 124 215 216 486
1 3600 653
19
26 427 424 185 186 452 405 117 114 454 501 397 257 258 284 326 476 478 532
1 3600 112
3
389 386 223
1 3600 112
14
186 452 488 447 171 166 491 247 248 345 342 305 308 333
1 3600 112
10
389 386 428 491 247 149 146 305 308 333
1 3600 73
12
465 185 186 113 110 459 165 166 491 247 248 345
1 3600 311
17
469 465 185 186 452 405 400 121 114 454 501 263 260 272 280 286 322
1 3600 653
23
29 26 427 295 183 186 452 405 117 114 454 501 397 257 260 274 271 266 356 508 546 385 380
1 3600 115
7
389 390 165 168 115 116 402
1 3600 115
6
183 186 452 405 400 498
1 3600 115
9
31 26 427 295 109 110 447 171 168
1 3600 115
8
29 26 467 465 185 186 452 405
1 3600 311
21
427 295 109 110 459 165 166 491 399 395 257 260 274 271 266 356 510 512 514 363 366
1 3600 653
20
119 114 169 166 491 247 149 146 551 549 145 138 518 545 89 85 67 53 56 562
1 3600 653
19
457 169 166 491 399 265 235 236 199 151 152 463 141 138 516 87 17 20 328
1 3600 653
18
454 501 263 258 284 326 251 254 296 423 13 5 6 561 471 472 105 106
1 3600 653
14
454 501 397 257 258 284 326 251 254 296 423 13 14 432
1 3600 653
14
491 247 248 345 342 551 549 145 138 518 91 94 101 63
1 3600 653
12
169 166 491 247 149 152 463 141 138 518 155 93
1 3600 653
15
501 263 258 284 326 123 126 296 301 298 460 421 13 5 8
1 3600 653
17
403 400 121 114 454 501 397 257 260 272 280 286 322 241 242 313 316
1 3600 272
17
511 357 267 268 288 233 201 151 146 305 306 35 36 41 44 58 136
1 3600 311
10
447 171 166 491 247 149 146 551 549 145
1 3600 261
7
263 258 284 326 123 124 205
1 3600 653
14
454 501 397 257 260 274 271 266 355 353 179 176 322 478
1 3600 653
15
499 121 114 454 501 263 260 274 271 266 175 176 322 478 532
1 3600 88
3
167 164 391
1 3600 101
12
404 488 459 165 166 491 399 265 235 236 199 151
1 3600 101
8
505 501 397 257 258 195 196 201
1 3600 101
9
114 169 166 491 399 265 235 236 199
1 3600 101
9
263 258 195 192 231 201 151 146 305
1 3600 71
12
447 171 166 491 399 265 235 231 232 289 286 324
1 3600 653
14
505 501 397 257 260 272 282 271 266 356 508 546 385 380
1 3600 98
17
513 511 357 267 270 283 273 261 262 500 455 115 120 401 404 453 187
1 3600 98
6
404 453 187 184 425 409
1 3600 98
8
170 446 111 108 294 426 27 28
1 3600 83
3
455 115 118
1 3600 100
16
171 166 491 399 395 257 260 274 271 266 356 510 512 514 363 366
1 3600 100
3
514 363 364
1 3600 100
12
501 263 260 274 271 266 356 508 546 385 382 393
1 3600 653
17
392 383 325 322 477 251 252 141 138 518 545 89 85 67 53 56 562
1 3600 653
22
507 383 325 322 241 238 227 79 74 190 298 460 421 13 5 2 434 438 539 475 472 105
1 3600 653
19
383 325 322 241 238 211 203 206 77 74 190 300 423 13 5 6 561 471 472
1 3600 653
13
366 368 383 325 322 241 242 313 310 460 421 13 14
1 3600 653
22
362 515 513 511 351 352 354 267 268 288 233 201 151 152 463 141 138 518 155 156 101 98
1 3600 653
10
383 325 322 477 251 254 143 138 518 155
1 3600 653
12
392 383 325 322 478 315 310 460 421 13 5 8
1 3600 653
8
364 392 383 325 322 241 242 313
1 3600 594
25
367 362 515 513 511 357 267 270 275 261 258 195 192 236 199 151 146 305 33 36 41 44 58 136 290
1 3600 466
15
367 362 515 513 511 357 267 268 288 233 201 151 146 551 549
1 3600 217
7
383 325 287 288 326 123 126
1 3600 653
5
392 383 325 322 478
1 3600 653
8
366 370 392 383 325 322 478 532
1 3600 384
19
553 515 513 511 357 267 270 275 261 258 195 192 236 245 248 345 342 305 308
1 3600 74
6
368 383 325 287 288 233
1 3600 30
8
367 362 515 513 511 357 267 270
1 3600 594
3
392 383 380
1 3600 311
23
547 509 351 352 354 267 270 283 273 261 256 394 398 490 167 164 458 111 108 294 426 27 30
1 3600 29
15
365 362 515 513 511 357 267 270 275 261 262 500 455 115 120
1 3600 121
5
547 509 510 512 514
