87
1 3600 94
3
169 133 134
1 3600 94
3
14 132 168
1 3600 80
9
110 153 83 80 157 158 63 64 33
1 3600 80
11
131 126 123 124 154 158 107 108 189 184 208
1 3600 80
11
151 148 123 85 3 6 157 158 63 25 26
1 3600 80
9
6 157 158 63 64 173 53 50 208
1 3600 103
8
161 129 130 151 119 120 147 89
1 3600 82
6
11 5 8 69 72 78
1 3600 82
5
112 131 126 75 76
1 3600 82
5
2 84 71 66 99
1 3600 82
5
13 5 8 69 66
1 3600 82
4
153 83 84 124
1 3600 82
5
84 122 75 76 229
1 3600 57
8
133 134 83 80 157 158 179 43
1 3600 227
11
92 165 162 161 111 112 151 119 120 147 144
1 3600 175
10
157 155 125 71 66 223 217 201 61 58
1 3600 227
7
151 119 120 226 229 223 224
1 3600 52
6
24 62 159 156 7 4
1 3600 52
8
209 185 188 109 106 159 156 7
1 3600 52
10
32 65 62 159 156 81 82 135 136 21
1 3600 73
3
28 23 26
1 3600 227
10
27 22 29 30 170 177 174 222 99 96
1 3600 42
11
187 183 29 32 180 191 177 174 222 228 227
1 3600 47
3
24 64 173
1 3600 47
4
189 184 51 52
1 3600 227
9
209 51 49 46 215 197 59 60 202
1 3600 227
5
30 53 49 46 215
1 3600 227
5
106 179 43 46 230
1 3600 69
7
88 146 121 118 150 113 110
1 3600 227
10
103 97 94 216 175 176 171 31 28 182
1 3600 17
3
101 98 67
1 3600 227
6
90 101 98 223 175 176
1 3600 28
4
101 94 201 202
1 3600 80
5
103 97 94 201 61
1 3600 227
6
90 101 94 211 214 230
1 3600 47
5
125 122 127 128 160
1 3600 47
6
148 127 128 160 163 115
1 3600 47
6
159 155 125 122 149 150
1 3600 57
4
154 158 107 108
1 3600 58
4
76 229 99 100
1 3600 32
5
174 222 228 139 140
1 3600 47
4
98 223 224 47
1 3600 47
3
63 64 180
1 3600 47
8
141 138 77 73 68 154 158 63
1 3600 46
8
138 229 223 217 201 195 39 40
1 3600 56
7
69 66 223 217 211 197 59
1 3600 56
8
147 89 90 101 94 211 197 198
1 3600 56
5
94 201 61 58 198
1 3600 51
8
181 65 62 159 156 7 4 10
1 3600 51
5
190 181 33 28 182
1 3600 51
4
45 42 178 107
1 3600 227
7
170 177 174 217 95 100 91
1 3600 50
8
181 65 62 159 155 125 122 149
1 3600 50
6
181 65 62 159 155 69
1 3600 50
7
172 65 62 159 156 81 84
1 3600 50
4
205 191 177 174
1 3600 61
4
207 191 177 43
1 3600 227
10
191 171 53 49 46 215 197 193 39 34
1 3600 61
5
191 177 174 217 201
1 3600 42
4
55 49 46 230
1 3600 227
10
233 203 200 216 222 67 70 85 82 135
1 3600 227
12
37 38 192 196 214 47 48 52 172 65 25 26
1 3600 40
4
203 200 95 96
1 3600 38
8
233 203 200 95 96 102 146 141
1 3600 227
7
203 200 216 175 176 190 204
1 3600 55
5
233 203 195 39 40
1 3600 57
4
203 61 58 198
1 3600 57
6
145 103 97 94 211 212
1 3600 57
3
57 58 196
1 3600 227
6
105 97 98 223 224 230
1 3600 162
15
213 210 95 100 91 88 146 121 79 74 127 128 160 163 164
1 3600 227
5
216 175 176 171 31
1 3600 114
6
199 196 210 95 100 91
1 3600 29
6
219 213 214 225 222 67
1 3600 29
4
219 213 214 225
1 3600 61
3
216 175 176
1 3600 36
3
201 202 232
1 3600 36
8
199 59 60 200 95 96 102 144
1 3600 61
4
197 59 56 194
1 3600 35
3
213 214 230
1 3600 227
9
47 42 178 159 156 7 4 12 17
1 3600 227
5
47 48 50 185 186
1 3600 227
4
225 222 99 100
1 3600 53
7
231 225 222 99 100 91 86
1 3600 29
3
231 47 48
1 3600 207
5
215 197 193 39 34
1 3600 25
3
215 212 218
