261
1 3600 113
3
340 411 369
1 3600 83
4
371 368 406 565
1 3600 83
5
421 397 193 196 235
1 3600 83
13
340 421 418 565 455 269 270 322 488 492 499 491 225
1 3600 83
6
337 340 411 408 397 193
1 3600 255
19
510 597 598 613 415 111 112 523 524 521 379 380 507 343 117 114 497 492 500
1 3600 86
4
596 511 512 628
1 3600 86
3
599 596 633
1 3600 86
7
337 338 633 85 79 73 67
1 3600 85
7
2 338 597 594 199 204 459
1 3600 310
18
512 453 448 365 362 199 204 459 456 544 435 430 141 142 413 165 162 272
1 3600 255
14
613 610 363 364 285 286 255 57 52 401 404 43 44 462
1 3600 334
19
337 338 511 512 81 73 67 64 70 255 258 125 120 209 206 618 473 99 97
1 3600 434
14
368 408 397 398 237 238 27 28 518 526 528 580 331 332
1 3600 434
9
510 633 85 79 73 67 11 16 49
1 3600 434
19
597 594 199 204 253 245 242 345 346 485 482 620 625 623 549 546 469 466 159
1 3600 434
23
511 512 453 448 447 429 69 21 18 32 460 474 471 99 100 102 106 240 189 169 172 179 174
1 3600 219
8
271 268 454 564 407 369 370 598
1 3600 219
6
234 197 192 396 420 341
1 3600 219
4
409 369 370 598
1 3600 219
19
223 218 224 490 498 493 496 115 116 342 506 381 378 520 525 522 113 110 414
1 3600 219
7
327 324 396 409 410 341 338
1 3600 219
15
224 490 498 493 489 323 271 227 228 454 564 419 420 341 3
1 3600 219
7
192 396 409 369 370 598 613
1 3600 219
8
227 230 239 236 399 396 409 410
1 3600 214
8
238 231 226 270 322 488 496 115
1 3600 214
11
601 507 504 609 569 566 141 142 519 29 24
1 3600 214
11
118 232 276 290 297 300 514 604 501 499 491
1 3600 214
4
237 238 231 226
1 3600 212
13
616 235 238 27 24 269 270 322 488 496 389 351 354
1 3600 212
12
615 616 235 238 231 226 270 322 488 496 383 89
1 3600 212
3
498 493 489
1 3600 212
8
196 235 238 27 24 269 270 318
1 3600 212
7
616 235 238 231 226 270 318
1 3600 212
6
322 488 496 389 351 352
1 3600 212
8
379 380 507 343 117 114 497 489
1 3600 212
7
231 228 269 270 322 488 492
1 3600 212
16
396 418 565 455 25 28 518 413 291 277 233 119 114 383 89 90
1 3600 173
7
369 370 598 613 610 363 364
1 3600 173
24
223 218 224 490 498 500 605 515 301 296 412 143 140 431 434 545 457 293 294 257 254 71 65 66
1 3600 173
13
558 564 407 369 370 594 363 364 449 83 79 73 74
1 3600 208
13
369 370 598 613 415 111 112 523 201 204 459 249 244
1 3600 208
10
498 493 496 115 116 342 506 600 203 198
1 3600 208
4
203 204 459 293
1 3600 208
12
271 268 25 28 518 143 140 567 568 606 571 545
1 3600 208
16
498 500 605 515 281 275 163 164 412 143 144 530 395 390 438 550
1 3600 208
13
396 409 369 370 598 613 610 199 204 253 250 533 534
1 3600 208
20
558 455 229 230 27 28 518 143 140 431 432 436 444 576 619 553 487 484 347 344
1 3600 208
12
564 419 409 369 370 594 199 204 459 456 243 246
1 3600 183
14
221 218 224 490 498 500 605 515 301 296 412 526 528 580
1 3600 183
12
615 616 235 238 27 28 518 526 530 538 589 586
1 3600 183
4
27 28 518 143
1 3600 271
14
195 192 396 420 341 338 511 512 81 73 67 64 70 255
1 3600 197
23
399 396 409 369 370 598 613 415 111 112 523 524 521 379 380 507 504 609 606 571 551 548 622
1 3600 434
16
490 498 500 605 515 281 275 163 164 412 143 144 528 582 543 335
1 3600 434
15
414 610 199 204 459 456 345 348 127 122 372 43 44 462 478
1 3600 434
21
616 197 192 396 420 341 338 633 85 79 73 67 64 21 18 30 40 214 317 313 310
1 3600 434
21
409 406 565 455 229 226 270 322 488 496 115 116 342 504 609 133 130 422 432 436 440
1 3600 271
8
323 271 268 454 564 407 410 341
1 3600 155
8
357 350 388 497 492 499 491 225
1 3600 155
10
493 489 323 271 227 228 454 559 556 562
1 3600 155
13
319 322 488 496 115 116 342 506 381 378 520 525 522
1 3600 155
11
387 385 382 497 489 323 271 268 454 559 556
1 3600 155
9
91 88 382 497 492 499 491 225 219
1 3600 155
12
350 388 497 489 323 271 227 228 454 564 419 409
1 3600 155
5
353 350 388 115 116
1 3600 155
7
514 604 501 499 491 225 219
1 3600 92
4
488 496 383 89
1 3600 271
24
515 301 296 412 526 530 395 390 438 548 622 624 621 483 486 554 121 124 259 254 287 284 449 450
1 3600 158
7
496 115 116 342 504 609 606
1 3600 158
13
382 115 118 232 276 290 412 143 140 567 425 131 128
1 3600 168
6
495 496 115 116 342 502
1 3600 168
11
319 271 227 230 27 28 518 143 144 528 584
1 3600 168
9
281 275 163 164 412 143 140 567 568
1 3600 168
9
321 322 488 496 115 118 232 276 290
1 3600 168
10
492 500 605 515 301 296 412 526 528 580
1 3600 168
9
88 382 497 492 500 605 515 281 275
1 3600 434
20
321 271 268 25 28 518 143 140 431 434 551 546 576 579 135 138 626 475 461 45
1 3600 310
15
88 384 388 115 116 342 504 609 606 571 551 546 469 93 96
1 3600 434
6
518 526 530 538 543 335
1 3600 434
18
119 116 342 506 381 378 520 525 522 367 364 447 429 69 65 11 16 58
1 3600 434
16
517 301 298 167 164 412 143 144 530 395 390 436 444 469 93 94
1 3600 434
19
488 496 115 116 342 504 609 133 130 422 432 438 546 469 466 159 156 189 169
1 3600 109
7
449 452 513 510 339 3 4
1 3600 109
7
155 77 78 84 632 339 3
1 3600 109
4
632 339 3 8
1 3600 111
32
453 448 285 286 255 57 52 574 359 360 373 374 578 577 547 439 391 394 531 527 413 165 162 274 280 514 604 501 499 491 225 219
1 3600 111
5
448 365 362 611 415
1 3600 310
17
426 255 256 295 292 456 544 570 607 569 566 141 142 413 297 300 514
1 3600 120
3
77 78 84
1 3600 120
4
77 73 67 62
1 3600 126
8
63 64 68 428 446 365 366 523
1 3600 126
5
629 453 448 365 362
1 3600 126
14
426 255 57 54 125 126 265 266 482 620 625 623 549 550
1 3600 126
11
64 21 22 36 42 373 374 211 208 263 260
1 3600 126
11
289 286 255 256 295 292 458 205 202 601 507
1 3600 126
4
295 292 456 345
1 3600 161
15
255 258 125 120 555 552 618 577 445 437 391 392 542 583 584
1 3600 120
4
73 67 11 12
1 3600 120
5
71 21 18 32 462
1 3600 120
4
426 255 57 54
1 3600 120
4
426 255 57 52
1 3600 120
12
631 85 79 73 67 11 16 49 39 40 212 480
1 3600 125
10
286 255 258 125 120 555 487 482 620 625
1 3600 125
8
67 64 21 22 36 44 460 474
1 3600 434
12
451 448 365 362 199 204 459 456 544 435 432 391
1 3600 394
5
73 67 11 16 58
1 3600 434
21
631 632 597 594 199 204 253 245 242 345 346 261 262 209 206 618 473 465 93 94 159
1 3600 434
24
81 73 67 64 70 255 57 52 401 404 43 44 462 213 214 109 106 161 156 189 169 172 179 176
1 3600 101
8
247 248 458 205 198 595 596 339
1 3600 46
22
485 482 620 625 623 549 439 433 430 141 142 413 165 162 274 280 514 604 501 499 491 225
1 3600 46
13
607 569 566 141 142 519 29 26 239 234 197 192 325
1 3600 85
13
366 523 524 521 379 380 507 343 117 114 389 351 354
1 3600 59
6
248 293 294 257 254 287
1 3600 59
9
294 257 254 71 65 66 72 78 84
1 3600 59
11
535 532 251 252 205 198 363 364 449 83 79
1 3600 73
9
506 381 378 520 525 201 204 459 456
1 3600 62
5
129 132 608 505 502
1 3600 62
9
247 242 544 435 430 141 142 413 297
1 3600 62
16
242 345 348 265 266 486 552 207 210 578 577 445 437 391 394 536
1 3600 66
9
204 459 456 345 348 127 124 55 56
1 3600 52
5
245 242 345 346 261
1 3600 52
3
242 544 551
1 3600 131
20
459 456 345 346 261 262 209 206 618 473 99 100 104 159 156 189 169 170 185 186
1 3600 434
10
364 447 429 69 21 18 30 40 214 317
1 3600 362
10
504 609 606 571 551 546 469 466 159 160
1 3600 434
19
346 485 486 552 207 210 135 138 626 471 99 100 102 106 240 189 169 172 179
1 3600 362
22
580 588 543 393 390 436 444 576 579 375 372 361 358 35 23 20 65 66 72 80 513 510
1 3600 113
9
277 233 119 116 342 506 600 377 378
1 3600 113
7
527 519 29 26 239 234 617
1 3600 160
3
273 274 280
1 3600 160
11
583 529 145 142 413 291 277 233 119 114 497
1 3600 160
6
505 343 117 114 389 351
1 3600 160
8
299 296 291 277 233 119 114 383
1 3600 160
8
529 527 519 29 24 269 270 322
1 3600 155
16
164 412 143 140 431 434 545 457 458 205 198 611 612 599 596 633
1 3600 151
11
290 412 143 140 431 423 131 128 571 545 457
1 3600 151
11
291 277 233 119 116 342 506 381 378 520 525
1 3600 151
19
331 332 334 393 390 438 548 622 624 621 483 267 264 349 344 457 458 205 198
1 3600 151
13
273 163 164 291 277 233 119 116 342 506 600 203 198
1 3600 151
6
145 140 567 568 608 505
1 3600 151
9
163 166 299 296 412 143 140 431 434
1 3600 151
10
164 412 143 140 567 425 131 128 571 545
1 3600 129
4
537 531 527 413
1 3600 129
9
273 163 166 299 296 412 526 528 584
1 3600 240
20
167 164 412 526 530 395 390 438 548 622 624 621 483 267 262 121 124 403 400 572
1 3600 127
17
166 299 296 412 143 144 530 395 390 438 548 622 624 621 483 267 264
1 3600 127
8
543 393 390 436 444 469 464 470
1 3600 144
5
580 331 332 334 540
1 3600 144
8
609 133 130 422 432 391 392 335
1 3600 144
4
538 543 335 333
1 3600 434
18
412 143 140 431 432 436 444 469 93 94 105 102 108 215 41 38 48 60
1 3600 434
10
530 395 390 438 546 576 473 99 100 102
1 3600 434
12
568 606 571 551 546 469 466 159 156 189 169 170
1 3600 310
14
405 400 53 56 254 71 65 66 72 80 513 510 339 336
1 3600 255
12
45 42 373 123 126 349 344 457 458 205 202 377
1 3600 434
17
19 20 68 428 446 365 362 595 371 368 406 565 455 229 226 270 320
1 3600 94
6
481 463 33 19 20 65
1 3600 94
9
30 38 48 17 10 66 72 76 154
1 3600 94
10
575 53 56 254 71 65 66 72 78 84
1 3600 94
6
13 10 64 70 255 256
1 3600 69
5
401 402 125 126 349
1 3600 240
11
373 374 578 577 547 439 433 430 141 142 413
1 3600 62
8
574 35 23 18 30 38 48 17
1 3600 96
10
359 360 373 374 211 208 263 266 482 620
1 3600 96
7
54 403 404 43 44 460 147
1 3600 96
3
44 460 147
1 3600 96
6
125 120 555 487 482 620
1 3600 96
5
463 460 147 137 138
1 3600 310
13
481 478 109 103 104 467 468 445 437 391 392 335 333
1 3600 96
7
404 43 44 462 213 41 38
1 3600 96
10
57 52 574 35 23 18 30 38 48 60
1 3600 103
12
36 44 462 478 109 106 240 189 169 172 182 302
1 3600 434
12
373 374 135 138 626 471 465 93 94 159 156 189
1 3600 434
11
134 375 123 124 259 254 287 284 449 452 513
1 3600 188
22
624 621 483 484 347 344 243 244 252 205 200 522 113 110 414 612 599 371 368 408 418 603
1 3600 362
9
547 550 570 607 608 505 343 117 118
1 3600 122
14
464 470 627 139 136 146 461 33 19 20 65 66 72 80
1 3600 122
13
619 553 554 121 124 55 56 254 427 289 284 449 452
1 3600 109
8
211 208 263 260 347 344 457 293
1 3600 109
10
576 619 553 487 484 347 344 457 458 205
1 3600 109
5
624 621 483 267 260
1 3600 109
8
139 134 375 123 126 349 344 243
1 3600 129
10
577 547 439 433 430 141 142 413 165 162
1 3600 129
17
138 626 471 465 468 445 437 391 394 531 527 413 297 298 167 162 272
1 3600 135
5
554 121 122 372 405
1 3600 135
14
262 209 210 135 136 146 461 462 213 41 38 48 17 14
1 3600 135
7
579 135 138 626 475 461 462
1 3600 135
7
555 552 207 210 375 372 361
1 3600 135
5
472 579 375 372 405
1 3600 135
5
372 361 358 575 572
1 3600 135
4
98 470 475 461
1 3600 127
9
533 247 242 345 348 265 266 482 620
1 3600 127
5
265 266 486 552 618
1 3600 112
14
486 552 618 473 99 97 94 159 156 189 169 170 185 186
1 3600 112
7
92 468 547 439 391 392 335
1 3600 112
9
620 625 623 549 439 391 392 335 333
1 3600 124
8
124 403 404 43 44 462 213 216
1 3600 120
14
554 209 206 618 473 99 100 102 106 240 189 169 172 182
1 3600 120
11
374 578 473 465 466 159 156 189 169 172 182
1 3600 120
8
206 618 473 99 100 102 106 240
1 3600 127
13
149 146 474 471 99 97 94 159 156 189 169 172 179
1 3600 434
18
393 390 433 423 131 132 608 505 506 381 378 520 525 522 113 110 414 612
1 3600 334
9
330 581 529 145 142 519 29 24 454
1 3600 362
13
437 433 423 424 568 608 505 343 117 114 389 351 354
1 3600 334
11
334 393 390 433 434 545 457 293 294 257 254
1 3600 96
21
187 184 171 168 188 241 107 103 101 98 472 619 207 208 263 260 347 344 457 458 205
1 3600 34
4
334 542 539 531
1 3600 216
15
334 393 390 438 548 622 624 621 483 267 264 127 124 403 400
1 3600 53
6
444 576 579 135 136 148
1 3600 53
13
187 184 171 168 188 157 158 95 96 98 472 619 207
1 3600 166
14
541 393 390 436 444 469 466 159 156 189 169 170 185 186
1 3600 434
11
334 393 390 436 444 469 93 94 105 102 108
1 3600 139
9
541 393 390 438 546 469 466 105 102
1 3600 67
5
541 393 390 436 440
1 3600 434
11
48 17 10 66 72 78 82 452 513 510 339
1 3600 434
15
17 10 64 68 428 446 365 362 595 371 368 408 397 193 196
1 3600 434
18
316 109 103 104 467 468 547 550 570 607 569 566 141 142 413 297 300 516
1 3600 271
10
214 479 463 45 37 34 575 53 56 256
1 3600 434
11
51 39 31 32 45 42 405 402 125 126 349
1 3600 434
21
61 49 39 40 212 463 460 147 137 134 578 577 445 437 433 430 141 142 413 165 162
1 3600 101
10
61 49 39 31 19 22 34 575 401 402
1 3600 101
6
217 214 479 463 45 37
1 3600 101
6
61 49 39 40 212 480
1 3600 87
9
61 49 39 31 19 22 36 42 373
1 3600 434
15
39 40 214 109 103 104 95 92 468 445 437 391 392 335 333
1 3600 173
4
41 38 48 60
1 3600 86
12
47 39 40 214 109 106 240 189 169 172 182 306
1 3600 86
7
31 32 460 474 471 99 100
1 3600 434
13
51 39 40 214 109 106 161 156 189 169 172 179 176
1 3600 434
23
307 183 173 168 188 157 158 467 464 472 619 553 487 484 347 344 457 458 205 198 611 612 599
1 3600 434
22
309 312 316 479 463 33 19 20 68 428 446 365 362 595 371 368 408 397 193 194 237 234
1 3600 434
15
161 158 95 92 468 547 550 570 607 608 505 343 117 114 497
1 3600 334
13
105 101 98 472 619 553 554 121 124 259 254 71 65
1 3600 289
11
311 312 316 479 463 45 42 373 123 126 349
1 3600 362
11
157 158 467 468 547 550 570 607 608 505 502
1 3600 79
15
307 183 173 168 188 241 107 108 215 212 463 45 42 405 402
1 3600 92
3
103 101 98
1 3600 92
10
312 316 479 463 45 42 405 402 125 126
1 3600 92
15
309 312 316 215 212 463 460 147 137 134 211 208 263 266 482
1 3600 155
12
305 183 173 168 188 157 158 95 92 468 547 439
1 3600 95
6
102 108 215 41 38 46
1 3600 95
6
312 316 215 41 38 48
1 3600 131
7
307 183 173 168 188 241 107
1 3600 96
7
104 159 156 189 169 170 185
1 3600 96
3
307 183 179
1 3600 434
16
441 437 433 434 545 243 244 252 205 198 611 612 599 596 339 3
1 3600 434
19
168 188 157 158 95 96 98 472 619 553 487 484 347 344 457 458 205 200 524
1 3600 434
14
441 437 433 423 131 132 608 505 343 117 114 383 89 90
1 3600 434
21
184 171 168 188 241 107 103 101 98 470 627 139 134 375 123 124 55 56 254 287 284
1 3600 434
4
443 444 547 550
1 3600 289
12
178 173 168 188 157 158 467 468 445 437 391 394
1 3600 334
14
173 168 188 157 158 95 92 464 472 619 207 208 121 124
1 3600 88
10
191 188 241 107 103 101 98 470 627 139
1 3600 131
12
441 444 469 93 94 159 156 189 169 170 185 186
1 3600 131
6
175 178 173 170 185 186
1 3600 434
8
171 168 188 157 160 107 108 215
1 3600 130
9
173 168 188 241 107 108 317 313 308
1 3600 130
4
171 172 182 306
1 3600 130
11
175 178 173 168 188 157 160 107 108 317 313
1 3600 173
8
441 444 469 466 159 156 189 169
