426
1 3600 356
3
86 260 276
1 3600 594
7
84 90 381 373 370 315 299
1 3600 594
6
80 466 365 366 786 557
1 3600 594
9
76 82 377 373 368 361 356 767 762
1 3600 594
14
277 261 262 93 88 98 815 813 65 62 328 781 778 786
1 3600 594
6
466 365 359 356 767 764
1 3600 594
10
290 79 80 466 526 369 370 315 318 297
1 3600 1018
11
381 373 370 315 316 363 356 767 549 407 391
1 3600 1425
31
277 274 374 249 244 95 96 178 893 817 813 331 334 57 9 4 717 718 730 233 230 338 422 432 525 479 476 496 509 510 520
1 3600 1425
20
372 378 813 65 62 328 769 337 338 387 384 389 394 500 506 590 668 820 687 688
1 3600 1425
32
274 271 257 241 236 912 923 115 112 755 749 744 53 11 14 793 788 201 202 312 409 401 398 491 488 552 600 614 624 643 640 696
1 3600 514
3
249 250 911
1 3600 514
7
369 370 542 812 814 99 94
1 3600 514
8
723 724 91 88 96 101 106 192
1 3600 514
9
467 464 377 378 816 892 179 176 908
1 3600 548
15
259 87 82 465 466 526 361 362 295 292 213 214 718 732 709
1 3600 548
24
273 261 262 375 271 247 250 243 240 254 266 349 109 110 753 749 742 39 40 37 17 13 14 844
1 3600 1295
10
466 365 366 779 780 769 235 232 227 228
1 3600 1425
13
365 366 786 557 419 405 383 386 424 429 430 446 484
1 3600 1425
31
274 374 249 244 909 907 195 107 104 861 755 311 308 167 163 160 904 914 916 919 137 132 140 155 156 463 456 551 554 558 614
1 3600 1425
32
373 370 315 318 67 59 55 51 11 12 18 937 935 27 32 322 757 437 415 416 145 142 469 459 456 613 605 602 622 69 72 149
1 3600 1425
7
262 375 271 257 254 266 351
1 3600 1425
13
564 259 87 84 88 98 815 813 331 334 747 748 311
1 3600 1425
27
563 289 290 79 76 84 90 381 373 370 542 331 334 61 55 9 4 197 185 186 211 206 312 854 439 415 416
1 3600 1425
34
277 274 271 247 250 243 238 929 923 115 110 753 749 742 803 798 889 886 771 774 23 24 301 304 137 132 140 155 156 473 459 456 613 610
1 3600 1425
20
368 361 356 767 764 547 407 391 388 440 524 455 450 492 569 570 578 601 602 620
1 3600 1425
34
374 93 90 381 373 370 315 316 363 356 767 549 544 419 420 442 516 522 587 584 666 659 660 851 675 672 699 695 679 680 151 152 710 728
1 3600 180
8
362 317 314 371 372 380 91 92
1 3600 180
6
298 314 371 372 376 83
1 3600 459
3
359 362 295
1 3600 128
8
292 328 769 337 338 422 434 385
1 3600 750
9
356 767 764 547 407 391 394 502 475
1 3600 1425
14
358 366 786 557 419 420 442 505 500 508 514 616 658 668
1 3600 1425
14
549 407 383 384 440 479 476 498 574 661 656 691 692 840
1 3600 296
11
318 67 64 812 816 807 808 105 106 194 906
1 3600 138
6
763 766 780 721 716 5
1 3600 407
7
545 548 766 780 769 235 230
1 3600 1295
11
547 407 391 388 435 432 455 450 492 569 570
1 3600 1425
23
362 295 292 213 214 718 732 221 222 209 206 312 409 401 398 491 488 552 602 620 634 533 528
1 3600 1425
21
547 544 419 420 442 516 522 598 606 593 588 573 576 580 645 642 648 75 70 726 862
1 3600 1425
17
556 787 779 780 769 735 719 215 7 2 10 52 745 748 752 859 117
1 3600 1425
9
765 766 780 721 716 197 198 790 773
1 3600 1425
15
292 213 214 718 732 181 182 796 795 785 782 303 29 32 322
1 3600 1425
23
318 67 59 55 51 47 45 37 17 18 937 935 27 32 322 757 437 415 416 145 142 469 472
1 3600 1425
19
292 328 769 735 730 227 224 338 422 427 430 446 484 555 552 602 620 634 636
1 3600 1425
21
767 549 407 391 394 502 512 497 498 574 653 654 703 700 738 835 832 727 151 152 714
1 3600 838
12
546 765 766 357 360 527 467 81 78 291 273 261
1 3600 116
4
385 382 406 546
1 3600 594
3
420 393 388
1 3600 195
3
442 516 522
1 3600 195
8
407 383 384 440 479 474 512 514
1 3600 838
8
394 500 506 590 668 820 824 847
1 3600 1425
16
435 432 455 450 492 569 570 580 654 930 927 673 670 683 684 924
1 3600 1096
17
405 383 386 339 336 768 329 63 64 812 814 880 179 101 102 190 928
1 3600 324
7
548 766 780 721 215 7 2
1 3600 206
4
391 388 440 524
1 3600 407
7
435 427 430 446 484 558 601
1 3600 1425
9
394 500 508 497 495 483 484 558 614
1 3600 1425
16
404 420 442 516 511 506 588 616 656 691 671 676 838 741 738 835
1 3600 1425
17
548 766 357 362 317 314 542 812 816 807 808 861 113 108 347 342 900
1 3600 1425
17
390 383 386 424 411 408 313 31 26 934 936 19 16 34 888 799 804
1 3600 1425
12
544 419 420 393 388 435 427 397 402 416 145 146
1 3600 1425
7
440 479 453 449 444 471 468
1 3600 1425
13
479 476 498 574 653 645 642 646 69 72 354 537 534
1 3600 1425
16
386 424 429 397 398 491 488 552 602 618 651 69 72 352 704 728
1 3600 1425
18
572 589 592 607 599 523 517 443 421 418 556 787 367 364 467 81 78 565
1 3600 838
14
501 502 475 453 454 433 423 339 231 234 768 329 293 294
1 3600 353
8
582 593 588 573 499 477 478 441
1 3600 353
5
582 593 507 501 395
1 3600 353
6
523 511 508 513 475 478
1 3600 347
6
496 514 589 592 607 599
1 3600 333
9
522 598 606 583 584 666 668 820 826
1 3600 333
6
512 514 616 656 825 826
1 3600 333
8
517 505 500 506 590 668 820 687
1 3600 333
3
522 587 584
1 3600 792
9
508 497 498 574 851 675 676 838 866
1 3600 1425
25
501 502 475 476 495 483 486 461 462 157 154 141 133 136 918 917 915 905 161 162 166 175 172 858 111
1 3600 891
20
588 573 576 571 561 485 447 431 428 411 408 313 203 200 789 792 15 10 52 829
1 3600 375
12
582 593 588 515 497 495 451 454 433 423 339 225
1 3600 320
5
477 453 449 444 491
1 3600 320
9
502 512 497 495 492 569 561 555 552
1 3600 432
15
514 616 660 851 848 931 703 695 679 680 151 148 354 540 596
1 3600 1425
8
590 659 660 653 645 640 696 835
1 3600 1425
31
521 511 508 513 475 453 449 446 486 490 399 400 412 439 436 756 323 33 28 300 25 22 775 770 887 890 801 804 161 158 171
1 3600 1425
19
476 495 483 447 444 471 468 143 144 417 414 135 136 305 302 783 784 775 770
1 3600 1425
18
576 578 601 553 550 457 458 468 143 144 417 414 436 756 323 326 305 302
1 3600 1425
9
606 593 588 573 576 578 601 604 610
1 3600 1425
20
521 522 598 606 583 584 666 659 656 847 848 927 699 695 679 75 72 352 706 857
1 3600 1425
16
505 502 475 453 450 492 569 570 580 645 642 648 680 151 152 712
1 3600 1425
19
686 821 669 591 507 501 504 443 421 418 556 787 367 364 467 464 83 86 260
1 3600 1425
14
846 657 617 515 513 503 395 390 406 546 765 766 357 362
1 3600 1018
10
671 674 850 575 499 477 478 441 385 382
1 3600 414
4
667 585 582 607
1 3600 414
3
591 507 508
1 3600 414
6
655 652 661 658 667 585
1 3600 414
10
581 571 568 493 451 452 474 503 504 518
1 3600 414
4
823 669 667 585
1 3600 356
7
665 666 668 820 824 847 848
1 3600 367
7
666 659 660 851 675 672 699
1 3600 367
9
819 820 687 682 692 842 869 866 627
1 3600 367
3
691 671 672
1 3600 367
9
823 820 687 684 875 876 869 741 738
1 3600 1425
25
653 645 642 625 615 559 555 489 490 399 400 408 313 207 210 187 184 196 5 8 56 335 330 812 816
1 3600 1425
20
682 690 847 848 931 655 581 571 568 493 451 454 433 423 339 225 226 731 719 716
1 3600 1295
23
689 684 841 837 677 672 699 695 679 649 646 623 603 553 489 490 399 400 412 855 313 207 208
1 3600 347
6
850 575 576 578 559 555
1 3600 407
12
847 848 931 703 695 679 75 72 352 639 533 530
1 3600 407
8
669 659 660 653 645 642 646 650
1 3600 432
15
666 659 656 691 692 837 838 866 627 628 831 832 727 151 148
1 3600 1425
23
824 657 617 573 576 571 561 485 447 431 397 402 139 133 136 918 917 915 905 161 162 164 129
1 3600 1425
22
655 645 642 646 650 619 603 604 612 457 462 157 154 141 138 414 436 756 323 33 26 21
1 3600 1425
18
682 671 672 699 695 641 642 625 615 559 485 486 461 458 468 143 144 417
1 3600 1425
13
676 838 741 738 835 832 727 71 68 623 603 604 608
1 3600 1425
10
848 927 699 695 679 75 72 354 538 857
1 3600 1425
8
672 699 695 679 680 151 152 710
1 3600 1425
21
939 867 839 836 693 690 657 617 515 509 501 395 390 406 548 766 357 360 369 372 376
1 3600 1425
19
871 874 685 686 821 669 591 592 607 599 523 517 443 421 418 556 787 367 359
1 3600 1425
15
896 895 843 837 677 674 850 575 499 477 478 441 389 392 421
1 3600 750
11
868 877 874 685 686 821 669 667 585 582 607
1 3600 525
9
697 694 698 926 849 846 825 821 822
1 3600 525
8
737 701 702 930 849 846 825 826
1 3600 525
8
867 839 836 693 690 825 821 822
1 3600 525
4
693 683 686 821
1 3600 525
6
843 840 685 686 821 822
1 3600 525
6
630 697 641 644 652 661
1 3600 407
5
899 895 869 741 736
1 3600 1425
32
926 931 655 581 571 568 493 451 454 433 423 339 231 232 219 220 181 182 789 790 19 16 36 41 38 743 748 754 113 114 751 267
1 3600 1425
17
895 869 741 738 697 679 649 625 615 559 485 447 431 428 425 339 231
1 3600 1425
15
737 738 835 832 727 71 68 650 619 603 553 489 490 399 400
1 3600 1187
10
876 869 839 677 674 850 575 499 495 483
1 3600 459
8
695 679 75 72 354 537 529 530
1 3600 425
4
627 628 831 832
1 3600 425
4
699 695 679 680
1 3600 1425
29
926 931 655 581 571 568 493 451 449 431 428 411 408 313 203 200 789 792 15 10 52 745 748 311 308 481 169 170 129
1 3600 1425
24
677 670 690 657 617 515 497 477 478 441 385 386 339 225 228 320 217 187 184 198 788 796 936 773
1 3600 1425
12
701 702 655 581 578 601 553 550 457 458 468 143
1 3600 1425
14
925 841 837 677 674 850 575 499 477 453 449 444 471 468
1 3600 1425
10
939 627 628 831 832 727 151 148 352 639
1 3600 1425
11
841 842 869 741 738 835 832 727 151 152 714
1 3600 587
4
817 379 380 725
1 3600 587
9
253 241 242 911 177 97 89 90 725
1 3600 587
10
330 812 814 99 94 245 246 270 275 272
1 3600 587
5
195 107 100 97 89
1 3600 375
7
95 98 815 813 65 66 297
1 3600 1425
25
351 345 340 119 116 307 310 749 744 53 11 14 793 788 201 202 312 409 410 429 426 434 385 382 404
1 3600 1425
28
195 107 104 861 755 749 742 803 800 891 886 771 774 23 24 301 304 137 132 140 155 156 463 460 487 482 494 477
1 3600 1425
34
861 113 110 859 173 174 167 163 160 904 914 916 919 327 322 757 437 415 416 145 142 469 470 491 488 554 558 614 624 643 644 654 930 849
1 3600 1425
25
334 57 9 4 197 185 186 205 202 312 854 413 401 398 445 446 484 558 614 624 648 678 696 739 740
1 3600 491
10
247 244 909 177 178 893 817 813 331 334
1 3600 491
3
247 250 911
1 3600 695
23
909 910 243 240 254 266 351 283 280 123 124 170 159 160 805 802 39 42 49 46 11 14 844
1 3600 695
6
101 104 861 755 749 744
1 3600 695
10
95 98 815 813 65 62 213 7 4 197
1 3600 695
15
236 912 923 115 110 753 749 742 39 40 37 17 18 937 797
1 3600 695
13
96 178 879 811 806 817 813 65 62 328 769 235 232
1 3600 695
8
95 98 815 813 543 315 299 292
1 3600 695
9
334 61 55 51 11 14 793 788 201
1 3600 695
12
254 266 349 347 340 119 116 307 310 749 744 829
1 3600 695
19
347 340 119 120 124 170 159 160 805 798 889 886 771 772 791 199 185 180 709
1 3600 695
6
57 9 4 197 185 182
1 3600 695
3
61 58 62
1 3600 695
8
266 750 115 112 755 749 744 829
1 3600 678
21
243 240 254 266 351 283 280 123 126 174 167 163 160 904 914 916 919 137 134 415 403
1 3600 1425
12
893 817 813 65 62 328 769 337 338 424 429 430
1 3600 1425
24
747 742 803 800 891 886 771 774 785 782 303 304 137 132 140 155 156 473 459 456 613 605 602 618
1 3600 1425
26
109 110 753 749 744 53 47 45 37 17 18 937 935 27 30 312 409 401 398 491 488 552 602 622 647 648
1 3600 611
8
811 808 861 755 311 306 173 127
1 3600 611
8
101 106 189 190 923 751 267 268
1 3600 611
7
906 910 243 240 254 268 286
1 3600 647
18
265 266 351 345 340 119 120 124 170 165 163 160 805 798 889 886 771 774
1 3600 647
11
266 351 283 280 123 124 168 480 167 163 160
1 3600 1295
10
110 859 173 174 167 163 160 904 914 916
1 3600 1425
26
178 881 815 813 65 59 55 9 6 214 718 730 219 222 209 206 31 32 322 757 437 415 416 145 142 469
1 3600 1425
28
107 104 861 755 749 744 53 11 14 793 788 201 202 312 854 439 415 416 145 142 469 459 456 613 605 602 620 634
1 3600 1425
33
245 248 263 87 82 377 373 370 315 299 292 213 214 718 732 709 321 209 206 312 409 401 398 491 488 552 602 620 634 638 704 711 712
1 3600 309
18
204 216 708 733 719 215 212 293 296 319 314 371 372 380 91 92 263 260
1 3600 521
4
234 768 781 778
1 3600 521
7
708 733 719 720 329 293 294
1 3600 521
5
733 734 768 781 767
1 3600 445
10
211 208 229 224 338 387 384 389 392 421
1 3600 1018
12
27 30 312 409 401 396 426 432 455 452 476 498
1 3600 1425
15
221 218 233 230 338 422 432 455 450 492 569 570 580 654 930
1 3600 1425
18
321 229 224 338 422 432 455 450 492 569 570 580 654 703 700 740 868 894
1 3600 521
11
67 59 60 747 748 752 111 108 348 267 264
1 3600 521
10
731 719 716 5 8 56 747 748 754 113
1 3600 521
7
733 719 215 212 63 64 812
1 3600 521
16
217 205 200 789 792 15 10 52 745 748 754 860 105 100 176 908
1 3600 521
10
748 752 111 114 922 913 237 240 256 247
1 3600 521
19
845 15 12 16 36 41 38 743 748 311 306 117 118 341 344 350 267 255 252
1 3600 521
5
752 111 114 922 928
1 3600 521
9
731 734 768 329 63 64 812 814 99
1 3600 521
9
212 63 64 812 816 892 179 176 907
1 3600 483
7
187 184 196 5 8 54 58
1 3600 483
5
328 769 735 730 219
1 3600 470
9
721 718 732 181 186 211 206 312 409
1 3600 470
10
55 9 4 717 720 769 337 338 422 432
1 3600 470
11
742 39 40 37 17 18 937 935 27 30 312
1 3600 470
5
845 793 788 201 202
1 3600 470
18
742 803 800 891 886 771 774 23 24 301 304 327 322 757 437 438 413 410
1 3600 470
6
845 793 788 183 186 211
1 3600 619
8
235 230 338 422 427 430 446 486
1 3600 1425
25
213 7 2 12 18 937 795 785 782 303 304 137 132 140 155 156 463 456 613 605 602 620 634 533 530
1 3600 1425
15
230 338 424 429 430 446 484 558 614 624 643 640 696 631 628
1 3600 432
12
845 15 12 16 34 888 799 804 161 162 166 175
1 3600 455
5
43 38 803 804 161
1 3600 455
6
829 43 38 803 804 904
1 3600 455
9
55 51 47 45 37 34 886 771 776
1 3600 385
7
232 227 228 209 206 312 854
1 3600 1425
16
732 709 217 205 202 31 32 322 757 437 415 416 145 142 469 459
1 3600 1425
21
12 18 937 795 23 24 301 304 137 132 140 155 156 473 459 456 551 552 602 620 634
1 3600 1425
20
197 185 186 205 202 312 409 401 398 491 488 552 602 618 651 69 72 149 152 714
1 3600 1187
13
428 425 339 336 768 329 293 298 314 371 372 376 723
1 3600 432
11
313 207 208 223 218 233 234 768 781 767 764
1 3600 241
3
434 389 392
1 3600 356
8
229 224 338 387 384 440 479 476
1 3600 1187
8
429 430 448 450 494 498 572 616
1 3600 1425
15
229 224 338 422 432 525 479 476 498 574 851 675 676 838 866
1 3600 570
22
400 408 313 31 28 300 25 22 775 770 887 35 36 44 48 828 745 748 754 860 809 810
1 3600 199
6
433 423 339 336 768 329
1 3600 199
6
228 223 220 181 184 198
1 3600 199
9
412 855 313 203 204 216 708 733 734
1 3600 385
3
433 423 339
1 3600 167
7
338 422 427 430 446 484 558
1 3600 167
7
455 450 492 569 561 558 601
1 3600 891
8
397 398 491 488 552 602 618 932
1 3600 1425
20
209 206 31 32 322 757 437 415 416 145 142 469 459 456 613 605 602 622 69 70
1 3600 1425
16
427 428 411 401 402 139 133 136 918 917 915 905 161 158 129 130
1 3600 375
15
433 423 424 411 412 439 436 756 323 326 918 917 915 905 161
1 3600 209
7
225 228 209 206 31 28 300
1 3600 678
10
397 402 416 145 142 469 459 456 613 610
1 3600 1425
14
225 228 209 206 312 409 401 398 491 488 552 602 620 632
1 3600 1425
16
206 312 409 401 396 430 446 484 558 614 624 648 75 72 352 704
1 3600 1425
19
579 577 572 589 507 501 395 390 406 546 765 762 787 367 364 467 81 78 259
1 3600 1425
23
486 461 458 472 157 154 141 133 136 305 302 783 784 794 936 19 13 10 50 54 58 66 319
1 3600 491
8
568 493 494 496 509 510 517 443
1 3600 162
9
489 490 445 448 452 474 503 500 510
1 3600 347
8
491 487 482 494 496 509 506 590
1 3600 1295
8
579 580 654 703 700 740 866 938
1 3600 1425
21
454 525 441 385 382 406 548 766 357 360 369 372 378 816 807 808 105 106 192 237 240
1 3600 548
22
559 555 550 457 458 468 143 144 417 414 436 756 323 33 26 934 936 19 13 3 8 54
1 3600 175
9
483 447 444 399 400 408 313 207 208
1 3600 175
3
447 431 397
1 3600 339
3
571 561 485
1 3600 202
4
488 552 602 618
1 3600 202
8
552 602 620 634 636 535 529 530
1 3600 891
5
580 645 640 679 680
1 3600 1425
29
444 471 472 157 154 141 133 136 305 300 25 22 775 770 887 890 801 804 161 158 171 125 122 281 282 350 267 268 286
1 3600 1187
13
461 462 157 154 141 133 136 305 302 783 784 775 776
1 3600 432
8
449 446 486 490 471 468 143 144
1 3600 303
4
461 456 613 608
1 3600 838
15
492 569 570 578 614 624 646 69 70 151 148 352 706 857 637
1 3600 1425
8
614 624 648 680 151 152 710 728
1 3600 1425
21
603 553 489 490 399 400 408 313 203 200 789 199 196 5 8 54 60 335 330 543 371
1 3600 1425
14
643 644 652 661 658 591 592 583 586 523 517 443 421 418
1 3600 1425
15
531 532 635 621 603 600 579 577 572 515 513 503 395 390 406
1 3600 385
16
595 541 355 73 74 678 694 698 673 670 690 657 658 667 585 586
1 3600 183
7
933 651 647 643 644 652 851
1 3600 432
8
933 651 69 70 726 833 834 739
1 3600 1425
31
532 635 621 603 604 612 457 458 468 143 144 417 414 436 756 323 33 26 934 936 19 16 36 41 38 743 748 754 860 105 102
1 3600 1425
19
595 596 531 532 635 621 603 553 489 490 399 400 408 313 203 200 789 792 15
1 3600 838
15
595 541 355 149 150 681 649 625 615 559 560 568 493 451 454
1 3600 268
7
619 603 600 559 485 447 448
1 3600 268
10
528 534 856 707 353 73 68 647 625 615
1 3600 268
8
623 603 553 554 560 568 493 451
1 3600 475
9
595 541 537 534 637 635 621 618 932
1 3600 225
6
643 640 696 835 830 884
1 3600 225
4
69 70 726 833
1 3600 1425
26
596 531 532 635 621 603 604 612 457 462 157 154 141 133 136 918 917 915 905 161 162 164 171 125 122 281
1 3600 1425
20
619 603 604 612 457 458 468 143 144 417 414 436 756 323 33 26 21 22 775 770
1 3600 1425
17
536 355 149 150 681 649 625 615 559 485 447 431 428 411 412 439 436
1 3600 713
8
534 637 635 621 603 553 550 457
1 3600 419
5
541 538 857 637 635
1 3600 792
6
622 69 72 149 152 714
1 3600 1425
19
678 641 644 652 661 617 589 507 501 395 390 406 546 765 766 357 362 317 314
1 3600 1425
21
150 71 74 678 694 698 926 849 846 657 658 591 592 607 599 523 517 443 421 418 556
1 3600 1425
11
148 73 74 678 641 644 581 577 499 477 478
1 3600 1295
11
70 681 678 694 698 673 674 850 661 617 515
1 3600 395
6
150 681 678 694 702 655
1 3600 401
6
834 739 740 868 877 870
1 3600 401
3
885 629 626
1 3600 1425
18
68 647 625 615 559 485 447 431 428 425 339 336 768 329 63 64 812 814
1 3600 1425
14
641 644 581 571 561 555 489 490 399 400 408 313 31 26
1 3600 1425
15
629 630 739 701 702 930 849 850 575 499 477 478 441 435 423
1 3600 750
9
883 629 630 697 641 642 625 615 559
1 3600 339
6
863 727 71 68 650 932
1 3600 339
6
865 727 71 72 354 540
1 3600 339
6
70 151 148 354 537 529
1 3600 491
4
75 70 726 862
1 3600 1425
20
68 623 603 604 612 457 458 472 157 154 141 133 136 918 917 915 905 161 158 129
1 3600 1425
21
71 68 623 603 553 489 490 399 400 408 313 203 200 796 936 773 770 887 888 799 804
1 3600 1425
18
694 702 655 581 571 568 493 483 447 431 397 402 414 436 756 323 326 918
1 3600 1425
8
71 68 650 619 603 553 550 457
1 3600 950
5
727 151 148 352 639
1 3600 375
9
883 831 832 727 71 72 352 704 728
1 3600 1425
18
131 128 171 125 121 118 341 346 348 267 255 241 242 251 246 270 275 261
1 3600 1425
14
168 480 309 310 749 746 61 58 66 319 316 363 356 767
1 3600 1425
23
281 282 350 750 922 191 103 100 97 89 85 77 80 466 365 366 786 557 419 405 383 384 440
1 3600 1425
22
131 128 165 166 309 310 749 746 335 330 812 379 373 368 361 356 767 549 407 391 394 502
1 3600 1425
22
119 120 124 170 159 160 904 914 916 919 137 132 140 155 156 463 460 487 484 560 570 580
1 3600 1425
34
128 159 160 805 802 39 42 49 46 50 54 58 66 319 316 363 358 366 786 557 419 420 442 516 522 587 584 666 659 656 847 848 927 699
1 3600 600
10
125 121 118 341 346 348 267 255 241 242
1 3600 600
9
172 858 111 114 922 928 239 240 252
1 3600 600
12
171 125 121 118 341 344 350 267 255 241 242 911
1 3600 600
7
345 346 109 112 860 809 810
1 3600 316
12
350 750 922 913 193 107 104 809 806 817 813 65
1 3600 1425
14
131 128 159 160 904 914 916 919 327 322 757 437 438 413
1 3600 1425
23
279 284 901 343 340 119 116 307 310 749 746 57 9 6 214 720 769 337 338 422 432 455 450
1 3600 1425
27
126 174 167 163 160 904 914 916 919 137 132 140 155 156 473 470 491 488 552 602 620 634 636 856 539 540 594
1 3600 1425
33
853 131 128 165 166 309 310 749 746 335 330 543 371 368 361 356 767 764 547 407 391 394 500 508 514 616 660 653 645 642 648 75 72
1 3600 570
3
350 267 268
1 3600 505
5
174 167 163 160 904
1 3600 505
5
853 131 128 159 160
1 3600 505
16
280 123 126 172 858 753 749 744 53 11 14 793 790 773 776 903
1 3600 505
7
858 753 749 742 803 798 889
1 3600 505
13
119 116 307 310 749 742 39 40 37 17 18 937 795
1 3600 1018
18
284 901 343 346 109 112 755 749 744 53 11 14 793 788 201 202 312 854
1 3600 1425
26
123 124 170 159 160 805 800 891 886 771 774 785 782 303 29 32 322 757 437 415 416 145 142 469 459 456
1 3600 1425
28
287 269 255 256 247 248 263 258 79 80 466 365 366 786 557 419 420 442 505 500 506 588 573 576 578 601 602 620
1 3600 1425
40
285 282 350 750 922 191 188 107 100 97 89 90 725 722 465 466 365 366 786 763 549 407 391 394 500 506 590 668 820 824 691 671 672 699 695 679 680 151 152 714
1 3600 1425
10
13 3 6 212 293 294 363 360 527 467
1 3600 1425
16
916 919 305 300 25 20 934 797 183 184 196 717 215 212 293 294
1 3600 1425
15
310 749 746 335 330 543 315 316 363 356 767 764 547 544 419
1 3600 1425
19
777 774 23 24 301 304 137 132 138 403 396 426 434 440 479 474 503 504 518
1 3600 1425
20
891 35 17 13 3 4 717 720 781 778 786 557 419 420 442 516 522 587 584 662
1 3600 1425
25
310 749 746 57 9 6 214 718 730 227 224 338 387 384 440 479 476 498 574 851 675 676 838 866 627
1 3600 559
9
805 802 743 748 754 860 105 100 97
1 3600 559
14
915 905 161 162 166 175 127 122 281 282 350 267 255 252
1 3600 523
7
915 905 805 802 39 42 49
1 3600 523
7
310 749 744 53 11 3 4
1 3600 523
5
44 46 50 9 4
1 3600 523
11
22 794 936 791 199 196 5 8 56 335 332
1 3600 385
11
37 17 18 937 935 27 30 312 409 410 429
1 3600 1187
15
17 18 937 935 27 32 322 757 437 415 403 398 445 446 482
1 3600 1425
24
308 167 163 160 805 798 889 886 771 774 785 782 303 304 137 132 140 155 156 463 456 613 605 602
1 3600 1425
23
160 904 914 916 919 137 132 140 155 147 142 469 470 445 446 484 558 614 624 648 680 726 864
1 3600 589
13
44 48 828 745 748 311 306 117 118 341 342 900 285
1 3600 589
17
22 775 770 887 890 801 802 743 748 752 111 108 347 342 900 285 278
1 3600 589
9
41 38 743 748 311 308 481 169 170
1 3600 589
7
162 166 175 127 122 281 278
1 3600 589
5
481 169 125 122 281
1 3600 375
4
22 775 770 887
1 3600 524
10
891 886 771 774 23 24 301 29 32 324
1 3600 524
13
798 889 35 17 18 937 935 27 32 322 757 437 415
1 3600 524
11
891 886 771 774 785 782 303 304 137 132 140
1 3600 524
8
17 18 791 788 201 202 312 854
1 3600 524
6
774 23 24 301 304 137
1 3600 1295
16
44 46 11 14 793 788 201 202 312 854 439 415 416 145 146 156
1 3600 1425
21
798 889 886 771 774 785 782 303 29 30 312 409 401 398 491 488 552 602 620 634 636
1 3600 1425
28
902 777 772 937 797 183 180 221 218 233 230 338 422 432 455 450 492 569 570 580 645 640 679 75 72 149 152 712
1 3600 1425
18
302 783 784 794 797 183 180 733 719 215 212 293 298 314 371 372 376 83
1 3600 1425
14
919 327 33 30 207 208 229 226 731 734 768 329 293 294
1 3600 1425
12
919 327 322 757 437 438 413 410 425 387 384 440
1 3600 1425
13
437 415 403 396 430 448 452 474 512 514 589 592 607
1 3600 1425
16
919 137 134 438 413 410 429 426 432 525 479 476 498 574 653 654
1 3600 1425
24
327 322 757 437 415 416 145 142 469 459 460 487 482 494 496 514 616 656 691 692 842 869 866 938
1 3600 1018
20
144 417 414 438 855 313 207 210 216 708 733 719 215 212 63 64 812 814 880 879
1 3600 303
7
33 26 934 936 791 792 844
1 3600 385
9
301 29 30 312 409 401 396 428 425
1 3600 385
3
144 417 403
1 3600 385
6
413 410 429 430 446 482
1 3600 1425
14
921 919 137 132 140 155 156 463 456 551 554 558 614 624
1 3600 1425
15
145 142 469 470 445 446 484 560 570 580 654 703 700 738 835
1 3600 1096
13
783 784 775 772 19 13 10 52 745 748 752 859 173
1 3600 478
7
921 917 915 905 161 162 166
1 3600 478
5
917 915 905 161 162
1 3600 478
11
921 919 305 302 783 784 775 770 887 888 799
1 3600 478
5
136 305 300 25 22
1 3600 475
6
439 436 756 323 324 758
1 3600 509
6
142 469 459 456 613 608
1 3600 509
13
325 322 757 437 415 416 145 142 469 459 456 613 610
1 3600 509
5
156 473 459 456 613
1 3600 1425
10
140 155 156 463 460 488 552 602 620 634
1 3600 1425
11
138 403 398 491 488 552 602 620 634 636 856
1 3600 1425
17
143 144 417 414 438 855 313 207 208 223 218 233 234 768 781 357 360
1 3600 1425
19
157 154 141 133 134 438 855 313 207 210 187 184 196 5 6 212 293 294 363
1 3600 1425
7
551 489 487 447 448 454 525
1 3600 1425
8
470 445 448 452 474 512 509 510
1 3600 1425
7
460 487 484 558 579 580 654
1 3600 1425
13
609 605 600 579 577 572 589 590 668 820 687 684 924
1 3600 1425
22
468 143 144 417 414 436 756 323 33 26 934 936 19 16 36 44 48 828 745 748 754 113
1 3600 1187
18
472 157 154 141 133 136 305 300 25 20 934 797 789 792 15 10 52 745
1 3600 491
8
551 554 560 568 493 451 454 433
1 3600 215
4
470 445 446 484
1 3600 570
3
611 605 602
1 3600 1425
6
605 600 614 624 643 640
1 3600 1425
23
457 458 468 143 144 417 414 438 855 313 203 200 789 792 15 10 52 745 748 311 306 117 118
1 3600 1018
13
462 157 154 141 133 136 305 302 783 784 775 776 903
1 3600 136
6
457 458 468 143 144 417
1 3600 891
3
456 613 610
1 3600 259
5
611 605 602 620 632
1 3600 1425
7
605 602 622 69 70 151 152
1 3600 1425
22
633 621 603 600 579 577 572 589 507 501 395 390 404 418 556 787 367 364 467 81 78 291
1 3600 1425
23
633 621 618 651 647 643 644 652 661 658 667 585 586 523 517 443 421 418 545 548 766 357 362
1 3600 1425
14
638 353 73 74 678 694 698 673 674 850 575 499 477 478
1 3600 1425
9
621 603 600 579 577 572 589 592 607
1 3600 1425
12
636 856 707 353 73 74 678 694 698 673 670 683
1 3600 1425
12
535 536 355 149 150 726 833 834 739 740 868 877
1 3600 1425
31
638 353 149 150 681 678 694 698 926 849 846 825 821 669 591 507 501 395 390 406 546 765 766 357 362 317 314 542 812 816 892
1 3600 1425
14
635 621 603 553 489 490 399 400 408 313 203 204 187 180
1 3600 1425
12
621 603 553 554 485 447 431 426 423 339 225 228
1 3600 509
5
621 603 600 559 560
1 3600 303
3
535 536 540
1 3600 647
7
856 707 353 73 70 726 864
1 3600 1425
31
535 536 355 73 74 649 643 644 581 571 568 493 451 454 433 423 339 231 234 735 719 716 5 8 54 60 747 748 752 859 173
1 3600 1425
35
856 539 355 149 150 726 833 834 631 626 867 839 836 693 690 657 617 515 513 475 478 441 385 386 339 336 768 329 63 59 60 747 748 311 308
1 3600 1295
13
633 621 603 553 489 490 399 400 408 313 31 28 300
1 3600 229
7
637 635 621 603 604 612 457
1 3600 255
3
634 638 704
1 3600 1425
25
715 153 150 681 678 694 698 673 670 683 686 821 669 667 585 586 523 517 443 421 418 556 787 367 364
1 3600 1425
20
711 153 148 73 74 649 643 644 652 661 658 591 507 501 395 390 406 548 762 787
1 3600 1425
16
729 705 353 149 150 681 649 643 644 652 575 499 477 478 441 385
1 3600 1425
14
353 73 74 678 694 702 930 849 846 657 617 515 513 503
1 3600 1425
11
711 153 150 726 833 834 739 701 698 926 849
1 3600 1425
13
707 353 73 70 726 833 830 629 626 867 868 894 898
1 3600 1425
26
715 153 150 681 649 625 615 559 485 447 431 428 425 339 231 234 768 329 293 296 67 64 812 814 880 879
1 3600 1425
22
353 73 68 647 625 615 559 485 482 451 454 433 423 339 225 226 731 719 215 7 8 54
1 3600 1425
12
705 706 857 637 635 621 603 553 489 490 399 400
1 3600 1425
11
353 73 74 678 641 644 581 571 568 493 451
1 3600 619
6
729 711 153 150 681 649
1 3600 285
6
715 153 150 726 833 830
1 3600 1425
29
715 153 148 73 68 647 625 615 559 485 447 431 428 411 408 313 203 200 789 790 19 16 34 890 801 804 161 158 129
1 3600 1425
30
857 637 635 621 603 604 612 457 458 468 143 144 417 414 436 756 323 33 26 934 936 19 16 36 41 38 743 748 311 308
1 3600 1425
12
153 148 73 68 623 603 553 489 490 399 400 412
1 3600 1425
9
153 150 71 68 650 619 603 604 608
1 3600 268
4
710 705 639 635
1 3600 1018
3
704 711 714
