302
1 3600 318
7
547 383 377 378 285 286 599
1 3600 318
4
210 236 282 379
1 3600 318
7
365 177 172 279 237 234 657
1 3600 343
13
615 612 595 175 176 364 388 91 94 392 550 193 188
1 3600 343
11
601 598 287 284 379 376 382 97 15 8 193
1 3600 343
4
40 84 92 548
1 3600 343
9
278 173 176 43 40 86 395 396 402
1 3600 343
10
656 708 283 280 596 185 180 553 89 84
1 3600 343
15
216 612 652 47 48 187 55 50 74 554 611 527 399 402 430
1 3600 343
11
213 210 236 278 381 382 97 98 412 550 704
1 3600 343
10
215 210 236 278 375 376 382 97 98 412
1 3600 343
10
680 287 284 379 374 173 178 180 553 89
1 3600 343
6
173 176 364 388 390 97
1 3600 407
19
711 235 232 652 617 457 454 171 166 69 70 545 542 497 498 491 492 201 196
1 3600 733
11
388 91 94 396 400 561 419 416 432 506 247
1 3600 733
25
173 178 182 55 50 72 27 28 481 475 467 472 535 532 541 63 60 346 355 352 265 258 706 712 716
1 3600 323
11
547 391 39 36 57 54 169 164 450 620 698
1 3600 323
11
659 289 284 283 280 596 457 49 44 322 171
1 3600 323
3
43 36 181
1 3600 323
8
547 391 39 36 57 52 227 230
1 3600 323
7
547 383 380 173 178 182 186
1 3600 323
8
288 656 235 232 652 47 44 324
1 3600 360
7
43 40 86 610 531 25 22
1 3600 360
6
176 43 40 88 554 531
1 3600 360
7
595 596 185 180 553 75 67
1 3600 386
18
283 280 596 457 454 619 451 231 224 223 220 336 359 356 517 503 500 591
1 3600 733
26
594 652 47 44 326 621 622 641 295 292 223 21 16 701 559 115 113 108 655 607 121 5 2 410 504 539
1 3600 733
21
663 213 216 612 595 175 176 43 40 86 527 528 33 34 633 634 473 468 486 495 341
1 3600 733
12
598 287 284 379 374 173 178 182 169 164 231 228
1 3600 733
27
656 708 379 376 382 97 98 13 8 193 190 521 522 560 197 198 629 630 632 485 482 129 124 117 114 558 702
1 3600 733
15
176 364 388 91 85 88 75 72 462 545 361 362 701 559 556
1 3600 733
20
382 97 98 412 393 394 610 465 27 28 490 590 587 588 647 155 150 581 123 120
1 3600 733
26
659 289 284 379 376 382 97 15 8 193 188 518 566 570 249 250 254 261 262 266 301 298 328 348 667 319
1 3600 146
10
93 90 389 365 177 174 281 282 709 710
1 3600 146
7
705 551 393 95 85 41 42
1 3600 146
8
413 99 96 383 380 279 280 594
1 3600 146
10
191 192 9 14 96 383 377 378 285 290
1 3600 146
5
397 95 90 390 546
1 3600 126
5
11 8 193 194 403
1 3600 153
8
193 190 521 423 420 518 566 568
1 3600 153
4
393 396 400 197
1 3600 153
8
705 193 190 521 522 419 414 435
1 3600 333
5
522 419 416 434 458
1 3600 733
17
11 12 412 393 396 398 528 33 30 511 79 80 537 63 64 624 626
1 3600 130
12
431 403 398 524 25 22 544 71 68 167 170 323
1 3600 111
5
431 403 398 524 25
1 3600 111
7
403 397 394 610 465 73 67
1 3600 120
6
394 527 528 493 481 482
1 3600 458
9
396 400 197 198 629 511 79 80 573
1 3600 733
12
190 521 522 419 414 458 506 59 60 331 313 243
1 3600 733
10
398 524 530 465 462 593 577 219 222 225
1 3600 733
8
394 610 465 462 593 577 219 21
1 3600 733
21
549 93 85 88 75 67 70 545 542 515 516 163 158 125 126 696 645 107 110 101 102
1 3600 733
21
8 193 194 403 400 197 200 33 34 633 479 476 155 156 645 642 654 373 131 132 149
1 3600 733
15
521 522 419 414 460 629 630 634 535 489 486 411 203 206 426
1 3600 305
14
460 199 200 529 526 87 41 42 177 174 594 233 211 214
1 3600 121
7
418 523 520 191 192 551 549
1 3600 121
9
415 418 560 401 402 195 192 9 14
1 3600 121
5
417 418 560 401 397
1 3600 244
4
569 570 509 459
1 3600 97
3
435 432 506
1 3600 97
5
570 249 246 77 78
1 3600 366
9
419 416 432 508 249 244 385 386 706
1 3600 564
12
567 519 421 424 403 398 524 530 555 552 57 54
1 3600 156
10
434 460 629 31 32 493 490 499 496 543
1 3600 64
5
414 460 629 31 34
1 3600 163
12
629 630 479 467 470 582 654 693 691 686 209 7
1 3600 733
12
565 566 570 249 250 254 351 354 347 345 338 239
1 3600 733
17
560 197 200 493 490 590 501 502 516 357 358 337 221 222 293 294 638
1 3600 733
13
629 31 34 485 482 589 161 162 357 358 19 20 218
1 3600 733
10
629 630 479 476 646 129 124 117 118 366
1 3600 733
17
566 570 509 506 77 80 661 505 411 3 6 208 687 688 145 148 133
1 3600 733
12
460 629 511 512 473 468 486 495 405 406 449 439
1 3600 733
15
65 62 538 505 487 469 466 474 480 29 26 73 51 56 37
1 3600 305
6
579 571 567 519 189 192
1 3600 55
5
509 433 417 418 560
1 3600 166
3
624 257 251
1 3600 75
3
626 355 352
1 3600 75
6
244 385 386 706 712 716
1 3600 733
25
65 62 540 533 534 473 470 580 151 152 127 124 159 160 586 501 496 543 544 71 68 167 170 323 324
1 3600 489
13
65 62 536 81 82 534 635 632 485 480 490 499 502
1 3600 130
10
626 347 345 342 408 207 202 3 4 122
1 3600 62
6
579 249 246 77 82 532
1 3600 193
7
79 76 59 60 331 328 239
1 3600 733
13
509 459 460 199 200 529 526 610 555 75 51 52 227
1 3600 733
19
65 62 540 574 505 411 203 204 208 605 608 137 130 103 104 700 17 18 444
1 3600 733
12
77 82 489 469 470 582 643 107 112 118 366 684
1 3600 666
8
59 60 345 342 408 428 442 720
1 3600 733
13
249 250 254 261 264 333 311 307 308 243 238 348 667
1 3600 733
16
245 248 571 567 519 189 192 551 413 99 96 383 377 378 709 710
1 3600 733
12
253 251 246 507 433 417 418 523 520 191 192 551
1 3600 458
7
715 707 387 384 245 248 571
1 3600 285
3
245 248 578
1 3600 285
7
276 307 303 298 330 61 58
1 3600 285
4
253 251 248 578
1 3600 285
7
269 263 260 255 251 248 578
1 3600 285
6
266 332 353 354 627 625
1 3600 285
4
303 304 627 625
1 3600 285
6
347 61 58 507 508 578
1 3600 271
5
310 267 263 260 255
1 3600 271
3
306 277 274
1 3600 733
21
273 276 310 301 302 308 312 328 339 340 494 487 469 466 474 480 29 26 73 51 54
1 3600 733
22
353 354 347 345 342 408 428 440 719 135 130 371 368 557 558 700 17 20 218 576 592 463
1 3600 431
22
275 276 307 308 243 238 348 449 446 427 207 204 208 687 690 692 109 106 644 157 154 477
1 3600 266
8
255 256 625 65 62 540 533 534
1 3600 266
7
713 271 266 301 298 330 61
1 3600 236
4
307 303 298 328
1 3600 236
6
351 354 305 302 308 243
1 3600 236
5
275 269 266 301 298
1 3600 733
20
351 354 347 345 340 494 411 3 4 120 606 654 109 112 114 558 700 17 20 222
1 3600 733
18
264 333 311 307 308 312 328 348 667 319 320 440 719 135 130 103 104 702
1 3600 733
19
260 255 256 625 65 62 538 505 411 203 204 208 605 608 692 373 371 366 684
1 3600 733
7
347 345 342 408 428 442 147
1 3600 733
10
333 301 298 313 243 238 348 449 439 317
1 3600 149
5
322 455 456 597 281
1 3600 149
5
181 184 616 653 595
1 3600 149
3
179 172 375
1 3600 128
13
621 451 165 166 69 66 74 89 84 92 548 550 704
1 3600 733
20
679 671 637 295 292 223 21 16 363 356 517 514 497 498 491 492 201 196 561 562
1 3600 733
14
55 50 72 27 28 481 475 467 468 488 532 541 63 64
1 3600 733
23
699 621 451 231 224 223 21 16 701 105 102 131 134 718 441 321 318 666 349 329 299 300 311
1 3600 130
6
699 327 322 171 166 53
1 3600 168
5
171 166 69 70 463
1 3600 168
6
187 183 180 553 554 611
1 3600 168
7
187 55 50 72 464 531 525
1 3600 168
6
621 451 231 226 69 66
1 3600 168
5
325 322 171 166 69
1 3600 261
11
617 185 180 553 554 531 25 22 542 497 500
1 3600 733
16
227 224 223 220 336 359 356 163 158 125 126 153 150 581 471 472
1 3600 733
17
231 224 223 21 16 701 559 556 369 370 131 132 721 443 429 409 343
1 3600 95
8
182 186 454 619 622 674 671 668
1 3600 203
13
457 454 323 326 679 675 641 295 292 223 21 18 359
1 3600 564
14
69 70 545 542 497 500 587 588 129 124 117 118 366 682
1 3600 733
13
50 72 27 28 481 475 476 155 156 645 642 607 608
1 3600 733
21
619 622 641 295 292 223 21 16 701 105 100 111 108 693 137 134 718 441 321 316 436
1 3600 112
9
87 41 42 177 172 279 237 234 657
1 3600 55
4
611 527 399 402
1 3600 198
8
27 24 525 528 201 198 461 415
1 3600 523
10
497 498 590 587 588 483 484 633 634 513
1 3600 733
26
554 531 25 22 542 515 503 500 587 161 158 125 126 153 150 581 123 5 6 205 206 409 343 344 346 305
1 3600 102
7
67 68 167 164 450 620 698
1 3600 102
5
26 462 71 68 167
1 3600 102
11
361 358 337 221 222 225 230 450 618 323 324
1 3600 128
3
543 544 71
1 3600 94
3
28 481 484
1 3600 94
8
497 498 590 587 588 647 477 478
1 3600 94
9
70 545 361 356 163 158 125 126 696
1 3600 293
9
528 33 30 511 512 535 532 541 63
1 3600 733
10
25 28 481 475 467 468 486 495 405 406
1 3600 215
8
544 593 577 219 222 293 294 638
1 3600 88
7
610 465 462 593 577 219 21
1 3600 159
11
545 542 497 500 587 161 158 117 118 366 684
1 3600 564
17
528 33 34 485 482 647 155 150 694 645 642 607 604 687 688 145 148
1 3600 733
15
515 503 500 587 588 647 155 150 581 123 5 6 205 206 426
1 3600 386
16
586 501 496 543 23 24 530 555 552 181 184 616 653 233 234 710
1 3600 122
11
151 154 477 478 631 628 461 415 418 523 520
1 3600 168
3
492 201 198
1 3600 168
8
151 154 477 478 631 628 199 196
1 3600 149
11
697 127 128 483 484 35 30 628 461 458 508
1 3600 458
10
153 150 581 471 472 535 83 76 247 250
1 3600 282
15
580 151 152 127 128 589 586 591 491 29 26 73 51 54 186
1 3600 162
8
159 162 357 360 23 24 530 555
1 3600 162
6
160 586 591 491 29 26
1 3600 162
11
153 154 646 483 484 35 32 529 526 87 88
1 3600 162
10
127 128 589 586 591 499 496 543 544 71
1 3600 162
4
483 480 29 24
1 3600 116
3
492 33 30
1 3600 166
6
33 30 511 79 80 661
1 3600 166
11
498 590 587 161 158 117 113 108 693 609 121
1 3600 166
10
588 129 126 696 645 642 607 604 209 7
1 3600 166
8
150 581 123 5 2 410 504 660
1 3600 166
3
475 467 468
1 3600 386
15
124 117 118 370 131 132 721 443 429 409 343 338 239 242 314
1 3600 733
11
127 124 159 162 357 358 19 20 222 293 294
1 3600 193
7
499 502 516 357 362 17 20
1 3600 135
10
633 479 476 155 156 645 107 112 114 558
1 3600 135
6
470 582 643 107 112 114
1 3600 159
7
156 645 107 110 101 102 131
1 3600 733
12
33 34 633 634 535 489 486 495 405 406 667 319
1 3600 733
21
504 575 572 81 78 510 628 199 196 401 397 95 90 389 365 177 172 381 377 378 709
1 3600 458
11
81 78 510 31 32 529 526 395 392 413 13
1 3600 203
7
572 81 76 507 508 571 568
1 3600 67
4
487 488 83 76
1 3600 135
10
541 63 64 624 257 254 261 262 268 274
1 3600 733
14
62 540 533 534 635 632 35 32 529 526 87 88 552 181
1 3600 282
10
4 122 580 151 154 646 589 586 501 502
1 3600 127
3
469 466 478
1 3600 127
5
494 411 3 4 122
1 3600 127
12
204 208 605 606 643 644 157 154 646 589 586 591
1 3600 127
5
122 471 472 635 631
1 3600 133
6
473 470 123 5 2 203
1 3600 93
4
539 63 60 331
1 3600 93
7
540 574 505 495 341 338 329
1 3600 733
18
6 208 687 688 139 140 135 130 371 368 557 558 700 17 20 222 293 294
1 3600 733
10
204 208 687 690 692 109 110 101 104 700
1 3600 163
9
62 538 505 411 3 4 120 606 654
1 3600 72
6
473 470 582 654 693 691
1 3600 349
10
540 574 505 495 405 408 426 447 439 317
1 3600 733
17
312 330 61 58 507 433 417 418 560 401 397 95 90 389 365 177 172
1 3600 733
13
407 404 494 504 660 81 78 510 31 32 529 526 87
1 3600 733
17
313 309 306 277 272 713 707 387 384 245 246 507 459 415 418 560 197
1 3600 178
6
344 346 355 350 255 251
1 3600 67
6
241 242 309 303 300 267
1 3600 733
13
340 494 487 469 466 474 480 29 26 73 51 54 169
1 3600 733
14
315 312 330 61 62 540 533 534 635 632 35 32 529 524
1 3600 305
10
328 339 342 408 207 202 3 4 122 580
1 3600 80
4
61 62 536 81
1 3600 80
3
61 62 540
1 3600 203
4
344 331 313 314
1 3600 733
21
243 238 348 449 446 319 320 442 720 133 130 371 119 116 159 162 357 358 337 221 222
1 3600 733
15
241 238 348 667 427 428 440 719 135 130 103 104 700 17 20
1 3600 666
9
328 339 342 408 207 204 208 605 606
1 3600 193
8
241 238 348 449 439 317 320 442
1 3600 170
3
449 439 436
1 3600 523
13
230 450 620 327 45 46 617 597 594 613 217 212 662
1 3600 733
13
623 451 165 168 55 56 37 38 91 94 396 402 195
1 3600 733
13
639 295 229 226 53 56 37 40 86 527 399 400 561
1 3600 733
22
639 636 670 678 621 618 455 187 183 179 176 364 388 91 94 396 400 561 419 416 432 506
1 3600 733
24
295 292 223 21 16 701 559 556 369 370 131 134 141 138 689 686 209 205 202 410 495 341 344 346
1 3600 145
8
669 637 640 623 451 165 168 55
1 3600 145
6
669 670 678 327 45 46
1 3600 163
7
669 637 295 229 226 53 50
1 3600 523
13
673 637 295 292 223 220 334 452 445 359 356 517 503
1 3600 733
18
673 637 640 623 451 231 224 223 21 16 701 559 115 113 108 655 607 121
1 3600 733
24
669 637 295 292 223 21 18 359 362 701 105 102 131 134 718 441 321 316 438 448 349 239 242 314
1 3600 282
3
677 671 668
1 3600 201
10
640 674 678 621 451 231 224 223 218 576
1 3600 201
12
636 670 675 623 618 171 166 69 70 545 361 362
1 3600 201
4
297 292 223 21
1 3600 458
13
229 224 223 220 336 359 356 163 158 117 113 110 101
1 3600 733
13
297 292 223 21 16 701 559 556 369 370 372 693 609
1 3600 733
22
226 53 50 72 27 28 481 482 129 126 696 645 642 607 608 137 132 721 443 321 316 436
1 3600 666
15
363 360 544 463 464 555 552 181 184 597 281 282 285 286 681
1 3600 611
7
576 592 463 464 611 395 95
1 3600 733
10
576 592 463 464 531 525 528 201 196 561
1 3600 733
12
220 336 359 356 163 160 588 647 477 467 472 513
1 3600 733
18
445 359 356 517 503 498 491 492 201 198 461 458 506 247 244 385 386 259
1 3600 163
4
219 222 225 230
1 3600 138
5
20 218 576 592 71
1 3600 138
6
20 218 576 592 71 66
1 3600 149
4
360 542 497 500
1 3600 564
16
219 21 16 701 559 115 113 108 693 691 686 209 7 2 410 495
1 3600 733
17
445 359 356 163 158 125 126 153 150 581 123 5 2 203 206 426 666
1 3600 69
4
335 221 222 225
1 3600 252
3
703 700 363
1 3600 103
3
701 105 102
1 3600 103
8
445 359 362 701 559 556 369 366
1 3600 458
9
336 359 356 163 158 117 118 370 131
1 3600 733
15
452 445 359 362 701 105 102 131 132 149 146 443 321 316 436
1 3600 733
21
655 583 471 466 478 631 628 461 415 418 523 520 191 192 9 12 99 96 383 377 378
1 3600 666
12
644 157 154 477 478 631 628 199 196 401 402 425
1 3600 733
11
115 116 125 128 483 484 35 30 628 461 435
1 3600 733
9
369 119 113 106 642 583 471 472 513
1 3600 733
11
372 693 609 604 209 205 206 409 343 344 346
1 3600 523
13
112 116 159 160 586 501 496 543 23 26 73 51 54
1 3600 141
9
367 119 116 125 128 483 480 29 24
1 3600 116
5
100 111 106 644 697
1 3600 116
10
683 367 119 116 125 128 483 484 35 32
1 3600 146
9
370 372 655 607 604 209 205 202 410
1 3600 733
7
583 471 468 486 495 341 338
1 3600 523
10
112 114 558 700 17 20 222 293 294 636
1 3600 116
5
371 368 557 558 700
1 3600 116
5
367 368 557 558 700
1 3600 178
4
685 367 119 113
1 3600 142
7
131 134 141 138 689 686 209
1 3600 142
6
607 608 137 132 149 144
1 3600 142
5
115 113 108 693 137
1 3600 733
10
685 367 370 131 134 718 441 429 426 447
1 3600 733
17
429 409 404 494 487 488 83 78 510 628 199 196 401 397 95 90 389
1 3600 733
23
440 143 140 135 136 692 109 106 644 695 151 154 646 589 586 501 496 543 23 24 530 611 395
1 3600 733
13
140 135 136 609 606 643 644 157 154 477 478 631 628
1 3600 666
14
149 144 689 686 209 7 2 410 504 575 541 63 64 624
1 3600 733
14
718 441 321 318 447 448 349 329 299 300 267 270 712 716
1 3600 733
15
687 690 692 109 112 116 159 162 357 358 19 20 222 225 230
1 3600 523
11
130 103 100 111 106 644 697 127 124 159 162
1 3600 135
7
692 655 583 580 151 152 127
1 3600 129
9
141 138 689 686 209 205 202 410 487
1 3600 129
5
429 409 404 494 487
1 3600 198
8
132 721 443 429 409 406 349 239
1 3600 733
22
7 4 122 580 151 154 646 589 586 591 499 496 543 544 71 68 167 170 323 326 679 676
1 3600 489
8
428 442 720 133 130 103 104 702
1 3600 188
3
136 692 109
1 3600 188
6
145 148 133 130 103 100
1 3600 188
3
135 136 692
1 3600 188
6
142 719 135 136 609 606
1 3600 183
3
144 139 140
1 3600 97
3
142 441 321
1 3600 733
26
448 407 404 494 504 660 81 76 507 433 417 418 523 520 191 192 9 14 96 383 377 378 285 286 599 602
1 3600 733
18
666 349 329 299 302 306 310 332 353 350 255 251 248 571 567 519 421 424
1 3600 733
17
666 349 239 242 309 306 277 269 270 707 387 384 245 248 571 567 564
1 3600 733
9
448 349 329 299 304 627 257 251 248
1 3600 733
12
316 438 448 349 239 242 309 303 300 267 268 274
1 3600 733
18
446 666 407 404 494 487 469 466 474 480 29 24 530 555 552 181 184 616
1 3600 733
15
438 446 427 207 202 3 4 122 580 151 152 127 124 159 162
1 3600 666
13
446 427 207 204 208 605 606 643 644 697 127 128 589
1 3600 209
6
318 666 407 404 494 504
1 3600 120
4
447 448 407 343
1 3600 733
18
320 440 719 135 130 371 368 557 558 700 17 20 222 293 294 640 674 676
1 3600 733
17
446 427 207 202 410 487 469 466 474 480 490 499 502 516 357 358 444
1 3600 564
7
320 442 720 133 136 609 606
1 3600 67
6
446 319 320 440 143 138
1 3600 523
3
437 317 318
