1075
1 3600 130
3
586 592 644
1 3600 213
4
1277 1274 1265 647
1 3600 213
9
1479 1476 89 86 1271 641 529 526 1076
1 3600 213
9
1277 1274 1265 647 547 548 517 518 1492
1 3600 213
7
393 390 583 586 594 1270 651
1 3600 213
11
396 523 520 662 95 98 422 533 515 512 525
1 3600 213
8
553 550 531 515 512 643 638 655
1 3600 684
7
1148 647 593 594 1270 651 652
1 3600 820
24
1273 679 682 1150 1258 1267 95 96 468 433 434 507 504 922 1132 843 844 1464 1087 1079 1041 1033 933 926
1 3600 820
14
682 1148 647 547 548 517 518 1077 1074 1107 1015 1008 1056 895
1 3600 820
19
553 550 531 532 423 420 478 807 804 816 902 921 924 938 1115 1118 77 72 102
1 3600 200
3
393 394 400
1 3600 200
7
645 593 587 582 391 392 1258
1 3600 200
10
681 682 1150 393 396 523 209 206 272 81
1 3600 200
9
1265 1149 1150 393 394 400 209 205 202
1 3600 200
10
1265 647 547 550 531 245 246 404 420 81
1 3600 130
4
400 520 660 664
1 3600 631
9
1150 1258 1267 663 660 664 563 564 179
1 3600 820
12
395 396 523 520 660 664 649 567 485 480 1245 601
1 3600 820
22
1147 1148 647 547 548 517 512 525 526 1074 1107 877 867 841 837 838 849 852 858 860 878 886
1 3600 820
32
1265 1149 1150 393 396 523 209 210 233 228 458 155 150 160 285 286 558 1364 631 628 1440 1458 1443 1425 1315 1316 785 777 623 615 618 632
1 3600 410
11
1265 647 547 550 531 245 242 207 205 191 188
1 3600 482
13
1149 1150 1258 1267 95 98 420 273 274 576 215 218 298
1 3600 820
20
1279 1274 1265 647 547 550 531 532 423 420 478 807 804 816 904 943 940 952 968 1162
1 3600 820
21
602 1476 89 86 1271 641 529 526 1074 1107 1108 1223 1224 1219 1214 845 842 1133 1134 481 482
1 3600 820
21
1495 531 532 1006 403 404 99 96 468 433 434 507 504 922 1134 1245 601 598 716 543 541
1 3600 820
40
1277 1273 679 682 1150 393 394 400 209 210 187 180 556 596 331 305 300 324 153 150 162 43 44 778 1445 1397 1394 1463 1417 1418 1422 1467 785 782 1338 1486 1437 1343 961 635
1 3600 820
14
400 209 205 191 185 180 556 596 217 212 29 26 126 1297
1 3600 820
20
1476 89 90 594 641 642 513 514 245 242 274 293 296 556 215 212 348 15 12 130
1 3600 820
17
1147 1150 393 396 523 209 210 233 226 119 122 338 386 343 344 380 699
1 3600 820
19
1265 647 547 550 531 245 246 404 420 81 84 807 802 489 490 750 727 722 1152
1 3600 820
21
1273 679 682 1150 1258 1267 95 96 468 433 430 444 474 1371 1372 1374 1363 1003 1004 1193 1189
1 3600 820
35
1495 551 548 517 518 1492 1107 877 874 871 841 842 1133 923 924 936 974 1371 1372 1374 1363 1357 667 670 766 761 756 313 316 364 410 954 763 715 708
1 3600 820
27
679 682 1150 393 396 523 520 660 664 563 564 509 443 281 282 457 455 15 8 237 234 59 55 56 1484 1197 337
1 3600 820
21
400 209 205 191 185 180 556 596 217 212 29 30 415 416 239 234 157 61 62 19 16
1 3600 820
23
1272 1274 1265 647 547 550 531 532 423 420 273 274 576 215 212 348 341 133 130 5 6 140 146
1 3600 820
24
396 523 520 660 664 649 79 76 1119 1114 939 925 920 942 197 198 992 327 328 346 35 32 429 426
1 3600 820
22
1479 603 583 399 400 520 660 664 563 485 482 718 613 573 570 604 626 1190 1129 959 411 412
1 3600 820
40
400 520 662 95 98 420 478 807 804 816 902 940 952 968 1162 1183 1184 579 580 750 165 162 1186 1361 1003 1004 1364 1392 1431 1407 1404 1391 1388 1451 1452 1506 765 715 708 754
1 3600 150
4
640 595 91 92
1 3600 150
8
516 549 546 593 587 582 391 392
1 3600 150
5
546 646 1149 683 678
1 3600 150
5
595 592 646 1149 1146
1 3600 110
5
527 528 640 1270 87
1 3600 149
6
515 512 525 526 1074 1107
1 3600 149
6
1077 527 528 638 655 652
1 3600 216
10
518 1492 1107 1108 1239 1203 1199 1200 1011 1008
1 3600 820
11
641 529 526 1074 1107 1108 1239 1203 1206 225 222
1 3600 820
25
654 639 642 513 514 245 242 207 210 233 230 280 442 510 507 504 924 938 1115 1116 75 72 100 1141 1142
1 3600 97
7
587 399 395 396 523 520 660
1 3600 144
13
547 550 531 532 423 420 273 207 210 233 228 460 588
1 3600 144
7
654 639 642 513 514 245 246
1 3600 144
6
592 547 548 517 514 532
1 3600 152
11
531 532 1006 403 404 420 478 807 804 441 177
1 3600 328
15
550 531 245 246 404 99 96 468 433 434 507 504 922 1134 481
1 3600 820
10
1271 641 529 526 1074 1107 877 872 1103 1061
1 3600 820
30
1271 641 529 526 1076 1492 1107 1015 1010 1211 1212 1243 1240 1353 835 836 842 1133 1134 1245 601 598 716 543 544 1331 1329 617 618 636
1 3600 513
8
1269 517 514 245 242 207 205 191
1 3600 342
15
1269 517 514 532 423 420 273 274 576 596 217 212 348 454 121
1 3600 432
16
654 639 642 513 514 245 246 404 420 81 84 807 804 816 904 197
1 3600 746
18
526 1074 1107 877 867 841 842 1133 923 924 934 950 966 487 490 750 727 720
1 3600 820
38
593 91 88 585 399 400 209 210 187 182 560 555 556 215 216 331 305 302 388 494 453 347 344 373 167 168 374 688 697 694 700 706 767 768 1189 627 605 606
1 3600 820
36
87 88 1477 603 391 396 523 520 660 664 563 564 503 506 435 430 444 474 1371 1372 1374 657 658 778 1413 1410 1463 1417 1414 1442 1335 1313 1308 731 732 617
1 3600 820
19
1076 519 514 532 1006 403 247 242 274 293 296 556 596 217 218 37 40 318 1285
1 3600 820
10
587 399 400 209 210 233 226 407 117 114
1 3600 820
16
587 582 391 396 523 209 205 191 185 180 556 215 216 331 305 300
1 3600 820
11
532 423 420 478 807 802 489 490 581 155 150
1 3600 820
27
1271 641 642 513 514 245 246 404 99 96 468 433 430 446 974 1371 1372 1374 1363 1360 1359 703 700 706 761 758 1194
1 3600 820
27
526 1074 1107 1108 1223 1220 1231 1232 1243 1240 1470 839 836 842 1133 1134 481 482 718 613 608 729 734 775 772 1338 1481
1 3600 820
18
531 245 242 274 576 596 217 212 29 26 128 385 257 59 55 49 52 255
1 3600 820
30
1269 549 550 531 532 423 420 273 207 205 191 185 180 556 215 212 29 24 464 1286 357 358 355 350 360 257 157 61 62 71
1 3600 820
27
87 88 585 399 400 520 660 664 649 79 74 1117 1118 1244 1135 1132 195 198 994 1185 1159 327 328 346 139 140 144
1 3600 820
19
245 242 207 210 233 228 460 111 114 302 386 1178 3 6 140 146 1156 1400 1510
1 3600 820
28
641 529 526 1074 1107 877 874 871 868 1217 1214 845 842 195 198 994 579 155 148 379 376 1168 1344 1380 949 363 364 412
1 3600 820
36
642 513 514 532 423 420 478 807 804 816 902 940 935 936 447 444 474 1371 1372 1374 657 658 778 1445 1397 1394 1463 1417 1418 1422 1474 1480 1339 773 623 624
1 3600 456
11
653 654 639 529 526 1076 519 516 549 550 1494
1 3600 48
6
653 654 639 642 513 514
1 3600 356
4
1108 1350 1369 1366
1 3600 37
13
653 650 1271 641 529 526 1076 1492 1107 1015 1010 1201 1198
1 3600 356
4
1015 1012 1021 1018
1 3600 820
13
1367 1217 1214 845 842 1133 1134 1245 77 72 100 1141 1144
1 3600 547
10
653 650 87 88 1477 603 391 396 523 209
1 3600 178
10
877 867 841 842 1133 923 505 506 435 432
1 3600 85
11
653 650 1271 595 587 399 400 520 660 664 563
1 3600 128
4
1367 869 841 837
1 3600 820
14
1108 1223 1224 1237 1229 1209 1210 1127 1113 1091 1094 863 860 882
1 3600 820
21
1367 1217 1214 845 842 1133 1134 1247 1115 1118 601 598 716 611 608 729 734 962 961 635 632
1 3600 820
20
1367 1368 1351 1239 1203 1206 1226 835 836 842 195 198 992 327 301 304 330 597 557 181
1 3600 684
15
877 872 851 848 839 836 842 1133 923 920 903 817 441 281 282
1 3600 482
18
1108 1223 1220 1231 1232 1243 1240 1470 839 836 842 1133 1134 1247 939 934 952 968
1 3600 547
21
653 654 639 642 513 514 245 246 404 99 96 468 433 434 507 504 920 940 950 966 984
1 3600 820
10
877 867 841 842 1133 1134 481 482 716 543
1 3600 820
20
1015 1010 1127 1125 847 848 839 836 842 1133 1134 1245 601 598 718 613 610 543 541 536
1 3600 820
19
653 650 87 88 585 582 391 396 523 209 210 187 180 556 596 217 218 37 38
1 3600 820
19
653 654 639 529 526 1076 519 514 532 1006 403 404 420 273 274 576 215 216 331
1 3600 820
20
1108 1223 1224 1219 1214 845 842 1133 923 924 934 952 968 1162 1183 1159 327 328 346 35
1 3600 820
20
653 650 1271 595 587 399 395 392 1258 1267 95 96 468 433 430 446 974 1371 1372 1374
1 3600 820
20
1367 869 841 842 195 198 994 579 580 750 165 160 285 109 104 558 1364 631 626 1190
1 3600 820
32
1367 1217 1214 845 842 1133 1134 1247 939 934 950 966 487 490 750 165 160 797 800 501 496 700 706 1170 1469 1383 1378 313 316 364 410 956
1 3600 820
28
653 650 87 88 1477 603 391 394 400 209 210 233 226 119 122 133 130 5 6 136 19 22 56 51 52 337 307 308
1 3600 820
14
1367 869 841 842 195 198 992 327 328 346 139 136 63 55
1 3600 820
25
653 654 639 642 513 514 245 242 274 293 296 556 596 217 212 348 341 338 388 494 453 139 140 146 1154
1 3600 820
25
653 650 1271 641 529 526 1076 519 514 532 423 420 81 84 807 804 816 904 943 940 935 936 447 444 472
1 3600 820
33
1367 1217 1218 1237 1229 1232 1243 1240 1353 835 836 842 1133 923 920 940 952 968 1162 1183 1184 579 155 148 436 375 376 1168 1346 1383 1380 949 944
1 3600 820
16
877 874 871 841 842 1133 1134 481 482 716 543 544 1331 1329 617 620
1 3600 820
16
221 224 1207 1202 1238 1109 1106 1493 519 516 549 546 646 1149 683 680
1 3600 248
8
1014 1106 1075 527 524 513 516 549
1 3600 328
6
1233 1228 1236 1219 1216 1366
1 3600 328
7
1040 1078 1086 1465 1215 1216 1366
1 3600 328
6
1083 1086 1465 1215 1216 1366
1 3600 328
6
1204 1221 1222 1350 1369 1366
1 3600 328
18
927 932 791 786 1325 1251 1055 1056 881 861 859 853 848 839 836 840 868 1366
1 3600 298
7
1368 1351 1239 1203 1199 1200 1011
1 3600 298
10
1377 857 858 862 1059 1053 1054 1250 1045 1046
1 3600 298
15
1079 1041 1035 1038 1069 1025 1017 897 894 1057 1052 1058 1095 1090 1110
1 3600 298
10
1203 1206 225 220 1050 1306 787 788 931 926
1 3600 336
8
1032 1042 1037 1038 1069 1025 1022 811
1 3600 336
4
1325 1251 1021 1018
1 3600 336
10
1209 1210 1011 1008 1056 895 831 828 815 808
1 3600 336
4
928 1081 1078 1084
1 3600 336
16
1217 1218 1237 1229 1232 1243 1123 847 850 1104 1101 1061 899 887 821 818
1 3600 336
5
1025 1022 811 814 912
1 3600 336
5
1209 1210 1011 1012 1021
1 3600 336
14
1220 1205 1199 1200 1127 1113 1091 1092 1098 1059 1053 1056 895 831
1 3600 336
9
1082 929 930 789 786 1307 1051 221 222
1 3600 336
4
1012 1021 1018 1028
1 3600 336
8
1234 1205 1206 225 220 1049 1046 1025
1 3600 336
7
1098 863 860 878 886 900 825
1 3600 336
14
1220 1231 1232 1243 1123 847 852 858 860 878 821 822 892 912
1 3600 328
16
1307 1051 221 224 1226 835 836 842 1133 1134 1247 1115 1116 75 72 102
1 3600 820
14
1207 1202 1238 1109 1106 1075 527 528 640 595 587 582 391 396
1 3600 410
10
857 854 1105 873 876 1106 1493 519 514 532
1 3600 264
11
1032 1040 1078 1086 1465 845 842 1133 923 505 502
1 3600 264
12
1223 1224 1219 1214 845 842 1133 923 505 506 511 508
1 3600 331
7
1086 1465 845 842 1133 1134 1245
1 3600 331
5
1251 1055 1056 881 861
1 3600 331
7
1058 863 859 853 848 1471 1353
1 3600 331
11
1073 1069 1047 1044 1251 1013 1010 1211 1212 1243 1240
1 3600 331
10
863 859 853 848 839 836 842 1133 1134 481
1 3600 331
6
1122 1240 1470 839 836 844
1 3600 331
5
1010 1127 1125 847 850
1 3600 331
6
1086 1465 845 837 834 1352
1 3600 331
17
1232 1243 1240 1353 835 836 842 1133 1134 1247 939 934 950 964 968 1162 1432
1 3600 331
4
1377 857 854 1105
1 3600 331
8
1058 1099 1093 1090 1110 847 848 839
1 3600 309
17
881 882 1060 1102 851 848 839 836 842 1133 1134 1247 1115 1116 1280 979 971
1 3600 309
6
1097 1093 1094 863 864 1061
1 3600 820
29
1232 1243 1240 1470 839 836 842 1133 1134 1245 601 598 718 748 778 1413 1410 1463 1417 1414 1425 1315 1316 785 777 623 615 618 636
1 3600 820
21
932 791 786 1325 1251 1013 1014 1106 1075 527 524 513 514 245 246 404 420 273 207 205 191
1 3600 746
18
1035 1038 1069 1047 1048 221 224 1226 835 836 842 195 198 994 579 459 409 406
1 3600 390
10
1465 845 842 1133 923 920 940 952 968 1162
1 3600 241
5
869 841 842 1133 1134
1 3600 456
24
1034 1040 1078 1086 1465 845 842 1133 923 924 936 974 1371 1372 1374 1363 1003 1004 1364 631 605 571 568 1321
1 3600 820
12
1219 1214 845 842 1133 1134 481 482 716 543 541 534
1 3600 820
27
1090 1112 1126 1211 1208 1230 1221 1222 1109 1106 1493 519 514 245 242 207 205 191 185 180 556 215 218 37 38 259 262
1 3600 820
16
1089 1083 1086 1465 845 842 195 198 994 1185 1159 327 301 302 386 1178
1 3600 820
14
1097 1093 1090 1110 1122 1240 1353 835 836 842 195 198 992 327
1 3600 820
24
1010 1211 1212 1243 1240 1470 839 836 842 1133 1134 1245 601 598 718 748 659 656 1363 1357 667 670 766 1170
1 3600 820
39
1251 1055 1009 1014 1106 1075 527 524 513 514 532 423 420 478 807 802 489 490 750 727 720 738 794 289 109 106 172 1359 1355 1001 1004 1364 1392 1431 1428 1387 1390 1408 1449
1 3600 820
30
1112 1125 847 848 839 836 842 1133 1134 1247 939 936 447 444 474 1371 1372 1374 1363 1357 667 670 768 1189 1190 1129 1130 1506 765 715
1 3600 820
34
1233 1228 1236 1225 1222 1350 1369 869 866 876 1106 1493 519 514 245 246 404 420 273 274 576 596 217 212 29 30 415 237 234 59 55 56 1484 1197
1 3600 820
37
1025 1017 897 885 879 861 859 853 848 839 836 842 1133 923 924 934 950 966 487 490 581 155 152 334 451 371 368 428 33 34 139 140 142 69 70 19 22
1 3600 820
26
789 786 1325 1045 1048 221 224 1226 835 836 842 1133 923 920 940 952 968 1162 1183 1159 327 328 346 139 140 144
1 3600 820
25
1098 863 859 853 848 839 836 842 1133 1134 1247 939 936 974 1371 1372 1374 1363 1357 667 668 701 695 677 672
1 3600 820
20
1226 835 836 842 195 198 994 579 155 152 332 449 171 168 376 1168 1344 1380 949 946
1 3600 820
25
1081 1078 1086 1465 845 842 1133 1134 481 482 718 613 573 568 1326 1337 1333 1319 1316 785 782 773 623 624 686
1 3600 820
15
829 819 824 901 898 1060 1102 873 876 1106 1493 519 516 549 552
1 3600 820
11
884 894 1057 1009 1014 1106 1075 527 524 513 516
1 3600 586
23
1085 1079 1041 1042 1031 789 786 1325 1251 1013 1010 1201 1198 1202 1238 1109 1106 1075 527 528 638 655 652
1 3600 144
11
891 823 820 879 880 1057 1009 1010 1201 1198 1206
1 3600 144
9
1020 1013 1010 1211 1208 1230 1235 1236 1219
1 3600 144
9
810 1027 827 830 894 1057 1052 1058 1095
1 3600 144
10
1085 1079 1041 1033 791 786 1325 1251 1055 1052
1 3600 144
12
912 918 809 810 1023 1024 1068 1039 1036 1031 931 926
1 3600 144
14
1085 1079 1041 1042 1037 1038 1069 1047 1048 221 224 1207 1199 1200
1 3600 90
3
897 831 819
1 3600 126
5
919 913 893 890 906
1 3600 126
6
824 911 891 892 912 916
1 3600 126
21
893 890 910 901 898 1060 1100 855 853 848 839 836 842 1133 1134 1245 77 72 100 1141 1144
1 3600 820
15
1019 1020 1013 1014 1106 1075 527 528 640 595 587 399 395 392 1258
1 3600 820
17
820 879 861 864 1100 1105 873 876 1106 1493 519 514 532 423 99 96 468
1 3600 547
18
829 830 885 886 898 883 861 859 853 848 839 836 842 195 196 905 817 441
1 3600 164
5
886 898 1060 1102 851
1 3600 164
12
1023 1024 1047 1048 221 224 1207 1204 1235 1236 1219 1214
1 3600 129
6
813 814 893 823 820 879
1 3600 129
23
829 830 894 1057 1009 1010 1211 1212 1243 1240 1470 839 836 842 1133 1134 1247 1115 1116 1280 979 976 982
1 3600 456
23
819 820 879 861 859 853 848 839 836 842 1133 1134 1245 601 598 716 543 541 538 1329 617 618 632
1 3600 820
19
223 224 1207 1202 1238 1109 1106 1075 527 524 513 514 245 242 207 210 187 182 560
1 3600 820
23
1019 1020 1013 1010 1211 1212 1243 1240 1353 835 836 842 1133 923 505 506 511 175 176 281 231 226 407
1 3600 820
25
1065 1027 827 819 824 901 898 1060 1100 1105 851 848 839 836 842 1133 923 924 934 950 966 984 489 490 752
1 3600 356
21
1063 919 913 893 890 910 901 898 883 861 859 853 848 839 836 842 1133 1134 1247 939 936
1 3600 356
27
825 818 830 894 1057 1052 1058 1099 1093 1090 1110 1122 1240 1353 835 836 842 1133 1134 481 482 718 613 573 570 606 1311
1 3600 586
22
1024 1068 1039 1036 1043 1040 1078 1086 1465 845 842 1133 1134 1245 601 598 716 611 608 729 732 617
1 3600 820
29
1029 1019 1020 1055 1009 1014 1106 1493 519 514 532 1006 403 404 420 273 274 293 296 556 215 212 29 26 124 360 257 157 158
1 3600 820
28
1067 1047 1048 221 224 1207 1202 1238 1109 1106 1075 527 528 640 595 587 399 400 209 210 233 228 460 111 114 302 388 494
1 3600 820
14
879 861 859 853 848 839 836 842 195 198 992 327 324 332
1 3600 820
31
829 830 894 1057 1009 1010 1211 1208 1228 1236 1219 1214 845 842 1133 923 920 940 950 966 487 490 750 727 722 799 800 501 498 689 375
1 3600 820
30
913 893 823 824 901 898 1060 1102 851 848 839 836 842 1133 923 924 934 952 968 1162 1183 1184 579 155 148 438 496 700 706 761
1 3600 820
35
1019 1020 1013 1014 1106 1075 527 524 513 514 532 423 99 96 468 433 430 444 474 1371 1372 1374 657 658 778 1445 1397 1394 1463 1417 1418 1422 1474 1482 1503
1 3600 820
44
820 879 861 864 1100 1105 873 876 1106 1075 527 528 640 1270 87 88 585 582 391 396 523 520 660 664 649 567 564 509 443 281 282 457 455 15 8 416 239 234 157 61 55 49 52 337
1 3600 820
39
1067 1047 1048 221 224 1207 1204 1221 1222 1350 1369 869 870 875 876 1106 1493 519 514 245 242 207 205 191 185 180 556 596 217 212 29 30 415 237 234 59 55 23 20
1 3600 820
24
1024 1068 1039 1034 1040 1078 1086 1465 845 842 195 198 992 327 328 342 1178 3 6 140 146 1156 1400 1508
1 3600 820
25
901 898 1060 1100 855 853 848 839 836 842 1133 1134 1247 939 934 952 968 1162 1183 1159 327 324 334 451 171
1 3600 820
25
1085 1086 1465 845 842 1133 923 924 936 974 1371 1372 1374 1363 1357 1354 703 700 706 1170 1469 1383 1380 949 946
1 3600 820
35
1065 1023 1024 1047 1048 221 224 1226 835 836 842 1133 1134 481 482 718 748 45 46 656 1363 1003 1004 1364 1392 1431 1407 1402 1500 997 998 743 711 708 754
1 3600 820
14
1145 1140 101 73 78 648 665 661 662 1266 1259 1151 1148 1264
1 3600 820
19
103 73 76 1119 1114 939 925 920 903 817 805 806 479 421 405 247 244 530 551
1 3600 820
18
907 910 825 818 830 894 1057 1052 1058 1095 1090 1112 1126 1201 1198 1202 1238 1109
1 3600 248
17
1143 1140 101 73 74 1117 1114 1246 1135 1132 843 837 834 1227 225 220 1050
1 3600 100
6
909 891 892 815 808 1062
1 3600 100
16
103 73 76 1244 1135 1132 843 837 838 849 852 858 860 882 899 887
1 3600 100
20
73 74 1117 1114 1246 1135 1132 843 844 1464 1087 1079 1080 929 930 1030 1037 1038 1069 1066
1 3600 171
22
101 73 76 1244 1135 1132 843 837 838 1471 1241 1242 1213 1210 1011 1008 1056 895 831 828 912 916
1 3600 820
15
1145 1140 101 73 78 567 564 179 176 281 231 232 211 205 202
1 3600 820
13
1143 1139 103 73 74 1117 1114 939 925 505 506 435 432
1 3600 820
23
915 913 829 830 894 1057 1009 1014 1106 1075 527 524 513 514 245 246 404 420 478 807 804 441 442
1 3600 390
9
1143 1140 101 73 76 1244 1135 1132 843
1 3600 205
9
1137 103 73 74 1280 979 976 980 987
1 3600 216
20
1145 1140 101 73 74 1117 1118 601 598 716 611 608 780 1321 731 734 962 961 635 632
1 3600 820
19
909 910 901 898 1060 1102 873 876 1106 1493 519 514 532 423 420 273 274 574 1165
1 3600 820
11
1137 103 73 76 1244 481 484 564 509 443 281
1 3600 820
13
1137 103 73 74 1117 1114 939 934 950 966 984 489 490
1 3600 820
7
1145 1140 101 73 76 1119 1120
1 3600 586
13
73 74 1117 1118 601 598 718 613 573 568 1326 1311 1312
1 3600 513
13
1140 101 73 76 1244 481 482 716 543 544 1331 539 534
1 3600 820
13
1143 1140 101 73 78 567 564 179 176 281 278 37 38
1 3600 820
19
915 913 893 823 820 879 861 859 853 848 839 836 842 195 198 992 327 328 346
1 3600 820
16
103 73 74 1117 1114 939 934 952 968 1162 1183 1184 579 155 152 334
1 3600 820
38
909 891 892 912 918 809 810 1027 1019 1020 1013 1010 1211 1208 1228 1236 1219 1214 845 842 1133 923 920 940 950 966 487 490 750 165 160 797 793 794 501 498 675 676
1 3600 820
34
917 913 829 830 894 1057 1052 1058 1099 1093 1090 1112 1125 1122 1240 1470 839 836 842 1133 923 924 936 447 444 474 1371 1372 1374 1363 1357 667 670 770
1 3600 820
33
907 891 823 820 879 861 859 853 848 839 836 842 195 198 994 579 155 150 160 285 286 558 1193 1189 1190 1194 1389 1390 1408 1454 1498 997 998
1 3600 820
25
73 76 1119 1114 939 934 952 968 1162 1183 1159 327 301 302 388 419 5 6 136 19 22 56 1484 1197 337
1 3600 820
42
909 910 901 898 883 880 1057 1009 1010 1211 1208 1230 1221 1222 1109 1106 1075 527 528 640 595 587 399 400 209 210 187 180 556 215 212 29 26 128 385 257 157 61 62 71 65 66
1 3600 820
27
1140 101 73 74 1117 1114 939 934 950 966 984 489 490 581 459 409 117 112 122 133 130 5 6 140 144 1401 1398
1 3600 820
17
101 73 76 601 598 718 748 659 47 42 1153 799 800 501 439 379 376
1 3600 820
24
101 73 76 1244 481 482 718 748 778 1445 1397 1394 1463 1439 629 626 1190 759 756 313 316 364 412 1384
1 3600 820
42
909 891 892 815 810 1023 1024 1047 1048 221 224 1226 835 836 842 1133 923 924 936 974 1371 1372 1374 1363 1003 1004 1364 1392 1431 1428 1387 1388 1451 1452 1131 959 954 763 715 708 685 686
1 3600 90
7
467 97 98 422 533 530 1494
1 3600 90
8
204 208 522 397 392 1151 1148 1264
1 3600 103
8
80 421 405 247 244 530 551 548
1 3600 820
6
243 244 515 518 1492 1107
1 3600 820
19
201 204 210 233 228 458 578 995 199 194 843 837 838 849 846 1111 1091 1092 1096
1 3600 820
19
660 664 563 485 480 1135 1132 843 837 838 849 850 1103 1061 899 900 825 822 888
1 3600 820
14
83 84 807 804 816 902 921 924 938 1115 1118 77 72 102
1 3600 92
5
97 98 420 81 82
1 3600 106
6
661 662 95 98 405 402
1 3600 106
9
83 80 273 207 210 233 228 460 588
1 3600 106
4
467 97 98 405
1 3600 356
7
95 96 468 433 434 511 175
1 3600 746
12
521 401 398 586 594 641 529 526 1074 1107 877 872
1 3600 820
11
94 663 660 664 649 79 74 1280 979 976 982
1 3600 820
38
660 664 563 564 179 174 443 440 805 802 489 490 750 165 162 1186 173 107 104 558 1364 631 628 1440 1458 1443 1425 1315 1316 785 782 1338 1486 1437 1343 961 635 636
1 3600 86
14
661 521 209 205 191 185 180 556 596 217 218 37 40 322
1 3600 86
6
80 273 207 205 191 188
1 3600 96
12
523 209 205 191 185 182 560 555 556 215 218 298
1 3600 356
12
204 210 187 180 556 596 331 305 300 326 1158 1184
1 3600 820
9
95 98 420 478 807 802 489 492 1490
1 3600 820
8
664 563 485 482 716 611 573 568
1 3600 820
34
274 576 215 212 348 341 338 386 343 344 373 167 168 374 688 697 694 700 669 670 768 1189 627 628 1438 1417 1418 1422 1467 785 777 623 615 618
1 3600 264
13
203 204 210 233 226 470 319 41 38 259 260 267 268
1 3600 432
9
83 80 273 274 576 596 217 212 348
1 3600 820
17
468 433 434 511 443 281 282 457 455 15 12 130 418 494 453 35 32
1 3600 820
14
274 293 296 556 596 331 305 300 324 153 150 162 1186 173
1 3600 820
19
1349 1267 95 96 468 433 430 444 474 1371 1372 1374 1363 1360 1359 1355 667 670 770
1 3600 820
24
83 84 807 802 985 487 490 750 727 722 1152 43 44 778 1413 1410 1463 1417 1414 1425 1421 1422 1474 1482
1 3600 820
26
521 209 205 191 185 180 556 215 212 29 24 464 1288 1294 1298 1302 241 234 59 55 56 51 52 255 252 310
1 3600 820
17
201 204 210 233 226 119 120 455 15 8 416 239 234 157 61 55 49
1 3600 820
16
80 273 274 576 215 212 29 30 11 12 130 5 6 140 146 1156
1 3600 820
6
84 807 802 489 492 1488
1 3600 820
24
83 84 807 804 816 904 197 198 994 579 155 148 436 375 376 1168 1346 1383 1380 315 316 364 412 1384
1 3600 820
28
83 84 807 804 816 902 940 935 936 974 1371 1372 1374 1363 1357 1354 703 700 706 761 758 1129 1130 1506 765 715 708 754
1 3600 130
7
99 94 1266 1259 1151 1148 1264
1 3600 45
8
402 1007 533 515 512 643 638 655
1 3600 256
5
244 515 518 1492 1107
1 3600 342
12
1007 533 515 512 525 526 1074 1107 1108 1223 1220 1231
1 3600 820
16
563 485 480 1135 1132 843 837 838 849 852 858 860 882 899 900 911
1 3600 820
10
421 99 94 663 660 664 649 79 72 100
1 3600 62
11
591 461 229 232 211 206 272 421 99 96 466
1 3600 62
3
99 94 1266
1 3600 130
4
403 404 420 478
1 3600 48
8
99 96 468 433 434 511 175 176
1 3600 234
10
479 421 422 533 515 518 1492 1107 877 874
1 3600 820
10
433 434 507 504 924 938 1115 1116 1280 979
1 3600 820
11
563 485 482 716 543 541 538 1329 617 618 632
1 3600 124
10
1006 403 247 242 207 205 191 185 180 556
1 3600 42
7
242 207 210 233 226 119 120
1 3600 103
11
591 461 458 578 1185 1182 1163 969 953 941 942
1 3600 342
12
420 478 807 804 816 904 943 940 935 938 1115 1120
1 3600 820
19
423 99 96 468 433 430 444 474 1371 1372 1374 1363 1003 1004 1364 631 605 606 1327
1 3600 820
24
478 807 802 489 490 750 165 160 285 286 558 1364 631 628 1440 1458 1335 1313 1308 731 734 962 961 635
1 3600 410
12
403 404 420 273 274 576 596 217 212 29 26 126
1 3600 356
15
649 567 564 503 504 920 940 952 968 1162 1183 1159 327 328 346
1 3600 631
8
591 111 114 302 386 343 344 373
1 3600 746
6
589 111 114 300 324 153
1 3600 820
16
403 247 242 207 210 233 228 458 155 150 162 1186 1359 1355 667 670
1 3600 820
18
563 564 503 504 924 936 974 1371 1372 1374 1363 1003 1004 1193 1189 1190 1129 959
1 3600 820
21
420 273 274 293 296 556 215 212 29 26 124 360 257 59 55 56 1484 1197 255 252 308
1 3600 820
23
433 434 511 443 281 278 37 38 259 260 276 1300 1460 353 350 360 257 157 61 62 71 68 382
1 3600 820
21
242 207 205 191 185 182 560 555 556 596 331 305 302 388 494 453 139 140 144 1401 1398
1 3600 820
10
403 404 420 478 807 802 985 487 492 1488
1 3600 820
18
433 430 444 474 1371 1372 1374 1363 1357 667 668 706 1170 1469 1383 1380 949 944
1 3600 820
24
433 430 446 974 1371 1372 1374 657 658 778 1445 1397 1394 1463 1417 1418 1420 1315 1316 785 782 773 623 624
1 3600 547
9
178 565 562 665 661 521 522 397 390
1 3600 128
10
178 565 562 665 661 521 401 398 584 89
1 3600 110
11
648 665 661 521 401 398 584 89 86 651 652
1 3600 97
14
510 507 504 922 1132 843 837 834 1352 1241 1123 1124 1113 1091
1 3600 432
18
175 176 440 816 904 197 194 843 837 834 1227 225 220 1049 1046 1025 1022 811
1 3600 820
20
485 480 1135 1132 843 837 838 1471 1241 1242 1213 1210 1011 1008 1056 895 831 828 912 914
1 3600 283
5
648 665 661 521 522
1 3600 43
7
567 564 509 443 440 805 806
1 3600 174
3
567 564 509
1 3600 30
11
174 510 507 504 922 1132 843 837 838 849 850
1 3600 513
13
440 816 904 197 194 843 837 838 849 852 854 1101 1061
1 3600 820
26
174 510 435 430 444 474 1371 1372 1374 657 658 778 1413 1410 1463 1439 1440 1458 1335 1333 1323 731 732 617 618 632
1 3600 513
9
176 281 278 219 214 557 181 184 188
1 3600 118
5
443 281 282 457 121
1 3600 44
5
440 816 902 940 950
1 3600 97
5
485 480 1245 1119 1120
1 3600 513
8
79 74 1117 1118 601 598 716 543
1 3600 820
35
510 507 504 920 942 197 198 994 579 580 750 727 720 738 794 289 109 104 558 1364 631 628 1440 1458 1443 1425 1315 1316 785 782 1338 1486 1437 1343 961
1 3600 820
8
443 281 231 226 119 122 340 349
1 3600 547
8
175 176 281 282 457 455 15 8
1 3600 513
17
503 504 920 940 952 968 1162 1183 1184 579 155 152 332 449 371 368 428
1 3600 410
8
564 503 504 924 936 974 1371 1372
1 3600 746
11
176 440 805 802 489 490 750 165 162 43 44
1 3600 820
22
176 440 816 904 197 198 994 579 155 148 379 376 1168 1344 1378 313 316 364 410 954 763 741
1 3600 820
15
176 281 231 226 119 122 133 13 8 237 234 59 55 56 1484
1 3600 820
18
567 564 503 504 920 940 952 968 1162 1183 1159 327 328 346 139 136 19 22
1 3600 820
15
443 281 231 228 409 117 114 302 388 419 5 6 140 146 1156
1 3600 820
8
567 564 503 506 435 430 444 472
1 3600 820
17
485 482 718 613 573 570 604 626 1190 1194 1451 1452 1506 957 411 412 1384
1 3600 820
25
510 435 430 446 974 1371 1372 1374 1363 1003 1004 1364 1392 1431 1407 1402 1497 1498 997 998 743 740 715 708 685
1 3600 820
13
836 840 866 876 1106 1075 527 528 640 595 587 582 391
1 3600 373
5
876 1106 1075 527 524
1 3600 221
14
484 562 665 661 521 522 397 390 583 586 91 86 651 652
1 3600 88
3
859 856 1376
1 3600 88
14
1433 1163 969 953 941 921 922 1132 843 837 834 1352 1241 1242
1 3600 88
6
1352 1241 1242 1233 1230 1205
1 3600 86
11
837 838 849 852 858 860 878 821 822 892 912
1 3600 513
8
872 1104 1101 1061 899 900 911 906
1 3600 820
10
1117 1114 939 934 941 903 817 805 806 85
1 3600 283
12
840 870 875 876 1106 1493 519 514 532 423 420 478
1 3600 82
7
871 841 842 1133 1134 481 484
1 3600 82
3
1281 75 78
1 3600 78
8
848 839 836 842 1133 1134 1245 601
1 3600 96
7
875 872 1103 865 860 878 886
1 3600 96
14
859 853 848 839 836 842 1133 1134 1247 1115 1116 1280 979 976
1 3600 820
18
839 836 842 1133 1134 1245 601 598 718 613 608 729 734 775 623 615 618 636
1 3600 820
12
841 842 195 198 994 579 459 409 406 470 319 322
1 3600 356
10
836 842 195 198 992 327 301 115 116 406
1 3600 88
9
1100 1105 851 848 839 836 842 1133 923
1 3600 88
6
1281 1117 1118 601 598 718
1 3600 88
8
871 841 842 1133 1134 481 482 718
1 3600 88
3
600 1119 1120
1 3600 102
17
851 848 839 836 842 1133 1134 1245 601 598 716 543 544 1331 1329 733 734
1 3600 482
7
598 716 543 541 538 1329 617
1 3600 820
16
836 842 195 198 992 327 301 302 339 133 13 10 415 416 1305 1299
1 3600 820
25
876 1106 1075 527 528 640 1270 87 88 1477 603 391 396 523 209 210 187 180 556 215 212 348 341 133 130
1 3600 547
10
871 841 842 195 198 992 327 324 332 381
1 3600 234
18
871 841 842 1133 923 920 940 950 966 487 490 750 727 722 799 800 501 439
1 3600 304
18
851 848 839 836 842 1133 1134 481 482 718 748 659 656 1363 1357 667 670 770
1 3600 820
20
848 839 836 842 1133 1134 481 482 718 613 608 780 1321 1322 1319 1316 1466 1474 1482 1504
1 3600 820
33
836 844 1215 1218 1225 1222 1109 1106 1493 1077 527 524 513 514 245 242 274 576 596 217 212 29 30 415 416 239 234 157 61 55 49 52 255
1 3600 820
23
1353 835 836 842 1133 923 924 934 952 968 1162 1183 1159 327 328 346 139 140 142 69 70 19 16
1 3600 820
19
75 76 1119 1114 939 934 952 968 1162 1183 1159 327 328 342 1178 3 6 140 144
1 3600 820
15
76 1244 1247 939 934 950 966 487 490 581 155 148 436 375 376
1 3600 820
19
1281 1117 1118 601 598 716 611 573 570 604 626 1190 759 756 313 316 364 412 1384
1 3600 820
15
848 839 836 842 1133 1134 481 482 716 543 544 1331 1329 617 620
1 3600 820
19
977 978 1281 1117 1114 939 925 920 903 817 805 806 479 421 405 247 244 530 1494
1 3600 820
9
880 1057 1009 1014 1106 1493 519 516 1268
1 3600 820
14
887 884 894 1057 1009 1010 1201 1198 1204 1235 1236 1219 1216 1366
1 3600 105
5
880 1057 1054 1250 1045
1 3600 46
21
991 981 977 978 1281 75 76 1244 1135 1132 843 837 838 849 852 858 860 878 821 822 888
1 3600 186
10
989 983 977 978 1281 75 72 100 1141 1144
1 3600 820
12
991 981 977 978 1281 75 78 648 665 661 521 522
1 3600 820
15
991 981 977 978 1281 1117 1114 939 925 920 942 905 817 805 806
1 3600 482
15
981 977 978 1281 75 76 1244 1247 939 934 941 903 817 441 442
1 3600 66
7
861 862 1095 1090 1110 1122 1240
1 3600 66
10
977 978 1281 1117 1114 1246 1135 1132 843 844
1 3600 221
14
861 859 853 848 839 836 842 1133 1134 1245 77 74 1280 979
1 3600 182
18
981 977 978 1281 75 76 601 598 718 613 608 729 734 775 623 615 618 632
1 3600 820
20
887 884 896 1020 1013 1014 1106 1075 527 528 640 595 587 399 400 209 205 191 185 180
1 3600 820
15
978 1281 1117 1114 939 934 950 964 968 1162 1183 1184 579 459 460
1 3600 456
12
991 981 977 978 1281 75 76 1244 1135 923 505 506
1 3600 105
11
981 977 978 1281 1117 1114 939 934 950 966 984
1 3600 55
9
978 1281 75 76 601 598 716 543 541
1 3600 171
15
983 977 978 1281 1117 1118 1244 481 482 718 613 608 729 732 617
1 3600 820
28
991 981 977 978 1281 75 76 1244 1135 923 920 942 197 198 992 327 301 302 388 419 131 13 10 31 24 464 1288 1292
1 3600 820
16
978 1281 1117 1114 939 934 952 968 1162 1183 1159 327 328 342 1178 495
1 3600 820
21
991 981 977 978 1281 1117 1114 939 934 950 966 487 490 581 155 152 334 451 371 368 428
1 3600 432
12
991 981 977 978 1281 75 76 601 598 718 748 45
1 3600 315
20
989 983 977 978 1281 75 76 1244 1135 923 924 936 447 444 474 1371 1372 1374 657 658
1 3600 684
18
978 1281 1117 1114 1246 481 482 716 611 573 568 1321 1322 1319 1316 785 782 1338
1 3600 820
22
977 978 1281 75 76 1244 1135 1132 195 198 992 327 328 346 139 136 19 22 56 1484 1197 337
1 3600 820
23
970 978 1281 1117 1114 939 934 952 968 1162 1183 1184 579 155 152 332 381 345 346 139 140 142 382
1 3600 820
39
861 862 1099 1093 1090 1112 1126 1201 1198 1202 1238 1109 1106 1075 527 524 513 514 532 423 420 273 274 293 296 556 215 212 348 15 12 130 5 6 140 146 1156 1400 1508
1 3600 820
18
981 977 978 1281 1117 1114 939 936 974 1371 1372 1374 1363 1360 1359 703 700 704
1 3600 820
32
989 983 977 978 1281 75 76 1244 1135 923 920 940 950 966 984 489 490 750 727 720 738 794 501 496 700 706 761 756 313 316 364 412
1 3600 820
25
983 977 978 1281 1117 1118 601 598 718 748 778 1445 1397 1394 1463 1417 1418 1422 1467 785 777 623 624 684 754
1 3600 820
32
633 619 614 622 776 784 1317 1314 1424 1442 1459 1441 629 630 1365 1005 1002 1362 1375 1373 1370 475 445 431 432 469 97 94 1266 1259 1151 1146
1 3600 820
35
633 634 960 1342 1436 1502 1483 1475 1423 1419 1416 1462 1395 1396 1444 779 659 656 1375 1373 1370 975 447 431 432 469 97 98 422 533 515 512 643 638 655
1 3600 820
17
637 619 616 1328 1330 545 542 717 599 600 1244 1135 1132 843 840 866 876
1 3600 631
17
637 634 960 963 735 728 609 612 719 483 480 1135 1132 843 837 834 1227
1 3600 190
25
633 619 616 1328 539 540 542 717 599 600 1244 1135 1132 843 844 1215 1218 1237 1229 1209 1210 1011 1008 1056 895
1 3600 115
18
633 619 614 622 774 735 730 1320 569 572 612 719 599 600 77 72 102 1138
1 3600 820
41
633 634 960 1342 1436 1487 1339 783 784 1317 1318 1332 1334 1459 1441 629 626 1188 769 766 707 701 695 696 689 375 169 166 372 345 342 387 303 304 330 597 557 181 184 190 204
1 3600 820
20
637 619 616 733 730 1309 1310 607 604 630 1365 559 287 284 161 151 154 459 460 590
1 3600 820
25
637 619 614 622 776 784 1466 1423 1419 1416 1462 1411 1412 779 45 42 163 164 751 491 488 803 804 441 177
1 3600 456
15
633 634 960 963 735 728 609 610 717 483 480 1135 1132 843 837
1 3600 106
36
633 619 614 622 772 783 784 1317 1314 1424 1415 1416 1439 629 630 1365 1005 1002 1362 1375 1373 1370 975 937 925 922 1132 843 837 838 849 850 1104 1101 1061 899
1 3600 820
31
637 619 620 684 709 714 762 955 411 365 317 314 1381 1345 1169 377 169 166 372 345 342 387 339 340 349 213 214 557 554 561 183
1 3600 820
28
633 634 960 1342 1436 1502 1483 1475 1423 1419 1416 1439 629 630 1365 1005 1000 1354 1358 1187 163 151 152 325 301 115 112 120
1 3600 820
24
637 619 616 733 730 1309 1310 607 604 630 1365 559 105 108 288 801 798 723 726 751 491 488 803 804
1 3600 631
8
633 619 616 1328 539 540 542 717
1 3600 228
12
633 634 960 1342 1436 1487 1339 783 784 1317 1318 1332
1 3600 106
3
637 619 614
1 3600 820
40
637 634 960 963 735 730 1309 1312 1334 1459 1441 629 626 1188 769 671 668 701 695 677 674 689 375 169 166 368 428 33 34 452 3 4 131 13 8 416 1305 1299 1296 353
1 3600 820
24
637 619 620 684 709 714 764 957 411 365 317 312 1379 1382 1347 1169 377 169 166 368 428 33 34 139
1 3600 820
27
633 619 614 622 776 784 1317 1314 1424 1442 1459 1441 629 626 1188 769 766 707 701 497 439 379 169 166 368 428 33
1 3600 820
21
637 634 960 1342 1436 1487 1481 1475 1423 1419 1416 1439 629 630 1365 1193 769 766 1170 1469 1347
1 3600 684
14
637 619 614 622 772 783 784 1317 1314 1424 1415 1416 1462 1411
1 3600 820
7
633 619 620 684 709 710 742
1 3600 820
34
637 634 960 1342 1436 1502 1483 1475 1423 1419 1416 1462 1395 1396 1444 779 45 42 163 151 152 334 698 381 345 346 139 136 63 55 56 51 52 255
1 3600 820
28
637 619 616 733 730 1320 1326 607 604 626 1188 769 671 668 701 695 696 689 375 169 170 448 381 345 346 139 136 63
1 3600 820
25
633 634 960 963 735 730 1309 1312 1336 607 604 630 1365 559 287 284 161 151 152 325 328 346 139 140 144
1 3600 820
20
633 619 614 622 776 784 1466 1423 1420 1424 1442 1459 1441 629 626 1190 759 760 707 704
1 3600 820
11
637 619 620 684 709 714 762 955 411 412 1384
1 3600 820
6
637 619 614 624 684 754
1 3600 410
9
574 1165 561 183 186 211 208 522 397
1 3600 513
9
560 1164 575 275 243 244 530 551 548
1 3600 820
11
291 292 275 243 244 515 512 643 638 655 652
1 3600 820
17
291 292 275 272 421 422 533 515 518 1492 1107 1015 1012 1250 1045 1046 1068
1 3600 820
16
211 206 243 244 515 512 525 526 1074 1107 1015 1012 1021 1018 1026 1064
1 3600 820
22
189 190 204 208 401 398 586 594 641 529 526 1074 1107 1015 1008 1056 895 831 828 893 890 908
1 3600 78
7
292 275 272 421 99 94 1266
1 3600 78
10
561 183 184 190 204 206 272 421 99 96
1 3600 128
6
291 292 275 272 421 422
1 3600 586
8
321 41 36 279 280 442 508 565
1 3600 820
13
323 318 471 407 408 458 578 995 199 194 843 840 866
1 3600 820
16
576 596 331 305 300 326 993 199 194 843 837 838 849 852 858 860
1 3600 820
40
185 180 556 215 212 348 341 338 386 343 344 373 167 168 374 688 675 676 694 700 706 767 768 1189 627 628 1440 1458 1443 1425 1421 1422 1474 1482 1503 1437 1343 961 635 636
1 3600 120
8
180 556 596 217 218 37 40 320
1 3600 96
10
295 296 556 215 218 298 457 121 118 407
1 3600 96
6
291 296 181 186 233 228
1 3600 96
8
291 296 556 596 217 218 279 231
1 3600 256
25
323 41 38 259 260 267 270 358 355 352 127 128 1303 1304 417 9 12 130 418 494 1179 343 329 326 1158
1 3600 820
12
556 596 331 305 300 324 153 150 162 1153 737 721
1 3600 820
31
1165 555 556 215 212 348 341 338 386 1178 453 35 32 429 369 370 171 168 378 438 496 702 1355 1001 1004 1364 631 605 571 572 610
1 3600 820
24
292 576 596 331 305 300 324 153 150 160 285 286 558 1364 631 605 606 1311 1308 731 734 962 961 635
1 3600 104
3
576 215 218
1 3600 104
6
215 212 29 26 128 385
1 3600 104
11
185 180 556 596 217 212 29 24 464 1286 357
1 3600 106
9
189 185 180 556 215 212 29 30 11
1 3600 513
5
576 596 331 305 300
1 3600 820
15
295 296 556 215 212 348 341 338 386 343 344 380 333 153 150
1 3600 820
19
183 186 233 228 458 580 750 165 162 43 44 778 1445 1397 1394 1463 1439 1440 1458
1 3600 820
33
1165 555 556 596 217 212 29 30 11 12 130 5 2 453 35 32 429 369 167 168 376 1168 1346 1383 1380 315 316 364 410 954 763 741 744
1 3600 820
11
215 212 29 26 124 360 257 59 55 56 1484
1 3600 820
14
323 41 38 259 260 276 1300 367 355 350 360 257 157 61
1 3600 820
13
556 596 217 212 348 15 12 130 5 6 140 146 1154
1 3600 820
15
185 186 233 226 119 113 114 302 388 494 453 35 32 429 426
1 3600 820
19
596 331 305 302 386 343 344 373 167 168 376 1168 1344 1380 949 363 364 412 1384
1 3600 820
31
295 296 556 215 212 348 341 338 386 343 344 380 449 171 168 374 688 697 694 700 706 761 758 1129 959 956 765 715 708 685 686
1 3600 547
13
406 227 232 211 208 522 397 390 583 586 592 547 552
1 3600 356
8
299 219 214 577 275 243 244 530
1 3600 820
12
232 211 208 401 395 390 602 1476 89 86 651 652
1 3600 684
18
227 230 280 440 816 902 921 922 1132 843 837 838 1471 1241 1123 1111 1091 1094
1 3600 820
24
456 283 280 177 174 510 507 504 922 1132 843 844 1464 1087 1079 1041 1035 1038 1069 1025 1022 811 814 893
1 3600 820
18
408 458 578 995 199 194 843 837 838 849 852 858 860 882 899 900 911 906
1 3600 94
6
280 442 510 435 432 469
1 3600 46
4
232 211 206 243
1 3600 146
4
283 280 177 178
1 3600 315
16
458 580 491 486 967 951 941 921 922 1132 843 837 838 849 850 1104
1 3600 820
18
117 114 300 326 1158 1182 1163 969 953 935 938 1115 1116 1280 979 976 980 990
1 3600 820
29
111 114 300 324 153 150 160 285 109 106 172 1361 1003 1004 1364 631 628 1438 1417 1418 1422 1467 785 782 773 623 615 618 636
1 3600 34
4
278 37 40 322
1 3600 98
5
457 121 113 110 461
1 3600 28
6
280 440 816 902 940 952
1 3600 205
10
114 300 326 993 199 196 943 921 924 936
1 3600 820
21
407 408 458 155 148 438 496 700 669 670 768 1189 627 605 606 1311 1308 731 732 1328 539
1 3600 820
26
408 458 580 750 727 720 736 1152 43 44 778 1413 1410 1463 1417 1414 1425 1315 1316 785 782 1338 1486 1437 1343 1340
1 3600 83
3
230 282 299
1 3600 38
6
460 111 114 302 388 494
1 3600 128
6
226 119 122 338 386 343
1 3600 293
10
117 114 300 324 153 150 162 1186 1361 1362
1 3600 820
28
457 455 341 133 130 418 494 453 35 32 429 369 167 168 374 688 675 676 694 700 669 670 768 1189 627 628 1438 1417
1 3600 820
17
458 155 150 160 285 109 104 558 1364 631 628 1438 1417 1418 1422 1474 1482
1 3600 820
14
460 111 112 122 340 15 8 237 234 59 55 49 52 337
1 3600 547
20
406 470 319 41 38 259 260 267 270 358 355 350 360 257 157 61 62 71 65 66
1 3600 820
12
409 117 114 302 388 494 453 35 32 429 424 1174
1 3600 820
10
119 122 338 386 343 344 373 167 168 376
1 3600 820
16
114 302 386 343 344 380 449 171 168 376 1168 1346 1383 1380 949 946
1 3600 820
22
458 580 750 727 722 1152 1186 1361 1003 1004 1364 1392 1431 1407 1402 1500 997 998 743 711 708 685
1 3600 820
17
1185 1182 1163 969 965 951 935 925 505 506 435 432 469 97 94 1266 1259
1 3600 456
14
491 488 803 806 479 421 405 402 1007 533 515 512 525 526
1 3600 746
9
578 995 199 194 843 840 870 875 876
1 3600 356
8
504 922 1132 843 837 838 849 846
1 3600 820
16
993 199 194 843 837 834 1352 1241 1242 1213 1210 1011 1012 1021 1018 827
1 3600 820
25
902 921 922 1132 843 844 1215 1218 1237 1229 1209 1210 1127 1113 1091 1094 1059 1053 1056 895 885 821 822 890 908
1 3600 356
8
753 581 459 229 232 211 205 202
1 3600 117
7
491 488 803 806 479 421 405
1 3600 110
5
951 941 903 817 441
1 3600 110
4
804 441 442 508
1 3600 82
7
943 921 922 1132 843 840 870
1 3600 631
16
491 486 967 951 935 938 1246 1135 1132 843 837 838 849 852 858 860
1 3600 820
29
196 943 940 935 936 447 444 474 1371 1372 1374 657 658 778 1445 1397 1394 1463 1417 1414 1425 1315 1316 785 777 623 615 618 636
1 3600 283
5
994 579 459 229 232
1 3600 117
4
502 179 176 281
1 3600 117
5
753 581 459 409 406
1 3600 117
6
506 511 443 281 231 228
1 3600 117
3
581 459 460
1 3600 92
6
951 941 942 905 817 805
1 3600 97
4
921 924 938 1248
1 3600 97
3
995 199 194
1 3600 97
6
1163 969 953 935 938 1246
1 3600 97
3
936 974 1371
1 3600 273
19
1158 1184 579 580 750 165 160 797 800 289 286 558 1364 631 605 571 572 610 543
1 3600 820
13
1184 579 155 150 162 43 44 749 613 610 543 541 536
1 3600 315
11
1159 327 301 302 388 419 131 13 10 31 24
1 3600 97
9
581 155 152 325 328 342 1178 495 419
1 3600 97
8
1161 1162 1183 1159 327 328 346 35
1 3600 97
6
941 942 197 198 992 327
1 3600 76
13
994 579 580 750 165 160 285 109 106 172 1359 1355 667
1 3600 283
17
476 327 324 153 148 438 496 700 706 761 758 1194 1389 1390 1408 1454 1496
1 3600 820
16
993 994 579 155 150 162 1186 1361 1003 1004 1364 1392 1431 1407 1402 1497
1 3600 820
16
1162 1183 1159 327 328 346 139 136 19 22 56 1484 1197 337 307 310
1 3600 746
11
968 1162 1183 1159 327 328 346 139 140 142 69
1 3600 586
8
581 155 152 332 699 451 371 368
1 3600 746
13
966 487 490 750 727 720 738 794 501 498 689 375 169
1 3600 820
14
1184 579 155 148 379 376 1168 1344 1378 313 316 364 412 1384
1 3600 820
24
921 924 936 447 444 474 1371 1372 1374 1363 1357 667 670 768 1189 1190 1129 1130 1506 765 715 708 685 686
1 3600 820
15
486 967 951 935 925 505 502 565 562 665 661 521 401 398 584
1 3600 820
16
748 659 656 1375 1373 1370 475 445 431 432 469 97 98 422 533 515
1 3600 820
15
725 726 751 491 486 967 951 935 925 922 1132 843 840 868 1366
1 3600 241
14
493 488 985 967 951 941 921 922 1132 843 844 1215 1218 1225
1 3600 373
18
973 970 978 1281 75 76 1244 1135 1132 843 837 834 1227 225 220 1049 1046 1025
1 3600 820
10
975 937 938 1115 1118 77 72 100 1141 1144
1 3600 820
10
1491 493 488 803 806 85 80 273 207 205
1 3600 410
9
751 491 488 803 806 479 421 405 247
1 3600 132
7
1370 475 445 431 434 507 502
1 3600 90
8
483 480 1135 1132 843 837 838 849
1 3600 90
7
1249 1246 1135 1132 843 840 866
1 3600 90
5
1135 1132 843 840 866
1 3600 154
9
1133 1134 1247 1115 1116 1280 979 976 982
1 3600 820
20
493 490 750 165 160 285 286 558 1364 631 605 606 1337 1333 1323 731 732 617 618 636
1 3600 820
11
490 581 459 229 230 278 219 216 597 557 297
1 3600 228
4
490 581 459 229
1 3600 104
11
736 1152 163 151 154 578 1185 1182 1163 969 953
1 3600 104
10
1491 493 486 967 951 941 942 197 198 992
1 3600 104
3
488 803 804
1 3600 104
8
1249 939 925 920 942 197 198 994
1 3600 74
6
493 486 967 951 935 936
1 3600 92
13
1372 1374 657 658 778 1413 1410 1463 1439 1440 1458 1335 1313
1 3600 92
12
973 970 978 1281 1117 1114 1246 481 482 716 543 541
1 3600 92
7
1249 1246 481 482 716 543 541
1 3600 304
19
474 1371 1372 1374 657 658 778 1445 1397 1394 1463 1439 1440 1458 1335 1313 1308 731 732
1 3600 820
23
1491 493 486 967 964 968 1162 1183 1159 327 301 302 339 340 15 8 416 239 240 129 126 1461 367
1 3600 342
10
748 659 47 42 163 151 152 325 301 302
1 3600 117
17
974 1371 1372 1374 1363 1357 1354 703 695 677 674 689 375 169 170 450 698
1 3600 110
3
799 800 501
1 3600 110
7
727 722 799 800 289 109 106
1 3600 110
11
1245 601 598 718 748 659 656 1363 1360 173 107
1 3600 110
10
1371 1372 1374 1363 1360 1359 703 497 439 436
1 3600 68
12
1118 601 598 716 611 573 568 1326 1337 1334 1443 1415
1 3600 432
16
1246 481 482 718 613 573 570 604 626 1190 1194 1451 1448 1454 1498 997
1 3600 820
21
1118 1244 1135 923 505 506 511 443 281 282 457 455 15 8 237 234 59 55 56 51 52
1 3600 820
15
726 165 151 152 334 698 381 345 342 1178 3 6 140 142 382
1 3600 746
17
1121 1114 939 925 920 942 197 198 992 327 324 332 449 371 368 424 1172
1 3600 513
12
599 600 1119 1114 939 934 950 966 984 489 492 1488
1 3600 820
14
725 720 738 794 501 496 700 706 1170 1469 1383 1380 949 944
1 3600 820
22
165 162 1186 1361 1003 1004 1364 1392 1431 1428 1387 1390 1408 1449 1452 1131 959 954 763 715 708 754
1 3600 820
16
781 609 612 719 483 484 562 665 661 521 522 397 392 1151 683 678
1 3600 820
14
735 728 609 612 719 483 484 562 665 661 521 401 398 586
1 3600 820
17
717 483 484 566 648 665 661 521 522 397 390 602 1476 89 86 651 652
1 3600 373
17
569 572 612 719 599 600 1244 1135 1132 843 844 1464 1087 1079 1041 1035 1038
1 3600 328
21
545 542 717 599 600 1244 1135 1132 843 837 834 1227 225 220 1049 1046 1025 1022 811 808 919
1 3600 684
11
1330 545 542 717 599 600 77 72 100 1141 1144
1 3600 820
25
730 1309 1310 607 604 630 1365 1005 1000 1354 1358 1187 163 151 152 325 301 304 330 597 557 181 184 190 204
1 3600 820
29
775 772 783 784 1317 1314 1421 1419 1416 1462 1395 1396 1444 779 45 46 656 1375 1373 1370 475 445 431 432 469 97 98 405 247
1 3600 586
19
1337 1334 1459 1441 1438 1462 1411 1412 779 659 656 1375 1373 1370 975 447 431 434 511
1 3600 89
14
735 728 609 612 719 483 480 1135 1132 843 837 838 849 850
1 3600 70
22
569 572 610 717 483 480 1135 1132 843 837 838 1471 1241 1242 1213 1210 1011 1008 1056 881 878 886
1 3600 513
6
729 734 962 961 635 636
1 3600 820
23
604 626 1190 759 756 1379 1345 1169 377 169 166 372 345 342 387 339 340 349 213 214 557 554 561
1 3600 820
16
573 570 604 630 1365 559 105 108 284 161 151 152 325 301 115 116
1 3600 256
14
1326 607 604 630 1365 1005 1002 1362 1375 1373 1370 475 445 431
1 3600 78
16
1326 1337 1334 1459 1441 1438 1462 1395 1396 1444 779 659 656 1375 1373 1370
1 3600 78
5
542 717 599 600 1119
1 3600 78
6
612 719 599 600 1119 1120
1 3600 117
4
542 611 573 570
1 3600 84
12
1312 1333 1319 1316 785 782 1338 1486 1437 1343 961 635
1 3600 84
7
1313 1308 731 732 1328 539 534
1 3600 820
31
780 569 570 604 626 1188 769 671 668 701 695 696 689 375 169 166 368 428 33 34 452 3 4 131 13 8 416 1305 1302 385 361
1 3600 820
30
538 1329 733 730 1322 1332 1334 1459 1441 629 626 1188 769 766 707 701 497 439 379 169 166 368 428 33 34 452 495 419 131 134
1 3600 513
24
776 784 1317 1314 1424 1442 1459 1441 629 630 1365 1193 769 671 668 701 695 677 674 689 375 169 166 372
1 3600 81
15
1329 733 730 1309 1312 1334 1459 1441 629 626 1188 769 766 1170 1472
1 3600 93
9
1337 1334 1443 1415 1416 1462 1395 1396 1446
1 3600 93
12
542 611 573 570 604 626 1190 759 756 313 316 362
1 3600 93
12
1312 1334 1459 1441 629 626 1190 759 756 313 316 362
1 3600 128
10
1331 1329 733 734 775 772 1338 1481 1482 1504
1 3600 820
28
608 780 1326 607 604 630 1365 559 287 288 795 792 796 161 151 152 334 698 381 345 346 139 136 19 22 56 1484 1197
1 3600 820
28
775 776 784 1466 1423 1419 1416 1439 629 630 1365 1005 1000 1354 703 497 439 379 169 166 368 428 33 34 139 136 19 22
1 3600 820
17
570 604 626 1190 759 756 1379 1382 1347 1169 377 169 170 371 368 424 1174
1 3600 820
20
775 772 783 784 1466 1423 1419 1416 1439 629 630 1365 1193 769 671 668 701 695 677 672
1 3600 820
9
607 604 626 1190 1129 959 411 412 1384
1 3600 820
3
1329 617 620
1 3600 820
35
1341 1342 1436 1487 1339 783 784 1317 1314 1424 1415 1416 1462 1411 1412 779 45 46 656 1375 1373 1370 975 937 925 505 506 435 432 469 97 94 1266 1259 1260
1 3600 820
34
733 730 1322 1319 1314 1424 1415 1416 1462 1395 1396 1444 779 659 656 1375 1373 1370 475 445 446 937 925 920 903 817 805 806 479 421 422 533 530 551
1 3600 820
16
960 963 735 728 609 612 719 483 480 1135 1132 843 844 1215 1216 1366
1 3600 820
18
1328 539 540 542 717 483 480 1135 1132 843 837 834 1352 1241 1242 1213 1210 1011
1 3600 482
35
1342 1436 1502 1483 1475 1423 1419 1416 1462 1395 1396 1444 779 749 719 599 600 1244 1135 1132 843 837 838 1471 1241 1123 1124 1113 1091 1092 1098 1059 1053 1054 1021
1 3600 547
11
1328 1330 545 542 717 599 600 77 72 100 1141
1 3600 820
25
535 540 542 611 573 570 604 630 1365 1005 1002 1360 1187 163 151 152 325 301 304 330 597 557 181 184 190
1 3600 820
21
733 730 1309 1312 1334 1459 1441 1438 1462 1411 1412 779 659 656 1375 1373 1370 975 447 431 432
1 3600 820
9
616 1328 1330 545 542 717 483 484 566
1 3600 373
17
622 774 735 728 609 612 719 483 480 1135 1132 843 837 838 849 850 1103
1 3600 195
13
537 540 542 717 599 600 1119 1116 1280 979 976 980 987
1 3600 210
3
617 618 632
1 3600 820
31
960 1342 1436 1487 1339 783 784 1317 1314 1424 1442 1459 1441 629 630 1365 559 105 108 284 161 151 152 325 301 304 330 597 557 181 184
1 3600 820
21
1341 1342 1436 1502 1483 1475 1423 1419 1416 1462 1395 1396 1444 779 45 42 163 151 154 459 229
1 3600 820
27
1341 963 775 776 784 1317 1314 1424 1415 1416 1462 1411 1412 779 659 656 1375 1373 1370 475 445 446 937 925 505 506 435
1 3600 234
6
619 616 733 728 609 612
1 3600 77
10
1342 1436 1487 1339 783 784 1317 1318 1332 1336
1 3600 77
7
960 963 735 730 1309 1310 607
1 3600 152
3
622 774 962
1 3600 820
25
537 540 542 611 573 570 604 630 1365 1005 1002 1360 1187 1153 723 726 751 581 459 409 406 470 319 41 38
1 3600 820
24
614 624 684 709 714 764 957 411 365 317 314 1381 1345 1169 377 169 170 448 381 345 342 1178 3 4
1 3600 820
21
619 620 684 709 714 762 955 411 365 362 948 1381 1382 1347 1169 377 169 166 368 428 33
1 3600 342
23
535 538 1329 733 730 1322 1332 1334 1459 1441 629 626 1188 769 766 707 701 695 696 689 375 169 170
1 3600 86
7
614 622 776 784 1466 1423 1420
1 3600 54
11
535 538 1329 617 614 624 684 709 710 742 999
1 3600 820
31
622 772 783 784 1466 1423 1419 1416 1439 629 630 1365 559 287 284 161 151 152 325 328 346 139 140 142 69 70 63 55 49 52 337
1 3600 820
29
1342 1436 1502 1483 1475 1423 1420 1424 1442 1459 1441 629 626 1188 769 671 668 701 497 498 689 375 169 166 372 345 346 139 136
1 3600 820
23
535 540 542 611 608 780 1326 607 604 630 1365 1005 1000 1354 703 497 439 436 375 169 166 368 424
1 3600 820
19
535 540 542 611 573 570 604 626 1188 769 766 707 701 695 677 674 689 375 169
1 3600 820
13
1341 963 775 623 624 684 709 714 764 957 411 412 1384
1 3600 820
3
624 684 754
1 3600 820
18
352 127 27 28 213 214 557 181 184 190 204 208 401 395 392 1151 1148 1264
1 3600 820
15
1295 1289 465 25 28 213 214 577 275 243 244 530 551 548 1268
1 3600 820
11
213 216 597 577 275 243 244 515 518 1492 1107
1 3600 820
20
265 258 39 36 219 214 557 181 186 211 206 272 421 422 533 515 518 1492 1107 1108
1 3600 820
26
31 28 213 216 597 577 275 272 421 405 402 1007 533 515 512 525 526 1074 1107 1015 1012 1021 1018 1026 811 812
1 3600 820
32
251 254 1196 1485 57 23 18 137 138 347 329 326 993 199 194 843 844 1215 1218 1237 1234 1205 1199 1200 1011 1008 1056 895 831 828 912 914
1 3600 283
14
31 28 213 214 557 181 184 190 204 206 272 421 99 96
1 3600 482
15
261 258 39 36 219 216 597 557 297 292 275 272 421 405 402
1 3600 820
17
251 254 53 48 54 58 235 236 9 14 454 456 283 280 177 178 565
1 3600 820
19
11 12 130 5 2 453 347 329 326 1158 1182 1163 969 953 935 938 1115 1118 77
1 3600 820
29
156 235 238 417 9 12 132 123 118 227 232 211 208 522 397 390 583 586 594 641 529 526 1074 1107 877 872 1103 865 860
1 3600 820
48
1283 1284 319 41 38 259 260 276 1300 1460 127 128 241 234 157 61 62 137 138 35 32 429 369 370 171 168 374 688 697 694 700 706 767 768 1189 627 628 1438 1417 1418 1422 1467 785 777 623 615 618 632
1 3600 285
7
261 258 39 36 219 214 557
1 3600 285
12
276 1287 465 25 28 213 216 597 557 181 184 192
1 3600 285
9
258 39 36 219 214 557 181 184 188
1 3600 285
18
251 254 53 50 57 54 60 156 256 384 129 27 28 213 216 597 557 297
1 3600 285
9
126 1461 1301 277 261 258 39 40 322
1 3600 285
6
36 219 214 557 297 290
1 3600 285
11
361 351 354 359 271 266 261 258 39 40 320
1 3600 273
10
384 1303 1304 417 9 14 341 123 113 110
1 3600 273
5
298 457 121 113 110
1 3600 273
11
1297 1298 1304 417 9 14 454 121 118 407 408
1 3600 328
17
128 385 257 59 62 71 68 143 141 138 347 329 326 993 199 196 905
1 3600 820
19
124 360 257 157 61 62 137 138 347 329 326 1158 1182 1163 969 953 941 921 922
1 3600 820
25
128 241 236 9 12 130 5 2 1179 343 344 373 167 168 376 1168 1344 1378 757 758 1191 627 605 606 1311
1 3600 820
30
1294 1298 1304 417 9 12 130 418 389 303 300 324 153 150 162 43 44 778 1445 1397 1394 1463 1417 1418 1422 1474 1480 1486 1437 1343
1 3600 232
4
1295 1290 1301 277
1 3600 232
7
1290 1460 127 27 28 213 216
1 3600 232
7
265 260 267 270 358 355 350
1 3600 281
14
269 270 356 1287 465 25 30 11 12 130 418 494 1179 1180
1 3600 281
10
1294 1298 1302 241 234 59 62 71 68 143
1 3600 281
8
465 25 30 11 14 341 338 303
1 3600 281
12
319 41 38 259 260 276 1300 1291 1294 1298 1304 417
1 3600 281
15
259 260 267 270 358 366 1460 127 128 241 236 9 12 130 5
1 3600 281
13
263 260 276 357 358 355 350 360 257 157 61 62 137
1 3600 281
3
128 241 238
1 3600 281
4
59 62 137 138
1 3600 281
10
1288 1294 1298 1304 417 9 12 130 5 2
1 3600 281
12
249 254 1196 1485 57 23 18 137 7 2 495 389
1 3600 304
12
27 30 11 12 130 418 494 453 35 32 429 369
1 3600 631
23
1293 1294 1296 353 350 360 257 157 61 62 71 68 143 141 138 347 329 324 153 150 162 43 46
1 3600 820
21
257 59 62 137 138 35 32 429 369 167 168 374 688 675 676 694 700 706 761 758 1194
1 3600 820
28
384 241 236 9 14 341 338 386 343 344 380 699 451 171 168 376 1168 1346 1383 1380 315 316 364 410 954 763 715 708
1 3600 239
19
38 259 260 267 270 358 355 350 360 257 157 61 55 56 1484 1197 255 252 308
1 3600 239
14
464 1288 1290 1460 127 128 385 257 59 55 49 52 337 307
1 3600 239
6
61 55 56 51 52 337
1 3600 152
7
127 128 241 234 59 55 56
1 3600 631
14
125 27 30 11 12 130 418 494 453 35 32 429 424 1172
1 3600 820
16
260 276 1300 367 355 350 360 257 157 61 62 71 68 143 144 1510
1 3600 820
20
1287 465 25 30 11 14 341 338 386 343 344 373 167 168 376 1168 1344 1380 949 944
1 3600 820
29
366 1291 1294 1298 1304 417 9 12 130 418 389 303 300 324 153 148 438 496 700 706 761 758 1129 1130 1506 765 715 708 685
1 3600 820
11
389 339 123 118 227 232 211 208 522 397 392
1 3600 820
14
7 4 131 132 123 118 227 232 211 208 401 398 586 592
1 3600 820
11
389 303 300 326 993 199 194 843 840 868 1366
1 3600 820
18
138 347 329 326 993 199 194 843 844 1464 1087 1082 929 930 1030 1037 1038 1069
1 3600 820
21
135 132 340 349 213 216 597 577 275 243 244 515 518 1492 1107 1015 1008 1056 895 885 821
1 3600 820
14
340 454 456 283 280 442 508 565 566 79 72 102 1138 1142
1 3600 410
12
115 110 461 229 232 211 206 272 421 99 96 466
1 3600 390
8
14 454 456 283 280 440 805 806
1 3600 631
11
414 31 28 213 218 279 280 177 178 565 566
1 3600 746
15
1179 343 329 326 1158 1182 1163 969 953 941 921 922 1132 843 840
1 3600 820
16
300 326 1158 1182 1163 969 953 935 938 1115 1116 1280 979 976 982 988
1 3600 820
27
338 303 300 324 153 150 160 285 109 104 558 1364 631 628 1440 1458 1443 1425 1315 1316 785 782 773 623 615 618 632
1 3600 114
8
340 349 213 214 557 181 184 188
1 3600 77
8
7 2 1179 387 303 115 110 461
1 3600 77
3
303 115 116
1 3600 95
6
2 453 347 329 326 993
1 3600 315
14
141 138 347 329 326 1158 1182 1163 969 953 935 938 1115 1120
1 3600 820
21
494 1179 343 344 373 167 168 374 688 697 694 700 669 670 768 1189 627 605 606 1327 1321
1 3600 820
28
135 130 5 2 453 35 32 429 369 370 171 168 378 438 496 702 1355 1001 1004 1364 631 605 571 572 610 543 541 534
1 3600 102
6
7 4 131 13 10 31
1 3600 102
8
133 13 8 237 240 129 124 351
1 3600 102
4
131 132 340 349
1 3600 102
11
1178 495 419 131 13 8 416 1305 1299 1296 353
1 3600 100
4
135 130 5 6
1 3600 78
5
343 344 380 699 335
1 3600 78
7
9 14 341 338 386 343 344
1 3600 200
12
14 454 121 118 407 408 458 580 750 727 722 799
1 3600 684
11
343 329 324 153 150 160 285 286 558 1193 1189
1 3600 820
25
12 130 418 494 453 35 32 429 369 167 168 376 1168 1346 1383 1380 949 363 364 410 954 763 715 708 691
1 3600 221
9
239 234 59 55 56 1484 1197 255 252
1 3600 64
9
302 388 419 5 6 136 19 22 56
1 3600 182
11
305 302 388 494 3 6 140 146 1156 1400 1508
1 3600 684
15
389 303 300 324 153 150 162 1186 1361 1362 1375 1373 1370 475 472
1 3600 820
16
2 453 347 344 380 449 171 168 376 1168 1344 1378 313 316 364 412
1 3600 820
23
343 344 373 167 168 374 688 675 676 694 700 706 761 758 1194 1451 1452 1506 765 715 708 685 686
1 3600 820
21
34 452 495 389 303 304 330 597 557 181 186 211 208 401 395 392 1151 1148 1264 1275 1276
1 3600 820
21
370 450 335 153 154 578 995 199 196 905 817 805 806 85 80 421 422 533 530 551 546
1 3600 820
12
34 347 329 326 993 199 194 843 844 1215 1216 1366
1 3600 820
18
370 448 333 153 154 578 995 199 194 843 844 1464 1087 1079 1041 1042 1037 1038
1 3600 820
11
329 326 993 199 194 843 837 834 1227 225 222
1 3600 820
16
153 154 578 1185 1182 1163 969 953 935 938 1246 1245 77 72 102 1136
1 3600 820
8
333 325 301 304 330 597 577 275
1 3600 586
7
345 342 387 303 115 110 590
1 3600 547
16
699 335 153 154 580 491 488 985 967 951 941 921 505 502 565 566
1 3600 432
16
333 325 326 1158 1182 1163 969 953 941 921 922 1132 843 837 838 849
1 3600 820
16
153 154 578 1185 1182 1163 969 953 935 938 1115 1116 1280 979 976 980
1 3600 820
21
324 153 150 162 43 44 778 1413 1410 1463 1417 1418 1422 1474 1482 1503 1437 1343 961 635 632
1 3600 482
10
34 452 1179 387 339 340 349 213 214 557
1 3600 110
7
372 345 342 387 339 123 120
1 3600 41
7
325 326 1158 1182 1163 969 965
1 3600 92
8
329 326 1158 1182 1163 969 965 966
1 3600 482
13
167 168 378 438 496 700 669 670 768 1192 1364 631 605
1 3600 820
24
451 171 168 374 688 697 694 702 1355 1001 1004 1364 631 628 1440 1458 1443 1425 1315 1316 785 777 623 615
1 3600 241
11
345 342 1178 3 4 131 13 10 31 24 464
1 3600 34
6
698 381 345 342 1178 495
1 3600 144
3
324 332 381
1 3600 26
9
335 153 150 160 285 109 106 172 1359
1 3600 216
13
373 167 168 376 1168 1346 1383 1378 757 758 1194 1389 1390
1 3600 820
17
380 449 171 168 374 437 438 500 289 286 558 1364 1392 1431 1407 1402 1497
1 3600 820
16
698 381 345 346 139 140 142 69 70 19 22 49 52 337 307 310
1 3600 186
4
345 346 139 136
1 3600 79
6
328 346 139 140 146 1156
1 3600 195
6
32 429 369 167 168 376
1 3600 820
9
451 171 168 376 1168 1344 1380 949 946
1 3600 820
20
32 429 369 167 168 376 1168 1346 1383 1380 315 316 364 410 954 763 715 708 691 692
1 3600 820
14
1373 1370 975 447 431 432 469 97 94 663 521 522 397 390
1 3600 820
22
1171 707 701 497 500 795 739 721 726 751 491 488 803 806 479 421 405 247 244 530 551 548
1 3600 820
25
1362 1375 1373 1370 475 445 446 937 925 920 903 817 805 806 85 80 421 422 533 515 512 643 638 655 652
1 3600 820
17
46 656 1375 1373 1370 975 937 925 922 1132 843 837 834 1352 1241 1242 1213
1 3600 820
24
1355 1356 1362 1375 1373 1370 475 445 446 937 925 922 1132 843 837 838 849 852 854 1101 1061 899 900 911
1 3600 820
11
1373 1370 975 937 938 1115 1118 77 72 100 1141
1 3600 820
9
696 499 439 149 154 459 229 232 211
1 3600 820
18
1360 173 107 108 288 801 796 161 164 751 491 488 803 806 479 421 405 402
1 3600 586
12
163 164 751 491 486 967 951 941 921 505 502 565
1 3600 248
10
657 658 749 719 483 480 1135 1132 843 837
1 3600 684
18
1375 1373 1370 475 445 446 937 925 922 1132 843 837 838 849 852 858 860 882
1 3600 820
21
150 162 43 44 778 1445 1397 1394 1463 1417 1414 1425 1315 1316 785 782 773 623 615 618 632
1 3600 820
9
284 161 151 152 325 301 304 330 597
1 3600 328
10
1354 1358 1187 1153 723 726 751 581 459 409
1 3600 84
7
656 1375 1373 1370 975 447 431
1 3600 141
11
677 674 499 500 795 739 721 726 751 491 488
1 3600 141
10
1473 1171 707 701 497 500 801 798 723 724
1 3600 141
6
796 161 164 751 491 492
1 3600 141
13
378 149 154 578 995 199 196 943 921 924 938 1115 1120
1 3600 141
8
801 796 161 164 751 491 492 1490
1 3600 98
10
1355 1001 1004 1364 631 628 1440 1458 1335 1333
1 3600 456
18
1186 1361 1362 657 658 778 1413 1410 1463 1417 1418 1422 1474 1480 1486 1437 1343 961
1 3600 684
17
796 161 151 152 325 301 115 112 120 455 15 8 416 1305 1299 1295 1289
1 3600 228
8
1358 1187 163 151 152 325 301 304
1 3600 139
3
371 368 428
1 3600 139
6
108 284 161 151 152 334
1 3600 139
10
668 701 695 696 689 375 169 166 372 345
1 3600 139
7
288 501 439 379 169 170 450
1 3600 137
3
438 498 675
1 3600 137
9
105 106 172 1359 1355 667 670 766 1170
1 3600 143
8
794 501 496 700 706 1170 1469 1383
1 3600 143
9
1355 1356 1362 657 658 778 1445 1397 1394
1 3600 143
10
160 285 109 104 558 1364 1392 1431 1407 1402
1 3600 143
11
1361 1003 1004 1364 1392 1431 1428 1387 1388 1451 1452
1 3600 143
5
670 768 1189 1190 1129
1 3600 143
5
1469 1383 1380 949 363
1 3600 143
9
697 694 702 1355 1356 1362 657 658 778
1 3600 273
18
289 286 558 1364 631 628 1440 1458 1443 1425 1315 1316 785 782 1338 1486 1437 1434
1 3600 820
21
287 288 501 439 379 169 166 368 428 33 34 139 136 19 22 56 1484 1197 255 252 310
1 3600 547
16
1469 1347 1169 377 169 166 368 428 33 34 139 140 142 69 65 66
1 3600 160
9
47 42 163 151 152 334 451 371 368
1 3600 120
9
1357 1354 703 695 677 674 689 375 376
1 3600 120
8
105 108 288 501 439 436 375 169
1 3600 390
8
171 168 376 1168 1344 1380 949 944
1 3600 820
13
438 496 700 706 761 758 1129 959 956 765 715 708 685
1 3600 820
16
1395 1396 1444 779 749 719 483 484 562 665 661 662 1266 1259 1151 1146
1 3600 820
26
1403 1406 1430 1393 1365 1005 1002 1362 1375 1373 1370 475 445 431 432 469 97 98 405 247 244 530 551 546 593 594
1 3600 820
31
1391 1388 1195 759 760 767 671 666 1356 1362 1375 1373 1370 975 937 925 920 903 817 805 806 479 421 422 533 515 512 525 526 1074 1107
1 3600 820
17
784 1317 1318 1323 1320 569 572 610 717 599 600 1244 1135 1132 843 840 868
1 3600 820
24
1317 1318 1323 1320 569 572 612 719 599 600 1244 1135 1132 843 837 838 849 852 858 860 878 821 822 890
1 3600 820
36
1389 1386 1429 1430 1393 1365 1005 1002 1362 1375 1373 1370 475 445 446 937 925 922 1132 843 837 838 1471 1241 1123 1111 1091 1094 1059 1053 1056 895 831 828 912 914
1 3600 820
13
1365 1005 1002 1362 1375 1373 1370 975 447 431 432 469 466
1 3600 820
21
1450 1195 759 760 707 701 497 439 149 154 578 995 199 196 905 817 805 806 85 80 421
1 3600 820
17
1191 1188 1192 559 287 284 161 164 751 491 486 967 951 941 921 505 502
1 3600 328
6
605 571 572 610 717 599
1 3600 513
18
759 760 767 671 666 1356 1362 657 658 749 719 483 480 1245 1119 1116 1280 979
1 3600 820
10
1457 1458 1335 1313 1308 731 732 617 618 636
1 3600 820
16
759 756 1379 1345 1169 377 374 437 149 154 459 409 406 470 319 322
1 3600 820
14
45 42 1153 737 721 726 751 581 459 460 111 112 120 456
1 3600 315
16
1457 1441 1438 1462 1395 1396 1444 779 45 42 163 151 154 578 995 199
1 3600 216
19
1406 1430 1393 1365 1005 1002 1362 657 658 749 719 599 600 1119 1116 1280 979 971 972
1 3600 216
10
1444 779 45 42 1153 723 726 751 491 486
1 3600 216
22
1382 1468 1171 767 671 666 1356 1362 1375 1373 1370 475 445 446 937 938 1115 1116 1280 979 971 972
1 3600 228
7
771 768 1189 627 605 571 572
1 3600 228
11
1445 1397 1394 1463 1439 1440 1458 1335 1336 1327 569
1 3600 228
3
1364 631 605
1 3600 228
11
363 317 312 757 758 1191 627 628 1440 1458 1335
1 3600 228
11
1391 1388 1195 1191 627 605 571 572 610 543 544
1 3600 228
14
364 410 958 1128 1191 627 605 606 1327 781 729 732 1328 539
1 3600 231
9
1458 1335 1313 1308 731 732 1328 539 536
1 3600 231
16
312 757 758 1191 627 628 1440 1458 1335 1313 1308 731 732 1328 539 536
1 3600 820
24
1379 1345 1169 377 169 166 368 428 33 34 452 495 419 131 13 10 31 26 126 1461 1301 277 261 262
1 3600 820
15
759 756 1379 1382 1347 1169 377 169 170 371 368 428 33 34 139
1 3600 293
13
1506 957 411 365 317 314 1381 1345 1169 377 169 170 450
1 3600 249
13
783 784 1466 1423 1419 1416 1462 1411 1412 779 659 656 1363
1 3600 249
4
314 1381 1382 1468
1 3600 249
10
365 317 312 757 760 707 701 702 1358 1187
1 3600 249
8
1396 1444 779 659 656 1363 1360 173
1 3600 249
17
1424 1442 1459 1441 629 626 1188 769 671 668 701 695 696 689 375 169 170
1 3600 249
8
1406 1430 1393 1365 559 105 108 284
1 3600 249
6
760 707 669 666 1354 1358
1 3600 249
8
1457 1441 629 626 1188 769 766 1170
1 3600 249
11
1462 1411 1412 779 45 42 163 151 152 332 449
1 3600 249
9
1381 1382 1468 1171 707 701 695 677 674
1 3600 249
4
1188 1192 559 105
1 3600 249
4
671 666 1356 1362
1 3600 200
5
1441 629 626 1190 1194
1 3600 200
4
1413 1410 1463 1439
1 3600 200
4
1364 631 628 1440
1 3600 261
8
1392 1431 1407 1404 1408 1454 1496 1500
1 3600 261
6
1189 1190 1129 959 954 763
1 3600 261
13
1394 1463 1439 629 626 1190 1194 1389 1390 1408 1454 1498 997
1 3600 261
12
1317 1314 1421 1419 1416 1439 629 626 1190 1129 1130 1506
1 3600 261
11
1410 1463 1439 629 626 1190 1194 1451 1452 1506 765
1 3600 261
5
410 954 763 741 744
1 3600 261
12
1428 1387 1388 1195 1191 627 628 1438 1417 1418 1422 1474
1 3600 261
13
410 958 1128 1191 627 628 1438 1417 1418 1422 1474 1482 1503
1 3600 820
20
1447 1444 779 659 47 42 163 151 152 325 328 346 139 136 19 22 56 51 52 337
1 3600 820
27
783 784 1317 1318 1332 1336 607 604 630 1365 559 287 284 161 151 152 325 328 346 139 140 142 69 70 63 55 56
1 3600 631
14
1345 1169 377 169 166 368 428 33 34 139 140 144 1401 1398
1 3600 152
8
1193 769 766 1170 1469 1347 1169 1166
1 3600 149
7
1190 759 756 313 316 362 946
1 3600 221
7
1425 1315 1316 785 777 623 624
1 3600 820
18
1435 1343 963 735 728 609 610 717 483 484 562 665 661 521 522 397 392 1260
1 3600 820
31
1507 1453 1448 1409 1405 1406 1430 1393 1365 1005 1002 1362 1375 1373 1370 975 937 934 941 903 817 805 806 479 421 405 247 244 515 512 643
1 3600 820
37
742 999 996 1499 1455 1409 1391 1386 1429 1430 1393 1365 1005 1002 1362 1375 1373 1370 475 445 446 937 925 505 502 565 562 665 661 521 401 398 584 89 86 651 652
1 3600 820
20
1480 1339 773 774 735 728 609 612 719 483 480 1135 1132 843 837 838 849 852 856 1376
1 3600 820
27
740 764 1507 1131 1128 759 760 707 701 497 439 149 154 578 995 199 194 843 844 1215 1218 1237 1234 1205 1206 225 222
1 3600 820
34
1507 1453 1450 1389 1386 1429 1430 1393 1365 1005 1002 1362 1375 1373 1370 975 937 925 922 1132 843 837 834 1227 225 220 1049 1046 1025 1022 811 808 919 916
1 3600 820
21
1501 1403 1406 1430 1393 1365 1005 1002 1362 1375 1373 1370 475 445 431 432 469 97 94 1266 1348
1 3600 820
23
999 996 1501 1403 1406 1430 1393 1365 559 287 288 795 739 721 726 751 491 488 803 806 479 421 405
1 3600 820
16
958 1128 1191 1188 769 671 666 1356 1362 657 658 749 719 483 484 566
1 3600 820
15
740 762 955 958 1128 1191 627 605 571 572 610 717 599 600 77
1 3600 820
23
411 365 317 312 757 760 707 701 497 439 149 154 578 995 199 194 843 837 838 849 852 858 860
1 3600 820
7
745 711 708 685 621 618 632
1 3600 820
16
411 365 362 948 1381 1345 1169 377 378 149 152 325 301 304 330 597
1 3600 820
18
1455 1409 1405 1406 1430 1393 1365 1005 1000 1354 1358 1187 163 164 751 581 459 460
1 3600 820
20
1455 1449 1450 1195 1191 1188 1192 559 105 108 284 161 164 751 581 578 1185 1182 1163 1160
1 3600 342
13
745 740 764 1507 1131 1128 1191 627 605 571 572 612 746
1 3600 122
6
690 685 621 616 1328 1330
1 3600 169
6
1480 1339 773 774 962 961
1 3600 169
7
715 708 685 625 622 774 962
1 3600 169
7
690 685 621 616 1328 539 534
1 3600 820
26
1436 1487 1481 1475 1423 1419 1416 1462 1395 1396 1444 779 45 42 163 151 152 325 301 302 339 133 13 10 31 24
1 3600 820
19
690 709 714 762 955 411 365 362 948 1381 1382 1347 1169 377 169 166 372 345 342
1 3600 820
21
1483 1475 1423 1419 1416 1462 1411 1412 779 659 656 1363 1360 173 107 108 284 161 151 152 334
1 3600 216
11
996 1499 1496 1403 1406 1430 1393 1365 1005 1000 1354
1 3600 152
6
690 685 625 622 776 784
1 3600 152
6
762 955 411 365 317 312
1 3600 152
10
1475 1423 1420 1424 1415 1416 1462 1395 1396 1444
1 3600 152
5
955 411 365 317 314
1 3600 152
8
1339 783 784 1317 1314 1424 1442 1459
1 3600 152
12
745 740 764 1507 1453 1450 1195 1191 627 628 1440 1458
1 3600 134
5
956 765 715 708 691
1 3600 820
26
690 709 714 762 955 411 365 362 948 1381 1345 1169 377 169 170 448 381 345 346 139 136 19 22 56 1484 1197
1 3600 820
27
999 996 1499 1455 1409 1391 1388 1195 759 760 707 701 695 696 689 375 169 166 368 428 33 34 139 136 63 55 56
1 3600 820
23
1496 1403 1404 1391 1388 1195 759 756 1379 1382 1347 1169 377 169 166 372 345 346 139 140 146 1156 1398
1 3600 746
20
713 714 764 957 958 1128 759 760 707 701 497 500 801 798 723 726 751 491 492 1488
1 3600 482
16
1505 1483 1475 1423 1419 1416 1439 629 626 1190 759 756 313 316 362 944
1 3600 108
6
998 743 711 708 685 686
1 3600 820
19
254 53 48 54 58 256 361 125 27 28 213 214 557 181 184 190 204 208 401
1 3600 820
19
1196 1485 57 54 60 156 235 236 414 31 28 213 214 577 275 243 244 530 551
1 3600 820
21
254 53 50 57 54 58 256 361 125 27 28 213 214 577 275 243 244 515 518 1492 1107
1 3600 820
39
306 336 1196 1485 57 54 60 156 256 361 351 354 359 271 266 261 258 39 40 318 471 227 232 211 206 272 421 422 533 515 518 1492 1107 1108 1223 1224 1219 1214 1464
1 3600 820
41
53 48 54 58 235 238 417 414 31 28 213 216 597 557 181 184 190 204 208 522 397 390 583 586 594 641 529 526 1074 1107 1108 1239 1203 1199 1200 1011 1012 1021 1018 827 828
1 3600 820
24
311 306 336 1196 1485 57 54 60 156 235 236 9 14 454 456 283 280 442 508 565 566 79 72 102
1 3600 820
19
306 336 53 48 54 58 256 384 129 27 28 213 214 557 554 561 183 184 190
1 3600 820
23
336 1196 1485 57 54 60 156 235 238 417 414 31 28 213 216 597 557 181 186 211 206 272 478
1 3600 820
16
53 50 57 23 18 137 7 4 131 132 123 118 227 230 280 442
1 3600 820
23
311 306 336 1196 1485 57 23 18 137 138 347 329 326 993 199 196 943 940 935 938 1115 1116 1280
1 3600 820
27
53 48 23 18 71 68 143 141 138 347 329 326 1158 1182 1163 969 953 935 938 1246 1245 77 74 1280 979 976 980
1 3600 820
34
309 253 254 1196 1485 57 23 18 137 138 347 344 380 333 153 150 162 43 44 778 1445 1397 1394 1463 1417 1418 1422 1467 785 777 623 615 618 636
1 3600 547
18
311 306 336 53 50 57 54 58 235 240 129 27 28 213 214 557 297 294
1 3600 631
11
1485 57 54 60 156 235 236 9 14 341 123
1 3600 820
14
254 53 48 23 18 137 138 347 329 326 1158 1182 1163 969
1 3600 820
23
336 1196 1485 57 54 58 256 361 351 354 359 271 266 261 258 39 36 279 280 440 805 802 489
1 3600 820
29
336 53 48 23 18 71 68 143 141 138 347 329 324 153 150 160 285 109 106 172 1361 1003 1004 1364 631 605 606 1327 781
1 3600 820
23
1196 1485 57 23 18 137 138 347 344 380 699 335 153 150 162 43 44 749 613 610 543 541 534
1 3600 47
13
254 53 50 57 54 60 156 256 361 351 354 359 271
1 3600 146
13
1196 1485 57 23 18 71 68 143 141 7 4 418 389
1 3600 746
10
1485 57 23 18 137 138 35 32 429 369
1 3600 820
17
311 253 254 53 48 23 18 137 138 347 329 324 153 150 160 797 793
1 3600 820
30
336 53 50 57 23 18 71 68 143 141 138 35 32 429 369 167 168 374 688 675 676 694 700 706 761 758 1194 1389 1390 1408
1 3600 820
22
1485 57 23 18 137 138 35 32 429 369 167 168 376 1168 1346 1383 1380 315 316 364 410 954
1 3600 328
3
311 306 336
1 3600 73
5
254 53 48 23 18
1 3600 684
13
336 1196 1485 57 54 62 137 138 35 32 429 424 1174
1 3600 820
23
311 253 254 53 48 54 58 235 238 417 9 14 454 456 283 280 177 174 510 435 430 444 472
1 3600 820
22
336 1196 1485 57 23 18 71 68 143 141 138 347 344 373 167 168 376 1168 1344 1380 949 944
1 3600 820
46
306 336 53 50 57 54 60 156 256 361 351 354 359 356 277 261 258 39 40 318 471 407 408 458 580 750 727 722 1152 1186 1361 1003 1004 1364 1392 1431 1407 1402 1500 997 998 743 711 708 685 686
1 3600 820
18
57 54 58 235 236 414 31 28 213 216 597 557 181 186 211 208 401 395
1 3600 820
16
18 63 60 156 256 384 129 27 28 213 214 577 275 243 244 515
1 3600 820
26
63 58 235 238 417 414 31 28 213 216 597 557 181 184 190 204 208 401 398 582 602 1476 89 86 651 652
1 3600 820
27
64 68 143 141 7 4 131 132 123 118 227 232 211 206 243 244 515 512 525 526 1074 1107 877 872 1104 855 856
1 3600 820
29
64 70 63 60 156 256 361 125 27 28 213 214 577 275 272 421 422 533 515 518 1492 1107 1015 1012 1021 1016 1022 811 808
1 3600 820
19
48 54 58 235 236 9 14 454 456 283 280 177 178 565 566 79 72 100 1141
1 3600 820
15
383 143 141 7 4 131 132 123 118 227 232 211 208 520 660
1 3600 820
11
383 143 141 7 2 1179 387 303 115 110 588
1 3600 820
16
64 70 63 60 156 256 384 129 27 28 213 218 279 280 442 508
1 3600 820
14
17 18 137 138 347 329 326 993 199 194 843 837 834 1352
1 3600 820
21
383 143 141 138 347 329 326 993 199 196 943 921 924 938 1115 1116 1280 979 976 982 988
1 3600 820
32
67 64 68 143 141 138 347 344 373 370 171 168 374 688 697 694 700 669 670 768 1189 627 605 606 1327 1321 731 734 962 961 635 636
1 3600 631
13
70 63 58 235 238 417 414 31 28 213 216 597 557
1 3600 410
12
50 57 54 60 156 235 236 9 14 454 121 113
1 3600 547
9
383 143 141 138 347 329 326 1158 1184
1 3600 820
12
70 137 138 347 344 380 333 153 150 162 1153 737
1 3600 820
17
68 143 141 138 347 329 324 153 150 160 285 109 104 558 1364 631 605
1 3600 820
26
21 18 137 7 2 495 389 303 115 110 461 458 580 750 727 720 736 1152 43 44 749 613 610 543 541 536
1 3600 106
11
69 70 63 58 256 384 1303 1299 1295 1289 465
1 3600 98
5
23 18 137 7 2
1 3600 98
4
68 143 141 138
1 3600 164
5
62 137 138 35 32
1 3600 373
15
18 137 138 347 344 380 699 335 153 150 160 797 800 289 109
1 3600 820
34
54 60 156 256 361 351 354 359 356 277 261 258 39 40 318 471 407 408 458 580 750 727 722 1152 1186 1361 1003 1004 1364 631 628 1438 1417 1418
1 3600 820
26
68 143 141 138 35 32 429 369 167 168 374 688 675 676 694 700 706 761 758 1129 959 954 763 715 708 691
1 3600 85
6
21 22 49 52 255 252
1 3600 210
3
71 68 382
1 3600 70
6
17 18 137 140 144 1508
1 3600 586
18
18 137 7 4 418 389 303 300 326 1158 1182 1163 969 965 966 487 492 1488
1 3600 820
20
21 18 137 138 35 32 429 369 167 168 376 1168 1346 1383 1378 313 316 364 412 1384
1 3600 820
29
48 54 58 235 238 417 9 12 132 123 113 110 461 458 155 148 438 496 700 706 761 758 1129 1130 1506 765 715 708 685
1 3600 820
19
1173 425 428 33 34 452 1179 387 303 115 116 406 227 232 211 208 522 397 392
1 3600 820
20
1175 425 428 33 34 452 495 389 339 340 349 213 214 577 275 243 244 515 512 643
1 3600 820
26
145 141 7 4 131 132 123 118 227 232 211 206 272 421 422 533 515 512 525 526 1074 1107 877 867 868 1366
1 3600 820
19
425 369 370 448 333 325 326 993 199 194 843 837 838 849 846 1124 1113 1091 1092
1 3600 820
37
1399 1157 147 141 7 4 131 132 340 349 213 216 597 557 181 184 190 204 208 401 398 586 594 641 529 526 1074 1107 1108 1239 1203 1199 1200 1011 1008 1056 895
1 3600 820
21
425 369 370 450 335 325 326 993 199 194 843 837 838 849 850 1103 1061 899 900 911 906
1 3600 820
17
145 141 7 4 131 132 340 349 213 214 557 554 561 183 184 190 204
1 3600 820
18
1157 147 141 7 2 1179 387 303 304 330 597 557 297 292 275 272 421 405
1 3600 820
15
425 369 370 450 335 153 154 578 995 199 196 905 817 441 442
1 3600 820
19
1175 425 369 370 448 333 153 154 580 491 486 967 951 935 938 1246 1245 77 74
1 3600 820
18
145 141 138 347 329 326 993 199 194 843 837 838 849 850 1104 1101 1061 899
1 3600 820
29
1401 1157 147 141 138 347 329 324 153 150 162 43 44 778 1445 1397 1394 1463 1417 1414 1425 1315 1316 785 777 623 615 618 632
1 3600 820
13
147 141 7 4 131 132 340 349 213 214 557 181 184
1 3600 586
10
1175 425 428 33 34 452 495 389 339 123
1 3600 410
8
369 370 450 335 325 326 993 199
1 3600 482
15
1155 147 141 138 347 329 326 1158 1182 1163 969 965 966 487 492
1 3600 820
19
425 369 167 168 374 688 697 694 700 669 670 768 1189 627 628 1440 1458 1335 1333
1 3600 820
32
145 141 138 347 344 373 167 168 378 438 496 702 1355 1001 1004 1364 631 628 1440 1458 1443 1425 1315 1316 785 782 1338 1486 1437 1343 961 635
1 3600 432
17
1173 425 428 33 34 452 495 419 131 13 8 237 240 129 126 1461 1301
1 3600 132
6
1155 147 141 7 2 495
1 3600 66
4
1175 425 369 372
1 3600 102
8
369 167 168 376 1168 1346 1468 1472
1 3600 390
16
1157 147 141 138 347 329 324 153 150 162 43 46 658 778 1445 1397
1 3600 820
23
145 141 138 347 344 380 449 171 168 374 688 675 676 694 700 706 761 758 1194 1451 1448 1454 1498
1 3600 746
13
1155 147 142 69 70 19 22 56 1484 1197 337 307 308
1 3600 66
7
147 142 69 70 19 22 56
1 3600 241
6
147 141 138 35 32 429
1 3600 70
9
1173 425 369 167 168 374 688 675 672
1 3600 820
17
1509 145 141 7 2 1179 343 344 373 167 168 376 1168 1344 1380 949 946
1 3600 820
26
1157 147 141 138 347 329 324 153 150 160 285 286 558 1364 631 628 1438 1417 1418 1422 1467 785 782 773 623 624
1 3600 820
25
1167 377 378 149 154 578 1185 1182 1163 969 953 941 921 505 506 435 432 469 97 94 1266 1259 1151 1148 1264
1 3600 820
20
1167 377 374 437 149 154 580 491 488 803 806 85 80 421 422 533 530 551 548 1268
1 3600 820
21
473 474 975 937 925 505 502 565 562 665 661 521 522 397 390 602 1476 89 86 651 652
1 3600 820
27
1511 145 141 7 4 418 389 303 115 110 461 229 232 211 206 243 244 515 518 1492 1107 1108 1239 1203 1199 1200 1127
1 3600 820
27
705 669 666 1356 1362 1375 1373 1370 475 445 446 937 925 922 1132 843 844 1464 1087 1079 1041 1035 1038 1069 1025 1022 1064
1 3600 820
25
1489 493 486 967 951 941 921 922 1132 843 844 1215 1218 1237 1229 1209 1210 1011 1008 1056 895 831 828 912 916
1 3600 820
7
1489 493 488 803 806 85 82
1 3600 820
9
166 372 345 342 387 303 115 110 590
1 3600 820
6
473 445 431 434 507 502
1 3600 820
24
1511 145 141 7 4 131 132 340 349 213 216 597 577 275 243 244 515 518 1492 1107 877 872 1104 855
1 3600 820
17
170 448 333 325 326 1158 1182 1163 969 953 935 938 1115 1116 1280 979 971
1 3600 820
23
427 369 167 168 374 688 697 694 700 669 670 768 1189 627 605 606 1311 1308 731 732 617 618 632
1 3600 820
14
473 474 975 937 934 941 903 817 441 281 278 37 40 320
1 3600 820
10
473 445 431 434 511 443 281 231 226 407
1 3600 547
4
1489 493 490 752
1 3600 342
6
168 378 438 500 795 739
1 3600 631
13
1168 1346 1468 1171 767 768 1189 627 605 571 572 610 543
1 3600 820
19
1168 1346 1468 1171 767 768 1192 1364 631 628 1438 1417 1418 1422 1474 1482 1503 1437 1343
1 3600 820
14
473 474 975 937 925 920 903 817 441 281 282 299 37 38
1 3600 513
13
1489 493 488 803 804 441 281 282 457 455 15 8 416
1 3600 167
3
166 368 428
1 3600 78
3
377 378 149
1 3600 78
8
168 374 688 499 500 289 109 106
1 3600 97
15
1167 377 374 437 438 496 702 1355 1356 1362 657 658 778 1445 1446
1 3600 631
21
1489 493 490 750 727 720 736 1152 1186 1361 1003 1004 1364 1392 1431 1407 1402 1500 997 998 743
1 3600 820
21
673 674 689 375 169 170 371 372 345 342 1178 3 6 136 19 22 49 52 255 252 308
1 3600 547
13
1167 377 169 170 448 381 345 346 139 136 19 22 56
1 3600 72
11
705 701 695 696 689 375 169 166 368 424 1174
1 3600 228
15
673 674 689 437 149 152 325 328 346 139 140 146 1156 1400 1510
1 3600 171
16
473 474 1371 1372 1374 1363 1357 667 670 766 761 756 313 316 364 412
1 3600 820
14
168 376 1168 1344 1380 315 316 364 410 954 763 715 708 754
1 3600 820
26
1385 413 365 317 312 757 760 767 671 666 1356 1362 657 658 749 719 483 484 562 665 661 521 401 398 584 1477
1 3600 820
30
1385 413 365 317 312 757 760 767 671 666 1356 1362 1375 1373 1370 475 445 431 432 469 97 98 405 402 1007 533 515 512 643 638
1 3600 820
34
413 365 317 314 1381 1382 1468 1171 707 701 497 500 801 798 737 721 726 751 491 488 803 806 479 421 422 533 530 551 546 593 594 1270 651 652
1 3600 820
26
413 365 317 312 757 760 767 671 666 1356 1362 657 658 749 719 599 600 1244 1135 1132 843 837 838 849 852 856
1 3600 820
24
947 948 1381 1382 1468 1171 767 671 666 1356 1362 1375 1373 1370 975 937 925 922 1132 843 844 1464 1087 1084
1 3600 820
16
1385 413 410 958 1128 1191 627 605 571 572 610 717 599 600 77 72
1 3600 820
31
1385 413 365 317 312 757 760 707 701 497 500 795 739 721 726 751 491 486 967 951 941 921 505 506 435 432 469 97 94 1266 1348
1 3600 820
18
947 948 1381 1382 1468 1171 707 701 702 1358 1187 163 164 751 491 488 803 806
1 3600 820
25
413 410 956 1507 1453 1448 1409 1391 1386 1429 1430 1393 1365 1005 1002 1362 1375 1373 1370 475 445 431 434 511 443
1 3600 820
24
945 948 1381 1382 1468 1171 767 671 666 1356 1362 657 658 749 719 483 480 1135 1132 843 837 838 849 850
1 3600 820
20
413 410 958 1128 1191 627 605 571 572 612 719 599 600 77 74 1280 979 976 980 990
1 3600 820
10
413 410 956 765 715 708 685 621 618 632
1 3600 820
16
947 948 1381 1345 1169 377 378 149 154 459 229 232 187 182 560 1164
1 3600 820
19
947 948 1381 1382 1468 1171 707 701 497 500 801 798 723 726 751 581 459 460 111
1 3600 820
22
1385 413 365 317 312 757 760 767 671 666 1356 1362 1375 1373 1370 975 937 934 941 903 817 805
1 3600 746
18
947 948 1381 1382 1468 1171 707 701 497 500 801 796 161 164 751 491 492 1490
1 3600 746
12
413 410 958 1128 1191 627 605 606 1327 781 609 610
1 3600 820
18
947 363 317 312 757 758 1191 627 628 1440 1458 1335 1333 1323 731 734 962 1340
1 3600 820
22
947 948 1381 1345 1169 377 169 166 372 345 342 387 339 133 13 8 416 1305 1299 1296 1461 367
1 3600 820
18
413 365 317 312 1379 1382 1347 1169 377 169 170 450 698 381 345 346 139 140
1 3600 820
10
945 948 1381 1345 1169 377 169 166 368 428
1 3600 154
10
947 948 1381 1382 1468 1171 707 701 497 500
1 3600 59
3
947 363 364
1 3600 248
7
413 410 954 763 715 708 691
1 3600 820
23
945 948 1381 1345 1169 377 169 166 372 345 342 1178 3 6 136 63 55 56 1484 1197 337 307 308
1 3600 820
27
1385 413 410 956 1507 1453 1450 1389 1386 1429 1430 1393 1365 559 287 284 161 151 152 325 328 346 139 140 142 69 65
1 3600 820
21
413 365 317 312 1379 1382 1347 1169 377 169 170 371 368 428 33 34 139 140 144 1401 1398
1 3600 105
11
945 948 1381 1382 1468 1171 707 701 695 677 672
1 3600 820
5
945 363 364 412 1384
1 3600 152
9
947 363 364 410 954 763 715 708 754
1 3600 820
21
693 690 685 621 616 1328 1330 545 542 717 483 484 566 648 665 661 662 1266 1259 1151 683
1 3600 820
25
625 622 774 735 728 609 612 719 599 600 77 78 648 665 661 521 522 397 390 602 1476 89 86 651 654
1 3600 820
17
621 616 1328 1330 545 542 717 483 480 1135 1132 843 840 868 1368 1351 1109
1 3600 820
21
687 625 622 774 735 728 609 610 717 483 480 1135 1132 843 844 1215 1218 1237 1234 1205 1202
1 3600 820
26
755 685 621 616 1328 539 540 542 717 599 600 1244 1135 1132 843 837 834 1227 225 220 1049 1044 1251 1021 1018 1028
1 3600 820
42
693 690 709 710 742 999 996 1501 1403 1406 1430 1393 1365 1005 1002 1362 1375 1373 1370 975 937 925 922 1132 843 837 838 1471 1241 1123 1111 1091 1092 1098 1059 1053 1056 895 831 828 912 914
1 3600 820
29
625 622 772 783 784 1317 1314 1424 1415 1416 1462 1395 1396 1444 779 659 656 1375 1373 1370 475 445 431 432 469 97 98 420 273
1 3600 820
18
687 625 622 774 735 728 609 612 719 483 484 562 665 661 662 95 98 422
1 3600 820
28
687 684 709 714 764 1507 1453 1450 1195 1191 1188 1192 559 105 108 284 161 164 751 491 486 967 951 941 942 905 817 441
1 3600 820
19
693 690 685 621 616 1328 1330 545 542 717 599 600 1244 1135 1132 843 837 838 849
1 3600 820
29
693 690 709 714 762 955 958 1128 1191 1188 1192 1005 1002 1362 1375 1373 1370 975 937 925 922 1132 843 837 838 849 852 858 860
1 3600 820
5
687 625 615 618 636
1 3600 820
24
684 709 710 742 999 996 1501 1403 1406 1430 1393 1365 1005 1002 1360 1187 163 151 154 459 229 232 187 184
1 3600 820
19
755 709 714 764 1507 1131 1128 1191 1188 1192 559 287 284 161 151 152 325 301 115
1 3600 820
25
755 709 714 764 1507 1453 1448 1409 1405 1406 1430 1393 1365 1005 1000 1354 1358 1187 163 151 154 578 995 992 477
1 3600 820
13
755 685 625 622 774 735 728 609 612 719 483 480 1135
1 3600 746
6
755 685 621 616 1328 539
1 3600 684
10
693 690 685 625 622 772 1338 1486 1437 1343
1 3600 820
34
693 690 709 714 762 955 958 1128 1191 1188 1192 559 105 108 288 795 739 721 726 751 581 459 409 406 119 120 455 15 10 415 237 234 157 158
1 3600 820
23
687 625 622 776 784 1317 1314 1424 1415 1416 1462 1411 1412 779 45 42 163 151 152 325 328 342 1178
1 3600 820
23
693 690 709 710 742 999 996 1499 1455 1409 1391 1386 1429 1430 1393 1365 559 287 284 161 151 152 325
1 3600 456
12
684 709 714 762 955 411 365 317 314 1381 1382 1468
1 3600 117
14
755 709 714 764 1507 1453 1450 1195 1191 627 628 1438 1462 1411
1 3600 73
6
687 684 709 714 762 955
1 3600 820
27
755 709 714 762 955 411 365 317 312 1379 1345 1169 377 169 170 448 381 345 346 139 136 19 22 49 52 337 307
1 3600 820
25
625 622 776 784 1466 1423 1419 1416 1462 1395 1396 1444 779 45 42 163 151 152 325 328 346 139 136 19 20
1 3600 820
26
755 709 714 764 1507 1131 1128 759 760 707 701 695 696 689 375 169 166 368 428 33 34 139 140 146 1156 1400
1 3600 684
14
755 709 714 762 955 411 365 317 314 1381 1382 1347 1169 1166
1 3600 205
8
687 684 709 714 764 957 411 412
1 3600 390
3
684 691 692
