245
1 3600 65
4
134 180 169 164
1 3600 93
5
401 183 178 390 317
1 3600 93
8
407 161 158 71 67 62 392 394
1 3600 93
5
181 135 136 75 70
1 3600 93
8
349 352 133 69 66 70 159 162
1 3600 93
7
407 408 75 67 62 390 175
1 3600 93
6
407 161 158 71 72 262
1 3600 122
12
405 71 67 64 139 55 52 192 245 242 254 332
1 3600 523
14
405 71 67 62 390 175 172 320 239 236 354 299 213 214
1 3600 575
24
411 401 361 275 201 196 206 339 273 83 76 218 340 251 252 256 363 145 146 248 205 121 124 188
1 3600 73
7
407 408 137 134 180 184 357
1 3600 73
5
165 170 207 197 198
1 3600 63
11
133 134 180 186 317 312 269 270 25 22 322
1 3600 191
13
350 401 361 275 33 30 278 43 44 103 106 117 114
1 3600 575
22
411 401 361 185 169 166 172 313 314 239 240 242 254 291 292 366 368 375 372 383 265 7
1 3600 575
17
169 166 176 273 83 78 223 85 88 9 12 303 300 113 37 40 90
1 3600 575
13
407 161 158 71 67 62 390 175 176 338 207 47 48
1 3600 575
17
405 71 72 262 394 61 56 245 246 217 218 13 10 117 118 131 126
1 3600 575
14
178 392 319 314 239 236 354 299 296 335 109 110 35 38
1 3600 575
19
349 352 133 69 64 139 55 52 192 245 242 252 260 296 95 98 344 155 152
1 3600 49
7
391 63 66 70 159 160 406
1 3600 49
6
167 168 181 182 400 410
1 3600 55
3
66 70 159
1 3600 55
8
408 75 72 139 55 52 194 389
1 3600 55
5
172 313 318 394 51
1 3600 55
6
392 394 51 52 194 396
1 3600 55
5
174 317 312 320 59
1 3600 134
17
64 262 319 314 239 240 242 252 258 292 363 145 146 248 205 121 124
1 3600 575
5
158 71 72 139 140
1 3600 79
4
187 184 275 201
1 3600 52
5
62 390 175 176 273
1 3600 52
3
312 269 270
1 3600 52
6
67 62 392 319 314 239
1 3600 250
21
163 158 71 67 62 390 317 312 269 83 76 218 303 300 304 336 343 344 379 267 7
1 3600 575
13
175 172 320 239 236 354 299 296 95 96 343 93 90
1 3600 575
7
179 180 169 170 207 47 48
1 3600 575
17
75 67 64 262 319 312 269 270 227 224 105 106 117 114 306 129 126
1 3600 575
19
163 158 71 67 62 392 394 61 56 245 246 217 220 9 10 117 114 306 308
1 3600 575
13
175 176 273 83 76 218 303 300 113 37 40 90 152
1 3600 134
10
253 243 244 193 53 54 138 65 68 134
1 3600 57
5
53 50 395 393 63
1 3600 57
3
138 73 67
1 3600 57
12
253 250 355 237 238 315 316 391 63 66 74 409
1 3600 57
8
255 243 244 57 60 395 263 65
1 3600 52
3
388 195 192
1 3600 47
5
239 236 354 299 213
1 3600 47
17
55 52 192 245 242 254 291 292 363 364 368 375 372 19 20 121 124
1 3600 47
3
192 285 288
1 3600 230
13
291 292 363 145 142 214 248 205 202 123 124 151 148
1 3600 274
14
397 195 192 57 58 239 81 78 223 226 25 22 324 45
1 3600 58
8
250 341 219 77 82 272 338 207
1 3600 44
8
245 246 217 220 101 106 117 114
1 3600 44
10
55 50 61 56 245 242 252 260 296 335
1 3600 70
11
192 245 246 217 218 303 300 304 336 343 344
1 3600 575
14
333 291 292 366 368 375 372 383 15 3 6 266 378 412
1 3600 575
9
57 58 321 269 272 338 207 47 48
1 3600 575
15
50 395 319 312 269 270 227 85 88 9 10 117 118 131 126
1 3600 575
15
55 50 61 58 239 81 78 223 224 105 106 117 114 306 310
1 3600 575
13
55 52 192 245 246 354 299 296 95 98 93 90 152
1 3600 523
13
327 295 290 255 243 241 238 315 318 263 73 70 404
1 3600 127
10
18 373 249 215 212 298 355 237 238 321
1 3600 116
10
125 120 204 249 147 144 362 257 253 243
1 3600 116
9
369 367 293 259 260 298 355 247 244
1 3600 116
5
290 255 243 241 238
1 3600 116
14
265 266 378 345 342 337 305 301 302 219 216 247 244 193
1 3600 116
11
14 382 373 249 215 212 298 355 247 244 193
1 3600 116
8
204 374 369 365 362 293 294 328
1 3600 116
8
295 259 253 243 244 193 194 389
1 3600 116
22
203 204 249 147 144 362 293 290 255 250 341 13 8 89 84 226 271 268 313 318 394 51
1 3600 65
5
368 375 205 202 210
1 3600 115
7
146 248 205 121 124 151 148
1 3600 115
15
125 120 204 249 215 212 298 355 237 238 59 60 51 54 140
1 3600 115
6
283 284 193 53 54 140
1 3600 115
13
382 373 374 369 367 257 253 243 244 193 194 389 386
1 3600 575
14
295 290 255 250 341 13 8 101 102 45 42 279 280 384
1 3600 221
15
383 265 266 378 345 342 399 111 112 301 302 219 77 82 272
1 3600 107
15
21 17 3 6 266 378 155 91 41 36 108 305 301 302 219
1 3600 107
9
211 203 204 249 147 142 212 298 341
1 3600 98
7
17 3 6 266 378 345 99
1 3600 98
4
21 17 14 265
1 3600 98
8
3 6 266 378 155 91 41 34
1 3600 411
12
327 295 259 260 296 335 109 110 398 343 344 412
1 3600 575
17
203 204 249 147 144 362 257 253 250 341 13 10 107 104 230 45 48
1 3600 575
10
293 290 255 250 341 13 10 117 118 131
1 3600 575
11
284 245 246 217 220 101 106 117 114 306 308
1 3600 575
12
327 295 259 260 296 335 109 110 35 40 90 152
1 3600 575
11
387 388 195 53 54 138 65 68 132 353 348
1 3600 575
8
387 388 195 53 54 138 73 74
1 3600 155
13
141 55 50 395 319 314 239 240 242 252 258 294 328
1 3600 43
9
150 125 120 21 18 373 374 369 365
1 3600 43
12
387 388 195 192 245 242 252 256 363 145 146 248
1 3600 144
18
149 150 125 120 204 249 215 143 144 362 257 253 243 244 193 194 389 386
1 3600 575
21
189 125 120 204 249 215 212 298 355 237 238 321 173 167 168 184 357 277 31 28 384
1 3600 575
16
150 125 120 21 18 373 374 369 367 293 290 255 243 241 81 82
1 3600 239
12
209 203 204 249 215 212 298 341 13 10 117 114
1 3600 97
8
209 203 21 17 14 265 266 380
1 3600 230
15
387 388 195 192 245 246 217 218 303 300 304 336 343 344 412
1 3600 575
13
141 138 262 393 179 182 361 275 33 30 278 43 48
1 3600 575
16
141 55 50 395 319 312 269 270 25 22 324 103 106 117 118 131
1 3600 575
18
141 55 50 395 319 312 269 83 78 223 85 88 9 10 117 114 306 310
1 3600 575
11
150 125 120 21 17 3 6 266 378 155 156
1 3600 65
4
196 206 171 164
1 3600 65
3
356 185 169
1 3600 65
6
31 32 274 360 183 178
1 3600 221
12
331 43 44 325 23 24 271 268 313 318 263 139
1 3600 575
14
277 280 199 196 206 339 273 83 76 218 340 299 213 214
1 3600 575
20
277 278 43 44 231 105 100 221 216 354 299 213 214 248 372 19 20 121 124 151
1 3600 93
4
33 30 276 358
1 3600 74
3
201 196 206
1 3600 74
9
28 199 196 47 44 231 225 222 232
1 3600 74
4
46 206 339 273
1 3600 74
7
30 278 43 44 325 23 26
1 3600 134
13
356 185 186 317 312 269 270 227 85 88 9 10 117
1 3600 575
22
385 199 196 206 339 273 83 80 236 354 251 254 291 292 366 368 375 372 383 15 3 4
1 3600 575
18
31 32 274 185 169 166 172 320 239 81 76 218 303 300 113 37 40 90
1 3600 383
3
196 47 48
1 3600 575
11
359 277 278 43 44 103 106 117 118 131 128
1 3600 575
15
280 199 196 206 339 273 270 227 224 105 106 117 114 306 310
1 3600 575
18
200 274 360 183 180 186 317 314 239 236 354 299 296 95 98 93 90 156
1 3600 65
4
171 168 181 135
1 3600 50
7
226 271 268 173 174 391 63
1 3600 50
8
371 271 268 313 316 391 63 66
1 3600 55
11
371 227 222 79 80 238 59 56 193 194 389
1 3600 221
9
371 227 222 79 80 238 59 56 285
1 3600 575
14
83 80 240 242 252 256 363 145 146 248 205 121 124 188
1 3600 64
7
371 25 22 324 45 42 330
1 3600 64
6
207 197 198 281 276 358
1 3600 64
4
197 198 281 278
1 3600 62
4
83 78 223 224
1 3600 70
6
23 24 227 85 88 221
1 3600 70
7
273 83 76 218 303 300 304
1 3600 70
9
229 105 100 9 12 303 300 304 334
1 3600 70
10
27 24 227 85 88 221 218 303 300 304
1 3600 70
3
105 100 9
1 3600 164
17
225 85 88 221 218 340 251 252 258 292 363 145 146 248 372 383 265
1 3600 575
11
85 88 9 12 303 300 304 336 343 344 412
1 3600 359
8
323 324 103 106 117 118 131 126
1 3600 575
8
76 218 303 300 113 110 35 38
1 3600 575
13
225 222 79 80 236 354 299 296 95 98 93 90 156
1 3600 213
7
355 237 238 315 316 187 181
1 3600 54
15
305 301 302 219 77 82 272 177 174 391 63 66 70 159 160
1 3600 66
8
115 116 11 12 219 216 247 244
1 3600 66
3
238 59 56
1 3600 66
4
100 221 216 247
1 3600 59
4
247 244 285 286
1 3600 359
9
297 261 253 243 244 193 194 389 386
1 3600 169
9
217 77 82 272 338 207 197 198 281
1 3600 75
8
301 302 219 220 89 84 226 370
1 3600 75
4
87 84 224 230
1 3600 75
4
235 223 224 228
1 3600 75
7
81 78 223 226 25 22 322
1 3600 75
3
341 219 77
1 3600 49
4
88 101 106 117
1 3600 72
7
116 11 12 303 300 304 109
1 3600 72
15
100 221 218 340 251 254 291 292 366 368 375 372 383 265 266
1 3600 72
5
218 303 300 304 336
1 3600 72
7
9 12 303 300 113 37 40
1 3600 575
5
109 110 35 40 90
1 3600 575
5
116 107 102 45 48
1 3600 140
8
305 301 302 13 10 117 118 131
1 3600 230
8
217 220 101 106 117 114 306 308
1 3600 575
12
87 88 221 216 354 299 296 95 98 344 155 156
1 3600 575
18
264 382 373 249 147 144 362 257 253 243 241 238 315 316 187 181 182 400
1 3600 221
14
378 345 99 94 297 298 355 237 238 315 318 393 63 66
1 3600 59
9
264 382 373 374 369 367 293 290 332
1 3600 60
7
343 344 379 267 7 2 16
1 3600 60
8
111 108 334 297 261 256 363 364
1 3600 119
13
398 343 344 379 267 7 2 16 20 121 124 151 148
1 3600 575
22
5 2 16 18 373 249 147 144 362 293 259 253 243 241 238 321 173 167 168 184 275 33
1 3600 147
12
345 342 337 305 301 302 13 8 89 84 226 25
1 3600 60
9
342 337 305 301 302 13 8 89 86
1 3600 60
8
345 342 399 111 112 301 302 13
1 3600 60
6
345 99 94 297 298 341
1 3600 60
11
155 91 41 36 112 301 302 219 220 89 86
1 3600 81
9
108 334 297 213 214 248 372 383 265
1 3600 115
3
343 93 90
1 3600 575
17
5 6 264 382 373 249 215 212 298 355 217 220 101 104 230 45 48
1 3600 383
20
5 2 14 382 373 374 369 365 362 293 290 255 250 341 13 10 117 114 306 129
1 3600 117
6
381 378 155 91 41 38
1 3600 575
3
378 155 152
1 3600 575
15
413 345 99 94 297 298 355 237 238 321 173 174 187 181 182
1 3600 575
17
413 345 342 97 94 297 261 253 243 244 57 60 395 263 73 74 409
1 3600 479
11
91 41 36 108 334 297 261 253 243 244 57
1 3600 151
4
154 379 267 264
1 3600 115
9
154 379 267 264 15 16 20 202 208
1 3600 575
16
91 41 34 111 112 301 302 219 77 82 272 338 207 197 198 29
1 3600 575
13
413 345 342 337 305 301 302 219 77 82 272 338 207
1 3600 287
8
413 345 99 94 297 298 355 237
1 3600 46
4
413 345 342 399
1 3600 575
12
91 41 36 112 301 302 13 8 101 102 45 48
1 3600 575
12
91 92 342 337 305 301 302 13 10 117 114 306
1 3600 575
3
91 41 38
1 3600 575
8
49 46 206 171 168 181 135 132
1 3600 575
7
49 46 206 339 177 172 313
1 3600 575
10
49 44 231 225 222 79 80 240 242 252
1 3600 575
20
49 46 206 339 177 172 320 239 240 242 254 291 292 363 145 146 248 205 121 124
1 3600 575
14
49 42 279 31 32 274 360 183 135 136 75 72 139 140
1 3600 117
4
49 42 279 276
1 3600 205
4
49 44 231 228
1 3600 575
9
49 44 103 100 9 12 340 299 296
1 3600 575
21
49 46 206 339 273 268 320 239 240 242 252 258 292 366 368 375 372 19 17 3 4
1 3600 575
12
49 44 103 100 221 218 303 300 113 37 40 90
1 3600 575
8
49 44 231 105 106 117 118 131
1 3600 575
16
49 46 206 339 177 172 320 239 236 354 299 296 335 109 110 35
1 3600 575
15
49 46 206 339 273 83 76 218 303 300 113 37 40 90 156
1 3600 575
18
127 130 119 116 107 104 230 325 23 24 271 268 173 174 391 179 182 400
1 3600 575
11
307 115 116 107 104 225 226 271 268 313 316
1 3600 442
9
127 130 119 116 11 12 219 216 247
1 3600 575
12
307 115 116 11 12 340 299 213 214 248 372 19
1 3600 575
17
127 130 119 116 11 12 340 251 252 256 363 145 146 248 205 202 208
1 3600 575
13
307 115 116 107 102 325 23 24 271 272 338 207 197
1 3600 140
6
307 115 116 107 104 228
1 3600 52
4
130 119 116 11
1 3600 164
13
127 128 307 115 116 11 12 340 299 296 95 98 93
1 3600 575
12
130 119 116 11 12 303 300 304 336 343 344 412
1 3600 575
8
127 130 119 116 107 102 45 48
1 3600 144
12
128 307 115 116 11 12 303 300 304 109 110 35
1 3600 575
12
130 119 116 11 12 303 300 113 37 40 90 156
1 3600 575
17
34 111 108 334 297 298 355 237 238 315 318 393 63 68 132 353 350
1 3600 575
15
309 307 115 116 11 8 89 84 222 79 82 268 313 318 394
1 3600 523
13
311 307 115 116 107 100 221 216 247 244 57 60 51
1 3600 442
17
311 307 115 116 11 12 340 251 254 291 292 366 368 375 205 121 124
1 3600 575
13
40 92 344 379 267 7 2 16 20 121 124 151 148
1 3600 575
14
39 36 112 301 302 219 77 82 272 338 207 47 42 330
1 3600 411
10
309 307 115 116 107 104 225 226 271 272
1 3600 103
6
309 307 115 116 11 12
1 3600 62
11
311 307 115 116 11 12 340 299 296 95 96
1 3600 575
3
39 40 90
1 3600 575
9
311 129 130 119 116 107 102 45 48
1 3600 174
11
34 111 108 305 301 302 13 10 117 114 306
1 3600 479
10
36 112 301 302 13 10 117 114 306 308
1 3600 575
3
40 90 156
1 3600 575
19
157 91 92 99 94 297 261 253 243 241 238 315 316 187 184 360 400 351 348
1 3600 575
11
153 91 92 99 94 297 298 355 237 238 315
1 3600 575
14
157 154 379 267 264 382 373 249 147 144 362 293 294 328
1 3600 575
10
157 154 379 267 264 382 373 249 147 144
1 3600 575
11
153 154 379 267 7 2 16 20 121 124 151
1 3600 575
18
153 91 92 342 337 305 301 302 219 220 89 84 226 25 22 324 45 42
1 3600 575
13
157 91 41 34 111 108 305 301 302 219 220 89 84
1 3600 575
6
153 91 41 36 112 301
1 3600 287
5
153 154 379 267 7
1 3600 575
3
153 154 412
1 3600 575
18
157 91 92 99 94 297 261 253 243 241 238 321 173 176 338 207 47 48
1 3600 575
14
153 91 92 342 337 305 301 302 13 10 117 118 131 126
1 3600 250
4
157 91 41 38
