149
32.19517 119.479904 1 0
32.220802 119.4816 2 0
32.190254 119.43781 3 1
32.195007 119.44835 4 1
32.180775 119.446075 5 0
32.1915 119.46262 6 0
32.206352 119.45887 7 1
32.21404 119.47522 8 1
32.221397 119.474594 9 0
32.21596 119.4541 10 0
32.221313 119.45659 11 0
32.21243 119.43651 12 1
32.185776 119.48112 13 0
32.185402 119.42308 14 1
32.18536 119.419365 15 0
32.184437 119.41937 16 0
32.184464 119.421135 17 1
32.186584 119.42112 18 1
32.183422 119.4816 19 0
32.19254 119.47499 20 1
32.19452 119.471245 21 1
32.197056 119.43446 22 1
32.199753 119.43418 23 1
32.187267 119.44661 24 1
32.181095 119.46143 25 0
32.19416 119.4556 26 0
32.193916 119.4699 27 1
32.20307 119.47606 28 0
32.214844 119.441505 29 0
32.194805 119.41263 30 0
32.190285 119.40039 31 0
32.19117 119.40626 32 1
32.215298 119.435814 33 1
32.21551 119.436455 34 0
32.194126 119.453186 35 0
32.18564 119.4 36 0
32.186726 119.44141 37 1
32.18749 119.446465 38 1
32.210857 119.40051 39 0
32.220848 119.48127 40 0
32.21402 119.439 41 0
32.195415 119.48036 42 0
32.220966 119.41565 43 0
32.18172 119.40913 44 0
32.21168 119.4419 45 1
32.221207 119.46066 46 0
32.203205 119.412186 47 1
32.2083 119.42033 48 1
32.21404 119.478676 49 1
32.19052 119.435356 50 1
32.19326 119.4072 51 1
32.1835 119.48091 52 0
32.181103 119.47532 53 0
32.1835 119.480156 54 0
32.204628 119.4768 55 0
32.186497 119.44127 56 0
32.202564 119.400116 57 0
32.20164 119.47578 58 1
32.19821 119.474945 59 1
32.195885 119.474815 60 1
32.208527 119.43673 61 0
32.20432 119.40772 62 1
32.20612 119.4138 63 0
32.181675 119.466515 64 0
32.180935 119.46748 65 0
32.199318 119.44062 66 1
32.218388 119.46797 67 1
32.205772 119.40657 68 1
32.201336 119.4101 69 1
32.193474 119.400444 70 0
32.181427 119.42123 71 0
32.209373 119.44134 72 0
32.193203 119.42485 73 1
32.201878 119.47438 74 1
32.213966 119.471115 75 1
32.212 119.451904 76 1
32.214043 119.48061 77 0
32.214783 119.43277 78 0
32.221101 119.4742765 79 1
32.2157456 119.4142375 80 1
32.186776 119.441835 81 1
32.18656 119.42365 82 1
32.1870475 119.423862 83 1
32.2054125 119.439188 84 1
32.2205868 119.47757 85 1
32.2088147 119.4701053 86 1
32.2158536 119.4479644 87 1
32.2163782 119.4601194 88 1
32.216155 119.4570567 89 1
32.22081 119.456235 90 1
32.1866687 119.4150117 91 1
32.215785 119.4533 92 1
32.1837587 119.4802513 93 0
32.2207693 119.4800447 94 1
32.1845715 119.4226325 95 1
32.1967175 119.4178475 96 1
32.1971265 119.42474 97 1
32.1890862 119.415149 98 1
32.1921733 119.416542 99 1
32.1850636 119.47519 100 1
32.194139 119.4749063 101 1
32.1945944 119.476966 102 1
32.1946545 119.469785 103 1
32.206755 119.4487726 104 1
32.21201 119.4385483 105 1
32.217386 119.4384843 106 1
32.2090783 119.43818 107 1
32.2009123 119.44264 108 1
32.1980528 119.4510104 109 1
32.1972426 119.4568966 110 1
32.1984374 119.4599684 111 1
32.186721 119.435445 112 1
32.2031657 119.4337367 113 1
32.215661 119.427255 114 0
32.1832146 119.4616928 115 1
32.1919501 119.452584 116 1
32.1948615 119.4622157 117 1
32.2038449 119.4599823 118 1
32.2089155 119.458195 119 0
32.2113625 119.4585092 120 1
32.2190347 119.459766 121 0
32.220987 119.4596416 122 1
32.221174 119.4607925 123 0
32.211673 119.4471741 124 1
32.2162265 119.435385 125 1
32.194237 119.46084 126 1
32.2112383 119.4012233 127 1
32.194477 119.45789 128 1
32.2116795 119.4588525 129 1
32.2029243 119.4256083 130 1
32.2078592 119.451333 131 1
32.2048863 119.423545 132 1
32.185659 119.4002775 133 1
32.20209 119.450035 134 1
32.2031425 119.4541975 135 1
32.2013157 119.4013747 136 1
32.1978142 119.407367 137 1
32.1923465 119.46513 138 1
32.218172 119.434395 139 1
32.194646 119.4625012 140 1
32.1878353 119.4688161 141 1
32.2061403 119.4766967 142 1
32.194458 119.47243 143 1
32.1862 119.40896 144 1
32.1984845 119.47326 145 1
32.196415 119.472835 146 1
32.2055387 119.4099633 147 1
32.188856 119.424165 148 1
32.190835 119.4705533 149 0
205
58 59 335.84217212241913 16.67 3 3 2 3
1 0 0 0 1 0 0 0 1
1 0 0 0 1 0 0 0 1
58 28 138.113481375973 16.67 3 3 4 5
1 0 0 0 1 0 0 0 1
1 0 0 0 1 0 0 0 1
58 74 157.28501305802553 16.67 3 3 6 7
1 0 0 0 1 0 0 0 1
1 0 0 0 1 0 0 0 1
76 124 526.8723660436657 16.67 3 3 8 9
1 0 0 0 1 0 0 0 1
1 0 0 0 1 0 0 0 1
76 92 388.47960105882265 16.67 3 3 10 11
1 0 0 0 1 0 0 0 1
1 0 0 0 1 0 0 0 1
76 131 394.730848663359 16.67 3 3 12 13
1 0 0 0 1 0 0 0 1
1 0 0 0 1 0 0 0 1
59 145 189.1470506428579 16.67 3 3 14 15
1 0 0 0 1 0 0 0 1
1 0 0 0 1 0 0 0 1
59 60 219.25968189403952 16.67 3 3 16 17
1 0 0 0 1 0 0 0 1
1 0 0 0 1 0 0 0 1
60 146 225.75755467675253 16.67 3 3 18 19
1 0 0 0 1 0 0 0 1
1 0 0 0 1 0 0 0 1
60 101 164.61625547245708 16.67 3 3 20 21
1 0 0 0 1 0 0 0 1
1 0 0 0 1 0 0 0 1
33 125 99.53291119079313 16.67 3 3 22 23
1 0 0 0 1 0 0 0 1
1 0 0 0 1 0 0 0 1
33 12 280.70889038227835 16.67 3 3 24 25
1 0 0 0 1 0 0 0 1
1 0 0 0 1 0 0 0 1
33 34 74.01830165211426 16.67 3 3 26 27
1 0 0 0 1 0 0 0 1
1 0 0 0 1 0 0 0 1
62 147 274.5531787991435 16.67 3 3 28 29
1 0 0 0 1 0 0 0 1
1 0 0 0 1 0 0 0 1
62 68 187.13620840212408 16.67 3 3 30 31
1 0 0 0 1 0 0 0 1
1 0 0 0 1 0 0 0 1
62 69 385.84974366704 16.67 3 3 32 33
1 0 0 0 1 0 0 0 1
1 0 0 0 1 0 0 0 1
79 67 746.2943723720731 16.67 3 3 34 35
1 0 0 0 1 0 0 0 1
1 0 0 0 1 0 0 0 1
79 88 1635.7903365286968 16.67 3 3 36 37
1 0 0 0 1 0 0 0 1
1 0 0 0 1 0 0 0 1
79 9 44.96650946098775 16.67 3 3 38 39
1 0 0 0 1 0 0 0 1
1 0 0 0 1 0 0 0 1
79 85 369.42393658300534 16.67 3 3 40 41
1 0 0 0 1 0 0 0 1
1 0 0 0 1 0 0 0 1
80 127 1508.050858236011 16.67 3 3 42 43
1 0 0 0 1 0 0 0 1
1 0 0 0 1 0 0 0 1
80 139 2253.144091740903 16.67 3 3 44 45
1 0 0 0 1 0 0 0 1
1 0 0 0 1 0 0 0 1
80 48 974.5239728523725 16.67 3 3 46 47
1 0 0 0 1 0 0 0 1
1 0 0 0 1 0 0 0 1
80 43 515.6504169226678 16.67 3 3 48 49
1 0 0 0 1 0 0 0 1
1 0 0 0 1 0 0 0 1
81 3 554.502815060238 16.67 3 3 50 51
1 0 0 0 1 0 0 0 1
1 0 0 0 1 0 0 0 1
81 38 519.2306807772419 16.67 3 3 52 53
1 0 0 0 1 0 0 0 1
1 0 0 0 1 0 0 0 1
81 37 47.494441205112494 16.67 3 3 54 55
1 0 0 0 1 0 0 0 1
1 0 0 0 1 0 0 0 1
4 116 551.7519696746357 16.67 3 3 56 57
1 0 0 0 1 0 0 0 1
1 0 0 0 1 0 0 0 1
4 66 950.5106725386943 16.67 3 3 58 59
1 0 0 0 1 0 0 0 1
1 0 0 0 1 0 0 0 1
4 3 1254.5094624780577 16.67 3 3 60 61
1 0 0 0 1 0 0 0 1
1 0 0 0 1 0 0 0 1
83 148 173.50391270209036 16.67 3 3 62 63
1 0 0 0 1 0 0 0 1
1 0 0 0 1 0 0 0 1
83 112 1288.4167459499554 16.67 3 3 64 65
1 0 0 0 1 0 0 0 1
1 0 0 0 1 0 0 0 1
83 82 51.581869876420086 16.67 3 3 66 67
1 0 0 0 1 0 0 0 1
1 0 0 0 1 0 0 0 1
83 91 984.8146167986276 16.67 3 3 68 69
1 0 0 0 1 0 0 0 1
1 0 0 0 1 0 0 0 1
82 14 126.07415643706719 16.67 3 3 70 71
1 0 0 0 1 0 0 0 1
1 0 0 0 1 0 0 0 1
82 112 1311.7125795626528 16.67 3 3 72 73
1 0 0 0 1 0 0 0 1
1 0 0 0 1 0 0 0 1
82 18 281.34958463530063 16.67 3 3 74 75
1 0 0 0 1 0 0 0 1
1 0 0 0 1 0 0 0 1
84 104 1073.2840825956837 16.67 3 3 76 77
1 0 0 0 1 0 0 0 1
1 0 0 0 1 0 0 0 1
84 107 362.68096260796403 16.67 3 3 78 79
1 0 0 0 1 0 0 0 1
1 0 0 0 1 0 0 0 1
84 108 571.5353765176401 16.67 3 3 80 81
1 0 0 0 1 0 0 0 1
1 0 0 0 1 0 0 0 1
84 113 642.0004232211885 16.67 3 3 82 83
1 0 0 0 1 0 0 0 1
1 0 0 0 1 0 0 0 1
45 105 374.0060084065933 16.67 3 3 84 85
1 0 0 0 1 0 0 0 1
1 0 0 0 1 0 0 0 1
45 29 300.91160369688976 16.67 3 3 86 87
1 0 0 0 1 0 0 0 1
1 0 0 0 1 0 0 0 1
45 124 586.4897082180028 16.67 3 3 88 89
1 0 0 0 1 0 0 0 1
1 0 0 0 1 0 0 0 1
85 94 275.7261228300804 16.67 3 3 90 91
1 0 0 0 1 0 0 0 1
1 0 0 0 1 0 0 0 1
85 8 669.0488457441797 16.67 3 3 92 93
1 0 0 0 1 0 0 0 1
1 0 0 0 1 0 0 0 1
86 7 1270.6907281929791 16.67 3 3 94 95
1 0 0 0 1 0 0 0 1
1 0 0 0 1 0 0 0 1
86 75 497.5164455279598 16.67 3 3 96 97
1 0 0 0 1 0 0 0 1
1 0 0 0 1 0 0 0 1
86 8 751.8016333495644 16.67 3 3 98 99
1 0 0 0 1 0 0 0 1
1 0 0 0 1 0 0 0 1
87 124 403.0169919083285 16.67 3 3 100 101
1 0 0 0 1 0 0 0 1
1 0 0 0 1 0 0 0 1
87 139 1524.6247024290435 16.67 3 3 102 103
1 0 0 0 1 0 0 0 1
1 0 0 0 1 0 0 0 1
87 106 1064.0166525931602 16.67 3 3 104 105
1 0 0 0 1 0 0 0 1
1 0 0 0 1 0 0 0 1
87 92 593.3633494168271 16.67 3 3 106 107
1 0 0 0 1 0 0 0 1
1 0 0 0 1 0 0 0 1
88 129 463.96580262449527 16.67 3 3 108 109
1 0 0 0 1 0 0 0 1
1 0 0 0 1 0 0 0 1
88 67 893.2431006372323 16.67 3 3 110 111
1 0 0 0 1 0 0 0 1
1 0 0 0 1 0 0 0 1
88 120 504.71310357868555 16.67 3 3 112 113
1 0 0 0 1 0 0 0 1
1 0 0 0 1 0 0 0 1
89 121 405.17918114333946 16.67 3 3 114 115
1 0 0 0 1 0 0 0 1
1 0 0 0 1 0 0 0 1
89 92 419.19955854208706 16.67 3 3 116 117
1 0 0 0 1 0 0 0 1
1 0 0 0 1 0 0 0 1
89 10 329.3017555034746 16.67 3 3 118 119
1 0 0 0 1 0 0 0 1
1 0 0 0 1 0 0 0 1
20 101 150.7629269720075 16.67 3 3 120 121
1 0 0 0 1 0 0 0 1
1 0 0 0 1 0 0 0 1
20 102 292.67779784345106 16.67 3 3 122 123
1 0 0 0 1 0 0 0 1
1 0 0 0 1 0 0 0 1
20 100 703.9248209961339 16.67 3 3 124 125
1 0 0 0 1 0 0 0 1
1 0 0 0 1 0 0 0 1
90 11 61.624996193318026 16.67 3 3 126 127
1 0 0 0 1 0 0 0 1
1 0 0 0 1 0 0 0 1
90 122 379.185798503123 16.67 3 3 128 129
1 0 0 0 1 0 0 0 1
1 0 0 0 1 0 0 0 1
90 10 514.3444727311894 16.67 3 3 130 131
1 0 0 0 1 0 0 0 1
1 0 0 0 1 0 0 0 1
91 144 674.4039389262792 16.67 3 3 132 133
1 0 0 0 1 0 0 0 1
1 0 0 0 1 0 0 0 1
91 98 228.0274257187174 16.67 3 3 134 135
1 0 0 0 1 0 0 0 1
1 0 0 0 1 0 0 0 1
91 18 679.3006394434618 16.67 3 3 136 137
1 0 0 0 1 0 0 0 1
1 0 0 0 1 0 0 0 1
37 112 663.3188191368232 16.67 3 3 138 139
1 0 0 0 1 0 0 0 1
1 0 0 0 1 0 0 0 1
37 19 4480.003779672117 16.67 3 3 140 141
1 0 0 0 1 0 0 0 1
1 0 0 0 1 0 0 0 1
27 103 70.66296439608756 16.67 3 3 142 143
1 0 0 0 1 0 0 0 1
1 0 0 0 1 0 0 0 1
27 138 550.6115291392737 16.67 3 3 144 145
1 0 0 0 1 0 0 0 1
1 0 0 0 1 0 0 0 1
27 21 160.00247727347949 16.67 3 3 146 147
1 0 0 0 1 0 0 0 1
1 0 0 0 1 0 0 0 1
93 13 213.02082489848948 16.67 3 3 148 149
1 0 0 0 1 0 0 0 1
1 0 0 0 1 0 0 0 1
93 100 576.0686663576629 16.67 3 3 150 151
1 0 0 0 1 0 0 0 1
1 0 0 0 1 0 0 0 1
94 40 136.456554231793 16.67 3 3 152 153
1 0 0 0 1 0 0 0 1
1 0 0 0 1 0 0 0 1
94 49 651.1094431435946 16.67 3 3 154 155
1 0 0 0 1 0 0 0 1
1 0 0 0 1 0 0 0 1
94 2 172.97949449773 16.67 3 3 156 157
1 0 0 0 1 0 0 0 1
1 0 0 0 1 0 0 0 1
95 14 92.65852723396611 16.67 3 3 158 159
1 0 0 0 1 0 0 0 1
1 0 0 0 1 0 0 0 1
95 17 166.83173045374932 16.67 3 3 160 161
1 0 0 0 1 0 0 0 1
1 0 0 0 1 0 0 0 1
95 71 334.522500099284 16.67 3 3 162 163
1 0 0 0 1 0 0 0 1
1 0 0 0 1 0 0 0 1
96 30 607.4665003967801 16.67 3 3 164 165
1 0 0 0 1 0 0 0 1
1 0 0 0 1 0 0 0 1
96 97 767.4240223903843 16.67 3 3 166 167
1 0 0 0 1 0 0 0 1
1 0 0 0 1 0 0 0 1
96 99 451.5875093876841 16.67 3 3 168 169
1 0 0 0 1 0 0 0 1
1 0 0 0 1 0 0 0 1
96 132 996.146992997417 16.67 3 3 170 171
1 0 0 0 1 0 0 0 1
1 0 0 0 1 0 0 0 1
97 23 1078.44828485688 16.67 3 3 172 173
1 0 0 0 1 0 0 0 1
1 0 0 0 1 0 0 0 1
97 73 369.4084902004923 16.67 3 3 174 175
1 0 0 0 1 0 0 0 1
1 0 0 0 1 0 0 0 1
97 130 554.0581135998889 16.67 3 3 176 177
1 0 0 0 1 0 0 0 1
1 0 0 0 1 0 0 0 1
98 148 1002.8293303890362 16.67 3 3 178 179
1 0 0 0 1 0 0 0 1
1 0 0 0 1 0 0 0 1
98 99 329.2419544845461 16.67 3 3 180 181
1 0 0 0 1 0 0 0 1
1 0 0 0 1 0 0 0 1
98 51 967.286126655502 16.67 3 3 182 183
1 0 0 0 1 0 0 0 1
1 0 0 0 1 0 0 0 1
99 137 1150.1127790724274 16.67 3 3 184 185
1 0 0 0 1 0 0 0 1
1 0 0 0 1 0 0 0 1
99 73 928.9323696224033 16.67 3 3 186 187
1 0 0 0 1 0 0 0 1
1 0 0 0 1 0 0 0 1
100 54 571.4986888931714 16.67 3 3 188 189
1 0 0 0 1 0 0 0 1
1 0 0 0 1 0 0 0 1
100 53 373.0266880192789 16.67 3 3 190 191
1 0 0 0 1 0 0 0 1
1 0 0 0 1 0 0 0 1
38 116 799.4933163750972 16.67 3 3 192 193
1 0 0 0 1 0 0 0 1
1 0 0 0 1 0 0 0 1
38 24 26.465765012579517 16.67 3 3 194 195
1 0 0 0 1 0 0 0 1
1 0 0 0 1 0 0 0 1
47 48 1024.694143904079 16.67 3 3 196 197
1 0 0 0 1 0 0 0 1
1 0 0 0 1 0 0 0 1
47 147 330.6229667117747 16.67 3 3 198 199
1 0 0 0 1 0 0 0 1
1 0 0 0 1 0 0 0 1
47 69 291.095453521344 16.67 3 3 200 201
1 0 0 0 1 0 0 0 1
1 0 0 0 1 0 0 0 1
101 102 233.01704037066628 16.67 3 3 202 203
1 0 0 0 1 0 0 0 1
1 0 0 0 1 0 0 0 1
101 143 277.0004189329417 16.67 3 3 204 205
1 0 0 0 1 0 0 0 1
1 0 0 0 1 0 0 0 1
48 132 480.6053065930424 16.67 3 3 206 207
1 0 0 0 1 0 0 0 1
1 0 0 0 1 0 0 0 1
102 42 385.2378050067961 16.67 3 3 208 209
1 0 0 0 1 0 0 0 1
1 0 0 0 1 0 0 0 1
102 1 331.17057186179056 16.67 3 3 210 211
1 0 0 0 1 0 0 0 1
1 0 0 0 1 0 0 0 1
103 118 1391.4871305481279 16.67 3 3 212 213
1 0 0 0 1 0 0 0 1
1 0 0 0 1 0 0 0 1
103 21 162.8472194568734 16.67 3 3 214 215
1 0 0 0 1 0 0 0 1
1 0 0 0 1 0 0 0 1
104 134 460.8375073602698 16.67 3 3 216 217
1 0 0 0 1 0 0 0 1
1 0 0 0 1 0 0 0 1
104 131 303.0847310417115 16.67 3 3 218 219
1 0 0 0 1 0 0 0 1
1 0 0 0 1 0 0 0 1
104 124 495.7076003474392 16.67 3 3 220 221
1 0 0 0 1 0 0 0 1
1 0 0 0 1 0 0 0 1
105 107 278.8552295247722 16.67 3 3 222 223
1 0 0 0 1 0 0 0 1
1 0 0 0 1 0 0 0 1
105 106 505.85515583525057 16.67 3 3 224 225
1 0 0 0 1 0 0 0 1
1 0 0 0 1 0 0 0 1
105 12 230.0813992210363 16.67 3 3 226 227
1 0 0 0 1 0 0 0 1
1 0 0 0 1 0 0 0 1
106 41 321.8245733402064 16.67 3 3 228 229
1 0 0 0 1 0 0 0 1
1 0 0 0 1 0 0 0 1
106 139 460.7106737431377 16.67 3 3 230 231
1 0 0 0 1 0 0 0 1
1 0 0 0 1 0 0 0 1
107 61 169.38060531931524 16.67 3 3 232 233
1 0 0 0 1 0 0 0 1
1 0 0 0 1 0 0 0 1
107 72 352.48992024041746 16.67 3 3 234 235
1 0 0 0 1 0 0 0 1
1 0 0 0 1 0 0 0 1
108 134 829.7705599528667 16.67 3 3 236 237
1 0 0 0 1 0 0 0 1
1 0 0 0 1 0 0 0 1
108 66 270.1172614093049 16.67 3 3 238 239
1 0 0 0 1 0 0 0 1
1 0 0 0 1 0 0 0 1
108 109 968.9139626711177 16.67 3 3 240 241
1 0 0 0 1 0 0 0 1
1 0 0 0 1 0 0 0 1
109 110 658.9810536967497 16.67 3 3 242 243
1 0 0 0 1 0 0 0 1
1 0 0 0 1 0 0 0 1
109 116 600.3342024029291 16.67 3 3 244 245
1 0 0 0 1 0 0 0 1
1 0 0 0 1 0 0 0 1
109 134 395.08221317847926 16.67 3 3 246 247
1 0 0 0 1 0 0 0 1
1 0 0 0 1 0 0 0 1
21 143 131.90321592270206 16.67 3 3 248 249
1 0 0 0 1 0 0 0 1
1 0 0 0 1 0 0 0 1
110 135 631.12533170475 16.67 3 3 250 251
1 0 0 0 1 0 0 0 1
1 0 0 0 1 0 0 0 1
110 111 359.61705181711227 16.67 3 3 252 253
1 0 0 0 1 0 0 0 1
1 0 0 0 1 0 0 0 1
110 128 282.7207918769929 16.67 3 3 254 255
1 0 0 0 1 0 0 0 1
1 0 0 0 1 0 0 0 1
111 140 454.54661221140316 16.67 3 3 256 257
1 0 0 0 1 0 0 0 1
1 0 0 0 1 0 0 0 1
111 117 419.1401029684976 16.67 3 3 258 259
1 0 0 0 1 0 0 0 1
1 0 0 0 1 0 0 0 1
111 118 508.84705533097775 16.67 3 3 260 261
1 0 0 0 1 0 0 0 1
1 0 0 0 1 0 0 0 1
112 50 357.6681468147345 16.67 3 3 262 263
1 0 0 0 1 0 0 0 1
1 0 0 0 1 0 0 0 1
74 145 342.7450534346114 16.67 3 3 264 265
1 0 0 0 1 0 0 0 1
1 0 0 0 1 0 0 0 1
74 142 476.6790969277211 16.67 3 3 266 267
1 0 0 0 1 0 0 0 1
1 0 0 0 1 0 0 0 1
113 23 324.8794596721036 16.67 3 3 268 269
1 0 0 0 1 0 0 0 1
1 0 0 0 1 0 0 0 1
113 12 924.6674906825727 16.67 3 3 270 271
1 0 0 0 1 0 0 0 1
1 0 0 0 1 0 0 0 1
113 130 904.1779545458091 16.67 3 3 272 273
1 0 0 0 1 0 0 0 1
1 0 0 0 1 0 0 0 1
69 137 449.6481276535369 16.67 3 3 274 275
1 0 0 0 1 0 0 0 1
1 0 0 0 1 0 0 0 1
68 136 713.8509734128809 16.67 3 3 276 277
1 0 0 0 1 0 0 0 1
1 0 0 0 1 0 0 0 1
68 127 786.1593409952254 16.67 3 3 278 279
1 0 0 0 1 0 0 0 1
1 0 0 0 1 0 0 0 1
68 147 377.9789980415702 16.67 3 3 280 281
1 0 0 0 1 0 0 0 1
1 0 0 0 1 0 0 0 1
115 25 201.61651832949897 16.67 3 3 282 283
1 0 0 0 1 0 0 0 1
1 0 0 0 1 0 0 0 1
115 116 1304.5769754762364 16.67 3 3 284 285
1 0 0 0 1 0 0 0 1
1 0 0 0 1 0 0 0 1
115 65 678.3676064070141 16.67 3 3 286 287
1 0 0 0 1 0 0 0 1
1 0 0 0 1 0 0 0 1
115 64 555.4696082364117 16.67 3 3 288 289
1 0 0 0 1 0 0 0 1
1 0 0 0 1 0 0 0 1
117 128 482.3844823678329 16.67 3 3 290 291
1 0 0 0 1 0 0 0 1
1 0 0 0 1 0 0 0 1
117 140 37.6721741452275 16.67 3 3 292 293
1 0 0 0 1 0 0 0 1
1 0 0 0 1 0 0 0 1
117 126 163.87985408100988 16.67 3 3 294 295
1 0 0 0 1 0 0 0 1
1 0 0 0 1 0 0 0 1
118 7 266.36378182165464 16.67 3 3 296 297
1 0 0 0 1 0 0 0 1
1 0 0 0 1 0 0 0 1
118 135 646.6663727376311 16.67 3 3 298 299
1 0 0 0 1 0 0 0 1
1 0 0 0 1 0 0 0 1
119 120 232.8717609188836 16.67 3 3 300 301
1 0 0 0 1 0 0 0 1
1 0 0 0 1 0 0 0 1
119 131 769.5117484645563 16.67 3 3 302 303
1 0 0 0 1 0 0 0 1
1 0 0 0 1 0 0 0 1
120 129 48.44511237835703 16.67 3 3 304 305
1 0 0 0 1 0 0 0 1
1 0 0 0 1 0 0 0 1
121 122 184.18967005144697 16.67 3 3 306 307
1 0 0 0 1 0 0 0 1
1 0 0 0 1 0 0 0 1
122 123 129.1855875287173 16.67 3 3 308 309
1 0 0 0 1 0 0 0 1
1 0 0 0 1 0 0 0 1
122 46 115.12360806634656 16.67 3 3 310 311
1 0 0 0 1 0 0 0 1
1 0 0 0 1 0 0 0 1
22 23 255.69389919545958 16.67 3 3 312 313
1 0 0 0 1 0 0 0 1
1 0 0 0 1 0 0 0 1
22 66 717.3124919783395 16.67 3 3 314 315
1 0 0 0 1 0 0 0 1
1 0 0 0 1 0 0 0 1
22 73 1128.4810721137458 16.67 3 3 316 317
1 0 0 0 1 0 0 0 1
1 0 0 0 1 0 0 0 1
22 50 623.0639431244753 16.67 3 3 318 319
1 0 0 0 1 0 0 0 1
1 0 0 0 1 0 0 0 1
23 66 717.3083578553677 16.67 3 3 320 321
1 0 0 0 1 0 0 0 1
1 0 0 0 1 0 0 0 1
125 78 320.9420269981061 16.67 3 3 322 323
1 0 0 0 1 0 0 0 1
1 0 0 0 1 0 0 0 1
125 139 213.5923812351251 16.67 3 3 324 325
1 0 0 0 1 0 0 0 1
1 0 0 0 1 0 0 0 1
126 6 324.8363418025312 16.67 3 3 326 327
1 0 0 0 1 0 0 0 1
1 0 0 0 1 0 0 0 1
126 26 582.7424090239748 16.67 3 3 328 329
1 0 0 0 1 0 0 0 1
1 0 0 0 1 0 0 0 1
127 39 87.05590171916771 16.67 3 3 330 331
1 0 0 0 1 0 0 0 1
1 0 0 0 1 0 0 0 1
128 35 524.1350095084738 16.67 3 3 332 333
1 0 0 0 1 0 0 0 1
1 0 0 0 1 0 0 0 1
129 7 501.2475286309702 16.67 3 3 334 335
1 0 0 0 1 0 0 0 1
1 0 0 0 1 0 0 0 1
129 75 1380.4772429381103 16.67 3 3 336 337
1 0 0 0 1 0 0 0 1
1 0 0 0 1 0 0 0 1
130 132 294.4936687179612 16.67 3 3 338 339
1 0 0 0 1 0 0 0 1
1 0 0 0 1 0 0 0 1
131 135 546.2781271039265 16.67 3 3 340 341
1 0 0 0 1 0 0 0 1
1 0 0 0 1 0 0 0 1
8 75 456.53642054174594 16.67 3 3 342 343
1 0 0 0 1 0 0 0 1
1 0 0 0 1 0 0 0 1
8 49 384.3133716851112 16.67 3 3 344 345
1 0 0 0 1 0 0 0 1
1 0 0 0 1 0 0 0 1
133 36 30.910260740223293 16.67 3 3 348 349
1 0 0 0 1 0 0 0 1
1 0 0 0 1 0 0 0 1
133 32 843.5532176236254 16.67 3 3 350 351
1 0 0 0 1 0 0 0 1
1 0 0 0 1 0 0 0 1
133 144 966.8510517802699 16.67 3 3 352 353
1 0 0 0 1 0 0 0 1
1 0 0 0 1 0 0 0 1
134 135 473.3536328054717 16.67 3 3 354 355
1 0 0 0 1 0 0 0 1
1 0 0 0 1 0 0 0 1
136 137 743.3608626971617 16.67 3 3 356 357
1 0 0 0 1 0 0 0 1
1 0 0 0 1 0 0 0 1
136 57 182.7255244028787 16.67 3 3 358 359
1 0 0 0 1 0 0 0 1
1 0 0 0 1 0 0 0 1
137 51 428.95445587847234 16.67 3 3 360 361
1 0 0 0 1 0 0 0 1
1 0 0 0 1 0 0 0 1
138 140 363.7071364753446 16.67 3 3 362 363
1 0 0 0 1 0 0 0 1
1 0 0 0 1 0 0 0 1
138 141 590.1234737809345 16.67 3 3 364 365
1 0 0 0 1 0 0 0 1
1 0 0 0 1 0 0 0 1
140 141 950.7328280080388 16.67 3 3 366 367
1 0 0 0 1 0 0 0 1
1 0 0 0 1 0 0 0 1
141 149 342.0730986164429 16.67 3 3 368 369
1 0 0 0 1 0 0 0 1
1 0 0 0 1 0 0 0 1
12 114 1073.1289935191282 16.67 3 3 370 371
1 0 0 0 1 0 0 0 1
1 0 0 0 1 0 0 0 1
143 146 189.58828794969915 16.67 3 3 372 373
1 0 0 0 1 0 0 0 1
1 0 0 0 1 0 0 0 1
143 149 399.7393932275801 16.67 3 3 374 375
1 0 0 0 1 0 0 0 1
1 0 0 0 1 0 0 0 1
144 44 422.04741668727 16.67 3 3 376 377
1 0 0 0 1 0 0 0 1
1 0 0 0 1 0 0 0 1
142 49 775.2003915247947 16.67 3 3 378 379
1 0 0 0 1 0 0 0 1
1 0 0 0 1 0 0 0 1
142 55 142.758001898259 16.67 3 3 380 381
1 0 0 0 1 0 0 0 1
1 0 0 0 1 0 0 0 1
145 146 200.3921975368272 16.67 3 3 382 383
1 0 0 0 1 0 0 0 1
1 0 0 0 1 0 0 0 1
147 63 430.1395937677504 16.67 3 3 384 385
1 0 0 0 1 0 0 0 1
1 0 0 0 1 0 0 0 1
56 52 4417.053372055314 16.67 3 3 386 387
1 0 0 0 1 0 0 0 1
1 0 0 0 1 0 0 0 1
56 24 598.222901007324 16.67 3 3 388 389
1 0 0 0 1 0 0 0 1
1 0 0 0 1 0 0 0 1
148 73 416.12620921973274 16.67 3 3 390 391
1 0 0 0 1 0 0 0 1
1 0 0 0 1 0 0 0 1
148 50 1254.2734045020707 16.67 3 3 392 393
1 0 0 0 1 0 0 0 1
1 0 0 0 1 0 0 0 1
50 3 274.03493066792885 16.67 3 3 394 395
1 0 0 0 1 0 0 0 1
1 0 0 0 1 0 0 0 1
24 5 613.8606470145733 16.67 3 3 396 397
1 0 0 0 1 0 0 0 1
1 0 0 0 1 0 0 0 1
67 75 543.490433982318 16.67 3 3 398 399
1 0 0 0 1 0 0 0 1
1 0 0 0 1 0 0 0 1
51 32 222.731659892834 16.67 3 3 400 401
1 0 0 0 1 0 0 0 1
1 0 0 0 1 0 0 0 1
51 70 751.5491288429041 16.67 3 3 402 403
1 0 0 0 1 0 0 0 1
1 0 0 0 1 0 0 0 1
14 15 413.13354413505454 16.67 3 3 404 405
1 0 0 0 1 0 0 0 1
1 0 0 0 1 0 0 0 1
17 16 196.28760069714204 16.67 3 3 406 407
1 0 0 0 1 0 0 0 1
1 0 0 0 1 0 0 0 1
17 18 199.52919392215037 16.67 3 3 408 409
1 0 0 0 1 0 0 0 1
1 0 0 0 1 0 0 0 1
32 31 658.0462008542514 16.67 3 3 410 411
1 0 0 0 1 0 0 0 1
1 0 0 0 1 0 0 0 1
49 77 215.06443892909746 16.67 3 3 412 413
1 0 0 0 1 0 0 0 1
1 0 0 0 1 0 0 0 1
101
3 61 -1 395 51
4 56 58 60 -1
7 95 335 -1 297
8 344 93 342 99
12 227 25 370 271
14 -1 71 404 159
17 161 408 406 -1
18 75 -1 137 409
20 122 120 -1 124
21 248 -1 215 147
22 314 312 316 318
23 320 269 173 313
24 -1 195 389 396
27 146 142 144 -1
32 -1 401 410 351
33 26 22 -1 24
37 140 55 138 -1
38 192 -1 53 194
45 88 86 84 -1
47 196 198 200 -1
48 -1 47 197 206
49 412 155 345 379
50 394 319 393 263
51 183 361 402 400
58 -1 4 6 2
59 -1 3 14 16
60 -1 17 18 20
62 28 30 -1 32
66 59 239 321 315
67 35 -1 111 398
68 280 278 276 31
69 201 33 -1 274
73 317 175 187 391
74 7 266 -1 264
75 343 399 337 97
76 -1 10 8 12
79 40 38 36 34
80 44 48 42 46
81 52 50 54 -1
82 72 67 74 70
83 64 62 68 66
84 76 78 82 80
85 90 -1 41 92
86 98 96 94 -1
87 106 102 104 100
88 110 37 112 108
89 -1 114 118 116
90 128 126 -1 130
91 69 134 132 136
92 117 -1 107 11
94 156 152 91 154
95 -1 158 160 162
96 166 170 164 168
97 172 176 167 174
98 178 180 182 135
99 186 169 184 181
100 151 125 188 190
101 202 21 204 121
102 210 208 203 123
103 214 -1 212 143
104 218 220 77 216
105 85 224 226 222
106 105 230 225 228
107 234 223 232 79
108 236 81 238 240
109 242 246 241 244
110 252 250 243 254
111 256 260 253 258
112 139 262 65 73
113 83 270 272 268
115 286 288 284 282
116 285 245 57 193
117 292 259 290 294
118 213 296 298 261
120 304 113 -1 301
122 308 310 129 307
124 9 101 89 221
125 -1 324 322 23
126 295 -1 328 326
127 43 -1 330 279
128 291 255 332 -1
129 336 109 305 334
130 273 -1 338 177
131 303 13 219 340
132 339 207 -1 171
133 352 350 348 -1
134 354 217 237 247
135 299 341 355 251
136 356 277 358 -1
137 185 275 357 360
138 145 -1 362 364
139 103 231 45 325
140 363 257 293 366
141 368 365 367 -1
142 -1 378 267 380
143 205 372 249 374
144 133 -1 353 376
145 15 265 -1 382
146 19 383 -1 373
147 384 281 29 199
148 392 390 179 63
