429
1 3600 210
3
83 55 60
1 3600 156
5
450 299 11 12 17
1 3600 156
4
449 417 301 11
1 3600 156
10
54 84 442 393 345 342 261 15 12 464
1 3600 411
15
435 421 407 403 147 140 137 121 118 311 312 21 3 6 219
1 3600 864
22
83 84 442 393 394 195 145 140 137 133 115 110 461 429 355 287 231 217 220 341 161 162
1 3600 864
24
57 58 445 442 433 430 375 378 33 34 396 404 413 410 470 317 265 93 94 125 126 203 181 182
1 3600 93
3
450 83 84
1 3600 154
7
330 61 54 84 442 393 345
1 3600 540
13
324 333 61 54 82 299 11 9 2 20 313 269 270
1 3600 864
15
451 435 421 407 403 404 436 323 27 24 38 297 294 81 76
1 3600 864
17
451 417 301 11 12 466 313 308 424 429 426 440 129 122 198 213 171
1 3600 786
11
327 330 61 58 445 442 433 430 335 151 152
1 3600 786
16
327 324 333 61 54 84 442 393 345 143 140 418 436 323 318 399
1 3600 864
21
61 58 445 442 393 394 195 192 342 139 121 117 114 134 317 265 243 91 63 66 484
1 3600 864
16
333 61 54 84 442 433 421 407 403 404 413 410 255 252 369 362
1 3600 864
21
333 61 54 82 299 11 9 6 238 233 230 288 267 243 244 69 64 365 362 361 223
1 3600 864
6
449 435 430 335 151 148
1 3600 864
19
327 330 61 58 445 442 393 394 195 145 146 404 436 323 318 381 71 74 350
1 3600 864
16
327 330 61 54 84 442 393 345 342 139 133 134 471 255 250 446
1 3600 864
24
327 330 61 54 82 451 417 301 11 9 6 219 220 205 202 127 124 95 89 63 66 367 362 384
1 3600 864
21
58 445 442 393 345 342 261 262 480 119 117 110 472 317 249 252 369 362 361 277 278
1 3600 110
10
13 14 260 343 344 392 443 444 59 56
1 3600 110
5
415 416 450 83 55
1 3600 180
5
301 11 12 466 313
1 3600 141
8
465 17 3 6 240 257 215 220
1 3600 141
5
9 6 240 257 258
1 3600 141
6
303 11 9 6 240 348
1 3600 480
13
303 11 12 466 313 269 233 201 181 178 339 161 162
1 3600 864
10
303 11 9 6 219 214 157 158 304 452
1 3600 210
6
11 14 260 343 193 194
1 3600 124
8
17 20 313 308 113 114 130 410
1 3600 124
7
12 466 313 308 424 460 472
1 3600 141
9
5 2 20 313 269 270 355 287 288
1 3600 508
11
262 480 311 308 424 429 426 440 289 290 235
1 3600 864
15
12 466 313 269 270 426 315 249 250 371 369 362 361 223 224
1 3600 864
9
477 415 416 435 430 375 378 33 30
1 3600 576
15
2 20 313 310 119 120 136 418 436 323 27 28 400 389 353
1 3600 864
9
6 238 233 230 288 267 243 246 294
1 3600 864
14
466 313 308 113 114 134 317 265 93 89 63 64 365 362
1 3600 864
18
17 20 313 269 270 355 287 288 267 243 244 69 66 367 362 361 223 226
1 3600 864
13
475 415 301 11 14 260 343 143 146 397 99 100 108
1 3600 864
9
475 415 416 435 430 335 109 101 102
1 3600 864
10
11 9 6 238 270 426 315 249 252 372
1 3600 864
15
475 415 301 11 9 6 219 216 201 202 127 124 53 45 42
1 3600 864
20
477 415 301 11 12 466 313 308 424 460 472 471 255 250 371 369 362 361 277 278
1 3600 455
11
259 256 241 7 8 10 298 83 55 60 331
1 3600 96
6
241 238 268 310 481 263
1 3600 96
6
259 215 218 7 2 16
1 3600 166
3
257 215 216
1 3600 108
3
347 257 157
1 3600 108
5
217 220 341 161 162
1 3600 864
5
259 157 162 455 452
1 3600 720
6
241 7 8 10 298 83
1 3600 144
10
349 241 238 268 310 119 120 136 141 146
1 3600 58
12
349 257 215 220 205 202 127 124 154 49 50 63
1 3600 135
8
241 219 216 230 290 235 127 124
1 3600 864
5
233 201 181 182 208
1 3600 864
13
270 428 460 111 114 130 412 405 402 408 379 374 478
1 3600 720
14
230 286 354 428 425 113 116 120 136 418 405 397 359 107
1 3600 617
12
259 157 160 338 179 184 197 167 164 190 87 77
1 3600 864
12
349 241 238 270 426 440 267 93 89 63 64 365
1 3600 864
16
347 257 215 216 230 288 267 243 246 294 485 367 362 361 223 226
1 3600 864
16
241 7 8 14 260 343 193 194 423 377 378 33 30 107 108 336
1 3600 864
14
205 202 127 128 441 315 316 471 411 412 405 397 99 102
1 3600 864
8
241 238 270 426 315 249 252 372
1 3600 864
14
270 355 287 288 267 243 91 63 66 367 362 361 277 280
1 3600 864
19
347 257 157 158 306 177 170 210 189 190 87 77 80 483 365 362 361 277 278
1 3600 864
24
159 160 338 179 184 197 123 124 95 92 264 316 135 132 136 141 142 344 392 443 444 59 60 332
1 3600 455
5
340 221 218 7 2
1 3600 99
6
455 305 207 183 180 200
1 3600 99
9
304 454 163 160 338 179 180 200 232
1 3600 216
6
454 163 160 338 179 180
1 3600 144
4
159 160 338 468
1 3600 864
22
161 158 306 177 170 169 164 186 49 50 90 244 272 37 25 26 322 437 405 402 406 422
1 3600 576
17
305 207 183 184 237 234 291 286 354 428 460 111 116 120 136 141 144
1 3600 149
6
202 127 124 53 50 90
1 3600 62
7
455 305 207 208 177 170 210
1 3600 320
7
179 184 197 167 168 171 174
1 3600 864
19
454 163 160 340 221 216 232 268 310 481 263 260 343 193 194 423 377 374 478
1 3600 864
16
338 179 184 197 167 164 190 87 77 80 295 296 39 25 28 400
1 3600 864
19
158 306 177 170 212 199 123 124 95 92 243 244 274 293 37 25 28 400 438
1 3600 864
14
455 305 207 208 177 170 210 189 190 87 77 80 485 367
1 3600 864
13
184 197 167 164 186 49 50 63 64 365 362 361 223
1 3600 864
18
179 184 237 127 128 441 315 316 135 130 412 405 397 35 30 107 108 336
1 3600 864
19
159 156 215 216 230 288 267 243 246 296 39 25 28 398 381 71 72 389 386
1 3600 864
13
454 163 160 340 221 216 230 288 267 264 249 250 446
1 3600 864
17
455 305 306 177 170 169 164 190 87 77 80 483 365 362 361 277 280
1 3600 864
17
163 160 338 179 180 202 127 124 95 89 63 66 367 362 361 277 278
1 3600 864
9
469 339 340 221 218 7 8 10 298
1 3600 864
7
183 180 200 232 268 312 467
1 3600 665
7
453 454 163 156 256 241 238
1 3600 89
4
453 305 159 160
1 3600 786
3
206 304 452
1 3600 864
17
469 179 184 237 234 291 286 354 428 425 113 114 132 136 141 144 194
1 3600 864
11
453 454 163 156 256 241 7 8 14 260 343
1 3600 864
8
208 177 170 210 189 186 49 50
1 3600 221
7
469 179 184 197 167 164 190
1 3600 201
5
453 305 306 177 172
1 3600 864
20
453 454 163 160 340 221 216 232 268 310 119 120 136 141 146 402 406 420 430 478
1 3600 864
16
183 184 197 123 128 267 243 244 272 37 25 28 398 381 71 74
1 3600 864
10
469 179 180 202 127 124 95 89 90 246
1 3600 864
16
453 305 207 208 177 170 210 189 190 87 77 80 485 367 362 361
1 3600 864
17
453 305 306 177 170 169 164 186 49 50 63 64 365 362 361 223 226
1 3600 864
19
469 179 180 202 234 291 286 354 428 460 472 471 411 412 405 397 99 100 108
1 3600 864
16
453 454 163 156 215 218 7 8 14 260 343 143 146 397 99 96
1 3600 864
11
469 179 184 197 123 128 441 315 249 250 446
1 3600 864
9
208 177 170 210 189 190 87 41 42
1 3600 864
18
453 305 159 160 340 205 202 127 124 95 89 63 66 367 362 361 277 278
1 3600 92
4
392 443 85 82
1 3600 196
8
403 404 419 137 138 261 15 10
1 3600 665
11
403 404 413 410 255 248 314 440 289 231 217
1 3600 864
17
195 145 140 137 133 134 317 265 266 129 126 236 185 178 339 161 158
1 3600 864
25
84 442 433 421 407 403 404 436 323 27 24 36 273 245 91 51 48 187 188 211 171 176 307 304 452
1 3600 227
4
395 392 443 85
1 3600 86
4
407 403 147 140
1 3600 86
3
406 422 195
1 3600 345
9
195 145 140 137 121 117 110 461 462
1 3600 864
10
403 404 413 131 134 317 265 93 94 125
1 3600 864
17
445 442 393 345 342 139 133 134 317 265 93 94 53 45 40 86 282
1 3600 89
3
84 442 433
1 3600 169
8
393 345 143 140 418 436 323 320
1 3600 665
21
84 442 433 430 375 378 33 34 396 404 436 323 318 399 29 24 36 292 297 294 483
1 3600 864
16
393 394 423 407 403 404 436 323 318 381 71 74 352 390 371 369
1 3600 864
14
442 393 345 342 139 133 130 410 255 252 369 362 361 223
1 3600 864
6
445 442 433 430 335 336
1 3600 864
8
82 451 435 430 335 109 101 96
1 3600 864
8
407 403 404 413 410 255 250 446
1 3600 864
21
84 442 393 394 195 145 140 137 121 117 112 424 429 426 440 129 124 154 49 45 46
1 3600 864
23
445 442 433 421 377 378 33 34 396 404 436 323 318 399 400 389 390 371 369 362 361 277 278
1 3600 184
6
192 344 392 443 85 55
1 3600 69
11
147 140 137 121 118 311 312 467 13 10 302
1 3600 157
6
117 110 461 429 271 239
1 3600 665
16
410 470 473 461 429 355 287 290 235 236 185 178 339 161 162 455
1 3600 864
14
140 137 121 118 311 269 239 219 220 341 161 162 455 452
1 3600 103
7
132 138 343 344 392 443 444
1 3600 103
10
120 136 141 146 402 406 420 432 443 444
1 3600 133
4
113 116 120 138
1 3600 105
7
140 137 133 134 317 265 93
1 3600 105
10
139 136 418 436 323 27 24 38 275 69
1 3600 105
6
410 255 248 265 243 91
1 3600 288
11
436 323 27 24 36 292 297 294 81 76 86
1 3600 864
11
311 308 424 429 426 440 129 122 198 213 171
1 3600 180
6
136 141 146 402 408 379
1 3600 120
7
136 418 436 323 318 381 71
1 3600 120
8
130 410 255 252 370 391 388 401
1 3600 160
8
317 265 243 244 69 64 482 81
1 3600 864
7
424 460 472 471 255 252 369
1 3600 864
12
117 114 134 471 255 250 371 369 362 361 223 226
1 3600 864
11
263 260 343 193 194 423 377 374 335 151 148
1 3600 864
10
120 136 418 436 323 318 399 400 389 386
1 3600 864
7
140 418 413 410 255 252 372
1 3600 864
13
119 117 110 472 317 249 250 371 369 362 361 277 280
1 3600 864
16
110 461 429 355 287 288 267 93 89 63 64 365 362 361 277 278
1 3600 665
18
441 427 428 425 309 312 21 16 13 10 300 416 450 83 55 60 331 326
1 3600 163
8
291 286 354 428 425 309 312 21
1 3600 130
5
266 289 231 217 220
1 3600 130
8
291 286 354 271 268 312 21 18
1 3600 184
6
91 51 52 125 126 203
1 3600 864
9
427 271 233 201 181 182 206 304 452
1 3600 432
8
92 264 316 135 130 412 405 402
1 3600 107
7
291 286 354 428 460 111 116
1 3600 107
5
460 111 114 130 412
1 3600 107
5
92 264 316 135 132
1 3600 127
3
242 264 314
1 3600 101
8
429 355 287 290 235 127 124 53
1 3600 101
6
287 290 235 236 197 167
1 3600 101
4
94 154 49 45
1 3600 617
7
69 62 51 45 40 86 284
1 3600 617
12
243 246 296 39 25 26 322 437 405 402 408 379
1 3600 139
7
68 274 293 37 25 28 400
1 3600 133
5
265 243 244 274 39
1 3600 133
5
265 243 246 296 293
1 3600 254
3
69 66 367
1 3600 864
7
79 80 483 365 362 361 223
1 3600 864
11
315 249 254 411 412 405 397 359 107 108 151
1 3600 864
7
254 411 412 405 397 99 96
1 3600 864
7
463 429 426 315 249 252 372
1 3600 864
9
463 429 426 440 129 124 53 45 42
1 3600 864
10
272 292 297 294 485 367 362 361 277 278
1 3600 864
12
126 203 204 221 218 7 8 10 298 83 55 60
1 3600 576
9
125 128 441 427 428 425 309 312 21
1 3600 151
8
191 165 166 196 237 203 200 232
1 3600 76
6
457 211 171 176 307 304
1 3600 455
6
171 176 209 206 304 452
1 3600 864
13
234 291 288 441 315 316 135 132 136 141 142 344 392
1 3600 298
13
457 189 186 155 95 92 264 316 135 132 136 141 144
1 3600 136
5
87 41 44 50 90
1 3600 136
8
199 196 237 234 291 286 354 428
1 3600 136
6
166 123 128 267 264 249
1 3600 136
5
155 125 128 441 427
1 3600 121
3
197 123 124
1 3600 142
13
197 167 164 190 87 77 80 483 365 362 361 223 224
1 3600 142
5
86 191 165 168 171
1 3600 864
13
50 90 244 272 37 25 26 322 437 405 402 406 420
1 3600 508
10
49 50 63 68 274 39 25 28 400 389
1 3600 157
6
197 167 164 190 87 77
1 3600 106
9
164 190 87 77 80 485 367 362 361
1 3600 786
10
155 95 89 63 64 365 362 361 223 226
1 3600 864
21
196 237 234 291 286 354 428 460 111 116 120 136 141 146 397 35 30 107 108 151 148
1 3600 864
18
457 189 186 49 50 90 246 296 293 37 25 26 322 437 405 397 99 102
1 3600 864
8
49 50 63 66 367 368 370 446
1 3600 864
10
123 124 95 89 63 64 365 362 361 277
1 3600 864
8
50 63 66 367 362 361 277 278
1 3600 864
14
173 176 209 183 180 204 221 218 7 8 10 300 416 448
1 3600 864
9
307 159 156 256 241 7 8 10 300
1 3600 786
10
283 87 41 44 52 125 126 203 204 221
1 3600 262
17
225 222 360 363 366 67 62 51 48 187 165 166 196 185 178 339 161
1 3600 270
8
285 191 165 166 196 185 178 468
1 3600 864
17
285 87 41 44 52 95 92 264 316 135 132 138 343 344 392 443 85
1 3600 864
13
173 176 209 183 180 200 232 268 310 481 263 260 343
1 3600 411
5
459 199 123 124 95
1 3600 142
3
175 170 210
1 3600 142
11
225 222 360 363 364 65 62 88 94 125 122
1 3600 142
4
173 170 169 164
1 3600 376
5
170 210 189 190 282
1 3600 864
17
209 183 180 200 232 268 310 481 263 260 343 193 194 423 377 374 478
1 3600 864
13
285 87 77 80 295 296 39 25 28 398 381 71 74
1 3600 786
9
170 212 199 123 128 267 243 244 272
1 3600 360
3
229 222 360
1 3600 864
19
225 222 360 363 368 370 391 388 73 70 380 319 322 437 405 397 359 107 108
1 3600 864
19
173 170 169 164 190 87 77 80 295 296 293 37 25 28 398 381 71 74 350
1 3600 864
9
285 87 77 80 483 365 368 370 446
1 3600 864
12
173 170 210 189 186 49 50 63 66 367 362 384
1 3600 864
15
459 199 196 237 127 124 95 89 63 64 365 362 361 277 278
1 3600 786
8
434 450 83 55 60 332 325 326
1 3600 864
6
479 431 434 450 299 302
1 3600 864
11
376 422 195 192 342 261 15 9 6 219 220
1 3600 864
15
357 358 396 404 419 137 121 118 311 269 233 217 220 341 161
1 3600 864
17
409 403 404 413 131 115 112 309 269 239 219 220 341 161 162 455 452
1 3600 92
3
431 432 443
1 3600 151
9
153 150 109 106 358 396 404 413 131
1 3600 540
9
31 34 396 147 140 137 133 115 110
1 3600 864
15
357 358 396 404 436 323 27 24 38 297 247 91 51 48 187
1 3600 864
17
479 375 378 409 403 404 413 410 470 317 314 440 129 122 198 213 171
1 3600 205
3
33 30 356
1 3600 89
7
378 409 403 404 436 323 318
1 3600 89
7
376 407 403 404 436 323 27
1 3600 432
9
357 31 34 396 404 413 410 255 250
1 3600 864
15
358 396 404 436 323 318 381 71 72 389 390 371 369 362 361
1 3600 864
12
421 407 403 404 413 410 255 252 369 362 361 223
1 3600 163
4
430 335 109 104
1 3600 864
14
153 150 109 101 98 396 404 436 323 318 399 400 389 386
1 3600 864
15
479 375 376 422 195 145 140 137 133 134 471 255 250 371 372
1 3600 864
12
421 407 403 404 413 410 255 252 369 362 361 277
1 3600 864
19
357 31 34 396 404 436 323 318 381 71 74 352 390 371 369 362 361 277 278
1 3600 864
14
383 380 319 322 437 405 402 406 420 432 443 444 59 60
1 3600 617
9
98 396 147 142 342 261 15 12 17
1 3600 786
15
380 399 29 24 36 273 245 242 266 289 231 217 214 256 346
1 3600 864
15
388 401 29 24 38 297 247 242 266 289 231 201 181 178 339
1 3600 864
12
437 419 137 121 118 311 269 233 201 181 178 468
1 3600 196
4
98 35 32 409
1 3600 116
3
322 437 419
1 3600 116
6
322 437 419 137 121 117
1 3600 133
11
383 71 72 389 390 251 254 470 473 461 462
1 3600 455
10
399 29 24 36 292 275 245 91 88 94
1 3600 864
12
323 27 28 400 389 390 371 369 362 361 223 224
1 3600 150
4
100 106 31 32
1 3600 150
6
319 322 437 405 402 408
1 3600 150
4
437 405 402 408
1 3600 146
8
396 404 436 323 318 381 71 72
1 3600 135
6
29 24 38 297 294 485
1 3600 135
7
34 396 404 436 323 27 22
1 3600 617
10
321 318 381 71 74 352 390 371 369 362
1 3600 864
12
396 404 413 410 255 250 371 369 362 361 223 226
1 3600 345
7
437 405 397 359 107 108 151
1 3600 308
10
75 70 380 319 322 437 405 397 99 102
1 3600 864
6
399 400 389 390 371 372
1 3600 864
12
321 27 24 36 292 297 294 485 367 362 361 277
1 3600 864
11
396 404 413 410 255 252 369 362 361 277 278
1 3600 864
19
297 247 242 264 316 473 111 116 120 138 343 344 392 443 85 55 60 331 328
1 3600 864
12
67 62 88 92 266 441 427 271 268 312 467 17
1 3600 617
12
80 483 65 68 245 242 266 441 427 271 239 240
1 3600 864
13
292 297 294 81 76 86 191 165 166 196 185 182 206
1 3600 864
11
482 81 76 86 191 165 166 196 185 178 468
1 3600 786
14
439 401 398 319 322 437 419 141 144 194 395 392 443 85
1 3600 146
6
439 389 390 371 253 254
1 3600 119
9
439 401 29 24 38 297 294 81 78
1 3600 119
4
253 254 470 473
1 3600 137
5
251 248 314 440 129
1 3600 864
5
482 81 76 86 284
1 3600 455
10
292 39 25 26 322 437 405 402 408 379
1 3600 127
4
37 25 28 398
1 3600 127
7
482 295 296 39 25 28 400
1 3600 127
4
439 73 70 380
1 3600 172
3
439 389 390
1 3600 77
3
369 362 361
1 3600 864
4
365 362 361 223
1 3600 864
12
25 26 322 437 405 402 408 379 374 335 151 148
1 3600 786
11
80 295 296 293 37 25 28 400 389 353 350
1 3600 345
8
371 369 366 67 62 51 45 42
1 3600 864
9
36 273 69 66 367 362 361 277 278
1 3600 864
14
363 368 253 254 411 131 115 112 309 312 467 13 10 298
1 3600 864
11
363 368 370 251 254 411 131 115 112 309 312
1 3600 864
10
368 253 248 314 427 271 268 312 21 18
1 3600 864
14
363 364 65 62 88 94 125 126 236 185 178 339 161 162
1 3600 864
13
360 363 366 67 62 51 48 187 188 211 171 176 209
1 3600 864
12
360 363 368 370 251 254 411 412 419 141 142 344
1 3600 665
7
368 253 248 316 135 132 136
1 3600 176
4
363 364 65 62
1 3600 72
8
366 484 81 76 86 191 188 456
1 3600 376
7
363 364 482 81 76 86 282
1 3600 864
11
363 368 370 251 254 411 412 405 402 406 377
1 3600 455
11
360 363 368 370 391 353 75 70 380 319 320
1 3600 59
6
363 368 370 391 388 438
1 3600 298
3
361 223 226
1 3600 864
12
363 368 253 254 411 412 405 397 35 30 107 104
1 3600 864
10
368 370 251 254 411 412 405 397 99 96
1 3600 864
3
368 370 446
1 3600 180
8
360 363 366 67 62 51 45 42
1 3600 864
4
362 361 277 278
1 3600 864
26
227 222 360 363 364 65 68 245 242 264 316 135 132 136 141 144 194 395 392 443 444 59 60 332 325 326
1 3600 864
19
227 222 360 363 366 484 295 247 242 266 289 286 354 428 425 309 312 467 464
1 3600 864
12
222 360 363 364 65 68 245 242 266 289 231 232
1 3600 864
16
222 360 363 366 67 62 88 94 125 126 203 181 178 339 161 162
1 3600 864
14
227 222 360 363 364 65 62 88 94 125 126 236 185 182
1 3600 864
10
222 360 363 368 253 254 411 412 405 402
1 3600 864
14
227 222 360 363 368 370 251 248 316 473 111 116 120 136
1 3600 864
7
222 360 363 366 67 62 88
1 3600 288
10
227 222 360 363 364 482 81 76 86 191
1 3600 262
13
222 360 363 366 67 62 51 48 187 188 211 171 176
1 3600 864
15
222 360 363 368 370 391 388 401 398 319 322 437 405 402 408
1 3600 864
11
222 360 363 368 370 391 388 73 70 380 319
1 3600 864
5
227 222 360 363 366
1 3600 163
3
227 222 360
1 3600 864
13
222 360 363 368 253 254 411 412 405 397 359 107 108
1 3600 864
9
227 222 360 363 368 370 391 353 350
1 3600 864
6
227 222 360 363 368 372
1 3600 720
4
227 222 360 384
1 3600 864
3
222 277 278
1 3600 864
8
334 431 434 450 83 55 60 331
1 3600 864
11
334 375 376 422 195 192 342 261 15 12 466
1 3600 864
13
337 334 375 376 422 395 345 342 261 262 480 311 269
1 3600 864
13
150 334 431 434 417 301 11 9 6 240 257 157 158
1 3600 864
18
109 101 98 396 147 142 342 261 15 9 6 219 220 341 161 162 455 452
1 3600 864
5
334 431 432 443 444
1 3600 864
12
149 150 109 106 31 32 409 403 147 140 137 133
1 3600 864
12
109 106 358 396 147 140 137 133 134 317 265 93
1 3600 864
19
337 109 101 98 396 147 140 137 121 117 110 461 429 355 287 290 235 127 122
1 3600 864
23
334 375 376 422 195 192 342 139 121 117 112 424 429 355 287 290 235 236 197 198 213 171 172
1 3600 116
4
149 150 334 431
1 3600 221
5
149 150 109 106 31
1 3600 864
12
109 106 31 32 409 403 404 413 410 255 250 371
1 3600 864
13
337 109 101 98 396 404 413 410 255 252 369 362 361
1 3600 864
21
334 431 421 422 395 345 342 139 133 134 317 265 243 244 69 64 365 362 361 223 226
1 3600 508
3
337 151 148
1 3600 298
4
150 109 101 102
1 3600 864
13
149 150 109 106 358 396 404 413 410 255 250 371 372
1 3600 864
21
334 375 376 422 195 192 342 261 262 480 311 269 233 230 290 235 127 124 53 45 46
1 3600 864
17
150 109 106 31 32 409 403 404 413 410 255 252 369 362 361 277 278
1 3600 864
9
103 98 35 32 379 376 420 434 448
1 3600 864
12
351 75 70 380 319 322 437 419 137 121 118 311
1 3600 864
11
103 98 396 147 142 342 261 15 12 17 18
1 3600 864
14
103 98 396 147 140 137 121 118 311 269 239 219 214 157
1 3600 864
15
387 388 401 29 24 38 275 245 242 266 289 231 201 181 182
1 3600 864
9
103 100 106 31 32 379 376 420 432
1 3600 864
9
351 352 390 251 248 314 427 428 425
1 3600 864
11
103 98 396 147 140 137 133 134 317 265 243
1 3600 864
15
351 352 388 401 29 24 38 297 247 91 51 48 187 188 456
1 3600 864
15
387 388 401 29 24 36 273 245 242 266 129 122 167 168 171
1 3600 393
4
103 100 106 356
1 3600 133
6
351 75 70 380 319 320
1 3600 345
8
103 98 396 404 413 410 255 250
1 3600 864
14
97 98 396 404 436 323 27 24 36 292 297 294 485 367
1 3600 864
13
97 98 396 404 413 410 255 252 369 362 361 223 226
1 3600 201
4
97 100 108 151
1 3600 864
11
351 75 70 380 319 322 437 405 397 99 102
1 3600 617
13
97 98 396 147 140 137 133 134 317 249 250 371 372
1 3600 864
23
103 100 106 31 32 409 403 147 140 137 121 117 110 461 429 355 287 288 129 124 53 45 42
1 3600 864
9
351 352 390 371 369 362 361 277 278
1 3600 864
14
373 253 254 470 135 132 138 343 344 392 443 85 55 60
1 3600 864
10
447 251 248 316 135 115 116 118 481 263
1 3600 864
6
373 253 248 314 427 271
1 3600 864
9
373 370 251 248 314 440 289 231 201
1 3600 864
10
447 251 248 314 427 271 233 201 181 182
1 3600 864
17
447 371 253 254 411 131 115 112 309 312 467 13 10 300 416 450 83
1 3600 864
4
447 251 254 411
1 3600 864
3
373 253 248
1 3600 864
10
373 369 364 482 81 76 86 191 165 168
1 3600 864
11
373 253 248 314 440 129 122 198 213 171 174
1 3600 864
16
447 391 388 401 29 26 322 437 405 402 406 377 374 335 151 152
1 3600 376
6
447 391 388 401 29 26
1 3600 172
4
447 371 369 364
1 3600 665
3
447 371 369
1 3600 864
6
447 371 369 362 361 223
1 3600 864
11
373 370 251 254 411 412 405 397 359 107 104
1 3600 508
9
373 253 254 411 412 405 397 99 102
1 3600 864
3
373 370 446
1 3600 221
13
447 391 388 401 29 24 38 297 247 91 51 45 42
1 3600 864
7
447 371 369 362 361 277 278
1 3600 864
19
385 363 364 65 68 245 242 266 289 231 217 218 7 8 10 298 83 55 60
1 3600 864
16
281 276 360 363 366 67 62 88 92 266 441 427 271 268 312 21
1 3600 864
15
276 360 363 366 484 295 247 242 266 289 231 217 214 256 346
1 3600 864
11
276 360 363 364 65 62 88 94 125 126 203
1 3600 864
15
281 276 360 363 366 484 81 76 86 191 188 211 171 176 209
1 3600 864
18
43 44 52 125 126 234 291 286 354 428 425 113 116 120 138 343 344 392
1 3600 864
14
281 276 360 363 364 65 68 245 242 264 316 473 111 116
1 3600 864
8
281 276 360 363 366 67 62 88
1 3600 665
10
385 363 364 482 81 76 86 191 188 456
1 3600 864
7
47 40 86 191 165 168 171
1 3600 864
19
281 276 360 363 366 484 295 247 242 264 316 135 132 136 141 144 194 423 420
1 3600 786
11
47 44 50 90 246 296 39 25 28 400 389
1 3600 240
4
276 360 363 364
1 3600 163
7
47 44 50 63 64 365 362
1 3600 864
9
43 44 50 63 66 367 362 361 223
1 3600 864
21
47 44 52 125 126 203 204 221 218 7 8 14 260 343 193 194 423 377 374 335 151
1 3600 864
17
276 360 363 366 484 295 296 293 37 25 26 322 437 405 397 99 102
1 3600 411
7
281 276 360 363 368 370 446
1 3600 480
3
385 361 277
1 3600 786
10
47 40 77 80 483 365 362 361 277 278
1 3600 864
24
279 276 360 363 364 65 62 88 92 266 441 427 428 425 309 312 467 13 10 300 416 450 83 55
1 3600 864
20
279 276 360 363 366 67 68 245 242 266 289 286 354 271 239 7 8 10 300 414
1 3600 864
14
279 276 360 363 364 65 62 90 242 266 289 231 217 214
1 3600 864
17
279 276 360 363 366 67 62 51 48 187 165 166 196 185 178 339 161
1 3600 864
17
279 276 360 363 364 482 81 76 86 191 188 211 171 176 307 304 452
1 3600 864
14
279 276 360 363 368 370 251 254 470 135 132 138 343 344
1 3600 864
7
279 276 360 363 368 253 254
1 3600 864
12
279 276 360 363 366 484 295 247 242 266 441 427
1 3600 864
9
279 276 360 363 364 65 62 88 94
1 3600 864
14
279 276 360 363 366 67 62 51 48 187 165 168 171 174
1 3600 864
18
279 276 360 363 368 370 391 353 75 70 380 319 322 437 405 402 406 420
1 3600 864
9
279 276 360 363 368 370 391 388 401
1 3600 864
8
279 276 360 363 364 482 295 296
1 3600 864
4
279 276 360 363
1 3600 864
3
279 276 223
1 3600 864
17
279 276 360 363 368 370 251 254 411 412 405 397 35 30 107 108 336
1 3600 864
8
279 276 360 363 368 370 391 386
1 3600 864
6
279 276 360 363 368 372
1 3600 288
10
279 276 360 363 366 67 62 51 45 42
