285
1 3600 54
5
489 490 13 10 485
1 3600 96
6
503 373 376 505 121 118
1 3600 96
4
4 13 16 505
1 3600 96
11
334 509 506 421 31 26 337 319 322 355 275
1 3600 96
8
373 376 505 121 118 407 404 520
1 3600 96
17
488 499 373 378 23 18 26 337 338 461 423 353 275 270 284 404 522
1 3600 96
4
301 7 8 314
1 3600 96
18
334 365 366 31 26 496 437 438 515 279 159 139 140 146 150 270 286 306
1 3600 96
9
499 373 376 505 321 322 430 407 285
1 3600 96
23
329 332 499 373 378 506 511 29 26 337 340 49 46 519 517 265 260 432 267 211 214 469 466
1 3600 144
11
301 7 4 13 16 505 121 118 273 151 152
1 3600 302
17
301 7 4 13 16 21 24 29 26 337 338 279 189 190 211 208 220
1 3600 302
26
305 7 4 479 381 384 11 16 21 18 26 496 437 438 517 59 52 202 226 99 94 93 88 228 325 326
1 3600 91
5
373 378 508 361 362
1 3600 91
4
498 333 334 361
1 3600 91
5
503 373 378 506 421
1 3600 91
3
333 334 365
1 3600 87
10
303 7 8 316 15 16 505 321 318 338
1 3600 87
15
3 4 13 16 21 24 29 26 496 437 49 46 519 517 59
1 3600 144
13
505 321 322 355 352 143 138 160 266 433 199 200 206
1 3600 302
14
384 11 16 505 121 118 273 151 152 215 208 216 89 92
1 3600 302
29
384 11 16 21 18 26 337 338 461 423 277 189 186 199 202 224 197 192 171 172 81 82 179 109 110 117 114 399 396
1 3600 302
16
4 491 488 499 373 378 23 24 29 26 496 393 45 42 64 66
1 3600 302
12
329 334 365 366 31 26 337 340 438 517 59 54
1 3600 302
17
483 478 13 16 505 321 322 355 352 277 189 186 199 200 204 250 371
1 3600 302
16
373 378 506 511 29 26 337 338 514 517 59 54 280 239 236 368
1 3600 302
22
483 381 384 11 16 505 121 118 407 285 286 308 467 468 289 269 85 86 181 109 106 167
1 3600 46
9
271 272 119 120 504 17 12 5 2
1 3600 46
8
406 431 323 320 504 17 12 5
1 3600 46
14
274 352 422 460 339 336 27 19 20 17 12 5 6 302
1 3600 46
12
271 274 354 123 120 504 17 14 317 9 6 304
1 3600 43
5
272 119 122 323 320
1 3600 47
3
308 467 468
1 3600 47
11
312 494 15 16 505 121 118 273 270 286 310
1 3600 47
3
307 310 473
1 3600 92
12
321 322 355 149 146 152 289 125 126 452 477 135
1 3600 302
18
494 487 484 11 16 21 18 26 337 338 279 159 160 211 214 289 125 126
1 3600 43
9
521 405 406 431 323 318 340 49 41
1 3600 38
8
151 147 141 138 158 278 514 517
1 3600 38
9
481 478 491 488 499 373 376 505 321
1 3600 41
7
321 318 340 438 517 265 262
1 3600 144
17
121 122 355 352 277 189 186 199 202 226 177 97 94 71 72 223 181
1 3600 302
13
307 310 447 448 474 476 453 127 128 324 113 114 399
1 3600 302
9
274 352 422 460 514 518 47 50 426
1 3600 302
15
468 215 208 216 69 70 95 77 78 101 104 237 238 281 282
1 3600 302
19
521 405 285 271 274 149 141 138 160 266 433 199 200 206 197 194 371 237 234
1 3600 302
12
406 273 151 152 215 208 216 69 72 185 182 231
1 3600 302
15
285 286 310 35 32 448 457 451 127 130 409 391 386 163 164
1 3600 121
16
215 210 191 186 261 264 516 439 436 497 27 30 367 364 335 330
1 3600 12
6
311 287 284 406 119 120
1 3600 86
11
219 216 228 325 129 126 450 456 449 446 473
1 3600 13
5
471 472 447 448 457
1 3600 137
9
152 289 125 126 454 259 252 247 242
1 3600 178
15
350 472 311 287 271 274 352 277 278 339 336 27 28 510 512
1 3600 50
22
472 35 32 448 133 136 440 453 127 128 324 155 111 108 178 83 76 98 227 203 53 58
1 3600 24
19
350 472 35 32 448 133 134 476 453 127 124 269 85 75 70 95 96 174 173
1 3600 55
6
289 269 85 86 181 109
1 3600 302
10
447 448 457 451 127 130 409 391 386 418
1 3600 302
12
147 141 142 422 460 514 439 436 393 45 38 464
1 3600 302
20
471 472 35 32 448 474 476 453 127 128 324 113 116 156 434 103 104 370 251 248
1 3600 302
11
219 216 89 92 95 77 78 101 104 237 234
1 3600 302
13
447 448 457 451 127 128 324 229 69 72 185 182 231
1 3600 302
16
350 472 35 32 448 133 136 440 453 127 130 409 391 386 163 164
1 3600 302
14
345 346 350 472 311 287 284 406 119 120 504 377 372 498
1 3600 86
10
343 346 348 471 472 311 287 271 272 119
1 3600 48
6
443 440 453 127 124 288
1 3600 48
8
463 459 456 449 33 34 473 470
1 3600 48
7
463 459 451 127 124 288 153
1 3600 49
5
37 34 473 351 347
1 3600 55
9
448 474 476 453 454 259 252 247 242
1 3600 55
11
346 350 472 447 448 133 134 476 453 127 130
1 3600 55
8
463 459 451 454 259 252 247 244
1 3600 55
5
32 448 474 476 453
1 3600 302
24
453 127 128 324 155 111 108 178 83 80 173 170 193 196 207 201 198 261 264 516 518 47 41 44
1 3600 137
10
346 348 471 472 311 287 271 274 352 277
1 3600 43
12
459 451 127 128 324 229 89 92 95 96 176 227
1 3600 45
8
37 34 311 308 467 468 215 208
1 3600 45
10
463 459 451 127 124 269 85 86 222 185
1 3600 73
9
463 459 451 127 130 409 391 386 417
1 3600 302
15
34 311 287 284 406 431 323 318 340 436 393 45 42 60 292
1 3600 302
16
345 346 350 472 311 308 467 468 215 210 266 433 261 262 57 54
1 3600 302
17
343 346 350 472 311 287 271 151 147 141 138 158 189 186 199 200 204
1 3600 302
8
453 127 128 324 113 116 156 434
1 3600 302
17
345 346 348 471 472 447 448 133 134 476 453 127 128 326 391 386 163
1 3600 302
19
258 455 127 124 269 221 209 210 191 188 278 339 336 27 28 25 22 379 372
1 3600 302
12
258 455 452 477 475 449 446 311 287 284 404 520
1 3600 151
11
408 131 126 452 441 137 132 449 446 473 470
1 3600 86
13
241 246 253 258 455 450 456 449 446 473 351 347 342
1 3600 86
7
327 129 126 452 477 475 449
1 3600 86
10
253 258 455 452 441 137 132 449 33 36
1 3600 86
7
253 258 455 450 456 449 444
1 3600 86
8
327 324 155 111 108 180 87 84
1 3600 86
5
253 258 455 127 124
1 3600 86
15
241 246 253 258 455 452 477 135 132 449 33 34 473 351 347
1 3600 65
4
259 252 247 240
1 3600 302
12
455 127 124 288 153 147 148 354 123 120 504 377
1 3600 302
15
253 258 455 127 128 324 229 89 92 95 98 227 203 53 58
1 3600 151
12
241 246 253 258 455 127 124 269 221 209 210 266
1 3600 51
4
409 327 324 113
1 3600 77
13
241 246 253 258 455 127 130 409 391 386 417 397 400
1 3600 77
8
413 409 391 386 417 397 398 402
1 3600 302
25
258 455 127 128 324 155 111 108 178 83 80 173 170 193 196 207 201 53 58 516 439 49 50 426 291
1 3600 302
12
127 124 288 215 210 161 158 278 514 518 47 50
1 3600 302
14
253 258 455 127 128 324 113 116 111 106 434 103 104 370
1 3600 302
12
245 246 253 258 455 127 128 324 155 156 434 231
1 3600 302
9
253 258 455 127 130 409 391 386 163
1 3600 73
12
65 43 44 392 497 27 19 20 17 12 5 2
1 3600 73
10
510 507 379 372 498 489 490 5 6 300
1 3600 73
11
43 40 48 341 336 27 30 420 507 379 372
1 3600 43
10
359 360 509 23 20 17 10 385 382 486
1 3600 232
17
378 506 421 31 26 496 437 49 46 519 517 265 260 187 190 211 214
1 3600 302
15
513 511 29 26 337 319 322 430 407 285 286 310 473 351 347
1 3600 302
22
31 26 496 437 438 517 59 52 202 224 197 192 171 168 101 102 435 157 154 325 129 126
1 3600 44
4
510 421 367 363
1 3600 65
3
45 40 46
1 3600 65
8
359 362 366 31 26 337 338 461
1 3600 65
6
45 40 46 519 515 461
1 3600 65
4
26 337 319 322
1 3600 65
6
375 376 505 321 318 338
1 3600 65
6
44 392 437 438 517 59
1 3600 79
14
357 362 366 31 26 337 338 279 189 186 199 202 226 177
1 3600 302
15
509 23 18 26 496 437 438 517 59 52 202 226 99 94 93
1 3600 302
18
45 40 46 519 517 59 54 249 250 371 105 102 435 107 110 117 112 325
1 3600 70
12
378 23 24 29 26 496 393 45 42 62 295 292
1 3600 70
4
38 291 294 296
1 3600 108
7
337 340 438 517 59 54 282
1 3600 232
16
511 25 20 505 121 122 355 149 141 138 160 266 433 199 200 204
1 3600 302
17
40 46 519 517 265 260 199 200 206 197 192 171 172 81 82 182 231
1 3600 302
15
337 338 279 189 186 199 202 224 197 194 371 105 102 435 167
1 3600 48
12
323 320 504 17 10 385 380 480 313 9 6 300
1 3600 20
10
48 341 336 27 19 20 17 14 495 313
1 3600 67
7
515 279 159 160 211 208 218
1 3600 151
7
275 270 286 310 35 32 444
1 3600 302
14
438 515 461 423 143 140 146 152 289 125 126 454 259 254
1 3600 28
6
323 318 336 27 30 420
1 3600 28
9
47 48 436 497 27 30 367 363 356
1 3600 28
6
58 516 439 49 41 42
1 3600 39
3
276 353 354
1 3600 27
8
279 189 186 199 202 226 424 171
1 3600 27
5
277 189 186 199 200
1 3600 27
12
355 149 141 138 160 266 433 199 200 206 197 192
1 3600 84
10
517 59 52 202 226 177 97 77 82 179
1 3600 302
20
519 517 265 262 57 54 280 239 236 105 100 79 82 179 109 110 117 114 399 400
1 3600 70
7
318 340 436 393 45 38 291
1 3600 49
4
514 517 59 54
1 3600 65
5
59 54 280 239 234
1 3600 232
8
265 260 199 200 204 250 371 368
1 3600 302
13
52 202 226 99 94 71 74 86 181 109 106 167 164
1 3600 158
16
196 225 203 198 187 188 278 339 319 320 504 17 12 5 6 302
1 3600 42
10
196 207 201 198 187 188 276 353 354 430
1 3600 32
11
198 432 267 211 214 469 466 309 310 473 470
1 3600 46
12
175 97 94 93 88 228 325 129 126 452 477 475
1 3600 188
12
172 81 82 184 73 68 217 220 268 125 126 454
1 3600 82
13
425 227 203 198 261 264 516 439 436 497 27 30 367
1 3600 54
9
193 196 225 203 198 187 188 278 339
1 3600 54
5
261 264 516 518 47
1 3600 54
5
142 422 460 514 517
1 3600 54
6
186 261 264 516 439 49
1 3600 54
6
139 142 422 460 514 518
1 3600 54
5
190 161 139 140 148
1 3600 40
7
263 260 432 267 161 139 140
1 3600 50
4
208 216 69 70
1 3600 50
4
213 208 216 89
1 3600 50
6
191 186 199 202 226 99
1 3600 50
6
81 76 94 93 88 228
1 3600 131
13
267 211 208 220 85 86 181 109 110 117 114 399 396
1 3600 232
14
176 424 193 194 251 248 55 58 516 518 47 50 426 464
1 3600 104
8
210 266 433 199 200 204 248 282
1 3600 32
11
141 138 160 191 186 199 200 206 197 194 371
1 3600 72
10
145 146 152 289 269 85 75 72 185 182
1 3600 302
12
260 199 202 224 197 192 171 168 101 102 435 167
1 3600 302
15
94 71 68 217 209 214 153 150 272 119 120 504 377 372 502
1 3600 144
14
84 268 288 153 150 272 119 120 504 17 10 485 486 317
1 3600 70
8
79 76 94 93 88 217 209 214
1 3600 46
6
68 228 325 129 126 450
1 3600 46
7
74 84 268 125 126 450 456
1 3600 59
10
88 228 325 129 126 454 259 252 247 240
1 3600 302
18
169 170 193 196 207 201 198 187 188 278 339 336 27 28 25 22 379 374
1 3600 79
7
217 209 214 153 147 148 354
1 3600 48
5
229 217 209 210 266
1 3600 48
10
92 95 98 227 203 198 432 267 161 139
1 3600 48
10
111 108 178 83 80 175 176 227 203 198
1 3600 48
6
91 88 217 209 210 161
1 3600 48
12
108 180 222 73 70 95 96 176 227 203 198 432
1 3600 45
4
222 185 83 78
1 3600 48
5
179 109 110 117 114
1 3600 48
5
114 399 396 416 418
1 3600 48
10
88 69 72 223 181 109 110 117 114 399
1 3600 302
15
106 434 103 104 237 238 281 55 58 516 439 49 41 38 464
1 3600 302
17
91 92 95 96 174 173 170 193 196 207 201 53 58 516 518 47 50
1 3600 70
5
77 78 101 104 370
1 3600 35
3
106 434 103
1 3600 168
3
156 167 164
1 3600 302
20
115 116 111 108 180 87 84 268 288 153 150 272 119 120 504 21 22 508 335 330
1 3600 302
26
115 116 111 108 178 83 80 173 170 193 196 207 201 198 187 188 276 353 354 323 320 504 17 14 495 313
1 3600 275
9
419 417 397 398 115 112 229 217 218
1 3600 59
15
401 396 416 387 390 408 131 126 452 441 137 132 449 33 36
1 3600 35
12
399 396 416 387 390 408 131 126 454 259 252 247
1 3600 302
15
390 408 131 124 288 153 147 148 352 422 460 339 336 27 19
1 3600 302
16
403 115 116 111 108 180 87 75 70 95 98 227 203 198 187 188
1 3600 101
10
419 163 166 434 183 184 73 68 217 209
1 3600 51
3
115 112 229
1 3600 51
8
419 417 397 398 115 112 229 89
1 3600 51
5
419 163 166 107 108
1 3600 51
8
398 115 116 111 108 178 83 78
1 3600 88
3
417 397 398
1 3600 302
20
115 116 156 434 103 104 370 251 205 201 53 58 516 439 436 393 45 42 60 292
1 3600 302
12
324 229 89 92 95 98 424 193 194 251 248 282
1 3600 275
8
324 155 156 434 103 104 370 251
1 3600 92
9
398 115 116 111 108 178 182 231 232
1 3600 275
13
297 295 290 39 44 392 497 27 28 510 507 508 335
1 3600 275
7
290 427 51 48 341 319 320
1 3600 302
13
427 51 48 341 319 322 430 273 270 286 310 473 351
1 3600 302
17
67 65 43 40 46 519 515 461 423 353 275 270 286 310 447 448 457
1 3600 302
17
295 290 427 51 46 519 515 461 423 143 140 146 152 289 125 130 414
1 3600 53
11
297 63 43 44 392 497 27 30 367 363 356
1 3600 53
10
67 65 43 44 392 497 27 30 367 363
1 3600 51
7
293 290 39 44 392 437 341
1 3600 168
8
293 290 427 51 48 438 517 265
1 3600 302
17
297 295 61 43 40 46 519 517 59 52 202 226 177 97 94 71 72
1 3600 302
19
299 295 290 39 44 392 437 341 338 279 159 160 211 208 216 228 325 326 391
1 3600 92
3
295 290 464
1 3600 31
5
299 295 290 427 428
1 3600 168
10
299 63 43 40 48 438 517 59 54 280
1 3600 302
15
67 65 43 44 392 437 438 517 59 54 249 250 371 105 102
1 3600 302
24
299 295 61 43 44 392 437 341 338 279 189 186 199 200 206 197 192 171 168 101 102 435 167 164
1 3600 302
19
283 55 58 516 515 339 336 27 28 25 22 379 372 498 489 490 5 6 304
1 3600 275
10
51 48 341 319 322 123 118 407 285 286
1 3600 302
12
280 239 236 105 100 79 76 94 93 88 217 218
1 3600 302
14
283 249 250 371 105 102 435 157 154 325 129 126 450 458
1 3600 302
18
51 48 341 319 320 121 118 273 151 152 289 125 126 454 259 252 247 240
1 3600 67
12
55 56 263 264 516 439 436 497 27 30 367 363
1 3600 29
4
55 58 516 439
1 3600 62
9
51 46 519 517 265 262 57 52 202
1 3600 232
11
249 250 195 192 171 172 81 82 184 223 87
1 3600 302
20
429 51 46 519 517 265 260 199 202 226 177 174 81 82 179 109 110 117 114 402
1 3600 25
4
426 291 294 296
1 3600 158
8
283 55 58 516 518 47 50 428
1 3600 23
9
51 48 438 517 59 54 280 239 234
1 3600 215
13
51 48 341 338 279 189 186 199 200 204 250 371 368
1 3600 302
19
51 46 519 515 461 423 143 138 160 211 208 220 85 86 181 109 106 167 164
1 3600 302
15
235 238 281 55 58 516 515 339 336 27 19 20 377 372 502
1 3600 275
18
370 251 205 201 198 187 188 276 353 354 123 120 504 17 10 385 380 480
1 3600 302
11
250 195 192 425 99 94 71 74 84 221 218
1 3600 302
10
371 105 102 435 157 154 325 129 126 452
1 3600 302
15
195 192 425 177 97 94 93 88 228 325 129 126 454 259 256
1 3600 178
12
395 281 55 56 263 264 516 515 339 336 27 28
1 3600 50
9
395 281 249 205 201 198 187 188 276
1 3600 24
6
281 249 205 201 198 187
1 3600 55
6
371 105 100 79 82 184
1 3600 302
10
239 236 105 102 435 157 117 114 399 400
1 3600 178
13
195 196 225 203 53 58 516 518 47 41 42 64 66
1 3600 29
11
195 196 225 203 198 261 264 516 439 49 50
1 3600 84
4
395 239 236 370
1 3600 20
6
250 371 105 102 231 232
1 3600 302
5
236 105 102 435 167
1 3600 302
21
100 169 172 175 176 227 203 198 187 188 276 353 354 323 320 504 17 12 5 6 304
1 3600 302
18
369 105 100 79 76 94 71 74 84 268 288 469 466 309 287 284 404 520
1 3600 302
6
183 184 73 68 217 218
1 3600 252
19
369 370 251 205 201 198 432 267 211 214 469 466 309 310 473 470 349 347 344
1 3600 302
11
107 110 154 325 129 126 454 259 252 247 240
1 3600 302
10
369 237 238 281 55 58 516 518 47 41
1 3600 168
12
369 370 195 196 225 203 198 432 267 161 139 142
1 3600 52
11
369 105 100 79 76 94 93 88 217 209 212
1 3600 27
6
230 183 179 109 110 154
1 3600 88
8
100 79 82 179 109 110 154 325
1 3600 302
15
369 370 251 205 201 53 58 516 439 436 393 45 42 62 296
1 3600 275
15
107 108 180 87 84 221 209 210 161 158 278 339 340 49 50
1 3600 19
3
104 237 234
1 3600 94
5
369 105 102 231 232
1 3600 48
3
435 167 164
1 3600 302
18
166 107 108 180 87 84 268 288 153 150 272 119 120 504 17 12 5 6
1 3600 302
19
165 166 434 183 184 73 68 217 209 214 153 150 272 119 120 504 17 14 317
1 3600 302
12
162 387 390 408 131 126 452 477 475 449 446 473
1 3600 302
18
165 162 387 390 408 131 126 452 477 135 132 449 33 34 473 351 347 342
1 3600 302
7
165 162 387 390 408 131 126
1 3600 302
17
165 166 434 103 100 169 170 425 227 203 198 187 188 278 339 336 27
1 3600 302
12
165 166 107 108 180 87 84 221 209 210 161 158
1 3600 252
11
166 107 108 180 87 84 268 288 153 147 144
1 3600 84
5
165 166 434 103 100
1 3600 62
4
162 417 397 400
1 3600 302
21
166 434 183 83 80 173 170 193 196 207 201 53 58 516 518 47 41 38 291 294 296
1 3600 302
17
165 166 434 183 83 80 175 176 227 203 198 261 264 516 439 49 50
1 3600 252
6
165 166 434 103 104 370
1 3600 31
6
165 166 434 103 104 368
