1042
1 3600 749
4
269 270 1759 217
1 3600 749
5
1239 1242 1231 1228 231
1 3600 749
10
1243 1236 1253 199 187 188 175 176 1188 2122
1 3600 749
6
272 1147 1144 2204 1205 1197
1 3600 749
11
1222 201 198 1251 227 224 228 93 94 1196 1204
1 3600 814
5
2293 265 262 2289 2290
1 3600 814
7
1197 1198 2120 1745 1740 1750 2295
1 3600 814
16
88 92 229 230 1229 203 204 1221 1217 1218 1183 267 260 1748 2127 99
1 3600 814
11
1236 1253 199 200 191 188 175 178 247 244 1923
1 3600 814
11
93 89 84 1204 2205 1145 31 34 1130 1123 1118
1 3600 814
10
1133 35 30 1144 2204 1205 1197 1200 2123 2120
1 3600 814
7
1223 1221 175 176 1190 1183 267
1 3600 814
13
85 86 1206 2299 2296 2155 2153 2150 2149 1181 243 240 1171
1 3600 814
7
270 1759 1756 1749 261 266 243
1 3600 814
16
87 88 92 221 222 226 1229 203 206 191 188 1217 1218 1321 237 232
1 3600 814
4
269 270 1759 1743
1 3600 814
18
30 1137 1138 2204 1205 1197 95 92 221 218 225 226 1250 199 200 1223 1221 175
1 3600 814
10
1141 1136 1146 273 270 39 40 1966 2082 2094
1 3600 814
16
7 2 2209 2206 1261 1266 1081 1074 1190 1321 1322 1736 1772 1179 1175 1169
1 3600 814
14
1237 1242 1231 203 204 1221 175 178 247 244 1923 1773 239 232
1 3600 814
8
1143 1138 2204 1205 1197 1198 2120 1745
1 3600 814
10
33 30 1144 2204 1205 1197 1200 2123 1189 177
1 3600 814
22
1138 2204 1205 85 86 1206 1337 1325 1326 1631 1591 1313 1310 1318 2303 2155 2153 1079 1076 1181 243 240
1 3600 814
22
2505 1355 1352 19 20 1684 1716 1722 1265 1262 1268 1273 369 366 384 1288 1299 1302 1165 1166 1177 1174
1 3600 814
11
1135 1133 35 30 1146 273 270 1759 1756 2127 2128
1 3600 814
6
1146 273 270 39 36 2128
1 3600 701
16
1253 199 187 188 1217 1218 1321 1322 1734 1043 1040 2119 1053 1050 1864 1873
1 3600 701
14
1231 203 206 191 188 175 178 247 244 1923 1039 1036 1739 1167
1 3600 1287
39
1147 1144 2204 1205 1197 95 92 1048 1331 1326 1631 1591 1313 1275 1273 407 391 388 437 434 1299 1300 1308 601 598 1657 1658 1833 1825 1813 1814 1830 1840 2306 1755 865 771 772 785
1 3600 1544
18
215 101 96 287 284 1988 63 66 104 661 662 783 786 1025 1013 1016 671 668
1 3600 1544
49
219 220 1048 1331 1328 2208 2216 2218 1719 115 112 2224 151 51 52 2411 2197 1067 679 680 1385 1382 845 757 758 81 82 583 580 968 1695 1291 763 764 1703 395 398 351 305 302 1277 1278 951 952 987 984 2362 1627 1615
1 3600 766
7
1196 85 86 1206 2299 2296 2302
1 3600 766
10
190 207 202 1228 227 223 220 1048 2298 1337
1 3600 766
14
1236 1253 199 200 1223 1221 175 176 1075 1080 2154 2302 1319 1315
1 3600 766
11
2293 2121 1189 1075 1078 2152 1267 1260 2207 1329 1324
1 3600 766
12
199 187 188 175 176 1075 1078 1271 1257 1254 277 274
1 3600 766
12
1253 1251 231 228 1048 1331 1328 2206 1317 1315 277 274
1 3600 823
12
216 1743 1744 2121 1189 1075 1080 1267 1262 1257 1258 407
1 3600 823
17
2204 1205 85 86 1206 1337 1325 1326 1631 1591 1313 1310 1316 1261 1264 2116 2033
1 3600 823
12
2123 2120 265 262 1775 239 234 1148 1158 2118 1303 1298
1 3600 823
19
2485 1239 1242 1231 203 204 1221 175 176 1075 1078 1271 1268 1273 369 364 383 384 1288
1 3600 533
23
1206 1337 1334 1351 9 12 24 2228 143 123 126 2097 2098 157 152 503 483 480 1692 1955 1952 1949 1947
1 3600 1404
21
2204 1205 1197 1198 2120 265 262 2289 255 258 1164 2119 1053 539 540 1831 885 882 1761 1762 867
1 3600 1544
33
7 4 14 26 1719 1685 849 846 2226 2244 143 140 45 42 1356 1361 1364 2344 1213 1193 1194 1374 2461 2067 2064 1443 1444 2046 2050 685 347 348 2265
1 3600 1544
37
1242 1231 203 206 191 188 1217 1218 1183 243 240 1175 1176 1167 1157 1154 2079 289 284 585 586 726 937 929 923 709 710 903 898 1387 631 634 1680 1129 1069 1072 2376
1 3600 1030
20
2485 1239 1242 1231 1228 227 223 220 1048 1331 1324 1334 2212 1355 1352 11 12 23 20 849
1 3600 1188
15
2293 265 266 1180 2148 2151 1271 1263 1264 1723 1720 2188 2477 507 483
1 3600 1544
21
203 204 1221 1217 1218 1321 1322 1734 1043 1040 1303 1300 1306 1939 1940 1901 1547 1548 423 420 1045
1 3600 1544
37
1147 1144 2204 1205 1197 95 92 1048 2296 2302 1319 1315 1255 1256 1263 1264 2116 2146 2178 2404 2343 2325 1101 1098 1104 677 680 1385 1379 1376 209 210 1396 283 280 1420 1908
1 3600 1544
46
269 270 1759 1743 1740 1750 2295 2095 2091 1155 1158 1053 539 536 1866 1841 1831 1815 1816 855 609 610 1808 1906 2301 637 511 495 469 472 498 2417 2275 2276 1797 1281 309 310 251 248 989 990 996 1648 1465 1455
1 3600 1544
34
2204 1205 85 86 1206 1337 1325 1328 2208 2216 17 14 28 151 51 48 1504 1982 2344 1225 715 716 1366 2472 2465 2466 2283 2011 1883 1884 2356 2358 1487 1488
1 3600 1544
14
2293 2121 1189 1075 1080 1267 1264 1723 1717 115 112 2224 2236 2238
1 3600 1544
31
1131 35 30 1144 2204 1205 1197 95 92 1048 1331 1328 2208 3 4 14 26 1719 1716 1720 2190 461 462 1010 157 154 149 144 163 160 164
1 3600 1544
41
30 1146 273 270 1759 1756 2127 37 40 301 296 289 284 1988 63 64 713 665 666 722 784 773 774 808 777 778 852 1974 2144 493 488 877 819 820 889 843 844 1391 1388 1640 1652
1 3600 1544
23
7 2 2216 2218 1719 1716 1720 2188 2477 507 483 486 1094 1110 677 678 1066 1973 1968 1980 1363 1364 1983
1 3600 1544
36
1223 1221 175 178 247 244 1923 1179 1171 1172 1167 1164 1303 1300 1308 601 598 1657 1660 2175 2159 893 890 1562 1683 83 80 1639 1636 1646 1435 1432 1429 1430 1438 2069
1 3600 1544
22
2505 2213 1351 9 12 24 2228 143 140 45 42 1356 1227 715 716 1366 2472 2435 2436 2466 1987 193
1 3600 402
7
263 264 2121 1199 95 89 90
1 3600 402
11
1173 1170 241 242 1182 1191 1188 2122 1201 1196 1202
1 3600 402
8
246 179 174 189 186 198 1251 231
1 3600 402
7
263 260 1741 1742 217 214 2338
1 3600 402
14
1966 2084 2124 2291 2288 1733 1323 1320 1219 1216 1220 205 202 1230
1 3600 402
5
1320 1191 1188 2120 2292
1 3600 402
9
1922 245 246 179 174 189 186 198 1251
1 3600 402
13
233 238 1772 1922 245 242 1180 1077 1080 2154 2297 2298 1207
1 3600 402
8
1773 1774 263 264 2121 1199 1196 1204
1 3600 402
11
98 2126 1757 1758 271 272 1147 31 34 1132 1134
1 3600 402
5
1741 1742 217 214 2338
1 3600 355
5
1190 1321 237 232 1169
1 3600 355
3
242 267 264
1 3600 398
11
99 96 2085 2082 257 258 1157 1158 1053 1050 1864
1 3600 398
7
99 96 2124 2095 2091 1155 1149
1 3600 398
5
243 240 1171 1163 1151
1 3600 398
11
1322 1736 1772 1039 1040 2119 1053 539 536 1864 1873
1 3600 398
14
1176 1167 259 256 2091 2079 289 284 1988 63 66 104 703 700
1 3600 398
15
99 96 287 284 1988 63 64 768 721 722 782 792 2312 2309 1877
1 3600 398
11
1747 1740 1750 2295 2125 287 284 1988 63 66 106
1 3600 398
12
96 2124 2291 255 258 1164 2119 1053 1050 1864 1873 1878
1 3600 398
6
1172 1167 259 256 2083 2086
1 3600 396
17
239 234 1148 1158 1053 539 540 1840 2304 2308 2313 793 783 786 1025 1013 1016
1 3600 1544
15
2129 37 40 301 296 289 284 585 586 726 751 748 707 695 696
1 3600 1544
35
37 40 1966 2082 257 258 1164 1303 1300 1306 1939 1940 1901 1547 1548 429 426 1045 111 108 183 180 1398 1400 1404 1410 1426 1438 2065 2066 2077 2074 2350 1511 1506
1 3600 280
13
2288 1733 1734 245 242 1180 2148 2151 2152 2154 2302 1319 1316
1 3600 412
7
2126 1749 261 262 1775 1772 1039
1 3600 412
11
1169 1163 1151 1148 1158 2118 1303 1298 1283 1286 2035
1 3600 412
6
261 262 1733 1734 1043 1036
1 3600 412
9
1922 1735 1323 1320 1191 1075 1078 1271 1268
1 3600 343
7
255 258 1164 1303 1297 459 456
1 3600 343
6
1176 1167 1157 1158 1053 539
1 3600 551
24
1189 1075 1080 1267 1264 2116 1963 1964 2404 1305 1308 601 598 1657 1662 1887 875 876 1890 2136 1845 591 592 2140
1 3600 1404
25
1039 1040 2119 1053 1050 1866 2306 1755 865 771 453 454 1524 1541 1542 595 596 1918 2200 361 358 430 2265 303 306
1 3600 1544
49
1191 1075 1078 1271 1257 1258 407 404 387 388 437 438 458 1296 1300 1306 1939 1940 1901 1898 1835 1836 1065 1062 2171 2172 1765 1760 855 609 605 602 1544 617 614 917 911 912 897 894 945 946 998 1680 1129 1069 1070 2101 2104
1 3600 1287
27
2126 1749 261 266 1180 2148 2151 2152 2154 2302 1319 1311 1312 1590 1630 1327 1324 1334 2212 1355 1352 19 20 1684 1718 27 15
1 3600 1030
11
237 232 1169 1172 1167 1164 1303 1300 1304 2343 1693
1 3600 965
14
179 176 1075 1080 1267 1264 2116 2146 1715 1689 505 483 486 1094
1 3600 1544
37
301 296 289 284 1988 63 66 102 665 662 792 863 823 811 641 133 130 606 1808 1906 2141 2138 2199 1587 1584 1731 969 581 57 54 1934 1909 1910 1415 1413 1407 1404
1 3600 1544
28
247 244 1043 1040 2119 1053 539 540 1831 1815 1812 1822 2170 2176 2169 2165 869 870 1974 1843 1844 2137 1921 1579 1580 1582 1819 1575
1 3600 1544
31
2290 2125 287 284 585 588 721 722 786 1025 1020 2135 647 642 943 944 895 409 412 683 686 399 400 1234 1724 1669 1670 1475 1470 1522 2328
1 3600 1544
19
1966 2082 2091 1155 1158 2118 1303 1298 1283 1286 2035 2032 2146 1715 1710 465 466 2096 127
1 3600 1544
21
96 2124 2095 2091 1155 1156 1164 1303 1300 1308 629 626 1944 1097 1098 1102 1106 1095 1090 2258 1345
1 3600 1544
21
1175 1176 1167 1157 1158 1053 539 540 1831 1828 1557 429 425 420 1045 1046 1066 1973 1968 1980 2400
1 3600 1544
24
1167 1164 1303 1300 1306 1553 1089 1086 1098 1104 677 680 1385 1382 845 757 754 1423 1419 1414 1924 1917 1912 1225
1 3600 1544
30
1216 175 176 1075 1078 2152 1267 1264 1723 1720 2190 461 466 2098 157 154 149 146 51 48 1504 1215 1193 1194 1374 2349 2350 2285 2011 1883
1 3600 1544
46
2295 2095 2091 2079 289 284 1988 63 66 104 703 700 1674 1029 1026 1032 931 923 709 710 649 644 911 912 1034 137 134 1184 983 986 2361 2353 1995 1998 975 961 956 1465 515 516 578 1486 2333 2331 557 560
1 3600 315
19
656 702 105 67 62 1989 285 288 297 300 41 38 271 272 1147 31 34 1130 1125
1 3600 382
5
1051 1052 2118 1041 1038
1 3600 382
14
2215 1865 537 538 1052 1159 1156 1166 1738 1037 1042 1735 1732 263
1 3600 382
4
235 236 1320 1191
1 3600 382
10
1051 1052 1159 1154 2090 2094 2294 1751 1748 1757
1 3600 382
8
1872 1865 537 538 1052 2118 1165 1166
1 3600 382
27
2307 1841 1831 1815 1812 1824 1832 1659 1656 599 600 1309 1301 1297 459 439 436 385 367 368 1272 1269 1270 1079 1074 1190 1219
1 3600 382
13
651 654 658 1829 1830 541 538 1052 1159 1149 1150 1162 1168
1 3600 382
4
1148 1156 259 254
1 3600 382
11
288 2078 2090 257 254 2288 1775 1737 1734 245 246
1 3600 396
10
2308 2313 793 663 664 712 65 62 1989 285
1 3600 396
15
2087 2084 287 284 1988 63 64 713 665 662 783 784 2311 2312 2309
1 3600 389
14
1085 1082 1937 1940 1901 1547 1548 1556 659 655 652 702 105 67
1 3600 389
10
1157 1158 1053 1050 1866 2306 1755 1752 2313 793
1 3600 389
4
1675 791 792 2312
1 3600 389
15
1148 1158 1053 539 536 1864 2214 2308 2313 2310 785 786 1025 1013 1014
1 3600 389
8
2084 287 284 585 588 721 722 786
1 3600 389
6
1875 1876 2308 2313 2310 2314
1 3600 389
15
1967 301 296 289 284 1988 63 64 713 665 662 783 784 773 770
1 3600 429
8
256 2091 2079 289 284 585 586 726
1 3600 1544
36
1879 1876 2308 1753 865 823 826 878 129 132 638 1541 1544 509 495 496 1800 2424 441 442 915 912 897 894 970 979 976 2362 293 294 1599 1600 1612 1622 2019 2014
1 3600 965
17
1085 1088 1552 1307 1301 1298 1289 389 390 406 1272 1274 1312 1590 1630 1327 1324
1 3600 223
23
1866 1841 1831 1815 1810 1903 1904 1899 1900 1941 1936 1943 1944 1958 1960 2286 2324 2342 2405 2179 2147 2117 1265
1 3600 341
31
2157 63 66 104 661 666 718 2321 2318 451 452 774 808 879 880 882 1761 1764 2403 2177 1063 1055 1058 1868 1663 1656 1897 1900 1941 1938 1553
1 3600 341
8
296 2078 1155 1156 1164 1303 1300 1308
1 3600 341
10
296 2078 2090 257 258 1164 1303 1297 1294 2130
1 3600 341
5
658 1557 1549 1546 1896
1 3600 347
18
299 296 289 284 1988 63 66 104 703 700 1674 1029 1025 1020 1803 1804 1533 1534
1 3600 347
16
1155 1158 1053 539 540 1831 885 781 778 852 1974 2144 493 490 2137 1921
1 3600 533
18
791 792 2310 2314 451 454 1524 1541 1542 595 592 2138 2199 2200 737 734 337 340
1 3600 1544
34
1875 1872 2214 2308 1753 865 823 811 641 133 130 602 1542 1906 2301 637 521 524 1530 1529 917 645 642 899 900 1002 633 634 1680 1129 1069 1072 1863 1860
1 3600 1544
19
701 657 658 1557 423 420 1045 1046 1066 2196 2410 53 50 150 2225 113 114 1685 21
1 3600 1404
14
2081 2078 2090 257 258 1164 1303 1298 1283 1286 2035 2032 2146 2180
1 3600 812
27
652 700 791 783 784 2311 863 771 774 810 826 880 882 1761 1762 2030 2164 2166 2489 1889 875 819 816 2159 1665 1635 1632
1 3600 965
20
700 1674 1029 1025 1020 1803 1806 523 520 636 2143 593 596 1579 1576 963 964 581 57 54
1 3600 1544
30
2157 63 64 768 589 586 726 751 748 707 695 692 1611 835 801 798 2367 1997 1998 1673 973 961 958 1467 515 516 578 1486 2359 2357
1 3600 1544
39
1876 2305 1841 1831 1815 1812 1824 1832 1659 1660 2175 817 820 890 1564 1580 1584 1821 1575 1572 1291 1245 1248 2483 2039 1593 1594 2049 1445 445 448 1451 1446 1456 1478 1484 1499 1497 1490
1 3600 1544
19
1085 1082 1943 627 628 1946 1948 1953 1954 1693 481 482 502 153 156 2099 2096 127 124
1 3600 1544
11
1148 1158 2118 1303 1300 1304 1687 1688 1712 1009 1010
1 3600 1544
28
107 102 665 662 792 863 823 826 878 777 778 852 871 868 2164 2166 2489 1889 875 819 820 889 843 837 838 1388 1640 1652
1 3600 1544
29
63 64 768 721 718 2321 2318 451 454 1524 1541 1542 1906 2141 2138 2199 1587 1581 1565 1562 1683 83 80 1639 1636 1644 1931 1928 1917
1 3600 1544
34
2305 1841 1831 1815 1816 855 609 610 1808 1906 2301 637 511 495 469 470 2478 315 316 2417 2275 2276 1797 1794 1892 949 954 993 990 996 1648 1465 1466 1468
1 3600 1544
40
1875 1872 2214 2308 1753 865 771 453 454 1524 1541 1542 595 596 1918 2200 737 738 733 730 527 528 1568 397 394 1700 2051 2047 1445 1442 2069 2070 2074 2350 2285 2011 2012 2231 197 194
1 3600 1188
16
720 589 584 285 286 97 100 216 1758 271 272 1147 31 34 1130 1125
1 3600 367
11
2423 769 65 62 1989 285 286 2124 2291 2288 1733
1 3600 378
12
2321 2318 2315 773 770 864 1754 2307 1867 1051 1052 1159
1 3600 378
5
1015 1012 1024 1028 1678
1 3600 378
11
1017 1012 1024 787 723 667 664 103 67 62 2156
1 3600 378
34
1031 1032 931 923 924 934 940 1605 1606 2132 613 618 497 494 510 636 2143 593 590 1846 2337 493 488 877 872 1661 1656 599 600 629 626 1942 1083 1084
1 3600 378
13
1849 671 674 922 928 936 727 587 584 285 288 2078 2092
1 3600 378
7
1012 1024 787 784 2311 2312 2309
1 3600 378
6
67 62 1989 285 286 2085
1 3600 378
6
772 785 782 790 1674 1678
1 3600 217
5
1017 1012 1024 787 782
1 3600 370
3
1032 931 928
1 3600 370
7
941 935 925 709 706 920 2029
1 3600 370
17
2310 773 774 808 129 130 602 1544 1535 1530 2133 1607 927 711 695 692 857
1 3600 370
24
2314 451 454 1526 1538 1541 1544 617 618 1798 2427 441 442 915 912 897 409 410 2195 1187 1184 983 797 794
1 3600 370
13
767 768 589 586 726 937 929 923 709 695 696 1608 835
1 3600 370
7
671 668 933 925 922 928 938
1 3600 370
25
66 104 661 666 722 786 1025 1013 1016 671 672 1605 927 903 898 943 944 970 1853 1850 2362 2364 799 800 834
1 3600 551
22
1020 2135 647 644 911 912 1034 683 684 2051 2052 1595 1596 1441 1438 2065 2066 2077 2074 2350 1511 1506
1 3600 1544
30
1606 2132 1531 1534 1545 603 604 608 854 1817 1812 1826 1904 1899 1896 599 600 1946 1948 1953 1954 2342 2405 1965 1962 2117 1265 1260 1317 1311
1 3600 772
23
792 863 823 826 880 882 1761 1764 2173 2170 1063 1064 1837 1834 1899 1900 1941 1938 1307 1301 1298 435 436
1 3600 367
13
64 713 665 666 722 784 773 770 864 1754 2307 1867 1051
1 3600 367
11
703 653 654 658 1829 1815 1812 1824 1836 2486 2163
1 3600 339
7
451 454 1524 1541 1544 617 614
1 3600 339
16
671 672 1605 1606 2132 613 616 509 510 636 2300 1907 1809 611 608 854
1 3600 339
20
674 709 710 649 644 911 914 443 319 316 2417 2413 2414 2199 1919 1920 1891 877 872 2175
1 3600 339
12
1019 1012 1020 1803 1804 519 520 636 2300 1907 1543 1540
1 3600 332
21
1026 1032 931 923 709 710 903 898 943 944 895 409 412 683 686 1571 329 330 355 352 335
1 3600 332
23
102 665 662 792 863 771 774 808 777 778 852 1974 1843 1844 2137 1921 1918 2200 361 341 334 362 378
1 3600 965
19
768 589 586 726 751 748 707 695 692 857 807 804 812 1600 1616 2102 2377 2374 2392
1 3600 1544
45
672 1605 927 649 642 943 944 895 896 1034 683 347 350 399 396 1707 1704 2056 1249 1246 2115 2111 543 69 72 1930 1645 1417 1414 1911 1908 2262 2347 1365 1360 1357 43 44 141 142 2229 25 13 8 1350
1 3600 1544
30
1020 1803 1806 523 520 636 2143 593 596 1579 1576 1729 969 581 582 83 80 759 756 844 1383 1384 681 676 1111 1095 487 482 504 1690
1 3600 1030
14
1754 2307 1841 1831 1828 1557 429 426 1045 79 74 1378 1384 681
1 3600 772
16
722 784 773 774 641 133 130 606 1808 1906 2141 2138 2199 1587 1581 1565
1 3600 908
23
1020 1803 1804 1533 1534 509 495 469 472 498 2417 2275 2276 1797 1281 309 312 401 394 1702 1704 2054 2045
1 3600 1544
32
2318 451 454 1524 1541 1542 595 596 1579 1576 1729 1695 1589 327 322 344 535 532 1707 1703 1698 1724 1669 1670 1515 1512 1516 1793 1783 1776 1784 1790
1 3600 1544
35
770 823 826 880 882 1761 1762 2030 2164 2166 1057 1058 1868 1663 1656 599 600 1946 1948 1956 2286 2324 2342 2405 2406 1691 505 483 484 2251 155 156 2099 2096 127
1 3600 1544
32
2318 2315 2311 863 823 811 808 777 780 884 1815 1810 1903 1904 1899 1547 1548 423 420 1045 1046 679 676 1109 1106 1095 1090 2258 163 160 166 2256
1 3600 1544
31
588 721 667 662 792 2310 773 774 808 777 778 854 1761 1764 2403 2169 2166 2489 1889 875 819 820 889 843 757 760 841 838 1388 1640 1654
1 3600 1544
19
66 104 703 657 658 1557 429 426 1045 111 108 1372 1392 1642 1769 1770 1359 1356 1361
1 3600 1544
34
586 726 937 929 923 709 710 903 900 1002 633 634 999 981 976 985 986 953 954 253 248 1669 973 961 956 1649 1461 1462 1453 449 444 1442 2069 2070
1 3600 1544
39
783 786 1025 1013 1016 671 674 709 695 696 1608 803 804 812 1598 295 292 1627 1628 2005 2002 2006 2428 2438 2089 1485 1482 1477 1472 1521 1518 419 416 2222 197 192 1984 571 566
1 3600 1544
47
751 748 707 710 649 644 911 912 1034 683 686 1571 529 530 534 345 342 762 1245 1246 2182 2185 2186 2193 1647 1637 1423 1420 1537 1503 49 50 147 148 2250 485 482 506 2476 2189 1721 1717 1718 2219 2217 3 6
1 3600 1287
30
803 804 812 795 796 982 1185 135 136 1035 913 910 916 615 616 1545 603 131 128 879 880 884 1830 541 538 1052 2118 1165 259 254
1 3600 406
16
922 930 1033 1027 787 784 2311 2312 2309 2215 1865 537 538 1052 1159 1149
1 3600 463
7
1023 1024 787 782 663 664 712
1 3600 463
6
859 856 693 694 708 675
1 3600 463
8
2028 921 749 750 727 587 588 2422
1 3600 463
4
932 669 670 1017
1 3600 463
21
856 833 828 801 798 2367 2355 2352 1893 1795 433 359 360 2201 1919 597 594 1543 1540 1525 455
1 3600 463
4
669 670 1017 1012
1 3600 463
15
937 929 923 924 934 940 1605 1606 2132 1531 1534 1545 1540 1525 455
1 3600 463
3
923 675 672
1 3600 463
12
1599 813 805 802 1609 697 694 708 922 930 1033 1030
1 3600 467
5
751 748 707 708 924
1 3600 467
8
729 726 751 748 707 695 692 833
1 3600 464
8
858 815 812 1600 1614 1628 2106 1855
1 3600 464
13
903 898 1387 631 634 1680 1129 905 906 1112 1859 1621 1622
1 3600 464
27
1611 835 801 796 986 953 950 2060 251 248 989 990 994 1459 1462 513 516 578 1486 415 416 2222 197 194 1991 571 568
1 3600 464
18
929 923 709 710 649 642 943 946 981 976 2362 2364 2367 2355 2109 2106 1855 1856
1 3600 464
6
815 812 1600 1612 1622 2019
1 3600 464
10
933 925 709 695 696 1608 803 804 812 1600
1 3600 464
27
725 726 937 929 923 709 710 903 898 943 944 895 409 412 683 684 2051 2047 1445 1442 2065 2066 2460 2349 2350 1511 1506
1 3600 1544
17
727 587 584 285 286 97 98 2126 1749 261 266 1180 1077 1080 2154 2302 1319
1 3600 1544
26
940 1605 1606 2132 613 618 497 494 510 636 2300 1907 1809 611 608 854 1817 1814 1830 541 538 1052 2118 1165 1166 1738
1 3600 617
36
2421 751 748 707 708 675 672 1605 1606 2132 1531 525 520 636 2143 593 590 1842 1975 1976 867 868 2164 2166 1057 1060 2163 1659 1656 599 600 1309 1301 1297 459 456
1 3600 363
15
923 709 710 649 644 911 914 443 440 2426 2479 471 468 494 510
1 3600 363
29
804 812 1598 295 292 2363 985 986 2361 1893 1894 1279 1276 2264 349 350 1571 529 526 731 325 326 1588 1694 1728 1577 1578 1920 2136
1 3600 404
15
707 708 924 934 940 1605 1606 2132 613 618 1798 315 316 2417 2275
1 3600 404
17
1599 795 798 2367 1997 1998 1673 1668 1725 1699 1702 1706 1569 329 332 370 377
1 3600 404
10
812 1598 295 292 2363 1851 1727 983 986 2361
1 3600 404
7
753 748 707 710 903 900 1004
1 3600 404
10
750 937 929 923 709 710 649 642 943 944
1 3600 309
17
939 929 923 709 695 692 857 807 804 812 1600 1616 2100 2372 2384 2395 2396
1 3600 1544
28
1023 1020 1803 1806 523 520 636 2143 2138 2199 1587 1584 1731 969 581 57 54 1934 2262 2347 1365 1360 1357 43 44 141 142 2245
1 3600 1544
33
1611 835 801 796 986 953 954 993 990 996 1461 1449 1450 479 474 1428 1433 1403 1401 1397 211 208 1377 1378 1384 681 676 1105 1099 1100 2324 2342 2405
1 3600 1544
32
801 798 2367 2355 2352 949 950 2060 311 312 1234 1699 1702 1704 2054 2037 1593 1596 1441 1427 1411 1405 1406 279 282 1399 181 182 1372 1392 1642 1978
1 3600 1030
25
2028 921 707 710 903 898 943 944 895 409 412 683 686 1571 1568 533 534 345 342 762 1245 1246 2182 553 545
1 3600 736
31
2421 937 929 923 924 932 669 672 1605 1606 2132 1529 615 618 1798 315 316 2417 2275 2276 1797 433 359 341 334 362 376 371 374 2059 2056
1 3600 1030
14
295 292 2364 2367 1997 1998 1673 1670 1515 1501 1497 1494 1783 1778
1 3600 1544
34
1023 1024 787 782 792 863 823 826 880 882 1761 1764 2173 1823 1824 1832 1659 1656 1897 1900 1941 1938 1307 1304 1687 505 502 153 156 2099 2096 2247 1341 1338
1 3600 1544
31
649 644 911 914 443 319 316 2417 2413 2414 2199 1587 1581 1565 891 892 1665 1551 1548 423 420 1045 1046 1066 2196 2410 53 50 147 144 163
1 3600 1544
30
831 828 801 796 986 2361 2353 1995 1998 975 961 956 1649 1461 1449 1450 449 446 1424 1436 1927 1924 1917 1912 2345 1365 1360 1357 43 46
1 3600 1544
32
699 696 1608 803 804 812 795 798 2367 2355 2352 949 954 253 248 989 990 996 1650 2049 1445 1442 2069 2070 2076 2460 1375 1195 1192 1212 2345 1365
1 3600 1544
20
929 923 709 710 903 898 943 944 895 896 1034 683 684 2051 2052 1595 1596 1441 1438 2065
1 3600 1544
16
807 804 812 1598 295 292 1627 1628 2005 2002 2006 2271 2268 1475 1470 1518
1 3600 1544
51
2015 2018 2022 2457 2458 2009 2006 2428 2438 2089 1485 1479 1457 1447 1450 479 474 1428 1433 1409 1405 1406 1412 1418 1422 755 756 844 1383 1384 681 676 1111 1095 487 482 506 1009 463 460 2191 1721 1722 1265 1266 1081 1074 177 174 1220 205
1 3600 1544
36
2021 2018 1623 1620 1862 1073 1068 1128 1681 635 630 1386 643 646 2134 1021 1024 1028 1675 701 702 105 67 62 1989 285 288 297 300 41 36 2126 1757 1743 1744 2121
1 3600 1544
33
2021 2016 2453 2449 2446 2009 2003 1993 1994 2352 1893 1795 1796 2277 2274 2416 499 473 468 494 508 1545 1540 1525 455 450 2319 2320 719 667 660 105 106
1 3600 467
12
1601 813 805 802 1610 693 694 706 749 750 727 587
1 3600 238
13
1614 1626 2363 977 980 947 942 899 902 711 708 922 928
1 3600 238
21
2025 1623 1620 1858 2377 1073 1068 1128 1681 999 981 978 971 945 942 643 648 711 708 922 928
1 3600 238
22
1857 1854 2107 2108 2352 2360 987 982 1185 1186 2194 411 408 896 913 910 916 1528 2133 2134 1021 1022
1 3600 238
5
921 707 708 922 930
1 3600 315
14
2021 2018 1623 1613 1601 813 805 802 1609 697 694 706 920 2042
1 3600 1544
41
2016 2453 2450 2458 2009 2006 2271 2268 1475 1472 2332 2359 2357 1885 1882 2010 2282 2467 2464 2473 1367 717 714 1224 2345 1983 1505 49 50 150 2225 113 114 1685 21 18 1353 1354 2213 1335 1332
1 3600 1544
49
1613 1616 2100 1625 1628 2108 2352 1893 1894 1279 1276 303 304 350 399 396 1707 765 762 1290 1573 1574 1820 1731 1728 963 966 1563 891 821 818 874 1886 1663 1656 599 600 1309 1301 1298 1289 385 382 405 406 1259 1256 1270 2150
1 3600 1544
12
2043 2029 1023 1024 787 784 773 774 808 777 780 884
1 3600 643
14
2043 921 707 708 924 934 940 1605 1606 2132 613 618 1798 2479
1 3600 186
11
921 707 710 649 644 911 912 897 409 410 2322
1 3600 162
16
2041 2029 1023 1020 2135 647 642 1387 631 634 1680 1129 905 908 2394 2385
1 3600 1544
42
2015 2018 2022 2457 2451 2449 2446 2009 2006 2428 2438 2089 1485 1482 1477 1472 2331 419 416 2220 2013 2010 2282 2467 2437 2434 2473 1367 717 714 1226 1361 1362 1981 1969 1970 1769 1766 53 50 150 29
1 3600 1544
40
1854 2107 2108 2352 949 950 2060 311 312 401 394 1702 1704 2056 1249 1246 2115 2111 2112 1933 1930 1645 1417 1418 281 282 1397 211 208 1377 1378 1384 681 676 1105 1099 1100 2324 2342 2405
1 3600 1544
25
1854 2107 2005 1993 1998 975 961 956 1649 1461 1462 1453 449 446 1424 1433 1434 1647 1637 1638 759 756 837 838 1388
1 3600 1544
21
2016 2471 2457 2458 2009 2006 2271 2268 1671 1668 1725 1699 1702 765 762 1245 1246 2115 555 545 69
1 3600 1030
16
2018 1623 1620 1862 1073 1070 1625 1626 2363 985 986 953 954 253 248 1669
1 3600 908
15
2022 2470 2453 2449 2446 2009 2006 2428 2438 2089 1499 1500 1512 117 118
1 3600 1544
34
1854 2107 2108 2352 1893 1795 433 359 360 2201 1919 1920 1891 877 872 1661 1656 1897 1900 1941 1938 1307 1304 1687 1688 1710 2189 1721 1717 115 112 2224 2236 2238
1 3600 1544
36
2021 2016 2453 2450 2458 2009 2006 2271 2268 1475 1470 1520 2332 415 416 2222 2230 1881 1882 2010 2284 2351 2348 1375 1195 1192 1212 2345 1365 1360 1357 43 44 158 160 166
1 3600 1544
13
1507 1510 2351 2348 1375 1195 1192 1212 2345 1365 1360 1357 43
1 3600 1544
29
2022 2457 2451 2449 2446 2009 2006 2428 2438 2089 1499 1497 1492 573 576 578 1486 2359 2357 1885 1882 2010 2282 2467 2464 2473 1367 717 714
1 3600 1544
21
1623 1613 1614 1626 2364 2367 1997 1998 1673 973 961 958 1467 1455 1456 1480 1489 1486 415 416 2220
1 3600 1544
14
2016 2471 2457 2458 2009 2006 2428 2438 2089 1485 1482 1477 1472 2331
1 3600 282
7
1207 87 84 1204 2205 1139 1142
1 3600 282
11
276 1314 1318 2303 2297 1049 93 94 1196 1204 2205
1 3600 282
14
276 1314 1316 2207 1329 1330 1049 93 89 84 1204 2205 1145 31
1 3600 220
12
276 1314 1318 2303 2155 1081 1076 1181 243 244 1735 1732
1 3600 772
29
1591 1313 1275 1269 1263 1264 2116 1963 1964 2404 2343 2325 2287 1961 1951 1947 601 598 1657 1658 1833 1825 1813 1814 1830 1840 2304 1877 1878
1 3600 1544
45
224 228 1048 1331 1328 2208 3 4 14 28 151 51 52 1767 1768 1643 1389 839 836 757 758 81 61 56 580 968 1730 1585 1586 2198 2415 2412 2416 317 314 1799 619 612 2133 1607 1604 673 670 1017 1018
1 3600 1544
56
1334 1351 9 12 23 20 849 846 2226 2244 143 123 126 2097 2098 157 154 149 144 2259 1091 1094 1107 1108 677 680 1385 1379 1376 209 210 1396 283 278 1407 1402 1432 1425 447 448 1452 1463 1460 1648 957 960 974 1999 1996 2366 2365 293 294 1599 813 814
1 3600 1544
35
1325 1328 2206 1261 1264 2116 1963 1964 2404 2343 1955 1952 1949 1947 601 598 1657 1660 873 876 489 492 2336 1847 591 592 2142 637 521 518 1805 1802 1021 1022 2028
1 3600 351
3
1319 1311 1312
1 3600 373
4
1255 1258 369 366
1 3600 373
5
1261 1262 1268 1273 369
1 3600 373
4
2501 2303 2155 2153
1 3600 373
10
226 1250 199 187 188 1217 1218 1183 1180 2148
1 3600 373
14
1325 1326 1631 1591 1313 1275 1273 407 404 383 384 437 434 1283
1 3600 373
11
1330 2296 2155 2153 2150 2149 1181 243 244 1043 1036
1 3600 417
13
276 1255 1258 407 391 388 1288 1299 1302 2119 1053 1050 1866
1 3600 1404
40
224 230 1250 199 200 191 188 175 176 1075 1078 1271 1257 1258 369 364 387 388 437 434 1299 1300 1306 1939 1940 1901 1898 1905 1827 1822 2172 1765 1760 855 609 605 131 132 638 1539
1 3600 1544
39
1324 1334 2212 1355 1352 11 12 24 2228 143 140 45 42 1356 1361 1364 2344 1913 1916 1925 1926 1437 1429 475 478 1451 1448 1460 997 991 992 955 948 2353 2354 2366 2365 293 290
1 3600 1544
53
276 1255 1256 1263 1264 2116 2146 2178 2404 2343 2325 1101 1098 1104 677 678 1047 79 76 1370 845 757 754 1636 1644 2419 71 68 542 2110 2114 1247 1248 2057 1705 1703 1698 1235 313 310 2061 1895 1892 2353 1995 1992 2004 1629 1624 1071 1072 1863 1860
1 3600 309
13
2302 1319 1316 2207 2208 2216 2218 1719 1685 849 846 2226 2244
1 3600 309
7
1334 1351 1352 19 20 1684 115
1 3600 315
14
1331 1328 2208 3 4 14 26 1719 1716 1720 2188 1711 1689 1690
1 3600 772
21
2302 1319 1316 1261 1264 1723 1720 2190 461 462 1010 157 154 149 146 51 52 2411 1979 1643 1393
1 3600 1544
26
1591 1313 1275 1273 407 404 383 384 437 438 458 1296 1300 1306 1939 1940 1901 1547 1550 1664 893 890 1562 967 962 1729
1 3600 1544
31
1697 1327 1328 2208 2216 17 14 28 151 51 48 1502 1536 1421 1419 1416 1646 2192 2187 2184 2183 1247 1244 763 343 344 535 532 397 400 1232
1 3600 1544
51
1337 1334 1351 9 12 24 2228 143 123 126 2097 467 462 1008 507 483 486 1094 1110 677 680 1385 1379 1376 1380 1392 1389 839 840 185 180 1398 1400 1404 1408 1432 1425 1426 1440 1597 1594 1651 1648 1465 515 516 577 572 1493 1490 1517
1 3600 1544
18
223 220 1048 2298 1337 1334 2212 1355 1352 19 20 849 846 2226 2244 143 123 124
1 3600 1544
23
226 1229 203 206 1223 1221 175 176 1075 1080 1267 1264 1723 1720 2188 2477 507 483 484 2251 149 144 1345
1 3600 1544
22
1310 1316 1261 1264 2116 1963 1964 2404 2343 2325 1101 1098 1102 1108 677 678 1066 2196 2410 1767 1770 2408
1 3600 1544
17
224 228 1048 1331 1328 2208 3 4 14 28 151 147 144 163 159 45 42
1 3600 1544
35
1697 1631 1591 1313 1275 1273 369 366 384 1288 1299 1300 1308 601 598 1897 1547 1550 1635 887 843 757 760 213 210 1394 1398 283 278 1407 1404 1410 1426 1438 2065
1 3600 1544
40
275 276 1255 1258 407 391 388 437 434 1299 1300 1308 1946 1950 1959 1097 1098 1104 677 678 1066 1973 1968 1980 1363 1360 1227 715 716 1366 2472 2465 2466 2283 2011 2012 2221 417 418 557
1 3600 173
10
2153 1079 1074 1188 2120 1745 1742 217 214 2340
1 3600 277
10
1266 1081 1074 1190 1321 1322 1736 1774 2289 2290
1 3600 277
13
436 389 386 365 368 1272 1269 1270 1079 1074 177 174 1217
1 3600 277
13
1287 1282 435 436 385 382 405 406 1259 1256 1270 1079 1074
1 3600 212
8
438 458 1296 1302 1165 1157 1154 2079
1 3600 736
31
2116 2146 2178 2404 2343 1955 1952 1949 1947 601 598 1657 1662 1869 1870 2488 2167 2168 2402 1765 1760 883 881 827 811 775 770 862 793 663 664
1 3600 1544
40
1739 1167 1157 1158 1053 539 540 1831 885 781 778 609 610 1808 1906 2301 637 511 495 469 470 501 321 318 442 915 912 897 894 970 1853 1727 983 797 800 834 803 806 858 860
1 3600 1544
27
1952 1949 1947 601 598 1657 1660 873 876 1890 1921 1918 2200 361 358 432 1794 1892 2353 1995 1992 2002 2008 2447 2448 2452 2017
1 3600 287
10
1081 1074 177 174 189 190 207 202 1228 227
1 3600 287
6
2152 2154 2302 1319 1315 277
1 3600 287
8
1304 2405 2179 2147 2117 1265 1260 2207
1 3600 287
5
1274 1312 1590 1630 1696
1 3600 237
8
1962 2033 2034 1287 1282 1289 389 386
1 3600 306
9
404 387 388 1288 1299 1297 1294 2130 2475
1 3600 306
6
1181 243 244 1923 1039 1040
1 3600 306
8
1040 1303 1300 1306 1939 1936 1943 1944
1 3600 306
14
1271 1263 1264 2116 2146 2178 2404 1305 1306 1939 1940 1901 1898 1835
1 3600 306
22
1723 1720 2190 461 464 2477 1713 1689 1686 2343 2325 2287 1961 1959 1945 1942 1937 1940 1901 1898 1835 1836
1 3600 306
12
1262 1257 1258 369 364 383 384 437 434 1299 1302 2119
1 3600 306
8
1293 1296 1302 2119 1053 539 540 1831
1 3600 351
23
1963 1964 2404 1305 1308 601 598 1657 1662 1887 1888 2488 2167 2165 869 866 1977 1974 1843 591 592 2142 637
1 3600 1188
50
1256 1263 1264 1723 1720 2188 465 466 2098 157 154 149 146 51 52 1767 1768 1643 1389 839 840 185 180 1395 1396 283 280 1422 1636 1644 1931 1932 2113 2110 2114 1247 1248 2057 1705 1706 1569 1570 351 305 302 1277 1278 951 948 2353
1 3600 1544
34
1964 2404 2343 2325 1101 1098 1102 1108 677 680 1385 1382 845 757 754 1636 1646 1435 1432 1429 475 478 1451 1446 1456 1478 1484 2088 2439 2429 2007 2008 2459 2456
1 3600 286
16
1042 245 242 1180 2148 2151 2152 2154 2297 2298 1337 1334 1351 9 12 24
1 3600 266
9
1288 1283 1286 2035 2032 2146 1715 1712 1009
1 3600 266
8
1269 1263 1264 1723 1720 2190 461 462
1 3600 212
15
1286 2035 2032 2146 1715 1710 465 466 2098 157 154 149 146 51 52
1 3600 643
29
1271 1268 1273 407 391 388 437 434 1299 1300 1306 1939 1940 1901 1547 1550 1635 887 843 757 758 1639 1636 1644 1931 73 68 544 554
1 3600 1544
33
1273 369 366 384 437 438 458 1296 1300 1308 601 598 1657 1660 2175 2159 893 890 1564 1580 1582 1819 1575 1572 1291 1245 1248 2483 2039 1593 1594 1651 1648
1 3600 1544
31
384 1288 1299 1300 1306 1553 1089 1086 1098 1104 677 680 1385 1379 1376 209 210 1396 283 280 1419 1413 1407 1402 1432 1425 447 448 1452 513 516
1 3600 1544
14
1272 1269 1263 1264 2116 2146 1715 1712 1009 1010 2099 2096 127 122
1 3600 1404
13
384 437 434 1283 1286 2035 2032 2146 1715 1710 465 466 2096
1 3600 1544
14
1040 1303 1300 1304 2343 1693 481 484 2251 149 144 163 159 45
1 3600 1544
19
1269 1263 1264 2116 1963 1964 2406 1691 505 502 153 154 149 146 51 52 1767 1770 1359
1 3600 1544
24
1282 1299 1300 1308 629 626 1944 1097 1098 1102 1106 1110 677 678 1066 1973 1968 1980 1363 1364 2344 1213 1193 1194
1 3600 1544
40
1739 1167 1164 2119 1053 539 540 1831 1815 1812 1822 2170 1063 1055 1058 1870 1889 875 819 820 890 1562 1683 583 57 54 1934 2262 2347 2344 1225 715 716 1366 2472 2435 2436 2466 1987 193
1 3600 514
17
1302 1041 1038 1773 1737 1323 1320 1219 1216 1220 1222 201 198 1252 1237 1238 2484
1 3600 351
13
1813 1814 1830 541 538 1052 1159 1154 2090 2094 2294 1751 1748
1 3600 351
11
538 1052 1159 1156 259 256 2083 1967 41 36 2128
1 3600 449
10
2474 2131 1295 1296 1302 1165 1157 1154 2079 289
1 3600 449
8
1552 1307 1301 1302 1165 259 256 2083
1 3600 449
9
1840 2306 1755 1752 2313 793 790 1674 1678
1 3600 449
10
1940 1901 1898 1905 1902 1811 1814 1828 659 656
1 3600 449
18
1285 1282 1299 1302 2119 1053 1050 1866 2306 1755 865 771 772 785 782 790 1674 1678
1 3600 401
23
1943 627 628 601 598 1657 1658 2162 1061 1056 2167 2165 2031 1977 853 779 776 809 810 822 862 793 783
1 3600 401
17
2131 1295 1296 1302 2119 1053 539 536 1864 2214 2308 2313 2310 785 723 720 2422
1 3600 701
19
1662 1887 875 876 489 490 1845 591 592 2142 637 521 524 1530 2133 1607 1604 941 935
1 3600 1544
39
458 1296 1300 1308 601 598 1657 1660 873 876 1890 1921 1918 2200 737 734 2211 393 357 354 331 328 1570 687 682 137 134 1184 1726 1850 2362 1627 1624 2101 1617 1612 1622 2019 2020
1 3600 551
16
1899 1896 599 600 1309 1301 1297 459 439 436 385 367 368 1272 1274 1312
1 3600 493
4
1298 1283 1286 2035
1 3600 493
10
439 436 389 390 406 1259 1256 1263 1266 1081
1 3600 493
12
1903 1904 1899 1900 1941 1938 1307 1301 1298 1289 385 382
1 3600 493
9
2486 2163 1659 1656 599 600 1309 1301 1298
1 3600 493
9
1058 1868 1663 1656 599 600 1946 1948 1953
1 3600 493
5
1298 435 436 389 390
1 3600 493
6
1296 1298 1283 1286 2035 2032
1 3600 493
17
1944 1958 1951 1948 1953 1954 2342 2405 1965 1962 2033 2034 1287 1282 1289 389 386
1 3600 493
13
1837 1834 1899 1900 1941 1938 1307 1301 1297 459 439 436 389
1 3600 493
7
1663 1656 599 600 1309 1301 1298
1 3600 339
5
1656 1897 1900 1941 1938
1 3600 339
8
1062 2171 1823 1813 1814 1830 541 538
1 3600 494
17
1945 1942 1937 1940 1901 1898 1905 1902 1811 1816 855 609 605 602 1544 509 495
1 3600 494
6
1054 1062 2176 2402 1765 1760
1 3600 494
8
2162 1061 1056 2489 1889 875 876 489
1 3600 494
15
1296 1302 2119 1053 539 540 1831 885 881 878 129 130 602 1544 617
1 3600 494
12
1552 1939 1940 1901 1898 1905 1827 1813 1816 855 609 605
1 3600 494
24
1082 1943 627 628 601 598 1657 1662 1869 1870 2488 2167 2165 869 870 1974 1843 591 592 2142 637 511 495 496
1 3600 494
12
1937 1940 1901 1547 1550 1664 2158 817 818 876 489 492
1 3600 494
13
2162 1061 1058 1868 1887 875 876 1890 1921 1918 2198 2415 2412
1 3600 494
11
2167 2165 2031 1977 853 609 610 1808 1906 2301 637
1 3600 494
6
1827 1822 2172 1765 1762 867
1 3600 494
14
1062 2171 2172 1765 1760 855 609 610 1808 1906 2301 637 511 495
1 3600 494
9
601 598 1657 1660 873 876 489 492 2336
1 3600 494
16
1056 2167 2165 869 870 1974 1843 591 592 2138 2415 2412 2416 317 320 500
1 3600 296
24
1813 1816 855 609 605 602 1544 1535 1530 1529 917 645 642 1387 1001 1002 633 634 1680 1129 905 906 1114 2368
1 3600 1544
37
1950 1959 1097 1098 1104 677 680 1385 1382 845 757 758 81 82 583 580 968 1695 1589 327 324 730 527 528 1570 351 348 431 432 1794 1892 2353 2109 1629 1624 1071 1072
1 3600 858
22
2487 1837 1834 1899 1547 1548 429 426 1045 1046 679 676 1109 1106 1095 1090 2258 163 159 141 142 2245
1 3600 253
17
2491 1667 1551 1548 423 420 1045 1046 1066 2196 2410 53 50 147 148 155 152
1 3600 451
16
1285 1282 1299 1300 1306 1939 1936 1083 1086 1098 1102 1108 677 678 1047 79
1 3600 451
13
1667 1551 1548 429 426 1045 79 74 1378 1384 681 676 1105
1 3600 451
11
539 540 1831 1828 1557 423 420 1045 79 76 1369
1 3600 451
16
2489 1889 875 819 820 889 843 844 1383 1384 681 676 1111 1095 1090 2260
1 3600 451
7
1887 875 819 820 889 843 844
1 3600 359
16
2172 2403 2169 2166 2489 1889 875 819 820 889 843 757 754 1423 1419 1413
1 3600 359
10
2486 2163 1659 1660 2175 2159 893 889 843 837
1 3600 533
31
1050 1866 2306 1755 865 771 453 454 1524 1541 1542 595 596 1579 1580 1584 1821 1575 1572 1291 763 764 1703 1700 2051 2047 1445 477 478 1452 513
1 3600 1544
34
2474 2131 1295 1296 1300 1304 2343 1693 481 484 2251 149 146 51 48 1504 1215 1193 1194 1374 2349 2350 2285 2011 1883 1880 2221 417 418 1519 1471 1476 1483 1484
1 3600 1544
13
1953 1954 1693 481 482 502 153 156 2099 2096 2247 1341 1342
1 3600 1544
12
1285 1286 2035 2032 2146 1715 1712 1009 1010 2099 2096 2248
1 3600 1544
18
1868 1663 1656 1897 1547 1548 429 425 420 1045 1046 1066 1973 1970 1769 1770 1359 43
1 3600 1544
18
2489 1889 875 819 820 890 1562 1683 83 80 1639 1636 1417 1414 1924 1917 1912 1213
1 3600 1544
30
1765 1762 1977 1974 2144 493 490 2137 1921 1918 2200 737 734 337 334 362 380 373 374 2059 2054 2045 1441 1438 2069 2070 2074 2350 2285 2011
1 3600 1544
33
1553 1089 1086 1098 1104 677 680 1385 1379 1376 1380 1373 183 180 1398 283 280 1420 1908 2262 2347 2344 1225 715 716 1366 2472 2465 2466 1987 1984 1990 551
1 3600 1404
32
1533 1534 1545 1540 639 640 775 770 864 1754 2307 1867 1051 1052 1159 1156 1166 1177 1174 241 242 1182 1191 1188 2122 1201 1196 1204 2205 1145 31 32
1 3600 551
17
491 492 2145 1975 853 854 883 884 1830 541 538 1052 2118 1041 1042 245 246
1 3600 558
16
1534 1545 603 604 608 854 1817 1812 1826 1904 1899 1900 1941 1936 1083 1084
1 3600 558
21
2201 2198 2139 593 594 1543 1540 1525 455 450 2319 2320 719 720 769 65 62 1989 285 288 2078
1 3600 558
12
2402 2173 1823 1813 1814 1830 1840 1867 1051 1052 1159 1154
1 3600 564
15
2336 1847 591 592 2142 637 521 524 1530 2133 1607 1604 673 670 1848
1 3600 564
10
883 881 827 822 862 793 663 664 712 766
1 3600 564
10
616 1535 1532 519 522 1807 1802 1021 1013 1014
1 3600 564
9
1975 853 779 776 809 775 772 785 723
1 3600 564
18
873 874 1888 2488 2167 2165 2031 1763 1760 883 881 827 811 775 772 785 786 1025
1 3600 564
18
2233 2234 2201 1919 597 594 1809 607 131 132 640 810 822 862 793 663 660 105
1 3600 626
23
781 776 129 130 602 1544 617 614 917 911 912 897 894 945 946 998 1680 291 294 1599 813 805 802
1 3600 626
18
495 496 1800 2424 441 442 915 912 897 409 410 2195 1187 1184 983 797 800 834
1 3600 626
8
825 811 775 772 785 786 1026 1032
1 3600 858
9
619 614 917 645 648 711 706 920 2040
1 3600 1544
29
2203 491 488 877 872 1661 1656 599 600 1946 1950 1960 2286 2324 2342 2405 2179 2147 2117 1265 1260 1317 1311 1312 1590 1630 1327 1324 1332
1 3600 406
23
525 520 636 2300 2141 593 590 1842 1975 871 868 2164 2166 1057 1060 2163 1659 1656 599 600 1309 1301 1298
1 3600 619
4
880 882 1817 1812
1 3600 619
10
2139 593 590 1842 1975 1976 1763 1764 2173 1823
1 3600 619
18
509 510 636 2143 593 590 1846 2337 493 488 877 874 1886 1663 1656 599 600 629
1 3600 619
8
1760 883 884 1830 541 538 1052 2118
1 3600 619
11
1919 1920 1891 877 874 1888 1871 1059 1054 1064 1837
1 3600 619
21
1804 519 520 636 2300 1907 1809 607 131 128 879 827 822 864 1754 2307 1867 1051 1052 2118 1303
1 3600 619
6
1907 1809 611 608 854 1817
1 3600 619
14
1761 1764 2403 2177 1063 1064 1837 1834 1899 1900 1941 1936 1943 1944
1 3600 619
21
736 2201 2198 2139 2140 1907 1543 1540 1525 455 452 770 864 1752 2309 2215 1865 537 538 1052 2118
1 3600 619
13
613 616 1545 603 604 608 852 1976 2030 2164 2166 2489 1889
1 3600 619
16
2132 1531 1534 1545 603 604 608 852 871 868 2164 2168 2177 1063 1064 1837
1 3600 619
16
2232 1561 733 325 326 1588 1573 1574 1818 1583 1581 1565 891 892 1665 1666
1 3600 619
24
2143 593 596 1579 1576 963 964 581 57 60 80 759 756 844 1383 1384 681 676 1109 1103 1099 1100 2287 1957
1 3600 619
13
808 777 778 854 1817 1810 1903 1904 1899 1900 1941 1936 1943
1 3600 619
9
1976 2030 2164 2166 1057 1060 2163 1659 1656
1 3600 619
14
510 636 2300 2141 593 590 1844 491 488 877 874 1888 1871 1059
1 3600 488
5
493 488 877 874 1888
1 3600 488
8
1762 1977 1974 2144 493 490 2137 1921
1 3600 488
9
316 2417 2413 2414 2139 593 590 1842 1975
1 3600 593
13
1561 1558 393 357 354 331 328 1570 687 682 1035 913 914
1 3600 593
8
2412 2275 2276 1797 1281 1276 2264 2266
1 3600 593
8
1542 595 592 2138 2199 2200 737 734
1 3600 593
3
612 1529 917
1 3600 593
8
2416 317 318 442 915 912 897 409
1 3600 593
12
613 618 1798 315 316 2417 2275 2276 1797 433 430 349
1 3600 593
8
1802 2135 647 642 943 944 970 979
1 3600 593
7
490 2137 1921 1918 2200 361 358
1 3600 593
5
617 614 917 911 912
1 3600 593
12
2412 2416 317 318 442 915 912 897 894 945 946 998
1 3600 593
21
819 820 890 1564 1580 1582 1819 1575 1572 1589 327 322 344 535 531 528 1570 687 682 413 408
1 3600 593
23
2175 2159 893 890 1562 967 962 1729 1695 1291 763 764 1703 1698 1724 249 252 955 952 987 984 2362 293
1 3600 593
9
2478 1799 619 612 2133 647 642 1387 631
1 3600 593
24
1561 1558 393 357 354 331 328 1570 351 305 302 1277 1278 951 948 2360 987 984 977 980 998 635 632 1006
1 3600 593
17
2336 1847 591 592 2142 637 511 495 469 470 2478 2427 441 442 915 912 1034
1 3600 593
11
641 133 130 606 1808 1906 2141 2138 2199 2200 361
1 3600 593
17
521 524 1530 2133 647 642 1387 1001 1002 633 634 999 981 976 2362 2364 799
1 3600 533
24
2199 1587 1584 1821 1575 1572 1589 327 322 344 535 532 397 400 1234 1724 1669 1670 2269 2270 2007 2008 2447 2444
1 3600 1544
29
1579 1576 963 966 1683 83 80 759 760 841 838 1388 1642 1769 1766 53 50 147 148 155 156 1011 463 460 2191 1721 1717 1718 27
1 3600 812
20
825 826 880 882 1761 1764 2173 2170 1063 1055 1060 2163 1659 1656 599 600 1946 1948 1953 1954
1 3600 564
22
316 2417 2413 2414 2199 1587 1584 1731 969 581 582 83 80 759 756 844 1383 1384 681 676 1105 1099
1 3600 564
12
2144 493 488 877 819 820 889 843 837 838 1388 1640
1 3600 564
33
1561 733 730 705 345 342 762 1245 1246 2182 2185 2186 2418 1645 1637 1423 281 282 1399 1395 211 208 1377 1378 1384 681 676 1109 1103 1099 1096 1958 1960
1 3600 587
10
2166 2489 1889 875 819 820 889 843 757 754
1 3600 587
14
1890 1921 1579 1576 963 964 581 57 60 80 1639 1636 1644 1931
1 3600 587
11
2159 1665 1635 887 843 757 758 1639 1636 1644 1931
1 3600 587
26
2479 501 498 2417 2275 2276 1797 1281 1276 303 304 350 1571 1568 1707 1704 2054 2045 1441 1427 1411 1405 1401 1399 181 184
1 3600 587
16
2275 2276 1797 1281 309 312 401 394 1702 1704 2056 1249 1246 2182 553 545
1 3600 587
14
1889 875 819 820 890 1562 1683 583 57 54 1934 1909 1910 1924
1 3600 587
10
2143 593 596 1918 1587 1584 1731 969 581 57
1 3600 488
14
820 890 1564 1580 1582 1819 1575 1572 1291 763 343 344 704 527
1 3600 488
10
737 738 733 325 322 342 762 1245 1246 2182
1 3600 488
14
595 596 1579 1576 1729 1695 1291 1245 1248 2483 2039 1593 1594 2049
1 3600 572
19
614 917 911 912 1034 137 134 1184 983 986 953 954 253 248 1669 1670 1515 1512 117
1 3600 1544
25
501 321 318 442 915 912 1034 683 684 2051 2052 1595 1596 1441 1431 1428 1436 1927 1911 1537 1503 49 50 150 2236
1 3600 1544
20
2199 1587 1581 1576 963 964 581 57 54 1934 2262 2347 1365 1360 1357 43 44 158 162 1345
1 3600 1544
14
2177 1063 1064 1837 1834 1899 1547 1548 423 420 1045 1046 169 170
1 3600 1404
23
498 2417 2275 2276 1797 433 430 349 346 686 399 394 1700 2051 2047 1445 1442 2065 2066 2460 1375 1195 1192
1 3600 1544
24
509 510 636 2143 2138 2199 2200 737 734 337 334 362 376 371 374 2059 2054 2037 1593 1594 2049 1445 1442 2069
1 3600 1544
33
1762 1977 1974 1843 1844 2137 1921 1918 2200 361 341 334 362 380 373 374 2059 2054 2037 1593 1594 1651 1648 1465 515 516 578 1486 2333 1521 1522 565 562
1 3600 1544
33
690 373 333 328 1570 687 682 413 408 894 945 942 899 902 711 706 749 750 727 587 584 285 288 297 300 41 38 271 272 1147 31 34 1130
1 3600 1544
30
689 379 363 335 336 735 736 2201 1919 597 594 1543 1540 1525 455 450 2319 2320 719 667 664 103 67 62 1989 285 286 2085 1967 41
1 3600 593
14
913 910 916 615 616 1545 1540 639 640 810 822 864 1752 2309
1 3600 572
16
136 1035 913 910 645 648 711 708 922 930 1033 1027 1028 1675 701 702
1 3600 572
12
1000 1386 643 646 2132 1531 1534 1545 1540 1525 455 450
1 3600 572
25
2323 411 408 896 913 914 443 440 2425 1801 497 494 510 636 2300 1907 1809 607 131 128 809 775 770 862 2312
1 3600 675
15
353 354 331 328 1570 687 682 413 408 894 945 942 899 902 711
1 3600 675
5
2364 799 800 829 830
1 3600 675
12
310 2061 1895 1892 2353 2354 2366 799 794 813 814 860
1 3600 675
7
913 910 645 648 711 706 749
1 3600 675
13
2360 987 982 1726 1852 971 945 942 643 646 2134 1021 1022
1 3600 675
15
1797 1794 1892 2353 2354 2366 2365 293 294 1599 813 805 806 858 860
1 3600 675
6
1184 983 797 800 829 830
1 3600 490
5
1850 2362 1627 1615 1612
1 3600 490
5
902 711 706 920 2042
1 3600 1544
39
690 373 333 328 1568 1707 1704 2056 1249 1246 2115 2111 2112 1933 1928 1917 1912 2345 1365 1360 1357 43 44 141 142 2245 2227 847 848 21 22 13 10 1353 1350 1335 1325 1326 1631
1 3600 1404
37
412 683 684 2051 2052 1595 1596 1441 1427 1424 1433 1403 1406 279 282 1397 1394 181 182 1372 1381 1377 1378 1384 681 676 1111 1095 487 482 506 2476 2189 1721 1722 1265 1262
1 3600 630
42
2369 1115 907 904 1128 291 292 2363 985 986 2361 949 954 993 990 994 1459 1449 1450 449 446 1411 1405 1406 1412 1416 1637 755 756 842 886 1634 1551 1546 1900 1941 1938 1307 1301 1298 1283 1284
1 3600 630
28
303 304 350 1571 529 526 705 345 323 326 1588 1694 969 965 966 1563 891 821 816 2174 1661 1658 1833 1825 1813 1814 1830 1840
1 3600 725
22
895 409 412 683 686 1571 529 530 534 345 342 762 1290 1573 1574 1820 1585 1581 1565 891 892 2158
1 3600 725
10
898 643 644 916 1528 1531 525 520 636 2300
1 3600 725
4
443 319 320 500
1 3600 725
14
335 336 735 736 2201 1919 597 592 2140 1907 1543 603 131 128
1 3600 725
13
635 632 1003 1000 1386 643 644 916 615 616 1545 1540 1539
1 3600 725
13
986 2361 1893 1795 1796 2277 2274 2413 2414 2139 2140 1907 1543
1 3600 725
13
2323 411 408 896 913 914 443 440 2426 2479 471 468 494
1 3600 725
9
1796 2277 2274 2413 2414 2139 593 590 1846
1 3600 725
8
1852 979 980 947 942 643 646 2132
1 3600 725
8
408 894 945 942 899 902 926 1602
1 3600 725
12
135 136 1035 913 910 916 615 616 1545 603 131 132
1 3600 725
11
689 379 363 335 340 360 2201 1919 1920 2136 2202
1 3600 725
19
896 913 914 443 440 2425 1801 497 494 510 636 2300 1907 1809 611 608 779 780 881
1 3600 725
8
916 615 616 1545 1540 639 640 810
1 3600 725
14
335 336 735 736 2201 1919 1920 2136 491 492 2145 1975 853 779
1 3600 725
17
1994 2352 949 950 1279 1276 2264 349 350 1571 329 330 355 356 392 1559 739
1 3600 725
12
916 1528 1531 1532 519 520 636 2300 1907 1543 1540 1525
1 3600 725
14
1801 497 494 510 636 2143 593 590 1844 2137 1891 877 872 2175
1 3600 725
26
292 2364 2367 2355 2352 1893 1894 2060 311 312 401 396 533 534 345 323 326 1588 1694 1728 1577 1578 1920 2136 1845 1846
1 3600 725
12
2371 1115 907 904 1128 1681 635 630 1386 643 646 2132
1 3600 583
9
1276 303 304 346 682 1035 913 910 645
1 3600 583
10
789 381 363 335 340 358 430 2265 1277 1278
1 3600 583
6
442 915 912 897 894 970
1 3600 583
12
253 248 1725 1699 395 396 1569 329 332 372 691 688
1 3600 677
11
337 340 358 432 1794 1892 2353 2109 1629 1624 2372
1 3600 677
13
2195 139 134 1184 983 986 2361 2353 1995 1992 2002 2008 2459
1 3600 677
12
1277 1278 951 948 2353 2109 1629 1624 2372 2382 2386 2379
1 3600 677
8
945 946 998 1680 1129 1069 1072 2374
1 3600 677
15
333 328 1568 397 400 1234 1724 1669 1670 2269 2270 2007 2008 2447 2448
1 3600 677
6
290 1129 905 908 2394 2391
1 3600 677
12
980 998 1680 1129 1069 1072 2376 1859 1621 1622 2022 2470
1 3600 677
21
353 354 331 328 1568 397 400 313 310 2061 951 952 987 984 2362 1627 1624 2372 2384 2395 2396
1 3600 677
3
998 1680 1129
1 3600 677
13
2323 2195 1187 1184 1726 1850 2362 1627 1615 1612 1622 2022 2470
1 3600 677
10
1007 633 634 1680 1129 1069 1070 2101 2104 2387
1 3600 1544
30
412 683 686 399 396 1707 1704 2054 2045 1441 1431 1428 1436 1927 1911 1537 1503 49 50 150 2225 113 114 1685 21 22 13 8 1354 2213
1 3600 1544
33
633 634 999 981 976 985 986 953 954 993 990 996 1461 1462 1453 479 476 1442 2065 2066 2460 1375 1195 1192 1214 1505 49 50 147 148 2250 485 480
1 3600 593
24
686 399 394 1702 765 762 1245 1246 2115 2111 543 69 70 2418 1645 1637 755 756 844 1371 77 78 1044 427
1 3600 679
21
1797 1281 309 312 1234 1699 1700 2051 2052 1595 1596 1441 1427 1424 1433 1409 1405 1406 1412 1418 1420
1 3600 679
18
944 895 409 412 683 686 1571 529 526 705 345 342 762 1290 1573 1574 1818 1583
1 3600 679
14
789 381 376 402 331 328 529 526 731 325 326 1588 1694 1730
1 3600 679
21
976 2362 2364 2367 1997 1998 975 961 956 1649 1650 1595 1592 2038 2482 1249 1244 1290 1573 1574 1820
1 3600 675
9
911 912 1034 683 347 350 399 394 1698
1 3600 675
13
949 950 2060 251 248 989 990 996 1650 1595 1592 2038 2482
1 3600 675
6
1034 683 684 2051 2052 1595
1 3600 675
4
430 349 350 1571
1 3600 675
8
430 349 346 684 2051 2047 1445 477
1 3600 675
7
985 986 953 950 1279 309 312
1 3600 675
10
349 350 1571 1568 1707 1704 2056 1249 1246 2182
1 3600 675
12
898 943 944 895 409 412 683 686 399 396 1707 1704
1 3600 675
17
410 2195 1187 1184 983 986 2361 2353 1995 1998 1673 973 961 956 1649 1461 1449
1 3600 686
16
291 292 2364 2367 1997 1998 1673 1670 1515 1512 1516 1793 1783 1776 1784 1788
1 3600 686
25
1005 1002 633 634 999 981 978 1853 1727 983 986 953 954 993 990 996 1648 1465 515 516 577 572 623 624 2496
1 3600 686
18
291 292 2364 2367 2355 1995 1998 975 961 958 1467 1455 1456 1480 1489 1486 2333 1521
1 3600 686
9
1277 309 310 251 248 1669 1670 2269 2270
1 3600 1544
30
993 990 994 1459 1462 1453 479 474 1428 1433 1403 1401 1397 211 212 841 838 1388 1642 1978 2410 53 50 147 148 155 156 2099 2096 127
1 3600 1544
36
349 350 1571 529 530 534 345 342 762 1245 1246 2182 2185 2186 2193 1647 1417 1418 281 282 1399 181 182 109 110 1046 679 676 1111 1095 1090 2258 145 148 155 156
1 3600 1544
28
898 643 644 911 914 443 319 316 2417 2413 2414 2199 1587 1581 1565 1562 1683 83 80 759 756 844 1371 77 78 1046 169 170
1 3600 1544
18
139 136 683 684 2051 2052 2049 1445 1442 2069 2070 2076 2460 1375 1195 1192 1214 1505
1 3600 1287
12
251 248 989 990 996 1461 1449 1450 449 444 1442 2065
1 3600 1544
20
954 253 248 1669 973 961 956 1465 515 516 578 1486 415 416 2222 197 194 1991 571 566
1 3600 1544
28
906 1112 2103 1617 1601 813 805 802 1610 693 694 708 922 928 936 727 587 584 285 286 97 100 216 1758 271 272 1147 1137
1 3600 1544
31
1858 2377 1073 1068 1128 1681 635 632 1003 901 902 926 1604 673 670 1017 1012 1024 787 723 720 769 65 62 1989 285 288 2078 2090 2094 2291
1 3600 1544
25
2378 2105 1617 1601 813 805 802 1609 697 694 708 922 930 1033 1027 787 723 667 660 105 67 62 1989 285 288
1 3600 812
15
1073 1068 1128 1681 635 632 1003 901 902 926 1604 673 670 1017 1018
1 3600 266
6
2381 2378 2105 1617 1601 1598
1 3600 467
8
2396 2398 2393 2375 1863 1621 1622 2024
1 3600 467
6
2446 2009 2003 2004 2106 1855
1 3600 467
12
1629 1626 2363 977 980 947 942 643 648 711 706 920
1 3600 1544
43
2397 2394 2385 2373 1625 1628 2005 1993 1998 975 961 956 1649 1461 1462 1453 449 446 1411 1405 1406 279 282 1397 211 208 1377 1378 1384 681 676 1105 1099 1100 2324 2342 2405 1965 1962 2117 1265 1260 2502
1 3600 1544
33
2385 2373 1625 1628 2108 2352 1893 1894 2060 311 312 401 396 533 534 345 323 326 1588 1694 969 965 966 1563 891 892 1665 1551 1546 1900 1941 1938 1307
1 3600 1544
32
909 904 1128 1681 999 981 978 971 895 896 913 914 443 319 320 473 468 494 510 636 2300 1907 1809 611 608 852 871 868 2164 2166 1057 1060
1 3600 406
11
2397 909 904 1128 1681 635 630 1386 643 646 2134
1 3600 447
7
2373 1625 1626 2363 1851 1727 1185
1 3600 447
14
2470 2453 2449 2446 2009 2003 1993 1994 2352 1893 1795 433 359 341
1 3600 447
7
909 904 1128 1681 635 632 1003
1 3600 447
12
2108 2352 949 950 1279 1276 303 304 350 1571 329 332
1 3600 447
10
908 2394 2385 2373 1625 1628 2108 2352 1893 1894
1 3600 447
10
1625 1626 2363 985 986 2361 1893 1795 433 359
1 3600 447
6
1629 1626 2363 977 980 998
1 3600 447
11
1128 291 292 2364 2367 2355 2352 949 950 2060 311
1 3600 447
7
2023 1623 1613 1601 795 796 986
1 3600 447
7
2394 2385 2373 1625 1626 2363 985
1 3600 351
8
2373 1625 1628 2005 2002 2008 2447 2444
1 3600 1544
29
1628 2005 1993 1998 1673 1670 1475 1470 1518 419 416 2222 197 192 1986 2467 2437 2434 2473 1367 717 714 1226 1357 43 44 141 142 2245
1 3600 1544
31
1993 1998 1673 1668 1725 1699 1702 765 762 1290 1573 1574 1818 1583 1581 1565 891 821 816 2174 1661 1656 599 600 1946 1948 1953 1954 2342 1687 1688
1 3600 1544
26
2445 2446 2009 2006 2271 2268 1475 1472 2332 2359 2357 1885 1882 2010 2282 2467 2464 2473 1367 717 714 1226 1357 1358 1771 1766
1 3600 736
21
909 904 1128 291 292 2364 2367 1997 1998 975 961 956 1649 1650 1595 1596 1441 1431 1428 1433 1434
1 3600 417
14
909 904 1128 291 292 2363 985 986 953 954 993 990 996 1461
1 3600 417
17
2385 2373 1625 1628 2108 2352 949 950 1279 1276 303 304 346 686 1571 529 526
1 3600 432
11
2458 2009 2006 2428 2438 2089 1485 1482 1477 1470 1522
1 3600 432
8
2378 2105 2100 1625 1628 2005 2002 2006
1 3600 432
19
2105 1617 1601 795 798 2367 2355 2352 949 954 253 248 1669 1670 1515 1512 621 624 2498
1 3600 432
23
1070 1625 1626 2364 2367 1997 1998 975 961 958 1467 1455 1456 1480 1489 1486 415 416 2222 197 194 1991 571
1 3600 1544
38
2388 2375 1073 1068 1128 291 292 2363 985 986 953 954 253 248 1725 1699 1702 1704 2056 1249 1246 2115 555 545 69 72 1928 1917 1912 2345 1365 1360 1357 43 44 141 123 124
1 3600 1544
43
1861 1858 2103 2100 1625 1628 2005 1993 1998 1673 1668 989 990 994 1459 1449 1450 479 476 1442 1439 1427 1424 1433 1409 1405 1401 1399 181 184 841 838 1390 1383 1384 681 676 1111 1095 487 482 502 2252
1 3600 1544
22
2449 2446 2009 2006 2271 2268 1475 1476 575 576 517 512 1453 479 474 1428 1436 1927 1911 1537 1503 49
1 3600 1544
28
1626 2363 1851 1727 1185 135 136 683 686 399 394 1702 765 762 1245 1246 2115 2111 2112 1933 1930 1645 1417 1414 1911 1908 2262 2462
1 3600 1544
21
2453 2450 2458 2009 2006 2428 2438 2089 1485 1482 1477 1472 2332 2359 2357 1885 1880 2013 2010 2282 2467
1 3600 1544
24
2386 2105 1617 1601 795 796 986 2361 949 954 993 990 996 1648 1465 515 516 578 1486 2333 1521 1522 565 562
1 3600 772
12
18 1353 1350 1335 1336 1207 87 84 1204 2205 1139 1142
1 3600 1103
18
1684 1718 27 15 5 2 2209 1329 1330 1049 229 230 1250 199 187 188 175 176
1 3600 1544
20
1718 2219 2217 2209 1329 1324 1336 1207 87 88 94 1200 2123 2120 1745 1742 217 101 96 2085
1 3600 1544
40
2 2216 2218 1719 1685 849 846 2228 143 140 45 42 1356 1361 1364 2346 2263 1935 55 56 580 965 962 1577 1580 1586 2198 2415 2412 2416 317 314 1799 619 612 2133 1607 1604 673 670
1 3600 1544
28
14 28 151 51 48 1502 1536 1910 1926 1437 1425 447 448 1451 1448 1460 1648 957 960 972 1672 1999 1996 2366 799 800 834 1609
1 3600 1544
32
143 140 45 42 1356 1361 1364 2344 1213 1193 1194 1374 2461 2077 2071 2068 1443 445 448 1452 1463 1458 995 991 988 1669 1672 1999 1992 2004 2106 1855
1 3600 322
9
29 15 5 2 2209 1329 1326 1631 1591
1 3600 322
9
1685 21 22 13 8 1354 2213 1335 1332
1 3600 257
11
23 20 1684 1716 1720 2188 1711 1689 1690 2407 1965
1 3600 671
26
2229 847 848 1684 1718 2219 2217 2209 2206 1317 1318 2303 2155 2153 2150 2149 1181 243 240 1171 1163 1151 1148 1158 1053 539
1 3600 1544
34
3 4 14 26 1719 1716 1720 2188 2477 507 483 486 1094 1110 677 680 1385 1382 845 757 758 81 82 1682 967 962 1577 1578 597 592 2142 637 521 518
1 3600 1544
38
12 23 20 1684 115 112 2224 151 51 52 2411 1979 1643 1389 839 840 213 210 1396 1400 1404 1408 1432 1429 475 478 1451 1448 1460 997 991 992 955 952 987 982 1726 1852
1 3600 1544
39
2212 1355 1352 11 12 24 2226 2244 143 140 45 42 1356 1227 715 716 1366 2472 2435 2436 2466 2283 2011 2012 2231 2223 417 418 2330 1473 1476 1483 1484 2088 2439 2429 2007 2008 2447
1 3600 309
3
1719 1685 849
1 3600 421
12
23 20 1684 1716 1720 2190 461 462 1008 1713 1714 2178
1 3600 421
13
9 12 24 2228 143 123 126 2097 467 464 1711 1714 2180
1 3600 421
18
12 23 20 849 846 2226 2244 143 123 124 1340 2246 2097 2098 157 152 503 504
1 3600 421
8
2224 151 147 148 2250 485 482 504
1 3600 421
4
23 20 1684 1716
1 3600 421
9
143 123 126 2097 2098 1011 1008 1713 1714
1 3600 441
11
847 848 1684 115 112 2224 151 51 52 2411 2197
1 3600 1544
23
1716 1720 2188 2477 507 483 486 1094 1110 677 680 1385 1382 845 757 758 81 61 56 580 968 1730 1821
1 3600 1544
22
24 2228 143 140 45 42 1356 1361 1364 2344 1913 1916 1929 73 68 544 552 2183 1247 1244 1290 1589
1 3600 1544
23
20 1684 115 112 2224 151 51 48 1504 1215 1193 1194 1374 2349 2350 2285 2011 1883 1884 2356 2358 2333 1521
1 3600 315
5
4 14 28 2236 2240
1 3600 367
7
2226 2244 143 123 126 2097 2098
1 3600 1544
17
1719 1716 1720 2190 461 464 2477 507 483 486 1094 1107 1108 677 678 169 170
1 3600 1544
14
1351 1352 19 20 849 846 2228 143 140 45 42 1356 1361 1364
1 3600 1544
18
2 2216 17 14 28 151 51 48 1504 1982 2344 1225 715 716 1366 2472 2465 2466
1 3600 1544
22
2218 1719 1685 849 846 2226 2244 143 140 45 42 1356 1227 715 716 1366 2472 2435 2436 2466 1987 193
1 3600 965
16
2342 2405 2179 2147 2117 1265 1266 2153 1079 1074 177 174 1220 205 202 1230
1 3600 858
14
485 482 506 2476 2189 1721 1722 1265 1262 1270 1079 1074 1190 1219
1 3600 1188
11
464 1711 1714 2147 2033 2034 1287 1282 1299 1302 1165
1 3600 1544
23
1008 1713 1689 1686 2343 1955 1952 1949 1947 601 598 1897 1547 1548 1556 659 656 702 105 102 712 768 589
1 3600 1544
38
483 480 1692 1955 1952 1949 1947 601 598 1657 1658 2162 2487 1065 1062 2176 2402 1765 1760 855 609 610 1808 1906 2301 637 511 508 1535 1530 2133 1607 1604 941 935 925 709 706
1 3600 1544
25
153 154 149 144 2259 1091 1094 1110 677 678 1047 1044 421 422 1556 659 655 652 700 1674 1029 1025 1022 2028 2042
1 3600 336
8
2147 2117 1265 1260 2207 1329 1324 1332
1 3600 243
8
503 506 2476 465 460 2191 1721 1722
1 3600 243
5
1713 1714 2147 2033 2034
1 3600 203
14
463 464 1711 1689 1686 1305 1306 1939 1940 1901 1898 1835 1836 1065
1 3600 643
20
2343 2325 1101 1087 1088 1552 1939 1940 1901 1898 1905 1902 1811 1816 855 609 610 1808 1906 2301
1 3600 1544
32
1008 507 483 486 1094 1107 1108 677 680 1385 1379 1376 209 210 1394 1398 283 278 1407 1404 1410 1426 1440 1597 1594 1651 1648 957 960 974 1999 1994
1 3600 1544
37
2190 461 462 1010 157 154 149 146 51 52 2411 2197 1067 1047 111 108 183 180 1398 1400 1404 1410 447 448 1452 1463 1460 997 991 988 249 252 955 948 2353 2109 2106
1 3600 213
9
506 2476 2189 1721 1717 1685 21 22 13
1 3600 213
6
466 2096 127 122 142 2245
1 3600 213
5
1721 1717 1685 21 22
1 3600 302
3
1691 1688 1710
1 3600 263
9
1689 1686 1305 1306 1939 1940 1901 1547 1548
1 3600 263
12
2178 2404 2343 2325 1101 1098 1104 677 678 1066 1973 1968
1 3600 263
12
2343 1955 1952 1949 1947 601 598 1897 1547 1550 1635 1632
1 3600 263
4
2343 2325 1101 1098
1 3600 263
12
1687 505 483 484 2251 149 146 51 52 1767 1768 1971
1 3600 417
16
481 486 1094 1110 677 680 1385 1382 1391 839 840 761 758 81 61 58
1 3600 1404
17
1010 157 154 149 146 51 48 1502 1536 1910 1926 1437 1429 1430 1440 1597 1594
1 3600 1544
33
2477 507 483 486 1094 1107 1108 677 680 1385 1379 1376 209 210 1396 283 278 1407 1402 1432 1429 475 478 1451 1446 1456 1478 1484 1499 1497 1494 1783 1776
1 3600 671
6
1717 115 112 2224 2236 2242
1 3600 175
8
2406 1691 505 502 153 156 2099 2096
1 3600 551
10
483 484 2251 149 146 51 52 1767 1770 2408
1 3600 1404
13
2325 1101 1098 1104 677 678 1066 1973 1968 1980 1363 1364 1983
1 3600 1544
16
153 154 149 144 163 159 45 42 1356 1361 1364 2344 1213 1193 1194 1374
1 3600 1544
37
1692 1955 1952 1949 1947 601 598 1897 1547 1548 429 426 1045 111 108 183 180 1398 1400 1404 1408 1432 1425 1426 1438 2069 2070 2074 2350 2285 2011 2012 2231 197 194 551 548
1 3600 1404
22
1548 1556 1829 1830 541 538 1052 1159 1156 1166 1173 1170 241 242 1182 1191 1188 1199 95 89 86 1208
1 3600 908
16
75 78 1044 421 424 428 1556 1829 1830 541 538 1052 2118 1041 1038 1922
1 3600 812
14
168 1047 1044 427 428 1556 659 656 702 105 67 62 1989 285
1 3600 1103
20
1633 887 888 821 818 876 489 492 2145 1975 853 779 776 879 827 822 862 793 663 660
1 3600 1544
31
1979 1643 1389 839 836 757 758 81 82 1682 1563 1564 1580 1586 2198 2415 2412 2416 317 314 1799 619 612 2133 1607 1604 941 935 925 709 706
1 3600 1544
29
1368 1370 845 757 754 1636 1646 2192 2187 2184 2183 1247 1248 2057 1705 1703 1698 1235 313 308 1280 1794 1892 2353 2354 2366 2365 1627 1615
1 3600 965
15
1969 1972 2196 2410 53 50 150 29 15 5 2 2209 1329 1324 1332
1 3600 447
10
2324 2342 2405 1965 1962 2117 1265 1266 1081 1076
1 3600 447
16
2261 2258 145 148 155 156 1011 463 460 2191 1721 1722 1265 1262 1270 2150
1 3600 426
14
1096 1945 627 628 601 598 1657 1658 1833 1825 1813 1814 1830 1838
1 3600 426
5
1549 1546 1898 1905 1902
1 3600 426
14
1971 1972 1067 1047 1044 421 422 1549 1546 1896 1657 1658 2162 2487
1 3600 426
7
110 1044 427 428 1556 1829 1830
1 3600 426
15
1373 109 110 1044 421 422 1549 1546 1898 1905 1902 1811 1814 1830 1838
1 3600 347
15
75 76 1370 845 842 888 821 818 874 1888 2488 2167 2165 869 870
1 3600 347
23
2261 1091 1094 1107 1103 1099 1087 1082 1937 1940 1901 1896 1657 1662 1869 1059 1056 2167 2165 2031 1977 1974 1843
1 3600 533
26
2287 1961 1951 1947 601 598 1657 1660 2175 2159 893 890 1562 967 964 968 1695 1291 763 764 1703 1698 1724 1669 1672 1999
1 3600 1544
44
2261 1091 1094 1110 677 680 1385 1382 1391 839 840 213 210 1396 283 280 1419 1416 1644 1931 1932 2113 2110 2114 1247 1248 2057 1705 1706 397 398 351 348 2265 1277 1278 951 948 2360 987 984 2362 1627 1624
1 3600 533
11
887 843 837 838 1388 1642 1769 1766 53 50 150
1 3600 429
12
74 1378 1384 681 676 1109 1106 1095 487 482 504 1690
1 3600 429
12
1381 1377 1378 1384 681 676 1105 1099 1100 2324 2342 2405
1 3600 429
6
1046 679 676 1111 1095 487
1 3600 429
17
424 428 1549 1546 1896 599 600 1946 1948 1953 1954 2342 1687 1688 1712 2476 2189
1 3600 429
10
1044 421 422 1549 1546 1900 1941 1938 1307 1304
1 3600 429
13
424 428 1549 1546 1896 599 600 1946 1948 1956 2286 2324 2342
1 3600 429
10
1378 1384 681 676 1109 1106 1095 487 482 504
1 3600 401
6
1389 839 836 842 886 1634
1 3600 401
5
2197 1067 1047 1044 427
1 3600 480
15
1380 1392 1389 839 840 761 758 81 82 583 580 968 1730 1585 1582
1 3600 480
7
1643 1389 1390 845 757 758 81
1 3600 480
15
1104 677 680 1385 1379 1376 209 210 1396 283 280 1422 1636 1644 2419
1 3600 480
5
1385 1379 1376 209 210
1 3600 480
3
839 840 761
1 3600 480
8
887 843 757 760 185 180 1398 283
1 3600 480
25
1961 1959 1945 1942 1937 1940 1901 1547 1548 423 420 1045 79 76 1370 845 757 754 1636 1646 2192 71 68 544 554
1 3600 480
14
1641 1393 1373 183 180 1398 283 280 1419 1416 1644 2419 71 68
1 3600 480
12
1359 1356 1361 1364 2344 1913 1916 1929 1932 2113 2110 555
1 3600 480
12
1767 1768 1971 1968 1980 1363 1364 2346 2263 1909 1910 1415
1 3600 480
4
1389 839 840 213
1 3600 336
17
108 183 180 1398 1400 1404 1410 1426 1440 2044 2055 2058 375 370 402 355 356
1 3600 1287
23
1973 1970 1769 1770 1359 1356 1227 715 716 1366 2472 2465 2466 2283 2011 1883 1880 2221 417 418 1519 1471 1476
1 3600 1544
13
678 1066 2196 2410 53 50 147 148 155 156 2099 2096 127
1 3600 322
6
1978 2410 53 50 147 144
1 3600 454
5
1104 677 678 169 172
1 3600 454
5
109 110 1046 169 172
1 3600 359
12
1633 887 843 757 754 1423 1420 1910 1924 1917 1912 1213
1 3600 1188
14
2261 2258 163 159 45 42 1356 1227 715 716 1366 2472 2435 2432
1 3600 1544
25
1045 111 108 183 180 1395 1396 283 278 1407 1402 1432 1429 1430 1438 2069 2070 2074 2350 2285 2011 2012 2231 197 192
1 3600 1544
30
759 756 842 888 892 2158 2174 1661 1658 1833 1825 1813 1814 1830 1840 1867 1051 1052 1159 1149 235 238 1774 263 260 1741 1742 217 214 2340
1 3600 1544
28
59 56 580 965 962 1577 1578 597 594 1543 1540 1525 455 450 2315 2311 793 663 664 712 65 62 1989 285 286 97 98 2126
1 3600 965
25
1645 1637 755 756 842 888 821 818 874 1886 1869 1059 1054 1062 2171 1823 1813 1814 1830 541 538 1052 1159 1149 1152
1 3600 812
20
2193 1647 1637 1638 81 82 1682 1563 1564 1580 1586 2198 2139 2142 637 521 518 1805 1802 1021
1 3600 1103
15
1585 1586 2198 2415 2412 2416 317 314 1799 619 612 2133 1607 1604 941
1 3600 1544
22
1934 1909 1910 1926 1437 1425 447 448 1451 1446 1456 1478 1484 2088 2439 2429 2007 2008 2459 2456 2023 2024
1 3600 1544
26
80 759 756 842 886 1634 1551 1546 1900 1941 1938 1307 1301 1298 435 436 385 367 368 1259 1254 1314 1318 2303 2297 2298
1 3600 701
31
756 842 888 821 818 874 1888 1871 1059 1054 1064 1837 1825 1813 1814 1830 541 538 1052 2118 1165 1166 1173 1168 1174 241 242 1180 1077 1078 2152
1 3600 347
10
208 1377 1378 1384 681 676 1105 1099 1096 1958
1 3600 347
6
1563 891 892 1665 1666 2490
1 3600 483
17
756 842 888 821 818 876 1890 2136 1845 591 592 2142 637 511 495 469 472
1 3600 483
24
1435 1432 1429 1430 1440 1597 1594 2053 2050 685 347 348 431 432 1796 2277 2274 2416 499 473 468 494 508 1535
1 3600 483
4
1563 891 892 2158
1 3600 483
18
1396 283 280 1422 1636 1646 2192 2187 2184 2183 1247 1244 763 343 323 324 732 739
1 3600 483
7
1418 1422 755 756 842 888 821
1 3600 483
13
82 1682 967 962 1577 1578 597 592 2140 2301 637 511 495
1 3600 472
17
1398 1400 1404 1410 1426 1438 1443 1444 2048 2053 2050 685 682 413 408 894 945
1 3600 472
20
55 56 580 968 1695 1589 327 322 344 535 532 397 400 313 310 2061 951 952 987 797
1 3600 472
17
2114 1247 1248 2057 1705 1703 395 398 687 682 413 408 894 945 942 1387 1001
1 3600 965
27
1421 1419 1413 1407 1402 1432 1429 475 478 1452 1463 1460 1648 957 960 974 1999 1996 2366 2365 293 290 1129 1069 1070 2372 2384
1 3600 1544
12
1423 1420 1908 2262 2347 1365 1360 1357 43 44 141 142
1 3600 498
16
1647 1417 1414 1911 1537 1503 49 50 147 148 155 156 2099 467 462 1008
1 3600 495
13
1647 1637 1423 281 282 1397 211 212 841 838 1388 1642 1978
1 3600 495
15
1405 1406 279 282 1399 181 184 841 838 1390 1383 1384 681 676 1109
1 3600 495
11
2418 1645 1637 755 756 844 1383 1384 681 676 1111
1 3600 495
10
1925 1415 1418 281 282 1399 181 182 109 110
1 3600 495
8
59 60 80 759 756 844 1371 77
1 3600 495
6
55 60 80 759 756 844
1 3600 495
9
582 83 80 759 756 844 1371 77 78
1 3600 495
20
1730 1585 1581 1578 1920 1891 877 872 1661 1656 599 600 629 626 1944 1097 1098 1102 1106 1095
1 3600 495
9
59 60 80 759 756 844 1371 77 78
1 3600 495
12
61 54 1934 2262 2347 1365 1362 1981 1969 1972 1067 169
1 3600 495
13
886 1634 1551 1546 1900 1941 1938 1553 1089 1086 1098 1102 1106
1 3600 367
3
1406 1412 1418
1 3600 367
10
212 761 758 81 61 56 580 968 1730 1585
1 3600 469
13
754 1636 1644 2419 2187 2184 2183 1247 1244 763 764 1706 397
1 3600 469
6
1646 1435 1432 1425 1426 1438
1 3600 469
9
1931 73 68 544 552 2183 1247 1248 2057
1 3600 469
9
55 56 580 968 1695 1291 763 764 1703
1 3600 469
12
754 1636 1644 1931 1932 2113 2110 2114 1247 1248 2057 1705
1 3600 469
6
1910 1926 1437 1429 1430 1440
1 3600 469
13
55 56 580 968 1730 1821 1575 1572 1291 763 764 1703 1698
1 3600 469
10
180 1398 283 278 1407 1404 1410 1426 1438 1443
1 3600 469
10
1639 1636 1646 1435 1432 1425 1426 1440 1597 1592
1 3600 469
16
1395 1396 1400 1404 1408 1432 1425 447 448 1451 1448 1458 995 991 988 249
1 3600 469
6
1644 2419 2187 2184 2183 1247
1 3600 469
15
278 1407 1402 1432 1429 1430 1440 2044 2055 2058 375 370 402 355 356
1 3600 359
22
1582 1819 1575 1572 1291 1245 1248 2483 2039 1593 1594 1651 1648 1465 515 516 577 574 1477 1470 1522 2326
1 3600 1544
17
69 72 1928 1917 1912 2345 1365 1360 1357 43 44 158 162 145 146 150 2236
1 3600 1030
19
1583 1581 1565 891 821 816 2174 1661 1656 599 600 1309 1304 1687 1688 1710 465 466 2096
1 3600 467
14
1683 83 80 759 760 841 838 1388 1642 1971 1972 1067 169 172
1 3600 498
5
61 54 1934 2262 2347
1 3600 498
11
757 758 1639 1423 1419 1414 1924 1917 1912 2345 1983
1 3600 498
9
969 581 57 54 1934 2262 2347 2344 1225
1 3600 351
12
1419 1413 1407 1404 1410 447 448 1452 513 514 1466 1468
1 3600 1030
15
1917 1912 1225 715 716 1366 2472 2435 2436 2466 1987 1984 1990 551 546
1 3600 1544
40
972 1668 249 250 311 308 1280 1796 2277 2274 2416 499 473 468 494 508 1535 525 522 1807 1802 1021 1024 787 723 720 769 65 62 1989 285 286 2124 2294 1751 1741 1744 2121 2122 1201
1 3600 1544
26
1560 2233 2234 2201 1919 597 594 1809 607 131 132 640 775 770 864 1754 2307 1867 1051 1052 2118 1165 1166 1177 233 236
1 3600 1544
15
398 687 682 1035 913 910 645 648 711 708 922 930 1033 1027 1028
1 3600 1030
18
249 252 955 948 2360 987 982 1726 1852 971 945 942 899 902 926 1604 673 670
1 3600 858
16
1559 733 730 527 528 1570 687 682 1035 913 910 645 648 711 708 924
1 3600 1287
18
327 322 344 704 527 528 1570 687 682 1035 913 910 645 648 711 706 920 2040
1 3600 1544
38
2481 2482 1249 1244 1290 1573 1574 1818 1583 1586 2198 2139 2140 1907 1543 1540 1539 1527 455 452 772 2311 2312 2309 2215 1865 1051 1052 2118 1041 1042 245 242 1180 2148 2151 2152 2154
1 3600 1544
24
526 731 732 739 736 2201 1919 1920 1891 877 874 1886 1663 1656 599 600 1309 1301 1297 459 439 436 385 382
1 3600 551
25
1885 1882 2010 2284 2351 2075 2071 2068 1439 1427 1411 1405 1401 1397 211 208 1377 75 78 1044 421 422 1549 1546 1896
1 3600 650
8
1290 1694 1728 1577 1578 1920 1891 877
1 3600 650
14
1705 1703 395 398 351 348 431 432 1796 2277 2274 2416 317 314
1 3600 650
26
991 988 1725 1235 401 396 1569 329 330 355 356 392 2210 735 736 2201 1919 1920 2136 491 492 2145 1975 1976 2030 2164
1 3600 650
13
1433 1434 1647 1637 1638 81 82 1682 967 962 1577 1578 597
1 3600 649
10
476 1444 2046 2050 685 682 1035 913 910 645
1 3600 649
12
252 955 948 2353 2109 1629 1624 2101 2102 1113 1114 2370
1 3600 649
16
343 344 535 531 528 1570 351 305 302 1277 1278 1895 1892 2360 987 982
1 3600 649
16
1438 1443 445 448 1452 1463 1460 1648 957 960 972 1672 1999 1996 2366 799
1 3600 649
10
1244 763 343 344 704 527 528 1570 687 682
1 3600 649
8
327 324 730 527 528 1570 687 682
1 3600 649
17
1432 1429 1430 1440 1597 1594 2053 2050 1701 395 400 313 308 1280 1796 2277 2272
1 3600 649
13
528 1570 351 346 682 413 408 894 945 942 899 900 1004
1 3600 649
12
249 250 311 308 1280 1796 2277 2274 2416 317 318 442
1 3600 551
13
313 310 2061 1895 1892 2353 2354 2366 2365 293 290 1129 1069
1 3600 551
14
355 356 339 340 358 432 1794 1892 2353 2109 1629 1624 2372 2384
1 3600 1544
30
532 397 394 1700 2051 2047 1445 1442 2065 2066 2460 1375 1195 1192 1212 2345 1365 1360 1357 43 44 141 142 2229 847 848 1684 1718 27 15
1 3600 1544
16
1428 1436 1927 1911 1537 1503 49 50 147 148 155 156 1011 463 460 2191
1 3600 359
21
1234 1699 1702 1704 2054 2045 1441 1427 1424 1433 1403 1406 279 282 1399 181 182 109 110 1046 169
1 3600 694
11
1450 449 446 1411 1405 1406 1412 1416 1637 755 756
1 3600 694
12
996 1650 1595 1592 2038 2482 1249 1244 1290 1573 1574 1818
1 3600 694
14
988 1725 1235 401 396 533 534 345 323 326 1588 1694 969 581
1 3600 694
14
1885 1882 2010 2284 2351 2075 2076 2067 2064 1439 1431 1428 1433 1403
1 3600 694
7
1290 1694 1728 963 966 1563 891
1 3600 694
13
1430 1440 2044 2055 1705 765 762 1290 1573 1574 1820 1585 1581
1 3600 694
19
354 403 371 374 2059 2056 1249 1246 2182 2185 2186 2418 1645 1417 1418 281 282 1397 211
1 3600 694
14
322 342 762 1245 1246 2115 2111 2112 1933 1930 1645 1417 1418 281
1 3600 694
11
357 354 403 371 374 2059 2056 1249 1246 2182 553
1 3600 694
14
1464 1649 1650 2053 2050 1701 1702 765 762 1290 1573 1574 1820 1585
1 3600 694
5
1433 1434 1647 1637 755
1 3600 694
7
2482 1249 1244 1290 1694 1728 963
1 3600 694
16
1459 1462 1453 449 446 1424 1433 1409 1405 1401 1397 211 212 841 836 842
1 3600 694
10
512 1453 449 446 1411 1405 1401 1399 1395 211
1 3600 694
12
392 1559 733 325 322 342 762 1245 1246 2182 553 545
1 3600 694
11
1927 1911 1908 1935 55 56 580 968 1730 1821 1818
1 3600 694
15
1455 1447 1450 479 474 1428 1433 1434 1647 1637 1638 81 82 1682 967
1 3600 650
3
763 764 1703
1 3600 650
6
1444 2046 2050 1701 1702 1706
1 3600 650
8
399 400 1234 1724 1669 973 961 958
1 3600 650
10
322 344 535 532 1707 1704 2054 2045 1441 1427
1 3600 657
10
515 516 578 1486 2333 2331 557 558 564 2328
1 3600 657
12
956 1465 515 516 577 572 1493 1494 1783 1776 1784 1790
1 3600 657
14
1445 477 478 1451 1446 1456 1478 1484 1499 1500 1512 117 120 1786
1 3600 657
10
1648 1465 1455 1456 1478 1484 2088 2439 2429 2007
1 3600 657
9
2358 2333 1473 1476 575 572 623 620 117
1 3600 657
6
1703 1698 1724 1669 1670 1475
1 3600 657
19
1291 1245 1248 2483 2039 1593 1594 1651 1648 1465 515 516 577 572 1493 1494 1783 1776 1786
1 3600 657
18
1568 397 394 1700 2051 2052 2049 1445 445 448 1452 513 516 578 1486 2333 1521 1522
1 3600 657
10
1459 1462 513 516 578 1486 415 418 557 558
1 3600 657
6
988 1669 1670 1475 1470 1522
1 3600 657
9
1234 1724 1669 1670 1515 1512 117 120 1786
1 3600 657
15
1593 1594 1651 1648 1465 1455 1456 1478 1484 1499 1497 1494 1783 1776 1784
1 3600 657
8
1233 1234 1724 1669 1670 2269 2270 2430
1 3600 657
13
1438 1443 477 478 1452 513 516 577 572 1493 1490 1517 117
1 3600 657
14
2054 2037 1593 1594 1651 1648 1465 1455 1456 1478 1484 1499 1500 1512
1 3600 657
11
2185 2186 2193 1435 1432 1429 475 478 1452 513 516
1 3600 1544
26
1574 1818 1583 1581 1565 891 892 2158 2174 1661 1656 599 600 1946 1948 1953 1954 1693 481 482 506 1009 463 466 2096 2247
1 3600 1544
23
401 394 1700 2051 2047 1445 1442 2065 2066 2460 1375 1195 1192 1212 2345 1365 1360 1357 43 44 158 160 166
1 3600 1544
21
1649 1461 1449 1450 449 444 1442 2069 2070 2076 2460 1375 1195 1192 1212 2345 1365 1360 1357 1358 2408
1 3600 671
10
1438 2065 2066 2460 1375 1195 1192 1212 2345 1365
1 3600 671
12
2115 2111 543 69 72 1928 1917 1912 2345 1365 1360 1357
1 3600 637
9
2045 1441 1438 2069 2070 2076 2460 1375 1195
1 3600 637
6
1454 1464 1649 1461 1458 1708
1 3600 637
11
1461 1449 1450 449 444 1442 2065 2066 2460 1375 1195
1 3600 637
19
1233 1234 1699 1700 2051 2052 2049 1445 1442 2069 2070 2074 2350 2285 2282 2467 2437 2434 2473
1 3600 617
12
1451 1446 1456 1480 1489 1486 415 416 2222 197 194 551
1 3600 617
26
393 357 354 403 371 374 2059 2054 2037 1593 1596 1441 1438 2069 2070 2074 2350 2285 2011 1883 1880 2221 417 418 557 560
1 3600 1544
37
1513 1514 1671 1672 1999 1996 2366 2365 293 294 1599 813 805 806 856 693 694 708 922 928 936 727 587 584 285 286 97 100 216 1743 1744 2121 1199 1196 85 86 1208
1 3600 1544
40
2268 1671 1668 249 250 311 308 1276 2264 431 359 360 2201 2198 2139 593 594 1543 603 131 128 809 810 822 864 1754 2307 1867 537 538 1052 1159 1149 1150 1162 1168 233 236 1320 1191
1 3600 1544
28
579 517 514 1464 1649 997 991 992 955 952 987 797 800 834 1610 693 694 708 922 928 936 727 587 584 285 288 2078 1155
1 3600 1544
26
1792 1517 1513 1514 1671 1668 249 250 2061 1279 1280 1796 2277 2274 2413 2414 2139 2140 1907 1543 1540 1525 455 450 2319 2316
1 3600 1103
10
2439 2429 2007 2003 2004 1629 1615 1601 813 805
1 3600 1103
10
1498 2088 2439 2429 2007 2008 2447 2448 2452 2017
1 3600 1544
38
570 1985 1986 2467 2464 2473 1367 717 714 1226 1361 1362 1981 1969 1972 1067 1047 1044 427 428 1549 1546 1900 1941 1938 1307 1301 1298 1289 389 386 365 368 1259 1254 1314 1318 2303
1 3600 1544
36
1782 1495 1492 573 576 517 512 1453 479 474 1428 1433 1403 1406 279 282 1399 181 182 109 110 1044 421 422 1549 1546 1900 1941 1938 1307 1301 1298 435 436 385 382
1 3600 1544
32
1523 1520 2332 1487 579 517 514 1464 1649 1650 1595 1592 2036 2055 2058 375 372 381 363 335 336 735 736 2201 1919 597 594 1809 611 608 854 1817
1 3600 551
23
2001 1993 1994 2352 2360 987 982 1185 1186 2194 411 408 896 913 910 916 615 616 1545 603 131 132 640
1 3600 630
22
1779 1782 1495 1496 1498 1485 1479 1457 1447 1450 479 476 1444 2048 1595 1592 2036 2055 2058 375 372 788
1 3600 630
9
2431 2007 2003 1993 1994 2352 2360 987 982
1 3600 630
12
2334 2001 2004 2108 2354 2366 2365 2363 977 980 947 942
1 3600 630
7
2327 1523 1471 1474 1671 1672 1999
1 3600 683
10
2334 2001 2004 1629 1624 1071 1072 2374 2392 2399
1 3600 683
9
1517 1513 1514 2269 2270 2007 2008 2459 2451
1 3600 683
15
1496 1498 1485 1479 1457 1454 1466 959 960 974 1999 1996 2366 2365 1627
1 3600 683
31
570 1990 195 196 2223 417 414 1487 579 517 514 1464 1649 997 991 992 955 952 987 984 2362 293 290 1129 1069 1072 2376 2103 2104 2379 2380
1 3600 683
11
1477 1474 1671 1672 1999 1992 2004 1629 1624 2101 2102
1 3600 1544
32
622 573 574 1477 1472 1521 1518 419 416 2222 2230 2013 2010 2282 2467 2437 2434 2473 1367 717 714 1224 2345 1983 1505 49 50 150 2225 113 114 1685
1 3600 1544
32
2334 2001 1993 1994 2352 1893 1795 433 359 360 2201 1919 1920 1891 877 872 1661 1656 599 600 1946 1950 1960 2286 2324 2342 2405 2179 1715 1712 2476 2189
1 3600 1287
15
517 512 1453 449 446 1411 1405 1406 1412 1418 1422 755 756 842 886
1 3600 359
18
1779 1782 1495 1496 1498 1485 1479 1457 1447 1450 449 446 1424 1433 1409 1405 1406 279
1 3600 666
10
2499 625 622 573 576 517 514 1464 1649 997
1 3600 666
12
1520 2332 1487 1488 1481 1457 1454 1464 1649 1650 1595 1592
1 3600 666
6
2271 2268 1671 1668 1725 1235
1 3600 666
8
1473 1474 1671 1668 1725 1699 1702 765
1 3600 666
16
1781 1782 1792 1517 1513 1514 1671 1668 1725 1235 401 396 533 531 526 731
1 3600 666
8
1479 1457 1454 1464 1649 1650 1595 1596
1 3600 666
14
121 116 1516 1491 1492 573 576 517 512 1453 479 474 1428 1433
1 3600 666
9
2497 625 620 1513 1514 1671 1668 1725 1699
1 3600 666
21
2331 419 416 2220 2013 2010 2284 2351 2075 2071 2068 1443 1444 2048 2053 2050 1701 395 396 1569 329
1 3600 666
9
1501 1497 1492 573 576 517 514 1464 1649
1 3600 666
6
1481 1457 1447 1450 479 474
1 3600 666
11
1791 1785 1777 1782 1495 1496 1498 1485 1479 1457 1447
1 3600 666
12
1495 1492 573 576 517 512 1453 449 444 1442 1439 1440
1 3600 666
18
1518 419 416 2222 2230 2013 2010 2284 2351 2075 2071 2068 1443 1444 2048 1595 1592 2036
1 3600 666
14
1787 1784 119 116 621 622 573 576 517 512 1453 449 446 1424
1 3600 666
4
622 573 576 517
1 3600 551
7
1787 1777 1782 1792 1491 1492 573
1 3600 551
3
1521 1522 565
1 3600 551
4
1792 1517 1513 1514
1 3600 1544
32
1791 1785 1777 1782 1495 1492 573 574 1477 1472 2332 2359 2357 1885 1882 2010 2282 2467 2464 2473 1367 717 714 1226 1357 1358 1771 1766 53 50 150 2236
1 3600 1544
24
1477 1470 1518 419 416 2222 197 192 1986 2467 2437 2434 2473 1367 717 714 1226 1357 43 44 158 162 1345 1346
1 3600 1544
23
2438 2089 1485 1482 1477 1472 2332 2359 2357 1885 1882 2010 2282 2467 2464 2473 1367 717 714 1226 1357 1358 2408
1 3600 1188
26
1781 1782 1495 1496 1498 1485 1482 1477 1470 1520 2331 419 416 2222 197 192 1986 2467 2437 2434 2473 1367 717 714 1226 1357
1 3600 701
10
1486 2359 2357 1885 1882 2010 2282 2467 2437 2432
1 3600 701
16
625 622 573 574 1477 1472 2331 419 416 2220 2013 2010 2282 2467 2437 2432
1 3600 612
7
565 559 556 419 416 2222 197
1 3600 612
11
1480 1489 1486 2359 2357 1885 1882 2010 2284 1511 1508
1 3600 612
12
2001 1993 1998 975 961 958 1467 515 516 578 1486 415
1 3600 612
11
1787 121 116 1516 1491 1492 573 574 1477 1470 1518
1 3600 1544
14
1341 125 122 142 2245 2227 847 848 1684 1718 27 15 5 6
1 3600 1544
21
2239 2237 2225 113 114 1685 21 18 1353 1350 1335 1336 2299 1049 93 94 1198 2120 265 262 2289
1 3600 1544
18
2246 2097 467 464 1711 1714 2147 2033 2034 1287 1282 1299 1302 1165 259 256 2091 2092
1 3600 1544
35
1341 125 122 142 2229 25 13 10 1353 1354 2213 1335 1336 2299 1049 221 218 230 1229 203 204 1221 1217 1218 1183 267 260 1750 2295 2125 287 284 1988 63 66
1 3600 1544
46
1343 1340 2246 2097 2098 157 152 503 483 480 1692 2342 1305 1308 601 598 1657 1662 1869 1870 2488 2167 2168 2402 1765 1760 883 881 878 809 775 772 785 786 1025 1013 1016 671 668 933 925 709 695 692 1611 835
1 3600 1544
16
122 140 45 42 1356 1227 715 716 1366 2472 2465 2466 1987 1984 571 568
1 3600 1544
12
2241 2237 29 15 16 2217 2209 1329 1330 1049 229 219
1 3600 1544
13
2239 2237 29 15 16 2217 2209 2206 1261 1262 1257 1258 407
1 3600 1544
20
2239 2237 29 15 5 2 2209 2206 1261 1262 1268 1273 369 364 387 388 437 438 458 1296
1 3600 1544
22
2246 2097 2098 157 152 503 483 480 1692 1955 1952 1949 1947 601 598 1657 1660 873 876 489 490 2202
1 3600 1544
38
2237 2225 113 114 1685 21 18 1353 1350 1335 1325 1330 2296 2155 1081 1074 1190 1321 237 234 1148 1158 1053 1050 1866 2306 1755 865 771 453 454 1524 1541 1544 617 614 917 911
1 3600 1544
33
1339 125 126 2097 2098 157 154 149 146 51 48 1504 1215 1193 1194 1374 2349 2350 2285 2011 1883 1884 2356 2358 2333 1473 1474 2269 2270 2007 2008 2447 2448
1 3600 212
5
142 2245 2227 25 13
1 3600 441
5
2237 2225 113 114 1716
1 3600 1103
10
2237 151 51 52 2411 2197 1067 1047 79 76
1 3600 1544
18
1343 125 122 140 158 162 2259 1091 1094 1110 677 680 1385 1382 1391 839 840 185
1 3600 1544
47
2237 2225 113 114 1685 21 22 13 8 1354 2213 1335 1336 1207 87 88 94 1200 2123 2120 1745 1740 1748 2127 99 96 287 284 585 588 721 718 2321 2318 451 454 1524 1541 1542 595 596 1579 1580 1582 1819 1575 1572
1 3600 1544
53
2241 2237 29 15 16 2217 2209 1329 1330 1049 221 222 226 1250 199 200 191 188 175 178 247 240 1175 1169 1172 1167 1164 2119 1053 539 540 1831 885 781 776 129 130 602 1542 1906 2141 2138 2199 2200 361 358 432 1794 1892 2353 1995 1992 2000
1 3600 965
13
2239 2237 2225 113 114 1685 849 846 2228 143 123 124 1340
1 3600 243
3
1339 125 126
1 3600 243
7
1339 125 122 140 158 160 164
1 3600 1544
16
1343 125 126 2097 2098 157 154 149 146 51 52 2411 2197 1067 169 172
1 3600 1544
7
122 140 45 42 1356 1361 1364
1 3600 1544
13
2241 2237 151 51 48 1504 1215 1193 1194 1374 2461 2067 2062
1 3600 1544
20
1343 125 122 140 45 42 1356 1227 715 716 1366 2472 2435 2436 2466 1987 193 194 551 546
1 3600 1544
24
148 2250 485 482 504 1690 2407 1965 1962 2117 1265 1262 1268 1274 1312 1590 1630 1327 1324 1336 1207 87 84 1202
1 3600 1544
21
2257 167 161 162 145 148 155 156 1011 463 460 2191 1721 1722 1265 1266 2153 1079 1074 1188 2120
1 3600 1544
27
2257 167 161 162 2259 1091 1094 1107 1103 1099 1087 1088 1552 1939 1940 1901 1898 1905 1902 1811 1814 1828 659 655 652 700 1676
1 3600 1544
20
158 162 145 148 2250 485 482 504 1686 1305 1301 1302 1165 1157 1154 2079 289 284 1988 63
1 3600 1544
39
1093 1094 1107 1103 1099 1096 1945 1942 1937 1940 1901 1898 1835 1836 1065 1062 2171 2172 1765 1760 855 609 605 602 1544 1535 1530 2133 647 642 1387 631 634 1680 291 294 1599 813 814
1 3600 1544
33
2097 467 462 1008 1713 1689 1686 1305 1308 601 598 1657 1662 1869 1870 2488 2167 2165 869 866 1763 1760 883 881 827 822 862 793 783 786 1025 1022 2028
1 3600 1544
16
158 162 145 148 2250 485 482 504 1690 2407 2179 2147 2117 1265 1260 1317
1 3600 1103
11
2249 2097 467 460 2191 1721 1722 1265 1262 1270 2152
1 3600 1103
19
158 162 2259 1091 1094 1107 1103 1099 1096 1945 627 628 601 598 1657 1658 2162 2487 1065
1 3600 1544
24
2098 157 152 503 483 480 1692 1955 1952 1949 1947 601 598 1657 1658 1833 1825 1813 1816 855 609 605 602 1544
1 3600 1544
37
2259 1091 1094 1107 1108 677 678 1047 1044 427 428 1549 1550 1664 2158 817 818 876 489 492 2336 1847 591 592 2142 637 511 508 617 614 917 645 642 1387 1001 1002 1006
1 3600 1544
47
2097 467 464 1711 1714 2178 2404 1305 1306 1939 1940 1901 1898 1905 1827 1822 2172 1765 1760 855 609 610 1808 1906 2301 637 511 495 496 1800 2424 441 442 915 912 897 894 970 979 980 998 1680 1129 905 908 2394 2385
1 3600 336
9
1011 463 460 2191 1721 1717 1685 849 850
1 3600 472
9
165 161 162 145 148 155 156 1011 463
1 3600 472
6
152 503 506 2476 2189 1721
1 3600 472
6
158 162 145 148 2250 485
1 3600 249
9
2098 157 154 149 144 2259 1091 1094 1110
1 3600 772
13
167 161 159 45 42 1356 1361 1364 2346 2263 1935 55 56
1 3600 1544
18
167 161 159 45 42 1356 1361 1364 2344 1213 1193 1194 1374 2461 2067 2064 1443 1444
1 3600 1544
22
149 146 51 48 1504 1982 2344 1225 715 716 1366 2472 2465 2466 2283 2011 2012 2221 417 418 557 558
1 3600 332
3
2099 2096 127
1 3600 332
4
141 123 124 1338
1 3600 406
8
2249 2097 2098 157 154 149 144 163
1 3600 414
5
147 144 163 159 45
1 3600 414
11
2097 2098 157 154 149 146 51 52 1767 1770 2408
1 3600 414
3
145 146 51
1 3600 908
5
161 159 45 42 1356
1 3600 1544
17
2257 167 161 159 45 42 1356 1361 1364 2344 1213 1193 1194 1374 2461 2067 2062
1 3600 1544
22
2098 157 154 149 146 51 48 1504 1215 1193 1194 1374 2349 2350 2285 2011 2012 2231 197 194 551 546
1 3600 1544
40
1653 1641 1393 1381 1377 75 78 1044 421 422 1556 1829 1830 541 538 1052 2118 1041 1038 1922 245 246 179 174 189 186 198 1251 231 219 220 93 89 84 1204 2205 1145 31 34 1132
1 3600 1544
20
52 2411 2197 1067 1047 1044 427 428 1556 1829 1830 541 538 1052 1159 1156 1166 1173 1170 1178
1 3600 1544
18
52 2411 2197 1067 1047 1044 421 422 1556 659 656 702 105 67 62 1989 285 288
1 3600 1544
23
1653 1641 1389 1390 845 842 888 821 818 876 489 492 2145 1975 853 779 776 809 775 772 785 723 720
1 3600 1544
37
2409 1771 1768 1971 1968 1980 1363 1364 2344 1913 1916 1929 73 68 542 2110 2114 1247 1248 2057 1705 1706 397 398 351 305 302 1277 1278 951 948 2353 2354 2366 799 800 834
1 3600 1544
29
1653 1641 1389 839 840 213 210 1396 283 280 1419 1413 1407 1404 1410 447 448 1451 1448 1460 1648 957 960 974 1999 1994 2109 2106 1855
1 3600 1544
22
1653 1641 1393 1381 1377 1378 1384 681 676 1105 1099 1100 2324 2342 2405 1965 1962 2117 1265 1262 1257 1254
1 3600 1544
27
1655 1641 1393 1381 1377 75 78 1044 421 424 428 1549 1546 1900 1941 1938 1307 1301 1298 1289 389 386 405 406 1272 1269 1270
1 3600 1103
13
1653 1641 1393 1373 109 110 1044 421 422 1549 1546 1900 1941
1 3600 1287
26
2409 1771 1768 1971 1972 1067 1047 1044 427 428 1549 1550 1664 2158 817 818 876 1890 2136 1845 591 592 2142 637 521 524
1 3600 1544
28
47 42 1356 1361 1364 2346 2263 1909 1910 1926 1437 1425 447 448 1451 1448 1458 995 991 992 955 952 987 984 977 980 998 635
1 3600 1544
38
1655 1641 1389 839 840 185 180 1398 283 280 1419 1416 1646 2192 71 68 544 552 2183 1247 1248 2057 1705 1706 397 400 313 310 2061 951 952 987 797 794 1600 1616 2102 2377
1 3600 1404
13
2409 1771 1766 53 50 150 2225 113 114 1685 21 18 1353
1 3600 396
7
50 147 148 2250 485 482 504
1 3600 143
7
2409 1771 1768 1643 1393 1381 1377
1 3600 286
11
171 168 679 680 1385 1382 845 757 758 81 61
1 3600 858
19
48 1502 1536 1421 1419 1413 1407 1404 1408 1432 1429 475 478 1452 1463 1460 1648 957 960
1 3600 1544
26
171 168 1066 1973 1968 1980 1363 1360 1227 715 716 1366 2472 2435 2436 2466 2283 2011 1883 1884 2356 2358 2333 1521 1471 1476
1 3600 1544
8
50 147 148 155 156 2099 2096 127
1 3600 112
17
2401 1981 1969 1972 1067 679 676 1111 1095 487 482 506 1009 1010 2099 2096 2248
1 3600 736
4
47 42 1358 2408
1 3600 125
11
171 168 1066 1973 1968 1980 1363 1364 2344 1913 1914
1 3600 1030
15
1653 1641 1389 839 840 213 210 1396 1400 1404 1410 1426 1438 2065 2062
1 3600 1544
23
1653 1641 1642 1769 1770 1359 1356 1227 715 716 1366 2472 2465 2466 2283 2011 1883 1880 2221 417 418 557 560
1 3600 1544
41
1224 2345 2346 2263 1935 55 56 580 965 962 1577 1580 1586 2198 2139 2140 1907 1809 611 608 779 780 884 1830 1840 1867 1051 1052 1159 1149 235 238 1737 1732 263 264 2121 2122 1201 1196 1202
1 3600 1544
34
1982 2346 2263 1935 55 56 582 1682 1563 1564 1578 597 594 1543 1540 1525 455 450 2315 2311 2312 2309 1877 1872 1865 1051 1052 2118 1165 1166 1177 1174 241 246
1 3600 1544
37
1913 1916 1925 1911 1421 1422 1638 81 82 1682 1563 1564 1580 1586 2198 2139 2140 1907 1543 1540 1525 455 450 2319 2320 719 667 664 103 67 62 1989 285 288 2078 2090 257
1 3600 1544
20
2345 2346 2263 1935 55 56 580 965 962 1577 1578 597 594 1809 607 131 128 879 827 822
1 3600 1544
31
1915 1916 1925 1415 1416 1637 1638 81 82 1682 1563 1564 1580 1586 2198 2415 2412 2416 499 500 2478 1799 619 612 2133 1607 1604 673 674 922 928
1 3600 1544
13
1912 1225 715 716 1366 2472 2435 2436 2466 1987 1984 571 568
1 3600 1544
30
1365 1362 1981 1969 1972 1067 679 676 1105 1099 1096 1945 627 628 1309 1301 1297 459 439 436 385 367 368 1272 1274 1312 1590 1630 1327 1330
1 3600 1544
16
2463 2347 1365 1362 1981 1969 1972 1067 679 676 1105 1099 1100 2287 1957 1953
1 3600 1188
19
1224 1913 1916 1925 1415 1418 281 282 1399 181 184 841 836 842 886 1634 1551 1546 1900
1 3600 908
16
1212 2345 2346 2263 1935 55 56 580 965 962 1577 1580 1586 2198 2139 2140
1 3600 1103
22
2263 1909 1910 1926 1437 1425 1426 1440 1597 1594 2053 2050 685 682 413 408 894 945 942 899 900 1004
1 3600 1544
26
1224 1213 1193 1194 1374 2461 2067 2064 1443 445 448 1451 1448 1460 1648 957 960 974 1999 1996 2366 2365 1627 1624 2372 2384
1 3600 1544
7
1983 1505 49 50 150 2225 113
1 3600 1188
11
1224 2345 1983 1505 49 50 147 148 155 156 1011
1 3600 266
7
1358 1771 1766 2411 2197 1067 169
1 3600 236
10
1916 1925 1911 1421 1422 1638 81 82 1682 967
1 3600 236
10
1214 1982 2346 2263 1935 55 56 582 1682 1563
1 3600 230
13
1982 2344 1913 1916 1929 1932 2113 2110 2114 1247 1244 1290 1573
1 3600 812
24
1364 2344 1213 1193 1194 1374 2461 2077 2074 2350 2285 2011 2012 2231 2223 417 418 2330 1473 1476 575 572 1493 1490
1 3600 1544
9
1365 1360 1357 43 44 141 123 124 1340
1 3600 812
14
1361 1362 1981 1969 1972 1067 679 676 1109 1106 1095 487 484 2254
1 3600 146
6
1212 2345 1365 1360 1357 43
1 3600 483
3
1915 1912 1225
1 3600 217
7
1364 2344 1213 1193 1194 1374 2349
1 3600 217
10
1361 1364 2344 1213 1193 1194 1374 2461 2077 2074
1 3600 858
14
1227 715 716 1366 2472 2465 2466 2283 2011 2012 2221 417 418 557
1 3600 1544
40
2067 2064 1443 1444 2046 2050 685 347 348 431 432 1796 2277 2274 2416 499 500 471 468 494 508 1535 1532 1805 1802 1021 1024 787 782 663 664 712 65 62 1989 285 286 97 100 214
1 3600 1544
32
1469 959 960 972 1668 249 250 311 308 1280 1796 2277 2274 2413 2414 2139 593 590 1842 1975 853 854 883 884 1830 541 538 1052 1159 1149 1150 1162
1 3600 1544
27
1709 995 991 992 955 948 2353 2354 2366 799 794 813 805 802 1609 697 694 706 749 750 727 587 584 285 288 2078 2090
1 3600 1544
35
2013 2010 2284 2351 2075 2071 2068 1439 1440 2044 2055 2058 375 370 377 363 335 340 360 2201 1919 597 594 1543 603 131 132 640 775 772 785 723 720 769 766
1 3600 1544
19
1374 2461 2067 2064 1443 1444 2046 2050 685 682 1035 913 910 645 648 711 706 749 752
1 3600 1544
19
2011 1883 1884 2356 2358 1487 579 517 514 1466 959 960 974 1999 1992 2004 2106 1855 1856
1 3600 1544
31
2473 1367 717 714 1224 1913 1916 1925 1415 1416 1637 755 756 842 888 821 816 2174 1661 1656 599 600 1309 1301 1298 1289 389 390 406 1259 1254
1 3600 1544
32
2077 2071 2068 1439 1427 1411 1405 1401 1397 211 208 1377 75 78 1044 421 422 1549 1546 1900 1941 1938 1307 1301 1298 435 436 385 382 365 368 1272
1 3600 1544
26
1469 959 960 972 1668 1725 1235 401 396 533 534 345 323 326 1588 1573 1574 1820 1585 1581 1565 891 892 1665 1666 2490
1 3600 1188
19
1709 995 991 988 249 250 2061 1895 1795 1796 2277 2274 2416 499 473 468 494 510 636
1 3600 858
15
2231 2223 417 414 1487 579 517 514 1464 1649 997 991 988 249 250
1 3600 1544
22
2073 2068 1443 1444 2048 2053 2050 1701 395 398 351 305 302 1277 1278 1895 1892 2360 987 984 2362 1627
1 3600 1544
12
2010 2284 2351 2348 1375 1195 1192 1214 1505 49 50 150
1 3600 1544
23
2064 1439 1431 1428 1433 1403 1401 1397 211 208 1377 1378 1384 681 676 1111 1095 487 482 506 2476 465 460
1 3600 858
16
2473 1367 717 714 1226 1361 1362 1981 1969 1972 1067 679 676 1111 1095 1090
1 3600 498
8
2071 2068 1439 1427 1424 1433 1434 2192
1 3600 498
18
2222 2230 1881 1882 2010 2284 2351 2075 2071 2068 1439 1431 1428 1433 1434 1647 1637 755
1 3600 543
11
2284 2351 2075 2076 2067 2064 1439 1440 1597 1592 2038
1 3600 543
13
2064 1439 1440 2044 2055 1705 1706 1569 329 330 355 356 392
1 3600 543
10
2433 2436 2466 2283 2284 2351 2075 2071 2068 1439
1 3600 543
12
2220 2013 2010 2284 2351 2075 2071 2068 1439 1427 1424 1433
1 3600 543
8
714 1224 1913 1916 1925 1926 1437 1425
1 3600 498
11
2223 417 418 1519 1471 1476 1483 1484 2088 2439 2440
1 3600 498
4
2223 417 414 2333
1 3600 1544
15
2348 1375 1195 1192 1212 2345 1365 1360 1357 43 44 141 123 124 1342
1 3600 1544
11
1192 1214 1505 49 50 147 148 155 156 2099 2096
1 3600 1287
18
1709 1459 1462 1453 479 474 1428 1436 1927 1911 1908 2262 2347 1365 1360 1357 43 46
1 3600 547
12
2469 2281 2282 2467 2464 2473 1367 717 714 1224 2345 2346
1 3600 547
4
714 1224 1913 1914
1 3600 547
7
2460 1375 1195 1192 1212 2345 2346
1 3600 547
10
2010 2282 2467 2437 2434 2473 1367 717 714 1226
1 3600 547
10
2284 2351 2348 1375 1195 1192 1212 2345 2346 2462
1 3600 467
3
2282 2467 2437
1 3600 501
10
2077 2074 2350 2285 2011 1883 1880 2231 197 192
1 3600 501
7
716 1366 2472 2465 2466 1987 193
1 3600 501
8
2281 2011 2012 2221 2222 197 194 551
1 3600 501
9
2350 2285 2011 1883 1880 2221 417 418 557
1 3600 501
13
2073 2070 2074 2350 2285 2011 2012 2231 2223 417 418 557 560
1 3600 1544
56
549 550 195 196 2223 417 414 1487 1488 1481 1457 1454 1464 957 960 972 1668 249 252 955 952 987 982 1726 1852 971 945 942 643 646 2134 1021 1024 1028 1675 701 702 105 67 62 1989 285 288 297 300 41 38 271 272 1147 31 34 1132 1117 1120 1127
1 3600 1544
45
1509 1510 2351 2075 2076 2067 2064 1443 1444 2048 1595 1592 2036 2055 2058 375 370 377 363 335 336 735 736 2201 1919 1920 2136 1845 1842 1975 853 779 780 884 1830 541 538 1052 1159 1156 259 254 2290 2294 1751
1 3600 1544
33
563 564 1523 1471 1474 1671 1672 1999 1996 2366 2365 293 290 1681 635 630 1001 901 902 926 1604 673 670 1017 1012 1024 787 782 792 2312 2309 2215 1865
1 3600 1544
34
414 1487 579 517 514 1464 1649 997 991 992 955 948 2360 987 982 1185 135 138 2194 411 408 896 913 910 916 1528 1531 1534 1545 1540 1525 455 450 2319
1 3600 1544
23
550 195 196 2223 417 414 1487 579 517 514 1466 959 960 972 1668 249 252 955 952 987 797 794 1598
1 3600 1544
11
563 559 556 419 416 2222 197 194 1991 571 568
1 3600 1544
38
556 2330 1473 1474 1671 1668 249 250 2061 1279 1276 2264 431 359 360 2201 1919 1920 1891 877 874 1886 1663 1656 599 600 1309 1301 1297 459 439 436 389 386 405 406 1272 1274
1 3600 1544
32
1510 2351 2075 2071 2068 1439 1427 1411 1405 1406 279 282 1399 181 184 841 838 1390 1383 1384 681 676 1105 1099 1100 2324 2342 2405 2179 2147 2117 1265
1 3600 1544
31
1985 1986 2467 2464 2473 1367 717 714 1224 1913 1916 1925 1911 1421 1422 1638 759 756 842 888 821 818 874 1888 2488 2167 2168 2177 2171 1823 1813
1 3600 1544
30
196 2230 1881 1882 2010 2284 2351 2075 2076 2067 2064 1443 1444 2048 1595 1592 2038 2482 1249 1244 1290 1573 1574 1818 1583 1581 1578 597 594 1809
1 3600 1030
18
567 570 1990 195 196 2223 417 414 1487 1488 1481 1457 1454 1464 1649 997 991 992
1 3600 1544
20
550 195 196 2223 417 418 2330 1473 1476 1483 1484 2088 2439 2429 2007 2003 2004 1629 1624 2372
1 3600 1544
29
561 556 419 416 2222 197 192 1986 2467 2437 2434 2473 1367 717 714 1226 1357 43 44 141 142 2229 847 848 1684 1718 2219 17 5
1 3600 1544
19
192 1986 2467 2464 2473 1367 717 714 1224 2345 1983 1505 49 50 147 148 2250 485 482
1 3600 1544
28
549 550 195 196 2230 2013 2010 2284 2351 2075 2071 2068 1439 1427 1411 1405 1406 1412 1418 281 282 1399 181 182 109 110 1044 427
1 3600 772
22
196 2223 2220 2013 2010 2284 2351 2075 2071 2068 1443 1444 2048 1595 1592 2038 2482 1249 1244 1290 1694 969
1 3600 220
11
195 196 2223 417 414 1487 579 517 514 1464 1649
1 3600 343
5
558 564 1523 1471 1474
1 3600 343
9
561 556 1519 1471 1476 1483 1484 2088 2439
1 3600 343
8
418 2330 1473 1476 575 572 623 624
1 3600 1544
19
419 416 2220 1881 1882 2010 2282 2467 2437 2434 2473 1367 717 714 1226 1357 43 44 141
1 3600 1544
35
558 564 1523 1520 2332 1487 579 517 512 1453 449 446 1424 1433 1409 1405 1401 1397 211 208 1377 1378 1384 681 676 1109 1106 1095 1090 2258 145 148 155 156 2099
1 3600 1544
19
567 570 1985 1986 2467 2464 2473 1367 717 714 1226 1361 1362 1981 1969 1972 1067 169 172
1 3600 908
17
563 559 556 419 416 2220 2013 2010 2284 2351 2348 1375 1195 1192 1212 2345 1365
1 3600 313
5
1986 2467 2437 2434 2473
1 3600 313
6
1509 1510 2351 2348 1375 1195
1 3600 313
8
193 196 2230 1881 1882 2010 2284 2351
1 3600 417
9
1990 195 196 2223 417 418 557 558 562
