332
1 3600 151
7
651 395 392 325 313 308 343
1 3600 288
9
348 329 327 324 393 394 449 446 496
1 3600 288
6
555 331 327 324 297 298
1 3600 288
5
393 394 449 446 496
1 3600 288
5
651 449 444 514 586
1 3600 288
3
312 324 305
1 3600 288
13
268 339 334 329 332 81 78 25 22 499 447 444 514
1 3600 288
7
653 81 78 25 22 499 496
1 3600 288
4
297 298 394 449
1 3600 289
13
348 329 330 552 654 656 563 560 461 458 603 437 438
1 3600 989
21
298 394 449 444 503 506 596 433 434 476 550 473 474 537 532 639 87 53 50 243 238
1 3600 1187
26
266 326 332 652 385 386 563 519 520 461 443 319 5 8 95 92 17 14 684 427 424 535 179 176 87 82
1 3600 282
7
348 329 330 556 659 656 571
1 3600 282
11
345 346 348 329 330 552 385 386 571 567 564
1 3600 282
10
344 309 312 326 332 652 654 656 563 558
1 3600 167
4
81 78 25 20
1 3600 382
11
266 324 393 394 449 444 503 506 598 603 29
1 3600 1187
20
555 556 659 656 571 567 525 283 280 290 421 293 187 182 253 119 112 485 486 528
1 3600 1187
25
310 348 329 330 552 385 386 563 519 516 522 257 254 606 613 237 233 185 180 165 137 138 168 430 157
1 3600 1187
15
339 334 329 332 652 385 386 571 567 525 522 275 276 582 577
1 3600 1079
8
654 656 563 560 285 259 45 43
1 3600 1187
22
81 78 25 18 394 449 444 514 588 479 435 436 29 3 6 429 295 187 184 230 247 248
1 3600 1187
22
329 327 324 297 298 394 449 444 503 506 598 459 443 440 691 419 293 235 233 109 110 635
1 3600 1187
23
393 394 449 444 514 411 412 479 476 548 683 15 10 115 118 252 167 151 148 189 192 195 200
1 3600 170
12
505 502 445 446 498 23 24 79 80 333 328 349
1 3600 170
3
24 79 80
1 3600 170
9
499 447 448 395 299 296 325 326 328
1 3600 170
4
392 325 326 330
1 3600 170
5
80 333 328 349 347
1 3600 176
5
448 395 19 24 79
1 3600 182
4
481 478 413 414
1 3600 182
4
588 479 435 438
1 3600 182
11
306 301 298 394 449 444 503 506 596 433 438
1 3600 182
5
502 514 411 412 590
1 3600 182
7
22 499 447 444 514 411 414
1 3600 296
14
447 444 503 506 596 433 434 476 548 407 402 141 142 535
1 3600 791
31
304 325 326 330 556 659 656 563 519 520 285 259 45 33 34 250 221 216 226 203 191 163 160 105 98 170 89 75 72 262 69
1 3600 198
11
497 498 23 24 79 80 652 385 386 571 568
1 3600 174
9
497 447 444 503 506 598 459 460 521
1 3600 174
4
515 503 506 598
1 3600 127
12
444 503 506 598 603 29 3 8 95 96 252 678
1 3600 593
19
301 296 325 326 332 652 654 656 563 560 461 443 319 5 8 95 92 117 112
1 3600 1187
11
587 588 479 476 548 683 684 427 422 676 161
1 3600 1187
17
498 23 24 79 80 652 385 386 571 567 525 522 275 276 582 577 574
1 3600 913
9
506 598 459 460 285 259 45 33 30
1 3600 791
13
433 438 407 402 141 142 125 122 639 87 53 48 382
1 3600 1079
15
506 598 603 29 26 440 289 290 611 237 233 230 209 214 223
1 3600 1187
18
411 412 479 435 436 29 3 6 429 295 187 184 109 106 400 621 619 616
1 3600 282
11
435 436 602 459 460 561 562 657 655 553 554
1 3600 111
10
403 406 439 432 597 507 502 445 446 498
1 3600 111
7
668 682 549 477 478 589 586
1 3600 111
5
435 432 597 507 504
1 3600 169
3
476 550 545
1 3600 104
4
471 474 537 534
1 3600 104
8
407 404 545 463 464 175 176 87
1 3600 104
8
412 479 435 438 683 684 147 142
1 3600 224
10
683 684 427 422 121 101 98 55 58 672
1 3600 624
10
410 515 503 506 598 459 460 521 518 558
1 3600 171
14
683 15 16 93 94 9 4 314 420 291 281 282 517 518
1 3600 63
10
591 479 435 436 29 26 440 691 419 420
1 3600 185
13
479 476 550 473 474 145 146 692 115 112 485 482 508
1 3600 659
14
479 435 438 683 669 141 142 125 120 529 530 357 352 157
1 3600 1187
17
683 15 16 93 94 642 7 4 316 690 289 286 255 256 275 276 582
1 3600 1079
9
410 515 503 506 598 459 460 285 259
1 3600 659
11
415 412 479 435 436 29 26 440 289 286 606
1 3600 659
20
591 479 435 436 29 3 8 95 96 252 167 137 138 153 148 205 202 408 620 527
1 3600 1187
13
463 468 538 175 178 532 123 101 102 632 665 199 200
1 3600 989
21
638 123 120 529 487 484 135 136 164 181 186 292 315 318 442 460 561 562 387 384 653
1 3600 304
12
86 638 533 536 475 472 405 406 439 432 597 507
1 3600 176
6
543 469 462 544 551 548
1 3600 176
8
547 465 462 544 551 477 478 590
1 3600 176
10
666 123 124 425 426 685 682 549 477 478
1 3600 176
6
140 403 406 439 434 478
1 3600 176
15
538 175 178 534 143 146 692 115 118 97 94 9 2 28 437
1 3600 158
5
464 175 178 532 667
1 3600 156
9
239 242 51 52 84 91 88 171 172
1 3600 156
4
87 82 371 374
1 3600 156
4
176 87 82 371
1 3600 156
9
537 179 176 87 84 350 65 62 69
1 3600 156
6
537 532 639 87 84 350
1 3600 156
6
84 91 75 72 262 69
1 3600 1187
25
538 175 178 534 425 422 529 511 483 488 629 213 210 251 35 32 44 258 282 524 566 570 657 658 694
1 3600 539
18
120 529 511 512 637 634 111 108 232 236 612 607 287 288 441 27 28 602
1 3600 124
7
536 145 146 692 11 16 93
1 3600 181
12
469 464 175 178 534 125 120 529 487 482 508 355
1 3600 181
6
638 123 120 529 530 357
1 3600 208
10
176 87 84 350 77 74 57 54 99 104
1 3600 1187
27
391 388 396 83 84 91 88 171 99 104 161 156 353 354 623 624 133 130 215 208 247 35 32 43 38 276 582
1 3600 1187
12
145 146 692 115 118 252 183 184 230 247 35 30
1 3600 791
12
140 668 15 10 115 112 485 488 629 213 210 272
1 3600 515
14
239 242 51 52 86 638 123 101 104 161 162 190 206 229
1 3600 1187
10
425 422 676 161 158 189 192 321 322 604
1 3600 1187
33
367 364 451 452 171 99 102 632 665 199 194 193 188 149 150 166 183 186 292 418 690 441 442 460 561 562 387 384 553 331 328 349 311
1 3600 989
14
57 54 99 104 677 423 426 685 682 439 432 597 507 502
1 3600 263
13
457 454 61 64 351 85 86 177 178 536 475 472 405
1 3600 449
6
370 83 86 177 174 546
1 3600 449
7
74 57 54 99 100 124 143
1 3600 449
8
263 73 74 90 85 86 177 174
1 3600 449
9
265 73 76 351 85 86 177 174 539
1 3600 449
4
417 399 396 83
1 3600 449
12
60 271 263 73 74 90 85 86 177 174 465 466
1 3600 449
6
365 368 351 85 86 177
1 3600 449
6
351 85 53 50 243 238
1 3600 449
4
51 52 86 177
1 3600 449
5
417 399 396 83 86
1 3600 449
7
673 59 54 99 100 124 143
1 3600 449
7
367 368 351 85 86 638 533
1 3600 449
6
173 99 100 122 533 179
1 3600 449
7
90 85 86 177 174 539 540
1 3600 449
13
673 457 451 71 68 63 64 351 85 82 397 389 390
1 3600 431
3
261 262 69
1 3600 431
8
687 261 73 74 90 85 53 50
1 3600 431
3
263 73 74
1 3600 431
8
245 242 51 52 84 91 88 171
1 3600 1187
22
59 54 99 104 161 156 431 169 139 136 164 181 186 235 236 612 607 255 256 523 524 566
1 3600 1187
19
240 399 396 83 86 638 123 120 529 487 484 113 116 93 94 9 2 28 602
1 3600 339
19
88 171 99 104 161 162 190 206 615 618 620 401 107 108 232 236 610 291 288
1 3600 321
4
54 99 104 677
1 3600 321
5
171 99 104 161 156
1 3600 456
10
245 242 51 52 86 638 123 101 102 630
1 3600 456
6
70 452 171 99 102 630
1 3600 456
8
688 265 73 74 57 54 99 102
1 3600 456
5
452 171 99 104 161
1 3600 456
11
62 263 73 74 57 54 99 104 680 665 662
1 3600 1187
19
351 85 86 638 123 120 529 511 512 133 130 223 220 251 35 32 43 38 276
1 3600 1187
26
261 73 76 351 85 86 638 533 536 475 470 668 15 16 93 94 642 7 4 314 420 675 607 255 45 43
1 3600 1187
16
271 263 73 74 88 171 99 104 161 158 205 202 227 217 220 272
1 3600 565
11
57 54 99 100 120 529 511 508 623 493 494
1 3600 1187
10
263 73 74 88 171 99 102 632 665 199
1 3600 168
10
649 569 570 657 658 557 331 328 335 340
1 3600 168
4
557 331 328 349
1 3600 185
5
659 655 653 81 78
1 3600 565
15
647 569 567 564 559 519 520 461 458 599 507 502 514 411 414
1 3600 1187
19
579 576 583 277 39 42 33 34 250 211 212 129 132 513 510 528 121 122 667
1 3600 1187
18
565 525 283 280 290 421 293 187 180 165 151 148 159 160 105 98 55 56
1 3600 208
4
559 562 657 658
1 3600 196
9
569 567 564 559 560 461 458 599 600
1 3600 196
5
386 563 519 516 283
1 3600 196
6
386 563 519 520 461 458
1 3600 196
6
697 659 656 563 560 461
1 3600 196
8
656 563 519 520 461 458 379 376
1 3600 242
20
697 659 656 571 567 525 522 257 254 606 613 237 234 294 428 643 95 92 17 12
1 3600 1187
15
563 519 516 283 280 290 611 237 233 109 110 635 489 486 528
1 3600 1187
23
571 567 525 522 275 39 42 33 34 246 209 214 131 126 492 622 355 352 157 160 680 633 630
1 3600 191
8
647 569 567 525 522 275 276 582
1 3600 219
10
695 659 656 563 560 285 259 45 33 36
1 3600 515
7
579 576 583 277 274 257 254
1 3600 1079
13
563 519 516 283 280 286 606 613 237 233 230 209 214
1 3600 1187
17
645 569 567 525 283 280 290 675 613 237 233 109 106 400 621 619 616
1 3600 158
3
360 384 653
1 3600 88
9
363 360 384 653 81 78 25 18 394
1 3600 169
4
601 596 433 434
1 3600 515
17
284 461 443 319 5 8 95 92 117 114 693 427 424 125 122 639 87
1 3600 1079
26
378 459 443 440 691 419 293 187 182 678 165 137 134 485 482 510 528 676 105 98 170 89 75 72 262 63
1 3600 126
6
378 459 460 521 518 562
1 3600 126
6
524 566 570 657 658 694
1 3600 126
6
378 459 460 561 558 660
1 3600 174
9
458 599 507 502 445 448 395 19 20
1 3600 108
16
359 360 386 563 560 461 443 319 316 419 293 187 184 109 110 670
1 3600 108
9
359 360 386 563 519 520 461 443 27
1 3600 108
9
363 360 386 563 560 461 443 319 5
1 3600 108
3
29 26 440
1 3600 339
13
285 280 288 691 317 5 6 643 95 96 119 114 693
1 3600 1187
17
259 45 33 34 250 221 216 228 207 204 189 192 195 198 664 633 103
1 3600 360
6
460 521 516 522 275 276
1 3600 102
9
360 386 571 567 525 522 257 45 33
1 3600 156
16
377 378 603 437 438 407 402 141 144 537 532 639 87 82 371 372
1 3600 396
17
359 360 386 563 519 520 285 259 254 606 613 237 233 109 110 635 636
1 3600 1187
17
29 3 6 429 295 187 180 165 137 138 153 148 189 192 321 322 604
1 3600 424
15
2 28 602 599 507 502 445 448 395 299 296 325 267 268 339
1 3600 151
7
441 27 28 602 599 507 502
1 3600 147
16
671 111 108 185 182 253 119 114 11 14 682 549 477 478 413 414
1 3600 147
11
290 421 293 294 428 643 95 92 17 14 669
1 3600 141
5
119 114 693 147 144
1 3600 339
15
314 293 187 180 165 151 154 430 157 160 105 98 170 453 450
1 3600 304
13
111 108 232 236 612 607 255 256 275 276 582 577 572
1 3600 192
5
318 442 458 599 600
1 3600 192
8
111 108 232 236 612 674 291 281
1 3600 192
11
28 437 434 478 589 515 445 448 395 19 20
1 3600 192
15
183 186 292 315 318 442 458 599 507 502 445 446 498 23 20
1 3600 192
10
292 420 291 281 282 517 518 562 387 361
1 3600 192
6
418 690 441 27 28 602
1 3600 110
5
679 253 97 94 9
1 3600 172
7
428 643 95 92 17 10 693
1 3600 172
7
15 16 117 112 485 482 508
1 3600 172
4
95 96 119 112
1 3600 172
12
286 606 613 237 233 230 209 212 628 636 625 622
1 3600 172
7
115 112 485 482 508 355 356
1 3600 329
17
691 419 293 187 182 167 137 138 153 148 189 192 195 198 664 633 630
1 3600 989
12
118 252 183 184 230 247 35 32 43 38 276 580
1 3600 176
12
94 642 429 295 235 236 612 607 255 45 43 40
1 3600 134
6
184 109 110 635 629 626
1 3600 134
3
184 230 247
1 3600 107
5
151 148 189 192 321
1 3600 913
8
137 138 153 148 189 192 195 200
1 3600 1187
13
423 426 685 682 549 477 478 589 515 445 448 395 392
1 3600 565
16
531 528 423 426 685 682 439 434 478 413 410 515 445 446 498 23
1 3600 176
12
353 354 509 483 484 113 116 17 14 669 471 472
1 3600 85
5
424 535 179 174 465
1 3600 130
8
355 352 157 160 105 98 55 56
1 3600 1187
15
488 636 133 128 213 208 247 35 32 43 38 276 582 577 572
1 3600 321
15
155 152 139 136 164 181 186 294 428 7 2 28 602 599 600
1 3600 84
5
113 118 97 94 642
1 3600 84
7
155 150 166 183 186 294 428
1 3600 84
7
354 509 483 484 113 116 93
1 3600 194
3
530 357 352
1 3600 93
6
486 528 676 680 665 662
1 3600 93
9
482 508 355 352 157 162 192 195 198
1 3600 1187
18
623 493 127 130 215 208 231 232 236 612 607 255 256 275 276 582 577 574
1 3600 659
9
512 133 128 213 210 251 35 32 43
1 3600 160
9
426 692 115 118 252 183 184 230 247
1 3600 65
8
482 508 355 352 157 158 205 202
1 3600 339
11
529 530 357 352 431 155 148 189 192 321 322
1 3600 1187
22
663 664 681 677 121 124 143 140 403 406 439 432 597 507 502 445 448 395 299 300 307 302
1 3600 1187
9
699 531 528 423 426 685 682 439 432
1 3600 593
9
100 124 143 140 403 404 551 477 478
1 3600 179
6
677 423 424 143 144 475
1 3600 68
9
631 103 100 122 639 87 53 48 380
1 3600 1187
20
104 161 156 431 169 139 136 164 181 186 292 418 690 289 281 282 524 566 570 657
1 3600 1187
15
663 199 194 193 188 149 150 164 679 253 97 94 9 2 28
1 3600 247
6
664 681 677 423 426 685
1 3600 88
8
632 681 161 156 353 354 509 483
1 3600 88
6
631 632 681 677 529 487
1 3600 232
3
632 665 662
1 3600 1187
20
632 665 199 194 193 190 206 615 618 620 401 107 108 232 236 612 607 255 256 640
1 3600 1187
11
104 161 162 190 202 227 217 220 251 35 30
1 3600 539
8
158 205 206 229 217 220 251 248
1 3600 138
6
663 199 194 193 190 202
1 3600 182
3
665 199 200
1 3600 989
18
575 576 583 277 274 523 517 518 562 387 384 553 331 327 324 393 394 650
1 3600 1187
15
576 583 277 274 523 524 566 570 657 655 653 81 78 25 18
1 3600 1187
12
581 277 39 42 44 258 284 461 458 603 437 434
1 3600 1187
16
279 39 42 33 34 250 221 222 131 132 513 510 528 121 122 639
1 3600 1187
17
277 39 42 33 34 250 221 216 226 203 191 163 160 105 98 55 56
1 3600 139
4
641 523 524 566
1 3600 247
10
581 277 274 523 517 518 562 387 361 362
1 3600 565
15
583 277 274 257 254 606 674 421 418 317 5 8 95 92 117
1 3600 1187
11
277 39 42 33 34 246 209 212 628 489 486
1 3600 1187
18
576 583 277 274 257 254 606 613 237 233 109 106 400 621 409 203 204 159
1 3600 515
3
576 583 580
1 3600 185
4
279 39 42 44
1 3600 185
4
583 277 274 257
1 3600 185
5
583 277 39 42 33
1 3600 396
8
279 274 257 254 606 613 237 233
1 3600 1079
15
575 576 583 277 39 42 33 34 250 211 214 131 126 490 592
1 3600 1187
16
581 277 274 523 283 280 290 611 237 233 109 106 400 621 619 616
1 3600 913
10
47 44 258 284 561 562 387 384 553 554
1 3600 791
8
47 44 258 284 461 458 599 507
1 3600 989
14
47 44 254 287 288 691 317 5 8 95 92 17 14 669
1 3600 1187
13
37 34 246 231 185 182 253 119 114 693 147 142 125
1 3600 1187
17
37 34 250 221 216 228 207 191 163 160 105 98 170 89 75 72 262
1 3600 212
5
274 523 517 518 562
1 3600 93
8
32 44 258 284 561 562 387 361
1 3600 138
6
31 34 246 231 185 182
1 3600 624
14
254 287 290 421 315 5 8 95 92 17 10 693 427 422
1 3600 1187
11
37 34 246 209 212 129 132 513 510 528 676
1 3600 83
4
275 276 582 584
1 3600 224
3
42 33 30
1 3600 107
6
609 231 232 236 612 607
1 3600 107
4
45 33 34 248
1 3600 107
4
33 34 250 272
1 3600 242
13
44 254 606 613 237 233 109 106 400 621 619 614 207
1 3600 1187
15
523 283 280 290 421 293 187 180 165 151 148 205 206 615 616
1 3600 1187
14
234 292 315 318 442 460 521 518 562 657 655 653 333 327
1 3600 847
20
219 222 215 208 231 232 234 294 428 7 2 28 602 599 507 502 445 446 498 500
1 3600 698
14
108 185 182 253 119 114 11 14 682 549 477 478 413 414
1 3600 791
13
249 246 209 214 131 128 628 489 486 528 121 122 667
1 3600 989
6
373 370 83 84 350 65
1 3600 593
14
627 129 130 223 220 251 35 32 43 38 276 582 577 572
1 3600 165
13
249 246 231 232 234 292 418 690 441 442 458 599 600
1 3600 120
15
373 370 83 86 638 533 536 145 146 692 115 118 252 678 165
1 3600 120
6
246 231 185 186 294 428
1 3600 176
7
221 216 226 203 204 149 154
1 3600 624
8
106 400 621 409 203 204 159 160
1 3600 624
10
273 251 35 32 43 38 276 582 577 574
1 3600 124
8
232 236 610 291 281 282 522 275
1 3600 124
24
383 49 52 86 638 533 536 475 470 668 15 16 93 94 9 4 316 419 420 291 281 259 45 43
1 3600 124
4
612 607 255 256
1 3600 148
3
627 213 210
1 3600 126
9
237 233 109 110 635 636 625 595 491
1 3600 126
8
606 613 237 233 109 110 635 629
1 3600 126
12
610 421 293 187 180 165 137 134 485 488 636 625
1 3600 126
4
250 211 212 129
1 3600 126
3
221 216 226
1 3600 565
12
627 129 126 492 622 355 352 157 162 192 195 196
1 3600 1187
19
139 136 164 181 186 292 418 317 318 442 460 561 562 657 658 557 331 328 349
1 3600 1187
15
489 484 113 114 11 14 682 549 477 478 589 515 445 446 498
1 3600 741
10
150 166 253 97 94 9 2 28 437 434
1 3600 593
12
188 149 154 430 353 356 531 528 121 122 639 87
1 3600 565
11
132 513 510 528 121 101 98 170 453 450 365
1 3600 1187
16
202 408 620 401 107 108 232 236 610 291 281 282 524 566 570 657
1 3600 456
22
193 188 149 152 139 136 164 679 183 186 292 418 690 441 442 460 521 518 562 387 361 362
1 3600 218
10
193 188 149 150 164 181 186 294 428 7
1 3600 218
5
526 401 107 108 185
1 3600 240
8
400 621 619 614 207 191 163 156
1 3600 240
6
107 110 635 489 486 528
1 3600 240
4
622 509 483 484
1 3600 182
5
204 159 160 680 633
1 3600 1187
13
614 229 217 220 251 35 32 43 38 276 582 577 574
1 3600 312
10
634 111 108 232 236 612 607 255 256 275
1 3600 256
6
618 620 401 107 108 232
1 3600 256
9
593 594 624 637 634 111 108 232 236
1 3600 256
10
513 510 528 121 122 639 87 53 48 382
1 3600 256
5
618 409 227 217 220
1 3600 256
6
208 231 232 236 612 607
1 3600 256
8
188 149 152 139 136 166 183 184
1 3600 256
12
492 622 509 510 528 121 122 639 87 82 371 372
1 3600 256
4
227 217 220 272
1 3600 256
4
628 634 111 108
1 3600 213
7
223 216 228 207 191 192 321
1 3600 213
7
495 492 622 355 352 431 155
1 3600 240
6
228 207 191 192 321 322
1 3600 240
10
400 621 409 203 204 189 192 321 322 604
1 3600 240
11
636 625 622 355 352 157 158 189 192 321 322
1 3600 240
11
129 130 223 216 226 203 191 192 321 322 604
1 3600 1187
26
605 323 320 193 188 149 152 139 134 113 116 17 14 682 439 432 597 507 502 445 448 395 299 300 307 302
1 3600 1187
12
198 664 633 103 100 124 143 140 403 406 439 432
1 3600 1187
13
198 664 681 677 423 426 685 682 549 477 478 413 414
1 3600 1187
12
198 664 633 103 100 124 535 179 174 539 469 466
1 3600 741
9
605 323 320 193 163 160 105 98 55
1 3600 1187
19
194 193 188 149 150 164 181 186 292 420 291 281 282 522 275 276 582 577 578
1 3600 1187
22
605 323 320 193 188 159 156 353 354 509 483 484 113 116 93 94 9 4 318 442 460 521
1 3600 539
14
197 194 193 188 149 150 164 679 183 186 292 418 690 289
1 3600 252
8
323 320 193 163 156 353 356 531
1 3600 143
7
605 323 320 193 188 159 160
1 3600 1187
16
605 323 320 193 190 206 229 217 220 251 35 32 43 38 276 582
1 3600 1187
14
323 320 193 188 205 202 227 217 222 215 208 247 35 30
1 3600 371
13
197 198 664 633 103 98 55 56 90 85 53 48 382
1 3600 108
4
617 618 620 527
1 3600 108
3
197 194 321
1 3600 108
5
194 193 190 202 408
1 3600 456
7
617 614 207 204 189 192 195
