332
1 3600 156
7
651 395 392 325 313 308 343
1 3600 296
9
348 329 327 324 393 394 449 446 496
1 3600 296
6
555 331 327 324 297 298
1 3600 296
5
393 394 449 446 496
1 3600 296
5
651 449 444 514 586
1 3600 296
3
312 324 305
1 3600 296
13
268 339 334 329 332 81 78 25 22 499 447 444 514
1 3600 296
7
653 81 78 25 22 499 496
1 3600 296
4
297 298 394 449
1 3600 298
13
348 329 330 552 654 656 563 560 461 458 603 437 438
1 3600 1019
21
298 394 449 444 503 506 596 433 434 476 550 473 474 537 532 639 87 53 50 243 238
1 3600 1223
26
266 326 332 652 385 386 563 519 520 461 443 319 5 8 95 92 17 14 684 427 424 535 179 176 87 82
1 3600 291
7
348 329 330 556 659 656 571
1 3600 291
11
345 346 348 329 330 552 385 386 571 567 564
1 3600 291
10
344 309 312 326 332 652 654 656 563 558
1 3600 172
4
81 78 25 20
1 3600 394
11
266 324 393 394 449 444 503 506 598 603 29
1 3600 1223
20
555 556 659 656 571 567 525 283 280 290 421 293 187 182 253 119 112 485 486 528
1 3600 1223
25
310 348 329 330 552 385 386 563 519 516 522 257 254 606 613 237 233 185 180 165 137 138 168 430 157
1 3600 1223
15
339 334 329 332 652 385 386 571 567 525 522 275 276 582 577
1 3600 1111
8
654 656 563 560 285 259 45 43
1 3600 1223
22
81 78 25 18 394 449 444 514 588 479 435 436 29 3 6 429 295 187 184 230 247 248
1 3600 1223
22
329 327 324 297 298 394 449 444 503 506 598 459 443 440 691 419 293 235 233 109 110 635
1 3600 1223
23
393 394 449 444 514 411 412 479 476 548 683 15 10 115 118 252 167 151 148 189 192 195 200
1 3600 175
12
505 502 445 446 498 23 24 79 80 333 328 349
1 3600 175
3
24 79 80
1 3600 175
9
499 447 448 395 299 296 325 326 328
1 3600 175
4
392 325 326 330
1 3600 175
5
80 333 328 349 347
1 3600 182
5
448 395 19 24 79
1 3600 188
4
481 478 413 414
1 3600 188
4
588 479 435 438
1 3600 188
11
306 301 298 394 449 444 503 506 596 433 438
1 3600 188
5
502 514 411 412 590
1 3600 188
7
22 499 447 444 514 411 414
1 3600 305
14
447 444 503 506 596 433 434 476 548 407 402 141 142 535
1 3600 815
31
304 325 326 330 556 659 656 563 519 520 285 259 45 33 34 250 221 216 226 203 191 163 160 105 98 170 89 75 72 262 69
1 3600 204
11
497 498 23 24 79 80 652 385 386 571 568
1 3600 180
9
497 447 444 503 506 598 459 460 521
1 3600 180
4
515 503 506 598
1 3600 131
12
444 503 506 598 603 29 3 8 95 96 252 678
1 3600 611
19
301 296 325 326 332 652 654 656 563 560 461 443 319 5 8 95 92 117 112
1 3600 1223
11
587 588 479 476 548 683 684 427 422 676 161
1 3600 1223
17
498 23 24 79 80 652 385 386 571 567 525 522 275 276 582 577 574
1 3600 940
9
506 598 459 460 285 259 45 33 30
1 3600 815
13
433 438 407 402 141 142 125 122 639 87 53 48 382
1 3600 1111
15
506 598 603 29 26 440 289 290 611 237 233 230 209 214 223
1 3600 1223
18
411 412 479 435 436 29 3 6 429 295 187 184 109 106 400 621 619 616
1 3600 291
11
435 436 602 459 460 561 562 657 655 553 554
1 3600 114
10
403 406 439 432 597 507 502 445 446 498
1 3600 114
7
668 682 549 477 478 589 586
1 3600 114
5
435 432 597 507 504
1 3600 174
3
476 550 545
1 3600 107
4
471 474 537 534
1 3600 107
8
407 404 545 463 464 175 176 87
1 3600 107
8
412 479 435 438 683 684 147 142
1 3600 230
10
683 684 427 422 121 101 98 55 58 672
1 3600 643
10
410 515 503 506 598 459 460 521 518 558
1 3600 177
14
683 15 16 93 94 9 4 314 420 291 281 282 517 518
1 3600 64
10
591 479 435 436 29 26 440 691 419 420
1 3600 191
13
479 476 550 473 474 145 146 692 115 112 485 482 508
1 3600 679
14
479 435 438 683 669 141 142 125 120 529 530 357 352 157
1 3600 1223
17
683 15 16 93 94 642 7 4 316 690 289 286 255 256 275 276 582
1 3600 1111
9
410 515 503 506 598 459 460 285 259
1 3600 679
11
415 412 479 435 436 29 26 440 289 286 606
1 3600 679
20
591 479 435 436 29 3 8 95 96 252 167 137 138 153 148 205 202 408 620 527
1 3600 1223
13
463 468 538 175 178 532 123 101 102 632 665 199 200
1 3600 1019
21
638 123 120 529 487 484 135 136 164 181 186 292 315 318 442 460 561 562 387 384 653
1 3600 313
12
86 638 533 536 475 472 405 406 439 432 597 507
1 3600 182
6
543 469 462 544 551 548
1 3600 182
8
547 465 462 544 551 477 478 590
1 3600 182
10
666 123 124 425 426 685 682 549 477 478
1 3600 182
6
140 403 406 439 434 478
1 3600 182
15
538 175 178 534 143 146 692 115 118 97 94 9 2 28 437
1 3600 163
5
464 175 178 532 667
1 3600 161
9
239 242 51 52 84 91 88 171 172
1 3600 161
4
87 82 371 374
1 3600 161
4
176 87 82 371
1 3600 161
9
537 179 176 87 84 350 65 62 69
1 3600 161
6
537 532 639 87 84 350
1 3600 161
6
84 91 75 72 262 69
1 3600 1223
25
538 175 178 534 425 422 529 511 483 488 629 213 210 251 35 32 44 258 282 524 566 570 657 658 694
1 3600 555
18
120 529 511 512 637 634 111 108 232 236 612 607 287 288 441 27 28 602
1 3600 127
7
536 145 146 692 11 16 93
1 3600 186
12
469 464 175 178 534 125 120 529 487 482 508 355
1 3600 186
6
638 123 120 529 530 357
1 3600 214
10
176 87 84 350 77 74 57 54 99 104
1 3600 1223
27
391 388 396 83 84 91 88 171 99 104 161 156 353 354 623 624 133 130 215 208 247 35 32 43 38 276 582
1 3600 1223
12
145 146 692 115 118 252 183 184 230 247 35 30
1 3600 815
12
140 668 15 10 115 112 485 488 629 213 210 272
1 3600 531
14
239 242 51 52 86 638 123 101 104 161 162 190 206 229
1 3600 1223
10
425 422 676 161 158 189 192 321 322 604
1 3600 1223
33
367 364 451 452 171 99 102 632 665 199 194 193 188 149 150 166 183 186 292 418 690 441 442 460 561 562 387 384 553 331 328 349 311
1 3600 1019
14
57 54 99 104 677 423 426 685 682 439 432 597 507 502
1 3600 271
13
457 454 61 64 351 85 86 177 178 536 475 472 405
1 3600 463
6
370 83 86 177 174 546
1 3600 463
7
74 57 54 99 100 124 143
1 3600 463
8
263 73 74 90 85 86 177 174
1 3600 463
9
265 73 76 351 85 86 177 174 539
1 3600 463
4
417 399 396 83
1 3600 463
12
60 271 263 73 74 90 85 86 177 174 465 466
1 3600 463
6
365 368 351 85 86 177
1 3600 463
6
351 85 53 50 243 238
1 3600 463
4
51 52 86 177
1 3600 463
5
417 399 396 83 86
1 3600 463
7
673 59 54 99 100 124 143
1 3600 463
7
367 368 351 85 86 638 533
1 3600 463
6
173 99 100 122 533 179
1 3600 463
7
90 85 86 177 174 539 540
1 3600 463
13
673 457 451 71 68 63 64 351 85 82 397 389 390
1 3600 444
3
261 262 69
1 3600 444
8
687 261 73 74 90 85 53 50
1 3600 444
3
263 73 74
1 3600 444
8
245 242 51 52 84 91 88 171
1 3600 1223
22
59 54 99 104 161 156 431 169 139 136 164 181 186 235 236 612 607 255 256 523 524 566
1 3600 1223
19
240 399 396 83 86 638 123 120 529 487 484 113 116 93 94 9 2 28 602
1 3600 349
19
88 171 99 104 161 162 190 206 615 618 620 401 107 108 232 236 610 291 288
1 3600 330
4
54 99 104 677
1 3600 330
5
171 99 104 161 156
1 3600 470
10
245 242 51 52 86 638 123 101 102 630
1 3600 470
6
70 452 171 99 102 630
1 3600 470
8
688 265 73 74 57 54 99 102
1 3600 470
5
452 171 99 104 161
1 3600 470
11
62 263 73 74 57 54 99 104 680 665 662
1 3600 1223
19
351 85 86 638 123 120 529 511 512 133 130 223 220 251 35 32 43 38 276
1 3600 1223
26
261 73 76 351 85 86 638 533 536 475 470 668 15 16 93 94 642 7 4 314 420 675 607 255 45 43
1 3600 1223
16
271 263 73 74 88 171 99 104 161 158 205 202 227 217 220 272
1 3600 582
11
57 54 99 100 120 529 511 508 623 493 494
1 3600 1223
10
263 73 74 88 171 99 102 632 665 199
1 3600 173
10
649 569 570 657 658 557 331 328 335 340
1 3600 173
4
557 331 328 349
1 3600 191
5
659 655 653 81 78
1 3600 582
15
647 569 567 564 559 519 520 461 458 599 507 502 514 411 414
1 3600 1223
19
579 576 583 277 39 42 33 34 250 211 212 129 132 513 510 528 121 122 667
1 3600 1223
18
565 525 283 280 290 421 293 187 180 165 151 148 159 160 105 98 55 56
1 3600 214
4
559 562 657 658
1 3600 202
9
569 567 564 559 560 461 458 599 600
1 3600 202
5
386 563 519 516 283
1 3600 202
6
386 563 519 520 461 458
1 3600 202
6
697 659 656 563 560 461
1 3600 202
8
656 563 519 520 461 458 379 376
1 3600 249
20
697 659 656 571 567 525 522 257 254 606 613 237 234 294 428 643 95 92 17 12
1 3600 1223
15
563 519 516 283 280 290 611 237 233 109 110 635 489 486 528
1 3600 1223
23
571 567 525 522 275 39 42 33 34 246 209 214 131 126 492 622 355 352 157 160 680 633 630
1 3600 197
8
647 569 567 525 522 275 276 582
1 3600 226
10
695 659 656 563 560 285 259 45 33 36
1 3600 531
7
579 576 583 277 274 257 254
1 3600 1111
13
563 519 516 283 280 286 606 613 237 233 230 209 214
1 3600 1223
17
645 569 567 525 283 280 290 675 613 237 233 109 106 400 621 619 616
1 3600 163
3
360 384 653
1 3600 90
9
363 360 384 653 81 78 25 18 394
1 3600 174
4
601 596 433 434
1 3600 531
17
284 461 443 319 5 8 95 92 117 114 693 427 424 125 122 639 87
1 3600 1111
26
378 459 443 440 691 419 293 187 182 678 165 137 134 485 482 510 528 676 105 98 170 89 75 72 262 63
1 3600 130
6
378 459 460 521 518 562
1 3600 130
6
524 566 570 657 658 694
1 3600 130
6
378 459 460 561 558 660
1 3600 180
9
458 599 507 502 445 448 395 19 20
1 3600 111
16
359 360 386 563 560 461 443 319 316 419 293 187 184 109 110 670
1 3600 111
9
359 360 386 563 519 520 461 443 27
1 3600 111
9
363 360 386 563 560 461 443 319 5
1 3600 111
3
29 26 440
1 3600 349
13
285 280 288 691 317 5 6 643 95 96 119 114 693
1 3600 1223
17
259 45 33 34 250 221 216 228 207 204 189 192 195 198 664 633 103
1 3600 370
6
460 521 516 522 275 276
1 3600 105
9
360 386 571 567 525 522 257 45 33
1 3600 161
16
377 378 603 437 438 407 402 141 144 537 532 639 87 82 371 372
1 3600 408
17
359 360 386 563 519 520 285 259 254 606 613 237 233 109 110 635 636
1 3600 1223
17
29 3 6 429 295 187 180 165 137 138 153 148 189 192 321 322 604
1 3600 436
15
2 28 602 599 507 502 445 448 395 299 296 325 267 268 339
1 3600 156
7
441 27 28 602 599 507 502
1 3600 152
16
671 111 108 185 182 253 119 114 11 14 682 549 477 478 413 414
1 3600 152
11
290 421 293 294 428 643 95 92 17 14 669
1 3600 145
5
119 114 693 147 144
1 3600 349
15
314 293 187 180 165 151 154 430 157 160 105 98 170 453 450
1 3600 313
13
111 108 232 236 612 607 255 256 275 276 582 577 572
1 3600 198
5
318 442 458 599 600
1 3600 198
8
111 108 232 236 612 674 291 281
1 3600 198
11
28 437 434 478 589 515 445 448 395 19 20
1 3600 198
15
183 186 292 315 318 442 458 599 507 502 445 446 498 23 20
1 3600 198
10
292 420 291 281 282 517 518 562 387 361
1 3600 198
6
418 690 441 27 28 602
1 3600 113
5
679 253 97 94 9
1 3600 177
7
428 643 95 92 17 10 693
1 3600 177
7
15 16 117 112 485 482 508
1 3600 177
4
95 96 119 112
1 3600 177
12
286 606 613 237 233 230 209 212 628 636 625 622
1 3600 177
7
115 112 485 482 508 355 356
1 3600 339
17
691 419 293 187 182 167 137 138 153 148 189 192 195 198 664 633 630
1 3600 1019
12
118 252 183 184 230 247 35 32 43 38 276 580
1 3600 182
12
94 642 429 295 235 236 612 607 255 45 43 40
1 3600 138
6
184 109 110 635 629 626
1 3600 138
3
184 230 247
1 3600 111
5
151 148 189 192 321
1 3600 940
8
137 138 153 148 189 192 195 200
1 3600 1223
13
423 426 685 682 549 477 478 589 515 445 448 395 392
1 3600 582
16
531 528 423 426 685 682 439 434 478 413 410 515 445 446 498 23
1 3600 182
12
353 354 509 483 484 113 116 17 14 669 471 472
1 3600 87
5
424 535 179 174 465
1 3600 134
8
355 352 157 160 105 98 55 56
1 3600 1223
15
488 636 133 128 213 208 247 35 32 43 38 276 582 577 572
1 3600 330
15
155 152 139 136 164 181 186 294 428 7 2 28 602 599 600
1 3600 86
5
113 118 97 94 642
1 3600 86
7
155 150 166 183 186 294 428
1 3600 86
7
354 509 483 484 113 116 93
1 3600 200
3
530 357 352
1 3600 96
6
486 528 676 680 665 662
1 3600 96
9
482 508 355 352 157 162 192 195 198
1 3600 1223
18
623 493 127 130 215 208 231 232 236 612 607 255 256 275 276 582 577 574
1 3600 679
9
512 133 128 213 210 251 35 32 43
1 3600 165
9
426 692 115 118 252 183 184 230 247
1 3600 67
8
482 508 355 352 157 158 205 202
1 3600 349
11
529 530 357 352 431 155 148 189 192 321 322
1 3600 1223
22
663 664 681 677 121 124 143 140 403 406 439 432 597 507 502 445 448 395 299 300 307 302
1 3600 1223
9
699 531 528 423 426 685 682 439 432
1 3600 611
9
100 124 143 140 403 404 551 477 478
1 3600 185
6
677 423 424 143 144 475
1 3600 70
9
631 103 100 122 639 87 53 48 380
1 3600 1223
20
104 161 156 431 169 139 136 164 181 186 292 418 690 289 281 282 524 566 570 657
1 3600 1223
15
663 199 194 193 188 149 150 164 679 253 97 94 9 2 28
1 3600 255
6
664 681 677 423 426 685
1 3600 90
8
632 681 161 156 353 354 509 483
1 3600 90
6
631 632 681 677 529 487
1 3600 239
3
632 665 662
1 3600 1223
20
632 665 199 194 193 190 206 615 618 620 401 107 108 232 236 612 607 255 256 640
1 3600 1223
11
104 161 162 190 202 227 217 220 251 35 30
1 3600 555
8
158 205 206 229 217 220 251 248
1 3600 142
6
663 199 194 193 190 202
1 3600 188
3
665 199 200
1 3600 1019
18
575 576 583 277 274 523 517 518 562 387 384 553 331 327 324 393 394 650
1 3600 1223
15
576 583 277 274 523 524 566 570 657 655 653 81 78 25 18
1 3600 1223
12
581 277 39 42 44 258 284 461 458 603 437 434
1 3600 1223
16
279 39 42 33 34 250 221 222 131 132 513 510 528 121 122 639
1 3600 1223
17
277 39 42 33 34 250 221 216 226 203 191 163 160 105 98 55 56
1 3600 143
4
641 523 524 566
1 3600 255
10
581 277 274 523 517 518 562 387 361 362
1 3600 582
15
583 277 274 257 254 606 674 421 418 317 5 8 95 92 117
1 3600 1223
11
277 39 42 33 34 246 209 212 628 489 486
1 3600 1223
18
576 583 277 274 257 254 606 613 237 233 109 106 400 621 409 203 204 159
1 3600 531
3
576 583 580
1 3600 191
4
279 39 42 44
1 3600 191
4
583 277 274 257
1 3600 191
5
583 277 39 42 33
1 3600 408
8
279 274 257 254 606 613 237 233
1 3600 1111
15
575 576 583 277 39 42 33 34 250 211 214 131 126 490 592
1 3600 1223
16
581 277 274 523 283 280 290 611 237 233 109 106 400 621 619 616
1 3600 940
10
47 44 258 284 561 562 387 384 553 554
1 3600 815
8
47 44 258 284 461 458 599 507
1 3600 1019
14
47 44 254 287 288 691 317 5 8 95 92 17 14 669
1 3600 1223
13
37 34 246 231 185 182 253 119 114 693 147 142 125
1 3600 1223
17
37 34 250 221 216 228 207 191 163 160 105 98 170 89 75 72 262
1 3600 218
5
274 523 517 518 562
1 3600 96
8
32 44 258 284 561 562 387 361
1 3600 142
6
31 34 246 231 185 182
1 3600 643
14
254 287 290 421 315 5 8 95 92 17 10 693 427 422
1 3600 1223
11
37 34 246 209 212 129 132 513 510 528 676
1 3600 86
4
275 276 582 584
1 3600 230
3
42 33 30
1 3600 111
6
609 231 232 236 612 607
1 3600 111
4
45 33 34 248
1 3600 111
4
33 34 250 272
1 3600 249
13
44 254 606 613 237 233 109 106 400 621 619 614 207
1 3600 1223
15
523 283 280 290 421 293 187 180 165 151 148 205 206 615 616
1 3600 1223
14
234 292 315 318 442 460 521 518 562 657 655 653 333 327
1 3600 873
20
219 222 215 208 231 232 234 294 428 7 2 28 602 599 507 502 445 446 498 500
1 3600 719
14
108 185 182 253 119 114 11 14 682 549 477 478 413 414
1 3600 815
13
249 246 209 214 131 128 628 489 486 528 121 122 667
1 3600 1019
6
373 370 83 84 350 65
1 3600 611
14
627 129 130 223 220 251 35 32 43 38 276 582 577 572
1 3600 170
13
249 246 231 232 234 292 418 690 441 442 458 599 600
1 3600 123
15
373 370 83 86 638 533 536 145 146 692 115 118 252 678 165
1 3600 123
6
246 231 185 186 294 428
1 3600 182
7
221 216 226 203 204 149 154
1 3600 643
8
106 400 621 409 203 204 159 160
1 3600 643
10
273 251 35 32 43 38 276 582 577 574
1 3600 128
8
232 236 610 291 281 282 522 275
1 3600 128
24
383 49 52 86 638 533 536 475 470 668 15 16 93 94 9 4 316 419 420 291 281 259 45 43
1 3600 128
4
612 607 255 256
1 3600 152
3
627 213 210
1 3600 130
9
237 233 109 110 635 636 625 595 491
1 3600 130
8
606 613 237 233 109 110 635 629
1 3600 130
12
610 421 293 187 180 165 137 134 485 488 636 625
1 3600 130
4
250 211 212 129
1 3600 130
3
221 216 226
1 3600 582
12
627 129 126 492 622 355 352 157 162 192 195 196
1 3600 1223
19
139 136 164 181 186 292 418 317 318 442 460 561 562 657 658 557 331 328 349
1 3600 1223
15
489 484 113 114 11 14 682 549 477 478 589 515 445 446 498
1 3600 764
10
150 166 253 97 94 9 2 28 437 434
1 3600 611
12
188 149 154 430 353 356 531 528 121 122 639 87
1 3600 582
11
132 513 510 528 121 101 98 170 453 450 365
1 3600 1223
16
202 408 620 401 107 108 232 236 610 291 281 282 524 566 570 657
1 3600 470
22
193 188 149 152 139 136 164 679 183 186 292 418 690 441 442 460 521 518 562 387 361 362
1 3600 224
10
193 188 149 150 164 181 186 294 428 7
1 3600 224
5
526 401 107 108 185
1 3600 248
8
400 621 619 614 207 191 163 156
1 3600 248
6
107 110 635 489 486 528
1 3600 248
4
622 509 483 484
1 3600 188
5
204 159 160 680 633
1 3600 1223
13
614 229 217 220 251 35 32 43 38 276 582 577 574
1 3600 321
10
634 111 108 232 236 612 607 255 256 275
1 3600 264
6
618 620 401 107 108 232
1 3600 264
9
593 594 624 637 634 111 108 232 236
1 3600 264
10
513 510 528 121 122 639 87 53 48 382
1 3600 264
5
618 409 227 217 220
1 3600 264
6
208 231 232 236 612 607
1 3600 264
8
188 149 152 139 136 166 183 184
1 3600 264
12
492 622 509 510 528 121 122 639 87 82 371 372
1 3600 264
4
227 217 220 272
1 3600 264
4
628 634 111 108
1 3600 220
7
223 216 228 207 191 192 321
1 3600 220
7
495 492 622 355 352 431 155
1 3600 248
6
228 207 191 192 321 322
1 3600 248
10
400 621 409 203 204 189 192 321 322 604
1 3600 248
11
636 625 622 355 352 157 158 189 192 321 322
1 3600 248
11
129 130 223 216 226 203 191 192 321 322 604
1 3600 1223
26
605 323 320 193 188 149 152 139 134 113 116 17 14 682 439 432 597 507 502 445 448 395 299 300 307 302
1 3600 1223
12
198 664 633 103 100 124 143 140 403 406 439 432
1 3600 1223
13
198 664 681 677 423 426 685 682 549 477 478 413 414
1 3600 1223
12
198 664 633 103 100 124 535 179 174 539 469 466
1 3600 764
9
605 323 320 193 163 160 105 98 55
1 3600 1223
19
194 193 188 149 150 164 181 186 292 420 291 281 282 522 275 276 582 577 578
1 3600 1223
22
605 323 320 193 188 159 156 353 354 509 483 484 113 116 93 94 9 4 318 442 460 521
1 3600 555
14
197 194 193 188 149 150 164 679 183 186 292 418 690 289
1 3600 260
8
323 320 193 163 156 353 356 531
1 3600 147
7
605 323 320 193 188 159 160
1 3600 1223
16
605 323 320 193 190 206 229 217 220 251 35 32 43 38 276 582
1 3600 1223
14
323 320 193 188 205 202 227 217 222 215 208 247 35 30
1 3600 382
13
197 198 664 633 103 98 55 56 90 85 53 48 382
1 3600 111
4
617 618 620 527
1 3600 111
3
197 194 321
1 3600 111
5
194 193 190 202 408
1 3600 470
7
617 614 207 204 189 192 195
