531
1 3600 212
3
173 159 162
1 3600 212
6
727 728 707 647 403 404
1 3600 245
8
824 669 161 164 43 19 14 510
1 3600 245
7
173 174 45 40 31 28 126
1 3600 245
9
704 719 716 167 168 926 467 464 385
1 3600 245
6
578 575 177 174 45 19
1 3600 245
10
364 549 203 200 455 21 22 460 751 752
1 3600 245
5
167 168 187 31 17
1 3600 245
17
299 302 806 277 272 403 398 914 201 198 206 217 25 26 33 28 128
1 3600 245
3
575 177 174
1 3600 245
8
700 836 649 646 704 719 163 164
1 3600 234
15
701 607 559 549 550 185 180 546 541 333 326 478 923 835 355
1 3600 796
12
405 398 167 168 926 467 464 925 921 917 69 64
1 3600 796
19
647 648 367 364 281 282 286 243 244 531 534 698 769 603 604 543 143 140 864
1 3600 796
27
728 669 161 162 716 914 201 204 195 188 284 763 651 581 582 894 767 764 869 870 891 887 617 614 263 260 654
1 3600 796
28
824 669 161 164 43 19 14 510 833 834 922 469 472 474 149 146 446 919 69 62 417 111 106 132 83 78 247 250
1 3600 251
5
703 607 559 549 191
1 3600 251
5
405 398 914 201 202
1 3600 251
6
173 159 162 716 914 201
1 3600 251
6
703 363 364 549 550 205
1 3600 253
8
173 174 45 40 186 453 456 545
1 3600 253
9
405 400 719 716 914 201 204 195 192
1 3600 442
17
703 607 565 279 282 284 683 680 692 734 740 153 150 885 769 603 600
1 3600 796
23
300 578 575 177 174 725 43 19 14 127 130 462 748 750 481 327 330 533 534 698 769 519 522
1 3600 796
27
164 171 168 926 27 24 218 541 333 330 155 156 582 894 767 764 869 37 34 891 313 310 625 425 426 391 386
1 3600 796
27
703 363 366 837 275 272 403 398 167 168 187 31 28 128 382 671 672 818 357 352 917 69 66 88 420 798 793
1 3600 796
30
647 273 274 836 367 364 281 282 286 288 581 582 894 767 764 869 597 598 529 526 449 450 822 689 690 53 50 743 744 804
1 3600 569
9
401 402 648 837 701 607 565 9 4
1 3600 724
15
577 301 302 806 277 274 701 363 364 549 191 188 284 763 695
1 3600 796
17
578 728 707 704 719 716 914 455 21 22 460 539 241 242 288 652 740
1 3600 796
26
272 403 400 667 161 164 43 19 16 32 467 462 459 460 481 478 537 155 156 582 894 767 764 869 37 38
1 3600 796
32
824 669 666 401 398 167 168 926 467 464 925 921 881 149 144 608 517 520 543 103 87 88 341 338 661 662 688 823 451 448 527 439
1 3600 796
30
573 177 174 45 19 14 510 833 355 352 917 69 64 73 76 106 132 83 78 360 676 721 489 492 830 799 215 212 859 854
1 3600 796
31
719 716 167 168 453 21 22 460 481 478 469 472 474 149 146 446 919 69 66 88 418 853 850 53 46 235 236 899 861 743 746
1 3600 136
10
511 15 18 42 165 160 666 705 647 648
1 3600 136
3
725 171 166
1 3600 136
8
927 169 166 399 402 273 274 836
1 3600 136
9
461 458 463 131 29 30 41 44 175
1 3600 136
17
670 383 384 753 749 459 23 20 456 207 179 184 551 548 365 362 702
1 3600 107
3
187 31 17
1 3600 140
7
675 672 820 834 922 469 472
1 3600 140
12
168 453 456 217 218 541 241 244 531 534 477 474
1 3600 140
8
462 748 750 539 333 330 533 471
1 3600 140
8
43 40 186 926 27 22 460 481
1 3600 140
7
19 16 28 128 384 925 922
1 3600 265
9
926 467 464 925 921 881 149 146 446
1 3600 796
19
31 28 128 382 833 821 818 357 352 917 69 62 417 137 138 135 132 97 94
1 3600 796
29
168 453 456 545 546 541 241 242 288 581 582 894 767 764 869 870 589 586 643 641 633 630 389 392 371 317 318 374 411
1 3600 796
17
672 818 357 352 881 882 769 519 520 543 143 101 96 83 78 349 249
1 3600 139
7
130 466 27 24 216 207 199
1 3600 113
4
32 27 24 218
1 3600 113
6
166 914 201 198 179 182
1 3600 126
9
462 748 750 481 327 328 531 534 698
1 3600 468
11
748 750 481 478 469 472 474 149 144 608 517
1 3600 796
25
43 19 14 510 833 834 922 537 155 156 582 894 767 764 869 597 593 594 844 867 483 484 629 619 515
1 3600 796
11
28 130 464 925 921 917 69 66 88 420 800
1 3600 796
35
383 384 753 750 539 241 242 288 581 582 894 767 764 869 37 34 891 637 634 639 640 644 656 664 499 502 658 53 46 875 872 861 743 744 804
1 3600 724
14
16 32 27 24 218 547 181 182 193 188 284 683 680 696
1 3600 569
10
384 753 750 539 241 242 288 652 735 736
1 3600 796
7
459 460 539 333 330 155 152
1 3600 796
13
925 922 537 155 156 582 894 767 764 869 597 567 441
1 3600 796
38
45 40 186 453 456 545 546 541 333 330 533 534 698 884 291 296 562 919 69 62 71 76 106 132 83 78 360 676 772 771 655 261 262 615 347 344 422 482
1 3600 796
10
382 833 355 352 917 69 66 88 418 859
1 3600 796
35
467 462 459 460 481 478 469 472 476 698 769 603 604 543 143 140 864 81 78 360 678 777 709 714 797 415 231 211 212 853 850 53 50 743 744
1 3600 234
10
480 461 23 20 454 915 717 163 158 172
1 3600 55
5
920 924 465 466 33
1 3600 55
9
473 470 532 331 332 540 219 25 26
1 3600 112
5
474 880 353 356 819
1 3600 64
9
834 921 917 69 62 417 137 138 125
1 3600 64
4
355 352 881 149
1 3600 221
11
149 146 446 919 69 64 73 76 106 132 83
1 3600 796
16
882 769 519 520 543 103 104 91 88 420 798 831 755 756 409 406
1 3600 796
28
327 328 245 242 288 652 740 585 582 894 767 764 869 870 891 313 314 487 423 345 346 614 263 264 759 733 723 711
1 3600 498
13
357 354 832 383 129 29 30 186 453 454 201 202 191
1 3600 128
9
881 475 473 468 479 480 461 23 20
1 3600 57
3
834 922 537
1 3600 137
8
469 472 476 698 769 519 522 560
1 3600 398
20
470 532 155 156 582 894 767 764 869 37 38 591 586 643 644 433 430 828 513 514
1 3600 796
17
352 917 69 62 417 137 138 135 132 83 78 360 676 721 489 492 795
1 3600 796
23
472 474 149 146 446 919 69 66 88 341 334 376 661 658 53 46 875 876 899 861 743 746 778
1 3600 796
11
834 922 479 327 328 245 242 288 650 695 696
1 3600 724
7
881 882 884 151 152 741 653
1 3600 796
7
352 881 882 884 151 156 582
1 3600 613
10
881 882 884 151 156 582 894 767 764 869
1 3600 796
17
478 537 155 156 582 894 767 764 869 597 598 529 526 449 61 54 307
1 3600 796
15
149 144 610 603 604 543 103 87 88 418 859 854 874 235 238
1 3600 796
34
352 917 69 62 417 111 106 132 83 78 360 676 772 731 732 756 409 410 375 319 316 370 512 505 506 501 498 689 690 53 46 875 872 900
1 3600 796
17
144 610 768 699 535 530 329 332 540 547 544 457 452 169 170 165 160
1 3600 249
11
124 139 136 416 63 68 916 920 924 465 466
1 3600 121
6
447 147 148 475 473 468
1 3600 121
4
148 880 353 356
1 3600 121
4
916 353 356 819
1 3600 121
15
92 65 68 918 563 523 518 768 699 535 532 536 923 835 821
1 3600 135
5
76 108 138 125 118
1 3600 139
14
144 608 517 522 562 919 69 66 90 95 96 83 84 112
1 3600 139
8
119 124 135 132 862 864 81 84
1 3600 139
7
919 69 62 417 137 109 106
1 3600 139
8
879 359 352 917 69 62 417 137
1 3600 139
7
119 124 135 132 83 84 116
1 3600 306
19
879 359 352 881 149 146 444 517 520 543 143 140 864 81 78 360 676 772 771
1 3600 796
9
66 88 420 798 793 790 796 715 708
1 3600 796
12
148 475 476 535 530 245 240 540 547 181 184 551
1 3600 468
13
68 918 563 297 290 151 156 580 289 287 189 194 185
1 3600 135
11
75 72 65 68 918 447 444 609 610 603 600
1 3600 128
8
555 556 359 352 881 149 144 608
1 3600 128
7
416 63 68 918 563 523 518
1 3600 124
17
123 124 135 132 97 98 104 91 88 341 336 621 509 504 387 390 427
1 3600 419
16
65 66 86 99 96 83 78 360 678 777 709 714 797 791 792 799
1 3600 796
15
444 517 520 543 143 140 863 83 78 360 678 259 254 786 225
1 3600 796
14
92 65 68 918 563 297 290 151 152 741 735 693 681 684
1 3600 796
9
556 359 354 834 922 537 155 152 896
1 3600 796
5
563 297 290 151 156
1 3600 498
3
563 297 292
1 3600 531
20
123 124 135 132 97 94 91 88 341 336 323 324 370 393 388 631 632 638 866 587
1 3600 796
33
553 556 359 354 832 383 384 753 750 539 241 242 288 581 582 894 767 764 869 870 891 637 634 639 640 644 656 664 499 502 658 53 48
1 3600 796
13
124 135 132 97 98 87 88 418 859 854 876 899 900
1 3600 796
30
85 80 865 141 142 542 605 602 768 699 535 532 331 332 538 751 749 463 131 126 15 18 44 175 176 572 668 825 277 272
1 3600 796
12
142 542 521 516 609 145 148 880 920 924 385 129
1 3600 227
10
81 82 133 107 77 70 63 68 916 920
1 3600 124
8
136 416 63 68 916 353 358 557
1 3600 124
6
139 136 416 63 68 918
1 3600 124
6
77 72 65 68 918 447
1 3600 124
3
67 68 918
1 3600 99
5
101 96 83 84 112
1 3600 97
7
140 864 81 78 360 676 721
1 3600 97
9
109 106 132 83 78 360 676 772 771
1 3600 97
4
863 83 78 360
1 3600 306
10
132 97 94 91 88 420 798 831 493 490
1 3600 796
21
113 85 82 862 141 142 542 605 602 768 699 535 530 329 332 540 219 216 207 199 202
1 3600 796
19
141 142 542 521 516 445 147 148 475 473 468 479 480 461 23 24 216 545 181
1 3600 419
7
142 542 605 602 768 884 151
1 3600 130
11
85 82 133 107 110 416 63 68 918 563 560
1 3600 100
11
135 132 97 98 87 88 341 336 323 321 318
1 3600 100
14
864 81 78 360 676 721 722 732 758 265 262 375 319 320
1 3600 107
7
78 360 676 721 489 492 795
1 3600 531
11
135 132 97 94 91 88 418 213 210 230 221
1 3600 796
17
136 416 63 68 918 447 147 148 475 473 470 530 245 242 287 283 278
1 3600 796
20
113 85 80 865 141 142 542 521 518 768 699 535 532 331 328 245 242 288 652 735
1 3600 796
11
107 77 70 63 68 918 563 297 290 151 152
1 3600 569
19
135 132 97 98 87 88 341 338 785 782 431 432 645 642 845 525 528 443 440
1 3600 362
14
103 87 88 341 334 380 504 829 827 429 434 59 60 448
1 3600 498
17
135 132 83 78 360 678 777 709 712 788 791 233 211 212 853 850 659
1 3600 796
9
103 104 91 88 418 859 854 872 900
1 3600 796
30
360 676 772 731 732 756 409 410 615 616 886 890 871 868 765 766 895 583 580 650 762 285 189 190 203 200 915 717 718 667
1 3600 796
25
676 772 771 655 261 262 615 616 311 312 890 35 36 868 765 766 895 583 157 154 536 479 480 751 752
1 3600 796
10
754 830 799 421 89 67 68 916 353 356
1 3600 295
10
720 677 361 79 82 133 107 77 72 65
1 3600 85
4
361 79 84 114
1 3600 85
6
757 758 801 421 89 90
1 3600 85
6
488 720 677 361 79 82
1 3600 144
4
360 676 721 489
1 3600 83
10
408 757 733 723 711 712 787 255 256 396
1 3600 83
8
260 407 408 770 773 677 361 349
1 3600 796
29
360 676 772 771 409 410 615 347 344 424 622 626 636 890 871 868 765 766 895 583 584 741 735 693 694 762 285 283 280
1 3600 796
32
731 732 758 265 262 375 319 316 370 514 618 628 485 482 866 845 595 592 596 868 765 766 895 583 580 289 243 240 540 547 544 457
1 3600 796
26
721 489 492 830 799 421 341 334 376 661 503 498 665 657 645 642 587 590 39 36 868 765 766 895 583 157
1 3600 531
10
732 754 830 799 421 89 86 102 542 521
1 3600 126
4
407 410 615 616
1 3600 54
8
722 732 756 655 261 262 375 372
1 3600 166
9
731 723 489 490 797 415 412 813 816
1 3600 796
20
261 262 615 616 886 890 35 36 868 765 766 895 583 580 650 762 285 283 11 3
1 3600 796
22
407 410 375 319 320 324 370 393 390 427 422 486 315 312 890 871 868 765 766 895 583 580
1 3600 796
19
264 801 215 212 853 850 691 305 306 55 60 448 527 528 599 596 868 765 766
1 3600 796
24
731 732 754 795 792 799 421 341 336 621 509 506 782 827 631 632 638 635 636 890 35 36 868 765
1 3600 531
25
351 348 360 678 777 774 786 225 222 812 267 268 209 212 419 341 338 785 501 498 665 657 645 642 845
1 3600 442
8
264 801 215 212 859 854 876 899
1 3600 796
13
360 678 259 256 227 220 231 211 212 853 850 53 50
1 3600 796
22
495 251 246 79 82 97 94 91 67 68 916 920 924 465 466 927 169 166 399 402 648 837
1 3600 796
17
348 79 82 133 134 139 136 416 63 68 916 353 356 819 673 670 383
1 3600 796
13
227 220 231 211 214 421 89 67 68 918 447 147 148
1 3600 796
9
786 788 791 792 799 421 89 67 64
1 3600 257
6
397 257 258 679 361 79
1 3600 156
8
777 709 714 491 492 755 756 409
1 3600 156
4
227 224 713 710
1 3600 156
6
709 710 722 730 771 655
1 3600 156
6
777 709 714 491 492 755
1 3600 173
5
395 257 254 786 713
1 3600 796
22
497 251 246 79 80 865 141 142 542 605 602 768 883 475 473 468 479 480 461 23 20 454
1 3600 796
29
786 788 791 792 799 421 341 336 621 369 370 514 343 344 424 624 311 312 890 871 868 765 766 895 583 157 154 331 332
1 3600 796
17
248 348 79 82 133 107 77 72 65 68 918 447 444 609 610 768 884
1 3600 796
14
709 714 797 415 231 211 212 419 89 67 68 918 563 297
1 3600 468
16
495 251 246 360 676 772 771 409 410 615 347 342 618 628 485 486
1 3600 128
6
777 709 714 797 791 792
1 3600 157
12
495 251 248 348 360 676 721 711 712 225 222 816
1 3600 157
5
797 415 412 813 814
1 3600 796
33
497 251 246 79 82 133 107 110 416 63 68 916 920 835 832 511 15 18 42 165 162 718 705 647 273 274 836 367 362 607 565 9 4
1 3600 796
30
395 227 222 812 267 268 209 212 853 850 691 688 823 451 448 527 439 436 442 599 596 868 765 766 895 583 584 741 735 693
1 3600 796
17
709 710 722 732 758 265 262 615 616 886 890 35 36 868 765 766 895
1 3600 796
28
497 251 248 348 360 676 772 771 655 261 262 375 319 316 370 512 829 431 432 57 60 448 612 847 595 592 596 868
1 3600 796
23
251 246 360 676 721 489 492 830 799 421 341 334 380 504 387 388 631 632 638 866 845 525 439
1 3600 613
14
497 251 248 348 360 676 721 489 492 795 233 211 212 859
1 3600 796
20
246 360 676 721 489 492 830 799 215 212 859 854 874 235 236 899 861 743 744 781
1 3600 54
4
548 558 606 363
1 3600 120
4
455 21 22 458
1 3600 442
11
455 452 187 31 17 14 510 671 672 818 357
1 3600 796
16
550 195 188 284 763 695 692 734 740 153 150 291 296 523 516 445
1 3600 796
16
559 281 282 286 243 244 531 534 698 769 603 604 543 143 140 864
1 3600 796
19
565 279 282 284 763 651 581 582 894 767 764 869 37 34 891 887 617 614 263
1 3600 796
25
284 683 680 692 734 740 585 582 894 767 764 869 870 891 313 310 617 614 411 408 770 773 677 361 349
1 3600 159
3
549 550 205
1 3600 73
3
195 188 286
1 3600 73
7
559 549 550 185 180 546 541
1 3600 306
9
189 192 183 178 206 217 218 541 333
1 3600 796
13
550 185 180 546 541 333 330 533 534 698 769 519 522
1 3600 796
26
559 281 282 284 763 651 581 582 894 767 764 869 37 38 594 844 867 483 423 426 391 392 371 325 321 318
1 3600 796
30
551 191 188 284 683 680 692 734 740 585 582 894 767 764 869 597 567 441 437 438 526 449 61 58 435 428 826 783 784 339
1 3600 796
29
565 279 282 284 763 651 581 582 894 767 764 869 597 598 529 524 846 613 449 450 307 304 690 851 852 213 208 269 270
1 3600 75
6
559 549 191 188 284 683
1 3600 166
8
195 188 284 683 680 692 734 738
1 3600 796
7
204 195 188 286 288 652 740
1 3600 796
8
281 282 284 763 651 581 582 892
1 3600 796
14
286 288 581 582 894 767 764 869 37 38 594 846 613 449
1 3600 796
28
205 198 206 217 218 541 333 330 155 156 582 894 767 764 869 870 589 586 643 644 656 664 689 663 658 53 46 875
1 3600 796
32
551 191 188 284 683 680 692 734 740 585 582 894 767 764 869 37 34 891 637 627 487 484 630 826 783 784 661 662 690 53 50 743
1 3600 115
5
207 199 200 915 399
1 3600 51
5
458 463 466 927 169
1 3600 118
7
26 33 28 128 382 671 672
1 3600 468
16
219 25 22 458 748 752 925 921 917 69 62 417 137 138 125 118
1 3600 796
23
183 178 206 457 21 22 460 481 478 469 472 474 149 146 446 919 69 66 90 95 100 140 864
1 3600 796
15
452 926 467 464 925 921 917 69 66 86 99 96 83 78 360
1 3600 796
15
243 244 531 534 698 769 603 604 543 143 101 96 83 78 247
1 3600 77
3
193 190 203
1 3600 77
5
197 193 194 551 548
1 3600 137
3
180 544 217
1 3600 69
7
546 541 333 330 533 534 698
1 3600 69
4
460 481 327 328
1 3600 318
13
197 183 180 546 541 241 244 531 534 698 769 611 608
1 3600 796
14
546 541 333 330 155 156 582 894 767 764 869 870 891 313
1 3600 796
19
457 21 22 460 481 478 469 472 474 149 146 446 919 69 66 88 420 798 831
1 3600 796
29
541 241 242 288 581 582 894 767 764 869 37 34 891 887 625 425 345 342 515 371 368 620 337 340 420 215 208 802 838
1 3600 162
7
197 193 188 284 763 695 696
1 3600 69
5
193 188 284 763 651
1 3600 227
7
460 481 478 537 155 156 582
1 3600 468
11
197 193 188 286 288 581 582 894 767 764 869
1 3600 796
17
460 481 327 330 155 156 582 894 767 764 869 597 598 529 526 449 450
1 3600 796
19
217 25 26 467 464 925 921 917 69 66 88 418 853 850 53 46 235 236 899
1 3600 796
32
218 541 241 242 288 652 740 585 582 894 767 764 869 597 593 591 586 867 639 640 644 656 664 499 502 658 53 46 235 236 899 900
1 3600 398
17
699 477 473 468 923 924 465 131 29 30 41 44 175 176 574 726 806
1 3600 115
11
885 699 535 532 331 332 538 751 749 463 131
1 3600 53
7
329 326 478 923 835 821 818
1 3600 135
5
883 880 353 358 557
1 3600 379
13
698 769 519 522 562 919 69 64 73 76 106 132 83
1 3600 796
15
330 533 534 698 769 519 520 543 103 87 88 420 800 759 756
1 3600 796
12
601 604 543 103 87 88 420 798 793 790 796 715
1 3600 332
7
331 332 540 547 181 184 551
1 3600 34
6
536 479 480 461 23 20
1 3600 137
3
535 530 329
1 3600 37
6
328 531 534 698 769 603
1 3600 265
12
884 151 156 582 894 767 764 869 870 891 887 617
1 3600 796
22
329 330 155 156 582 894 767 764 869 37 34 891 313 314 623 425 426 391 386 505 381 335
1 3600 796
15
471 472 474 149 146 446 919 69 66 88 418 213 210 228 266
1 3600 569
12
601 602 768 699 535 530 245 242 287 283 11 12
1 3600 156
6
884 151 152 741 735 736
1 3600 100
4
535 532 155 152
1 3600 132
9
330 155 156 582 894 767 764 869 37
1 3600 379
12
291 296 562 919 69 66 88 341 338 785 782 827
1 3600 796
25
245 242 288 581 582 894 767 764 869 597 567 441 437 438 526 449 61 54 307 304 690 53 46 875 876
1 3600 796
17
531 534 698 769 519 520 543 103 104 91 88 418 859 854 872 861 743
1 3600 796
14
611 145 148 880 353 354 832 511 15 18 42 724 175 172
1 3600 419
9
611 145 148 475 473 468 479 480 751
1 3600 122
4
602 768 883 880
1 3600 61
5
608 445 446 919 69
1 3600 112
3
543 103 87
1 3600 498
17
519 522 562 919 69 62 71 76 106 132 83 78 360 676 772 731 732
1 3600 796
17
295 296 562 919 69 62 417 111 106 132 83 78 360 678 777 709 714
1 3600 796
17
145 148 475 473 468 479 480 461 23 24 216 207 179 184 551 548 558
1 3600 306
9
290 885 699 535 532 331 332 540 219
1 3600 35
3
290 151 154
1 3600 150
3
521 516 609
1 3600 65
13
445 446 919 69 66 88 341 334 380 504 387 390 427
1 3600 65
10
296 562 919 69 66 88 341 336 621 369
1 3600 265
10
561 523 520 543 143 101 98 104 91 88
1 3600 796
17
520 543 143 140 864 81 78 360 678 777 774 786 225 220 412 267 268
1 3600 796
8
290 151 156 580 289 287 283 11
1 3600 569
11
517 518 768 699 535 530 245 242 288 650 760
1 3600 234
4
295 290 151 156
1 3600 60
3
522 297 292
1 3600 110
13
768 884 151 156 582 894 767 764 869 597 598 443 437
1 3600 419
24
445 446 919 69 64 73 76 106 132 83 78 360 676 721 489 492 795 233 211 212 853 850 53 48
1 3600 796
11
561 562 919 69 66 88 418 859 854 872 861
1 3600 796
23
615 616 311 312 890 871 868 765 766 895 583 157 154 536 923 924 385 129 29 30 41 42 165
1 3600 796
13
508 620 337 340 89 67 68 916 353 356 819 673 670
1 3600 398
22
393 388 429 434 657 645 642 587 590 39 36 868 765 766 895 583 157 154 536 923 835 821
1 3600 128
13
625 425 426 619 515 371 325 322 337 340 89 67 64
1 3600 93
9
320 322 337 340 89 90 95 96 133
1 3600 93
11
617 614 411 408 770 773 677 361 79 84 114
1 3600 135
14
508 369 317 318 374 263 260 654 757 733 730 773 677 361
1 3600 531
13
374 411 408 757 754 493 490 797 789 787 255 256 396
1 3600 796
24
514 343 344 424 622 626 636 890 871 868 765 766 895 583 584 741 735 693 681 682 285 283 278 564
1 3600 796
17
624 886 890 35 36 868 765 766 895 583 580 650 762 285 189 192 196
1 3600 284
20
512 829 431 434 59 60 448 527 528 599 596 868 765 766 895 583 157 154 331 328
1 3600 106
13
315 312 890 871 868 765 766 895 583 157 150 291 294
1 3600 106
16
487 484 630 826 783 507 381 335 340 89 86 102 542 521 522 560
1 3600 106
17
628 485 482 866 587 590 39 36 868 765 766 895 583 157 150 291 294
1 3600 118
3
422 486 315
1 3600 87
7
625 425 345 342 515 371 368
1 3600 87
5
375 319 320 322 337
1 3600 87
5
614 263 264 801 215
1 3600 332
10
319 320 322 337 340 420 798 793 233 228
1 3600 796
21
514 618 427 422 482 866 845 595 592 596 868 765 766 895 583 584 741 735 693 681 684
1 3600 796
15
615 616 886 890 35 36 868 765 766 895 583 584 741 735 736
1 3600 796
11
344 424 622 626 636 890 871 868 765 766 895
1 3600 126
4
312 890 35 36
1 3600 92
5
487 484 630 429 432
1 3600 92
7
342 618 391 386 505 506 501
1 3600 110
11
314 487 484 630 826 783 784 661 658 53 48
1 3600 796
10
515 512 505 381 376 661 662 690 53 50
1 3600 796
19
419 89 67 68 916 920 924 465 466 927 169 170 165 160 668 729 726 303 298
1 3600 796
11
335 340 89 67 68 916 920 924 385 129 29
1 3600 796
18
794 493 488 720 677 361 79 82 133 134 139 136 416 63 68 916 353 356
1 3600 442
20
373 319 320 322 337 340 89 90 105 102 542 605 602 611 145 148 880 353 358 878
1 3600 103
12
373 374 263 260 654 770 773 677 361 79 80 865
1 3600 59
9
809 323 321 318 374 411 408 757 733
1 3600 150
12
337 340 420 798 831 493 488 720 677 361 247 250
1 3600 796
24
509 506 501 498 823 451 448 527 439 436 440 566 596 868 765 766 895 583 580 289 287 189 194 205
1 3600 796
25
373 319 320 324 370 393 388 631 632 638 866 587 588 871 868 765 766 895 583 580 289 243 240 540 547
1 3600 796
16
373 319 320 322 337 340 89 86 102 542 521 518 768 699 535 530
1 3600 295
8
335 340 89 67 68 918 563 297
1 3600 89
7
509 504 387 390 427 424 624
1 3600 89
5
421 341 336 323 324
1 3600 89
4
323 321 318 374
1 3600 112
10
509 506 501 502 658 851 852 213 210 232
1 3600 78
6
340 420 215 208 802 838
1 3600 78
8
420 798 793 233 230 221 222 814
1 3600 796
40
213 210 230 414 796 715 708 776 679 361 79 82 133 107 77 70 63 68 916 920 835 832 511 15 18 44 175 172 571 572 666 705 647 648 367 364 281 278 9 4
1 3600 796
22
373 319 316 370 512 829 431 432 57 60 448 527 528 599 596 868 765 766 895 583 584 741
1 3600 796
19
809 621 369 370 393 390 628 485 482 866 845 595 39 36 868 765 766 895 583
1 3600 419
13
376 661 662 305 306 451 448 527 528 599 596 868 902
1 3600 100
8
373 319 316 370 393 388 429 434
1 3600 48
5
421 341 338 661 662
1 3600 234
11
334 376 661 662 690 53 46 235 236 899 900
1 3600 796
34
839 840 271 266 413 414 796 715 708 776 679 361 79 82 133 107 110 416 63 68 916 920 924 465 466 927 169 166 399 402 273 274 701 363
1 3600 796
28
223 224 787 775 776 679 361 79 82 133 107 77 72 65 68 918 447 147 148 475 473 468 479 480 751 749 463 466
1 3600 796
9
841 803 209 214 421 89 67 68 916
1 3600 796
15
413 414 796 491 488 720 677 361 79 82 133 134 139 136 416
1 3600 419
14
839 840 271 229 232 794 493 488 720 677 361 79 84 114
1 3600 156
6
791 794 755 756 409 406
1 3600 154
13
805 745 742 860 873 855 858 213 210 232 790 789 787
1 3600 154
5
271 266 813 223 224
1 3600 796
27
796 715 708 776 679 361 79 80 865 141 142 542 605 602 768 699 535 532 331 332 540 547 181 184 551 548 558
1 3600 796
25
220 231 211 212 853 850 659 503 498 665 657 645 641 638 635 636 890 871 868 765 766 895 583 580 289
1 3600 796
23
811 779 747 742 51 52 691 688 665 657 645 642 587 590 39 36 868 765 766 895 583 157 150
1 3600 796
13
815 812 267 268 209 212 419 89 90 105 102 542 605
1 3600 295
10
803 209 214 800 265 262 615 347 344 424
1 3600 166
4
267 229 211 212
1 3600 166
6
220 231 232 792 799 800
1 3600 166
12
815 223 224 713 710 722 732 756 409 410 375 372
1 3600 166
4
803 209 214 800
1 3600 166
9
231 232 794 755 756 409 410 375 372
1 3600 181
4
812 267 270 842
1 3600 796
26
817 812 267 229 232 794 755 758 265 262 615 616 311 312 890 35 36 868 765 766 895 583 580 650 695 696
1 3600 796
24
226 257 258 679 361 79 82 133 107 77 70 63 68 918 447 147 148 475 473 470 530 245 242 288
1 3600 796
22
231 211 212 853 850 659 662 305 306 451 448 527 439 436 440 566 596 868 765 766 895 583
1 3600 796
20
413 414 791 792 799 421 341 338 785 782 827 631 485 486 626 636 890 871 868 765
1 3600 398
7
209 212 853 850 691 305 308
1 3600 126
4
803 209 212 859
1 3600 120
9
843 271 229 211 212 859 854 876 906
1 3600 468
12
13 10 280 365 366 649 646 704 667 573 570 173
1 3600 613
17
13 3 8 564 606 700 275 276 824 669 161 164 43 19 14 127 130
1 3600 796
8
680 692 734 740 153 150 885 883
1 3600 796
19
682 285 189 190 203 198 206 457 21 22 458 748 752 925 921 917 69 64 93
1 3600 796
21
697 694 651 289 243 244 531 471 472 474 880 917 69 62 417 111 106 132 83 84 114
1 3600 796
23
5 2 10 282 286 288 581 582 894 767 764 869 870 891 313 310 617 614 263 260 654 757 733
1 3600 796
32
280 365 366 649 646 706 825 807 727 575 177 174 45 19 14 510 833 355 352 917 69 62 71 76 106 132 83 78 360 678 259 254
1 3600 146
5
685 682 285 189 190
1 3600 146
7
687 682 285 189 194 205 200
1 3600 147
7
682 285 189 192 183 180 546
1 3600 531
11
687 680 692 734 740 153 150 885 769 603 600
1 3600 796
18
5 8 564 559 549 203 200 455 21 22 460 481 478 469 472 474 149 144
1 3600 796
24
7 2 10 282 284 763 651 581 582 894 767 764 869 37 38 594 844 643 641 633 629 391 386 513
1 3600 796
32
8 279 282 284 683 680 692 734 740 585 582 894 767 764 869 870 891 637 634 639 640 644 656 664 689 663 658 851 852 213 214 798
1 3600 796
23
763 651 581 582 894 767 764 869 597 598 529 526 449 450 822 689 690 851 852 213 208 802 838
1 3600 177
3
11 3 6
1 3600 130
7
2 10 282 284 683 680 692
1 3600 130
4
697 692 734 738
1 3600 130
6
7 8 279 282 284 763
1 3600 531
6
2 10 282 286 288 581
1 3600 796
13
680 692 734 740 585 582 894 767 764 869 597 567 441
1 3600 796
18
685 680 694 651 581 582 894 767 764 869 37 34 589 586 643 644 656 664
1 3600 796
23
685 680 692 734 740 585 582 894 767 764 869 37 38 594 846 613 449 61 54 307 304 690 851
1 3600 796
27
282 286 288 581 582 894 767 764 869 870 891 637 634 639 640 644 656 664 499 502 658 53 46 235 236 899 900
1 3600 613
9
737 693 694 762 285 283 280 558 606
1 3600 468
9
897 153 154 536 923 835 821 673 674
1 3600 613
8
739 653 289 243 244 531 534 477
1 3600 796
7
740 153 150 291 296 562 919
1 3600 796
16
694 651 289 243 240 538 751 752 925 921 917 69 62 417 137 138
1 3600 796
16
761 651 581 582 894 767 764 869 37 34 891 887 617 614 411 406
1 3600 796
19
289 243 244 531 534 698 769 603 604 543 143 140 864 81 78 360 678 777 774
1 3600 162
7
693 681 682 285 189 194 205
1 3600 65
7
681 682 285 189 192 183 180
1 3600 147
6
653 289 243 244 531 534
1 3600 531
6
739 740 153 150 291 294
1 3600 796
15
651 581 582 894 767 764 869 870 589 586 867 483 423 426 619
1 3600 796
19
762 285 189 190 550 185 178 206 217 25 26 467 464 925 921 917 69 66 88
1 3600 796
27
740 585 582 894 767 764 869 597 598 529 524 844 643 641 633 630 826 783 784 339 340 420 798 793 233 228 270
1 3600 88
7
694 762 285 283 278 9 2
1 3600 88
4
761 695 681 684
1 3600 169
3
695 692 734
1 3600 61
3
734 740 585
1 3600 306
8
761 651 581 582 894 767 764 904
1 3600 796
13
692 734 740 585 582 894 767 764 869 37 34 891 637
1 3600 796
20
761 651 581 582 894 767 764 869 597 567 441 437 438 526 449 450 822 689 663 658
1 3600 796
23
739 740 585 582 894 767 764 869 37 38 591 586 643 644 656 664 689 690 53 46 875 872 900
1 3600 796
15
157 154 331 326 480 461 23 20 454 915 717 718 705 647 273
1 3600 724
10
895 583 157 154 331 332 538 751 752 385
1 3600 569
3
153 154 536
1 3600 796
15
895 583 157 150 291 296 562 919 69 62 417 137 138 125 118
1 3600 796
15
895 583 157 150 885 769 603 604 543 143 140 863 83 84 114
1 3600 796
12
894 767 764 869 870 891 313 310 617 614 263 260
1 3600 796
17
153 150 291 296 562 919 69 64 73 76 106 132 83 78 349 249 250
1 3600 664
11
741 653 289 243 240 540 219 216 207 199 200
1 3600 173
7
583 580 289 243 240 540 219
1 3600 77
4
583 157 154 533
1 3600 185
6
153 150 885 769 611 608
1 3600 569
12
585 582 894 767 764 869 870 891 637 627 623 425
1 3600 796
19
582 894 767 764 869 37 38 594 844 867 639 633 630 389 392 371 317 318 372
1 3600 796
20
157 150 885 769 519 520 543 143 140 864 81 78 360 676 721 711 712 225 222 814
1 3600 442
7
741 653 289 287 283 11 12
1 3600 50
3
741 735 736
1 3600 42
4
767 764 869 37
1 3600 295
10
582 894 767 764 869 597 593 591 586 643
1 3600 796
15
582 894 767 764 869 597 598 529 526 449 61 54 307 304 663
1 3600 796
17
767 764 869 870 891 313 314 487 484 630 826 783 501 502 658 53 50
1 3600 796
20
440 566 596 868 765 766 895 583 157 154 536 923 835 832 511 15 18 44 175 176
1 3600 796
15
765 766 895 583 580 289 243 240 538 751 749 463 131 126 15
1 3600 569
11
868 765 766 895 583 157 154 533 471 472 474
1 3600 498
16
594 844 867 639 640 644 433 430 828 505 381 335 340 89 67 64
1 3600 531
15
437 438 526 449 450 822 499 500 784 339 340 89 86 99 100
1 3600 796
7
34 891 887 617 614 411 406
1 3600 796
13
34 891 887 617 614 263 264 759 733 723 711 712 787
1 3600 796
10
766 895 583 580 289 287 189 190 203 200
1 3600 468
6
893 583 157 154 331 332
1 3600 135
10
35 36 868 765 766 895 583 157 154 331
1 3600 63
8
905 765 766 895 583 157 150 291
1 3600 122
7
442 599 593 591 588 891 313
1 3600 398
9
293 296 562 919 69 66 88 341 334
1 3600 796
12
598 529 526 449 450 307 304 690 851 852 213 208
1 3600 796
16
39 36 868 765 766 895 583 580 650 762 285 283 278 9 2 12
1 3600 332
8
293 290 151 152 741 653 650 760
1 3600 113
8
592 596 868 765 766 895 583 584
1 3600 113
3
903 765 766
1 3600 128
3
569 566 593
1 3600 108
9
891 637 634 639 640 644 656 664 499
1 3600 108
16
293 296 562 919 69 66 88 341 338 785 782 827 631 632 640 642
1 3600 108
11
905 869 870 589 586 867 483 484 630 826 783
1 3600 108
9
905 869 37 38 594 844 643 644 656
1 3600 241
12
437 438 526 449 61 54 822 499 502 658 851 848
1 3600 796
16
764 869 597 598 529 526 449 61 56 656 664 689 690 53 50 743
1 3600 796
32
529 524 844 867 483 423 426 391 386 513 371 368 620 337 340 89 67 68 916 353 354 832 511 15 18 42 165 158 176 574 579 576
1 3600 796
26
641 633 629 391 386 505 381 335 340 89 86 102 542 521 516 609 145 148 880 353 356 819 673 670 511 15
1 3600 796
11
784 339 340 89 67 68 918 447 147 148 475
1 3600 569
19
644 433 428 389 392 371 368 620 337 340 89 90 105 102 542 521 516 609 145
1 3600 362
8
430 783 784 377 335 340 89 90
1 3600 613
10
844 867 483 423 345 346 614 411 408 757
1 3600 796
14
499 502 658 53 46 875 855 858 213 210 230 221 226 396
1 3600 796
13
595 39 36 868 765 766 895 583 580 289 287 189 194
1 3600 796
41
58 435 428 826 828 513 371 325 321 318 374 263 260 654 770 773 677 361 79 82 133 134 139 136 416 63 68 918 447 147 148 475 473 468 479 480 461 23 24 216 545
1 3600 419
24
629 619 515 371 317 318 374 411 408 770 773 677 361 79 80 865 141 142 542 521 518 768 699 535
1 3600 130
9
430 783 784 339 340 89 86 102 542
1 3600 149
4
485 486 623 624
1 3600 149
8
529 524 844 867 483 423 345 342
1 3600 149
5
435 428 389 392 371
1 3600 106
14
433 430 828 513 371 325 321 318 374 263 264 801 798 793
1 3600 498
11
431 434 664 689 690 851 852 213 208 269 266
1 3600 796
17
436 442 599 596 868 765 766 895 583 580 650 762 285 283 11 3 6
1 3600 796
10
588 871 868 765 766 895 583 584 741 735
1 3600 442
9
436 440 566 596 868 765 766 895 583
1 3600 180
7
638 866 587 588 871 868 902
1 3600 180
8
665 657 645 642 845 525 528 443
1 3600 180
5
448 527 439 436 440
1 3600 180
8
60 448 612 847 595 39 36 868
1 3600 180
10
657 645 641 638 635 636 890 871 868 902
1 3600 180
9
55 60 448 527 528 599 596 868 904
1 3600 97
6
643 644 57 54 307 308
1 3600 185
9
783 501 502 658 53 46 875 876 899
1 3600 185
10
634 639 640 644 656 664 689 690 851 848
1 3600 185
12
438 526 449 450 307 304 690 53 46 875 855 856
1 3600 185
8
304 663 658 53 46 875 855 856
1 3600 185
5
309 304 690 851 848
1 3600 185
7
499 502 658 53 46 235 238
1 3600 185
8
54 822 689 690 53 46 235 238
1 3600 468
10
449 450 822 499 502 658 53 50 743 746
1 3600 796
21
239 234 875 855 858 419 89 67 68 916 920 924 465 131 29 30 41 42 165 160 573
1 3600 796
27
851 852 213 214 798 831 493 488 720 677 361 79 82 133 107 110 416 63 68 916 353 354 832 511 15 18 44
1 3600 796
10
849 852 419 89 67 68 918 447 147 148
1 3600 796
21
49 46 875 855 858 213 210 230 414 796 715 708 776 679 361 79 82 133 134 139 136
1 3600 498
15
46 875 855 858 213 214 798 831 493 488 720 677 361 79 84
1 3600 498
13
46 875 855 858 213 210 230 414 796 715 708 776 679
1 3600 724
10
46 875 855 858 213 210 232 790 796 715
1 3600 796
28
239 234 47 52 851 852 419 89 90 95 100 142 542 605 602 768 699 477 473 468 479 480 461 23 20 454 201 204
1 3600 796
13
849 852 419 89 67 68 916 920 924 753 749 459 23
1 3600 796
17
659 503 498 665 657 645 642 587 588 35 36 868 765 766 895 583 157
1 3600 468
26
239 236 877 855 858 213 214 798 831 493 488 720 677 361 79 82 133 107 77 72 65 68 918 563 297 294
1 3600 115
11
52 659 660 377 380 504 387 390 427 424 624
1 3600 98
5
660 339 340 420 798
1 3600 98
3
849 852 419
1 3600 153
7
236 899 861 743 744 804 810
1 3600 796
23
663 503 500 782 827 631 485 486 315 312 890 871 868 765 766 895 583 584 741 735 693 681 684
1 3600 796
22
854 874 47 52 691 688 823 451 448 612 847 595 39 36 868 765 766 895 583 580 650 695
1 3600 796
18
47 52 691 688 665 657 645 641 638 635 636 890 35 36 868 765 766 895
1 3600 265
15
854 874 47 52 659 662 305 306 451 448 527 528 599 596 868
1 3600 127
8
237 234 47 52 659 503 498 823
1 3600 127
8
49 52 691 688 665 657 645 642
1 3600 127
6
659 503 498 665 657 645
1 3600 127
3
379 380 506
1 3600 127
8
379 380 504 387 390 427 422 482
1 3600 107
4
46 875 855 856
1 3600 116
4
872 861 743 744
1 3600 116
3
899 861 743
1 3600 796
22
742 860 873 855 858 419 89 67 68 916 920 924 465 466 927 169 166 399 402 648 367 362
1 3600 796
30
745 742 860 898 877 855 858 213 214 800 759 733 730 773 677 361 79 82 133 107 110 416 63 68 916 353 356 819 673 670
1 3600 796
16
742 860 873 855 858 419 89 86 102 542 521 518 768 883 475 473
1 3600 796
14
901 898 877 855 858 419 89 67 68 916 353 358 557 554
1 3600 796
13
780 745 742 51 52 691 663 660 377 335 340 89 86
1 3600 796
13
901 898 237 234 47 52 851 852 213 214 800 759 733
1 3600 796
9
901 873 855 858 213 210 230 414 796
1 3600 796
33
745 742 51 52 851 852 213 210 232 794 493 488 720 677 361 79 80 865 141 142 542 605 602 768 699 535 530 329 332 540 547 181 184
1 3600 796
38
907 877 855 858 213 210 230 221 226 257 258 679 361 79 82 133 107 77 72 65 68 918 447 147 148 475 473 468 479 480 461 23 20 456 207 179 182 196
1 3600 796
22
745 742 51 52 659 660 785 782 827 631 485 486 315 312 890 871 868 765 766 895 583 157
1 3600 796
16
907 237 234 47 52 691 663 660 339 340 89 67 68 918 563 560
1 3600 569
11
51 52 659 503 500 507 504 387 390 427 424
1 3600 156
10
907 237 234 47 52 691 663 660 377 335
1 3600 96
6
907 899 861 743 746 778
1 3600 796
23
747 742 51 52 691 688 665 657 645 642 587 590 592 596 868 765 766 895 583 580 289 287 283
1 3600 796
27
745 742 860 873 874 47 52 659 662 305 306 55 60 448 612 847 595 39 36 868 765 766 895 583 584 741 735
1 3600 796
20
747 742 51 52 691 688 665 657 645 641 638 635 636 890 871 868 765 766 895 583
1 3600 796
17
907 877 874 47 52 659 662 305 306 451 448 527 528 599 596 868 765
1 3600 306
16
901 898 237 234 47 52 659 503 500 782 827 631 632 638 866 587
1 3600 78
5
742 860 873 874 47
1 3600 78
6
747 742 51 52 691 663
1 3600 332
3
743 744 781
