364
1 3600 300
12
289 285 73 68 696 693 33 30 712 807 509 506
1 3600 300
3
514 692 700
1 3600 300
14
73 68 696 693 515 512 765 511 508 795 781 773 615 616
1 3600 300
3
693 515 309
1 3600 300
5
613 614 772 780 29
1 3600 300
3
307 269 270
1 3600 300
11
258 264 268 308 512 711 712 807 787 761 25
1 3600 316
14
776 786 806 713 31 32 692 697 69 70 47 44 588 714
1 3600 316
8
695 692 697 69 72 284 288 209
1 3600 316
8
261 258 264 268 303 304 55 52
1 3600 316
15
783 773 507 510 764 513 309 303 304 55 52 62 235 223 220
1 3600 316
13
705 706 711 31 32 692 697 69 72 282 601 209 37
1 3600 316
14
786 509 510 764 707 271 268 303 304 299 291 288 209 37
1 3600 316
3
298 305 300
1 3600 316
8
287 75 70 47 44 215 218 232
1 3600 316
11
69 72 284 290 298 55 50 64 243 233 223
1 3600 316
3
299 291 292
1 3600 316
3
261 258 266
1 3600 316
9
541 297 85 86 752 359 341 251 65
1 3600 316
16
265 266 272 686 623 83 86 752 359 355 343 319 320 715 217 218
1 3600 316
12
701 697 69 72 282 601 209 37 34 40 44 215
1 3600 316
9
763 764 513 309 303 304 55 50 64
1 3600 316
9
70 47 44 588 217 218 223 224 237
1 3600 316
6
701 693 515 309 303 300
1 3600 316
13
783 780 794 806 713 710 513 309 303 304 55 49 41
1 3600 232
7
699 69 70 47 41 42 742
1 3600 232
23
785 786 509 510 764 707 271 265 266 272 686 623 620 399 391 379 367 370 155 150 556 119 122
1 3600 279
23
706 711 31 32 692 697 69 72 284 288 209 37 38 96 158 422 169 105 100 113 114 733 730
1 3600 279
33
617 614 507 510 764 707 704 661 257 258 266 272 686 623 83 86 752 359 356 678 137 127 128 144 580 173 178 521 117 112 170 502 411
1 3600 310
16
28 794 806 713 710 707 271 265 266 272 685 683 665 668 801 796
1 3600 310
11
704 661 658 263 266 272 685 677 672 665 668
1 3600 310
15
601 289 290 298 55 52 62 238 250 340 358 753 87 84 296
1 3600 310
9
257 258 266 272 685 683 665 668 810
1 3600 310
10
763 764 513 309 269 265 266 272 685 683
1 3600 310
4
789 667 664 539
1 3600 310
31
775 776 786 806 713 31 32 692 697 69 70 47 44 588 313 316 318 342 354 358 753 87 82 620 624 688 791 667 668 801 798
1 3600 310
17
786 806 713 710 513 309 269 265 266 272 685 677 672 665 668 801 798
1 3600 310
17
757 25 28 781 773 507 510 764 707 271 265 266 272 685 683 665 668
1 3600 310
28
794 806 713 31 32 692 697 69 72 282 601 209 37 38 94 725 325 328 353 350 357 358 753 87 84 294 672 665
1 3600 310
10
707 704 661 658 263 266 272 685 683 665
1 3600 310
11
27 24 760 786 509 510 764 707 704 661 658
1 3600 303
11
703 697 69 70 298 55 52 60 64 250 340
1 3600 303
22
691 55 49 44 588 714 321 322 326 330 245 248 167 91 88 77 80 377 378 390 398 624
1 3600 303
7
257 258 266 272 686 623 83
1 3600 303
16
75 70 47 44 588 313 316 318 342 354 358 753 87 82 620 624
1 3600 303
12
304 55 52 62 238 250 340 358 753 87 82 618
1 3600 199
25
514 692 697 69 72 284 288 209 37 34 42 742 725 726 417 412 333 195 196 337 338 131 128 141 142
1 3600 279
23
257 258 264 268 303 304 299 47 41 42 742 725 325 328 347 344 213 133 134 187 190 487 482
1 3600 279
23
291 288 209 37 38 98 417 418 422 335 125 120 175 176 184 442 454 551 479 477 473 468 590
1 3600 279
16
613 614 507 510 764 513 309 269 265 266 272 685 677 672 665 670
1 3600 279
19
710 513 309 303 304 55 50 64 250 342 349 350 363 360 77 80 377 378 390
1 3600 279
20
290 47 44 588 714 321 322 326 195 196 337 125 118 557 151 154 371 366 380 392
1 3600 279
29
780 794 806 713 31 32 692 697 69 72 282 601 209 37 38 98 727 325 328 353 350 363 360 203 204 365 368 383 384
1 3600 279
35
611 614 507 510 764 513 309 303 304 55 49 44 588 313 310 726 417 414 421 422 169 105 102 519 516 526 451 446 575 553 463 464 480 534 495
1 3600 102
6
293 285 73 68 696 702
1 3600 102
12
225 222 234 63 53 54 305 302 269 265 259 260
1 3600 102
17
225 222 219 214 45 46 71 68 696 693 33 30 710 765 511 506 772
1 3600 102
5
301 302 308 514 694
1 3600 102
13
45 48 54 305 302 308 512 765 511 508 787 777 778
1 3600 102
18
241 233 219 216 589 45 46 71 68 696 693 33 30 712 807 787 777 778
1 3600 102
4
48 54 305 302
1 3600 62
3
235 223 220
1 3600 94
4
319 322 326 195
1 3600 94
5
216 714 315 310 724
1 3600 94
9
64 250 342 349 247 211 212 339 336
1 3600 94
10
225 222 219 216 313 310 724 95 96 158
1 3600 94
14
272 686 623 620 399 391 388 393 387 382 191 186 155 150
1 3600 94
4
51 49 41 42
1 3600 186
11
322 328 347 344 131 128 144 580 173 178 738
1 3600 279
18
714 315 310 726 417 412 201 198 169 105 100 170 502 3 6 432 562 636
1 3600 73
15
215 218 232 242 250 340 358 753 87 84 296 538 665 668 810
1 3600 79
10
318 342 354 358 753 87 82 620 624 688
1 3600 79
6
64 250 340 358 753 87
1 3600 79
5
241 242 250 342 354
1 3600 56
18
293 288 209 37 34 42 742 725 325 326 330 245 248 167 91 92 207 79
1 3600 232
18
221 222 219 216 313 316 322 328 347 344 131 128 141 142 148 565 153 156
1 3600 279
24
222 234 238 250 342 349 247 211 133 134 187 188 453 443 440 448 529 530 546 21 15 16 749 750
1 3600 279
16
222 219 216 714 321 318 340 358 753 87 84 294 674 791 667 670
1 3600 279
17
49 41 35 38 96 158 422 335 338 131 126 134 371 366 378 390 396
1 3600 279
13
64 250 342 354 356 363 360 77 80 377 378 390 400
1 3600 279
14
322 326 195 196 337 125 120 175 176 182 188 456 484 768
1 3600 279
23
35 38 98 417 418 422 169 123 120 519 516 522 429 426 645 646 747 744 748 792 609 499 492
1 3600 111
7
97 39 36 208 600 283 73
1 3600 119
13
577 145 129 130 345 346 329 323 317 312 217 218 234
1 3600 119
12
124 336 197 194 327 324 311 314 715 217 218 223
1 3600 119
4
323 317 312 217
1 3600 119
10
197 192 200 413 416 727 311 314 715 217
1 3600 119
5
330 245 246 348 343
1 3600 119
4
43 40 44 588
1 3600 119
13
808 559 151 154 135 136 679 351 348 343 251 239 235
1 3600 95
9
755 729 201 193 196 337 338 131 128
1 3600 95
5
335 338 131 128 141
1 3600 123
11
578 559 556 173 178 738 527 524 501 504 766
1 3600 123
12
725 726 417 414 421 422 169 105 100 170 504 766
1 3600 123
7
163 158 422 169 105 100 113
1 3600 123
11
417 412 201 193 196 337 125 120 519 117 109
1 3600 123
9
808 559 151 156 181 184 444 521 117
1 3600 123
5
120 519 516 524 730
1 3600 127
26
725 325 328 353 350 363 165 91 92 207 204 365 368 487 457 458 462 551 227 228 532 275 276 436 431 424
1 3600 254
13
729 333 330 245 248 679 357 358 753 87 84 296 538
1 3600 124
12
725 325 328 353 350 357 358 753 87 82 622 687
1 3600 124
9
808 579 145 129 126 136 679 357 358
1 3600 123
11
98 727 325 328 353 350 363 360 203 206 680
1 3600 123
7
353 247 248 167 91 92 207
1 3600 123
7
422 335 338 213 133 136 167
1 3600 123
6
559 151 152 373 374 568
1 3600 123
8
333 330 245 248 167 91 92 680
1 3600 123
9
169 123 118 557 139 142 146 542 568
1 3600 114
6
173 178 445 442 452 456
1 3600 114
12
344 131 128 141 138 151 156 181 184 440 446 575
1 3600 279
12
141 142 148 565 153 154 187 188 458 464 477 473
1 3600 279
17
422 335 338 213 133 134 371 366 378 390 398 624 688 675 672 665 670
1 3600 279
10
138 151 154 187 190 383 386 392 389 390
1 3600 279
7
118 173 176 182 190 383 386
1 3600 279
14
141 142 148 565 153 156 181 184 440 448 529 229 230 474
1 3600 279
17
337 125 120 519 516 522 652 11 12 436 805 629 549 546 572 607 497
1 3600 279
23
111 108 112 101 104 168 423 419 416 99 39 36 208 600 283 73 68 696 693 33 30 712 807
1 3600 174
13
172 581 145 129 130 345 331 327 324 724 743 43 40
1 3600 68
10
115 116 520 179 172 581 145 129 130 345
1 3600 68
6
121 124 334 423 159 97
1 3600 68
9
107 108 112 101 104 168 199 200 728
1 3600 68
4
102 121 118 581
1 3600 80
4
100 113 114 733
1 3600 69
6
114 733 525 522 652 11
1 3600 69
6
501 502 734 651 652 275
1 3600 69
5
108 114 733 730 741
1 3600 69
13
767 505 502 411 406 583 584 638 737 427 430 437 277
1 3600 279
20
520 445 442 452 456 486 369 364 570 377 378 390 398 624 688 791 667 668 801 796
1 3600 279
18
731 525 526 451 446 575 553 463 460 483 486 383 386 392 389 390 398 626
1 3600 62
14
505 171 113 116 520 445 185 182 190 369 364 205 202 361
1 3600 53
8
170 500 525 526 451 448 544 479
1 3600 53
6
739 445 442 452 189 190
1 3600 81
15
108 112 170 502 3 6 432 562 634 425 426 736 771 747 744
1 3600 279
25
451 441 185 180 157 152 564 149 143 140 129 130 213 210 246 348 354 358 753 87 84 294 672 665 670
1 3600 279
9
176 180 157 154 371 366 378 390 396
1 3600 279
13
731 732 115 116 518 175 176 182 190 383 386 392 402
1 3600 279
8
108 116 520 445 442 452 456 484
1 3600 279
17
107 108 114 733 525 522 652 533 530 546 21 22 467 470 607 497 492
1 3600 279
26
718 651 523 517 518 121 124 336 197 194 327 323 320 315 312 589 45 46 71 68 696 693 515 512 765 762
1 3600 279
18
13 10 653 650 735 503 171 101 104 168 423 420 415 416 727 311 314 715
1 3600 121
7
7 2 503 171 101 104 168
1 3600 208
12
253 254 640 644 736 639 585 582 407 410 503 504
1 3600 208
8
803 629 549 531 528 449 450 739
1 3600 208
3
734 651 523
1 3600 208
10
643 640 648 437 277 274 533 528 449 450
1 3600 208
6
562 634 425 428 523 526
1 3600 208
11
643 640 644 427 424 635 563 433 7 2 503
1 3600 208
7
255 9 10 653 523 524 730
1 3600 208
16
562 636 638 737 427 430 805 629 549 531 229 226 550 455 443 444
1 3600 208
17
804 649 646 747 744 748 17 18 593 469 472 476 465 459 189 183 177
1 3600 208
10
586 630 407 410 503 500 732 115 109 110
1 3600 199
4
770 737 427 428
1 3600 199
6
736 639 637 563 433 434
1 3600 199
5
439 436 431 426 736
1 3600 199
5
560 631 587 584 638
1 3600 279
34
656 645 646 747 744 748 17 18 555 467 472 476 465 460 483 486 369 364 205 206 93 90 164 362 357 358 753 87 84 296 538 665 668 810
1 3600 279
16
634 803 629 549 531 528 544 550 463 459 189 186 135 136 679 357
1 3600 199
17
643 640 648 437 277 274 533 229 226 550 455 452 189 186 135 136 167
1 3600 174
8
430 437 13 10 533 528 449 441
1 3600 174
16
638 771 747 744 748 17 14 22 554 593 469 472 476 465 459 189
1 3600 174
6
734 651 652 533 528 449
1 3600 220
13
655 656 645 648 805 629 549 546 572 607 604 597 594
1 3600 220
4
647 648 805 629
1 3600 220
3
638 771 747
1 3600 220
9
56 651 429 426 645 646 747 744 750
1 3600 220
10
432 562 634 803 629 549 546 21 15 16
1 3600 220
9
436 805 629 549 546 21 22 467 470
1 3600 220
10
643 640 646 747 744 748 792 609 597 594
1 3600 220
11
651 652 533 229 230 473 468 590 609 597 598
1 3600 279
29
647 644 427 428 523 517 520 179 172 557 139 140 129 126 132 210 246 348 354 358 753 87 82 622 687 685 683 665 670
1 3600 279
18
737 427 430 437 277 274 533 229 226 550 463 460 483 486 369 366 378 390
1 3600 279
16
637 563 433 7 2 503 171 101 102 175 176 182 190 383 386 394
1 3600 279
11
9 10 533 528 544 479 465 460 483 484 768
1 3600 279
13
6 432 562 634 803 629 549 546 572 607 604 499 492
1 3600 62
5
811 669 664 539 540
1 3600 62
3
263 259 260
1 3600 62
17
538 682 684 273 267 259 256 660 705 706 765 511 508 795 29 24 756
1 3600 66
14
790 689 625 621 83 86 752 359 341 251 243 233 223 224
1 3600 214
13
538 673 295 85 86 752 359 356 678 249 244 331 195
1 3600 279
21
797 800 669 664 673 674 689 625 399 391 379 367 368 191 183 177 174 103 100 113 109
1 3600 279
20
674 689 625 399 391 388 393 387 382 487 482 461 462 551 545 529 532 653 650 57
1 3600 80
3
811 801 796
1 3600 66
4
295 85 82 618
1 3600 66
6
297 85 86 752 359 355
1 3600 66
4
790 689 625 626
1 3600 155
11
667 664 673 295 85 86 752 359 356 678 137
1 3600 279
14
684 686 623 620 399 391 379 367 368 487 457 453 454 552
1 3600 279
20
799 800 669 664 673 295 85 86 752 359 356 678 137 134 187 188 458 464 478 227
1 3600 232
3
538 665 670
1 3600 232
6
669 664 682 684 279 280
1 3600 279
9
665 666 790 689 625 399 391 379 380
1 3600 279
11
676 684 686 623 620 399 391 388 393 387 384
1 3600 279
20
297 85 86 752 359 356 363 360 203 204 365 368 487 482 461 464 480 534 495 492
1 3600 50
11
278 273 267 264 268 308 514 692 697 69 72
1 3600 50
6
273 267 264 268 303 300
1 3600 50
9
686 623 83 86 752 359 341 251 239
1 3600 55
13
86 752 359 355 349 352 347 331 332 728 754 421 159
1 3600 279
16
83 86 752 359 356 363 165 166 137 127 128 144 580 119 122 105
1 3600 279
26
278 686 623 620 399 391 379 380 387 382 191 188 453 454 552 574 447 448 529 530 548 628 802 425 426 657
1 3600 45
3
624 688 791
1 3600 45
6
84 294 672 665 668 810
1 3600 69
4
82 622 687 279
1 3600 53
9
686 623 83 86 752 359 356 363 360
1 3600 53
13
359 355 349 247 211 212 131 128 141 142 146 542 566
1 3600 53
11
620 399 391 379 376 571 365 370 155 152 373
1 3600 164
11
623 620 399 391 379 367 368 487 482 461 462
1 3600 279
14
621 83 86 752 359 356 678 137 134 187 188 458 464 477
1 3600 279
5
687 685 683 665 670
1 3600 87
3
620 399 396
1 3600 214
7
623 620 399 391 388 393 394
1 3600 279
16
621 83 86 752 359 356 363 360 77 78 204 365 368 487 484 768
1 3600 279
18
686 623 83 86 752 359 356 678 137 134 187 188 458 464 480 534 495 492
1 3600 174
20
93 90 164 362 351 352 329 324 724 743 43 40 48 54 305 302 269 265 259 260
1 3600 119
13
379 376 81 76 361 362 351 352 329 323 317 312 589
1 3600 119
13
379 376 81 76 361 362 351 348 343 251 65 61 53
1 3600 118
7
147 143 140 129 130 345 346
1 3600 118
6
166 249 244 346 329 324
1 3600 118
3
153 150 556
1 3600 118
7
564 149 143 140 129 130 339
1 3600 118
6
166 249 244 331 332 201
1 3600 118
7
571 365 370 155 150 558 809
1 3600 71
14
752 359 355 349 247 211 212 131 128 144 580 173 178 521
1 3600 199
16
207 204 365 368 487 457 453 454 551 227 228 530 548 628 802 635
1 3600 186
10
386 392 389 390 398 624 688 675 672 665
1 3600 117
9
149 143 140 129 126 136 679 357 358
1 3600 117
8
153 154 371 366 378 390 398 624
1 3600 117
10
136 679 357 358 753 87 82 622 687 279
1 3600 117
7
377 378 390 398 621 622 687
1 3600 117
10
90 164 362 357 358 753 87 84 294 674
1 3600 117
7
135 132 210 246 348 354 358
1 3600 109
3
154 135 136
1 3600 109
3
89 90 166
1 3600 107
5
211 133 134 187 188
1 3600 107
6
365 368 487 482 461 462
1 3600 107
6
681 207 204 365 368 191
1 3600 107
10
207 79 80 377 380 387 382 487 457 458
1 3600 107
6
156 181 184 440 448 544
1 3600 107
15
352 347 344 131 128 144 580 173 178 738 451 446 575 553 551
1 3600 186
19
211 212 131 128 144 578 559 151 156 181 184 442 454 551 479 477 473 466 554
1 3600 279
19
564 149 143 140 129 130 213 210 246 348 354 358 753 87 84 296 538 665 670
1 3600 214
16
147 143 140 129 126 136 679 357 358 753 87 82 622 687 279 280
1 3600 80
7
363 360 77 80 377 380 394
1 3600 199
9
247 248 137 134 187 188 456 482 488
1 3600 279
10
365 368 487 482 461 464 480 534 495 492
1 3600 279
27
545 449 441 185 177 174 121 124 334 423 419 416 99 39 36 208 289 285 73 68 696 693 33 30 710 765 762
1 3600 232
16
486 191 183 177 174 103 104 168 423 159 97 39 36 208 289 292
1 3600 52
5
191 186 155 150 556
1 3600 57
6
574 447 450 527 517 117
1 3600 57
6
449 450 739 179 174 103
1 3600 53
10
534 475 231 228 532 653 650 719 59 5
1 3600 279
16
544 550 455 452 456 486 369 366 378 390 398 624 688 791 667 668
1 3600 174
9
483 486 369 364 205 202 361 362 357
1 3600 68
11
441 185 180 157 154 371 364 205 206 93 90
1 3600 68
10
157 150 558 579 145 129 130 345 346 353
1 3600 68
9
446 575 553 463 459 189 186 371 364
1 3600 68
8
483 457 189 186 155 152 564 149
1 3600 62
4
481 465 459 456
1 3600 69
6
551 227 230 473 468 590
1 3600 69
5
453 443 440 448 529
1 3600 69
11
487 457 458 464 477 473 470 607 604 597 594
1 3600 279
15
460 483 486 383 386 392 389 390 398 624 688 675 672 665 670
1 3600 279
8
452 189 190 369 366 378 390 396
1 3600 214
7
455 452 456 486 383 386 392
1 3600 77
3
456 484 768
1 3600 279
4
477 474 495 492
1 3600 279
35
595 596 499 494 535 481 478 550 455 443 444 179 172 119 124 336 197 194 327 323 320 715 589 45 46 71 68 696 693 33 30 712 807 509 506
1 3600 279
24
14 20 547 548 628 804 431 428 523 517 518 121 124 336 197 194 327 324 311 312 217 218 223 224
1 3600 214
12
226 545 449 450 739 179 172 581 145 129 130 345
1 3600 81
13
793 749 745 746 770 639 585 582 407 410 503 500 732
1 3600 138
8
749 745 746 647 644 427 428 650
1 3600 138
10
592 555 23 20 547 548 628 802 635 563
1 3600 138
9
751 745 746 770 639 637 563 433 434
1 3600 138
3
628 804 437
1 3600 138
6
532 275 276 436 431 426
1 3600 138
12
599 596 605 606 573 547 531 532 653 650 735 3
1 3600 279
16
469 472 476 465 459 189 186 135 136 679 357 358 753 87 84 294
1 3600 279
17
596 605 497 494 535 481 465 459 189 186 135 132 210 246 348 354 358
1 3600 164
24
599 596 608 591 469 472 476 478 550 552 574 447 441 185 180 157 150 558 809 577 145 129 130 213
1 3600 144
12
751 748 17 14 20 547 531 528 449 441 185 180
1 3600 144
10
595 596 605 606 471 472 231 226 550 455
1 3600 144
3
226 545 449
1 3600 144
8
603 497 494 535 481 478 550 552
1 3600 144
5
595 596 499 494 535
1 3600 144
10
466 23 20 547 531 528 449 441 185 180
1 3600 144
6
471 472 476 465 460 483
1 3600 84
7
744 748 17 14 20 547 548
1 3600 279
28
547 548 628 804 437 13 10 653 523 517 518 121 124 336 197 194 327 323 318 340 358 753 87 84 296 538 665 670
1 3600 279
22
595 596 608 591 469 472 476 465 460 483 486 383 386 381 378 390 398 621 622 687 279 280
1 3600 279
11
593 469 472 476 465 459 189 190 383 386 394
1 3600 232
12
744 748 17 18 555 467 472 476 465 460 483 484
1 3600 146
5
229 230 474 495 492
1 3600 279
9
671 664 682 684 273 267 262 659 660
1 3600 279
11
671 664 673 295 85 86 752 359 341 319 317
1 3600 279
14
671 664 539 297 85 86 752 359 341 319 322 326 332 728
1 3600 279
22
671 666 790 689 625 621 83 86 752 359 355 349 352 347 344 339 125 120 519 117 109 110
1 3600 279
24
671 664 673 295 85 86 752 359 356 678 137 127 128 144 580 173 178 738 527 522 429 426 645 646
1 3600 80
4
671 668 801 798
1 3600 186
7
671 664 539 297 85 86 752
1 3600 279
12
671 666 790 689 625 621 83 86 752 359 356 678
1 3600 279
17
671 664 673 674 689 625 399 391 388 393 387 382 191 188 453 454 551
1 3600 279
28
671 664 682 684 273 267 264 268 303 304 299 47 41 42 742 95 96 158 422 169 105 102 175 176 184 440 448 529
1 3600 186
6
671 664 682 684 279 280
1 3600 279
10
671 664 673 674 689 625 399 391 388 402
1 3600 279
14
671 666 790 689 625 399 391 388 393 387 382 487 482 490
1 3600 279
20
671 664 539 297 85 86 752 359 356 678 137 134 187 188 458 464 480 534 495 492
1 3600 279
8
281 278 273 267 264 270 706 711
1 3600 279
16
397 391 379 376 81 76 361 362 351 352 329 324 724 743 43 35
1 3600 279
18
281 278 273 267 264 268 303 304 299 47 44 588 313 310 726 417 412 201
1 3600 279
11
391 379 367 370 155 150 556 119 120 519 516
1 3600 279
15
391 379 367 370 155 150 556 119 122 105 100 170 502 3 4
1 3600 132
8
397 398 621 622 687 685 683 539
1 3600 47
7
281 278 686 623 83 86 752
1 3600 103
6
397 391 379 376 81 76
1 3600 279
10
391 388 393 387 382 487 482 461 464 480
1 3600 279
25
281 278 686 623 83 86 752 359 355 349 247 211 212 131 128 141 138 151 156 181 184 440 448 529 530
1 3600 279
6
281 278 685 683 665 670
1 3600 279
6
398 621 622 687 279 280
1 3600 111
9
281 278 686 623 620 399 391 388 393
1 3600 279
32
281 278 273 267 264 268 303 304 55 52 62 235 219 216 714 321 322 326 195 196 337 125 120 175 178 738 451 448 544 227 230 474
1 3600 279
19
281 278 686 623 83 86 752 359 356 678 137 134 187 188 458 464 480 534 495
1 3600 279
16
395 381 376 81 76 361 362 351 348 343 251 65 51 54 299 291
1 3600 279
15
401 391 379 376 81 78 206 93 90 166 249 244 346 329 323
1 3600 279
7
405 393 381 367 370 135 127
1 3600 279
11
403 393 387 382 191 183 177 178 521 117 109
1 3600 279
11
387 382 191 183 184 444 738 527 522 429 426
1 3600 279
11
395 392 389 390 398 624 688 791 667 668 801
1 3600 121
6
401 398 624 688 675 295
1 3600 39
9
395 381 367 370 155 152 373 374 543
1 3600 111
6
401 391 379 367 368 487
1 3600 279
17
403 393 387 382 487 457 453 454 551 479 477 473 468 592 19 16 749
1 3600 279
8
401 398 624 688 675 672 665 670
1 3600 116
4
403 389 390 396
1 3600 279
5
395 392 389 390 400
1 3600 106
8
401 391 379 367 368 487 482 488
1 3600 279
9
387 382 191 188 458 464 480 534 495
1 3600 279
30
491 461 462 455 443 444 179 174 103 104 168 199 200 413 416 99 39 36 208 600 283 73 68 696 693 33 30 712 807 795
1 3600 279
16
485 486 369 364 205 202 361 362 351 352 329 324 724 743 43 35
1 3600 279
12
489 461 462 552 574 447 450 739 179 172 557 558
1 3600 279
8
489 461 462 552 574 447 450 527
1 3600 279
14
385 382 191 183 184 440 448 529 532 11 8 254 640 646
1 3600 279
21
385 386 381 376 81 76 361 362 351 348 343 251 239 63 53 54 305 302 269 265 262
1 3600 279
13
769 485 486 369 364 205 206 93 90 164 362 357 358
1 3600 99
3
385 386 381
1 3600 42
3
385 382 191
1 3600 132
12
769 485 457 453 454 551 227 230 473 466 554 19
1 3600 279
18
489 483 486 369 364 205 202 361 362 357 358 753 87 84 294 672 665 670
1 3600 279
7
485 486 369 366 378 390 396
1 3600 111
7
491 483 486 383 386 392 402
1 3600 279
5
535 481 465 460 488
1 3600 174
9
489 461 464 477 473 470 607 497 492
1 3600 279
32
493 498 608 793 749 745 746 647 644 427 428 523 517 518 121 122 168 423 420 415 416 727 311 314 715 589 45 46 71 68 696 700
1 3600 279
24
493 494 475 231 228 532 653 650 735 503 171 101 104 168 423 159 97 94 743 43 40 48 50 66
1 3600 279
23
496 606 573 547 548 628 804 437 277 274 653 523 517 518 121 124 334 199 200 413 416 99 94
1 3600 279
13
494 535 481 478 545 449 450 527 524 732 115 109 110
1 3600 279
13
498 608 793 749 745 746 770 639 585 582 561 433 7
1 3600 279
21
494 535 481 465 459 189 186 135 136 679 357 358 753 87 84 296 538 665 668 801 798
1 3600 279
26
493 494 475 231 226 550 455 443 185 177 172 581 145 129 130 213 210 246 348 354 358 753 87 82 620 624
1 3600 279
14
496 606 573 547 531 528 449 441 185 180 157 152 373 374
1 3600 139
6
493 494 535 481 478 550
1 3600 65
10
493 498 608 591 592 555 23 20 547 548
1 3600 279
21
496 606 471 472 476 465 459 189 186 135 136 679 357 358 753 87 84 294 672 665 670
1 3600 279
39
498 608 591 592 19 16 749 745 746 647 644 427 424 635 563 560 407 410 503 171 101 104 168 423 159 97 39 34 40 46 298 305 302 269 265 266 272 279 280
1 3600 279
13
494 475 231 226 550 455 452 189 190 383 386 392 404
1 3600 132
10
493 494 535 481 465 459 456 486 383 384
