274
1 3600 188
3
487 482 39
1 3600 188
3
470 563 566
1 3600 226
10
48 484 622 305 308 546 291 286 351 352
1 3600 226
11
388 404 471 472 7 2 311 306 711 633 630
1 3600 226
13
394 472 73 70 63 58 545 546 333 330 27 24 383
1 3600 226
8
409 406 391 394 472 7 4 71
1 3600 226
17
565 47 50 617 612 39 44 601 602 630 361 358 347 301 237 232 475
1 3600 226
20
397 398 621 615 612 39 42 746 756 107 104 692 695 689 201 202 383 195 192 348
1 3600 226
13
33 34 48 484 622 745 711 335 332 291 286 325 328
1 3600 226
6
484 599 602 630 361 358
1 3600 226
8
398 617 612 39 42 605 601 598
1 3600 226
11
384 496 471 472 73 70 63 58 588 751 701
1 3600 226
16
33 36 567 562 471 472 7 2 311 308 546 299 295 289 286 325
1 3600 226
14
566 37 30 398 621 615 612 143 144 704 715 716 605 601
1 3600 195
15
34 48 486 73 11 12 771 587 588 751 748 315 316 762 766
1 3600 488
26
33 34 50 617 612 39 44 109 104 319 322 425 426 191 123 118 273 274 634 653 650 664 539 535 533 111
1 3600 236
16
409 401 404 471 472 487 482 143 144 583 584 715 718 738 611 606
1 3600 236
10
433 397 398 621 615 612 143 144 583 580
1 3600 236
8
406 391 394 472 487 482 613 616
1 3600 236
12
495 496 471 472 487 484 599 600 604 717 712 760
1 3600 236
19
401 404 471 472 7 4 63 58 545 546 299 296 345 346 359 362 693 105 106
1 3600 236
7
487 482 39 40 715 712 227
1 3600 165
13
394 472 7 2 311 306 711 633 630 691 692 698 734
1 3600 165
12
484 622 745 711 335 330 27 28 414 321 322 449
1 3600 349
14
398 617 612 39 42 746 756 499 500 685 682 515 510 595
1 3600 488
17
612 39 42 746 758 611 608 708 730 741 577 578 646 660 703 673 133
1 3600 488
21
404 471 472 73 70 422 771 587 545 546 299 296 345 346 359 362 698 734 501 504 551
1 3600 488
11
612 39 42 746 756 499 500 555 89 86 726
1 3600 488
26
429 397 31 34 48 484 599 600 109 104 692 695 689 55 56 176 443 440 455 373 374 506 638 662 702 645
1 3600 418
12
233 236 300 344 297 298 547 309 310 3 6 473
1 3600 418
14
187 184 587 59 60 311 304 623 485 49 35 30 396 428
1 3600 418
8
10 72 473 470 563 47 35 32
1 3600 418
7
62 5 6 473 470 563 566
1 3600 418
16
199 194 382 25 26 359 360 631 603 600 45 38 613 614 620 51
1 3600 418
15
327 324 287 290 547 544 59 62 71 72 473 395 390 403 389
1 3600 418
19
119 120 268 205 200 688 694 693 105 106 757 747 43 38 613 616 399 396 432
1 3600 418
11
287 290 547 309 310 3 6 473 470 497 385
1 3600 418
14
233 236 300 346 331 334 710 744 623 485 486 473 470 497
1 3600 418
17
629 626 271 274 636 527 522 749 750 589 586 770 423 71 72 473 395
1 3600 418
18
628 353 350 287 288 294 298 547 544 59 62 5 6 473 470 405 389 386
1 3600 418
8
770 13 10 72 487 49 35 30
1 3600 418
13
272 119 122 190 427 424 323 318 105 108 45 38 613
1 3600 418
9
12 423 5 6 473 395 390 407 408
1 3600 418
5
623 485 486 473 395
1 3600 418
12
200 688 694 363 360 631 603 598 485 49 46 564
1 3600 418
7
15 10 72 473 470 563 566
1 3600 418
7
297 298 333 334 633 603 600
1 3600 418
8
423 5 6 473 470 405 400 408
1 3600 427
4
589 586 770 13
1 3600 427
11
275 270 627 593 357 343 197 198 329 324 474
1 3600 427
14
523 526 637 275 270 627 481 478 25 26 359 360 631 603
1 3600 427
12
266 175 57 54 686 411 29 26 331 332 547 544
1 3600 427
10
411 414 694 693 690 631 632 710 744 623
1 3600 427
5
267 268 468 478 25
1 3600 427
8
526 637 275 272 667 627 628 353
1 3600 437
15
342 356 592 626 271 274 636 742 317 312 491 381 378 95 100
1 3600 437
6
544 588 751 748 768 669
1 3600 437
13
691 319 322 679 77 74 440 595 596 654 181 178 276
1 3600 437
17
203 204 269 121 122 190 443 281 282 241 242 528 532 435 149 152 156
1 3600 437
7
9 12 771 587 588 23 16
1 3600 437
8
269 121 118 273 274 634 653 648
1 3600 437
12
27 24 479 480 626 271 274 636 742 762 766 537
1 3600 437
7
274 636 527 522 749 752 139
1 3600 437
3
141 136 150
1 3600 437
13
204 269 121 118 273 274 636 527 524 700 750 23 16
1 3600 437
17
237 232 475 351 349 193 196 340 629 626 271 274 634 654 765 766 493
1 3600 437
28
234 516 303 300 346 27 28 414 321 322 679 451 444 683 519 520 571 572 507 508 367 368 531 528 99 94 149 137
1 3600 437
11
636 742 762 671 491 381 378 95 100 153 150
1 3600 437
7
755 751 748 315 312 670 766
1 3600 437
7
61 58 588 23 18 139 136
1 3600 437
13
122 190 443 281 284 456 465 462 664 539 535 533 99
1 3600 437
10
70 63 58 588 23 20 141 136 152 101
1 3600 437
18
199 194 355 356 592 481 469 269 266 175 176 443 440 595 596 653 650 664
1 3600 437
10
58 588 751 748 768 669 491 492 537 534
1 3600 437
16
469 269 266 189 190 443 281 282 241 242 530 535 435 95 100 156
1 3600 437
15
475 351 352 629 626 666 273 274 634 654 181 178 278 493 381
1 3600 437
5
544 588 751 752 139
1 3600 488
17
626 666 119 122 190 443 440 455 373 374 508 129 126 239 242 528 111
1 3600 400
17
751 748 315 316 762 764 655 597 594 511 514 683 680 740 737 719 714
1 3600 400
11
330 359 362 698 734 501 504 421 418 229 230
1 3600 400
30
20 488 753 701 525 526 637 275 272 119 120 266 175 57 52 424 449 446 221 218 222 91 88 255 250 258 548 556 560 159
1 3600 400
12
296 345 346 359 360 691 105 106 607 610 739 729
1 3600 400
12
326 193 194 382 203 200 688 694 693 105 106 607
1 3600 407
8
300 346 359 362 698 734 501 502
1 3600 407
13
18 753 748 315 312 670 764 655 597 594 511 514 445
1 3600 407
11
382 203 200 55 52 424 679 451 444 683 680
1 3600 407
8
633 630 691 319 322 449 444 683
1 3600 407
10
9 12 771 587 545 546 333 330 359 362
1 3600 407
7
335 330 27 28 414 321 322
1 3600 407
8
745 711 335 330 27 28 410 687
1 3600 407
6
600 604 717 718 736 503
1 3600 407
12
235 232 475 351 352 591 592 481 469 269 266 175
1 3600 407
9
592 626 666 119 122 190 443 75 76
1 3600 407
18
20 141 136 148 434 533 529 243 238 127 128 509 375 370 570 521 518 684
1 3600 407
9
236 300 346 27 28 410 687 55 52
1 3600 407
10
328 199 194 382 203 200 688 694 693 105
1 3600 428
11
359 362 698 734 685 519 520 571 572 638 659
1 3600 428
19
184 587 59 60 311 306 711 633 630 691 319 322 679 451 446 221 217 214 339
1 3600 428
12
135 136 148 95 98 532 534 369 366 624 639 573
1 3600 428
14
480 626 271 274 634 597 459 456 465 460 508 129 124 663
1 3600 428
10
22 751 748 315 316 762 764 655 597 459
1 3600 488
18
691 692 695 689 55 56 176 443 440 455 452 571 574 578 646 660 723 720
1 3600 488
13
287 288 292 345 346 359 362 698 734 555 255 250 258
1 3600 443
9
300 346 359 362 698 734 555 89 90
1 3600 488
11
119 122 190 443 440 511 512 518 680 213 214
1 3600 203
13
180 765 763 317 314 749 750 589 59 60 3 6 473
1 3600 215
16
155 101 94 379 380 492 279 179 182 652 635 275 270 627 593 590
1 3600 215
9
138 753 748 523 526 637 275 270 627
1 3600 215
13
492 767 763 743 637 275 270 627 593 357 354 382 25
1 3600 215
13
434 533 529 243 240 283 280 75 76 678 323 318 690
1 3600 215
21
530 538 665 463 464 377 372 454 441 442 177 57 54 686 411 29 26 331 334 710 744
1 3600 215
8
17 22 751 701 525 526 637 275
1 3600 215
7
242 528 532 435 149 137 140
1 3600 215
8
19 22 589 545 309 304 623 599
1 3600 215
22
536 279 179 182 652 635 275 272 667 627 628 341 197 192 348 350 287 290 547 309 304 65
1 3600 215
14
98 532 534 538 665 651 652 597 594 441 442 191 188 267
1 3600 215
12
655 635 275 272 119 120 268 205 202 25 26 347
1 3600 215
17
157 153 148 379 380 490 313 316 743 637 275 270 627 628 341 197 198
1 3600 163
4
539 535 533 99
1 3600 163
6
283 284 458 596 653 183
1 3600 163
5
491 381 378 95 96
1 3600 305
11
650 463 460 506 640 579 576 740 731 709 609
1 3600 160
15
155 101 98 529 530 369 366 509 461 464 457 285 280 442 427
1 3600 160
10
669 670 764 655 597 594 511 514 445 450
1 3600 201
9
492 279 276 539 531 243 238 127 128
1 3600 201
11
279 276 665 463 460 506 638 662 702 645 339
1 3600 201
4
182 650 463 464
1 3600 201
4
665 463 460 506
1 3600 201
6
530 369 366 624 659 647
1 3600 271
11
17 18 139 136 148 434 534 531 243 238 476
1 3600 488
12
369 364 127 130 132 674 722 645 215 165 168 115
1 3600 488
17
243 238 127 124 663 639 573 574 576 213 216 218 224 171 168 172 256
1 3600 488
8
434 534 369 366 624 662 702 645
1 3600 488
21
110 529 530 538 277 179 180 655 597 594 511 512 518 684 501 498 757 747 43 38 483
1 3600 407
17
97 94 379 380 490 668 769 749 750 589 59 62 71 72 473 395 392
1 3600 55
5
110 532 536 767 671
1 3600 488
13
110 529 243 238 127 124 663 659 647 579 576 740 731
1 3600 488
12
110 529 243 240 283 280 75 76 678 323 318 105
1 3600 244
9
97 98 532 534 538 665 651 652 597
1 3600 305
9
110 532 534 369 366 129 130 83 84
1 3600 488
18
97 94 434 536 767 764 655 597 594 511 514 683 680 213 165 168 115 112
1 3600 488
17
110 529 530 538 665 463 464 377 370 570 521 518 684 501 504 263 253
1 3600 488
9
110 529 243 238 127 124 702 645 215
1 3600 199
5
145 142 483 486 473
1 3600 199
10
719 714 705 145 142 613 614 620 51 46
1 3600 199
11
439 436 713 714 41 38 613 616 399 396 432
1 3600 199
13
226 713 716 43 38 613 614 620 399 31 36 567 564
1 3600 199
7
145 142 613 616 399 396 432
1 3600 209
8
611 606 107 104 692 695 415 29
1 3600 209
19
437 161 158 561 557 549 259 251 254 554 735 699 363 358 347 301 302 517 235
1 3600 209
22
467 231 228 419 416 558 569 117 114 169 170 225 219 220 447 448 425 426 191 123 118 667
1 3600 305
14
611 608 708 730 741 681 682 515 510 595 596 654 181 178
1 3600 488
20
761 227 228 419 420 551 259 173 169 164 214 644 661 658 625 367 368 531 528 111
1 3600 181
6
712 437 161 158 561 557
1 3600 181
3
761 437 161
1 3600 199
12
467 231 228 419 420 505 500 685 682 445 450 77
1 3600 199
12
621 615 612 39 44 109 104 319 322 679 77 74
1 3600 199
6
707 704 715 718 729 709
1 3600 199
20
163 158 561 541 542 725 113 114 169 170 244 260 87 92 247 223 219 220 447 450
1 3600 199
9
718 738 759 756 107 104 692 695 689
1 3600 199
9
584 41 44 601 602 630 361 362 695
1 3600 199
10
619 615 612 39 44 109 104 319 322 679
1 3600 199
15
163 158 561 557 549 550 505 500 735 699 695 689 55 56 176
1 3600 199
5
730 741 681 682 445
1 3600 221
16
158 419 420 263 253 254 89 90 223 219 217 212 577 578 646 656
1 3600 488
11
761 713 718 736 741 577 578 646 660 723 720
1 3600 150
4
416 558 569 117
1 3600 150
6
761 227 228 561 541 542
1 3600 139
12
704 715 716 746 756 499 504 263 253 254 89 92
1 3600 488
19
620 617 612 39 42 746 756 499 500 685 519 520 571 572 640 646 660 645 642
1 3600 88
10
503 498 757 747 43 38 483 49 35 36
1 3600 143
6
104 690 361 358 347 301
1 3600 143
11
53 56 174 189 123 118 273 274 636 527 524
1 3600 143
10
690 631 632 710 307 310 61 58 588 754
1 3600 143
16
174 267 268 468 480 593 590 353 350 287 290 547 309 310 61 62
1 3600 143
7
103 108 601 598 622 305 310
1 3600 79
7
79 74 440 595 596 653 648
1 3600 488
13
174 189 123 118 273 274 636 742 762 766 537 533 111
1 3600 139
3
740 503 498
1 3600 139
18
451 446 221 218 222 246 93 86 261 245 171 168 172 258 552 568 543 540
1 3600 139
9
734 555 255 252 262 421 418 159 160
1 3600 139
13
442 427 424 323 318 105 108 604 717 712 437 438 466
1 3600 139
7
609 610 739 719 714 585 582
1 3600 139
4
503 504 551 548
1 3600 157
6
76 678 323 318 105 102
1 3600 157
3
679 77 74
1 3600 151
3
444 515 512
1 3600 151
10
319 322 449 444 515 510 455 373 374 508
1 3600 151
7
103 106 499 502 741 577 578
1 3600 151
6
519 520 571 572 638 625
1 3600 151
6
447 444 515 510 595 459
1 3600 151
6
322 425 426 443 440 595
1 3600 488
16
415 410 687 55 56 176 443 281 284 456 465 460 508 129 126 476
1 3600 168
10
680 213 216 218 224 171 168 115 112 209
1 3600 115
7
413 414 321 322 449 446 221
1 3600 115
5
503 500 555 89 92
1 3600 212
6
708 730 741 213 214 642
1 3600 349
24
672 125 128 509 375 372 454 441 442 177 57 54 686 411 29 26 331 334 710 744 623 485 49 35
1 3600 143
8
284 458 596 654 765 763 317 314
1 3600 143
17
657 647 641 507 461 462 651 183 180 765 671 313 314 749 752 489 21
1 3600 186
5
125 126 365 368 531
1 3600 186
9
364 239 242 530 538 277 278 767 671
1 3600 186
3
456 465 462
1 3600 186
10
657 658 625 367 368 535 435 149 137 138
1 3600 186
12
513 510 595 596 635 636 527 522 749 752 19 16
1 3600 488
11
571 371 376 457 285 282 241 242 528 99 96
1 3600 212
10
573 570 521 518 684 501 504 421 416 556
1 3600 183
6
375 370 570 521 513 514
1 3600 183
4
647 579 576 681
1 3600 183
14
639 573 570 453 454 441 442 177 57 54 688 694 693 105
1 3600 183
11
639 507 375 372 454 441 75 76 678 323 320
1 3600 183
8
128 509 461 464 457 285 280 75
1 3600 183
3
579 576 740
1 3600 183
7
441 442 177 57 54 688 694
1 3600 183
9
657 647 579 575 570 521 518 684 735
1 3600 101
4
575 371 372 454
1 3600 157
8
371 374 508 367 364 239 240 676
1 3600 157
4
282 241 238 476
1 3600 488
13
366 624 659 660 645 215 165 168 115 116 568 543 211
1 3600 143
8
646 660 645 215 216 218 222 91
1 3600 99
5
127 124 702 645 215
1 3600 488
21
477 239 240 283 280 442 191 188 267 268 205 202 25 26 359 360 631 603 600 45 38
1 3600 443
17
81 82 131 128 509 375 372 454 441 442 191 123 118 667 627 593 357
1 3600 143
8
82 131 126 365 368 535 435 95
1 3600 488
8
675 672 125 126 239 242 528 111
1 3600 488
13
132 672 663 639 573 574 576 740 737 719 714 705 706
1 3600 325
11
131 128 509 375 376 457 458 594 441 75 78
1 3600 134
5
675 672 663 625 367
1 3600 134
5
85 80 722 703 663
1 3600 134
6
131 128 509 461 464 457
1 3600 488
6
721 675 672 125 126 476
1 3600 488
14
722 645 215 216 218 222 246 93 88 255 250 258 552 568
1 3600 488
10
85 80 722 661 647 579 576 213 165 170
1 3600 407
3
722 645 642
1 3600 488
15
116 553 550 505 498 757 747 43 38 483 486 473 470 405 389
1 3600 443
15
553 259 251 254 554 735 699 363 358 347 344 293 289 286 351
1 3600 488
21
114 169 164 212 681 682 515 510 595 596 654 181 178 278 493 381 378 95 100 153 150
1 3600 488
15
114 169 164 212 577 575 371 376 465 462 664 539 535 533 111
1 3600 106
3
548 556 560
1 3600 106
9
548 417 418 229 226 713 714 585 580
1 3600 113
7
116 553 259 251 254 554 685
1 3600 488
16
559 549 259 173 169 170 225 219 217 214 644 661 658 625 367 364
1 3600 488
9
207 208 113 114 169 164 214 644 723
1 3600 244
3
207 208 113
1 3600 102
6
542 559 417 420 263 264
1 3600 102
4
207 208 113 114
1 3600 488
15
210 542 569 553 259 173 169 170 244 260 87 90 223 219 217
1 3600 488
16
727 87 88 255 252 262 505 498 757 747 43 38 613 614 620 399
1 3600 305
9
172 251 254 554 735 699 695 415 410
1 3600 488
16
92 247 223 219 217 212 681 682 515 510 595 596 654 765 766 493
1 3600 488
20
223 219 220 447 448 425 426 191 123 118 273 274 636 742 762 766 537 533 99 96
1 3600 110
7
172 258 550 505 498 607 610
1 3600 173
4
254 554 685 680
1 3600 173
8
90 223 219 220 447 450 77 74
1 3600 173
12
170 244 260 87 88 554 735 699 695 689 55 52
1 3600 173
9
265 262 505 500 735 699 695 415 412
1 3600 119
7
727 261 245 171 164 214 339
1 3600 488
9
219 220 447 450 77 74 281 282 676
1 3600 174
3
257 258 552
1 3600 174
4
245 171 168 115
1 3600 174
3
168 172 258
1 3600 174
4
93 88 255 252
1 3600 148
5
90 223 219 217 214
1 3600 148
6
253 250 173 169 164 214
1 3600 488
21
643 644 661 647 641 573 570 521 513 514 445 448 323 318 690 631 603 598 485 49 46
1 3600 488
13
212 681 682 515 510 595 596 635 636 527 524 700 750
1 3600 488
7
643 644 703 125 126 239 240
1 3600 488
10
643 644 661 658 625 367 368 531 528 111
1 3600 488
7
212 740 731 728 738 759 747
1 3600 125
12
644 703 663 639 573 570 453 454 441 442 427 53
1 3600 64
7
644 661 647 641 507 461 464
1 3600 443
8
212 577 575 572 638 662 673 133
1 3600 488
3
165 168 115
1 3600 57
5
216 218 224 171 166
