262
30.874382 120.11291 1 1
30.877712 120.116356 2 1
30.875341 120.10906 3 1
30.871252 120.099014 4 1
30.87991 120.09705 5 0
30.86646 120.09574 6 1
30.867353 120.09566 7 1
30.86734 120.09449 8 1
30.87043 120.095726 9 1
30.854586 120.10467 10 0
30.853914 120.091835 11 0
30.871727 120.103546 12 1
30.876957 120.12251 13 1
30.880047 120.11552 14 1
30.858606 120.122505 15 1
30.880514 120.118904 16 1
30.880552 120.122536 17 1
30.876982 120.10126 18 1
30.865362 120.10439 19 1
30.858566 120.122734 20 1
30.890656 120.08299 21 1
30.868553 120.09246 22 1
30.89627 120.07868 23 1
30.85398 120.06811 24 0
30.87052 120.094505 25 1
30.879923 120.06729 26 0
30.867733 120.112946 27 1
30.864832 120.0925 28 1
30.857038 120.09017 29 1
30.874828 120.10061 30 1
30.872498 120.10361 31 1
30.874569 120.10259 32 1
30.873339 120.1041 33 1
30.867823 120.089836 34 0
30.86462 120.0944 35 1
30.863806 120.08802 36 0
30.869213 120.09093 37 0
30.86014 120.09251 38 1
30.869184 120.09824 39 1
30.880741 120.10585 40 0
30.893728 120.12549 41 1
30.882568 120.13141 42 0
30.872343 120.06792 43 1
30.880291 120.08534 44 1
30.879557 120.085266 45 1
30.873352 120.07935 46 1
30.868547 120.094406 47 1
30.872759 120.09436 48 1
30.904896 120.09669 49 0
30.879246 120.13121 50 0
30.875011 120.13113 51 0
30.85956 120.11962 52 0
30.85656 120.077354 53 1
30.859333 120.085075 54 1
30.858015 120.081406 55 1
30.854404 120.08553 56 0
30.856428 120.084984 57 1
30.858656 120.08319 58 1
30.864962 120.07583 59 0
30.875904 120.06719 60 0
30.904875 120.09685 61 0
30.857004 120.08746 62 0
30.865532 120.06731 63 0
30.855145 120.07796 64 0
30.853909 120.09277 65 0
30.859547 120.10618 66 1
30.86248 120.07728 67 1
30.853983 120.126434 68 0
30.894331 120.08959 69 1
30.90442 120.090126 70 0
30.895811 120.08897 71 0
30.8959 120.089485 72 0
30.873661 120.11035 73 0
30.854183 120.10075 74 0
30.870167 120.099976 75 1
30.869154 120.09893 76 1
30.86802 120.09921 77 1
30.871227 120.1001 78 1
30.870327 120.09713 79 1
30.872694 120.10227 80 1
30.854382 120.12223 81 0
30.875647 120.06718 82 0
30.875742 120.06718 83 0
30.875797 120.06735 84 0
30.872414 120.067345 85 0
30.872295 120.06735 86 0
30.874039 120.09612 87 1
30.85555 120.10736 88 0
30.86254 120.09984 89 0
30.861612 120.10151 90 1
30.90502 120.06999 91 0
30.86644 120.09915 92 0
30.854055 120.12647 93 0
30.886133 120.06682 94 0
30.884058 120.07238 95 1
30.885586 120.07007 96 1
30.900078 120.123535 97 0
30.888239 120.13012 98 0
30.861076 120.08201 99 1
30.876694 120.0716 100 1
30.871737 120.07398 101 1
30.879612 120.09591 102 0
30.87462 120.0692 103 1
30.876953 120.12278 104 1
30.877565 120.09684 105 1
30.900566 120.09193 106 1
30.900654 120.09514 107 0
30.861952 120.11257 108 1
30.869213 120.06713 109 0
30.87234 120.06762 110 1
30.8759637 120.1063633 111 1
30.8816904 120.1013443 112 1
30.8780092 120.1117825 113 1
30.87617 120.11304 114 1
30.8777485 120.11892 115 1
30.8727197 120.1013817 116 1
30.871255 120.10134 117 1
30.8673799 120.0981932 118 1
30.8653721 120.0793427 119 1
30.8823736 120.090972 120 1
30.8801945 120.107089 121 1
30.8826085 120.1080525 122 1
30.871284 120.09727 123 0
30.8713145 120.095972 124 0
30.8669299 120.1025155 125 1
30.866104 120.12276 126 1
30.8635797 120.12272 127 1
30.8635945 120.122536 128 1
30.866104 120.12251 129 1
30.8946113 120.0760275 130 1
30.8992844 120.0841193 131 1
30.8964463 120.0856533 132 1
30.897927 120.0955765 133 1
30.8932802 120.0806188 134 1
30.8915359 120.0776994 135 1
30.8937213 120.087877 136 1
30.8571515 120.0681125 137 1
30.8825123 120.1149647 138 1
30.88253 120.1127333 139 1
30.8868458 120.1149258 140 1
30.8585185 120.0944156 141 1
30.8711325 120.101255 142 1
30.8739029 120.0862084 143 1
30.8619336 120.0833246 144 1
30.8724787 120.0874233 145 1
30.8715273 120.0944343 146 1
30.8667826 120.0871622 147 1
30.85998 120.0801187 148 1
30.8713355 120.098287 149 1
30.8707318 120.1022287 150 1
30.857136 120.067785 151 0
30.8716353 120.0924333 152 1
30.8703637 120.104966 153 1
30.8825292 120.1189325 154 1
30.8948318 120.1228033 155 1
30.886854 120.11894 156 1
30.8707476 120.112626 157 1
30.8720084 120.1094489 158 1
30.886855 120.12255 159 1
30.889373 120.12255 160 0
30.8774225 120.108675 161 1
30.88262 120.12252 162 1
30.8695527 120.1158883 163 1
30.873605 120.1024467 164 1
30.8743797 120.104452 165 1
30.8716324 120.1031478 166 1
30.862725 120.1088687 167 1
30.8702458 120.0985137 168 0
30.8830577 120.1256713 169 1
30.869474 120.123153 170 1
30.879756 120.1004383 171 1
30.8825979 120.1055157 172 1
30.875006 120.0984064 173 1
30.8753547 120.093075 174 1
30.8752677 120.0962508 175 1
30.887253 120.10126 176 0
30.8753358 120.0944935 177 1
30.88262 120.122795 178 1
30.8749355 120.069098 179 1
30.8740483 120.0690707 180 1
30.8820763 120.087714 181 0
30.880345 120.0770197 182 1
30.885204 120.1277932 183 1
30.904035 120.07724 184 1
30.877638 120.0732153 185 1
30.901876 120.09612 186 1
30.8868313 120.12282 187 1
30.8860713 120.0854785 188 1
30.880284 120.0966002 189 1
30.8830555 120.0811008 190 1
30.886859 120.1055845 191 1
30.8868877 120.091092 192 1
30.8692855 120.1035763 193 1
30.866519 120.092545 194 1
30.8766049 120.0822515 195 1
30.8634332 120.1021588 196 1
30.8820064 120.0702234 197 1
30.8875575 120.0777687 198 1
30.8720588 120.1033587 199 1
30.8663816 120.094442 200 1
30.877988 120.0987175 201 1
30.8809848 120.1057822 202 1
30.8737345 120.0983275 203 0
30.8799448 120.0856387 204 1
30.867301 120.106285 205 1
30.8662023 120.1094864 206 1
30.8823658 120.0964925 207 1
30.8703338 120.0765225 208 1
30.8743325 120.094465 209 0
30.8649091 120.1033427 210 1
30.8698872 120.1011625 211 1
30.8600188 120.1069178 212 1
30.8546038 120.0956 213 1
30.868528 120.09449 214 1
30.8694755 120.10949 215 1
30.8610412 120.107715 216 0
30.8799185 120.0849925 217 1
30.866637 120.090265 218 1
30.8703025 120.098165 219 0
30.8686485 120.117975 220 1
30.8727895 120.09252 221 1
30.854122 120.0938375 222 1
30.8654877 120.1114233 223 1
30.8589525 120.08763 224 1
30.8540926 120.093454 225 1
30.8591985 120.104885 226 1
30.871455 120.095987 227 1
30.8656505 120.067897 228 1
30.865667 120.068172 229 1
30.8584647 120.0924733 230 1
30.86767 120.090325 231 1
30.8568773 120.0900047 232 1
30.8772115 120.104485 233 1
30.8838175 120.12963 234 1
30.9006005 120.095977 235 1
30.8773743 120.0894993 236 1
30.8622945 120.13033 237 0
30.9031105 120.08408 238 1
30.880408 120.12279 239 1
30.8812265 120.127037 240 1
30.8561968 120.119451 241 1
30.871948 120.074062 242 1
30.8554055 120.122442 243 1
30.855313 120.122735 244 1
30.8857827 120.0748297 245 1
30.9004865 120.0908213 246 1
30.900659 120.0883863 247 1
30.8694752 120.1119764 248 1
30.855948 120.100148 249 0
30.870225 120.099018 250 1
30.872956 120.0984833 251 1
30.9047968 120.0721235 252 1
30.898368 120.1082365 253 1
30.8990375 120.1059565 254 1
30.9001485 120.0984375 255 1
30.8861222 120.06721 256 0
30.885544 120.07474 257 1
30.871753 120.12277 258 1
30.9004605 120.097007 259 1
30.901125 120.09621 260 1
30.897836 120.09088 261 1
30.897495 120.088485 262 1
385
224 38 554.3780239257608 16.67 3 3 2 3
1 0 0 0 1 0 0 0 1
1 0 0 0 1 0 0 0 1
224 29 336.42153629554406 16.67 3 3 4 5
1 0 0 0 1 0 0 0 1
1 0 0 0 1 0 0 0 1
224 144 556.956959426295 16.67 3 3 6 7
1 0 0 0 1 0 0 0 1
1 0 0 0 1 0 0 0 1
225 11 180.84122494771376 16.67 3 3 8 9
1 0 0 0 1 0 0 0 1
1 0 0 0 1 0 0 0 1
225 232 466.6850423748469 16.67 3 3 10 11
1 0 0 0 1 0 0 0 1
1 0 0 0 1 0 0 0 1
225 222 42.73814156246694 16.67 3 3 12 13
1 0 0 0 1 0 0 0 1
1 0 0 0 1 0 0 0 1
225 65 78.05532651995206 16.67 3 3 14 15
1 0 0 0 1 0 0 0 1
1 0 0 0 1 0 0 0 1
226 88 443.901933111656 16.67 3 3 16 17
1 0 0 0 1 0 0 0 1
1 0 0 0 1 0 0 0 1
226 212 239.22944003977182 16.67 3 3 18 19
1 0 0 0 1 0 0 0 1
1 0 0 0 1 0 0 0 1
226 66 147.798991499153 16.67 3 3 20 21
1 0 0 0 1 0 0 0 1
1 0 0 0 1 0 0 0 1
226 90 440.3797160478598 16.67 3 3 22 23
1 0 0 0 1 0 0 0 1
1 0 0 0 1 0 0 0 1
227 149 256.018305880043 16.67 3 3 24 25
1 0 0 0 1 0 0 0 1
1 0 0 0 1 0 0 0 1
227 146 172.80085956494221 16.67 3 3 26 27
1 0 0 0 1 0 0 0 1
1 0 0 0 1 0 0 0 1
227 87 247.0775525933217 16.67 3 3 28 29
1 0 0 0 1 0 0 0 1
1 0 0 0 1 0 0 0 1
228 43 638.8214369570874 16.67 3 3 30 31
1 0 0 0 1 0 0 0 1
1 0 0 0 1 0 0 0 1
228 63 66.24821351303481 16.67 3 3 32 33
1 0 0 0 1 0 0 0 1
1 0 0 0 1 0 0 0 1
228 229 30.62102149990446 16.67 3 3 34 35
1 0 0 0 1 0 0 0 1
1 0 0 0 1 0 0 0 1
228 151 812.8263212918412 16.67 3 3 36 37
1 0 0 0 1 0 0 0 1
1 0 0 0 1 0 0 0 1
46 208 426.43547406649895 16.67 3 3 38 39
1 0 0 0 1 0 0 0 1
1 0 0 0 1 0 0 0 1
46 185 795.4410755052955 16.67 3 3 40 41
1 0 0 0 1 0 0 0 1
1 0 0 0 1 0 0 0 1
46 195 447.76959162518796 16.67 3 3 42 43
1 0 0 0 1 0 0 0 1
1 0 0 0 1 0 0 0 1
46 143 764.4767140490735 16.67 3 3 44 45
1 0 0 0 1 0 0 0 1
1 0 0 0 1 0 0 0 1
229 137 812.8531391717679 16.67 3 3 46 47
1 0 0 0 1 0 0 0 1
1 0 0 0 1 0 0 0 1
229 119 1242.5206828017745 16.67 3 3 48 49
1 0 0 0 1 0 0 0 1
1 0 0 0 1 0 0 0 1
229 180 806.2343190428012 16.67 3 3 50 51
1 0 0 0 1 0 0 0 1
1 0 0 0 1 0 0 0 1
30 18 217.92158906844858 16.67 3 3 52 53
1 0 0 0 1 0 0 0 1
1 0 0 0 1 0 0 0 1
30 173 245.63247087262576 16.67 3 3 54 55
1 0 0 0 1 0 0 0 1
1 0 0 0 1 0 0 0 1
30 32 221.56285543852013 16.67 3 3 56 57
1 0 0 0 1 0 0 0 1
1 0 0 0 1 0 0 0 1
230 141 216.04827850749385 16.67 3 3 58 59
1 0 0 0 1 0 0 0 1
1 0 0 0 1 0 0 0 1
230 38 159.97573849844585 16.67 3 3 60 61
1 0 0 0 1 0 0 0 1
1 0 0 0 1 0 0 0 1
230 29 290.088767248957 16.67 3 3 62 63
1 0 0 0 1 0 0 0 1
1 0 0 0 1 0 0 0 1
231 218 98.82591307102793 16.67 3 3 64 65
1 0 0 0 1 0 0 0 1
1 0 0 0 1 0 0 0 1
231 37 161.91870206610344 16.67 3 3 66 67
1 0 0 0 1 0 0 0 1
1 0 0 0 1 0 0 0 1
231 34 56.30458486120814 16.67 3 3 68 69
1 0 0 0 1 0 0 0 1
1 0 0 0 1 0 0 0 1
232 29 23.942017878556285 16.67 3 3 70 71
1 0 0 0 1 0 0 0 1
1 0 0 0 1 0 0 0 1
232 144 885.8841846873446 16.67 3 3 72 73
1 0 0 0 1 0 0 0 1
1 0 0 0 1 0 0 0 1
233 111 240.43618200962447 16.67 3 3 74 75
1 0 0 0 1 0 0 0 1
1 0 0 0 1 0 0 0 1
233 171 511.3474833382293 16.67 3 3 76 77
1 0 0 0 1 0 0 0 1
1 0 0 0 1 0 0 0 1
233 40 369.47863458398814 16.67 3 3 78 79
1 0 0 0 1 0 0 0 1
1 0 0 0 1 0 0 0 1
234 183 243.36976126982003 16.67 3 3 80 81
1 0 0 0 1 0 0 0 1
1 0 0 0 1 0 0 0 1
234 240 379.85044444644313 16.67 3 3 82 83
1 0 0 0 1 0 0 0 1
1 0 0 0 1 0 0 0 1
234 42 231.083055034992 16.67 3 3 84 85
1 0 0 0 1 0 0 0 1
1 0 0 0 1 0 0 0 1
235 186 122.73980294702554 16.67 3 3 86 87
1 0 0 0 1 0 0 0 1
1 0 0 0 1 0 0 0 1
235 133 258.95784579066304 16.67 3 3 88 89
1 0 0 0 1 0 0 0 1
1 0 0 0 1 0 0 0 1
235 259 115.3142045550682 16.67 3 3 90 91
1 0 0 0 1 0 0 0 1
1 0 0 0 1 0 0 0 1
235 260 56.35594168078542 16.67 3 3 92 93
1 0 0 0 1 0 0 0 1
1 0 0 0 1 0 0 0 1
20 15 25.74989183912654 16.67 3 3 94 95
1 0 0 0 1 0 0 0 1
1 0 0 0 1 0 0 0 1
20 237 916.612792256531 16.67 3 3 96 97
1 0 0 0 1 0 0 0 1
1 0 0 0 1 0 0 0 1
20 127 478.60843963127627 16.67 3 3 98 99
1 0 0 0 1 0 0 0 1
1 0 0 0 1 0 0 0 1
20 244 310.5301707771213 16.67 3 3 100 101
1 0 0 0 1 0 0 0 1
1 0 0 0 1 0 0 0 1
236 102 744.1848284449674 16.67 3 3 102 103
1 0 0 0 1 0 0 0 1
1 0 0 0 1 0 0 0 1
236 174 441.88066636373566 16.67 3 3 104 105
1 0 0 0 1 0 0 0 1
1 0 0 0 1 0 0 0 1
236 204 494.45982643318746 16.67 3 3 106 107
1 0 0 0 1 0 0 0 1
1 0 0 0 1 0 0 0 1
236 143 493.65063090329977 16.67 3 3 108 109
1 0 0 0 1 0 0 0 1
1 0 0 0 1 0 0 0 1
237 127 855.0917874716946 16.67 3 3 110 111
1 0 0 0 1 0 0 0 1
1 0 0 0 1 0 0 0 1
238 184 765.718200065606 16.67 3 3 112 113
1 0 0 0 1 0 0 0 1
1 0 0 0 1 0 0 0 1
238 247 532.9436326152774 16.67 3 3 114 115
1 0 0 0 1 0 0 0 1
1 0 0 0 1 0 0 0 1
238 131 365.094443032291 16.67 3 3 116 117
1 0 0 0 1 0 0 0 1
1 0 0 0 1 0 0 0 1
31 199 50.38046169187631 16.67 3 3 118 119
1 0 0 0 1 0 0 0 1
1 0 0 0 1 0 0 0 1
31 80 150.18010117781017 16.67 3 3 120 121
1 0 0 0 1 0 0 0 1
1 0 0 0 1 0 0 0 1
31 33 97.01695969127891 16.67 3 3 122 123
1 0 0 0 1 0 0 0 1
1 0 0 0 1 0 0 0 1
239 178 211.10930418947842 16.67 3 3 124 125
1 0 0 0 1 0 0 0 1
1 0 0 0 1 0 0 0 1
239 104 329.73972149727433 16.67 3 3 126 127
1 0 0 0 1 0 0 0 1
1 0 0 0 1 0 0 0 1
239 17 31.41123796017764 16.67 3 3 128 129
1 0 0 0 1 0 0 0 1
1 0 0 0 1 0 0 0 1
239 240 478.69072447726217 16.67 3 3 130 131
1 0 0 0 1 0 0 0 1
1 0 0 0 1 0 0 0 1
240 169 231.5308786300573 16.67 3 3 132 133
1 0 0 0 1 0 0 0 1
1 0 0 0 1 0 0 0 1
241 10 1650.8507355094112 16.67 3 3 134 135
1 0 0 0 1 0 0 0 1
1 0 0 0 1 0 0 0 1
241 243 341.0746711034324 16.67 3 3 136 137
1 0 0 0 1 0 0 0 1
1 0 0 0 1 0 0 0 1
241 212 1440.6800498481334 16.67 3 3 138 139
1 0 0 0 1 0 0 0 1
1 0 0 0 1 0 0 0 1
241 66 1510.0155852493563 16.67 3 3 140 141
1 0 0 0 1 0 0 0 1
1 0 0 0 1 0 0 0 1
242 208 314.00781445839056 16.67 3 3 142 143
1 0 0 0 1 0 0 0 1
1 0 0 0 1 0 0 0 1
242 179 621.3037819700447 16.67 3 3 144 145
1 0 0 0 1 0 0 0 1
1 0 0 0 1 0 0 0 1
242 83 846.6422449622473 16.67 3 3 146 147
1 0 0 0 1 0 0 0 1
1 0 0 0 1 0 0 0 1
243 15 305.60889912761684 16.67 3 3 148 149
1 0 0 0 1 0 0 0 1
1 0 0 0 1 0 0 0 1
243 81 100.51000263217868 16.67 3 3 150 151
1 0 0 0 1 0 0 0 1
1 0 0 0 1 0 0 0 1
243 244 33.75750375499119 16.67 3 3 152 153
1 0 0 0 1 0 0 0 1
1 0 0 0 1 0 0 0 1
244 93 432.35213199586894 16.67 3 3 154 155
1 0 0 0 1 0 0 0 1
1 0 0 0 1 0 0 0 1
244 68 430.48470424779225 16.67 3 3 156 157
1 0 0 0 1 0 0 0 1
1 0 0 0 1 0 0 0 1
245 198 368.1033529439892 16.67 3 3 158 159
1 0 0 0 1 0 0 0 1
1 0 0 0 1 0 0 0 1
245 95 318.2741579710529 16.67 3 3 160 161
1 0 0 0 1 0 0 0 1
1 0 0 0 1 0 0 0 1
245 256 847.9434515656875 16.67 3 3 162 163
1 0 0 0 1 0 0 0 1
1 0 0 0 1 0 0 0 1
246 253 1947.1226051997412 16.67 3 3 164 165
1 0 0 0 1 0 0 0 1
1 0 0 0 1 0 0 0 1
246 70 383.20738687987944 16.67 3 3 166 167
1 0 0 0 1 0 0 0 1
1 0 0 0 1 0 0 0 1
246 247 271.2761483807709 16.67 3 3 168 169
1 0 0 0 1 0 0 0 1
1 0 0 0 1 0 0 0 1
246 106 123.52256559914014 16.67 3 3 170 171
1 0 0 0 1 0 0 0 1
1 0 0 0 1 0 0 0 1
247 262 302.1010237759588 16.67 3 3 172 173
1 0 0 0 1 0 0 0 1
1 0 0 0 1 0 0 0 1
32 164 93.37746346127133 16.67 3 3 174 175
1 0 0 0 1 0 0 0 1
1 0 0 0 1 0 0 0 1
32 165 207.84449893007 16.67 3 3 176 177
1 0 0 0 1 0 0 0 1
1 0 0 0 1 0 0 0 1
248 27 198.18693831640303 16.67 3 3 178 179
1 0 0 0 1 0 0 0 1
1 0 0 0 1 0 0 0 1
248 215 276.49212166836907 16.67 3 3 180 181
1 0 0 0 1 0 0 0 1
1 0 0 0 1 0 0 0 1
248 157 141.30816748651702 16.67 3 3 182 183
1 0 0 0 1 0 0 0 1
1 0 0 0 1 0 0 0 1
249 213 521.7708706557738 16.67 3 3 184 185
1 0 0 0 1 0 0 0 1
1 0 0 0 1 0 0 0 1
249 74 181.30248099807028 16.67 3 3 186 187
1 0 0 0 1 0 0 0 1
1 0 0 0 1 0 0 0 1
33 164 185.5946078299562 16.67 3 3 188 189
1 0 0 0 1 0 0 0 1
1 0 0 0 1 0 0 0 1
33 165 106.76389990916252 16.67 3 3 190 191
1 0 0 0 1 0 0 0 1
1 0 0 0 1 0 0 0 1
250 76 102.69213900117296 16.67 3 3 192 193
1 0 0 0 1 0 0 0 1
1 0 0 0 1 0 0 0 1
250 4 98.02611925809254 16.67 3 3 194 195
1 0 0 0 1 0 0 0 1
1 0 0 0 1 0 0 0 1
250 75 106.67505474680705 16.67 3 3 196 197
1 0 0 0 1 0 0 0 1
1 0 0 0 1 0 0 0 1
250 168 56.11419183310912 16.67 3 3 198 199
1 0 0 0 1 0 0 0 1
1 0 0 0 1 0 0 0 1
251 173 195.84963271889535 16.67 3 3 200 201
1 0 0 0 1 0 0 0 1
1 0 0 0 1 0 0 0 1
251 149 156.20189333224704 16.67 3 3 202 203
1 0 0 0 1 0 0 0 1
1 0 0 0 1 0 0 0 1
251 116 323.09540022220506 16.67 3 3 204 205
1 0 0 0 1 0 0 0 1
1 0 0 0 1 0 0 0 1
252 91 238.20290823572105 16.67 3 3 206 207
1 0 0 0 1 0 0 0 1
1 0 0 0 1 0 0 0 1
252 184 573.5880267251979 16.67 3 3 208 209
1 0 0 0 1 0 0 0 1
1 0 0 0 1 0 0 0 1
252 130 1064.3934763736415 16.67 3 3 210 211
1 0 0 0 1 0 0 0 1
1 0 0 0 1 0 0 0 1
253 191 1137.0963983479792 16.67 3 3 212 213
1 0 0 0 1 0 0 0 1
1 0 0 0 1 0 0 0 1
253 155 1654.624603851883 16.67 3 3 214 215
1 0 0 0 1 0 0 0 1
1 0 0 0 1 0 0 0 1
253 254 261.46451334025244 16.67 3 3 216 217
1 0 0 0 1 0 0 0 1
1 0 0 0 1 0 0 0 1
254 255 842.8198911351272 16.67 3 3 218 219
1 0 0 0 1 0 0 0 1
1 0 0 0 1 0 0 0 1
254 176 1239.8325895004125 16.67 3 3 220 221
1 0 0 0 1 0 0 0 1
1 0 0 0 1 0 0 0 1
255 259 161.83592947914315 16.67 3 3 222 223
1 0 0 0 1 0 0 0 1
1 0 0 0 1 0 0 0 1
255 106 724.7413188835467 16.67 3 3 224 225
1 0 0 0 1 0 0 0 1
1 0 0 0 1 0 0 0 1
257 197 605.1733586145137 16.67 3 3 226 227
1 0 0 0 1 0 0 0 1
1 0 0 0 1 0 0 0 1
257 198 387.7566507817113 16.67 3 3 228 229
1 0 0 0 1 0 0 0 1
1 0 0 0 1 0 0 0 1
257 96 519.3278074275662 16.67 3 3 230 231
1 0 0 0 1 0 0 0 1
1 0 0 0 1 0 0 0 1
79 219 115.11760236414791 16.67 3 3 232 233
1 0 0 0 1 0 0 0 1
1 0 0 0 1 0 0 0 1
79 123 92.66085015111605 16.67 3 3 234 235
1 0 0 0 1 0 0 0 1
1 0 0 0 1 0 0 0 1
79 9 156.43652796861136 16.67 3 3 236 237
1 0 0 0 1 0 0 0 1
1 0 0 0 1 0 0 0 1
258 104 496.32300428862067 16.67 3 3 238 239
1 0 0 0 1 0 0 0 1
1 0 0 0 1 0 0 0 1
258 170 221.65286906518872 16.67 3 3 240 241
1 0 0 0 1 0 0 0 1
1 0 0 0 1 0 0 0 1
258 126 539.1783801929439 16.67 3 3 242 243
1 0 0 0 1 0 0 0 1
1 0 0 0 1 0 0 0 1
106 107 357.05647784516265 16.67 3 3 244 245
1 0 0 0 1 0 0 0 1
1 0 0 0 1 0 0 0 1
259 260 108.97297363864541 16.67 3 3 246 247
1 0 0 0 1 0 0 0 1
1 0 0 0 1 0 0 0 1
260 61 364.8237106926747 16.67 3 3 248 249
1 0 0 0 1 0 0 0 1
1 0 0 0 1 0 0 0 1
261 262 268.3085874760427 16.67 3 3 250 251
1 0 0 0 1 0 0 0 1
1 0 0 0 1 0 0 0 1
261 69 363.91488030028694 16.67 3 3 252 253
1 0 0 0 1 0 0 0 1
1 0 0 0 1 0 0 0 1
261 133 522.3313674966506 16.67 3 3 254 255
1 0 0 0 1 0 0 0 1
1 0 0 0 1 0 0 0 1
262 71 169.49812421858218 16.67 3 3 256 257
1 0 0 0 1 0 0 0 1
1 0 0 0 1 0 0 0 1
262 132 330.4078479957681 16.67 3 3 258 259
1 0 0 0 1 0 0 0 1
1 0 0 0 1 0 0 0 1
107 186 159.59890217246016 16.67 3 3 260 261
1 0 0 0 1 0 0 0 1
1 0 0 0 1 0 0 0 1
69 136 199.17540785512665 16.67 3 3 262 263
1 0 0 0 1 0 0 0 1
1 0 0 0 1 0 0 0 1
69 72 150.17485892681543 16.67 3 3 264 265
1 0 0 0 1 0 0 0 1
1 0 0 0 1 0 0 0 1
80 164 89.1434589439041 16.67 3 3 266 267
1 0 0 0 1 0 0 0 1
1 0 0 0 1 0 0 0 1
80 116 98.8109978590715 16.67 3 3 268 269
1 0 0 0 1 0 0 0 1
1 0 0 0 1 0 0 0 1
12 166 45.19175136525164 16.67 3 3 270 271
1 0 0 0 1 0 0 0 1
1 0 0 0 1 0 0 0 1
12 199 37.904417625861804 16.67 3 3 272 273
1 0 0 0 1 0 0 0 1
1 0 0 0 1 0 0 0 1
12 153 204.612489467292 16.67 3 3 274 275
1 0 0 0 1 0 0 0 1
1 0 0 0 1 0 0 0 1
27 220 566.0199176873203 16.67 3 3 276 277
1 0 0 0 1 0 0 0 1
1 0 0 0 1 0 0 0 1
27 223 273.13464999444204 16.67 3 3 278 279
1 0 0 0 1 0 0 0 1
1 0 0 0 1 0 0 0 1
1 111 743.4923600183436 16.67 3 3 280 281
1 0 0 0 1 0 0 0 1
1 0 0 0 1 0 0 0 1
1 170 1231.603237183584 16.67 3 3 282 283
1 0 0 0 1 0 0 0 1
1 0 0 0 1 0 0 0 1
1 114 171.26485231475556 16.67 3 3 284 285
1 0 0 0 1 0 0 0 1
1 0 0 0 1 0 0 0 1
6 118 286.5830902364944 16.67 3 3 286 287
1 0 0 0 1 0 0 0 1
1 0 0 0 1 0 0 0 1
6 7 85.70140206370007 16.67 3 3 288 289
1 0 0 0 1 0 0 0 1
1 0 0 0 1 0 0 0 1
6 200 144.53377966073384 16.67 3 3 290 291
1 0 0 0 1 0 0 0 1
1 0 0 0 1 0 0 0 1
7 214 171.77394558704663 16.67 3 3 292 293
1 0 0 0 1 0 0 0 1
1 0 0 0 1 0 0 0 1
7 8 130.1120064743645 16.67 3 3 294 295
1 0 0 0 1 0 0 0 1
1 0 0 0 1 0 0 0 1
8 214 113.39565323069357 16.67 3 3 296 297
1 0 0 0 1 0 0 0 1
1 0 0 0 1 0 0 0 1
8 200 91.63571909724891 16.67 3 3 298 299
1 0 0 0 1 0 0 0 1
1 0 0 0 1 0 0 0 1
9 25 136.04885278645395 16.67 3 3 300 301
1 0 0 0 1 0 0 0 1
1 0 0 0 1 0 0 0 1
9 124 88.74498935725525 16.67 3 3 302 303
1 0 0 0 1 0 0 0 1
1 0 0 0 1 0 0 0 1
28 218 302.4155089830697 16.67 3 3 304 305
1 0 0 0 1 0 0 0 1
1 0 0 0 1 0 0 0 1
28 194 161.1075918260161 16.67 3 3 306 307
1 0 0 0 1 0 0 0 1
1 0 0 0 1 0 0 0 1
28 35 212.2502593698378 16.67 3 3 308 309
1 0 0 0 1 0 0 0 1
1 0 0 0 1 0 0 0 1
28 38 447.8686573522316 16.67 3 3 310 311
1 0 0 0 1 0 0 0 1
1 0 0 0 1 0 0 0 1
19 167 558.0329684510625 16.67 3 3 312 313
1 0 0 0 1 0 0 0 1
1 0 0 0 1 0 0 0 1
19 210 124.22638999327637 16.67 3 3 314 315
1 0 0 0 1 0 0 0 1
1 0 0 0 1 0 0 0 1
19 205 280.46707444719954 16.67 3 3 316 317
1 0 0 0 1 0 0 0 1
1 0 0 0 1 0 0 0 1
105 174 468.81714774641574 16.67 3 3 318 319
1 0 0 0 1 0 0 0 1
1 0 0 0 1 0 0 0 1
105 175 228.83628317531043 16.67 3 3 320 321
1 0 0 0 1 0 0 0 1
1 0 0 0 1 0 0 0 1
105 201 212.6487823661849 16.67 3 3 322 323
1 0 0 0 1 0 0 0 1
1 0 0 0 1 0 0 0 1
39 118 172.27825549895337 16.67 3 3 324 325
1 0 0 0 1 0 0 0 1
1 0 0 0 1 0 0 0 1
39 76 76.7826447971151 16.67 3 3 326 327
1 0 0 0 1 0 0 0 1
1 0 0 0 1 0 0 0 1
39 168 105.81929247746916 16.67 3 3 328 329
1 0 0 0 1 0 0 0 1
1 0 0 0 1 0 0 0 1
47 146 284.48610199632964 16.67 3 3 330 331
1 0 0 0 1 0 0 0 1
1 0 0 0 1 0 0 0 1
47 200 206.72551265526118 16.67 3 3 332 333
1 0 0 0 1 0 0 0 1
1 0 0 0 1 0 0 0 1
47 22 216.39943296501806 16.67 3 3 334 335
1 0 0 0 1 0 0 0 1
1 0 0 0 1 0 0 0 1
41 41 0.0 16.67 3 3 336 337
1 0 0 0 1 0 0 0 1
1 0 0 0 1 0 0 0 1
41 155 316.7891509043335 16.67 3 3 338 339
1 0 0 0 1 0 0 0 1
1 0 0 0 1 0 0 0 1
75 211 134.6166270691581 16.67 3 3 340 341
1 0 0 0 1 0 0 0 1
1 0 0 0 1 0 0 0 1
75 78 102.1102775514333 16.67 3 3 342 343
1 0 0 0 1 0 0 0 1
1 0 0 0 1 0 0 0 1
25 214 190.13917474677393 16.67 3 3 344 345
1 0 0 0 1 0 0 0 1
1 0 0 0 1 0 0 0 1
25 146 96.46539866655489 16.67 3 3 346 347
1 0 0 0 1 0 0 0 1
1 0 0 0 1 0 0 0 1
76 77 112.62867477892813 16.67 3 3 348 349
1 0 0 0 1 0 0 0 1
1 0 0 0 1 0 0 0 1
77 118 128.52138270359188 16.67 3 3 350 351
1 0 0 0 1 0 0 0 1
1 0 0 0 1 0 0 0 1
77 211 280.9016894370315 16.67 3 3 352 353
1 0 0 0 1 0 0 0 1
1 0 0 0 1 0 0 0 1
78 4 120.78871105865949 16.67 3 3 354 355
1 0 0 0 1 0 0 0 1
1 0 0 0 1 0 0 0 1
78 142 128.75438510766037 16.67 3 3 356 357
1 0 0 0 1 0 0 0 1
1 0 0 0 1 0 0 0 1
48 146 117.85019520247371 16.67 3 3 358 359
1 0 0 0 1 0 0 0 1
1 0 0 0 1 0 0 0 1
48 221 204.63199341196201 16.67 3 3 360 361
1 0 0 0 1 0 0 0 1
1 0 0 0 1 0 0 0 1
48 177 246.39157492096362 16.67 3 3 362 363
1 0 0 0 1 0 0 0 1
1 0 0 0 1 0 0 0 1
13 104 30.02690916243175 16.67 3 3 364 365
1 0 0 0 1 0 0 0 1
1 0 0 0 1 0 0 0 1
13 17 343.1236875434365 16.67 3 3 366 367
1 0 0 0 1 0 0 0 1
1 0 0 0 1 0 0 0 1
13 129 1035.824527445332 16.67 3 3 368 369
1 0 0 0 1 0 0 0 1
1 0 0 0 1 0 0 0 1
14 138 243.25214504335997 16.67 3 3 370 371
1 0 0 0 1 0 0 0 1
1 0 0 0 1 0 0 0 1
14 113 458.8695424636004 16.67 3 3 372 373
1 0 0 0 1 0 0 0 1
1 0 0 0 1 0 0 0 1
14 16 378.9370583953137 16.67 3 3 374 375
1 0 0 0 1 0 0 0 1
1 0 0 0 1 0 0 0 1
14 2 241.46176822398346 16.67 3 3 376 377
1 0 0 0 1 0 0 0 1
1 0 0 0 1 0 0 0 1
52 15 333.49204044888177 16.67 3 3 378 379
1 0 0 0 1 0 0 0 1
1 0 0 0 1 0 0 0 1
52 108 816.5481183720865 16.67 3 3 380 381
1 0 0 0 1 0 0 0 1
1 0 0 0 1 0 0 0 1
4 149 81.2355934315628 16.67 3 3 382 383
1 0 0 0 1 0 0 0 1
1 0 0 0 1 0 0 0 1
53 67 565.192692640096 16.67 3 3 384 385
1 0 0 0 1 0 0 0 1
1 0 0 0 1 0 0 0 1
53 64 150.9546231544139 16.67 3 3 386 387
1 0 0 0 1 0 0 0 1
1 0 0 0 1 0 0 0 1
53 55 471.51171889742085 16.67 3 3 388 389
1 0 0 0 1 0 0 0 1
1 0 0 0 1 0 0 0 1
54 58 219.3514897085385 16.67 3 3 390 391
1 0 0 0 1 0 0 0 1
1 0 0 0 1 0 0 0 1
54 62 346.07439016641524 16.67 3 3 392 393
1 0 0 0 1 0 0 0 1
1 0 0 0 1 0 0 0 1
54 99 379.2774118531712 16.67 3 3 394 395
1 0 0 0 1 0 0 0 1
1 0 0 0 1 0 0 0 1
43 110 33.361764549923485 16.67 3 3 396 397
1 0 0 0 1 0 0 0 1
1 0 0 0 1 0 0 0 1
43 180 207.0406291749549 16.67 3 3 398 399
1 0 0 0 1 0 0 0 1
1 0 0 0 1 0 0 0 1
55 57 425.74559215007605 16.67 3 3 400 401
1 0 0 0 1 0 0 0 1
1 0 0 0 1 0 0 0 1
55 58 207.6064021058534 16.67 3 3 402 403
1 0 0 0 1 0 0 0 1
1 0 0 0 1 0 0 0 1
55 148 235.9616682561094 16.67 3 3 404 405
1 0 0 0 1 0 0 0 1
1 0 0 0 1 0 0 0 1
57 58 291.607909082409 16.67 3 3 406 407
1 0 0 0 1 0 0 0 1
1 0 0 0 1 0 0 0 1
57 56 202.52982241175872 16.67 3 3 408 409
1 0 0 0 1 0 0 0 1
1 0 0 0 1 0 0 0 1
87 203 247.19236294487902 16.67 3 3 410 411
1 0 0 0 1 0 0 0 1
1 0 0 0 1 0 0 0 1
87 209 186.15869150764402 16.67 3 3 412 413
1 0 0 0 1 0 0 0 1
1 0 0 0 1 0 0 0 1
87 175 118.17087943214564 16.67 3 3 414 415
1 0 0 0 1 0 0 0 1
1 0 0 0 1 0 0 0 1
21 134 363.64658375630216 16.67 3 3 416 417
1 0 0 0 1 0 0 0 1
1 0 0 0 1 0 0 0 1
21 198 651.5714336659878 16.67 3 3 418 419
1 0 0 0 1 0 0 0 1
1 0 0 0 1 0 0 0 1
21 136 617.1670060776223 16.67 3 3 420 421
1 0 0 0 1 0 0 0 1
1 0 0 0 1 0 0 0 1
29 222 493.7755472080085 16.67 3 3 422 423
1 0 0 0 1 0 0 0 1
1 0 0 0 1 0 0 0 1
18 201 298.5887365115795 16.67 3 3 424 425
1 0 0 0 1 0 0 0 1
1 0 0 0 1 0 0 0 1
18 165 433.2204140754631 16.67 3 3 426 427
1 0 0 0 1 0 0 0 1
1 0 0 0 1 0 0 0 1
110 85 31.38554387260947 16.67 3 3 428 429
1 0 0 0 1 0 0 0 1
1 0 0 0 1 0 0 0 1
110 86 30.33013550380363 16.67 3 3 430 431
1 0 0 0 1 0 0 0 1
1 0 0 0 1 0 0 0 1
110 109 303.39252238466236 16.67 3 3 432 433
1 0 0 0 1 0 0 0 1
1 0 0 0 1 0 0 0 1
15 128 476.2126038043947 16.67 3 3 434 435
1 0 0 0 1 0 0 0 1
1 0 0 0 1 0 0 0 1
95 197 309.59233570545547 16.67 3 3 436 437
1 0 0 0 1 0 0 0 1
1 0 0 0 1 0 0 0 1
95 96 295.3808394356779 16.67 3 3 438 439
1 0 0 0 1 0 0 0 1
1 0 0 0 1 0 0 0 1
111 161 292.3488236744186 16.67 3 3 440 441
1 0 0 0 1 0 0 0 1
1 0 0 0 1 0 0 0 1
111 165 260.82333911456453 16.67 3 3 442 443
1 0 0 0 1 0 0 0 1
1 0 0 0 1 0 0 0 1
112 202 498.0756043835432 16.67 3 3 444 445
1 0 0 0 1 0 0 0 1
1 0 0 0 1 0 0 0 1
112 176 530.9583588930061 16.67 3 3 446 447
1 0 0 0 1 0 0 0 1
1 0 0 0 1 0 0 0 1
112 201 458.4512422910649 16.67 3 3 448 449
1 0 0 0 1 0 0 0 1
1 0 0 0 1 0 0 0 1
112 171 210.3143292473073 16.67 3 3 450 451
1 0 0 0 1 0 0 0 1
1 0 0 0 1 0 0 0 1
113 139 444.23211024592416 16.67 3 3 452 453
1 0 0 0 1 0 0 0 1
1 0 0 0 1 0 0 0 1
113 161 350.0668791739503 16.67 3 3 454 455
1 0 0 0 1 0 0 0 1
1 0 0 0 1 0 0 0 1
114 2 397.02956589578304 16.67 3 3 456 457
1 0 0 0 1 0 0 0 1
1 0 0 0 1 0 0 0 1
114 3 449.5998420473405 16.67 3 3 458 459
1 0 0 0 1 0 0 0 1
1 0 0 0 1 0 0 0 1
115 16 263.9467568670406 16.67 3 3 460 461
1 0 0 0 1 0 0 0 1
1 0 0 0 1 0 0 0 1
115 163 851.769715383255 16.67 3 3 462 463
1 0 0 0 1 0 0 0 1
1 0 0 0 1 0 0 0 1
115 2 285.142658944822 16.67 3 3 464 465
1 0 0 0 1 0 0 0 1
1 0 0 0 1 0 0 0 1
96 94 365.15636637079865 16.67 3 3 466 467
1 0 0 0 1 0 0 0 1
1 0 0 0 1 0 0 0 1
116 117 139.8759518222202 16.67 3 3 468 469
1 0 0 0 1 0 0 0 1
1 0 0 0 1 0 0 0 1
99 148 234.90072094476497 16.67 3 3 470 471
1 0 0 0 1 0 0 0 1
1 0 0 0 1 0 0 0 1
99 144 167.54708928997522 16.67 3 3 472 473
1 0 0 0 1 0 0 0 1
1 0 0 0 1 0 0 0 1
118 219 278.982269926348 16.67 3 3 474 475
1 0 0 0 1 0 0 0 1
1 0 0 0 1 0 0 0 1
104 50 962.6375021347504 16.67 3 3 476 477
1 0 0 0 1 0 0 0 1
1 0 0 0 1 0 0 0 1
117 149 339.58598649040164 16.67 3 3 478 479
1 0 0 0 1 0 0 0 1
1 0 0 0 1 0 0 0 1
117 150 110.72568012506595 16.67 3 3 480 481
1 0 0 0 1 0 0 0 1
1 0 0 0 1 0 0 0 1
119 208 568.0289922892572 16.67 3 3 482 483
1 0 0 0 1 0 0 0 1
1 0 0 0 1 0 0 0 1
119 147 879.9038809362767 16.67 3 3 484 485
1 0 0 0 1 0 0 0 1
1 0 0 0 1 0 0 0 1
119 144 551.1730250057244 16.67 3 3 486 487
1 0 0 0 1 0 0 0 1
1 0 0 0 1 0 0 0 1
66 212 93.59324506021385 16.67 3 3 488 489
1 0 0 0 1 0 0 0 1
1 0 0 0 1 0 0 0 1
108 167 418.1529780512377 16.67 3 3 490 491
1 0 0 0 1 0 0 0 1
1 0 0 0 1 0 0 0 1
108 223 360.79010268722965 16.67 3 3 492 493
1 0 0 0 1 0 0 0 1
1 0 0 0 1 0 0 0 1
67 59 286.58469149313174 16.67 3 3 494 495
1 0 0 0 1 0 0 0 1
1 0 0 0 1 0 0 0 1
67 148 395.7212780680898 16.67 3 3 496 497
1 0 0 0 1 0 0 0 1
1 0 0 0 1 0 0 0 1
120 204 636.7603757419946 16.67 3 3 498 499
1 0 0 0 1 0 0 0 1
1 0 0 0 1 0 0 0 1
120 207 613.8899097741224 16.67 3 3 500 501
1 0 0 0 1 0 0 0 1
1 0 0 0 1 0 0 0 1
120 192 431.01387572910204 16.67 3 3 502 503
1 0 0 0 1 0 0 0 1
1 0 0 0 1 0 0 0 1
120 136 1136.3512941139302 16.67 3 3 504 505
1 0 0 0 1 0 0 0 1
1 0 0 0 1 0 0 0 1
16 154 192.35229658657644 16.67 3 3 506 507
1 0 0 0 1 0 0 0 1
1 0 0 0 1 0 0 0 1
16 17 403.9011681192421 16.67 3 3 508 509
1 0 0 0 1 0 0 0 1
1 0 0 0 1 0 0 0 1
121 161 317.95281383043215 16.67 3 3 510 511
1 0 0 0 1 0 0 0 1
1 0 0 0 1 0 0 0 1
121 122 254.08270686470425 16.67 3 3 512 513
1 0 0 0 1 0 0 0 1
1 0 0 0 1 0 0 0 1
121 202 163.72645689895558 16.67 3 3 514 515
1 0 0 0 1 0 0 0 1
1 0 0 0 1 0 0 0 1
123 124 144.36927168042405 16.67 3 3 516 517
1 0 0 0 1 0 0 0 1
1 0 0 0 1 0 0 0 1
122 172 282.0985040489975 16.67 3 3 518 519
1 0 0 0 1 0 0 0 1
1 0 0 0 1 0 0 0 1
122 139 520.567229811703 16.67 3 3 520 521
1 0 0 0 1 0 0 0 1
1 0 0 0 1 0 0 0 1
125 210 213.69889409312518 16.67 3 3 522 523
1 0 0 0 1 0 0 0 1
1 0 0 0 1 0 0 0 1
125 92 377.1596702719942 16.67 3 3 524 525
1 0 0 0 1 0 0 0 1
1 0 0 0 1 0 0 0 1
125 193 253.9104973141556 16.67 3 3 526 527
1 0 0 0 1 0 0 0 1
1 0 0 0 1 0 0 0 1
126 127 240.9908331381071 16.67 3 3 528 529
1 0 0 0 1 0 0 0 1
1 0 0 0 1 0 0 0 1
126 129 27.800446446472375 16.67 3 3 530 531
1 0 0 0 1 0 0 0 1
1 0 0 0 1 0 0 0 1
127 128 20.509841172150374 16.67 3 3 532 533
1 0 0 0 1 0 0 0 1
1 0 0 0 1 0 0 0 1
128 129 239.56080647852605 16.67 3 3 534 535
1 0 0 0 1 0 0 0 1
1 0 0 0 1 0 0 0 1
128 223 1248.8959166322318 16.67 3 3 536 537
1 0 0 0 1 0 0 0 1
1 0 0 0 1 0 0 0 1
129 220 559.7394659515392 16.67 3 3 538 539
1 0 0 0 1 0 0 0 1
1 0 0 0 1 0 0 0 1
130 135 347.40172558676244 16.67 3 3 540 541
1 0 0 0 1 0 0 0 1
1 0 0 0 1 0 0 0 1
130 23 334.74671141069996 16.67 3 3 542 543
1 0 0 0 1 0 0 0 1
1 0 0 0 1 0 0 0 1
35 141 582.4126927569595 16.67 3 3 544 545
1 0 0 0 1 0 0 0 1
1 0 0 0 1 0 0 0 1
35 200 168.21590258190383 16.67 3 3 546 547
1 0 0 0 1 0 0 0 1
1 0 0 0 1 0 0 0 1
132 134 636.1607393272155 16.67 3 3 548 549
1 0 0 0 1 0 0 0 1
1 0 0 0 1 0 0 0 1
132 136 358.83133667281436 16.67 3 3 550 551
1 0 0 0 1 0 0 0 1
1 0 0 0 1 0 0 0 1
132 131 320.06330831902727 16.67 3 3 552 553
1 0 0 0 1 0 0 0 1
1 0 0 0 1 0 0 0 1
133 207 1488.3458921329518 16.67 3 3 554 555
1 0 0 0 1 0 0 0 1
1 0 0 0 1 0 0 0 1
134 135 364.8264255718715 16.67 3 3 556 557
1 0 0 0 1 0 0 0 1
1 0 0 0 1 0 0 0 1
134 23 357.6026106146274 16.67 3 3 558 559
1 0 0 0 1 0 0 0 1
1 0 0 0 1 0 0 0 1
135 198 379.7241266719119 16.67 3 3 560 561
1 0 0 0 1 0 0 0 1
1 0 0 0 1 0 0 0 1
137 148 1362.1406999469596 16.67 3 3 562 563
1 0 0 0 1 0 0 0 1
1 0 0 0 1 0 0 0 1
137 24 302.7547850860846 16.67 3 3 564 565
1 0 0 0 1 0 0 0 1
1 0 0 0 1 0 0 0 1
137 151 36.44863062363801 16.67 3 3 566 567
1 0 0 0 1 0 0 0 1
1 0 0 0 1 0 0 0 1
131 23 669.766517044332 16.67 3 3 568 569
1 0 0 0 1 0 0 0 1
1 0 0 0 1 0 0 0 1
138 139 248.1414145023831 16.67 3 3 570 571
1 0 0 0 1 0 0 0 1
1 0 0 0 1 0 0 0 1
138 154 441.22939348423193 16.67 3 3 572 573
1 0 0 0 1 0 0 0 1
1 0 0 0 1 0 0 0 1
138 140 413.5935546231606 16.67 3 3 574 575
1 0 0 0 1 0 0 0 1
1 0 0 0 1 0 0 0 1
140 191 1038.770005388686 16.67 3 3 576 577
1 0 0 0 1 0 0 0 1
1 0 0 0 1 0 0 0 1
140 156 446.38689442640003 16.67 3 3 578 579
1 0 0 0 1 0 0 0 1
1 0 0 0 1 0 0 0 1
100 84 480.2990655266101 16.67 3 3 580 581
1 0 0 0 1 0 0 0 1
1 0 0 0 1 0 0 0 1
100 179 324.9283652621572 16.67 3 3 582 583
1 0 0 0 1 0 0 0 1
1 0 0 0 1 0 0 0 1
100 185 200.95350300798793 16.67 3 3 584 585
1 0 0 0 1 0 0 0 1
1 0 0 0 1 0 0 0 1
141 213 396.22659475007293 16.67 3 3 586 587
1 0 0 0 1 0 0 0 1
1 0 0 0 1 0 0 0 1
141 90 842.3678816714219 16.67 3 3 588 589
1 0 0 0 1 0 0 0 1
1 0 0 0 1 0 0 0 1
142 211 119.30453801704049 16.67 3 3 590 591
1 0 0 0 1 0 0 0 1
1 0 0 0 1 0 0 0 1
142 150 114.83326055764495 16.67 3 3 592 593
1 0 0 0 1 0 0 0 1
1 0 0 0 1 0 0 0 1
3 161 203.22520511903681 16.67 3 3 594 595
1 0 0 0 1 0 0 0 1
1 0 0 0 1 0 0 0 1
3 158 320.9995750117278 16.67 3 3 596 597
1 0 0 0 1 0 0 0 1
1 0 0 0 1 0 0 0 1
145 147 544.4434002495934 16.67 3 3 598 599
1 0 0 0 1 0 0 0 1
1 0 0 0 1 0 0 0 1
145 143 191.65012066150328 16.67 3 3 600 601
1 0 0 0 1 0 0 0 1
1 0 0 0 1 0 0 0 1
145 152 562.9065928023775 16.67 3 3 602 603
1 0 0 0 1 0 0 0 1
1 0 0 0 1 0 0 0 1
143 195 510.01980852027975 16.67 3 3 604 605
1 0 0 0 1 0 0 0 1
1 0 0 0 1 0 0 0 1
44 204 46.850658690784925 16.67 3 3 606 607
1 0 0 0 1 0 0 0 1
1 0 0 0 1 0 0 0 1
44 181 314.2029966982325 16.67 3 3 608 609
1 0 0 0 1 0 0 0 1
1 0 0 0 1 0 0 0 1
44 217 52.50810300401834 16.67 3 3 610 611
1 0 0 0 1 0 0 0 1
1 0 0 0 1 0 0 0 1
101 208 312.8481228851211 16.67 3 3 612 613
1 0 0 0 1 0 0 0 1
1 0 0 0 1 0 0 0 1
101 103 598.547724794292 16.67 3 3 614 615
1 0 0 0 1 0 0 0 1
1 0 0 0 1 0 0 0 1
101 180 588.811204831979 16.67 3 3 616 617
1 0 0 0 1 0 0 0 1
1 0 0 0 1 0 0 0 1
103 82 245.08284906624593 16.67 3 3 618 619
1 0 0 0 1 0 0 0 1
1 0 0 0 1 0 0 0 1
103 180 56.42775223227801 16.67 3 3 620 621
1 0 0 0 1 0 0 0 1
1 0 0 0 1 0 0 0 1
147 218 345.31668061401854 16.67 3 3 622 623
1 0 0 0 1 0 0 0 1
1 0 0 0 1 0 0 0 1
17 162 197.37324146695647 16.67 3 3 624 625
1 0 0 0 1 0 0 0 1
1 0 0 0 1 0 0 0 1
150 166 133.5481296724196 16.67 3 3 626 627
1 0 0 0 1 0 0 0 1
1 0 0 0 1 0 0 0 1
150 211 143.37377480642212 16.67 3 3 628 629
1 0 0 0 1 0 0 0 1
1 0 0 0 1 0 0 0 1
152 221 110.58555283275905 16.67 3 3 630 631
1 0 0 0 1 0 0 0 1
1 0 0 0 1 0 0 0 1
152 22 294.2100656596977 16.67 3 3 632 633
1 0 0 0 1 0 0 0 1
1 0 0 0 1 0 0 0 1
153 158 522.6398533999568 16.67 3 3 634 635
1 0 0 0 1 0 0 0 1
1 0 0 0 1 0 0 0 1
153 193 185.66793216307988 16.67 3 3 636 637
1 0 0 0 1 0 0 0 1
1 0 0 0 1 0 0 0 1
154 162 399.03051072940235 16.67 3 3 638 639
1 0 0 0 1 0 0 0 1
1 0 0 0 1 0 0 0 1
154 156 412.74141120723425 16.67 3 3 640 641
1 0 0 0 1 0 0 0 1
1 0 0 0 1 0 0 0 1
155 97 507.1800708163573 16.67 3 3 642 643
1 0 0 0 1 0 0 0 1
1 0 0 0 1 0 0 0 1
155 187 763.4379751891026 16.67 3 3 644 645
1 0 0 0 1 0 0 0 1
1 0 0 0 1 0 0 0 1
156 159 401.4384580407147 16.67 3 3 646 647
1 0 0 0 1 0 0 0 1
1 0 0 0 1 0 0 0 1
157 73 376.0104771517394 16.67 3 3 648 649
1 0 0 0 1 0 0 0 1
1 0 0 0 1 0 0 0 1
157 163 380.2790092439589 16.67 3 3 650 651
1 0 0 0 1 0 0 0 1
1 0 0 0 1 0 0 0 1
157 158 373.2319437532305 16.67 3 3 652 653
1 0 0 0 1 0 0 0 1
1 0 0 0 1 0 0 0 1
158 215 241.79897320525905 16.67 3 3 654 655
1 0 0 0 1 0 0 0 1
1 0 0 0 1 0 0 0 1
159 160 240.2963884542666 16.67 3 3 656 657
1 0 0 0 1 0 0 0 1
1 0 0 0 1 0 0 0 1
159 162 404.1659547079129 16.67 3 3 658 659
1 0 0 0 1 0 0 0 1
1 0 0 0 1 0 0 0 1
159 187 30.109548828688975 16.67 3 3 660 661
1 0 0 0 1 0 0 0 1
1 0 0 0 1 0 0 0 1
162 178 30.580491092067778 16.67 3 3 662 663
1 0 0 0 1 0 0 0 1
1 0 0 0 1 0 0 0 1
163 220 247.57478616444638 16.67 3 3 664 665
1 0 0 0 1 0 0 0 1
1 0 0 0 1 0 0 0 1
166 199 46.97212329309044 16.67 3 3 666 667
1 0 0 0 1 0 0 0 1
1 0 0 0 1 0 0 0 1
167 216 205.65187307783302 16.67 3 3 668 669
1 0 0 0 1 0 0 0 1
1 0 0 0 1 0 0 0 1
167 206 338.9601585314949 16.67 3 3 670 671
1 0 0 0 1 0 0 0 1
1 0 0 0 1 0 0 0 1
169 178 322.565851263137 16.67 3 3 672 673
1 0 0 0 1 0 0 0 1
1 0 0 0 1 0 0 0 1
169 183 312.4629453077805 16.67 3 3 674 675
1 0 0 0 1 0 0 0 1
1 0 0 0 1 0 0 0 1
170 51 1032.5606630113 16.67 3 3 676 677
1 0 0 0 1 0 0 0 1
1 0 0 0 1 0 0 0 1
171 201 255.12493920079143 16.67 3 3 678 679
1 0 0 0 1 0 0 0 1
1 0 0 0 1 0 0 0 1
172 191 406.7329805037557 16.67 3 3 680 681
1 0 0 0 1 0 0 0 1
1 0 0 0 1 0 0 0 1
172 202 156.77379999081074 16.67 3 3 682 683
1 0 0 0 1 0 0 0 1
1 0 0 0 1 0 0 0 1
172 207 1003.6404185184049 16.67 3 3 684 685
1 0 0 0 1 0 0 0 1
1 0 0 0 1 0 0 0 1
173 203 121.67284739469488 16.67 3 3 686 687
1 0 0 0 1 0 0 0 1
1 0 0 0 1 0 0 0 1
173 175 241.0043877142555 16.67 3 3 688 689
1 0 0 0 1 0 0 0 1
1 0 0 0 1 0 0 0 1
174 221 252.48917674940276 16.67 3 3 690 691
1 0 0 0 1 0 0 0 1
1 0 0 0 1 0 0 0 1
174 177 157.75004710499869 16.67 3 3 692 693
1 0 0 0 1 0 0 0 1
1 0 0 0 1 0 0 0 1
175 177 195.5229605602881 16.67 3 3 694 695
1 0 0 0 1 0 0 0 1
1 0 0 0 1 0 0 0 1
38 36 609.7220494892654 16.67 3 3 696 697
1 0 0 0 1 0 0 0 1
1 0 0 0 1 0 0 0 1
177 189 527.1825705165437 16.67 3 3 698 699
1 0 0 0 1 0 0 0 1
1 0 0 0 1 0 0 0 1
92 196 440.81509223249805 16.67 3 3 700 701
1 0 0 0 1 0 0 0 1
1 0 0 0 1 0 0 0 1
178 187 401.9178438751501 16.67 3 3 702 703
1 0 0 0 1 0 0 0 1
1 0 0 0 1 0 0 0 1
179 185 525.5077585262451 16.67 3 3 704 705
1 0 0 0 1 0 0 0 1
1 0 0 0 1 0 0 0 1
179 60 231.43456463309832 16.67 3 3 706 707
1 0 0 0 1 0 0 0 1
1 0 0 0 1 0 0 0 1
181 188 455.1514106231868 16.67 3 3 708 709
1 0 0 0 1 0 0 0 1
1 0 0 0 1 0 0 0 1
22 194 194.37460462051044 16.67 3 3 710 711
1 0 0 0 1 0 0 0 1
1 0 0 0 1 0 0 0 1
182 197 772.2147949913757 16.67 3 3 712 713
1 0 0 0 1 0 0 0 1
1 0 0 0 1 0 0 0 1
182 185 495.7029518161666 16.67 3 3 714 715
1 0 0 0 1 0 0 0 1
1 0 0 0 1 0 0 0 1
182 195 682.5582984700168 16.67 3 3 716 717
1 0 0 0 1 0 0 0 1
1 0 0 0 1 0 0 0 1
182 190 522.3747351400747 16.67 3 3 718 719
1 0 0 0 1 0 0 0 1
1 0 0 0 1 0 0 0 1
183 98 388.380774122553 16.67 3 3 720 721
1 0 0 0 1 0 0 0 1
1 0 0 0 1 0 0 0 1
183 187 574.4199858315798 16.67 3 3 722 723
1 0 0 0 1 0 0 0 1
1 0 0 0 1 0 0 0 1
184 23 757.9994296553995 16.67 3 3 724 725
1 0 0 0 1 0 0 0 1
1 0 0 0 1 0 0 0 1
186 49 295.04670924709706 16.67 3 3 726 727
1 0 0 0 1 0 0 0 1
1 0 0 0 1 0 0 0 1
188 190 565.5205795144719 16.67 3 3 728 729
1 0 0 0 1 0 0 0 1
1 0 0 0 1 0 0 0 1
188 192 629.0744993286538 16.67 3 3 730 731
1 0 0 0 1 0 0 0 1
1 0 0 0 1 0 0 0 1
189 5 61.44839098242841 16.67 3 3 732 733
1 0 0 0 1 0 0 0 1
1 0 0 0 1 0 0 0 1
189 207 199.04345555933384 16.67 3 3 734 735
1 0 0 0 1 0 0 0 1
1 0 0 0 1 0 0 0 1
190 192 1169.6856224388891 16.67 3 3 736 737
1 0 0 0 1 0 0 0 1
1 0 0 0 1 0 0 0 1
190 217 526.2254770745027 16.67 3 3 738 739
1 0 0 0 1 0 0 0 1
1 0 0 0 1 0 0 0 1
191 192 1611.594207888898 16.67 3 3 740 741
1 0 0 0 1 0 0 0 1
1 0 0 0 1 0 0 0 1
193 205 355.8204340130206 16.67 3 3 742 743
1 0 0 0 1 0 0 0 1
1 0 0 0 1 0 0 0 1
194 218 253.79012954992302 16.67 3 3 744 745
1 0 0 0 1 0 0 0 1
1 0 0 0 1 0 0 0 1
195 45 437.89941505715495 16.67 3 3 746 747
1 0 0 0 1 0 0 0 1
1 0 0 0 1 0 0 0 1
196 210 192.82077074357565 16.67 3 3 748 749
1 0 0 0 1 0 0 0 1
1 0 0 0 1 0 0 0 1
196 90 188.2190675001351 16.67 3 3 750 751
1 0 0 0 1 0 0 0 1
1 0 0 0 1 0 0 0 1
196 212 621.5197843931164 16.67 3 3 752 753
1 0 0 0 1 0 0 0 1
1 0 0 0 1 0 0 0 1
90 89 205.75266189127495 16.67 3 3 754 755
1 0 0 0 1 0 0 0 1
1 0 0 0 1 0 0 0 1
45 204 55.565315951208184 16.67 3 3 756 757
1 0 0 0 1 0 0 0 1
1 0 0 0 1 0 0 0 1
45 217 45.99258787108936 16.67 3 3 758 759
1 0 0 0 1 0 0 0 1
1 0 0 0 1 0 0 0 1
197 26 382.02112174937287 16.67 3 3 760 761
1 0 0 0 1 0 0 0 1
1 0 0 0 1 0 0 0 1
205 206 371.12682030073984 16.67 3 3 762 763
1 0 0 0 1 0 0 0 1
1 0 0 0 1 0 0 0 1
206 215 312.4338063861495 16.67 3 3 764 765
1 0 0 0 1 0 0 0 1
1 0 0 0 1 0 0 0 1
206 223 225.9293101260078 16.67 3 3 766 767
1 0 0 0 1 0 0 0 1
1 0 0 0 1 0 0 0 1
210 216 610.4992050045154 16.67 3 3 768 769
1 0 0 0 1 0 0 0 1
1 0 0 0 1 0 0 0 1
213 222 201.31764387035724 16.67 3 3 770 771
1 0 0 0 1 0 0 0 1
1 0 0 0 1 0 0 0 1
203
1 282 284 280 -1
2 465 377 457 -1
3 459 594 -1 596
4 355 -1 382 195
6 286 288 290 -1
7 -1 292 294 289
8 295 296 -1 298
9 237 302 300 -1
12 274 272 270 -1
13 364 366 -1 368
14 374 370 372 376
15 95 434 379 149
16 508 506 375 461
17 129 624 509 367
18 426 -1 424 53
19 312 316 314 -1
20 96 98 94 100
21 420 416 418 -1
22 335 633 -1 710
23 569 725 543 559
25 301 346 -1 344
27 276 179 -1 278
28 308 306 304 310
29 422 63 5 71
30 56 52 54 -1
31 -1 122 120 118
32 176 -1 57 174
33 -1 190 188 123
35 -1 546 309 544
38 311 696 3 61
39 326 328 -1 324
41 337 338 336 -1
43 -1 398 396 31
44 608 -1 610 606
45 756 758 747 -1
46 44 42 40 38
47 -1 330 334 332
48 -1 362 360 358
53 388 384 -1 386
54 392 394 390 -1
55 402 404 389 400
57 -1 406 401 408
58 391 -1 403 407
66 141 488 21 -1
67 496 494 -1 385
69 253 264 262 -1
75 340 342 197 -1
76 -1 193 327 348
77 352 349 350 -1
78 356 -1 354 343
79 232 234 236 -1
80 121 266 268 -1
87 410 414 412 29
90 23 751 754 589
95 161 -1 438 436
96 231 -1 466 439
99 395 472 470 -1
100 584 -1 580 582
101 612 614 616 -1
103 615 -1 618 620
104 476 127 365 239
105 322 -1 318 320
106 244 -1 171 225
108 381 492 490 -1
110 397 428 430 432
111 281 440 75 442
112 444 446 448 450
113 373 452 454 -1
114 456 -1 458 285
115 -1 460 464 462
116 269 -1 205 468
117 480 469 478 -1
118 351 325 474 287
119 484 482 49 486
120 500 502 504 498
121 -1 512 514 510
122 520 -1 518 513
125 -1 526 524 522
126 -1 243 530 528
127 111 529 532 99
128 533 534 536 435
129 531 369 538 535
130 542 211 -1 540
131 -1 117 568 553
132 259 552 548 550
133 -1 89 255 554
134 549 558 556 417
135 557 541 -1 560
136 263 551 421 505
137 562 47 566 564
138 572 574 570 371
139 571 -1 521 453
140 578 -1 576 575
141 588 545 59 586
142 592 -1 357 590
143 109 604 45 601
144 7 487 473 73
145 602 600 -1 598
146 27 359 331 347
147 622 599 485 -1
148 471 497 563 405
149 479 203 25 383
150 626 481 593 628
152 -1 630 603 632
153 634 275 636 -1
154 638 640 573 507
155 339 642 215 644
156 646 -1 579 641
157 650 648 652 183
158 653 597 635 654
159 660 656 647 658
161 455 511 441 595
162 662 659 639 625
163 664 463 651 -1
164 189 175 -1 267
165 443 427 177 191
166 271 666 627 -1
167 491 670 313 668
169 -1 674 672 133
170 676 241 283 -1
171 77 451 -1 678
172 519 680 684 682
173 55 688 686 201
174 692 319 105 690
175 689 321 694 415
177 695 698 693 363
178 673 702 663 125
179 704 583 706 145
180 617 621 399 51
182 716 718 712 714
183 81 720 722 675
184 113 -1 209 724
185 41 715 585 705
186 -1 726 261 87
187 723 645 661 703
188 730 -1 728 709
189 732 734 -1 699
190 736 729 719 738
191 577 213 740 681
192 741 731 737 503
193 742 637 -1 527
194 -1 711 744 307
195 605 746 717 43
196 752 748 701 750
197 227 437 760 713
198 419 561 159 229
199 273 119 -1 667
200 291 299 333 547
201 679 449 323 425
202 515 683 445 -1
204 499 607 757 107
205 762 -1 743 317
206 766 764 763 671
207 685 555 501 735
208 39 143 613 483
210 315 523 749 768
211 629 591 341 353
212 139 753 19 489
213 185 587 770 -1
214 293 345 -1 297
215 181 655 -1 765
217 -1 611 739 759
218 745 65 623 305
220 539 665 277 -1
221 361 691 -1 631
222 771 423 13 -1
223 537 279 767 493
224 2 -1 6 4
225 12 10 8 14
226 20 18 22 16
227 24 28 26 -1
228 34 30 32 36
229 48 50 35 46
230 58 60 62 -1
231 -1 66 68 64
232 11 70 72 -1
233 74 78 76 -1
234 84 -1 80 82
235 90 92 86 88
236 104 102 106 108
238 114 -1 112 116
239 130 124 128 126
240 83 132 131 -1
241 136 138 140 134
242 142 144 146 -1
243 152 148 137 150
244 154 101 153 156
245 158 -1 162 160
246 170 166 168 164
247 169 -1 115 172
248 -1 182 180 178
250 196 194 198 192
251 204 200 -1 202
252 208 -1 206 210
253 214 216 165 212
254 217 -1 218 220
255 219 222 224 -1
257 228 -1 230 226
258 240 238 -1 242
259 223 246 91 -1
260 247 248 -1 93
261 254 -1 250 252
262 251 173 258 256
