269
1 3600 54
5
234 255 248 277 215
1 3600 56
8
253 250 273 267 268 261 247 244
1 3600 56
5
213 216 205 208 222
1 3600 56
9
234 127 124 138 435 9 6 438 492
1 3600 56
9
436 460 415 416 470 263 211 206 224
1 3600 56
7
87 88 216 205 206 5 2
1 3600 125
11
264 418 281 205 208 218 439 7 8 153 150
1 3600 313
16
275 270 413 411 408 472 447 444 399 377 378 490 335 332 359 360
1 3600 313
14
277 215 212 268 261 247 244 165 157 158 330 29 32 34
1 3600 60
5
270 415 15 10 422
1 3600 60
10
255 248 436 407 401 169 19 20 184 256
1 3600 60
9
255 248 436 111 105 103 100 170 259
1 3600 64
7
268 469 425 422 474 175 176
1 3600 224
10
249 254 127 124 133 130 149 146 154 379
1 3600 313
19
273 270 413 411 181 182 467 464 179 172 447 443 440 393 390 371 303 304 350
1 3600 313
25
85 88 216 205 210 262 445 446 173 178 197 198 45 40 387 383 329 327 291 294 296 344 49 46 462
1 3600 313
11
250 273 270 413 411 181 184 256 454 421 191
1 3600 313
14
85 82 275 270 415 15 10 422 474 467 421 363 364 59
1 3600 313
15
436 407 401 402 408 474 467 421 363 55 52 56 236 240 43
1 3600 313
16
212 268 261 262 445 446 173 176 194 202 243 240 95 92 114 486
1 3600 313
20
253 254 127 124 138 161 162 427 333 334 375 367 368 384 313 308 317 320 338 458
1 3600 61
4
129 126 255 248
1 3600 61
6
223 209 204 217 89 84
1 3600 61
6
493 225 226 246 260 269
1 3600 61
9
227 207 204 280 419 265 266 274 276
1 3600 61
5
209 210 260 269 266
1 3600 42
3
204 280 419
1 3600 54
10
261 247 227 5 8 434 139 133 134 142
1 3600 54
5
129 124 138 435 167
1 3600 54
5
493 439 7 2 165
1 3600 54
6
206 5 8 153 148 162
1 3600 130
11
262 399 377 373 347 348 283 27 30 431 428
1 3600 313
12
244 286 395 390 371 303 289 294 300 63 60 500
1 3600 40
8
419 265 268 469 425 422 474 467
1 3600 53
8
223 218 225 226 244 286 395 396
1 3600 53
7
7 2 286 395 396 229 199
1 3600 62
12
124 133 134 140 357 353 354 351 305 306 311 312
1 3600 125
9
8 167 157 158 330 29 32 38 67
1 3600 313
15
469 470 399 377 373 374 495 285 282 293 290 324 79 76 116
1 3600 313
13
438 219 209 210 262 471 417 414 461 111 105 103 75
1 3600 284
11
225 226 246 262 445 446 173 178 197 194 200
1 3600 313
10
206 5 2 165 157 154 379 380 389 97
1 3600 313
15
7 8 153 150 359 360 31 26 282 293 294 298 79 80 338
1 3600 313
16
469 470 445 443 440 393 390 389 383 329 327 324 319 320 338 458
1 3600 116
3
132 125 126
1 3600 47
7
156 164 3 4 207 204 278
1 3600 47
4
138 435 9 6
1 3600 47
6
137 138 435 9 4 207
1 3600 47
8
137 138 435 9 4 224 219 222
1 3600 62
3
137 133 130
1 3600 52
4
330 352 356 450
1 3600 52
9
434 161 162 427 359 360 431 37 33
1 3600 52
5
149 150 359 360 432
1 3600 313
7
154 490 495 285 27 32 34
1 3600 156
17
144 427 333 334 375 372 380 391 392 441 442 446 473 409 403 400 406
1 3600 67
13
333 334 375 367 368 382 386 41 44 230 203 195 177
1 3600 32
7
140 357 353 354 351 305 302
1 3600 42
13
333 330 29 32 38 63 64 342 47 48 121 118 337
1 3600 313
13
157 154 379 373 347 305 289 294 300 67 68 342 462
1 3600 313
16
130 149 146 154 379 376 398 471 425 11 12 405 401 169 170 73
1 3600 313
12
149 152 167 164 286 395 396 229 230 243 237 57
1 3600 313
11
137 133 130 149 146 154 379 380 389 386 91
1 3600 313
8
158 334 375 367 368 384 313 113
1 3600 313
15
133 134 140 357 353 354 351 348 293 290 322 317 320 338 458
1 3600 313
12
28 331 159 156 164 245 246 260 269 213 214 276
1 3600 104
6
451 141 135 132 125 122
1 3600 49
8
32 36 430 361 358 426 163 131
1 3600 49
4
141 144 427 333
1 3600 49
4
141 135 132 136
1 3600 75
4
449 357 360 432
1 3600 313
9
31 26 282 349 346 372 376 398 471
1 3600 240
11
449 357 353 354 494 375 367 370 391 392 441
1 3600 75
6
37 38 301 295 288 302
1 3600 41
5
429 430 31 26 284
1 3600 41
5
451 357 353 354 351
1 3600 184
8
428 498 501 463 47 48 121 116
1 3600 313
15
353 354 351 305 306 311 113 93 94 241 237 238 476 480 484
1 3600 313
16
433 431 37 38 301 298 325 326 328 382 386 41 44 230 203 51
1 3600 313
11
33 26 282 293 290 322 489 115 93 90 41
1 3600 313
10
451 357 353 29 32 38 301 298 319 314
1 3600 313
13
433 431 37 38 63 64 340 344 121 77 80 338 458
1 3600 313
12
35 33 28 331 332 151 148 160 139 125 126 235
1 3600 313
10
499 429 430 361 358 151 152 9 6 438
1 3600 224
7
35 33 28 331 159 147 148
1 3600 28
8
501 61 62 39 36 430 361 356
1 3600 313
18
501 463 343 340 297 295 288 302 370 391 392 441 442 446 173 178 465 421
1 3600 313
20
501 463 47 48 121 118 337 321 316 309 113 93 94 241 242 231 199 196 179 172
1 3600 313
6
35 33 26 284 494 491
1 3600 71
3
501 463 343
1 3600 130
6
501 463 47 48 121 116
1 3600 313
16
501 61 62 301 298 325 326 328 382 386 41 42 241 237 57 58
1 3600 313
13
35 33 26 282 349 346 372 376 395 396 229 199 194
1 3600 313
12
501 463 47 48 345 297 295 288 306 328 382 386
1 3600 313
8
501 463 47 48 121 77 80 338
1 3600 313
11
501 61 62 301 295 290 324 79 80 338 458
1 3600 88
8
24 185 180 410 412 271 274 215
1 3600 88
6
406 437 249 254 235 232
1 3600 88
3
109 110 437
1 3600 88
3
271 267 213
1 3600 83
6
14 416 468 261 211 208
1 3600 83
7
475 472 447 444 263 211 208
1 3600 184
16
169 19 16 24 256 454 464 197 198 45 40 387 388 381 378 155
1 3600 313
22
404 411 181 182 467 421 363 364 239 236 240 95 92 114 486 315 318 299 295 292 283 27
1 3600 313
19
421 363 55 50 202 231 45 40 91 92 112 308 323 324 299 300 63 60 500
1 3600 78
4
413 411 181 21
1 3600 78
6
15 12 411 181 184 256
1 3600 84
5
15 10 422 474 175
1 3600 84
4
256 454 464 197
1 3600 84
6
20 182 475 472 447 443
1 3600 84
7
24 256 454 466 175 172 447
1 3600 84
3
454 464 179
1 3600 84
5
420 466 175 172 447
1 3600 125
9
17 20 180 408 423 424 470 399 377
1 3600 261
15
185 182 475 472 447 443 440 393 390 371 303 289 294 300 67
1 3600 313
22
20 182 467 421 191 188 477 239 236 240 95 92 114 488 317 320 336 119 120 49 46 462
1 3600 63
5
21 18 101 75 70
1 3600 63
8
408 474 467 421 191 186 478 482
1 3600 70
3
363 55 50
1 3600 313
12
108 404 13 10 422 472 173 176 198 45 40 91
1 3600 313
14
75 72 259 256 454 421 363 364 59 56 236 240 95 92
1 3600 313
19
404 13 14 416 470 445 443 440 393 390 389 383 329 311 308 317 320 338 458
1 3600 58
12
441 442 446 473 409 410 412 271 272 251 254 235
1 3600 22
8
397 394 287 245 227 207 204 278
1 3600 65
6
444 399 287 165 166 434
1 3600 261
12
197 198 228 397 394 377 378 490 495 285 27 30
1 3600 313
11
440 393 390 371 366 347 350 355 29 32 34
1 3600 34
7
441 442 446 173 174 183 184
1 3600 34
6
398 471 417 414 461 111
1 3600 34
8
442 446 173 178 465 455 257 25
1 3600 68
3
397 392 441
1 3600 18
4
443 440 393 390
1 3600 89
10
393 394 377 373 347 348 293 294 300 63
1 3600 313
16
176 194 202 231 45 40 387 383 329 327 291 294 296 341 342 462
1 3600 82
5
173 176 194 51 54
1 3600 37
6
399 395 396 229 230 243
1 3600 112
5
395 396 229 45 42
1 3600 313
11
393 390 371 368 384 313 308 317 320 338 456
1 3600 313
17
263 247 244 165 157 158 334 375 367 303 306 327 324 79 80 338 458
1 3600 209
12
385 369 366 374 491 155 156 164 245 246 260 269
1 3600 51
5
388 381 376 287 245
1 3600 30
8
366 374 335 332 426 163 160 139
1 3600 75
4
374 495 285 27
1 3600 313
6
347 350 355 29 32 34
1 3600 101
7
372 376 398 471 425 11 12
1 3600 17
4
388 391 392 441
1 3600 75
3
491 379 380
1 3600 22
7
495 351 305 289 294 296 341
1 3600 22
5
313 310 307 289 294
1 3600 313
11
375 347 348 293 290 324 79 76 118 452 497
1 3600 284
13
385 382 97 94 241 242 203 51 54 193 188 480 482
1 3600 86
7
380 389 386 41 44 230 203
1 3600 53
3
389 386 41
1 3600 142
3
329 311 113
1 3600 313
9
371 303 306 327 322 317 320 338 458
1 3600 313
13
284 494 335 159 156 164 3 4 207 204 217 89 86
1 3600 135
14
307 304 350 355 352 358 151 152 9 6 438 219 209 204
1 3600 52
13
309 312 385 369 370 381 378 155 147 148 131 132 136
1 3600 81
5
78 299 300 39 36
1 3600 81
4
283 27 30 432
1 3600 81
9
336 119 120 345 341 69 66 39 33
1 3600 156
3
63 60 500
1 3600 284
22
345 297 298 319 314 487 115 93 94 241 237 238 365 362 420 455 257 258 171 168 107 104
1 3600 116
8
78 325 326 328 369 370 391 394
1 3600 87
8
77 78 325 291 292 349 346 374
1 3600 87
9
118 337 321 316 309 310 307 302 370
1 3600 87
5
295 288 302 368 382
1 3600 87
7
297 295 292 283 284 494 491
1 3600 87
10
46 343 65 62 301 295 292 349 346 372
1 3600 87
5
312 385 369 370 381
1 3600 70
3
297 295 288
1 3600 70
4
81 76 120 345
1 3600 70
3
49 46 462
1 3600 70
3
121 116 496
1 3600 313
15
69 66 301 298 319 316 489 115 93 94 241 237 57 58 365
1 3600 224
5
328 382 386 41 44
1 3600 92
9
62 301 295 290 322 489 115 93 94
1 3600 49
6
306 311 308 317 320 338
1 3600 313
5
324 79 80 338 458
1 3600 313
14
500 499 429 430 361 358 426 145 135 132 125 126 235 232
1 3600 313
15
117 120 49 46 343 65 62 39 33 28 331 159 156 164 245
1 3600 313
9
61 62 39 33 28 352 356 141 142
1 3600 116
11
453 337 321 316 323 291 292 283 27 30 431
1 3600 135
7
497 117 120 49 46 462 500
1 3600 313
14
463 343 340 297 295 288 304 346 372 376 398 471 417 414
1 3600 313
11
117 77 78 325 326 307 302 370 391 392 441
1 3600 240
6
61 62 301 295 288 302
1 3600 17
8
463 47 48 121 77 78 325 326
1 3600 284
5
117 120 49 46 462
1 3600 313
17
61 62 301 298 319 314 487 115 93 90 41 44 199 194 51 54 193
1 3600 313
12
496 453 337 321 316 309 113 93 94 241 237 57
1 3600 313
10
463 343 340 297 295 290 326 328 382 386
1 3600 209
7
496 453 337 321 314 487 115
1 3600 313
8
463 47 48 121 118 337 338 458
1 3600 240
8
74 102 104 110 437 249 254 235
1 3600 261
14
99 102 106 400 406 460 271 267 264 418 281 205 206 5
1 3600 313
16
99 100 168 402 410 13 10 424 468 261 247 244 165 166 153 150
1 3600 313
22
23 17 20 180 410 13 14 416 468 261 211 208 218 439 7 8 434 161 162 145 140 450
1 3600 313
21
171 168 400 406 460 271 267 264 418 281 205 206 5 8 153 150 359 360 431 428 498
1 3600 71
4
483 481 189 190
1 3600 71
7
74 102 106 402 410 412 415
1 3600 71
7
189 192 362 420 455 257 25
1 3600 75
6
477 59 53 50 195 196
1 3600 284
10
485 481 477 239 236 240 95 96 383 369
1 3600 313
18
99 100 19 20 182 175 178 197 198 45 40 91 92 114 486 315 318 79
1 3600 313
22
99 100 170 23 24 256 454 421 363 55 50 202 243 240 95 92 114 488 317 320 336 452
1 3600 89
8
259 256 454 421 191 186 478 482
1 3600 67
5
59 56 201 202 231
1 3600 67
3
239 201 202
1 3600 67
8
72 23 24 256 454 464 197 198
1 3600 261
7
477 59 56 236 240 43 40
1 3600 313
19
72 259 185 180 408 423 424 470 399 377 373 367 368 384 313 308 317 320 338
1 3600 313
15
55 50 195 198 45 40 387 383 329 327 324 79 80 338 458
1 3600 313
14
58 365 362 420 466 475 423 11 14 414 271 274 83 86
1 3600 209
10
50 195 177 172 447 444 263 211 208 220
1 3600 313
10
242 231 228 397 394 287 165 157 158 332
1 3600 313
11
228 397 394 377 378 490 335 330 352 360 432
1 3600 313
16
50 195 177 172 447 444 263 247 244 165 157 158 330 29 32 34
1 3600 52
9
231 199 196 179 174 475 423 11 14
1 3600 34
6
195 177 172 447 443 440
1 3600 79
4
240 95 96 383
1 3600 165
12
56 236 240 95 92 112 310 307 289 294 300 67
1 3600 313
13
201 202 231 45 40 387 383 329 327 324 79 76 116
1 3600 22
7
199 196 465 455 257 25 22
1 3600 30
4
56 236 240 43
1 3600 313
10
231 45 40 91 92 114 486 315 320 338
1 3600 313
9
240 95 92 112 308 317 320 338 458
1 3600 313
13
241 242 203 51 54 362 420 466 183 180 410 412 271
1 3600 313
9
387 388 381 378 155 147 152 9 6
1 3600 313
7
96 388 381 378 155 147 152
1 3600 313
10
96 388 371 303 304 350 285 27 32 36
1 3600 313
10
387 388 371 303 289 294 300 63 60 500
1 3600 209
9
44 199 177 174 183 21 18 168 400
1 3600 86
5
44 228 397 394 398
1 3600 42
3
387 383 369
1 3600 55
9
40 387 383 329 327 324 299 300 67
1 3600 313
9
91 92 114 488 317 320 336 452 497
1 3600 224
7
94 241 237 238 476 480 482
1 3600 25
4
241 242 203 51
1 3600 41
9
42 95 92 114 486 315 320 338 456
1 3600 313
8
95 92 112 308 317 320 338 458
1 3600 313
22
487 488 323 291 292 283 284 355 331 159 156 164 245 246 260 269 266 272 251 254 235 232
1 3600 313
18
339 81 78 299 295 292 349 350 494 335 332 151 152 9 4 224 219 222
1 3600 313
14
339 321 316 309 310 307 304 350 355 352 358 426 145 142
1 3600 313
12
457 339 81 78 299 300 39 36 430 361 356 448
1 3600 313
8
315 318 299 296 341 342 462 500
1 3600 313
16
457 339 321 316 309 312 385 369 370 391 392 441 442 446 473 423
1 3600 313
12
339 321 316 489 115 93 90 41 44 199 196 179
1 3600 101
8
487 488 323 291 292 349 346 372
1 3600 26
7
457 339 81 78 325 326 307
1 3600 240
5
486 315 320 336 452
1 3600 313
14
339 321 316 309 113 93 90 41 44 230 203 200 238 476
1 3600 240
11
339 321 314 487 115 93 94 241 237 57 53
1 3600 37
9
457 339 81 78 325 326 328 382 97
1 3600 184
4
339 321 316 489
1 3600 165
6
487 488 317 320 338 458
1 3600 313
21
459 339 336 119 120 345 341 69 66 39 33 30 361 358 426 163 160 139 125 126 255
1 3600 313
16
459 339 81 78 325 291 292 283 284 494 491 155 156 164 3 6
1 3600 313
15
459 339 321 316 309 312 385 369 366 374 335 332 426 145 142
1 3600 313
11
459 339 336 119 120 345 341 65 62 39 36
1 3600 313
9
459 339 81 76 120 49 46 462 500
1 3600 313
18
459 339 321 318 325 291 288 302 370 391 392 441 442 446 473 409 403 400
1 3600 313
16
459 339 81 78 299 295 292 349 346 372 376 398 445 446 173 178
1 3600 313
10
459 339 321 316 309 312 385 369 366 372
1 3600 108
5
459 339 336 119 120
1 3600 195
8
459 339 81 76 120 49 46 462
1 3600 313
20
459 339 321 318 325 326 328 382 388 391 392 441 442 446 473 409 403 107 103 98
1 3600 313
11
459 339 321 314 487 115 93 90 41 44 230
1 3600 313
8
459 339 321 316 489 115 93 94
1 3600 82
4
459 339 321 314
