205
1 3600 85
12
397 297 294 345 342 115 112 198 385 386 361 362
1 3600 84
9
294 345 340 215 145 129 127 124 201
1 3600 84
8
287 133 127 121 69 13 8 84
1 3600 84
8
105 106 112 200 352 119 101 99
1 3600 84
5
133 127 121 69 13
1 3600 286
12
108 252 115 116 352 119 101 49 37 40 44 102
1 3600 78
5
108 252 357 287 217
1 3600 78
8
354 341 261 241 81 78 284 19
1 3600 78
7
105 108 254 303 263 258 141
1 3600 66
8
287 133 130 147 139 136 455 291
1 3600 401
7
363 360 387 353 125 122 136
1 3600 308
10
105 108 254 303 299 300 333 330 349 325
1 3600 308
16
303 299 3 4 192 205 208 365 366 398 414 421 418 427 428 448
1 3600 401
11
111 106 112 200 125 122 136 165 160 166 196
1 3600 401
13
345 261 258 181 179 172 17 14 324 346 203 206 225
1 3600 401
15
303 299 300 191 188 330 404 203 208 365 368 411 412 443 271
1 3600 401
20
297 294 345 340 215 145 142 337 157 158 135 136 165 160 166 23 24 212 221 218
1 3600 117
5
114 343 344 295 292
1 3600 117
6
98 100 120 126 132 286
1 3600 117
6
118 384 199 113 114 357
1 3600 117
7
358 389 387 353 117 107 110
1 3600 117
8
48 71 68 120 126 132 286 356
1 3600 117
7
360 387 384 199 113 107 104
1 3600 114
7
447 389 387 119 69 70 49
1 3600 114
3
98 100 120
1 3600 117
12
201 198 385 119 101 99 97 93 89 90 75 72
1 3600 117
12
198 385 119 69 70 99 83 84 35 32 89 86
1 3600 117
7
125 121 101 99 97 93 33
1 3600 117
11
447 389 387 119 69 70 49 37 38 93 94
1 3600 105
8
199 200 125 126 128 140 259 262
1 3600 105
7
122 138 148 424 436 315 29
1 3600 102
7
257 85 9 12 68 120 126
1 3600 102
10
82 98 71 68 120 122 134 159 156 338
1 3600 102
5
125 122 138 150 154
1 3600 102
5
360 387 353 125 122
1 3600 182
12
199 200 117 114 357 287 133 130 147 139 136 165
1 3600 364
18
48 100 118 384 199 113 114 343 261 241 81 76 3 4 192 205 206 390
1 3600 211
7
135 136 165 162 450 289 235
1 3600 401
12
257 85 9 12 68 120 122 136 165 160 166 196
1 3600 401
17
70 100 120 126 128 140 181 179 172 186 327 324 346 203 206 225 228
1 3600 401
14
12 68 120 122 136 455 291 235 236 242 407 403 379 376
1 3600 401
24
98 100 118 353 117 114 343 261 241 81 78 284 19 14 324 350 205 208 365 366 305 211 212 238
1 3600 222
11
95 92 96 98 71 68 118 384 199 113 114
1 3600 102
5
103 91 88 33 34
1 3600 102
8
39 36 48 100 118 386 388 446
1 3600 102
10
88 92 96 98 71 68 118 386 388 446
1 3600 102
5
92 39 36 48 100
1 3600 102
6
95 33 34 85 82 98
1 3600 154
4
92 39 36 46
1 3600 250
12
45 42 96 98 71 68 120 126 128 140 259 262
1 3600 80
11
88 92 96 98 100 120 126 130 156 334 247
1 3600 108
9
34 85 9 12 68 120 122 136 165
1 3600 401
9
453 454 137 138 148 424 438 53 54
1 3600 364
15
47 48 100 118 353 125 122 136 455 291 235 232 311 308 372
1 3600 401
10
47 48 71 68 120 122 136 165 160 166
1 3600 401
21
73 47 48 100 118 384 199 113 107 108 254 303 299 300 333 330 404 203 206 225 228
1 3600 401
33
45 42 96 98 71 68 118 353 117 114 357 287 217 145 142 249 250 321 319 316 59 57 50 329 327 324 350 205 208 365 368 445 435
1 3600 401
16
91 88 33 34 85 82 98 100 120 122 136 165 160 166 23 24
1 3600 126
5
260 344 295 296 394
1 3600 126
8
177 174 79 76 298 302 295 296
1 3600 126
7
79 80 240 260 344 295 292
1 3600 126
17
77 80 183 180 322 251 246 437 425 149 139 123 124 352 386 361 362
1 3600 109
5
144 216 286 356 115
1 3600 109
9
16 173 178 180 141 129 127 124 352
1 3600 401
11
251 246 335 157 131 127 121 101 49 46 72
1 3600 101
5
349 325 15 18 285
1 3600 101
8
145 140 181 182 81 76 3 6
1 3600 118
6
178 184 319 314 437 440
1 3600 118
6
215 145 142 337 338 149
1 3600 118
5
80 183 184 319 316
1 3600 118
11
27 30 280 51 52 439 425 422 153 151 139
1 3600 118
9
19 16 27 28 314 335 157 158 135
1 3600 118
8
332 301 77 80 240 258 141 129
1 3600 118
17
4 188 330 404 203 208 365 368 445 435 377 378 402 406 243 237 234
1 3600 118
12
192 351 325 326 328 51 56 58 439 425 149 139
1 3600 401
14
177 178 184 320 251 248 337 157 158 135 136 165 162 450
1 3600 126
4
7 4 192 205
1 3600 126
7
172 17 14 324 346 203 206
1 3600 126
4
26 186 327 324
1 3600 126
6
330 349 346 203 206 390
1 3600 108
18
174 284 19 14 324 350 205 206 225 226 365 368 445 431 432 271 272 267
1 3600 108
17
320 251 246 437 440 153 151 139 136 455 291 235 232 65 66 308 265
1 3600 401
10
251 248 337 338 149 139 136 165 160 166
1 3600 401
8
300 191 188 330 404 203 206 225
1 3600 334
7
191 192 205 208 365 368 445
1 3600 401
12
7 4 188 330 349 346 203 208 365 366 305 211
1 3600 75
15
291 288 451 163 164 137 123 124 201 198 385 386 388 359 362
1 3600 50
9
335 336 143 129 127 121 69 13 8
1 3600 50
7
123 121 101 99 83 84 256
1 3600 114
11
454 137 123 121 69 70 99 97 43 44 102
1 3600 69
7
317 318 185 182 81 76 3
1 3600 69
10
454 137 134 159 156 336 143 144 214 341
1 3600 69
6
130 156 334 315 29 26
1 3600 69
5
138 146 131 128 144
1 3600 69
7
29 30 280 329 327 324 348
1 3600 58
3
441 438 317
1 3600 47
5
153 151 139 136 165
1 3600 75
13
147 148 424 438 59 60 278 327 324 350 205 206 392
1 3600 49
10
158 135 136 165 162 450 289 235 232 311
1 3600 49
6
158 135 136 455 291 235
1 3600 160
7
288 451 163 160 166 23 20
1 3600 401
21
138 150 152 423 339 334 247 250 321 185 182 81 76 300 333 330 404 203 206 225 228
1 3600 286
10
53 50 329 327 324 350 205 208 365 368
1 3600 401
11
130 147 139 136 165 160 166 23 24 212 238
1 3600 401
14
163 164 137 134 159 131 132 286 354 341 344 295 296 394
1 3600 97
6
163 164 137 123 121 101
1 3600 83
13
451 163 164 137 123 121 69 13 8 84 35 32 94
1 3600 200
13
161 164 137 138 148 339 336 249 250 323 259 241 81
1 3600 52
7
451 163 164 137 134 159 156
1 3600 52
4
161 164 137 138
1 3600 308
3
165 160 170
1 3600 401
17
289 235 236 242 407 408 429 426 419 420 415 399 367 364 209 202 347
1 3600 95
9
161 164 137 138 150 152 441 438 53
1 3600 118
3
169 166 196
1 3600 401
16
289 235 232 65 66 308 370 273 270 442 413 410 369 364 227 228
1 3600 401
13
163 160 166 194 65 62 407 408 429 426 419 420 415
1 3600 401
5
169 166 23 24 212
1 3600 308
12
278 187 17 18 285 79 76 298 302 295 296 396
1 3600 308
13
393 207 204 193 5 2 298 263 260 342 115 116 352
1 3600 401
20
393 207 202 405 331 189 190 301 298 302 255 109 106 112 198 385 119 101 49 46
1 3600 52
3
348 331 332
1 3600 52
7
31 26 173 174 79 76 3
1 3600 66
9
207 204 351 325 326 279 55 52 439
1 3600 401
13
328 281 31 28 314 437 425 149 139 136 165 160 170
1 3600 85
5
324 346 203 206 390
1 3600 66
9
393 225 226 365 368 445 435 377 374
1 3600 66
14
283 280 329 327 324 350 205 208 365 366 305 277 272 382
1 3600 66
13
391 225 226 365 368 411 414 421 418 427 269 264 309
1 3600 66
12
391 225 226 365 368 445 435 377 378 400 428 448
1 3600 401
11
346 203 208 365 366 398 412 307 211 25 20
1 3600 61
3
391 225 226
1 3600 85
11
329 327 324 350 205 208 365 368 411 414 432
1 3600 401
14
279 61 58 439 425 149 139 136 165 160 166 23 24 212
1 3600 364
18
266 273 270 433 430 444 369 364 209 202 405 331 189 5 2 298 302 255
1 3600 211
11
428 409 406 63 64 233 234 290 454 137 123
1 3600 401
26
381 376 434 444 369 364 209 204 193 190 301 77 80 240 260 342 115 116 352 119 69 70 99 97 93 89
1 3600 52
16
419 416 434 444 369 364 227 224 207 202 347 325 326 328 281 31
1 3600 101
11
237 232 195 167 161 164 137 134 159 156 336
1 3600 101
11
264 309 310 233 234 290 454 137 138 150 154
1 3600 101
19
236 242 407 408 373 370 273 276 304 367 364 209 204 351 325 15 16 27 28
1 3600 101
22
401 379 376 434 444 369 364 227 224 207 202 405 331 189 5 2 77 80 183 180 141 129
1 3600 174
8
383 371 309 67 64 195 167 170
1 3600 97
11
308 265 266 273 276 304 367 364 227 224 392
1 3600 97
10
403 379 376 434 444 369 364 227 224 390
1 3600 97
14
311 308 265 268 426 419 420 415 410 369 364 209 202 347
1 3600 97
16
245 242 407 408 429 426 419 420 415 399 367 364 209 204 351 325
1 3600 97
13
65 66 308 370 273 270 442 413 410 369 364 227 224
1 3600 55
3
406 63 64
1 3600 81
5
313 310 195 23 20
1 3600 81
4
63 64 195 23
1 3600 125
6
375 376 434 444 369 364
1 3600 97
5
419 420 432 442 307
1 3600 97
4
383 273 270 442
1 3600 97
7
232 311 308 265 266 273 274
1 3600 154
6
266 273 276 211 212 238
1 3600 401
10
22 167 161 164 137 138 146 131 132 286
1 3600 401
12
197 167 161 164 137 123 124 201 198 385 386 388
1 3600 401
12
21 22 167 161 164 137 123 121 101 49 37 40
1 3600 308
12
21 22 167 161 164 137 138 148 424 436 247 250
1 3600 93
5
22 167 161 164 137
1 3600 125
3
197 167 170
1 3600 267
11
21 24 210 304 367 364 209 202 347 325 326
1 3600 23
12
22 194 233 234 290 454 137 138 148 424 438 59
1 3600 401
5
24 210 304 367 364
1 3600 118
8
197 194 65 66 308 370 273 270
1 3600 108
4
24 212 221 218
1 3600 401
12
224 207 204 193 190 301 77 80 240 260 340 355
1 3600 401
18
209 202 347 325 15 18 285 175 178 180 141 129 127 121 69 13 8 84
1 3600 401
18
224 207 204 193 5 2 298 263 260 342 115 112 198 385 119 101 99 97
1 3600 286
7
209 202 347 325 326 187 173
1 3600 401
13
224 207 204 351 348 331 332 301 77 80 183 184 319
1 3600 401
14
229 226 365 368 445 435 377 378 402 406 243 237 234 288
1 3600 47
5
229 224 207 202 347
1 3600 80
10
365 366 398 412 443 271 272 371 309 312
1 3600 401
6
365 366 305 211 25 22
1 3600 28
4
226 365 366 305
1 3600 401
7
226 365 368 411 412 307 211
1 3600 401
14
434 444 369 364 209 202 405 331 189 5 2 298 302 295
1 3600 401
18
277 272 267 264 309 310 233 234 290 454 137 123 121 69 70 99 83 84
1 3600 401
14
368 445 435 417 418 427 428 409 406 243 237 234 290 452
1 3600 286
7
367 364 209 204 193 5 6
1 3600 250
10
431 421 418 427 428 409 406 243 237 234
1 3600 401
12
306 443 271 272 371 309 67 64 233 234 288 451
1 3600 85
11
434 444 369 364 209 204 351 325 326 328 281
1 3600 83
6
398 414 421 418 427 269
1 3600 83
12
433 430 444 369 364 209 202 347 325 326 279 55
1 3600 83
8
414 432 271 272 267 264 309 310
1 3600 174
9
377 378 402 406 63 64 195 23 20
1 3600 73
4
413 410 369 364
1 3600 73
5
415 399 367 364 227
1 3600 83
4
433 430 444 369
1 3600 91
5
305 211 212 221 222
1 3600 91
3
276 211 212
1 3600 401
14
239 213 25 22 167 161 164 137 123 124 352 386 361 362
1 3600 401
15
223 220 213 25 22 167 161 164 137 123 121 101 71 13 10
1 3600 401
15
25 22 167 161 164 137 123 121 69 70 49 37 38 93 33
1 3600 401
14
25 22 167 161 164 137 134 159 156 334 247 250 323 259
1 3600 401
8
25 22 167 161 164 137 134 159
1 3600 401
13
223 220 213 210 277 272 371 309 310 233 234 288 451
1 3600 401
8
220 213 210 304 367 364 227 224
1 3600 89
11
239 213 210 306 443 271 272 267 264 372 409
1 3600 108
3
25 22 196
1 3600 401
11
219 220 213 210 306 413 410 369 364 227 228
1 3600 61
7
239 213 210 306 443 433 421
1 3600 61
3
210 306 443
