353
1 3600 685
5
401 398 529 524 481
1 3600 685
4
315 316 354 529
1 3600 685
5
462 479 475 472 415
1 3600 774
15
316 354 399 396 369 364 3 6 348 600 495 492 671 623 429
1 3600 774
12
401 398 529 521 465 460 731 617 377 380 408 57
1 3600 774
9
473 474 478 482 732 707 675 672 647
1 3600 774
10
401 398 529 521 487 488 492 671 277 272
1 3600 774
5
379 45 42 280 416
1 3600 774
8
476 101 102 670 493 490 500 672
1 3600 774
8
472 415 411 279 43 46 453 275
1 3600 774
7
467 413 411 279 280 418 422
1 3600 774
9
467 468 472 379 45 46 453 423 424
1 3600 774
18
359 354 399 396 39 36 76 780 245 246 725 718 507 504 647 431 427 425
1 3600 774
11
354 529 524 459 460 731 732 105 102 277 274
1 3600 774
6
467 468 474 476 101 102
1 3600 774
10
315 316 354 399 396 369 366 599 602 497
1 3600 476
23
319 316 354 529 521 522 373 374 601 349 350 352 725 720 533 534 289 21 18 62 248 514 717
1 3600 1669
11
413 411 408 57 60 426 432 436 442 85 80
1 3600 1669
25
791 787 367 368 25 26 777 715 699 93 86 341 35 32 49 52 805 803 625 628 657 654 137 138 143
1 3600 802
7
319 316 354 529 521 522 560
1 3600 802
9
396 39 40 777 287 284 343 269 270
1 3600 802
6
730 461 464 520 526 787
1 3600 802
17
104 707 493 494 601 349 7 8 244 587 584 650 777 287 284 343 344
1 3600 802
14
359 354 399 396 25 22 649 650 777 287 284 343 269 270
1 3600 676
14
381 376 616 730 485 371 374 677 499 500 672 749 511 512
1 3600 676
11
354 529 521 522 560 599 349 350 352 725 718
1 3600 676
8
396 369 364 3 6 348 602 690
1 3600 758
11
398 529 521 487 488 490 500 672 505 502 508
1 3600 1669
19
482 732 707 675 672 749 337 334 515 516 712 213 216 558 590 612 693 659 662
1 3600 1669
27
617 377 45 46 421 418 424 426 434 454 709 710 681 205 202 726 653 129 130 734 750 757 311 312 227 181 178
1 3600 1669
12
316 354 399 396 39 40 777 287 284 343 269 266
1 3600 1669
12
315 316 354 529 526 787 367 368 25 26 777 287
1 3600 1669
15
401 396 39 36 76 780 587 588 725 722 243 240 666 15 12
1 3600 1669
27
398 529 521 522 560 599 349 7 4 352 725 720 297 294 309 306 362 543 538 544 548 788 661 662 149 150 808
1 3600 1669
24
380 408 57 60 426 430 639 640 323 326 193 190 581 582 609 606 628 686 631 636 157 158 764 770
1 3600 350
13
434 456 646 673 501 491 489 486 520 528 355 317 320
1 3600 350
7
622 670 706 733 483 463 464
1 3600 350
4
276 103 100 477
1 3600 350
9
506 719 724 353 351 348 598 786 790
1 3600 350
7
457 435 427 61 56 409 410
1 3600 350
4
425 419 281 278
1 3600 242
3
707 675 501
1 3600 344
8
429 426 432 438 643 644 329 326
1 3600 344
4
672 749 747 641
1 3600 344
6
505 71 68 513 510 747
1 3600 344
14
417 418 424 426 432 440 792 443 446 685 191 187 184 570
1 3600 344
9
418 59 60 426 434 454 709 685 333
1 3600 344
3
456 639 644
1 3600 538
13
811 57 60 426 432 436 444 448 574 620 800 807 627
1 3600 1669
15
57 58 424 426 434 454 709 710 577 574 620 800 665 137 140
1 3600 362
4
498 676 375 372
1 3600 312
12
272 429 426 430 646 505 71 66 72 719 722 243
1 3600 312
15
430 639 640 746 511 512 537 255 252 532 721 722 243 238 776
1 3600 312
14
275 276 670 493 494 601 349 7 8 246 725 718 531 532
1 3600 222
11
670 675 672 505 71 66 74 255 17 20 288
1 3600 981
23
371 374 601 349 350 352 725 718 73 74 536 251 248 516 712 213 214 197 198 701 704 805 661
1 3600 1669
18
454 643 640 323 326 193 187 182 330 582 609 604 612 693 659 97 94 157
1 3600 1669
15
426 434 456 646 505 506 719 722 243 238 287 284 343 269 266
1 3600 1669
21
426 432 438 643 644 329 324 334 515 249 63 19 20 288 299 292 666 714 287 284 782
1 3600 1669
20
47 44 376 616 730 461 458 525 526 787 367 364 79 76 649 650 777 715 699 221
1 3600 1669
22
272 429 426 432 440 792 85 80 695 619 201 202 611 606 624 802 661 662 149 154 784 808
1 3600 1669
23
639 642 439 436 444 448 574 620 729 726 653 656 688 768 757 209 210 227 222 175 168 567 564
1 3600 476
12
716 335 336 748 673 501 496 603 598 561 523 520
1 3600 414
8
580 684 447 437 433 427 428 273
1 3600 414
9
192 327 328 645 642 455 435 427 425
1 3600 414
11
557 217 212 713 517 509 503 504 673 674 671
1 3600 414
4
325 322 641 638
1 3600 414
5
82 445 446 708 455
1 3600 414
10
185 186 190 684 708 439 433 427 61 58
1 3600 414
10
83 84 793 441 433 427 428 622 103 104
1 3600 444
4
185 182 332 684
1 3600 444
4
193 190 684 710
1 3600 431
7
85 80 695 619 201 202 726
1 3600 431
5
709 710 681 205 206
1 3600 431
12
214 197 194 572 779 703 704 615 605 606 626 653
1 3600 431
11
329 326 193 188 712 213 216 558 590 612 625
1 3600 431
9
640 746 337 334 717 193 190 581 582
1 3600 431
15
333 330 557 554 195 196 387 390 538 49 50 788 803 693 687
1 3600 431
10
185 182 330 582 609 610 728 800 665 137
1 3600 667
11
792 443 444 448 574 620 800 665 117 118 107
1 3600 1192
18
82 445 446 685 191 188 517 249 250 537 75 72 719 724 247 9 2 365
1 3600 451
11
640 746 511 512 537 255 252 530 719 724 247
1 3600 451
5
640 746 511 512 537
1 3600 393
13
438 643 640 746 511 508 516 712 213 214 197 198 701
1 3600 393
11
511 512 251 63 64 307 304 87 92 13 10
1 3600 393
6
213 214 518 541 542 31
1 3600 393
8
554 572 779 389 390 542 31 28
1 3600 282
13
515 249 63 19 20 290 755 361 362 683 341 338 551
1 3600 981
18
183 184 570 213 214 387 388 703 704 805 661 97 94 759 227 181 176 566
1 3600 1669
17
191 188 517 249 63 19 20 288 299 292 241 238 287 284 343 269 266
1 3600 1669
19
80 695 619 201 206 595 590 614 53 48 33 34 338 219 220 698 714 287 282
1 3600 1669
9
716 515 249 63 64 307 304 87 90
1 3600 1669
14
444 448 574 620 729 611 606 628 686 659 662 149 150 808
1 3600 1669
13
193 190 581 557 558 590 612 693 631 636 157 158 764
1 3600 1669
18
624 802 789 549 546 550 219 220 13 14 714 776 41 38 369 366 786 790
1 3600 521
10
608 207 204 680 711 447 437 433 427 61
1 3600 351
5
201 206 583 331 183
1 3600 351
9
689 629 607 604 591 559 556 331 183
1 3600 351
6
806 801 621 575 449 445
1 3600 351
10
797 697 619 575 576 711 685 191 192 716
1 3600 351
14
807 627 624 613 614 705 700 199 196 215 212 713 517 509
1 3600 351
3
608 583 580
1 3600 256
3
727 203 200
1 3600 329
6
665 117 120 122 402 404
1 3600 329
4
134 258 109 110
1 3600 329
5
688 743 740 735 125
1 3600 329
10
697 619 620 729 726 653 129 132 740 750
1 3600 1669
16
604 614 53 48 33 30 683 305 308 669 666 714 287 284 343 346
1 3600 794
14
206 595 592 702 778 199 196 215 212 713 517 249 250 69
1 3600 228
7
689 686 692 802 789 549 545
1 3600 267
11
619 201 206 595 592 704 53 48 544 546 552
1 3600 267
10
619 620 800 665 655 656 686 659 662 149
1 3600 293
7
768 757 311 312 227 222 175
1 3600 1669
19
807 627 624 802 789 549 546 265 262 219 91 92 698 714 287 284 343 269 266
1 3600 1669
18
204 680 711 685 191 192 716 515 249 63 19 20 288 299 292 241 238 287
1 3600 1669
14
797 697 619 201 206 595 592 702 389 390 542 683 341 338
1 3600 1669
17
813 695 619 575 578 205 202 611 604 614 805 661 662 149 154 784 808
1 3600 1669
12
594 609 606 628 688 768 757 635 636 157 158 764
1 3600 1669
22
761 737 734 741 742 689 629 607 608 583 331 183 186 192 327 324 336 748 673 674 706 733
1 3600 1669
12
115 116 664 801 621 618 694 81 84 793 441 433
1 3600 556
11
741 133 128 652 727 203 200 618 694 81 84
1 3600 722
5
121 118 256 135 136
1 3600 722
8
405 403 123 124 131 132 742 689
1 3600 722
6
111 106 119 114 128 656
1 3600 722
4
128 652 727 203
1 3600 722
5
116 655 656 629 607
1 3600 722
12
635 632 99 96 660 804 705 593 594 207 200 575
1 3600 722
9
119 114 132 742 689 686 692 613 591
1 3600 722
7
751 735 131 115 118 256 135
1 3600 722
11
232 113 108 260 139 136 664 801 621 618 694
1 3600 722
3
144 141 136
1 3600 370
3
737 734 741
1 3600 1669
25
740 750 757 635 632 99 96 660 804 53 48 33 30 363 307 308 295 296 721 724 589 586 781 77 37
1 3600 1669
18
750 757 635 630 692 613 591 559 217 212 713 517 509 503 506 719 724 353
1 3600 878
19
406 127 121 116 655 652 627 624 802 789 51 48 539 542 363 360 754 291 21
1 3600 667
16
233 230 123 124 734 750 757 209 210 227 181 171 168 763 163 166
1 3600 667
9
742 689 686 659 660 789 549 546 552
1 3600 595
16
106 119 114 132 740 750 757 311 312 227 222 175 170 178 382 394
1 3600 595
9
740 750 757 209 210 227 181 176 562
1 3600 595
11
259 257 119 120 124 734 750 757 311 312 227
1 3600 595
12
734 750 757 209 210 227 222 175 170 178 382 392
1 3600 1669
23
121 116 664 801 729 611 604 614 53 48 33 34 340 87 92 13 14 714 287 284 343 269 266
1 3600 1669
23
741 742 689 629 607 608 583 331 332 191 188 517 249 63 19 16 252 532 721 722 243 238 287
1 3600 1669
12
139 136 655 652 627 624 802 789 549 546 550 219
1 3600 1669
11
256 135 136 655 656 686 659 662 149 150 808
1 3600 1669
12
119 114 132 740 750 757 635 636 157 158 764 770
1 3600 255
5
38 397 398 355 358
1 3600 255
6
561 523 520 528 355 356
1 3600 293
10
22 77 78 3 6 348 600 495 492 671
1 3600 927
16
367 368 25 26 777 715 667 293 298 289 21 18 62 248 516 189
1 3600 1669
16
342 285 286 715 15 12 221 218 263 264 547 548 788 803 625 626
1 3600 1669
23
345 342 285 286 239 240 668 309 304 682 31 32 49 52 615 612 693 687 657 654 137 134 257
1 3600 439
5
40 777 287 284 343
1 3600 277
7
527 524 459 460 485 488 494
1 3600 277
4
560 367 364 79
1 3600 277
13
271 268 342 285 286 239 242 723 718 531 253 254 536
1 3600 277
8
268 342 285 286 776 651 585 586
1 3600 556
14
345 342 285 286 715 699 93 86 682 543 391 386 197 194
1 3600 1669
15
271 268 342 285 286 715 15 12 221 218 551 547 548 788 661
1 3600 1669
27
787 599 349 7 8 246 725 720 533 534 303 306 362 543 538 49 52 805 661 662 149 152 165 162 762 169 172
1 3600 1669
3
345 342 782
1 3600 1669
9
368 25 22 649 650 777 715 699 221
1 3600 1669
22
599 349 350 352 725 720 297 298 303 304 341 35 32 49 50 788 661 662 149 154 784 808
1 3600 1669
26
366 561 373 374 677 499 500 672 505 502 508 516 712 213 214 197 198 701 704 805 661 97 94 157 158 764
1 3600 456
10
600 375 370 484 461 458 525 528 399 400
1 3600 456
9
598 786 527 524 481 479 475 472 415
1 3600 538
5
530 73 67 70 504
1 3600 538
3
600 495 492
1 3600 538
11
586 245 9 6 348 600 495 492 671 623 597
1 3600 538
5
351 348 602 497 500
1 3600 538
8
245 9 6 348 602 679 499 500
1 3600 451
15
588 725 718 531 253 17 18 62 248 516 189 190 684 710 681
1 3600 451
12
718 73 67 68 513 510 747 641 642 709 710 681
1 3600 834
13
588 725 718 507 504 647 457 454 439 436 442 85 80
1 3600 1669
16
240 668 309 306 362 31 32 49 52 615 605 606 628 688 743 740
1 3600 530
13
349 7 8 244 587 584 650 777 287 284 343 269 270
1 3600 530
9
587 584 650 777 287 284 343 269 270
1 3600 530
12
601 349 7 2 79 76 649 650 777 287 284 343
1 3600 530
8
719 722 243 238 287 284 343 346
1 3600 530
12
603 349 350 352 589 584 650 777 287 284 343 344
1 3600 530
6
37 40 777 287 284 343
1 3600 451
3
677 678 690
1 3600 451
6
513 510 748 673 501 498
1 3600 543
9
350 352 725 720 297 294 309 304 341
1 3600 543
6
718 531 534 303 304 87
1 3600 543
12
352 725 720 297 298 289 290 755 361 362 31 28
1 3600 543
8
8 246 725 720 533 534 289 290
1 3600 543
5
253 17 20 290 755
1 3600 543
11
715 15 12 93 86 682 543 540 519 197 194
1 3600 543
7
246 725 718 73 74 536 251
1 3600 543
10
587 588 725 722 243 240 293 298 289 290
1 3600 543
6
246 725 718 531 534 289
1 3600 543
5
240 293 298 289 21
1 3600 595
12
254 536 251 248 516 712 213 214 518 541 538 544
1 3600 1669
12
536 513 508 516 712 213 216 558 590 612 693 631
1 3600 1669
8
23 26 777 287 284 343 269 266
1 3600 758
8
69 66 72 719 722 243 238 287
1 3600 725
8
74 255 252 532 297 292 666 699
1 3600 1669
27
6 348 602 497 500 672 749 337 334 717 193 187 184 570 213 214 197 198 779 703 704 805 661 662 149 150 808
1 3600 1669
25
691 679 499 500 672 749 747 323 326 193 190 333 330 582 609 604 612 693 631 636 759 227 181 176 564
1 3600 758
15
89 92 698 714 776 27 24 369 366 561 523 465 460 731 617
1 3600 469
16
305 306 65 62 248 514 335 325 328 645 638 431 427 425 422 452
1 3600 469
12
11 14 667 241 242 723 724 353 351 348 600 495
1 3600 399
17
11 14 667 668 309 306 65 62 248 514 717 193 190 684 447 442 794
1 3600 399
9
89 86 682 363 65 62 248 514 717
1 3600 399
10
289 21 18 62 248 516 189 190 684 710
1 3600 399
16
86 305 302 535 253 254 536 513 510 747 641 642 439 440 792 794
1 3600 242
11
362 543 391 388 703 593 594 207 200 618 696
1 3600 1043
21
294 309 304 341 338 263 264 547 548 788 803 625 626 653 129 130 736 760 407 235 236
1 3600 725
22
778 573 195 196 215 212 713 517 249 63 19 20 288 299 292 666 714 287 284 343 269 270
1 3600 442
5
296 721 724 247 244
1 3600 442
4
21 16 254 75
1 3600 442
13
195 196 215 212 713 517 249 250 537 255 252 532 744
1 3600 442
9
386 215 212 713 517 509 503 506 719
1 3600 442
9
542 363 360 754 291 21 16 254 75
1 3600 442
17
539 540 519 215 212 571 185 186 192 327 324 336 748 673 501 496 690
1 3600 442
5
307 308 669 666 15
1 3600 442
7
340 305 302 535 530 73 67
1 3600 428
8
18 62 248 516 712 213 214 387
1 3600 428
4
543 391 388 703
1 3600 417
14
63 64 362 31 32 49 50 788 661 97 94 157 160 165
1 3600 417
6
538 544 548 788 803 693
1 3600 417
5
518 541 538 49 50
1 3600 417
9
294 309 304 341 35 28 264 547 548
1 3600 417
14
754 291 21 18 62 248 516 712 213 216 558 590 612 693
1 3600 417
9
90 218 551 547 548 788 661 662 149
1 3600 575
17
309 306 362 31 32 49 52 805 661 97 94 759 227 222 175 168 567
1 3600 1669
10
340 87 92 698 714 287 284 343 269 266
1 3600 1669
12
387 390 542 683 87 90 220 13 14 714 287 282
1 3600 315
7
249 63 64 307 304 87 90
1 3600 1669
10
388 703 704 805 661 662 149 154 784 808
1 3600 1669
12
778 701 593 590 612 693 631 636 157 158 764 770
1 3600 1669
27
155 148 663 660 804 705 700 573 555 556 580 191 192 327 322 746 748 673 501 491 489 486 520 528 355 356 752
1 3600 927
18
784 151 148 663 658 692 613 605 610 203 204 680 711 708 455 456 646 673
1 3600 248
13
164 153 148 663 660 804 705 700 199 196 215 212 713
1 3600 248
3
615 605 606
1 3600 248
3
52 615 591
1 3600 355
9
687 657 654 137 140 145 146 233 228
1 3600 1669
33
164 161 156 637 634 756 751 741 133 128 652 727 728 621 575 449 445 437 433 427 425 419 420 47 44 376 616 483 480 459 464 522 560
1 3600 521
17
663 660 789 51 48 33 34 340 305 308 295 296 721 724 353 351 348
1 3600 242
6
549 546 265 262 339 340
1 3600 242
7
151 148 663 660 804 53 48
1 3600 242
5
553 550 219 91 88
1 3600 242
9
789 549 545 33 30 363 307 308 669
1 3600 315
8
553 547 548 788 661 662 149 152
1 3600 233
11
547 548 788 661 97 94 759 227 181 176 562
1 3600 233
7
162 762 567 177 178 382 392
1 3600 233
8
615 605 606 628 688 768 757 311
1 3600 1669
17
148 663 660 789 549 546 265 262 219 220 698 714 287 284 343 269 266
1 3600 1669
11
51 48 539 542 363 307 308 669 241 238 287
1 3600 794
8
613 614 53 48 33 34 338 219
1 3600 1669
4
662 149 150 808
1 3600 1669
4
162 762 567 564
1 3600 1669
27
96 658 692 613 591 559 217 212 571 185 186 192 716 335 336 748 673 674 493 489 484 461 458 525 528 355 317
1 3600 1669
19
223 226 313 310 756 769 689 629 607 610 203 204 680 711 708 455 435 427 428
1 3600 834
16
179 180 226 211 208 756 751 735 125 121 116 664 801 621 575 578
1 3600 546
8
223 226 758 637 630 687 657 654
1 3600 546
16
563 566 169 174 223 226 313 310 756 769 689 629 626 727 728 621
1 3600 635
10
180 226 211 208 756 751 735 125 122 231
1 3600 635
14
159 156 637 634 756 751 741 133 115 118 107 108 260 301
1 3600 635
8
775 663 658 687 657 654 137 138
1 3600 635
9
383 179 171 174 223 226 313 310 756
1 3600 1669
25
95 96 660 804 705 702 778 199 196 215 212 713 517 509 512 69 66 72 719 724 353 5 2 365 368
1 3600 1669
23
393 383 179 180 226 758 637 630 692 613 591 559 217 212 713 517 249 250 537 255 252 532 744
1 3600 506
16
226 211 208 756 769 689 629 607 608 583 331 332 191 192 716 515
1 3600 705
11
563 566 763 159 156 95 96 660 789 549 546
1 3600 705
4
775 663 660 789
1 3600 705
5
630 692 802 804 53
1 3600 705
4
763 163 166 155
1 3600 705
8
225 226 758 95 96 660 789 549
1 3600 705
4
99 96 660 789
1 3600 705
3
156 95 96
1 3600 705
6
160 153 148 663 660 804
1 3600 705
4
563 566 763 163
1 3600 630
7
563 177 171 174 223 226 758
1 3600 630
4
169 170 178 382
1 3600 1669
32
177 180 226 313 310 756 769 689 629 607 608 583 580 191 192 327 322 746 511 503 71 66 72 719 722 243 238 287 284 343 269 266
1 3600 1669
22
763 159 156 637 630 692 613 591 592 702 389 390 542 683 87 92 13 14 714 287 284 782
1 3600 1669
10
630 692 613 614 53 48 33 34 338 219
1 3600 1669
10
395 383 179 171 168 763 163 166 784 808
1 3600 1192
5
385 179 176 566 766
1 3600 1669
15
267 268 342 285 286 776 651 648 23 24 369 366 786 527 521
1 3600 1669
20
267 268 342 285 286 776 651 648 77 78 3 6 348 600 495 492 671 277 274 450
1 3600 1669
15
267 268 342 285 286 239 242 723 718 507 502 508 516 189 190
1 3600 1669
22
267 268 342 285 286 239 242 723 718 507 502 510 337 325 326 193 187 182 330 582 207 200
1 3600 1669
23
267 268 342 285 286 715 15 12 221 218 263 29 32 49 52 615 605 610 726 806 665 117 120
1 3600 725
11
267 268 342 285 286 776 41 38 369 366 786
1 3600 1043
12
267 268 342 285 286 776 27 24 369 366 561 373
1 3600 1669
15
267 268 342 285 286 715 699 93 86 682 543 540 519 197 194
1 3600 1669
21
267 268 342 285 286 715 15 12 221 218 339 35 32 49 52 805 661 662 149 154 784
1 3600 1669
30
267 268 342 285 286 239 242 723 718 73 67 68 513 508 514 717 193 187 182 330 582 609 606 628 688 768 757 209 210 227
1 3600 1669
5
267 268 342 285 282
1 3600 1669
8
267 268 342 285 286 715 699 221
1 3600 1669
20
267 268 342 285 286 715 15 12 93 90 218 551 547 548 788 661 662 149 150 808
1 3600 1669
33
267 268 342 285 286 239 242 723 718 507 504 647 457 454 709 710 681 205 202 726 653 129 130 734 750 757 311 312 227 222 175 168 766
1 3600 1669
9
283 286 776 41 38 369 366 561 523
1 3600 1669
19
783 285 286 776 651 648 77 78 365 366 561 523 465 460 731 617 377 45 46
1 3600 1669
14
283 286 239 242 723 718 73 67 70 504 647 639 642 709
1 3600 1669
21
783 285 286 715 667 293 298 289 21 18 62 248 516 712 213 216 558 594 609 606 628
1 3600 1669
20
286 239 242 723 718 507 504 647 431 432 436 444 448 574 620 800 665 117 120 124
1 3600 927
3
284 343 269
1 3600 260
3
283 286 239
1 3600 556
5
283 286 715 667 668
1 3600 1669
20
783 285 286 715 699 93 86 341 35 32 49 52 805 803 693 631 636 157 160 165
1 3600 1669
19
286 715 15 12 221 218 263 264 547 548 788 661 97 94 759 227 181 178 384
1 3600 1669
4
783 343 269 266
1 3600 1669
3
783 285 282
1 3600 451
5
283 286 715 699 221
1 3600 1669
25
283 286 239 240 293 298 289 21 18 62 248 516 712 213 216 558 590 612 693 659 662 149 154 784 808
1 3600 1669
20
283 286 715 15 12 93 86 682 543 538 49 52 805 661 97 94 157 158 764 770
1 3600 1669
17
339 340 305 302 535 253 254 75 67 70 504 673 674 706 105 100 477
1 3600 1669
16
91 86 305 302 535 253 254 536 513 510 747 641 638 431 427 61
1 3600 1517
14
339 340 682 543 391 386 197 194 555 556 331 332 684 447
1 3600 1669
8
218 551 547 548 788 803 625 628
1 3600 1669
19
91 86 682 543 391 388 703 593 594 207 202 726 806 665 137 138 261 109 110
1 3600 1669
7
220 698 714 287 284 343 344
1 3600 388
9
220 13 14 714 776 651 648 77 78
1 3600 169
4
91 86 682 543
1 3600 491
10
221 218 263 264 547 548 788 661 662 149
1 3600 1669
18
93 86 341 35 32 49 52 615 612 693 631 634 209 210 227 181 178 384
1 3600 1669
9
219 220 698 714 287 284 343 269 266
1 3600 725
7
220 13 14 714 287 284 782
1 3600 1669
13
221 218 339 35 32 49 52 805 661 662 149 150 808
1 3600 1669
12
218 551 547 548 788 661 97 94 157 158 764 770
1 3600 1669
25
809 151 148 663 658 687 657 652 727 728 621 575 449 83 84 793 441 433 427 61 56 409 410 412 466
1 3600 1669
20
809 785 155 148 663 658 687 629 626 727 203 204 680 711 708 455 435 427 428 597
1 3600 1669
17
809 151 148 663 660 804 705 700 199 196 215 212 571 185 186 192 716
1 3600 1669
19
809 785 167 164 161 156 637 634 756 751 735 125 122 111 112 147 142 301 141
1 3600 1669
14
809 785 167 164 161 156 637 634 756 751 735 736 760 772
1 3600 1669
24
809 785 155 148 663 658 692 613 591 559 217 212 713 517 509 503 506 719 724 589 586 781 23 24
1 3600 1669
14
809 151 148 663 660 804 53 48 539 542 683 87 92 13
1 3600 1283
9
809 785 155 148 663 660 789 51 54
1 3600 758
6
809 151 148 663 658 692
1 3600 1669
8
809 785 167 162 762 169 174 223
1 3600 1669
30
809 785 155 148 663 660 804 705 700 573 195 196 215 212 713 517 249 63 19 20 288 299 292 241 238 287 284 343 269 266
1 3600 1669
20
809 151 148 663 660 789 549 545 33 30 363 307 308 295 292 241 238 287 284 782
1 3600 1043
10
809 785 155 148 663 660 789 549 546 550
1 3600 1669
7
809 785 167 162 762 567 564
1 3600 1669
35
767 567 177 180 226 211 208 756 751 741 133 115 116 664 801 621 575 449 445 437 433 427 425 419 281 278 381 378 473 474 478 480 525 528 355
1 3600 1669
27
767 169 174 223 226 313 310 756 751 735 131 128 652 806 801 621 618 694 81 84 793 441 433 427 428 273 276
1 3600 1669
20
767 567 177 180 226 211 208 756 751 741 133 128 652 727 203 204 579 449 445 437
1 3600 1669
10
765 159 156 95 98 633 630 687 629 607
1 3600 1669
12
771 765 159 156 637 634 756 751 735 125 122 231
1 3600 1669
29
767 169 174 223 226 313 310 756 769 689 629 607 608 583 331 183 186 192 716 335 336 748 673 501 498 678 603 598 367
1 3600 1669
22
765 159 156 95 96 658 692 613 591 559 217 212 713 517 249 250 69 66 72 719 724 247
1 3600 1669
10
765 159 156 95 96 660 804 53 48 539
1 3600 834
6
765 159 156 95 96 660
1 3600 379
3
767 169 174
1 3600 1669
29
771 765 159 156 637 630 692 625 607 608 583 580 191 188 517 249 63 19 20 288 299 292 666 714 287 284 343 269 266
1 3600 1669
17
765 163 164 153 148 663 660 789 549 546 265 262 219 220 698 714 287
1 3600 1669
21
565 177 180 226 211 208 756 769 689 629 607 608 595 592 702 389 390 542 683 87 90
1 3600 1669
6
767 763 163 166 784 808
1 3600 1669
4
767 763 764 770
