434
1 3600 353
15
497 437 432 523 41 42 134 428 337 340 207 202 153 150 154
1 3600 41
13
431 155 151 152 203 206 341 336 429 135 43 40 522
1 3600 339
20
431 155 151 147 148 239 236 316 291 294 85 82 73 74 90 382 3 4 35 32
1 3600 918
24
431 155 151 147 144 236 318 293 245 177 172 81 82 73 76 379 15 16 510 517 518 387 384 440
1 3600 918
19
497 491 487 488 498 41 31 34 5 2 511 17 18 13 8 45 46 458 453
1 3600 82
7
155 151 152 203 204 421 424
1 3600 131
4
431 155 151 152
1 3600 382
19
431 155 151 147 142 220 233 230 248 167 170 244 294 85 82 321 93 96 402
1 3600 918
21
497 491 487 482 523 41 42 134 428 337 338 344 79 72 253 95 98 100 364 370 372
1 3600 918
23
497 491 435 432 523 41 42 132 5 2 383 91 88 379 380 97 98 104 110 361 358 355 356
1 3600 706
15
497 491 487 488 498 41 42 134 428 337 340 410 265 262 163
1 3600 612
10
155 151 152 183 178 190 226 248 167 168
1 3600 918
10
155 151 147 148 239 236 316 291 294 306
1 3600 918
17
431 155 151 152 203 206 341 334 347 87 82 321 93 98 102 109 106
1 3600 918
21
155 137 138 147 144 234 167 170 177 172 81 82 253 95 98 104 108 363 361 113 116
1 3600 918
11
431 155 151 152 183 178 192 198 218 187 184
1 3600 918
13
431 155 151 147 142 181 178 192 198 216 461 407 404
1 3600 918
19
155 151 152 203 195 192 196 226 248 250 471 465 299 225 71 66 279 274 284
1 3600 918
17
431 155 151 147 148 239 236 318 293 245 177 61 64 66 279 274 282
1 3600 918
22
497 437 432 523 41 31 36 23 28 386 519 516 383 91 75 72 83 80 173 61 58 212
1 3600 123
17
432 523 41 42 134 426 5 6 337 340 410 205 202 153 150 154 430
1 3600 123
24
495 491 487 488 498 41 42 134 428 337 338 344 87 84 295 290 317 237 238 149 146 150 154 430
1 3600 118
3
503 489 482
1 3600 114
9
523 41 31 36 23 28 384 399 396
1 3600 114
9
498 41 42 132 5 2 517 518 530
1 3600 114
7
501 498 41 31 32 50 23
1 3600 114
13
493 487 488 498 41 42 134 426 5 2 517 518 530
1 3600 213
8
523 41 31 36 23 28 384 399
1 3600 918
15
498 41 42 132 5 2 511 17 18 13 8 45 46 458 453
1 3600 129
11
485 482 523 41 42 134 428 337 340 408 424
1 3600 83
4
428 337 340 207
1 3600 83
4
134 428 337 338
1 3600 79
10
41 31 34 5 2 511 17 18 125 120
1 3600 306
15
435 432 523 41 42 134 428 337 334 347 79 72 321 93 98
1 3600 918
16
503 498 41 31 32 50 23 28 384 399 400 444 475 457 47 48
1 3600 656
8
39 42 134 428 337 340 410 265
1 3600 328
15
42 134 426 5 6 337 334 347 87 80 173 176 171 164 470
1 3600 510
14
41 31 34 5 2 383 91 88 77 72 83 84 295 245
1 3600 918
14
41 42 134 428 337 338 344 87 80 173 174 71 68 332
1 3600 918
16
501 498 41 31 36 23 28 384 399 400 446 452 459 47 48 56
1 3600 918
20
132 5 2 511 17 14 378 77 72 83 84 306 173 174 224 298 463 241 187 184
1 3600 918
9
428 337 340 410 205 195 192 198 218
1 3600 918
18
42 134 428 337 334 347 79 72 83 80 173 61 64 66 279 276 326 480
1 3600 918
19
501 498 41 42 132 5 6 337 338 344 87 84 306 173 174 71 66 478 313
1 3600 918
16
488 498 41 31 34 5 2 383 91 75 72 83 80 173 61 58
1 3600 510
18
516 511 17 14 380 97 92 320 83 84 295 292 319 237 145 146 150 154
1 3600 87
5
30 40 522 433 436
1 3600 87
7
133 43 40 499 489 486 492
1 3600 87
10
527 25 22 37 30 40 522 483 486 492
1 3600 111
4
22 51 33 34
1 3600 101
9
50 23 28 386 519 516 511 509 504
1 3600 101
6
35 32 50 23 28 384
1 3600 101
4
387 384 399 400
1 3600 101
4
516 511 17 20
1 3600 418
10
525 25 28 384 399 400 131 128 453 450
1 3600 437
17
516 383 91 75 72 83 84 295 292 169 166 249 227 197 200 263 260
1 3600 91
11
25 28 386 519 516 383 91 88 77 78 346
1 3600 70
5
531 519 516 511 512
1 3600 70
7
33 34 5 6 337 334 347
1 3600 88
9
529 25 28 384 399 400 131 126 475
1 3600 574
8
395 400 446 452 459 47 48 52
1 3600 918
12
525 25 22 37 34 5 6 337 340 408 422 415
1 3600 418
17
527 25 28 386 519 516 383 91 75 72 83 80 173 176 246 466 470
1 3600 382
19
395 400 444 475 457 47 44 373 371 365 101 99 94 252 83 80 307 295 245
1 3600 574
11
531 519 516 511 17 18 125 122 370 374 367
1 3600 918
10
5 2 511 17 18 13 10 365 368 119
1 3600 918
20
531 519 516 383 91 88 77 72 83 84 306 173 176 171 164 465 463 241 187 184
1 3600 918
16
519 516 383 91 75 72 83 84 295 290 317 237 234 250 461 462
1 3600 918
13
33 34 427 428 337 338 344 87 80 173 176 246 468
1 3600 918
19
28 386 519 516 511 17 14 380 97 92 320 83 80 173 174 71 68 309 310
1 3600 918
22
525 25 28 386 519 516 383 91 88 77 72 83 84 306 173 61 64 66 478 325 301 304
1 3600 918
15
443 385 386 519 516 3 6 337 340 207 202 153 150 154 430
1 3600 229
5
508 510 3 4 427
1 3600 54
6
401 398 385 29 22 51
1 3600 54
5
441 385 29 22 37
1 3600 94
9
131 128 459 47 44 9 12 19 20
1 3600 918
19
507 21 14 378 77 72 83 84 295 290 317 237 238 476 221 143 146 139 140
1 3600 296
23
399 400 131 126 475 457 47 44 373 374 367 368 359 360 111 105 99 94 252 73 78 345 342
1 3600 74
16
400 446 452 459 47 44 9 10 365 368 359 360 362 103 99 94
1 3600 38
3
21 18 520
1 3600 153
6
441 399 400 131 128 459
1 3600 918
11
398 385 386 519 516 3 6 337 340 410 265
1 3600 706
18
385 386 519 516 383 91 75 72 83 80 307 295 292 169 166 249 227 191
1 3600 459
15
475 457 47 44 373 374 367 101 99 92 320 83 80 173 176
1 3600 418
10
507 508 17 18 125 122 365 368 119 114
1 3600 706
9
505 21 14 380 97 98 100 366 353
1 3600 918
24
128 459 47 44 9 10 370 374 367 101 99 94 252 83 84 295 245 246 466 470 217 218 187 184
1 3600 918
25
126 475 457 47 44 373 371 365 368 359 360 111 105 99 92 320 83 80 173 174 224 298 259 256 404
1 3600 918
20
130 401 398 385 386 519 516 383 91 75 72 83 84 306 173 61 64 66 279 276
1 3600 918
18
443 385 386 519 516 383 91 88 77 72 83 80 173 174 71 68 330 313
1 3600 918
25
130 446 452 459 47 44 9 10 370 374 367 368 359 360 362 103 99 94 252 83 84 306 173 61 58
1 3600 918
22
451 452 459 47 44 9 12 19 14 378 77 78 346 335 340 410 205 202 153 150 154 430
1 3600 918
12
453 447 401 398 385 29 22 37 30 40 522 433
1 3600 306
4
129 130 401 396
1 3600 32
9
452 459 47 44 9 12 19 16 509
1 3600 918
21
452 459 47 44 373 371 365 101 99 96 381 378 89 75 78 345 339 340 410 421 422
1 3600 918
25
459 47 44 373 374 367 368 359 360 362 109 105 99 92 320 83 84 295 292 169 166 249 227 191 194
1 3600 339
10
459 47 44 9 10 365 101 99 96 402
1 3600 114
7
452 459 47 44 9 10 123
1 3600 94
4
459 47 48 54
1 3600 918
13
447 401 398 385 386 519 516 3 6 337 340 410 265
1 3600 918
15
459 47 44 9 12 19 14 378 77 72 83 80 307 295 292
1 3600 918
15
452 129 130 401 398 385 386 519 516 383 91 75 72 83 80
1 3600 706
9
459 47 44 373 374 367 368 119 114
1 3600 765
6
451 452 459 47 48 56
1 3600 918
21
453 447 401 398 385 29 22 51 33 34 427 428 337 340 207 195 192 198 218 187 184
1 3600 918
25
451 452 459 47 44 9 10 365 368 359 360 362 103 99 94 252 83 84 306 173 176 171 164 465 463
1 3600 918
20
451 452 459 47 44 373 374 367 101 99 92 320 83 80 173 174 71 66 279 276
1 3600 918
24
129 130 401 398 385 386 519 516 383 91 75 72 83 84 306 173 61 64 66 279 274 284 439 323
1 3600 918
21
459 47 44 9 12 19 14 378 77 72 83 80 173 174 71 68 309 215 212 286 302
1 3600 116
12
411 341 336 429 135 43 40 499 489 486 490 496
1 3600 122
15
141 138 152 203 204 411 341 336 429 135 43 40 522 433 434
1 3600 399
18
138 147 144 236 316 291 294 85 82 73 74 90 382 517 518 387 29 26
1 3600 918
22
141 136 151 152 183 180 220 233 230 248 167 170 177 172 81 82 73 76 379 15 20 504
1 3600 918
30
410 205 195 190 226 248 167 168 293 294 85 82 253 95 98 102 363 361 358 369 366 375 371 11 8 45 46 458 453 450
1 3600 135
5
409 207 202 153 139
1 3600 48
3
138 152 203
1 3600 48
3
411 341 338
1 3600 173
7
341 334 347 79 74 90 382
1 3600 706
20
425 422 261 262 201 198 216 471 467 247 177 172 81 82 321 93 98 100 366 375
1 3600 918
27
420 205 195 179 180 220 477 239 236 316 291 294 85 82 253 95 98 104 110 361 358 369 364 370 372 45 46
1 3600 62
10
136 151 147 142 181 178 192 200 417 412
1 3600 89
5
138 147 144 236 318
1 3600 367
12
410 265 262 201 196 226 248 250 461 462 299 225
1 3600 918
13
415 416 201 196 226 248 167 170 177 61 64 68 332
1 3600 918
23
261 262 201 198 216 471 467 247 244 294 306 81 82 321 93 98 100 364 11 8 45 48 56
1 3600 918
9
425 409 207 195 192 198 218 187 184
1 3600 656
10
141 136 151 152 183 178 192 198 218 187
1 3600 918
11
425 420 205 195 190 226 248 250 471 465 299
1 3600 918
13
138 147 148 239 236 316 291 245 177 174 71 66 478
1 3600 918
11
205 195 190 226 248 167 170 177 61 58 212
1 3600 218
5
202 153 150 154 430
1 3600 46
9
339 336 429 135 43 40 499 489 486
1 3600 102
6
339 336 7 4 35 36
1 3600 306
13
334 347 79 76 379 15 18 13 8 45 46 456 474
1 3600 918
20
338 344 79 76 379 380 97 98 102 363 361 358 369 366 375 372 45 46 458 453
1 3600 29
3
335 340 410
1 3600 83
4
340 207 202 153
1 3600 35
13
151 147 144 236 318 293 294 85 82 73 74 88 379
1 3600 35
3
344 79 76
1 3600 169
9
206 341 336 7 2 511 17 18 125
1 3600 918
19
148 239 236 316 291 294 306 81 82 253 95 98 100 364 11 8 45 48 54
1 3600 119
4
337 340 410 265
1 3600 34
5
147 144 234 167 164
1 3600 92
10
152 183 180 220 477 239 236 318 293 245
1 3600 353
12
343 344 87 82 321 93 98 104 110 361 113 114
1 3600 918
12
347 79 74 88 379 15 18 13 8 45 48 56
1 3600 918
12
344 87 84 295 245 246 466 470 461 241 187 184
1 3600 459
10
337 334 347 87 80 173 174 224 298 463
1 3600 706
9
337 334 347 87 84 306 173 174 224
1 3600 918
11
195 192 198 218 240 462 299 225 71 68 309
1 3600 918
10
151 147 148 239 234 167 170 177 61 62
1 3600 706
16
17 14 378 77 72 83 84 295 290 317 237 145 146 150 154 430
1 3600 97
9
121 124 19 16 510 3 4 133 134
1 3600 85
9
320 73 74 90 382 517 518 387 29
1 3600 85
6
4 35 32 50 23 24
1 3600 84
10
381 378 89 90 382 517 518 387 384 399
1 3600 574
8
382 517 518 387 384 399 400 446
1 3600 224
8
14 378 89 75 78 346 335 340
1 3600 77
4
83 86 345 342
1 3600 77
13
77 72 83 80 173 176 171 166 249 227 197 193 194
1 3600 77
5
75 78 345 339 336
1 3600 77
5
320 83 86 345 342
1 3600 66
6
320 73 76 89 90 382
1 3600 75
5
76 379 15 18 520
1 3600 75
9
517 518 387 384 399 400 444 475 472
1 3600 75
5
379 380 97 98 104
1 3600 75
7
2 511 17 14 380 97 98
1 3600 287
9
380 97 98 102 363 361 358 355 356
1 3600 382
8
513 510 3 6 337 340 410 265
1 3600 71
10
97 94 252 83 84 295 292 169 166 249
1 3600 77
3
83 80 307
1 3600 77
9
513 17 14 378 77 72 83 80 173
1 3600 96
15
14 378 89 75 72 83 84 306 173 61 64 66 478 331 332
1 3600 437
9
79 72 253 95 98 100 366 353 350
1 3600 918
17
513 17 14 378 77 72 83 84 295 245 246 466 470 461 241 187 184
1 3600 540
11
97 92 320 83 80 173 176 171 164 465 259
1 3600 510
10
83 80 173 174 71 66 279 276 326 480
1 3600 540
10
72 83 84 306 173 61 64 66 279 274
1 3600 918
11
89 75 72 83 80 173 61 58 212 286 304
1 3600 918
21
363 361 358 369 366 375 371 123 124 19 16 510 3 4 133 43 40 522 433 436 496
1 3600 353
17
109 105 99 94 252 73 78 346 335 336 429 135 43 40 499 489 484
1 3600 101
5
474 445 401 398 385
1 3600 40
8
103 99 96 381 15 16 509 504
1 3600 176
7
370 372 45 46 458 453 450
1 3600 835
9
99 92 320 73 78 346 335 340 408
1 3600 173
15
109 105 99 94 252 83 84 295 290 317 237 238 149 146 150
1 3600 53
12
455 47 44 9 10 365 101 99 92 320 73 78
1 3600 53
5
371 123 124 19 16
1 3600 53
3
103 99 94
1 3600 79
7
521 13 8 45 46 456 472
1 3600 36
3
374 353 356
1 3600 918
22
371 365 368 359 360 111 105 99 92 320 83 84 295 292 169 166 249 227 197 200 417 418
1 3600 254
17
122 365 101 99 94 252 83 80 307 295 290 317 237 238 476 233 230
1 3600 90
7
99 92 320 83 80 173 174
1 3600 46
9
457 47 44 373 374 367 368 359 360
1 3600 132
5
104 110 361 358 355
1 3600 918
22
455 456 474 445 401 398 385 29 22 37 34 5 6 337 340 207 195 192 198 218 187 184
1 3600 918
16
521 19 16 510 383 91 75 72 83 84 306 173 176 246 466 465
1 3600 706
12
373 374 367 101 99 94 252 83 80 173 174 224
1 3600 437
10
99 92 320 83 84 306 173 61 58 214
1 3600 706
13
105 99 94 252 83 80 173 174 71 68 309 211 208
1 3600 918
21
55 49 46 456 474 127 130 401 398 385 29 22 51 33 30 40 522 483 486 490 496
1 3600 918
10
44 9 12 19 16 510 3 4 133 43
1 3600 459
10
357 352 367 364 123 124 19 16 510 517
1 3600 119
12
377 371 123 124 19 16 510 517 518 387 384 440
1 3600 104
6
377 372 45 46 458 453
1 3600 918
16
456 474 445 401 398 385 386 519 516 3 6 337 340 410 421 424
1 3600 835
9
49 44 9 12 19 16 510 3 6
1 3600 195
8
377 371 123 124 19 16 510 3
1 3600 53
4
55 49 44 9
1 3600 53
4
47 44 9 12
1 3600 191
4
49 44 373 376
1 3600 918
21
377 371 365 368 359 360 362 103 99 96 381 378 77 78 345 339 340 408 422 415 418
1 3600 918
21
47 44 9 10 365 368 359 360 111 105 99 92 320 83 84 295 245 171 166 250 471
1 3600 418
12
53 49 44 373 374 367 101 99 94 252 83 80
1 3600 137
8
377 374 367 368 359 360 111 106
1 3600 80
8
53 49 44 9 10 365 368 119
1 3600 918
21
53 49 44 373 374 367 101 99 92 320 83 84 295 292 169 164 470 461 241 187 184
1 3600 918
23
458 129 130 401 398 385 386 519 516 383 91 75 72 83 80 173 176 246 466 465 463 407 257
1 3600 918
24
456 474 127 130 401 398 385 386 519 516 383 91 75 72 83 84 306 173 174 71 66 279 274 284
1 3600 765
19
44 9 10 365 368 359 360 362 103 99 94 252 83 80 173 61 58 209 210
1 3600 765
21
49 44 373 374 367 101 99 92 320 83 84 306 173 61 64 66 478 313 289 213 209
1 3600 918
9
162 263 264 205 202 153 150 154 430
1 3600 612
10
162 263 264 411 341 336 429 135 43 40
1 3600 918
8
264 411 341 336 7 2 517 518
1 3600 918
14
263 264 411 341 336 7 2 517 518 387 384 399 400 444
1 3600 918
22
162 201 196 226 248 167 168 293 294 85 82 321 93 98 100 364 11 8 45 46 458 453
1 3600 61
5
264 205 202 153 139
1 3600 98
7
161 162 417 414 423 409 341
1 3600 287
9
243 240 462 464 467 247 177 172 81
1 3600 918
15
243 240 460 471 467 247 244 294 85 82 73 76 379 15 18
1 3600 918
26
413 416 201 196 226 248 167 168 293 294 306 81 82 253 95 98 102 363 361 358 369 366 375 372 45 48
1 3600 68
7
419 416 201 193 190 226 248
1 3600 68
3
416 201 196
1 3600 68
7
157 162 201 198 216 471 165
1 3600 229
13
413 414 423 420 411 207 202 183 180 143 144 236 316
1 3600 918
21
419 414 423 409 207 202 183 180 220 477 239 236 316 291 294 85 82 321 93 98 100
1 3600 918
22
161 162 201 193 190 226 248 167 170 177 172 81 82 253 95 98 104 110 361 358 355 350
1 3600 224
7
159 162 201 198 218 187 184
1 3600 139
12
413 414 423 420 205 195 190 226 248 250 461 462
1 3600 574
13
413 416 201 198 218 240 462 299 225 71 66 279 276
1 3600 918
16
413 414 261 264 205 195 190 226 248 167 170 177 61 64 68 330
1 3600 918
15
416 201 198 216 471 465 299 225 71 66 279 274 282 323 301
1 3600 918
18
470 217 199 193 194 204 411 341 336 429 135 43 40 522 433 434 490 496
1 3600 382
8
221 181 182 203 206 341 336 429
1 3600 483
11
227 191 194 204 411 341 336 7 4 35 36
1 3600 765
19
179 180 143 144 236 316 291 294 85 82 73 74 90 382 517 518 387 384 442
1 3600 918
25
180 220 477 239 236 316 291 294 306 81 82 321 93 98 102 363 361 358 369 364 11 8 45 46 458
1 3600 111
4
227 191 194 204
1 3600 72
3
182 153 150
1 3600 72
8
231 232 221 181 182 203 206 341
1 3600 68
11
180 143 148 239 236 318 293 294 85 82 253
1 3600 262
8
293 294 306 81 82 253 95 98
1 3600 918
18
190 226 248 167 170 177 172 81 82 321 93 98 100 366 375 372 45 46
1 3600 86
6
230 227 197 200 163 160
1 3600 86
3
192 200 263
1 3600 86
8
237 234 249 227 197 200 417 418
1 3600 74
5
199 196 226 231 232
1 3600 89
7
226 248 167 170 177 172 307
1 3600 89
6
239 236 316 291 294 306
1 3600 89
8
192 198 216 471 467 247 177 172
1 3600 89
5
230 248 235 236 316
1 3600 209
13
467 247 177 172 307 85 82 253 95 98 104 108 363
1 3600 918
17
180 143 144 236 318 293 294 85 82 321 93 98 104 110 361 113 116
1 3600 418
4
461 241 187 184
1 3600 51
3
164 465 259
1 3600 139
14
220 233 230 248 250 461 462 299 225 71 66 279 276 328
1 3600 382
10
239 236 316 291 245 177 61 64 68 330
1 3600 918
8
196 226 248 167 170 177 61 58
1 3600 918
15
172 81 86 346 335 336 429 135 43 40 499 489 486 490 496
1 3600 540
9
65 60 172 81 86 345 339 336 429
1 3600 418
11
172 307 85 86 346 335 336 7 4 35 32
1 3600 459
12
294 85 82 73 74 90 382 517 518 387 384 440
1 3600 918
16
294 306 81 82 73 76 379 15 18 13 8 45 46 458 453 450
1 3600 418
11
175 176 244 290 317 237 145 146 150 137 140
1 3600 87
8
70 175 172 81 86 345 339 336
1 3600 33
12
175 172 307 85 82 73 76 379 15 18 125 120
1 3600 84
15
515 291 294 85 82 253 95 98 100 366 375 372 45 46 454
1 3600 540
17
306 81 82 321 93 98 102 363 361 358 369 364 11 8 45 48 54
1 3600 262
9
295 292 169 166 249 227 197 200 163
1 3600 40
6
317 237 238 149 142 181
1 3600 40
4
307 295 245 171
1 3600 97
4
244 290 317 314
1 3600 27
7
294 85 82 253 95 98 100
1 3600 296
12
65 60 172 81 82 321 93 98 104 110 361 113
1 3600 918
9
515 317 237 234 250 217 218 187 184
1 3600 124
3
70 224 298
1 3600 68
6
224 298 463 407 257 254
1 3600 124
6
245 177 174 71 66 478
1 3600 540
10
315 318 293 245 177 61 58 212 286 302
1 3600 918
15
107 105 99 94 252 83 84 295 292 319 237 145 146 150 154
1 3600 918
19
115 112 360 362 103 99 96 381 378 89 90 382 3 4 35 30 40 499 502
1 3600 540
12
369 364 123 124 19 16 510 517 518 387 29 24
1 3600 382
11
115 118 369 366 375 371 123 124 19 20 506
1 3600 918
9
369 366 375 372 45 46 458 453 450
1 3600 918
13
333 69 65 60 176 171 166 235 238 149 146 139 140
1 3600 317
16
115 112 360 111 105 99 96 381 378 77 78 346 335 340 207 202
1 3600 78
6
362 103 99 92 320 83
1 3600 39
6
361 358 369 364 11 8
1 3600 164
9
107 108 363 361 358 369 366 375 376
1 3600 918
16
367 101 99 96 381 378 77 78 345 339 340 410 265 262 163 156
1 3600 180
15
360 111 105 99 94 252 83 80 173 176 246 466 470 217 199
1 3600 52
7
101 99 92 320 83 80 173
1 3600 52
11
362 103 99 94 252 83 84 295 290 317 314
1 3600 116
4
367 368 119 114
1 3600 38
3
367 368 119
1 3600 918
9
333 69 70 224 298 463 241 187 184
1 3600 437
15
360 111 105 99 92 320 83 84 295 292 169 164 465 259 256
1 3600 161
3
333 330 479
1 3600 59
13
362 109 105 99 94 252 83 80 173 174 71 68 309
1 3600 167
19
115 112 360 362 103 99 92 320 83 80 173 61 64 66 279 274 282 323 301
1 3600 918
18
354 359 360 111 105 99 94 252 83 84 295 290 317 237 145 146 150 154
1 3600 918
17
118 369 364 11 12 19 16 510 3 4 427 135 43 40 522 483 484
1 3600 918
14
118 369 364 123 124 19 16 510 517 518 387 29 24 524
1 3600 574
11
118 369 366 375 372 45 46 456 474 445 401
1 3600 835
9
118 369 364 11 8 45 46 458 453
1 3600 918
16
112 360 362 103 99 96 381 378 77 78 346 335 340 410 421 424
1 3600 918
18
57 49 46 458 453 447 401 398 385 29 22 37 34 427 428 337 340 207
1 3600 306
6
352 375 371 11 12 19
1 3600 101
6
117 118 369 364 123 124
1 3600 83
5
57 49 44 373 376
1 3600 918
21
351 354 359 360 111 105 99 96 381 378 89 75 78 345 339 340 410 265 262 163 156
1 3600 706
14
117 112 360 362 103 99 92 320 83 80 173 176 246 466
1 3600 248
16
57 49 44 9 12 19 14 378 77 72 83 84 306 173 174 71
1 3600 32
14
351 352 367 101 99 94 252 83 80 173 61 64 68 332
1 3600 169
8
57 49 44 9 10 365 366 353
1 3600 918
19
112 360 362 109 105 99 92 320 83 84 295 245 171 164 470 217 218 187 184
1 3600 918
18
117 112 360 111 105 99 94 252 83 84 295 292 169 166 250 461 241 187
1 3600 612
12
112 360 362 103 99 92 320 83 80 173 174 224
1 3600 147
18
118 359 360 111 105 99 94 252 83 80 173 174 71 66 279 274 284 439
1 3600 84
14
117 112 360 362 103 99 92 320 83 84 306 173 61 62
1 3600 918
17
185 186 219 199 193 194 206 341 336 429 135 43 40 522 433 436 496
1 3600 918
18
185 186 219 199 193 194 204 411 341 336 429 135 43 40 499 489 486 492
1 3600 918
16
185 186 219 199 193 194 206 341 336 7 4 35 36 23 24 524
1 3600 918
21
185 186 240 460 251 167 168 293 294 85 82 73 74 90 382 517 518 387 384 399 400
1 3600 918
22
185 186 240 462 299 225 175 172 81 82 73 74 90 382 517 518 387 384 399 400 446 450
1 3600 918
10
185 186 219 199 193 179 182 153 139 140
1 3600 918
9
185 186 219 199 193 179 182 153 150
1 3600 918
11
185 186 240 462 464 467 247 244 294 85 86
1 3600 918
24
185 186 240 460 471 467 247 177 172 81 82 73 74 90 382 517 518 387 384 399 400 131 126 534
1 3600 918
19
185 186 240 462 464 165 168 293 294 85 82 73 76 379 15 18 13 8 45
1 3600 114
3
185 186 242
1 3600 164
7
185 186 240 460 251 235 236
1 3600 706
8
185 186 240 462 299 225 175 172
1 3600 918
18
185 186 219 216 471 165 170 177 172 81 82 253 95 98 102 363 361 358
1 3600 918
19
185 186 240 462 464 165 168 293 294 85 82 321 93 98 104 110 361 113 116
1 3600 62
3
185 186 240
1 3600 656
12
185 186 240 462 299 225 71 66 279 276 326 480
1 3600 918
9
185 186 240 462 299 225 71 66 478
1 3600 918
13
185 186 240 462 299 225 71 68 330 313 289 286 302
1 3600 918
9
219 199 193 179 182 153 150 154 430
1 3600 918
17
405 406 460 251 249 227 191 194 204 411 341 336 429 135 43 40 522
1 3600 918
18
462 464 467 247 177 172 81 82 73 74 90 382 517 518 387 384 399 394
1 3600 918
18
186 219 199 193 194 206 341 336 7 4 35 32 50 23 28 384 399 400
1 3600 918
22
258 464 165 170 244 294 85 82 73 74 90 382 517 518 387 384 399 400 131 128 453 450
1 3600 656
12
463 460 251 249 231 232 221 181 182 203 204 421
1 3600 367
6
219 199 193 179 182 222
1 3600 399
9
186 219 199 193 194 206 341 334 348
1 3600 835
20
186 219 216 471 467 247 177 172 81 82 73 76 379 15 18 13 8 45 46 456
1 3600 918
17
258 464 165 168 293 294 85 82 253 95 98 100 366 375 372 45 48
1 3600 139
9
463 460 251 249 227 197 200 163 156
1 3600 40
4
406 460 251 235
1 3600 109
8
219 216 471 165 170 244 294 306
1 3600 418
14
257 258 464 467 247 177 172 81 82 321 93 98 104 106
1 3600 918
15
299 225 175 172 81 82 253 95 98 102 363 361 358 355 350
1 3600 124
4
463 241 187 184
1 3600 137
3
240 407 257
1 3600 42
9
258 299 225 71 66 279 276 326 480
1 3600 296
8
405 406 462 299 225 71 66 478
1 3600 918
8
219 216 251 167 170 177 61 58
1 3600 918
13
278 67 65 60 176 171 166 235 238 149 146 150 154
1 3600 918
17
67 65 60 172 307 85 86 346 335 336 429 135 43 40 522 433 434
1 3600 918
13
469 247 244 294 85 86 345 339 336 7 4 35 32
1 3600 918
16
278 67 70 175 172 81 82 73 74 90 382 517 518 387 384 399
1 3600 918
20
277 278 67 65 60 172 81 82 73 76 379 15 18 13 8 45 46 458 453 450
1 3600 918
15
277 278 67 70 175 176 244 290 317 237 145 146 150 137 140
1 3600 540
10
278 67 65 60 172 307 85 86 345 342
1 3600 353
13
327 277 278 67 70 175 172 81 82 73 74 90 382
1 3600 510
16
285 275 278 67 65 60 172 307 85 82 73 76 379 15 18 125
1 3600 918
20
481 327 277 278 67 70 175 172 81 82 321 93 98 100 366 375 372 45 48 54
1 3600 540
8
298 464 470 217 199 200 417 412
1 3600 99
4
469 247 171 166
1 3600 54
6
278 67 65 60 176 244
1 3600 135
9
255 256 406 460 471 467 247 177 61
1 3600 612
14
469 247 244 294 85 82 253 95 98 102 363 361 358 355
1 3600 918
11
285 275 278 67 70 224 298 463 241 187 184
1 3600 76
8
481 327 277 278 67 70 224 298
1 3600 76
9
327 281 275 278 67 70 224 298 463
1 3600 187
3
481 327 328
1 3600 76
5
274 282 323 324 313
1 3600 76
8
255 258 299 225 71 68 330 325
1 3600 418
8
255 258 299 225 71 68 309 211
1 3600 918
18
215 59 60 172 81 86 346 335 336 429 135 43 40 499 489 486 490 496
1 3600 918
18
331 69 65 60 172 307 85 86 345 339 336 429 135 43 40 499 489 484
1 3600 918
18
311 211 208 59 60 172 81 82 73 74 90 382 517 518 387 29 24 524
1 3600 918
17
215 59 60 172 307 85 82 73 76 89 90 382 517 518 387 384 442
1 3600 918
18
331 69 70 175 172 81 82 73 74 90 382 517 518 387 384 399 400 446
1 3600 918
15
275 278 67 70 175 176 244 292 319 237 238 149 146 139 140
1 3600 835
12
283 275 278 67 65 60 172 307 85 86 346 335
1 3600 399
6
331 69 70 175 172 81
1 3600 353
19
275 278 67 65 60 172 307 85 82 321 93 98 100 364 11 8 45 46 454
1 3600 835
16
289 213 59 60 172 81 82 253 95 98 104 110 361 358 355 356
1 3600 918
12
69 70 175 176 171 166 249 227 197 200 163 158
1 3600 306
11
324 479 67 65 60 176 171 166 249 227 197
1 3600 109
9
479 67 70 175 176 244 290 317 314
1 3600 55
6
438 329 277 278 67 65
1 3600 161
16
311 211 208 59 60 172 307 85 82 321 93 98 100 366 353 350
1 3600 918
11
283 275 278 67 70 224 298 463 241 187 184
1 3600 296
7
311 308 69 70 224 298 463
1 3600 42
7
289 213 59 60 176 246 468
1 3600 139
3
324 313 311
1 3600 44
4
301 287 213 209
1 3600 918
18
287 213 59 60 172 81 86 345 339 336 429 135 43 40 522 433 436 496
1 3600 918
21
303 287 288 312 331 69 70 175 172 307 85 86 346 335 336 429 135 43 40 499 500
1 3600 918
17
213 59 60 172 81 82 73 76 89 90 382 517 518 387 29 24 526
1 3600 918
22
305 300 324 479 67 70 175 172 307 85 82 73 74 90 382 517 518 387 384 399 400 131
1 3600 918
22
305 287 213 214 308 69 65 60 172 81 82 73 76 379 15 18 13 8 45 46 458 453
1 3600 918
13
213 59 60 176 171 166 249 227 191 194 206 408 422
1 3600 918
14
305 287 288 312 479 67 70 175 176 244 290 317 237 145
1 3600 835
16
303 300 322 283 275 278 67 70 175 172 307 85 82 73 76 532
1 3600 510
17
305 287 213 209 210 308 69 65 60 172 81 82 253 95 98 100 364
1 3600 765
16
63 60 172 307 85 82 73 76 379 15 18 13 8 45 48 54
1 3600 918
18
59 60 176 244 292 319 237 238 476 221 181 182 203 204 421 422 415 412
1 3600 918
9
214 308 69 70 175 176 244 290 317
1 3600 418
10
287 288 312 479 67 70 175 176 244 290
1 3600 137
13
287 213 59 60 172 81 82 321 93 98 102 363 361
1 3600 80
25
305 300 322 438 285 280 277 278 67 70 175 172 307 85 82 253 95 98 100 366 375 372 45 48 56
1 3600 918
14
305 287 213 209 210 308 69 70 224 298 463 241 187 184
1 3600 918
10
288 312 479 67 70 224 298 259 256 404
1 3600 399
5
63 64 66 279 276
1 3600 78
3
300 324 331
1 3600 78
3
63 58 214
1 3600 199
4
63 58 212 286
