434
1 3600 314
15
497 437 432 523 41 42 134 428 337 340 207 202 153 150 154
1 3600 37
13
431 155 151 152 203 206 341 336 429 135 43 40 522
1 3600 302
20
431 155 151 147 148 239 236 316 291 294 85 82 73 74 90 382 3 4 35 32
1 3600 818
24
431 155 151 147 144 236 318 293 245 177 172 81 82 73 76 379 15 16 510 517 518 387 384 440
1 3600 818
19
497 491 487 488 498 41 31 34 5 2 511 17 18 13 8 45 46 458 453
1 3600 73
7
155 151 152 203 204 421 424
1 3600 116
4
431 155 151 152
1 3600 341
19
431 155 151 147 142 220 233 230 248 167 170 244 294 85 82 321 93 96 402
1 3600 818
21
497 491 487 482 523 41 42 134 428 337 338 344 79 72 253 95 98 100 364 370 372
1 3600 818
23
497 491 435 432 523 41 42 132 5 2 383 91 88 379 380 97 98 104 110 361 358 355 356
1 3600 629
15
497 491 487 488 498 41 42 134 428 337 340 410 265 262 163
1 3600 545
10
155 151 152 183 178 190 226 248 167 168
1 3600 818
10
155 151 147 148 239 236 316 291 294 306
1 3600 818
17
431 155 151 152 203 206 341 334 347 87 82 321 93 98 102 109 106
1 3600 818
21
155 137 138 147 144 234 167 170 177 172 81 82 253 95 98 104 108 363 361 113 116
1 3600 818
11
431 155 151 152 183 178 192 198 218 187 184
1 3600 818
13
431 155 151 147 142 181 178 192 198 216 461 407 404
1 3600 818
19
155 151 152 203 195 192 196 226 248 250 471 465 299 225 71 66 279 274 284
1 3600 818
17
431 155 151 147 148 239 236 318 293 245 177 61 64 66 279 274 282
1 3600 818
22
497 437 432 523 41 31 36 23 28 386 519 516 383 91 75 72 83 80 173 61 58 212
1 3600 109
17
432 523 41 42 134 426 5 6 337 340 410 205 202 153 150 154 430
1 3600 109
24
495 491 487 488 498 41 42 134 428 337 338 344 87 84 295 290 317 237 238 149 146 150 154 430
1 3600 105
3
503 489 482
1 3600 102
9
523 41 31 36 23 28 384 399 396
1 3600 102
9
498 41 42 132 5 2 517 518 530
1 3600 102
7
501 498 41 31 32 50 23
1 3600 102
13
493 487 488 498 41 42 134 426 5 2 517 518 530
1 3600 190
8
523 41 31 36 23 28 384 399
1 3600 818
15
498 41 42 132 5 2 511 17 18 13 8 45 46 458 453
1 3600 115
11
485 482 523 41 42 134 428 337 340 408 424
1 3600 74
4
428 337 340 207
1 3600 74
4
134 428 337 338
1 3600 70
10
41 31 34 5 2 511 17 18 125 120
1 3600 273
15
435 432 523 41 42 134 428 337 334 347 79 72 321 93 98
1 3600 818
16
503 498 41 31 32 50 23 28 384 399 400 444 475 457 47 48
1 3600 584
8
39 42 134 428 337 340 410 265
1 3600 292
15
42 134 426 5 6 337 334 347 87 80 173 176 171 164 470
1 3600 454
14
41 31 34 5 2 383 91 88 77 72 83 84 295 245
1 3600 818
14
41 42 134 428 337 338 344 87 80 173 174 71 68 332
1 3600 818
16
501 498 41 31 36 23 28 384 399 400 446 452 459 47 48 56
1 3600 818
20
132 5 2 511 17 14 378 77 72 83 84 306 173 174 224 298 463 241 187 184
1 3600 818
9
428 337 340 410 205 195 192 198 218
1 3600 818
18
42 134 428 337 334 347 79 72 83 80 173 61 64 66 279 276 326 480
1 3600 818
19
501 498 41 42 132 5 6 337 338 344 87 84 306 173 174 71 66 478 313
1 3600 818
16
488 498 41 31 34 5 2 383 91 75 72 83 80 173 61 58
1 3600 454
18
516 511 17 14 380 97 92 320 83 84 295 292 319 237 145 146 150 154
1 3600 77
5
30 40 522 433 436
1 3600 77
7
133 43 40 499 489 486 492
1 3600 77
10
527 25 22 37 30 40 522 483 486 492
1 3600 99
4
22 51 33 34
1 3600 90
9
50 23 28 386 519 516 511 509 504
1 3600 90
6
35 32 50 23 28 384
1 3600 90
4
387 384 399 400
1 3600 90
4
516 511 17 20
1 3600 372
10
525 25 28 384 399 400 131 128 453 450
1 3600 389
17
516 383 91 75 72 83 84 295 292 169 166 249 227 197 200 263 260
1 3600 81
11
25 28 386 519 516 383 91 88 77 78 346
1 3600 62
5
531 519 516 511 512
1 3600 62
7
33 34 5 6 337 334 347
1 3600 78
9
529 25 28 384 399 400 131 126 475
1 3600 511
8
395 400 446 452 459 47 48 52
1 3600 818
12
525 25 22 37 34 5 6 337 340 408 422 415
1 3600 372
17
527 25 28 386 519 516 383 91 75 72 83 80 173 176 246 466 470
1 3600 341
19
395 400 444 475 457 47 44 373 371 365 101 99 94 252 83 80 307 295 245
1 3600 511
11
531 519 516 511 17 18 125 122 370 374 367
1 3600 818
10
5 2 511 17 18 13 10 365 368 119
1 3600 818
20
531 519 516 383 91 88 77 72 83 84 306 173 176 171 164 465 463 241 187 184
1 3600 818
16
519 516 383 91 75 72 83 84 295 290 317 237 234 250 461 462
1 3600 818
13
33 34 427 428 337 338 344 87 80 173 176 246 468
1 3600 818
19
28 386 519 516 511 17 14 380 97 92 320 83 80 173 174 71 68 309 310
1 3600 818
22
525 25 28 386 519 516 383 91 88 77 72 83 84 306 173 61 64 66 478 325 301 304
1 3600 818
15
443 385 386 519 516 3 6 337 340 207 202 153 150 154 430
1 3600 204
5
508 510 3 4 427
1 3600 48
6
401 398 385 29 22 51
1 3600 48
5
441 385 29 22 37
1 3600 84
9
131 128 459 47 44 9 12 19 20
1 3600 818
19
507 21 14 378 77 72 83 84 295 290 317 237 238 476 221 143 146 139 140
1 3600 263
23
399 400 131 126 475 457 47 44 373 374 367 368 359 360 111 105 99 94 252 73 78 345 342
1 3600 66
16
400 446 452 459 47 44 9 10 365 368 359 360 362 103 99 94
1 3600 34
3
21 18 520
1 3600 136
6
441 399 400 131 128 459
1 3600 818
11
398 385 386 519 516 3 6 337 340 410 265
1 3600 629
18
385 386 519 516 383 91 75 72 83 80 307 295 292 169 166 249 227 191
1 3600 409
15
475 457 47 44 373 374 367 101 99 92 320 83 80 173 176
1 3600 372
10
507 508 17 18 125 122 365 368 119 114
1 3600 629
9
505 21 14 380 97 98 100 366 353
1 3600 818
24
128 459 47 44 9 10 370 374 367 101 99 94 252 83 84 295 245 246 466 470 217 218 187 184
1 3600 818
25
126 475 457 47 44 373 371 365 368 359 360 111 105 99 92 320 83 80 173 174 224 298 259 256 404
1 3600 818
20
130 401 398 385 386 519 516 383 91 75 72 83 84 306 173 61 64 66 279 276
1 3600 818
18
443 385 386 519 516 383 91 88 77 72 83 80 173 174 71 68 330 313
1 3600 818
25
130 446 452 459 47 44 9 10 370 374 367 368 359 360 362 103 99 94 252 83 84 306 173 61 58
1 3600 818
22
451 452 459 47 44 9 12 19 14 378 77 78 346 335 340 410 205 202 153 150 154 430
1 3600 818
12
453 447 401 398 385 29 22 37 30 40 522 433
1 3600 273
4
129 130 401 396
1 3600 29
9
452 459 47 44 9 12 19 16 509
1 3600 818
21
452 459 47 44 373 371 365 101 99 96 381 378 89 75 78 345 339 340 410 421 422
1 3600 818
25
459 47 44 373 374 367 368 359 360 362 109 105 99 92 320 83 84 295 292 169 166 249 227 191 194
1 3600 302
10
459 47 44 9 10 365 101 99 96 402
1 3600 102
7
452 459 47 44 9 10 123
1 3600 84
4
459 47 48 54
1 3600 818
13
447 401 398 385 386 519 516 3 6 337 340 410 265
1 3600 818
15
459 47 44 9 12 19 14 378 77 72 83 80 307 295 292
1 3600 818
15
452 129 130 401 398 385 386 519 516 383 91 75 72 83 80
1 3600 629
9
459 47 44 373 374 367 368 119 114
1 3600 681
6
451 452 459 47 48 56
1 3600 818
21
453 447 401 398 385 29 22 51 33 34 427 428 337 340 207 195 192 198 218 187 184
1 3600 818
25
451 452 459 47 44 9 10 365 368 359 360 362 103 99 94 252 83 84 306 173 176 171 164 465 463
1 3600 818
20
451 452 459 47 44 373 374 367 101 99 92 320 83 80 173 174 71 66 279 276
1 3600 818
24
129 130 401 398 385 386 519 516 383 91 75 72 83 84 306 173 61 64 66 279 274 284 439 323
1 3600 818
21
459 47 44 9 12 19 14 378 77 72 83 80 173 174 71 68 309 215 212 286 302
1 3600 103
12
411 341 336 429 135 43 40 499 489 486 490 496
1 3600 109
15
141 138 152 203 204 411 341 336 429 135 43 40 522 433 434
1 3600 355
18
138 147 144 236 316 291 294 85 82 73 74 90 382 517 518 387 29 26
1 3600 818
22
141 136 151 152 183 180 220 233 230 248 167 170 177 172 81 82 73 76 379 15 20 504
1 3600 818
30
410 205 195 190 226 248 167 168 293 294 85 82 253 95 98 102 363 361 358 369 366 375 371 11 8 45 46 458 453 450
1 3600 120
5
409 207 202 153 139
1 3600 43
3
138 152 203
1 3600 43
3
411 341 338
1 3600 154
7
341 334 347 79 74 90 382
1 3600 629
20
425 422 261 262 201 198 216 471 467 247 177 172 81 82 321 93 98 100 366 375
1 3600 818
27
420 205 195 179 180 220 477 239 236 316 291 294 85 82 253 95 98 104 110 361 358 369 364 370 372 45 46
1 3600 55
10
136 151 147 142 181 178 192 200 417 412
1 3600 79
5
138 147 144 236 318
1 3600 327
12
410 265 262 201 196 226 248 250 461 462 299 225
1 3600 818
13
415 416 201 196 226 248 167 170 177 61 64 68 332
1 3600 818
23
261 262 201 198 216 471 467 247 244 294 306 81 82 321 93 98 100 364 11 8 45 48 56
1 3600 818
9
425 409 207 195 192 198 218 187 184
1 3600 584
10
141 136 151 152 183 178 192 198 218 187
1 3600 818
11
425 420 205 195 190 226 248 250 471 465 299
1 3600 818
13
138 147 148 239 236 316 291 245 177 174 71 66 478
1 3600 818
11
205 195 190 226 248 167 170 177 61 58 212
1 3600 195
5
202 153 150 154 430
1 3600 41
9
339 336 429 135 43 40 499 489 486
1 3600 91
6
339 336 7 4 35 36
1 3600 273
13
334 347 79 76 379 15 18 13 8 45 46 456 474
1 3600 818
20
338 344 79 76 379 380 97 98 102 363 361 358 369 366 375 372 45 46 458 453
1 3600 26
3
335 340 410
1 3600 74
4
340 207 202 153
1 3600 31
13
151 147 144 236 318 293 294 85 82 73 74 88 379
1 3600 31
3
344 79 76
1 3600 151
9
206 341 336 7 2 511 17 18 125
1 3600 818
19
148 239 236 316 291 294 306 81 82 253 95 98 100 364 11 8 45 48 54
1 3600 106
4
337 340 410 265
1 3600 30
5
147 144 234 167 164
1 3600 82
10
152 183 180 220 477 239 236 318 293 245
1 3600 314
12
343 344 87 82 321 93 98 104 110 361 113 114
1 3600 818
12
347 79 74 88 379 15 18 13 8 45 48 56
1 3600 818
12
344 87 84 295 245 246 466 470 461 241 187 184
1 3600 409
10
337 334 347 87 80 173 174 224 298 463
1 3600 629
9
337 334 347 87 84 306 173 174 224
1 3600 818
11
195 192 198 218 240 462 299 225 71 68 309
1 3600 818
10
151 147 148 239 234 167 170 177 61 62
1 3600 629
16
17 14 378 77 72 83 84 295 290 317 237 145 146 150 154 430
1 3600 87
9
121 124 19 16 510 3 4 133 134
1 3600 76
9
320 73 74 90 382 517 518 387 29
1 3600 76
6
4 35 32 50 23 24
1 3600 75
10
381 378 89 90 382 517 518 387 384 399
1 3600 511
8
382 517 518 387 384 399 400 446
1 3600 199
8
14 378 89 75 78 346 335 340
1 3600 69
4
83 86 345 342
1 3600 69
13
77 72 83 80 173 176 171 166 249 227 197 193 194
1 3600 69
5
75 78 345 339 336
1 3600 69
5
320 83 86 345 342
1 3600 59
6
320 73 76 89 90 382
1 3600 66
5
76 379 15 18 520
1 3600 66
9
517 518 387 384 399 400 444 475 472
1 3600 66
5
379 380 97 98 104
1 3600 66
7
2 511 17 14 380 97 98
1 3600 255
9
380 97 98 102 363 361 358 355 356
1 3600 341
8
513 510 3 6 337 340 410 265
1 3600 63
10
97 94 252 83 84 295 292 169 166 249
1 3600 69
3
83 80 307
1 3600 69
9
513 17 14 378 77 72 83 80 173
1 3600 86
15
14 378 89 75 72 83 84 306 173 61 64 66 478 331 332
1 3600 389
9
79 72 253 95 98 100 366 353 350
1 3600 818
17
513 17 14 378 77 72 83 84 295 245 246 466 470 461 241 187 184
1 3600 481
11
97 92 320 83 80 173 176 171 164 465 259
1 3600 454
10
83 80 173 174 71 66 279 276 326 480
1 3600 481
10
72 83 84 306 173 61 64 66 279 274
1 3600 818
11
89 75 72 83 80 173 61 58 212 286 304
1 3600 818
21
363 361 358 369 366 375 371 123 124 19 16 510 3 4 133 43 40 522 433 436 496
1 3600 314
17
109 105 99 94 252 73 78 346 335 336 429 135 43 40 499 489 484
1 3600 90
5
474 445 401 398 385
1 3600 36
8
103 99 96 381 15 16 509 504
1 3600 157
7
370 372 45 46 458 453 450
1 3600 744
9
99 92 320 73 78 346 335 340 408
1 3600 154
15
109 105 99 94 252 83 84 295 290 317 237 238 149 146 150
1 3600 47
12
455 47 44 9 10 365 101 99 92 320 73 78
1 3600 47
5
371 123 124 19 16
1 3600 47
3
103 99 94
1 3600 70
7
521 13 8 45 46 456 472
1 3600 32
3
374 353 356
1 3600 818
22
371 365 368 359 360 111 105 99 92 320 83 84 295 292 169 166 249 227 197 200 417 418
1 3600 227
17
122 365 101 99 94 252 83 80 307 295 290 317 237 238 476 233 230
1 3600 80
7
99 92 320 83 80 173 174
1 3600 41
9
457 47 44 373 374 367 368 359 360
1 3600 118
5
104 110 361 358 355
1 3600 818
22
455 456 474 445 401 398 385 29 22 37 34 5 6 337 340 207 195 192 198 218 187 184
1 3600 818
16
521 19 16 510 383 91 75 72 83 84 306 173 176 246 466 465
1 3600 629
12
373 374 367 101 99 94 252 83 80 173 174 224
1 3600 389
10
99 92 320 83 84 306 173 61 58 214
1 3600 629
13
105 99 94 252 83 80 173 174 71 68 309 211 208
1 3600 818
21
55 49 46 456 474 127 130 401 398 385 29 22 51 33 30 40 522 483 486 490 496
1 3600 818
10
44 9 12 19 16 510 3 4 133 43
1 3600 409
10
357 352 367 364 123 124 19 16 510 517
1 3600 106
12
377 371 123 124 19 16 510 517 518 387 384 440
1 3600 93
6
377 372 45 46 458 453
1 3600 818
16
456 474 445 401 398 385 386 519 516 3 6 337 340 410 421 424
1 3600 744
9
49 44 9 12 19 16 510 3 6
1 3600 173
8
377 371 123 124 19 16 510 3
1 3600 47
4
55 49 44 9
1 3600 47
4
47 44 9 12
1 3600 170
4
49 44 373 376
1 3600 818
21
377 371 365 368 359 360 362 103 99 96 381 378 77 78 345 339 340 408 422 415 418
1 3600 818
21
47 44 9 10 365 368 359 360 111 105 99 92 320 83 84 295 245 171 166 250 471
1 3600 372
12
53 49 44 373 374 367 101 99 94 252 83 80
1 3600 122
8
377 374 367 368 359 360 111 106
1 3600 71
8
53 49 44 9 10 365 368 119
1 3600 818
21
53 49 44 373 374 367 101 99 92 320 83 84 295 292 169 164 470 461 241 187 184
1 3600 818
23
458 129 130 401 398 385 386 519 516 383 91 75 72 83 80 173 176 246 466 465 463 407 257
1 3600 818
24
456 474 127 130 401 398 385 386 519 516 383 91 75 72 83 84 306 173 174 71 66 279 274 284
1 3600 681
19
44 9 10 365 368 359 360 362 103 99 94 252 83 80 173 61 58 209 210
1 3600 681
21
49 44 373 374 367 101 99 92 320 83 84 306 173 61 64 66 478 313 289 213 209
1 3600 818
9
162 263 264 205 202 153 150 154 430
1 3600 545
10
162 263 264 411 341 336 429 135 43 40
1 3600 818
8
264 411 341 336 7 2 517 518
1 3600 818
14
263 264 411 341 336 7 2 517 518 387 384 399 400 444
1 3600 818
22
162 201 196 226 248 167 168 293 294 85 82 321 93 98 100 364 11 8 45 46 458 453
1 3600 54
5
264 205 202 153 139
1 3600 88
7
161 162 417 414 423 409 341
1 3600 255
9
243 240 462 464 467 247 177 172 81
1 3600 818
15
243 240 460 471 467 247 244 294 85 82 73 76 379 15 18
1 3600 818
26
413 416 201 196 226 248 167 168 293 294 306 81 82 253 95 98 102 363 361 358 369 366 375 372 45 48
1 3600 61
7
419 416 201 193 190 226 248
1 3600 61
3
416 201 196
1 3600 61
7
157 162 201 198 216 471 165
1 3600 204
13
413 414 423 420 411 207 202 183 180 143 144 236 316
1 3600 818
21
419 414 423 409 207 202 183 180 220 477 239 236 316 291 294 85 82 321 93 98 100
1 3600 818
22
161 162 201 193 190 226 248 167 170 177 172 81 82 253 95 98 104 110 361 358 355 350
1 3600 199
7
159 162 201 198 218 187 184
1 3600 123
12
413 414 423 420 205 195 190 226 248 250 461 462
1 3600 511
13
413 416 201 198 218 240 462 299 225 71 66 279 276
1 3600 818
16
413 414 261 264 205 195 190 226 248 167 170 177 61 64 68 330
1 3600 818
15
416 201 198 216 471 465 299 225 71 66 279 274 282 323 301
1 3600 818
18
470 217 199 193 194 204 411 341 336 429 135 43 40 522 433 434 490 496
1 3600 341
8
221 181 182 203 206 341 336 429
1 3600 430
11
227 191 194 204 411 341 336 7 4 35 36
1 3600 681
19
179 180 143 144 236 316 291 294 85 82 73 74 90 382 517 518 387 384 442
1 3600 818
25
180 220 477 239 236 316 291 294 306 81 82 321 93 98 102 363 361 358 369 364 11 8 45 46 458
1 3600 98
4
227 191 194 204
1 3600 64
3
182 153 150
1 3600 64
8
231 232 221 181 182 203 206 341
1 3600 61
11
180 143 148 239 236 318 293 294 85 82 253
1 3600 234
8
293 294 306 81 82 253 95 98
1 3600 818
18
190 226 248 167 170 177 172 81 82 321 93 98 100 366 375 372 45 46
1 3600 77
6
230 227 197 200 163 160
1 3600 77
3
192 200 263
1 3600 77
8
237 234 249 227 197 200 417 418
1 3600 66
5
199 196 226 231 232
1 3600 80
7
226 248 167 170 177 172 307
1 3600 80
6
239 236 316 291 294 306
1 3600 80
8
192 198 216 471 467 247 177 172
1 3600 80
5
230 248 235 236 316
1 3600 186
13
467 247 177 172 307 85 82 253 95 98 104 108 363
1 3600 818
17
180 143 144 236 318 293 294 85 82 321 93 98 104 110 361 113 116
1 3600 372
4
461 241 187 184
1 3600 45
3
164 465 259
1 3600 123
14
220 233 230 248 250 461 462 299 225 71 66 279 276 328
1 3600 341
10
239 236 316 291 245 177 61 64 68 330
1 3600 818
8
196 226 248 167 170 177 61 58
1 3600 818
15
172 81 86 346 335 336 429 135 43 40 499 489 486 490 496
1 3600 481
9
65 60 172 81 86 345 339 336 429
1 3600 372
11
172 307 85 86 346 335 336 7 4 35 32
1 3600 409
12
294 85 82 73 74 90 382 517 518 387 384 440
1 3600 818
16
294 306 81 82 73 76 379 15 18 13 8 45 46 458 453 450
1 3600 372
11
175 176 244 290 317 237 145 146 150 137 140
1 3600 77
8
70 175 172 81 86 345 339 336
1 3600 30
12
175 172 307 85 82 73 76 379 15 18 125 120
1 3600 75
15
515 291 294 85 82 253 95 98 100 366 375 372 45 46 454
1 3600 481
17
306 81 82 321 93 98 102 363 361 358 369 364 11 8 45 48 54
1 3600 234
9
295 292 169 166 249 227 197 200 163
1 3600 36
6
317 237 238 149 142 181
1 3600 36
4
307 295 245 171
1 3600 87
4
244 290 317 314
1 3600 24
7
294 85 82 253 95 98 100
1 3600 263
12
65 60 172 81 82 321 93 98 104 110 361 113
1 3600 818
9
515 317 237 234 250 217 218 187 184
1 3600 110
3
70 224 298
1 3600 61
6
224 298 463 407 257 254
1 3600 110
6
245 177 174 71 66 478
1 3600 481
10
315 318 293 245 177 61 58 212 286 302
1 3600 818
15
107 105 99 94 252 83 84 295 292 319 237 145 146 150 154
1 3600 818
19
115 112 360 362 103 99 96 381 378 89 90 382 3 4 35 30 40 499 502
1 3600 481
12
369 364 123 124 19 16 510 517 518 387 29 24
1 3600 341
11
115 118 369 366 375 371 123 124 19 20 506
1 3600 818
9
369 366 375 372 45 46 458 453 450
1 3600 818
13
333 69 65 60 176 171 166 235 238 149 146 139 140
1 3600 282
16
115 112 360 111 105 99 96 381 378 77 78 346 335 340 207 202
1 3600 70
6
362 103 99 92 320 83
1 3600 35
6
361 358 369 364 11 8
1 3600 146
9
107 108 363 361 358 369 366 375 376
1 3600 818
16
367 101 99 96 381 378 77 78 345 339 340 410 265 262 163 156
1 3600 160
15
360 111 105 99 94 252 83 80 173 176 246 466 470 217 199
1 3600 46
7
101 99 92 320 83 80 173
1 3600 46
11
362 103 99 94 252 83 84 295 290 317 314
1 3600 103
4
367 368 119 114
1 3600 34
3
367 368 119
1 3600 818
9
333 69 70 224 298 463 241 187 184
1 3600 389
15
360 111 105 99 92 320 83 84 295 292 169 164 465 259 256
1 3600 143
3
333 330 479
1 3600 52
13
362 109 105 99 94 252 83 80 173 174 71 68 309
1 3600 148
19
115 112 360 362 103 99 92 320 83 80 173 61 64 66 279 274 282 323 301
1 3600 818
18
354 359 360 111 105 99 94 252 83 84 295 290 317 237 145 146 150 154
1 3600 818
17
118 369 364 11 12 19 16 510 3 4 427 135 43 40 522 483 484
1 3600 818
14
118 369 364 123 124 19 16 510 517 518 387 29 24 524
1 3600 511
11
118 369 366 375 372 45 46 456 474 445 401
1 3600 744
9
118 369 364 11 8 45 46 458 453
1 3600 818
16
112 360 362 103 99 96 381 378 77 78 346 335 340 410 421 424
1 3600 818
18
57 49 46 458 453 447 401 398 385 29 22 37 34 427 428 337 340 207
1 3600 273
6
352 375 371 11 12 19
1 3600 90
6
117 118 369 364 123 124
1 3600 74
5
57 49 44 373 376
1 3600 818
21
351 354 359 360 111 105 99 96 381 378 89 75 78 345 339 340 410 265 262 163 156
1 3600 629
14
117 112 360 362 103 99 92 320 83 80 173 176 246 466
1 3600 221
16
57 49 44 9 12 19 14 378 77 72 83 84 306 173 174 71
1 3600 29
14
351 352 367 101 99 94 252 83 80 173 61 64 68 332
1 3600 151
8
57 49 44 9 10 365 366 353
1 3600 818
19
112 360 362 109 105 99 92 320 83 84 295 245 171 164 470 217 218 187 184
1 3600 818
18
117 112 360 111 105 99 94 252 83 84 295 292 169 166 250 461 241 187
1 3600 545
12
112 360 362 103 99 92 320 83 80 173 174 224
1 3600 131
18
118 359 360 111 105 99 94 252 83 80 173 174 71 66 279 274 284 439
1 3600 75
14
117 112 360 362 103 99 92 320 83 84 306 173 61 62
1 3600 818
17
185 186 219 199 193 194 206 341 336 429 135 43 40 522 433 436 496
1 3600 818
18
185 186 219 199 193 194 204 411 341 336 429 135 43 40 499 489 486 492
1 3600 818
16
185 186 219 199 193 194 206 341 336 7 4 35 36 23 24 524
1 3600 818
21
185 186 240 460 251 167 168 293 294 85 82 73 74 90 382 517 518 387 384 399 400
1 3600 818
22
185 186 240 462 299 225 175 172 81 82 73 74 90 382 517 518 387 384 399 400 446 450
1 3600 818
10
185 186 219 199 193 179 182 153 139 140
1 3600 818
9
185 186 219 199 193 179 182 153 150
1 3600 818
11
185 186 240 462 464 467 247 244 294 85 86
1 3600 818
24
185 186 240 460 471 467 247 177 172 81 82 73 74 90 382 517 518 387 384 399 400 131 126 534
1 3600 818
19
185 186 240 462 464 165 168 293 294 85 82 73 76 379 15 18 13 8 45
1 3600 102
3
185 186 242
1 3600 146
7
185 186 240 460 251 235 236
1 3600 629
8
185 186 240 462 299 225 175 172
1 3600 818
18
185 186 219 216 471 165 170 177 172 81 82 253 95 98 102 363 361 358
1 3600 818
19
185 186 240 462 464 165 168 293 294 85 82 321 93 98 104 110 361 113 116
1 3600 55
3
185 186 240
1 3600 584
12
185 186 240 462 299 225 71 66 279 276 326 480
1 3600 818
9
185 186 240 462 299 225 71 66 478
1 3600 818
13
185 186 240 462 299 225 71 68 330 313 289 286 302
1 3600 818
9
219 199 193 179 182 153 150 154 430
1 3600 818
17
405 406 460 251 249 227 191 194 204 411 341 336 429 135 43 40 522
1 3600 818
18
462 464 467 247 177 172 81 82 73 74 90 382 517 518 387 384 399 394
1 3600 818
18
186 219 199 193 194 206 341 336 7 4 35 32 50 23 28 384 399 400
1 3600 818
22
258 464 165 170 244 294 85 82 73 74 90 382 517 518 387 384 399 400 131 128 453 450
1 3600 584
12
463 460 251 249 231 232 221 181 182 203 204 421
1 3600 327
6
219 199 193 179 182 222
1 3600 355
9
186 219 199 193 194 206 341 334 348
1 3600 744
20
186 219 216 471 467 247 177 172 81 82 73 76 379 15 18 13 8 45 46 456
1 3600 818
17
258 464 165 168 293 294 85 82 253 95 98 100 366 375 372 45 48
1 3600 123
9
463 460 251 249 227 197 200 163 156
1 3600 36
4
406 460 251 235
1 3600 97
8
219 216 471 165 170 244 294 306
1 3600 372
14
257 258 464 467 247 177 172 81 82 321 93 98 104 106
1 3600 818
15
299 225 175 172 81 82 253 95 98 102 363 361 358 355 350
1 3600 110
4
463 241 187 184
1 3600 122
3
240 407 257
1 3600 38
9
258 299 225 71 66 279 276 326 480
1 3600 263
8
405 406 462 299 225 71 66 478
1 3600 818
8
219 216 251 167 170 177 61 58
1 3600 818
13
278 67 65 60 176 171 166 235 238 149 146 150 154
1 3600 818
17
67 65 60 172 307 85 86 346 335 336 429 135 43 40 522 433 434
1 3600 818
13
469 247 244 294 85 86 345 339 336 7 4 35 32
1 3600 818
16
278 67 70 175 172 81 82 73 74 90 382 517 518 387 384 399
1 3600 818
20
277 278 67 65 60 172 81 82 73 76 379 15 18 13 8 45 46 458 453 450
1 3600 818
15
277 278 67 70 175 176 244 290 317 237 145 146 150 137 140
1 3600 481
10
278 67 65 60 172 307 85 86 345 342
1 3600 314
13
327 277 278 67 70 175 172 81 82 73 74 90 382
1 3600 454
16
285 275 278 67 65 60 172 307 85 82 73 76 379 15 18 125
1 3600 818
20
481 327 277 278 67 70 175 172 81 82 321 93 98 100 366 375 372 45 48 54
1 3600 481
8
298 464 470 217 199 200 417 412
1 3600 88
4
469 247 171 166
1 3600 48
6
278 67 65 60 176 244
1 3600 120
9
255 256 406 460 471 467 247 177 61
1 3600 545
14
469 247 244 294 85 82 253 95 98 102 363 361 358 355
1 3600 818
11
285 275 278 67 70 224 298 463 241 187 184
1 3600 68
8
481 327 277 278 67 70 224 298
1 3600 68
9
327 281 275 278 67 70 224 298 463
1 3600 166
3
481 327 328
1 3600 68
5
274 282 323 324 313
1 3600 68
8
255 258 299 225 71 68 330 325
1 3600 372
8
255 258 299 225 71 68 309 211
1 3600 818
18
215 59 60 172 81 86 346 335 336 429 135 43 40 499 489 486 490 496
1 3600 818
18
331 69 65 60 172 307 85 86 345 339 336 429 135 43 40 499 489 484
1 3600 818
18
311 211 208 59 60 172 81 82 73 74 90 382 517 518 387 29 24 524
1 3600 818
17
215 59 60 172 307 85 82 73 76 89 90 382 517 518 387 384 442
1 3600 818
18
331 69 70 175 172 81 82 73 74 90 382 517 518 387 384 399 400 446
1 3600 818
15
275 278 67 70 175 176 244 292 319 237 238 149 146 139 140
1 3600 744
12
283 275 278 67 65 60 172 307 85 86 346 335
1 3600 355
6
331 69 70 175 172 81
1 3600 314
19
275 278 67 65 60 172 307 85 82 321 93 98 100 364 11 8 45 46 454
1 3600 744
16
289 213 59 60 172 81 82 253 95 98 104 110 361 358 355 356
1 3600 818
12
69 70 175 176 171 166 249 227 197 200 163 158
1 3600 273
11
324 479 67 65 60 176 171 166 249 227 197
1 3600 97
9
479 67 70 175 176 244 290 317 314
1 3600 49
6
438 329 277 278 67 65
1 3600 143
16
311 211 208 59 60 172 307 85 82 321 93 98 100 366 353 350
1 3600 818
11
283 275 278 67 70 224 298 463 241 187 184
1 3600 263
7
311 308 69 70 224 298 463
1 3600 38
7
289 213 59 60 176 246 468
1 3600 123
3
324 313 311
1 3600 39
4
301 287 213 209
1 3600 818
18
287 213 59 60 172 81 86 345 339 336 429 135 43 40 522 433 436 496
1 3600 818
21
303 287 288 312 331 69 70 175 172 307 85 86 346 335 336 429 135 43 40 499 500
1 3600 818
17
213 59 60 172 81 82 73 76 89 90 382 517 518 387 29 24 526
1 3600 818
22
305 300 324 479 67 70 175 172 307 85 82 73 74 90 382 517 518 387 384 399 400 131
1 3600 818
22
305 287 213 214 308 69 65 60 172 81 82 73 76 379 15 18 13 8 45 46 458 453
1 3600 818
13
213 59 60 176 171 166 249 227 191 194 206 408 422
1 3600 818
14
305 287 288 312 479 67 70 175 176 244 290 317 237 145
1 3600 744
16
303 300 322 283 275 278 67 70 175 172 307 85 82 73 76 532
1 3600 454
17
305 287 213 209 210 308 69 65 60 172 81 82 253 95 98 100 364
1 3600 681
16
63 60 172 307 85 82 73 76 379 15 18 13 8 45 48 54
1 3600 818
18
59 60 176 244 292 319 237 238 476 221 181 182 203 204 421 422 415 412
1 3600 818
9
214 308 69 70 175 176 244 290 317
1 3600 372
10
287 288 312 479 67 70 175 176 244 290
1 3600 122
13
287 213 59 60 172 81 82 321 93 98 102 363 361
1 3600 71
25
305 300 322 438 285 280 277 278 67 70 175 172 307 85 82 253 95 98 100 366 375 372 45 48 56
1 3600 818
14
305 287 213 209 210 308 69 70 224 298 463 241 187 184
1 3600 818
10
288 312 479 67 70 224 298 259 256 404
1 3600 355
5
63 64 66 279 276
1 3600 70
3
300 324 331
1 3600 70
3
63 58 214
1 3600 177
4
63 58 212 286
