323
1 3600 270
4
441 397 398 231
1 3600 30
10
397 395 265 262 179 176 415 416 506 37
1 3600 270
8
443 397 271 261 262 179 180 186
1 3600 514
12
397 395 265 262 179 180 184 471 313 310 468 486
1 3600 514
25
441 397 395 392 231 234 248 359 356 89 77 72 78 455 39 42 21 16 62 115 112 69 70 150 446
1 3600 514
15
441 397 395 269 261 262 179 180 182 198 171 169 164 459 456
1 3600 47
6
234 243 240 252 386 492
1 3600 109
5
234 243 238 244 389
1 3600 514
10
397 395 265 262 179 176 321 314 309 75
1 3600 514
21
234 248 359 356 89 90 306 308 315 316 471 41 42 21 16 64 127 130 197 189 190
1 3600 514
27
441 397 271 261 262 179 180 182 198 258 173 153 137 135 132 121 122 124 130 371 368 349 352 147 148 155 156
1 3600 514
30
234 248 386 488 507 417 414 321 318 477 185 182 198 256 167 164 141 99 100 108 53 50 129 130 412 432 349 350 221 215
1 3600 514
13
441 397 398 401 406 421 419 389 57 58 461 47 48
1 3600 514
12
443 397 395 392 231 234 243 240 250 382 61 54
1 3600 514
23
397 395 265 262 179 180 184 471 313 21 16 64 127 130 197 192 3 4 426 428 512 97 94
1 3600 514
29
397 395 269 261 262 179 180 182 198 171 153 137 111 106 71 68 129 130 371 368 439 363 360 207 210 119 116 290 378
1 3600 102
5
273 263 264 394 396
1 3600 102
4
260 270 396 440
1 3600 125
7
387 249 235 230 393 269 266
1 3600 125
10
268 392 231 234 248 359 356 329 327 305
1 3600 119
11
34 89 77 72 80 41 42 21 18 259 256
1 3600 119
11
28 507 417 414 321 316 185 182 198 256 474
1 3600 119
7
33 30 34 89 90 306 308
1 3600 119
14
398 401 406 25 22 237 240 254 385 382 409 93 77 74
1 3600 119
5
305 306 308 315 318
1 3600 119
8
305 306 308 315 318 477 185 186
1 3600 147
9
34 89 77 72 80 313 310 466 472
1 3600 514
16
30 36 507 417 414 177 180 182 198 258 173 169 164 459 103 104
1 3600 514
16
34 89 77 72 78 455 39 42 21 16 62 115 109 101 102 456
1 3600 75
7
355 358 253 241 236 23 24
1 3600 134
7
325 305 91 92 408 383 384
1 3600 134
6
489 387 253 250 382 409
1 3600 134
10
262 179 176 321 314 309 75 76 92 408
1 3600 134
9
36 489 387 253 254 385 382 409 391
1 3600 134
3
323 326 328
1 3600 270
10
267 261 262 179 176 321 314 309 75 72
1 3600 514
19
507 417 414 321 316 471 313 21 16 64 121 122 124 130 412 367 277 7 2
1 3600 514
24
395 265 262 179 180 182 198 171 169 164 141 142 139 111 108 112 129 130 371 201 202 216 223 157
1 3600 514
26
273 179 180 184 471 41 42 21 16 62 132 127 130 412 432 349 350 347 219 209 210 155 156 222 290 380
1 3600 514
8
323 305 91 92 391 57 58 464
1 3600 514
13
398 231 232 405 406 25 26 423 419 389 390 408 61
1 3600 514
25
262 179 180 182 198 258 173 153 67 64 121 122 124 130 371 368 439 435 436 510 97 85 82 334 342
1 3600 514
26
265 262 179 180 182 198 256 167 164 141 99 104 151 71 68 129 130 412 432 349 352 147 148 119 116 290
1 3600 467
12
20 43 38 454 79 73 76 88 357 358 249 235
1 3600 116
9
163 168 170 199 183 181 178 263 260
1 3600 116
9
469 311 312 81 73 74 307 304 326
1 3600 116
6
39 40 470 317 320 415
1 3600 116
9
257 199 183 181 176 415 416 506 489
1 3600 116
12
40 470 476 319 314 309 307 91 88 35 31 32
1 3600 116
5
259 199 183 181 178
1 3600 66
3
183 181 176
1 3600 127
5
163 164 459 103 100
1 3600 127
7
198 258 19 16 62 115 53
1 3600 127
5
471 313 310 468 484
1 3600 127
7
311 21 16 66 137 138 174
1 3600 127
8
75 72 80 41 42 21 16 62
1 3600 127
5
171 153 137 111 108
1 3600 127
6
311 21 16 62 115 53
1 3600 302
11
311 21 18 173 169 164 459 451 452 447 444
1 3600 514
10
318 477 185 182 198 256 167 164 459 456
1 3600 302
14
475 257 199 183 184 317 314 309 307 91 88 357 358 249
1 3600 70
7
38 454 79 73 76 92 391
1 3600 107
3
40 81 73
1 3600 155
5
42 21 16 64 121
1 3600 214
18
477 471 313 21 16 64 127 130 197 194 366 432 439 363 360 207 210 119
1 3600 514
16
177 180 182 198 171 153 137 135 132 121 122 124 130 371 201 202
1 3600 514
10
454 79 73 76 92 391 57 58 461 47
1 3600 395
21
180 182 198 258 173 169 164 141 99 100 106 71 68 129 130 197 192 3 4 375 372
1 3600 514
21
316 471 41 42 21 16 64 127 130 412 432 349 350 221 215 216 290 293 294 287 288
1 3600 514
22
167 164 141 142 139 111 108 53 50 129 130 371 368 439 363 360 147 148 155 156 222 290
1 3600 514
15
63 17 20 312 470 476 319 320 415 416 506 489 387 249 235
1 3600 155
12
172 19 20 43 40 470 317 314 309 307 304 322
1 3600 115
6
134 136 152 170 199 183
1 3600 115
10
165 168 172 19 20 312 470 476 319 314
1 3600 115
8
458 165 166 257 199 183 184 476
1 3600 115
3
170 199 183
1 3600 115
6
165 168 172 19 20 310
1 3600 115
6
175 139 136 67 17 20
1 3600 112
9
145 142 139 135 63 17 20 310 466
1 3600 112
3
175 143 99
1 3600 102
7
153 137 111 106 150 444 480
1 3600 102
3
115 112 69
1 3600 102
6
161 145 99 104 444 478
1 3600 514
3
164 459 456
1 3600 514
15
168 172 19 20 43 40 81 73 76 88 357 358 253 241 242
1 3600 257
13
165 166 257 199 183 181 176 415 416 506 489 387 253
1 3600 257
12
161 145 142 139 136 67 17 20 43 38 454 79
1 3600 116
8
161 145 142 139 135 132 121 122
1 3600 116
11
145 99 104 151 71 68 129 130 197 189 190
1 3600 108
15
100 108 53 50 129 130 412 432 349 352 207 210 155 156 226
1 3600 108
12
161 145 142 139 135 132 127 130 371 368 439 435
1 3600 514
8
132 121 122 124 130 371 201 202
1 3600 514
21
161 145 140 165 168 170 199 183 184 317 314 309 307 91 92 408 61 58 461 47 48
1 3600 270
12
142 139 136 67 17 20 312 81 73 76 92 410
1 3600 467
15
108 112 129 130 197 194 277 7 4 426 428 512 97 94 297
1 3600 514
18
153 67 64 127 130 412 432 439 363 364 510 97 85 82 334 303 287 282
1 3600 514
14
450 458 165 166 257 199 183 181 178 263 264 394 396 440
1 3600 514
15
447 151 107 110 136 152 172 259 199 183 181 178 263 264 392
1 3600 223
10
495 481 445 105 98 140 165 168 170 199
1 3600 70
13
452 447 151 71 68 113 114 63 17 20 310 468 486
1 3600 70
3
71 68 51
1 3600 70
8
483 447 151 71 68 51 52 114
1 3600 155
3
150 444 480
1 3600 91
4
445 446 453 448
1 3600 514
22
481 445 151 107 110 135 63 17 20 43 38 454 79 73 76 88 357 358 253 241 238 244
1 3600 514
13
68 113 114 63 17 20 312 470 317 314 309 307 91
1 3600 514
11
483 447 105 100 110 136 67 17 20 312 81
1 3600 205
8
481 445 151 71 68 129 125 123
1 3600 58
8
129 130 412 432 349 350 347 219
1 3600 58
11
452 447 151 71 68 129 130 371 368 349 350
1 3600 343
10
483 447 151 71 68 129 130 371 201 202
1 3600 514
20
105 98 140 165 166 257 199 183 184 476 319 314 309 307 91 92 391 57 58 461
1 3600 514
19
450 458 165 168 172 259 199 183 181 176 415 416 506 489 387 253 250 382 61
1 3600 467
20
151 71 68 129 130 197 192 516 377 374 426 428 512 97 94 339 337 334 342 514
1 3600 514
17
450 103 100 108 53 50 129 130 412 432 349 352 147 148 119 116 290
1 3600 514
15
449 450 458 165 168 170 199 183 181 178 263 260 270 396 442
1 3600 514
11
449 450 458 165 166 257 199 183 181 178 274
1 3600 514
11
449 452 447 151 107 110 136 67 17 20 43
1 3600 270
14
449 452 447 151 107 108 114 63 17 20 310 468 486 473
1 3600 64
4
457 103 100 106
1 3600 428
3
449 450 456
1 3600 514
19
457 458 165 168 172 19 20 43 38 454 79 73 76 88 357 358 249 13 14
1 3600 514
18
457 103 100 110 135 132 65 17 20 312 81 73 74 307 304 326 328 357
1 3600 514
16
449 452 447 105 98 140 165 168 172 19 20 43 38 454 79 73
1 3600 514
10
457 103 100 108 112 129 130 197 189 190
1 3600 102
13
449 452 447 151 71 68 129 130 412 432 349 350 347
1 3600 177
18
457 103 100 108 53 50 129 130 371 368 439 363 360 207 210 155 156 222
1 3600 514
21
449 450 458 165 168 170 199 183 184 317 314 309 75 76 92 408 61 58 461 47 44
1 3600 514
15
449 452 447 151 71 68 129 130 197 194 277 7 4 375 372
1 3600 514
20
457 103 100 108 112 129 130 197 192 3 4 426 428 509 510 97 94 339 340 299
1 3600 514
20
457 103 100 108 53 50 129 130 412 432 349 350 221 215 216 290 293 294 287 282
1 3600 145
8
493 387 249 235 230 399 396 440
1 3600 145
5
405 400 399 396 440
1 3600 137
5
15 12 248 359 354
1 3600 137
7
242 235 230 393 394 271 266
1 3600 270
8
248 359 356 89 90 306 308 315
1 3600 514
15
240 252 359 356 89 77 72 78 455 39 42 21 18 173 169
1 3600 514
13
244 389 390 93 77 72 80 313 21 16 62 115 112
1 3600 514
22
403 406 421 419 245 239 240 252 386 488 507 417 414 177 180 182 198 171 169 164 459 456
1 3600 83
4
406 25 26 423
1 3600 137
6
243 240 254 385 382 409
1 3600 137
4
26 423 419 389
1 3600 137
4
239 240 252 359
1 3600 137
6
15 8 425 423 419 389
1 3600 137
6
491 387 253 250 382 409
1 3600 137
7
26 424 9 12 248 359 356
1 3600 514
11
15 12 248 359 356 329 327 305 306 75 72
1 3600 514
23
8 237 240 252 386 488 507 417 414 321 316 471 313 21 16 64 121 122 124 130 197 189 190
1 3600 514
22
11 8 23 24 421 419 389 390 93 77 72 78 455 39 42 21 16 64 127 130 371 368
1 3600 514
32
403 404 233 234 248 359 356 89 90 306 308 315 318 477 471 313 21 16 62 132 121 122 124 130 412 432 349 352 147 148 119 116
1 3600 514
9
26 423 419 389 57 58 461 47 44
1 3600 514
29
25 22 237 240 252 386 488 507 417 414 177 180 182 198 258 173 153 137 135 132 127 130 197 194 277 7 4 375 372
1 3600 514
26
26 424 9 12 248 359 356 89 77 72 80 41 42 21 16 64 121 122 124 130 371 368 439 435 436 510
1 3600 514
33
12 248 359 356 329 327 305 306 308 315 316 471 313 21 16 64 127 130 412 432 439 363 364 508 512 97 85 82 334 342 301 287 284
1 3600 177
5
88 357 358 249 235
1 3600 51
5
241 242 235 230 393
1 3600 51
3
386 488 507
1 3600 68
9
356 89 77 72 78 455 39 42 310
1 3600 234
14
89 90 306 308 315 318 477 185 182 198 256 167 164 459
1 3600 514
14
93 90 306 308 315 316 185 182 198 171 153 137 111 106
1 3600 514
16
382 409 93 77 72 80 41 42 21 18 173 169 164 459 451 448
1 3600 48
6
255 241 236 425 27 24
1 3600 48
6
251 241 238 244 418 420
1 3600 71
3
385 382 409
1 3600 84
5
382 409 93 77 72
1 3600 428
22
255 252 386 488 507 417 414 321 318 477 471 313 21 16 62 132 121 122 124 130 197 192
1 3600 514
19
356 329 327 305 306 75 72 78 455 39 42 21 16 64 127 130 371 368 439
1 3600 514
22
35 36 507 417 414 177 180 182 198 171 153 67 62 132 121 122 124 130 371 201 202 216
1 3600 205
4
391 57 58 461
1 3600 343
4
385 382 61 58
1 3600 514
29
385 382 409 93 77 72 80 313 21 16 64 127 130 412 432 349 350 347 219 209 210 155 156 222 290 293 294 287 288
1 3600 514
32
89 90 306 308 315 316 185 182 198 258 173 153 137 135 132 121 122 124 130 371 368 349 352 207 210 119 116 290 293 294 287 282
1 3600 514
10
74 308 315 320 177 178 263 264 394 396
1 3600 125
9
74 308 315 320 177 178 263 260 266
1 3600 50
10
74 308 315 318 477 185 182 198 256 474
1 3600 116
7
78 455 39 42 310 468 484
1 3600 514
15
74 308 315 316 185 182 198 256 167 164 141 99 104 444 478
1 3600 514
12
80 41 42 21 16 66 137 111 101 102 451 448
1 3600 395
6
73 76 92 391 388 418
1 3600 41
3
76 92 408
1 3600 91
15
72 78 455 39 42 21 16 62 115 53 50 129 130 197 192
1 3600 285
10
80 313 21 16 64 127 130 412 432 349
1 3600 514
18
72 78 455 39 42 21 16 64 121 122 124 130 371 201 202 216 290 380
1 3600 151
8
73 76 92 408 61 58 461 47
1 3600 166
5
74 307 91 92 410
1 3600 514
23
74 308 315 318 477 471 313 21 16 62 115 112 129 130 412 367 277 7 4 426 428 512 97
1 3600 514
21
80 313 21 16 62 132 127 130 371 368 439 435 436 510 97 85 82 334 303 287 282
1 3600 514
15
123 120 65 66 152 172 259 199 183 181 178 263 264 394 396
1 3600 367
14
65 17 20 43 40 470 476 319 320 415 416 506 29 32
1 3600 98
6
123 120 65 66 152 172
1 3600 34
6
120 65 17 20 310 466
1 3600 177
7
133 134 111 106 150 446 453
1 3600 514
10
193 196 131 128 51 52 109 101 102 456
1 3600 514
15
120 65 66 152 170 199 183 181 178 263 260 268 392 401 402
1 3600 270
17
123 120 133 63 17 20 312 470 317 314 309 307 304 326 328 357 358
1 3600 122
9
123 120 65 17 20 43 40 81 73
1 3600 234
7
121 122 124 130 197 189 190
1 3600 25
10
3 4 426 428 509 365 360 207 208 218
1 3600 514
12
377 374 426 428 509 365 360 147 148 155 156 222
1 3600 302
23
191 188 196 131 126 133 63 17 20 312 470 476 319 314 309 307 91 92 391 57 58 461 47
1 3600 49
20
65 17 20 43 40 470 317 320 415 416 506 489 387 253 254 385 382 61 58 462
1 3600 155
11
377 374 426 428 512 97 85 82 334 342 301
1 3600 514
16
127 130 412 432 349 350 221 209 210 119 116 290 293 294 287 284
1 3600 514
20
438 369 370 131 126 133 134 136 152 172 259 199 183 181 178 263 264 394 396 440
1 3600 514
19
206 353 348 433 413 131 126 65 17 20 43 38 454 79 73 74 307 304 324
1 3600 234
11
131 128 113 114 63 17 20 312 470 476 319
1 3600 166
15
227 157 154 149 146 361 362 438 369 370 131 128 51 52 109
1 3600 166
7
370 131 128 113 109 101 102
1 3600 166
11
348 433 413 131 126 65 17 20 310 468 486
1 3600 171
14
229 225 157 154 211 208 220 351 348 433 413 131 128 69
1 3600 171
9
200 370 131 128 69 70 150 444 478
1 3600 171
10
438 433 413 131 128 69 70 150 446 482
1 3600 171
15
118 149 146 353 348 369 370 131 128 69 70 150 444 480 494
1 3600 214
11
205 200 370 131 128 51 52 109 101 102 456
1 3600 514
30
345 346 351 348 433 413 131 125 123 120 133 134 138 143 140 165 166 257 199 183 181 178 263 260 270 398 231 232 405 402
1 3600 514
24
374 5 6 276 195 196 131 126 133 134 136 152 170 199 183 181 176 415 416 506 489 387 253 250
1 3600 514
11
413 131 125 123 120 65 17 20 312 81 73
1 3600 174
7
361 362 438 369 370 131 125
1 3600 174
10
154 211 206 361 364 508 429 427 5 2
1 3600 174
7
206 353 348 433 413 131 125
1 3600 174
7
346 351 348 369 370 131 126
1 3600 159
5
362 438 433 413 131
1 3600 159
4
5 6 276 195
1 3600 159
6
130 371 368 439 363 360
1 3600 142
3
225 222 217
1 3600 142
4
213 216 290 380
1 3600 514
20
348 369 370 131 126 133 63 17 20 43 38 454 79 73 76 92 391 57 58 461
1 3600 158
25
149 146 361 362 438 433 413 131 125 123 120 65 17 20 312 470 317 314 309 307 91 92 408 61 58
1 3600 158
19
128 113 114 134 136 152 172 259 199 183 184 476 319 314 309 75 76 92 410
1 3600 190
6
202 216 290 293 296 87
1 3600 190
9
228 227 222 290 293 298 341 337 332
1 3600 190
5
219 209 206 361 364
1 3600 190
10
368 439 435 436 510 97 85 82 334 303
1 3600 190
6
277 7 4 426 428 512
1 3600 270
13
426 428 509 510 97 94 339 337 334 342 301 287 284
1 3600 514
26
381 291 217 203 200 370 131 128 51 52 109 101 98 140 165 166 257 199 183 181 178 263 264 394 396 442
1 3600 514
25
381 291 217 214 220 351 348 433 367 195 196 131 126 133 63 17 20 43 40 470 317 314 309 307 304
1 3600 514
15
203 200 370 131 125 123 120 65 66 152 170 199 183 181 176
1 3600 428
10
214 218 346 351 348 433 413 131 128 51
1 3600 223
14
117 118 149 146 353 348 369 370 131 128 69 70 150 446
1 3600 171
13
214 220 351 348 433 413 131 128 113 109 101 102 456
1 3600 514
19
203 200 370 131 126 133 63 17 20 312 470 476 319 320 415 416 506 489 490
1 3600 514
28
381 293 296 95 96 513 429 427 375 376 517 193 196 131 125 123 120 65 17 20 43 40 81 73 76 88 357 358
1 3600 514
16
214 218 346 351 348 433 413 131 126 65 17 20 43 38 454 79
1 3600 514
11
117 118 211 206 361 364 508 429 427 375 376
1 3600 32
10
216 223 157 154 149 146 361 364 508 429
1 3600 467
3
216 290 380
1 3600 514
40
381 293 298 341 338 95 96 511 508 429 427 5 2 193 196 131 128 69 70 107 110 136 152 172 259 199 183 184 317 314 309 307 91 92 391 57 58 461 47 48
1 3600 514
39
117 118 211 206 361 362 438 369 370 131 125 123 120 133 134 138 143 140 165 166 257 199 183 181 176 415 416 506 37 34 357 358 253 254 385 382 61 58 462
1 3600 198
5
216 290 293 296 95
1 3600 205
6
216 290 293 294 287 282
1 3600 514
12
46 460 59 56 388 418 422 27 24 407 404 233
1 3600 467
10
45 46 460 59 56 388 418 420 407 400
1 3600 367
18
460 59 60 383 251 252 386 488 507 417 414 177 180 182 198 171 169 162
1 3600 467
19
49 46 460 59 60 409 93 90 306 308 315 316 185 182 198 258 173 153 67
1 3600 514
21
46 460 59 56 390 93 90 306 308 315 318 477 185 182 198 256 167 164 141 99 104
1 3600 514
20
460 59 60 383 251 252 386 488 507 417 414 177 180 182 198 171 169 164 459 456
1 3600 514
11
49 46 460 59 56 388 418 422 27 24 407
1 3600 116
6
49 46 460 59 60 409
1 3600 177
6
465 59 56 390 93 77
1 3600 257
20
460 59 60 409 93 77 72 78 455 39 42 21 16 64 121 122 124 130 197 192
1 3600 367
21
460 59 56 390 93 77 72 80 41 42 21 16 62 115 53 50 129 130 197 194 277
1 3600 514
35
45 46 460 59 60 383 384 255 252 386 488 507 417 414 177 180 182 198 258 173 153 137 135 115 112 129 130 412 432 349 352 147 148 119 116
1 3600 343
4
49 46 460 464
1 3600 43
4
46 460 59 54
1 3600 467
28
465 59 56 390 93 90 306 308 315 316 471 313 21 16 64 127 130 371 368 439 435 436 510 97 85 82 334 342
1 3600 514
35
45 46 460 59 60 409 93 77 72 78 455 39 42 21 16 64 121 122 124 130 197 194 277 7 4 426 428 512 97 94 339 337 334 303 287
1 3600 514
23
278 5 6 276 195 196 131 128 113 114 134 136 152 170 199 183 181 178 263 260 268 392 231
1 3600 514
22
373 376 191 188 196 131 128 69 70 150 105 98 140 165 166 257 199 183 181 178 263 264
1 3600 343
9
463 59 56 390 93 90 306 308 315
1 3600 223
9
373 374 5 2 193 196 131 126 133
1 3600 514
13
373 374 5 6 276 195 196 131 128 69 70 150 446
1 3600 514
14
281 278 5 2 193 196 131 128 69 70 150 446 453 448
1 3600 514
23
431 428 509 437 434 438 433 413 131 125 123 120 65 17 20 312 81 73 76 88 357 358 249
1 3600 302
21
281 278 5 6 276 366 413 131 126 133 63 17 20 43 38 454 79 73 76 92 391
1 3600 321
17
431 427 375 376 191 188 196 131 125 123 120 65 17 20 312 81 73
1 3600 68
24
463 59 60 383 251 241 242 235 230 399 271 261 262 179 180 182 198 171 153 137 135 132 121 122
1 3600 64
6
281 278 426 428 509 365
1 3600 514
34
463 59 60 383 384 255 252 386 488 507 417 414 177 180 182 198 256 167 164 141 142 139 111 108 53 50 129 130 412 432 349 350 221 215
1 3600 66
7
411 391 57 58 461 47 48
1 3600 97
29
373 374 5 2 193 196 131 128 51 52 109 110 136 152 172 259 199 183 181 176 415 416 506 489 387 253 250 382 61
1 3600 72
8
281 278 426 428 512 97 94 297
1 3600 72
27
463 59 56 390 93 77 72 80 313 21 16 62 132 127 130 371 368 349 352 207 210 155 156 222 290 293 298
1 3600 514
36
55 60 383 251 252 359 356 329 327 305 306 308 315 318 477 471 41 42 21 16 64 121 122 124 130 412 432 439 363 360 147 148 119 116 290 378
1 3600 514
30
333 83 84 96 511 437 434 438 369 370 131 128 113 114 134 138 143 140 165 168 170 199 183 181 178 263 260 270 396 442
1 3600 514
25
335 83 84 96 513 509 437 434 438 369 370 131 126 133 63 66 152 172 259 199 183 181 178 263 260
1 3600 514
28
333 336 340 299 292 291 223 157 154 149 146 353 348 433 413 131 125 123 120 65 17 20 43 40 470 476 319 320
1 3600 321
15
338 95 96 511 437 434 438 369 370 131 128 51 52 109 110
1 3600 514
13
96 513 429 427 5 6 276 195 196 131 128 69 70
1 3600 514
13
511 365 362 438 433 413 131 128 113 109 101 102 456
1 3600 514
27
297 292 291 217 203 200 370 131 126 133 63 17 20 43 38 454 79 73 76 88 357 358 249 13 8 23 24
1 3600 514
30
292 291 117 118 211 208 220 351 348 433 413 131 125 123 120 65 17 20 312 470 317 314 309 307 304 326 328 357 358 253
1 3600 514
19
333 83 84 96 513 509 437 434 438 369 370 131 126 65 17 20 43 40 81
1 3600 190
10
429 427 5 2 193 196 131 125 123 120
1 3600 138
7
302 335 83 84 96 511 437
1 3600 138
14
342 301 295 292 291 223 157 154 149 146 353 348 433 367
1 3600 138
12
515 301 295 292 291 117 118 211 208 220 351 348
1 3600 138
8
519 513 509 365 360 207 210 155
1 3600 138
5
296 95 96 513 429
1 3600 321
5
289 286 295 292 291
1 3600 514
35
336 340 299 292 291 217 203 200 370 131 128 69 70 150 105 98 140 165 166 257 199 183 184 476 319 314 309 307 91 92 391 57 58 461 47
1 3600 128
8
335 83 84 96 511 508 429 430
1 3600 128
9
515 343 335 83 84 96 513 429 430
1 3600 128
23
437 434 438 433 413 131 128 51 52 114 63 17 20 43 38 454 79 73 76 92 408 61 58
1 3600 128
10
341 338 95 96 511 508 429 427 279 280
1 3600 131
4
343 335 83 84
1 3600 107
4
82 334 303 287
1 3600 514
27
379 291 223 157 154 211 206 353 348 433 413 131 126 133 134 136 152 170 199 183 181 178 263 264 394 396 440
1 3600 514
28
291 117 118 149 146 361 362 438 369 370 131 128 69 70 107 110 138 143 140 165 168 172 259 199 183 181 178 272
1 3600 514
22
283 286 295 292 291 217 214 218 346 351 348 433 413 131 128 113 109 101 98 140 165 162
1 3600 514
21
285 286 295 292 291 223 157 154 211 206 353 348 369 370 131 125 123 120 65 66 152
1 3600 514
9
291 217 203 200 370 131 128 69 70
1 3600 514
25
285 286 300 343 335 336 338 95 96 513 429 427 5 6 276 195 196 131 128 69 70 150 446 453 448
1 3600 514
28
379 291 117 118 149 146 361 362 438 433 413 131 126 133 134 136 152 170 199 183 181 178 263 264 394 398 401 404
1 3600 514
32
285 286 302 335 83 84 96 511 508 429 427 375 376 191 188 196 131 125 123 120 65 17 20 312 470 317 314 309 307 91 88 357
1 3600 514
24
285 286 295 292 291 223 157 154 211 208 220 351 348 433 413 131 126 133 63 17 20 312 81 73
1 3600 514
13
379 291 117 118 211 206 361 364 508 429 427 5 2
1 3600 112
3
291 217 203
1 3600 198
5
285 286 295 292 380
1 3600 514
38
283 286 300 343 335 83 86 95 96 513 429 427 5 6 276 195 196 131 128 51 52 114 63 17 20 43 38 454 79 73 76 92 391 57 58 461 47 48
1 3600 428
10
286 302 335 83 84 96 511 508 429 430
1 3600 62
7
379 293 298 341 338 95 96
1 3600 514
5
379 293 294 287 282
