1016
1 3600 115
3
904 9 6
1 3600 94
6
573 570 337 338 975 976
1 3600 94
4
9 4 975 976
1 3600 237
9
336 571 43 38 730 587 413 410 691
1 3600 758
14
3 8 873 870 961 962 835 421 415 301 298 937 929 865
1 3600 758
16
975 701 411 414 424 566 620 805 291 292 542 652 883 673 674 685
1 3600 758
22
905 777 571 43 40 727 730 587 413 301 302 805 417 418 651 652 883 667 657 499 500 506
1 3600 758
33
517 520 961 962 835 832 840 355 352 549 259 61 62 435 430 159 154 176 713 707 505 163 164 131 124 688 719 716 809 467 460 245 248
1 3600 758
26
9 2 338 975 701 691 692 945 941 929 865 868 988 75 25 20 331 334 881 877 878 721 697 698 663 660
1 3600 758
33
43 38 730 587 413 414 422 428 53 56 435 436 858 711 707 708 181 182 828 333 330 398 408 891 405 406 643 475 471 468 619 617 601
1 3600 758
44
573 570 776 515 520 961 962 835 832 838 857 851 849 847 844 775 772 541 542 652 883 667 657 135 119 120 493 127 124 688 735 203 169 170 679 676 593 27 30 698 765 762 115 116
1 3600 758
32
4 975 701 691 692 947 943 941 929 865 783 778 934 988 75 70 823 489 283 284 297 195 192 323 324 447 444 598 545 546 257 252
1 3600 80
9
7 8 905 777 571 43 40 727 728
1 3600 80
3
43 38 728
1 3600 85
9
570 776 515 520 961 962 835 832 840
1 3600 292
14
573 43 40 727 730 587 413 414 422 428 261 258 45 46
1 3600 506
10
870 961 962 835 832 838 861 859 851 849
1 3600 758
12
2 338 975 701 691 692 947 937 929 865 868 988
1 3600 758
22
2 336 571 43 38 730 587 413 301 302 805 291 288 771 772 781 778 934 988 75 72 820
1 3600 758
32
870 961 962 835 421 424 566 620 805 417 418 651 652 883 667 657 135 132 198 579 167 160 510 533 179 182 828 333 330 21 22 112
1 3600 758
27
975 701 411 301 302 433 430 842 849 713 707 505 502 181 182 205 200 173 170 679 680 335 330 398 305 147 144
1 3600 758
38
336 571 43 40 727 730 587 413 414 424 566 620 805 291 292 542 652 883 667 657 499 500 506 552 715 153 139 142 611 608 680 335 330 21 18 36 892 615
1 3600 758
24
997 975 701 691 692 945 941 929 865 868 988 75 70 703 35 19 22 87 88 615 612 275 276 725
1 3600 758
28
7 8 873 870 961 962 835 832 838 861 711 707 708 535 179 182 828 333 330 21 22 110 892 615 612 275 278 340
1 3600 758
9
997 5 8 873 870 961 962 229 226
1 3600 758
10
3 8 905 515 520 961 962 645 225 230
1 3600 758
15
7 2 336 571 43 38 730 587 413 414 422 426 549 45 48
1 3600 758
13
7 4 975 701 411 301 298 937 929 865 783 778 930
1 3600 758
39
573 43 40 727 730 587 413 414 422 428 53 56 435 430 159 154 176 713 649 652 883 667 657 135 132 198 604 513 491 127 124 688 735 736 828 105 106 449 452
1 3600 758
20
975 701 691 692 947 943 941 929 865 868 988 75 72 820 852 825 67 64 919 920
1 3600 758
44
573 43 38 730 587 413 301 302 805 417 418 651 652 883 667 657 135 119 120 500 506 556 563 564 909 577 529 273 270 319 320 33 28 720 875 217 218 296 285 282 439 113 87 88
1 3600 758
39
997 975 701 411 414 424 566 620 805 806 842 849 847 803 771 772 541 542 648 707 505 502 181 182 205 169 170 679 680 335 330 21 18 36 892 615 612 275 280
1 3600 35
4
977 974 5 6
1 3600 36
5
701 691 692 950 954
1 3600 281
5
701 691 692 945 942
1 3600 758
12
701 411 301 302 805 417 418 651 652 883 667 668
1 3600 758
21
977 701 691 692 947 937 929 865 783 780 541 542 652 883 667 657 135 132 198 579 167
1 3600 758
29
977 701 411 414 422 428 53 56 435 430 159 154 176 713 707 708 535 532 131 124 688 719 153 150 137 142 611 606 634
1 3600 758
38
977 701 411 414 424 568 53 58 62 435 436 858 711 649 652 883 667 657 499 493 127 128 506 552 836 463 464 906 815 816 531 526 457 458 265 262 661 662
1 3600 758
34
977 701 411 301 302 805 291 292 542 648 707 505 163 164 131 124 688 719 716 809 311 95 90 269 270 319 316 661 662 765 623 197 190 475
1 3600 758
28
701 691 692 945 941 929 865 783 778 934 988 75 25 20 398 408 749 741 742 217 222 624 377 359 362 759 345 348
1 3600 758
46
701 411 414 424 237 232 620 805 417 418 651 652 895 687 684 675 671 657 135 119 120 500 506 556 563 564 909 577 529 526 457 458 704 525 522 583 584 103 98 116 972 757 758 766 830 912
1 3600 111
9
977 974 339 3 8 873 870 961 962
1 3600 51
7
977 701 411 414 422 426 353
1 3600 112
5
701 411 414 422 428
1 3600 244
14
977 974 339 336 776 515 520 961 962 835 832 838 857 851
1 3600 758
8
701 691 692 947 937 929 865 868
1 3600 758
18
977 701 691 692 945 941 929 865 783 778 934 988 75 72 820 852 825 67
1 3600 758
17
977 701 411 301 302 433 430 842 849 713 707 505 502 181 182 828 105
1 3600 758
38
701 691 692 947 937 929 865 783 780 541 542 652 883 667 657 135 119 122 888 603 604 513 510 533 179 182 737 203 200 173 170 679 676 593 594 755 752 655
1 3600 758
47
974 5 8 873 517 520 961 962 835 832 838 861 711 649 652 883 667 657 499 493 127 124 688 559 555 552 836 463 460 245 248 270 319 320 665 661 662 765 762 639 640 327 328 617 391 392 396
1 3600 758
26
977 701 411 301 302 805 291 288 771 772 781 778 934 988 75 70 823 489 439 113 87 88 615 612 275 276
1 3600 758
21
977 701 691 692 945 941 929 865 868 988 75 70 703 35 36 892 615 612 275 278 340
1 3600 758
13
977 974 339 336 776 789 792 519 520 961 962 229 226
1 3600 758
11
977 974 5 8 873 870 961 962 835 832 838
1 3600 758
11
977 701 411 414 422 428 261 61 51 44 550
1 3600 758
28
977 974 339 336 571 43 40 727 730 587 413 414 424 566 55 56 435 430 159 154 176 847 844 775 772 781 778 930
1 3600 758
19
977 701 411 301 302 433 436 851 849 713 707 708 181 182 828 105 106 449 452
1 3600 758
17
701 691 692 947 937 929 865 868 988 75 72 820 852 825 67 64 919
1 3600 758
37
977 701 411 414 424 566 620 805 417 418 651 652 883 667 657 135 132 198 579 167 164 131 124 688 719 153 139 142 611 608 680 335 330 21 22 87 88
1 3600 758
34
977 974 339 336 571 43 38 730 587 413 301 302 805 291 292 542 648 707 505 502 535 179 182 828 333 330 21 22 110 892 615 612 275 280
1 3600 237
10
411 412 586 731 39 42 570 776 515 516
1 3600 48
6
957 951 693 690 700 976
1 3600 118
3
692 950 954
1 3600 52
6
957 951 945 941 929 865
1 3600 52
6
691 692 947 937 929 865
1 3600 194
24
411 414 422 428 53 58 62 435 430 159 154 176 847 803 747 651 652 883 667 657 135 119 122 888
1 3600 474
16
955 951 945 942 299 302 805 806 842 849 713 707 708 181 182 737
1 3600 758
25
955 951 947 943 941 929 865 783 780 541 542 652 883 667 657 499 500 506 556 563 560 813 141 142 611
1 3600 758
40
695 692 945 942 299 302 805 291 292 542 652 883 667 657 135 132 198 579 580 513 510 131 124 688 735 203 169 170 679 676 593 596 751 748 891 655 403 406 297 294
1 3600 758
22
953 951 947 937 929 865 868 988 75 25 20 398 305 211 212 473 468 619 329 324 379 375
1 3600 758
31
411 414 422 428 53 56 435 436 858 711 707 505 502 181 182 205 169 170 679 680 881 877 878 875 217 222 624 377 359 362 759
1 3600 758
44
945 942 299 302 805 417 418 651 652 883 667 657 135 119 120 493 127 128 506 552 715 716 809 810 611 606 634 593 27 30 698 765 623 197 192 494 619 617 391 392 396 209 15 12
1 3600 292
8
785 695 690 411 414 420 834 963
1 3600 86
6
787 695 690 411 412 586
1 3600 41
7
787 695 690 411 414 424 568
1 3600 58
9
953 951 947 943 941 929 865 783 780
1 3600 316
12
957 951 945 942 937 929 865 783 780 541 542 648
1 3600 690
14
951 947 299 302 805 417 175 176 713 707 708 535 179 182
1 3600 758
10
945 941 929 865 868 988 75 70 823 489
1 3600 758
39
411 414 424 566 620 805 291 292 542 652 883 667 657 135 132 198 579 167 164 131 124 688 719 153 150 137 142 611 608 680 881 877 745 738 752 890 149 144 886
1 3600 758
19
955 951 947 937 929 865 783 778 934 988 75 70 703 35 19 22 87 88 615
1 3600 758
40
953 951 947 299 302 805 417 418 651 652 883 667 657 499 500 506 556 563 564 909 906 815 575 529 526 457 458 265 266 522 662 765 762 639 377 375 372 444 598 207
1 3600 758
19
953 951 945 941 929 865 868 988 75 25 18 36 892 615 612 275 276 343 340
1 3600 758
10
785 695 690 411 414 420 834 645 225 226
1 3600 758
11
787 695 690 411 414 422 426 353 354 841 838
1 3600 758
6
411 414 422 426 549 550
1 3600 758
12
787 695 692 947 937 929 865 783 778 934 988 992
1 3600 758
20
953 951 945 942 299 302 433 436 858 711 707 505 502 181 182 828 105 106 449 454
1 3600 758
16
951 945 941 929 865 868 988 75 72 820 852 825 67 64 919 920
1 3600 758
21
692 947 299 302 805 806 159 154 176 713 707 708 181 182 828 333 330 21 22 87 88
1 3600 758
38
411 301 302 805 291 288 771 772 541 542 652 883 667 657 135 119 120 493 127 124 688 735 203 200 173 170 679 680 335 330 21 18 36 892 615 612 275 280
1 3600 758
12
942 299 300 412 586 731 726 41 42 570 337 338
1 3600 399
5
940 944 693 690 700
1 3600 27
7
867 864 928 936 946 950 956
1 3600 103
4
942 937 929 865
1 3600 22
9
299 302 805 417 418 651 652 895 896
1 3600 131
20
929 865 783 780 541 542 652 883 667 657 135 132 198 604 513 510 131 124 688 559
1 3600 446
19
783 780 541 542 652 883 667 657 499 500 506 552 836 463 466 810 611 608 678
1 3600 758
21
865 783 780 541 542 648 707 505 163 164 131 124 688 719 716 809 311 95 92 248 270
1 3600 758
20
943 941 929 865 868 988 75 72 820 852 825 489 283 286 477 471 468 619 617 601
1 3600 758
40
929 865 783 780 773 770 747 651 652 883 667 657 135 119 120 500 506 556 563 564 909 577 529 526 457 319 316 661 583 584 103 98 116 972 757 758 363 364 387 380
1 3600 758
29
867 783 778 934 988 75 70 703 35 19 20 398 408 891 405 406 643 191 192 323 324 379 359 360 795 255 250 910 914
1 3600 758
17
929 865 783 780 773 774 845 846 848 850 856 839 833 834 645 239 240
1 3600 271
10
299 302 621 55 58 60 258 548 353 354
1 3600 85
13
865 783 780 773 770 747 419 157 158 431 434 63 51
1 3600 25
4
865 783 780 541
1 3600 89
5
783 780 541 542 648
1 3600 237
6
937 929 865 868 988 75
1 3600 690
15
942 299 302 433 430 842 849 713 707 708 535 179 182 828 333
1 3600 758
27
783 780 541 542 652 883 667 657 499 493 127 124 688 719 153 139 142 611 606 634 593 596 751 748 149 144 884
1 3600 758
31
783 780 773 770 747 651 648 707 505 502 181 182 205 169 170 679 676 593 27 28 697 698 765 623 624 640 327 328 617 391 392
1 3600 758
12
929 865 868 988 75 25 22 87 88 615 612 275
1 3600 758
17
783 778 934 988 75 70 823 489 439 113 110 892 615 612 275 278 340
1 3600 758
9
936 299 300 414 420 834 229 224 646
1 3600 758
11
299 302 433 436 858 860 839 833 834 229 230
1 3600 758
9
942 299 302 621 567 568 261 258 550
1 3600 632
7
943 941 929 865 868 988 992
1 3600 758
18
942 299 302 805 806 842 850 858 711 707 708 181 182 828 105 106 449 454
1 3600 758
14
865 783 778 934 988 75 72 820 852 825 67 64 919 920
1 3600 758
30
299 302 805 806 159 154 176 713 649 652 883 667 657 135 132 198 579 167 160 510 533 179 182 828 333 330 21 22 87 88
1 3600 758
13
867 868 988 75 70 703 35 36 892 615 612 275 280
1 3600 758
13
672 882 653 648 710 860 839 833 834 963 960 521 514
1 3600 758
18
959 889 123 118 134 656 666 882 653 543 293 290 804 303 300 410 700 976
1 3600 217
17
133 134 656 666 882 653 543 540 781 782 864 928 940 944 693 694 786
1 3600 71
9
666 882 653 543 540 781 782 864 928
1 3600 71
13
659 656 666 882 653 650 746 771 772 781 782 864 928
1 3600 71
15
959 603 199 133 134 656 666 882 653 543 540 781 782 864 928
1 3600 86
3
987 605 602
1 3600 88
5
671 657 135 119 120
1 3600 88
9
883 667 657 135 132 198 604 513 510
1 3600 88
4
603 579 580 513
1 3600 88
6
683 684 675 671 657 499
1 3600 88
8
801 675 671 657 135 132 198 579
1 3600 88
11
672 667 657 135 119 120 493 127 124 688 735
1 3600 117
10
683 684 675 671 657 499 500 506 552 715
1 3600 422
15
603 579 167 164 131 124 688 735 203 200 173 170 679 680 881
1 3600 758
28
198 604 513 491 127 128 506 552 836 463 460 245 248 270 458 704 525 522 662 765 762 639 377 378 447 444 600 391
1 3600 758
38
687 684 675 672 667 657 135 119 120 500 506 552 715 153 150 137 142 611 313 314 588 269 270 319 316 661 583 584 103 98 116 972 757 345 346 911 251 254
1 3600 758
37
883 667 657 135 132 198 579 167 164 533 179 182 205 169 170 679 676 593 594 755 739 742 217 218 195 192 323 324 447 444 598 381 384 369 370 255 252
1 3600 758
11
666 882 653 648 712 848 850 856 839 833 834
1 3600 690
13
659 656 666 882 653 650 419 416 804 621 567 425 420
1 3600 271
12
653 648 712 177 155 158 431 434 57 52 429 423
1 3600 52
3
894 653 543
1 3600 78
11
979 801 685 686 894 653 543 540 781 778 934
1 3600 78
7
888 603 579 167 162 504 706
1 3600 68
15
684 675 671 657 499 493 490 510 533 179 182 828 105 106 65
1 3600 237
22
801 675 672 667 657 135 119 120 493 127 124 688 719 716 809 810 611 608 680 335 330 398
1 3600 632
25
120 500 506 556 563 564 909 906 815 816 531 526 457 319 320 33 28 720 879 745 738 752 655 77 80
1 3600 758
14
603 579 167 162 502 181 182 828 333 330 398 305 211 212
1 3600 758
31
603 604 513 510 131 124 688 719 153 139 142 611 606 634 593 594 755 752 405 406 643 475 471 468 619 617 601 598 545 17 14
1 3600 758
20
987 513 161 164 533 179 182 828 333 330 21 22 87 88 615 612 275 276 343 340
1 3600 758
13
669 666 882 653 648 710 860 839 833 834 645 225 226
1 3600 758
20
653 650 746 802 846 848 843 431 434 63 51 44 548 353 354 841 833 834 229 230
1 3600 758
13
672 882 653 648 712 848 850 437 434 63 60 258 550
1 3600 758
17
132 198 579 167 162 502 181 182 828 105 106 65 66 822 71 74 990
1 3600 758
14
198 604 513 491 127 124 688 735 736 828 105 106 449 450
1 3600 758
12
659 499 493 490 510 533 179 182 828 105 106 919
1 3600 758
23
684 675 671 657 499 500 506 556 563 560 813 141 142 611 608 680 335 330 21 18 36 892 948
1 3600 758
33
659 135 119 120 500 506 552 836 463 464 577 247 248 270 458 265 262 661 662 826 221 218 296 285 282 439 113 110 892 615 612 275 280
1 3600 758
21
490 161 162 504 706 649 650 419 416 804 303 300 412 586 731 39 42 570 776 515 516
1 3600 758
16
167 162 504 706 649 543 293 290 804 621 567 425 415 410 700 976
1 3600 632
16
578 199 133 134 656 666 882 653 650 419 416 804 303 298 946 693
1 3600 168
12
129 130 533 534 709 706 649 543 540 781 782 866
1 3600 71
8
981 801 675 671 657 135 119 122
1 3600 71
5
126 492 121 118 132
1 3600 71
10
734 689 125 126 492 498 656 670 674 800
1 3600 71
8
927 865 783 780 541 542 652 895
1 3600 51
3
604 513 491
1 3600 72
12
581 167 164 131 124 688 735 203 169 170 679 676
1 3600 72
10
715 716 809 311 95 92 246 574 816 818
1 3600 72
6
500 506 556 563 564 909
1 3600 72
7
203 200 173 170 679 609 606
1 3600 72
14
981 801 675 672 667 657 499 493 127 124 688 719 714 836
1 3600 72
7
734 719 153 150 137 142 611
1 3600 99
17
164 131 124 688 559 555 552 836 463 460 245 248 272 526 457 458 704
1 3600 399
19
533 179 182 205 169 170 679 680 881 877 878 875 217 218 195 190 475 471 468
1 3600 758
28
579 167 160 510 131 124 688 719 716 809 311 308 314 97 90 269 270 319 320 665 661 662 765 623 624 377 359 364
1 3600 758
34
604 513 491 127 128 506 556 563 564 909 906 815 575 529 526 457 319 320 33 30 698 765 762 639 640 327 328 617 391 392 396 209 15 12
1 3600 758
15
509 129 130 165 162 504 706 710 859 856 839 833 834 645 225
1 3600 758
17
130 533 534 709 706 712 177 155 158 431 434 57 52 429 423 420 485
1 3600 632
16
509 501 498 656 666 882 653 543 293 290 804 621 55 58 51 44
1 3600 148
5
927 865 783 780 541
1 3600 71
12
736 828 105 106 65 66 824 853 821 73 74 989
1 3600 52
12
715 153 139 142 611 608 680 335 330 21 24 72
1 3600 52
11
554 558 735 736 828 105 106 65 66 824 854
1 3600 60
12
735 203 200 173 170 679 676 593 596 751 748 409
1 3600 199
10
927 865 868 988 75 25 20 398 408 891
1 3600 758
16
203 169 170 679 680 881 877 745 740 748 891 655 403 406 285 215
1 3600 758
26
556 563 560 463 460 245 248 270 458 704 525 522 583 584 103 98 116 972 757 758 363 364 387 382 544 207
1 3600 758
19
715 153 150 137 142 611 608 680 335 330 21 22 87 88 615 612 275 278 340
1 3600 758
14
125 130 511 161 162 504 706 710 860 839 833 834 229 226
1 3600 758
21
509 501 121 118 134 656 666 882 653 650 419 416 804 621 567 425 420 834 645 225 230
1 3600 758
16
501 498 656 666 882 653 648 712 848 843 431 434 63 60 258 550
1 3600 758
14
510 533 179 182 828 333 330 21 18 34 702 71 74 990
1 3600 758
19
981 801 675 671 657 135 132 198 579 167 162 502 181 182 828 105 106 449 450
1 3600 758
13
927 865 868 988 75 72 820 852 825 67 64 919 920
1 3600 758
13
715 716 809 810 611 608 680 335 330 21 18 36 892
1 3600 758
15
510 533 179 182 828 333 330 21 22 87 88 615 612 275 280
1 3600 758
31
815 575 247 93 96 590 634 677 678 171 168 204 183 180 709 706 712 177 155 158 807 804 303 300 412 586 731 726 41 42 572
1 3600 758
30
907 465 466 808 717 718 689 125 130 165 166 578 199 133 134 656 666 882 653 543 540 781 782 864 928 940 944 693 690 700
1 3600 758
27
249 244 461 462 561 562 557 507 501 121 118 134 656 666 882 653 543 540 781 782 864 928 936 946 693 694 784
1 3600 583
16
529 273 268 589 590 634 677 680 335 330 21 24 74 989 869 864
1 3600 146
10
201 204 183 178 532 511 512 605 602 889
1 3600 110
13
201 202 734 689 125 126 492 498 656 670 674 800 980
1 3600 110
5
560 837 553 507 508
1 3600 110
9
272 528 576 908 565 562 557 507 508
1 3600 110
12
273 268 589 315 312 610 143 138 152 714 553 507
1 3600 110
7
608 678 171 168 204 183 178
1 3600 110
3
152 714 553
1 3600 110
5
171 168 204 183 178
1 3600 110
7
202 734 689 125 130 511 512
1 3600 110
11
819 817 814 907 465 466 808 717 718 689 125
1 3600 97
5
528 247 93 96 590
1 3600 97
9
173 170 679 609 610 143 140 812 561
1 3600 105
8
635 591 97 92 246 529 526 536
1 3600 105
10
142 611 606 634 593 27 28 720 875 217
1 3600 105
11
909 577 529 273 270 319 320 33 28 720 879
1 3600 105
12
137 140 809 467 464 577 529 526 457 319 316 661
1 3600 105
8
139 142 611 606 634 593 596 751
1 3600 105
6
591 588 269 270 458 704
1 3600 105
3
272 526 538
1 3600 105
9
173 170 679 676 593 27 32 665 263
1 3600 105
14
560 463 460 245 248 270 458 265 262 661 662 826 221 218
1 3600 110
17
906 815 816 531 526 457 319 316 661 662 765 623 197 192 494 619 617
1 3600 422
19
679 680 881 877 745 742 217 222 624 638 115 116 972 757 758 766 830 251 256
1 3600 758
23
983 909 577 247 248 270 319 320 33 30 698 765 762 639 640 327 324 447 444 598 545 17 10
1 3600 758
26
244 307 310 808 717 718 735 736 183 180 503 504 706 710 859 437 434 57 52 429 423 415 412 586 731 728
1 3600 758
17
201 204 183 180 709 706 712 848 843 431 434 63 51 44 548 353 356
1 3600 758
26
246 576 908 565 562 557 507 501 121 118 134 656 666 882 653 650 746 289 290 804 621 233 236 568 261 61
1 3600 399
23
576 465 462 837 553 554 558 689 125 130 165 166 578 199 133 134 656 666 882 653 650 419 157
1 3600 230
11
677 678 171 168 204 183 180 503 504 706 649
1 3600 112
9
151 152 718 689 125 130 533 534 503
1 3600 112
6
680 335 332 105 106 449
1 3600 110
8
718 735 736 828 105 106 65 68
1 3600 110
8
466 810 611 608 680 335 330 21
1 3600 110
11
983 565 560 813 141 142 611 608 680 335 330
1 3600 110
16
611 606 634 593 594 755 752 655 77 82 146 211 214 282 439 113
1 3600 59
9
312 606 634 593 594 755 752 405 406
1 3600 345
11
637 634 677 680 335 330 21 22 110 892 615
1 3600 758
24
819 531 526 457 458 704 525 522 662 826 221 218 296 285 282 439 113 87 88 615 612 275 276 343
1 3600 758
18
560 813 809 810 611 608 680 335 330 21 18 36 892 615 612 275 278 340
1 3600 758
27
461 462 837 553 507 129 126 492 498 656 666 882 653 543 540 773 774 845 846 848 850 856 839 833 834 229 226
1 3600 758
16
557 507 129 130 533 534 709 706 710 860 839 833 834 645 225 230
1 3600 758
27
530 817 814 907 908 565 562 557 507 501 121 118 134 656 666 882 653 543 293 290 804 621 55 58 60 258 550
1 3600 758
16
907 465 466 810 611 608 680 335 330 21 18 34 702 71 74 990
1 3600 758
14
965 907 465 466 810 611 608 680 335 332 105 106 449 454
1 3600 758
10
307 308 312 608 680 335 332 105 106 919
1 3600 758
18
248 270 319 320 33 28 720 875 743 740 748 409 399 21 22 87 88 948
1 3600 758
14
593 596 751 748 409 399 21 22 110 892 615 612 275 280
1 3600 758
30
457 319 320 33 28 720 875 743 738 752 890 149 146 304 399 21 24 74 989 869 864 928 936 299 300 412 586 731 39 42
1 3600 758
22
745 740 748 409 399 21 18 34 702 71 74 989 935 779 782 864 928 940 944 693 690 700
1 3600 758
21
738 752 655 403 406 285 282 488 824 853 821 73 74 989 869 864 928 936 946 693 690
1 3600 758
16
720 875 743 740 748 409 399 21 24 74 989 935 779 782 864 928
1 3600 506
19
705 459 271 268 91 94 310 808 717 718 689 125 126 490 512 605 199 133 134
1 3600 101
19
262 664 33 26 592 635 607 610 143 136 151 152 718 689 125 130 165 166 578
1 3600 105
9
741 744 876 880 681 609 610 143 138
1 3600 105
11
740 750 597 592 635 607 610 143 136 151 152
1 3600 105
6
27 32 321 318 456 527
1 3600 105
12
295 219 216 874 879 876 880 681 609 610 811 808
1 3600 105
8
754 595 592 635 607 610 811 467
1 3600 105
9
295 219 220 827 699 31 26 592 635
1 3600 105
7
705 459 456 527 528 576 908
1 3600 105
8
315 309 306 461 462 561 564 982
1 3600 105
8
91 94 306 461 462 561 562 968
1 3600 96
8
265 266 522 662 699 696 29 26
1 3600 96
6
266 522 662 826 221 216
1 3600 105
6
595 27 30 698 765 623
1 3600 105
4
195 190 475 471
1 3600 105
6
742 217 222 197 192 323
1 3600 105
6
595 27 32 665 661 583
1 3600 105
11
594 755 752 405 406 643 475 471 468 619 617
1 3600 105
9
967 525 522 662 765 623 197 190 475
1 3600 105
4
217 218 195 192
1 3600 105
9
267 262 661 662 765 762 639 640 327
1 3600 118
10
262 661 662 765 623 624 377 359 360 367
1 3600 758
11
661 583 584 103 98 116 972 757 345 346 914
1 3600 758
29
739 744 876 880 335 332 829 183 180 503 504 706 712 177 155 158 431 434 57 52 429 426 353 354 841 833 834 645 239
1 3600 758
24
31 26 592 677 678 171 172 201 202 736 183 180 709 706 649 650 419 416 804 303 300 412 586 922
1 3600 758
23
748 149 146 304 399 331 332 829 183 180 503 504 706 712 848 850 437 434 63 51 44 548 994
1 3600 758
19
748 409 399 21 18 34 702 71 74 989 935 779 780 773 770 802 846 848 850
1 3600 632
15
661 662 826 221 218 296 285 282 488 824 853 821 73 74 989
1 3600 185
13
317 318 271 249 93 96 590 634 677 678 171 168 204
1 3600 59
4
596 751 748 409
1 3600 109
4
218 296 407 404
1 3600 109
16
539 457 319 320 33 28 720 879 745 738 752 655 77 82 144 884
1 3600 109
10
33 28 720 875 743 738 752 890 149 144
1 3600 109
8
662 699 696 720 879 745 738 752
1 3600 101
12
661 662 765 762 639 377 375 372 444 600 391 392
1 3600 281
17
738 752 655 77 82 146 211 214 282 439 113 87 88 615 612 275 276
1 3600 758
16
623 197 190 475 476 287 282 439 113 110 892 615 612 275 278 340
1 3600 758
30
744 876 880 681 678 171 168 202 734 689 125 126 492 498 656 666 882 653 543 293 290 804 621 567 425 420 834 229 224 646
1 3600 758
33
967 705 459 271 249 244 307 310 808 812 837 553 507 501 121 118 134 656 666 882 653 650 746 802 846 848 850 856 839 833 834 229 230
1 3600 758
31
91 94 310 808 717 718 689 125 130 511 512 581 578 199 133 134 656 666 882 653 543 293 290 804 621 567 568 261 61 51 48
1 3600 758
11
589 590 634 677 680 335 330 21 24 74 990
1 3600 758
12
33 28 720 879 876 880 335 332 105 106 449 450
1 3600 758
16
661 662 765 623 197 190 475 471 472 287 282 488 67 64 919 920
1 3600 690
16
457 319 320 33 28 720 875 743 740 748 409 399 21 22 87 88
1 3600 758
13
748 149 146 304 399 21 18 36 892 615 612 275 280
1 3600 758
25
642 407 402 77 82 146 304 399 331 332 829 183 180 709 706 710 859 437 432 303 300 410 700 974 996
1 3600 758
20
497 494 469 472 213 214 282 488 822 71 74 989 869 864 928 940 944 693 690 700
1 3600 758
34
193 196 622 764 663 660 317 318 456 527 528 574 814 907 908 565 562 557 507 501 498 656 666 882 653 650 419 416 804 303 298 946 950 954
1 3600 758
19
446 325 328 618 469 470 476 213 210 304 399 21 24 74 989 869 864 928 936
1 3600 758
22
193 194 219 216 874 879 876 880 681 678 171 172 201 204 183 178 532 165 166 578 199 133
1 3600 379
19
474 642 407 404 753 754 595 592 635 607 610 143 138 152 718 689 125 126 490
1 3600 103
17
616 329 326 641 638 763 764 663 523 267 264 459 271 268 589 590 636
1 3600 86
5
641 638 763 764 663
1 3600 86
11
763 764 663 660 664 321 318 271 249 93 90
1 3600 86
8
322 193 196 223 216 743 740 750
1 3600 86
10
469 470 474 191 196 622 764 663 523 524
1 3600 86
3
474 191 194
1 3600 86
11
600 616 618 469 470 474 642 407 402 654 753
1 3600 58
4
618 469 470 474
1 3600 90
3
359 362 766
1 3600 90
6
115 116 972 757 345 346
1 3600 90
10
98 114 639 377 359 364 760 401 369 370
1 3600 90
7
640 327 328 617 391 392 394
1 3600 90
11
639 640 327 324 447 444 598 545 383 386 760
1 3600 90
7
192 323 328 617 391 392 394
1 3600 330
11
475 471 468 619 617 601 598 545 546 257 252
1 3600 758
31
223 216 874 879 876 880 335 332 829 183 178 534 503 504 706 712 177 155 158 431 434 57 52 429 423 415 412 586 731 726 41
1 3600 758
28
390 616 618 469 472 213 210 304 399 331 332 829 183 180 709 706 712 177 155 158 431 434 63 60 258 548 353 356
1 3600 758
28
585 582 660 317 318 456 527 528 576 908 565 562 557 507 501 121 118 134 656 666 882 653 543 293 290 804 621 55
1 3600 758
23
390 616 618 469 470 476 287 282 488 824 853 821 73 74 989 935 779 780 773 770 289 290 804
1 3600 758
15
497 193 194 296 407 404 890 409 399 21 18 34 702 71 74
1 3600 542
10
194 296 407 402 654 890 409 399 21 24
1 3600 211
11
445 373 374 376 625 223 216 743 740 748 409
1 3600 62
11
497 494 469 470 474 642 407 402 77 82 144
1 3600 49
6
378 325 322 494 469 472
1 3600 90
7
639 377 375 372 444 598 207
1 3600 758
18
325 322 494 469 470 476 287 282 439 113 87 88 615 612 275 276 343 340
1 3600 758
32
585 582 660 263 264 459 271 249 244 461 462 837 553 554 558 689 125 126 492 498 656 666 882 653 648 710 860 839 833 834 645 646
1 3600 758
28
445 373 374 376 625 622 764 699 31 26 592 677 678 171 168 204 183 180 503 504 706 710 860 839 833 834 229 230
1 3600 758
40
641 638 763 764 699 696 29 26 592 677 678 171 172 201 202 734 689 125 130 511 512 605 199 133 134 656 666 882 653 650 419 175 155 158 431 434 57 58 51 48
1 3600 758
14
600 616 618 469 472 287 282 488 824 853 821 73 74 992
1 3600 758
16
98 114 639 625 223 216 874 879 876 880 335 332 105 106 449 454
1 3600 758
14
641 625 223 216 743 744 876 880 335 332 105 106 919 920
1 3600 583
10
625 223 218 296 285 282 439 113 110 892
1 3600 758
18
114 763 623 197 190 642 285 282 439 113 87 88 615 612 275 276 725 722
1 3600 758
42
759 756 973 117 99 102 585 582 523 524 705 459 456 527 530 817 814 907 908 565 562 557 507 501 498 656 666 882 653 650 419 416 804 303 300 412 586 731 39 42 570 776
1 3600 758
50
368 400 761 365 358 376 638 763 764 663 660 317 318 271 268 91 96 315 312 610 143 136 151 152 718 689 125 130 165 166 578 199 133 134 656 666 882 653 543 540 781 782 864 928 940 944 693 690 700 976
1 3600 758
27
368 385 380 599 600 616 618 469 470 476 213 210 304 399 21 18 34 702 71 74 989 869 864 928 936 946 693
1 3600 758
27
761 365 358 376 638 763 764 699 31 26 592 677 678 171 168 204 183 178 534 709 706 649 543 540 781 782 864
1 3600 758
36
971 795 255 250 831 767 759 756 973 117 99 102 585 582 660 664 321 318 271 249 244 461 462 837 553 507 501 121 118 134 656 670 674 685 686 896
1 3600 758
23
599 445 446 325 322 193 196 622 764 663 523 267 264 459 456 527 528 576 908 565 562 557 507
1 3600 379
16
365 362 759 756 973 117 99 102 585 582 660 317 318 456 527 530
1 3600 107
11
351 344 756 973 117 99 102 585 582 523 524
1 3600 116
6
767 363 358 378 325 322
1 3600 116
10
761 365 362 759 756 973 117 99 102 585
1 3600 116
7
368 385 382 544 599 600 616
1 3600 116
11
387 382 17 14 208 397 393 390 616 618 469
1 3600 116
6
599 445 446 325 322 494
1 3600 116
7
971 361 358 378 325 322 193
1 3600 116
8
973 117 114 639 625 197 190 475
1 3600 116
4
544 599 445 373
1 3600 128
5
251 256 547 383 386
1 3600 128
6
350 830 251 254 371 368
1 3600 120
3
547 17 10
1 3600 120
5
387 380 207 15 12
1 3600 120
6
911 251 256 547 17 12
1 3600 758
37
400 761 365 358 376 638 763 764 699 696 29 26 592 677 678 171 168 202 736 183 180 503 504 706 712 848 843 431 432 621 567 425 420 834 963 960 521
1 3600 758
44
344 756 973 117 99 102 585 582 660 263 264 459 271 249 93 94 310 808 717 718 689 125 126 492 498 656 666 882 653 543 540 773 774 845 846 848 850 437 434 57 52 429 426 353
1 3600 758
26
761 365 358 376 625 223 216 874 879 876 880 335 332 829 183 180 709 706 712 177 174 416 804 621 567 568
1 3600 758
34
363 358 376 638 763 764 699 31 26 592 635 607 610 143 138 152 718 689 125 130 511 512 605 602 889 123 118 134 656 666 882 653 650 746
1 3600 758
24
101 102 585 582 660 664 321 318 271 249 244 461 462 837 553 507 501 121 118 134 656 666 882 653
1 3600 758
26
349 346 911 251 256 547 544 599 600 616 618 469 470 474 642 407 404 890 409 399 21 18 34 702 823 67
1 3600 583
13
368 385 380 599 600 616 618 469 472 287 282 439 440
1 3600 217
10
101 98 114 639 625 223 216 743 738 752
1 3600 110
14
389 390 616 618 469 470 476 287 282 439 113 110 892 615
1 3600 87
12
101 98 116 972 757 758 363 364 387 382 544 207
1 3600 87
22
101 98 114 639 625 197 194 296 407 404 890 409 399 21 22 87 88 615 612 275 276 725
1 3600 422
20
395 393 390 616 618 469 472 213 210 304 399 21 18 36 892 615 612 275 278 340
1 3600 758
34
794 361 358 378 325 322 193 194 219 216 874 879 876 880 681 678 171 172 201 204 183 178 534 503 504 706 710 859 856 839 833 834 645 646
1 3600 758
35
385 380 599 445 446 325 322 193 190 642 407 402 654 890 409 399 21 24 74 989 935 779 780 773 770 289 290 804 621 567 425 420 834 229 230
1 3600 758
44
257 254 794 361 358 376 638 763 764 663 523 524 705 459 271 268 91 94 310 808 717 718 689 125 130 165 166 578 199 133 134 656 666 882 653 650 419 157 158 431 434 63 51 48
1 3600 758
16
395 393 390 616 618 469 470 476 213 210 304 399 21 24 74 992
1 3600 758
19
971 361 358 376 625 622 764 699 696 720 879 876 880 335 332 105 106 449 452
1 3600 758
13
395 393 390 616 618 469 472 287 282 488 67 64 919
1 3600 758
16
758 363 358 378 325 322 193 194 296 285 282 439 113 87 88 948
1 3600 758
23
382 544 599 445 446 325 322 193 190 642 407 404 890 409 399 21 18 36 892 615 612 275 280
1 3600 758
43
13 14 208 397 393 390 616 329 326 641 638 763 764 663 660 317 318 456 527 528 576 908 565 562 557 507 129 126 492 498 656 666 882 653 543 293 290 804 303 300 410 700 974
1 3600 758
37
11 14 208 397 393 390 616 329 326 641 625 622 764 699 31 26 592 677 678 171 168 202 736 183 180 709 706 712 177 155 156 416 804 303 300 410 700
1 3600 758
46
253 250 910 347 344 756 973 117 99 102 585 582 660 263 264 459 456 527 528 574 814 907 465 462 837 553 507 501 121 118 134 656 666 882 653 543 540 781 782 864 928 940 944 693 694 786
1 3600 758
29
11 14 208 397 393 390 616 618 469 470 474 642 407 402 77 82 146 304 399 21 18 34 702 71 74 989 869 864 928
1 3600 758
36
13 14 206 599 445 373 374 376 638 763 764 699 31 26 592 635 607 610 143 136 151 152 718 689 125 130 165 166 578 199 133 134 656 670 674 685
1 3600 758
32
915 347 344 756 973 117 99 102 585 582 660 317 318 271 268 589 315 312 610 143 138 152 714 553 554 558 689 125 126 490 512 581
1 3600 758
18
13 16 544 599 445 373 374 376 638 763 764 663 660 664 321 318 456 527
1 3600 583
20
915 347 350 767 759 756 973 117 99 102 585 582 523 524 705 459 271 249 93 90
1 3600 189
8
253 256 547 544 599 600 616 618
1 3600 48
5
913 251 254 371 368
1 3600 48
3
913 251 256
1 3600 262
6
13 16 546 257 250 912
1 3600 758
33
913 831 767 759 756 973 117 114 639 625 223 216 743 744 876 880 335 332 829 183 178 534 503 504 706 710 860 839 833 834 645 239 242
1 3600 758
35
13 14 206 599 445 446 325 322 193 194 219 216 743 740 750 597 592 677 678 171 172 201 204 183 180 709 706 712 848 850 856 839 833 485 486
1 3600 758
37
11 14 208 397 393 390 616 618 469 470 476 287 282 488 824 853 821 73 74 989 935 779 780 773 774 845 846 848 843 431 434 57 52 261 258 548 994
1 3600 758
30
915 347 344 756 973 117 114 763 764 663 523 267 264 459 456 527 528 576 908 565 562 557 507 501 498 656 666 882 653 650
1 3600 758
18
11 14 208 397 393 390 616 618 469 472 213 210 304 399 21 24 74 989
1 3600 758
23
913 251 254 794 361 358 378 325 322 193 194 296 407 404 890 409 399 21 18 34 702 823 824
1 3600 758
16
11 16 544 599 445 373 374 376 625 223 216 874 879 876 880 335
1 3600 758
18
13 14 208 397 393 390 616 618 469 470 474 642 407 402 77 82 144 886
1 3600 583
3
11 14 208
1 3600 146
4
253 256 547 17
1 3600 303
23
13 14 206 599 445 446 325 322 494 469 470 476 287 282 439 113 87 88 615 612 275 278 340
1 3600 758
50
11 16 544 381 386 365 358 376 625 622 764 699 696 29 32 321 318 271 249 244 307 310 808 717 718 689 125 130 511 512 605 199 133 134 656 666 882 653 543 293 290 804 621 233 236 425 420 834 229 226
1 3600 758
34
13 14 206 599 445 446 325 326 641 638 763 764 699 31 26 592 677 678 171 168 204 183 180 503 504 706 710 860 839 833 834 645 225 230
1 3600 758
35
13 14 208 397 393 390 616 618 495 193 194 219 216 743 744 876 880 335 332 829 183 178 534 709 706 712 177 155 158 431 434 63 60 258 550
1 3600 758
23
913 831 767 363 358 378 325 322 193 190 642 407 404 890 409 399 21 18 34 702 71 74 992
1 3600 758
20
11 16 383 386 365 358 376 625 223 216 874 879 876 880 335 332 105 106 449 452
1 3600 758
21
913 831 767 759 756 973 117 114 763 764 699 696 720 879 876 880 335 332 105 106 919
1 3600 758
16
11 14 206 599 600 616 618 469 472 213 214 282 439 113 110 892
1 3600 758
21
11 14 208 397 393 390 616 618 469 470 476 287 282 439 113 87 88 615 612 275 280
1 3600 92
3
871 872 9
1 3600 92
7
733 41 42 570 776 904 873
1 3600 172
8
960 521 514 777 337 338 975 976
1 3600 345
13
788 777 571 43 40 727 730 587 413 301 298 946 950
1 3600 758
10
514 777 571 43 38 730 587 413 301 298
1 3600 758
19
40 727 730 587 413 414 424 566 620 805 417 418 651 652 883 667 657 135 119
1 3600 758
17
733 727 730 587 413 414 422 428 53 56 435 436 858 711 707 505 163
1 3600 758
19
228 835 832 838 857 851 849 713 707 708 535 532 131 128 506 552 836 463 460
1 3600 758
25
729 730 587 413 414 422 428 53 56 435 430 159 154 176 713 707 708 181 182 828 333 334 881 877 745
1 3600 758
34
961 962 835 832 840 355 352 549 45 50 62 435 430 842 849 847 844 775 772 781 778 934 988 75 70 823 489 283 286 473 468 619 617 601
1 3600 758
26
835 832 838 861 711 707 505 502 181 182 828 333 334 881 877 878 875 217 222 624 377 359 360 795 255 256
1 3600 758
42
243 238 644 835 421 424 566 620 805 291 288 771 772 781 778 934 988 75 72 820 852 825 489 283 286 477 471 468 495 323 324 379 359 364 760 401 369 370 255 250 910 914
1 3600 77
3
224 239 240
1 3600 90
14
243 238 644 963 960 871 872 905 777 571 43 38 730 924
1 3600 90
4
238 225 228 835
1 3600 90
4
733 727 730 924
1 3600 90
9
797 793 788 777 571 43 38 730 587
1 3600 90
8
243 238 644 835 832 840 355 356
1 3600 158
12
792 519 520 961 962 835 832 840 355 352 549 45
1 3600 361
14
241 238 225 228 835 421 422 428 53 56 435 430 159 154
1 3600 758
14
38 730 587 413 414 424 237 232 620 805 291 292 542 648
1 3600 758
18
241 238 644 835 832 838 857 851 849 847 803 771 772 781 778 934 988 75
1 3600 758
12
225 228 835 832 838 861 711 707 708 181 182 828
1 3600 758
25
241 238 644 835 832 838 857 851 849 847 844 775 772 781 778 934 988 75 25 20 398 305 147 83 78
1 3600 758
26
40 727 730 587 413 414 424 566 620 805 417 418 651 648 707 505 502 535 179 182 828 333 330 398 305 211
1 3600 758
22
38 730 587 413 301 298 937 929 865 868 988 75 70 703 35 36 892 615 612 275 276 725
1 3600 758
27
961 962 835 421 424 566 620 805 291 288 771 772 781 778 934 988 75 70 703 35 36 892 615 612 275 278 340
1 3600 244
3
243 238 646
1 3600 131
11
42 570 776 515 520 961 962 835 832 838 984
1 3600 758
10
225 228 835 832 840 355 352 549 45 48
1 3600 758
25
799 519 520 961 962 835 421 422 428 53 56 435 430 159 154 176 847 803 771 772 781 778 934 988 990
1 3600 758
27
519 520 961 962 835 832 838 857 851 849 847 844 775 772 781 778 934 988 75 72 820 852 825 67 64 449 454
1 3600 758
22
238 644 835 421 424 566 620 805 291 288 771 772 781 778 934 988 75 70 823 67 64 919
1 3600 758
19
241 238 644 835 832 838 861 711 707 708 181 182 828 333 330 21 22 87 88
1 3600 758
27
793 788 777 571 43 40 727 730 587 413 301 298 943 941 929 865 868 988 75 25 22 110 892 615 612 275 280
1 3600 99
6
41 42 570 337 3 6
1 3600 78
7
726 41 42 570 337 338 975
1 3600 101
7
923 587 413 410 691 694 786
1 3600 316
5
421 415 301 298 943
1 3600 758
17
587 413 414 422 428 261 61 62 435 430 159 156 418 651 652 895 687
1 3600 758
15
355 352 549 259 61 62 435 436 851 849 713 707 505 163 160
1 3600 758
19
484 832 838 861 711 649 652 883 667 657 499 493 127 124 688 719 153 139 142
1 3600 758
21
484 832 838 857 851 849 713 707 505 502 181 182 205 169 170 679 676 593 596 751 741
1 3600 758
36
925 587 413 301 302 805 291 292 542 652 883 667 657 135 119 120 500 506 552 715 716 809 311 95 92 248 270 458 265 266 522 662 765 623 624 377
1 3600 758
43
484 832 840 355 352 549 45 50 59 54 620 805 417 418 651 652 883 667 657 499 500 506 556 563 564 909 577 529 526 457 319 316 661 583 584 103 98 116 972 757 758 766 830
1 3600 758
32
484 832 838 861 711 707 708 535 179 182 205 200 173 170 679 680 881 877 878 721 697 698 765 762 115 116 972 757 758 766 830 912
1 3600 55
8
352 427 423 415 412 586 731 728
1 3600 55
4
833 834 645 239
1 3600 55
6
484 834 963 960 521 518
1 3600 74
6
484 421 415 412 586 731
1 3600 55
7
355 352 549 259 260 569 566
1 3600 55
5
355 352 427 423 415
1 3600 55
6
730 587 413 414 424 237
1 3600 101
12
357 352 549 45 50 62 435 430 842 849 847 844
1 3600 583
6
838 857 851 849 713 649
1 3600 758
23
355 352 549 259 61 59 54 620 805 417 418 746 771 772 781 778 934 988 75 72 820 852 854
1 3600 758
19
487 484 421 424 566 620 805 291 288 771 772 781 778 934 988 75 70 703 35
1 3600 758
27
352 549 45 50 62 435 430 159 154 176 847 844 775 772 781 782 868 988 75 72 820 852 825 489 439 113 110
1 3600 758
28
841 838 861 711 707 505 502 181 182 205 169 170 679 676 593 594 755 752 405 406 643 475 471 468 619 617 391 392
1 3600 758
27
484 421 422 428 569 566 620 805 417 418 746 771 772 781 778 934 988 75 25 22 87 88 615 612 275 276 343
1 3600 758
24
487 484 832 838 857 851 849 713 707 708 181 182 828 333 330 21 22 87 88 615 612 275 278 340
1 3600 542
5
487 484 834 229 226
1 3600 60
4
487 484 832 838
1 3600 542
5
421 422 426 549 550
1 3600 474
11
923 587 413 301 298 937 929 865 868 988 992
1 3600 758
31
355 352 549 259 260 53 56 435 430 807 291 292 542 652 883 667 657 135 119 120 493 127 124 688 735 736 828 105 106 449 452
1 3600 758
26
355 352 549 45 50 62 435 430 159 154 176 847 803 771 772 781 778 934 988 75 70 823 67 64 919 920
1 3600 758
17
832 838 861 711 707 505 502 535 179 182 828 333 330 21 18 36 892
1 3600 758
35
484 421 424 566 620 805 417 418 651 652 883 667 657 135 132 198 579 167 164 533 179 182 828 333 330 21 22 110 892 615 612 275 276 725 722
1 3600 345
6
412 586 731 39 42 572
1 3600 172
3
300 410 700
1 3600 48
3
298 946 693
1 3600 94
11
53 54 620 805 291 288 771 772 781 782 866
1 3600 281
19
47 50 59 56 435 430 159 156 418 651 652 883 667 657 135 119 122 888 958
1 3600 542
14
59 54 620 805 291 292 542 652 883 667 657 499 493 127
1 3600 758
21
301 302 433 436 851 849 713 707 505 163 164 131 124 688 719 153 150 137 142 611 313
1 3600 758
23
435 430 159 154 174 418 651 652 883 667 657 135 119 120 500 506 552 836 463 460 307 95 90
1 3600 758
25
61 62 435 430 842 849 713 707 708 181 182 205 169 170 679 680 881 877 878 875 217 218 195 192 494
1 3600 758
33
620 805 291 292 542 652 883 667 657 499 493 127 124 688 719 716 809 311 95 90 269 270 458 704 525 522 662 765 623 624 377 359 364
1 3600 758
26
301 298 943 941 929 865 868 988 75 72 820 852 825 489 283 286 473 468 619 617 391 392 396 209 15 10
1 3600 154
8
52 429 423 415 412 586 731 728
1 3600 54
4
44 548 353 356
1 3600 54
5
422 426 353 354 841
1 3600 54
7
57 58 60 258 548 353 356
1 3600 78
3
414 424 237
1 3600 61
7
301 298 937 929 865 783 778
1 3600 61
5
435 430 807 291 292
1 3600 61
4
54 620 805 417
1 3600 61
5
566 620 805 417 418
1 3600 61
5
566 55 56 435 430
1 3600 165
7
301 302 805 806 842 849 713
1 3600 474
21
422 428 53 56 435 436 851 849 847 844 775 772 781 778 934 988 75 70 823 67 64
1 3600 758
18
47 50 62 435 430 159 154 176 847 803 771 772 781 782 868 988 75 25
1 3600 758
15
302 805 417 418 651 648 707 708 181 182 828 333 330 398 305
1 3600 758
27
995 427 428 569 237 232 620 805 291 288 771 772 781 778 934 988 75 72 820 852 825 489 439 113 87 88 615
1 3600 758
25
47 50 62 435 436 851 849 847 844 775 772 781 782 868 988 75 70 703 35 36 892 615 612 275 276
1 3600 758
37
232 620 805 291 292 542 652 883 667 657 135 132 198 604 513 510 131 124 688 735 203 200 173 170 679 680 335 330 21 22 87 88 615 612 275 278 340
1 3600 758
9
44 548 353 354 841 833 834 645 646
1 3600 132
6
258 548 353 354 841 838
1 3600 244
6
568 261 61 51 44 550
1 3600 140
19
44 259 260 53 56 435 430 159 154 176 847 803 771 772 781 778 934 988 992
1 3600 758
19
235 232 620 805 417 175 176 713 707 505 502 535 179 182 828 105 106 449 452
1 3600 758
15
50 62 435 436 858 711 707 708 181 182 828 105 106 919 920
1 3600 758
34
60 260 569 566 620 805 417 418 651 652 883 667 657 135 132 198 579 167 164 131 124 688 735 203 169 170 679 680 335 330 21 22 110 892
1 3600 758
21
435 430 842 849 713 707 505 502 181 182 828 333 330 21 22 87 88 615 612 275 280
1 3600 758
7
432 303 300 410 700 974 996
1 3600 474
9
770 747 419 416 804 303 300 410 700
1 3600 84
10
289 290 804 303 298 943 944 693 694 784
1 3600 72
7
844 775 772 781 782 864 928
1 3600 72
6
419 416 804 303 298 943
1 3600 68
8
769 772 541 542 652 883 667 657
1 3600 158
13
805 291 292 542 652 883 667 657 135 119 120 500 506
1 3600 422
11
747 651 652 883 667 657 499 500 506 552 715
1 3600 758
28
159 156 418 651 652 883 667 657 135 119 120 493 127 124 688 719 153 139 142 611 606 634 593 596 751 741 742 217
1 3600 758
28
176 713 707 505 163 164 131 124 688 559 555 556 563 564 909 906 815 575 529 526 457 458 265 262 661 583 584 103
1 3600 758
31
651 652 883 667 657 499 500 506 552 836 463 460 245 248 270 319 316 661 662 765 762 639 640 327 324 447 444 598 381 384 369
1 3600 758
42
771 772 541 542 652 883 667 657 135 132 198 579 580 513 510 131 124 688 719 716 809 311 308 314 588 269 270 458 704 525 522 583 584 103 98 116 972 757 345 346 911 912
1 3600 446
17
419 416 804 621 567 425 415 412 586 731 726 41 42 570 776 789 792
1 3600 124
7
848 850 856 839 833 485 486
1 3600 77
11
780 773 770 802 846 848 850 437 434 63 60
1 3600 77
6
434 57 52 429 426 994
1 3600 77
9
774 845 846 848 843 431 434 63 51
1 3600 77
8
804 621 55 58 60 258 548 994
1 3600 77
6
769 770 289 290 804 303
1 3600 82
4
933 779 780 541
1 3600 82
3
158 431 432
1 3600 80
3
781 778 934
1 3600 80
8
176 847 844 775 772 781 782 868
1 3600 80
4
540 781 778 934
1 3600 80
7
418 746 771 772 781 782 868
1 3600 108
7
769 772 781 782 868 988 75
1 3600 399
14
775 772 541 542 648 707 708 535 179 182 828 333 330 398
1 3600 758
19
858 711 707 505 502 181 182 205 200 173 170 679 676 593 594 755 752 405 406
1 3600 758
13
769 772 781 778 934 988 75 70 703 35 36 892 615
1 3600 758
16
769 772 781 782 868 988 75 25 22 87 88 615 612 275 276 725
1 3600 758
29
542 652 883 667 657 135 119 120 493 127 124 688 735 203 169 170 679 680 335 330 21 18 36 892 615 612 275 278 340
1 3600 758
10
807 804 621 567 425 420 834 229 224 646
1 3600 361
9
434 57 52 429 423 420 834 229 230
1 3600 446
7
850 437 434 63 51 44 550
1 3600 52
11
842 849 847 803 771 772 781 778 934 988 992
1 3600 758
15
771 772 781 782 868 988 75 72 820 852 825 67 64 449 452
1 3600 758
11
541 542 648 707 708 181 182 828 105 106 919
1 3600 758
17
436 851 849 713 707 505 502 535 179 182 828 333 330 21 22 87 88
1 3600 758
21
288 771 772 781 778 934 988 75 70 823 489 439 113 110 892 615 612 275 276 725 722
1 3600 758
11
650 419 416 804 303 300 410 700 974 5 6
1 3600 758
9
869 864 928 940 944 693 690 700 976
1 3600 361
9
543 540 781 782 864 928 936 946 950
1 3600 97
5
989 869 864 928 940
1 3600 39
14
989 935 779 780 541 542 652 883 667 657 135 119 122 888
1 3600 60
18
935 779 780 541 542 652 883 667 657 135 132 198 579 167 164 131 124 688
1 3600 189
14
75 25 20 331 334 681 609 313 314 97 92 246 574 816
1 3600 506
13
75 25 20 398 408 749 741 742 874 721 29 32 665
1 3600 758
15
988 75 72 820 852 825 489 283 215 212 477 471 468 495 496
1 3600 758
21
75 70 703 35 19 20 398 408 891 753 739 744 878 721 697 698 765 762 115 116 972
1 3600 758
29
649 652 883 667 657 499 500 506 556 563 564 909 577 529 526 457 319 316 661 583 584 103 98 116 972 757 345 346 914
1 3600 758
10
869 864 928 936 299 300 412 586 731 39
1 3600 542
10
989 869 864 928 936 299 300 412 586 922
1 3600 161
7
712 177 155 158 431 432 303
1 3600 12
7
989 935 779 780 773 774 845
1 3600 83
6
543 540 781 778 934 988
1 3600 16
10
648 707 708 181 182 828 105 106 65 66
1 3600 142
12
707 505 502 535 179 182 828 333 330 21 18 34
1 3600 506
6
988 75 70 823 489 283
1 3600 758
23
652 883 667 657 499 500 506 552 715 153 150 137 142 611 608 680 335 330 21 22 87 88 615
1 3600 758
10
988 75 70 703 35 36 892 615 612 275
1 3600 758
31
652 883 667 657 135 132 198 604 513 491 127 124 688 735 203 169 170 679 680 335 330 21 22 87 88 615 612 275 276 343 340
1 3600 758
8
648 710 860 839 833 834 645 646
1 3600 758
16
989 935 779 780 773 770 802 846 848 850 856 839 833 834 229 230
1 3600 758
8
712 848 843 431 434 63 51 48
1 3600 142
3
989 935 930
1 3600 379
9
707 708 181 182 828 105 106 449 454
1 3600 758
18
652 883 667 657 135 132 198 604 513 510 533 179 182 828 105 106 919 920
1 3600 758
12
707 505 502 181 182 828 333 330 21 18 36 892
1 3600 758
16
75 72 820 852 825 489 439 113 87 88 615 612 275 276 725 722
1 3600 758
19
448 65 66 822 71 74 989 869 864 928 940 944 693 690 700 974 339 3 6
1 3600 758
14
504 706 649 543 293 290 804 621 567 425 415 410 700 976
1 3600 758
10
71 74 989 869 864 928 936 946 693 694
1 3600 292
4
71 74 989 869
1 3600 77
15
448 107 104 829 183 178 532 165 166 578 199 133 134 656 668
1 3600 50
10
823 67 64 107 104 829 737 734 559 555
1 3600 50
7
64 107 104 829 737 734 559
1 3600 52
8
64 107 104 333 334 681 609 606
1 3600 172
9
109 104 333 334 681 609 313 314 97
1 3600 542
18
822 703 35 19 20 398 305 147 83 76 403 406 643 191 192 323 324 379
1 3600 758
20
703 35 19 20 398 408 891 655 403 406 297 195 192 323 324 447 444 598 381 384
1 3600 758
17
109 104 333 334 881 877 878 875 217 222 624 377 359 360 795 255 252
1 3600 758
31
178 532 511 512 605 602 889 123 118 134 656 666 882 653 650 419 416 804 621 567 425 415 412 586 731 726 41 42 570 776 789
1 3600 758
18
65 66 824 853 821 73 74 989 869 864 928 940 942 299 300 412 586 731
1 3600 506
21
448 65 66 824 853 821 73 74 989 935 779 780 773 774 845 846 177 155 158 431 434
1 3600 93
10
107 104 829 183 180 709 706 649 650 419
1 3600 54
21
820 852 825 67 64 107 104 829 183 178 532 165 166 578 199 133 134 656 666 882 653
1 3600 54
7
65 66 824 853 821 73 74
1 3600 54
10
181 182 828 105 106 65 66 822 71 74
1 3600 60
3
66 824 853
1 3600 46
3
448 107 104
1 3600 46
5
448 107 104 333 334
1 3600 46
6
502 535 179 182 828 105
1 3600 128
7
822 703 35 19 20 398 408
1 3600 758
11
65 66 489 283 286 473 468 619 617 391 392
1 3600 758
10
489 439 113 110 892 615 612 275 276 725
1 3600 758
9
703 35 36 892 615 612 275 278 340
1 3600 758
18
74 989 935 779 780 773 770 802 846 848 850 856 839 833 834 645 225 226
1 3600 758
11
448 107 104 829 183 180 503 504 706 710 860
1 3600 758
22
65 66 824 853 821 73 74 989 935 779 780 773 770 289 290 804 621 55 58 60 258 550
1 3600 422
11
181 182 828 105 106 65 66 822 71 74 992
1 3600 161
8
502 181 182 828 105 106 449 450
1 3600 583
3
448 919 920
1 3600 758
6
73 25 22 87 88 948
1 3600 758
11
855 825 489 439 113 110 892 615 612 275 280
1 3600 758
15
113 23 24 74 989 869 864 928 940 944 693 690 700 974 996
1 3600 758
14
69 66 822 71 74 989 869 864 928 936 946 693 690 700
1 3600 758
14
917 69 66 824 853 821 73 74 989 869 864 928 940 944
1 3600 758
9
702 71 74 989 869 864 928 936 943
1 3600 262
15
334 681 678 171 168 202 734 689 125 126 492 498 656 670 674
1 3600 55
8
104 829 183 178 532 511 161 166
1 3600 49
4
681 609 610 143
1 3600 49
13
441 113 23 20 331 334 681 676 635 591 588 269 272
1 3600 52
12
112 438 283 284 297 219 220 827 663 523 524 966
1 3600 199
8
398 305 211 212 477 471 468 495
1 3600 583
17
35 19 20 398 408 891 405 406 643 191 192 323 324 379 359 362 766
1 3600 758
15
443 438 283 286 473 468 619 617 601 598 545 546 257 250 912
1 3600 758
17
443 113 23 20 331 332 829 183 180 709 706 710 860 839 833 834 963
1 3600 758
12
332 829 183 180 503 504 706 712 848 850 856 839
1 3600 758
28
441 113 23 20 331 334 681 609 610 143 138 152 714 553 507 501 121 118 134 656 666 882 653 543 293 290 804 621
1 3600 345
25
443 113 23 20 331 334 681 678 171 172 201 202 734 689 125 126 492 498 656 666 882 653 650 746 802
1 3600 154
6
488 824 853 821 73 74
1 3600 45
6
23 20 331 332 829 183
1 3600 45
6
105 106 65 66 824 854
1 3600 45
4
106 65 66 824
1 3600 65
3
399 21 18
1 3600 47
6
20 398 305 147 83 76
1 3600 47
13
917 69 66 822 703 35 19 20 398 305 147 144 886
1 3600 47
9
441 113 23 20 398 305 147 144 884
1 3600 222
16
19 20 398 408 891 405 406 643 475 471 468 619 617 391 392 396
1 3600 690
16
881 877 745 742 217 222 624 640 327 328 617 391 392 396 209 15
1 3600 758
13
917 69 66 489 439 113 87 88 615 612 275 278 340
1 3600 758
35
443 113 23 20 331 334 681 609 610 143 136 151 152 714 553 507 501 121 118 134 656 666 882 653 543 293 290 804 621 567 425 420 834 645 646
1 3600 758
9
332 829 183 180 709 706 710 860 984
1 3600 758
22
488 822 71 74 989 935 779 780 773 774 845 846 177 155 158 431 434 57 52 261 258 550
1 3600 758
10
105 106 65 66 824 853 821 73 74 992
1 3600 361
7
112 438 488 67 64 449 452
1 3600 281
3
106 919 920
1 3600 542
5
399 21 22 110 892
1 3600 758
6
87 88 615 612 275 280
1 3600 758
34
147 148 749 750 597 592 635 607 610 143 140 717 718 689 125 126 492 498 656 666 882 653 650 419 416 804 303 300 412 586 731 39 42 572
1 3600 758
34
284 407 402 654 753 754 595 592 635 607 610 143 138 152 714 553 507 501 121 118 134 656 666 882 653 543 293 290 804 303 300 410 700 976
1 3600 758
13
37 19 24 74 989 869 864 928 940 942 946 950 954
1 3600 758
30
145 148 749 750 597 592 677 678 171 168 202 734 689 125 130 511 512 605 199 133 134 656 666 882 653 543 540 781 782 864
1 3600 758
24
284 297 219 220 827 663 660 317 318 271 249 244 461 462 561 562 557 507 129 130 165 166 578 199
1 3600 185
14
86 23 20 331 334 681 678 171 172 201 202 734 689 125
1 3600 52
8
284 407 404 753 754 595 592 677
1 3600 48
8
753 739 742 874 721 29 32 665
1 3600 48
12
147 148 749 741 744 878 721 29 32 321 318 456
1 3600 60
11
654 753 739 742 874 721 697 698 663 583 584
1 3600 217
13
145 148 749 741 744 878 721 697 698 765 762 115 116
1 3600 758
18
85 86 112 438 283 215 212 477 471 468 619 617 391 392 396 209 15 12
1 3600 758
29
885 145 146 304 399 331 332 829 183 178 534 503 504 706 712 848 850 437 434 57 52 429 423 415 412 586 731 726 41
1 3600 758
30
654 753 754 595 592 635 607 610 811 808 717 718 689 125 126 492 498 656 666 882 653 650 419 416 804 303 300 412 586 731
1 3600 758
40
284 297 219 220 827 663 660 263 264 459 456 527 530 817 814 907 908 565 562 557 507 501 121 118 134 656 670 674 685 686 894 653 650 419 416 804 621 233 236 425
1 3600 758
25
654 890 749 750 597 592 635 607 610 143 136 151 152 718 689 125 126 492 498 656 666 882 653 543 293
1 3600 542
17
79 76 654 753 739 744 876 880 681 678 171 168 204 183 180 709 706
1 3600 124
14
404 753 754 595 592 677 678 171 168 204 183 178 534 503
1 3600 63
8
81 82 146 304 399 21 18 34
1 3600 63
8
79 82 146 304 399 21 22 112
1 3600 63
8
885 145 146 304 399 331 332 105
1 3600 63
5
79 82 146 304 399
1 3600 64
3
890 149 83
1 3600 53
13
891 655 403 406 643 475 471 468 619 617 391 392 396
1 3600 53
4
403 406 285 286
1 3600 189
8
285 282 439 113 110 892 615 612
1 3600 758
14
887 145 148 409 399 21 22 87 88 615 612 275 278 340
1 3600 758
34
82 148 749 750 597 592 635 607 610 811 808 812 837 553 507 129 130 165 162 504 706 712 848 843 431 434 57 52 429 423 420 834 229 226
1 3600 758
17
749 741 744 876 880 681 678 171 172 201 204 183 180 709 706 710 860
1 3600 758
35
753 754 595 592 635 607 610 143 138 152 718 689 125 130 511 512 581 578 199 133 134 656 666 882 653 650 419 157 158 431 434 63 51 44 550
1 3600 758
8
82 146 304 399 21 24 74 990
1 3600 758
13
404 890 409 399 21 18 34 702 823 67 64 449 450
1 3600 632
8
86 112 438 488 67 64 919 920
1 3600 158
3
85 88 948
1 3600 758
6
85 88 615 612 275 280
1 3600 758
42
393 390 616 329 326 641 638 763 764 663 660 664 321 318 271 249 244 461 462 837 553 507 501 121 118 134 656 666 882 653 543 293 290 804 621 567 425 420 834 963 960 871
1 3600 758
38
477 474 191 196 622 764 663 523 524 705 459 456 527 528 576 908 565 562 557 507 501 498 656 666 882 653 543 540 781 782 864 928 936 946 693 690 700 976
1 3600 758
21
210 304 399 331 332 829 183 180 503 504 706 712 177 174 416 804 303 298 946 950 952
1 3600 758
11
614 893 37 34 702 71 74 989 935 779 782
1 3600 758
16
614 893 37 19 20 331 332 829 183 178 532 165 166 578 602 958
1 3600 632
10
614 89 86 23 20 331 332 829 183 178
1 3600 230
11
614 893 37 19 20 331 334 681 678 171 172
1 3600 68
5
210 147 148 749 750
1 3600 35
7
393 390 616 618 469 470 474
1 3600 83
9
473 468 495 323 326 641 638 115 116
1 3600 758
4
396 209 15 10
1 3600 758
39
477 474 191 196 622 764 663 660 317 318 271 249 93 94 310 808 717 718 689 125 126 492 121 118 134 656 666 882 653 650 419 416 804 303 300 412 586 731 39
1 3600 758
44
473 470 474 191 196 622 764 663 660 263 264 459 456 527 528 576 465 462 837 553 554 558 689 125 130 511 161 162 504 706 712 848 850 437 434 57 52 429 423 415 412 586 731 726
1 3600 758
20
614 89 86 23 24 74 989 935 779 780 773 774 845 846 177 155 158 431 434 57
1 3600 758
13
213 210 304 399 331 332 829 183 180 709 706 712 848
1 3600 758
7
614 893 37 34 702 71 74
1 3600 583
15
214 284 407 402 654 753 739 744 876 880 681 678 171 168 204
1 3600 168
4
287 282 439 113
1 3600 20
5
213 210 147 144 884
1 3600 142
8
397 393 390 616 618 469 472 213
1 3600 28
11
287 282 439 113 110 892 615 612 275 276 343
1 3600 758
20
397 393 390 616 618 469 470 474 642 285 282 439 113 110 892 615 612 275 278 340
1 3600 758
37
477 474 191 196 622 764 699 31 32 321 318 456 527 530 817 814 907 908 565 562 557 507 501 498 656 666 882 653 648 710 859 856 839 833 834 229 226
1 3600 758
31
473 470 474 191 196 622 764 663 523 524 705 459 271 268 91 94 310 808 717 718 689 125 126 490 161 162 504 706 710 860 984
1 3600 758
41
214 284 297 219 216 874 721 29 32 321 318 271 249 244 461 462 837 553 507 129 130 511 512 605 199 133 134 656 666 882 653 543 293 290 804 621 567 568 261 258 550
1 3600 758
20
397 393 390 616 329 322 193 194 296 407 404 890 409 399 21 24 74 989 935 930
1 3600 758
10
614 89 86 112 438 488 67 64 449 450
1 3600 758
19
397 393 390 616 329 326 641 625 223 216 874 879 876 880 335 332 105 106 919
1 3600 93
15
397 393 390 616 618 469 470 476 287 282 439 113 87 88 948
1 3600 758
16
393 390 616 618 469 472 287 282 439 113 110 892 615 612 275 280
1 3600 758
21
613 614 893 37 34 702 71 74 989 869 864 928 940 944 693 690 700 974 5 8 905
1 3600 758
46
15 16 383 386 365 362 759 756 973 117 99 102 585 582 660 317 318 456 527 528 576 908 565 562 557 507 501 121 118 134 656 666 882 653 543 540 781 782 864 928 936 946 693 690 700 976
1 3600 758
49
206 599 445 373 374 376 638 763 764 663 660 263 264 459 271 268 91 96 315 312 610 143 136 151 152 718 689 125 130 165 166 578 199 133 134 656 666 882 653 543 540 781 782 864 928 940 944 950 956
1 3600 758
13
279 274 613 614 89 86 23 24 74 989 869 864 928
1 3600 758
26
206 599 445 373 374 376 625 622 764 699 31 26 592 677 678 171 172 201 202 734 689 125 126 492 498 656
1 3600 758
23
16 383 386 365 362 759 756 973 117 99 102 585 582 660 664 321 318 271 249 244 461 462 837
1 3600 583
19
342 277 274 613 614 893 111 23 20 331 334 681 609 313 309 306 245 246 529
1 3600 211
14
279 274 613 614 89 86 23 20 398 408 749 741 742 874
1 3600 71
16
342 277 274 613 614 893 111 112 438 283 286 473 468 619 617 391
1 3600 35
20
724 277 274 613 614 89 86 112 438 283 284 297 195 192 323 324 379 359 364 760
1 3600 199
24
277 274 613 614 893 111 112 438 283 215 212 477 471 468 495 323 324 447 444 598 545 546 257 252
1 3600 758
33
16 544 381 386 365 358 376 638 763 764 699 696 29 26 592 677 678 171 168 204 183 180 709 706 712 848 850 856 839 833 834 963 960
1 3600 758
22
277 274 613 614 89 86 112 438 488 824 853 821 73 74 989 869 864 928 936 299 300 412
1 3600 758
26
277 274 613 614 893 37 34 702 71 74 989 935 779 780 773 770 802 846 177 155 158 431 434 63 51 46
1 3600 758
12
279 274 613 614 89 86 23 24 74 989 935 932
1 3600 758
17
274 613 614 893 37 19 20 331 332 829 183 178 534 503 504 706 649
1 3600 758
19
206 599 445 446 325 322 193 194 219 216 743 744 876 880 335 332 105 106 449
1 3600 542
12
724 277 274 613 614 89 86 23 20 331 332 105
1 3600 154
14
724 277 274 613 614 893 37 19 20 398 305 147 83 78
1 3600 32
10
206 599 445 446 325 322 494 469 470 476
1 3600 111
3
724 277 274
1 3600 118
3
276 343 340
1 3600 758
29
613 614 89 86 112 438 488 824 853 821 73 74 989 935 779 780 773 770 289 290 804 621 567 425 420 834 645 225 226
1 3600 758
50
15 16 383 386 365 358 376 625 622 764 663 523 524 705 459 456 527 528 574 814 907 908 565 562 557 507 501 121 118 134 656 666 882 653 650 419 416 804 621 567 568 429 426 353 354 841 833 834 229 230
1 3600 758
24
279 274 613 614 893 111 23 20 331 332 829 183 180 709 706 712 848 843 431 434 63 60 258 550
1 3600 758
13
277 274 613 614 89 86 112 438 488 822 71 74 992
1 3600 758
21
16 544 599 445 446 325 326 641 625 223 216 874 879 876 880 335 332 105 106 449 454
1 3600 758
16
206 599 445 446 325 322 193 190 642 285 282 488 67 64 919 920
1 3600 185
3
274 613 614
1 3600 281
22
14 208 397 393 390 616 618 469 472 213 214 282 439 113 87 88 615 612 275 276 725 722
1 3600 758
22
341 279 274 613 614 893 37 34 702 71 74 989 869 864 928 940 944 693 690 700 974 339
1 3600 758
20
341 279 274 613 614 89 86 23 24 74 989 869 864 928 936 946 693 690 700 976
1 3600 758
21
341 279 274 613 614 893 37 34 702 71 74 989 935 779 782 864 928 940 944 950 954
1 3600 758
14
341 279 274 613 614 893 111 23 24 74 989 869 864 928
1 3600 758
30
341 342 277 274 613 614 89 86 23 20 331 334 681 609 610 143 138 152 718 689 125 126 490 512 605 199 133 134 656 668
1 3600 758
19
341 279 274 613 614 893 37 19 20 331 334 681 609 610 143 140 717 714 553
1 3600 758
18
341 342 277 274 613 614 89 86 23 20 331 334 681 609 610 811 467 464
1 3600 758
17
341 279 274 613 614 893 111 112 438 283 284 297 219 220 827 663 660
1 3600 474
15
341 342 277 274 613 614 89 86 112 438 283 284 297 219 222
1 3600 154
21
341 279 274 613 614 893 111 112 438 283 286 473 468 619 617 601 598 545 546 257 250
1 3600 185
27
341 342 277 274 613 614 89 86 112 438 283 215 212 477 471 468 495 323 324 379 359 360 795 255 250 910 914
1 3600 758
33
341 279 274 613 614 893 37 19 20 331 332 829 183 178 534 503 504 706 710 859 437 432 303 300 412 586 731 39 42 570 776 789 792
1 3600 758
40
341 342 277 274 613 614 89 86 23 20 331 332 829 183 178 532 165 166 578 602 889 123 118 134 656 666 882 653 650 419 416 804 621 55 58 51 44 548 353 354
1 3600 758
24
341 279 274 613 614 893 37 19 20 331 332 829 183 180 709 706 712 177 155 158 431 434 63 51
1 3600 758
33
341 342 277 274 613 614 89 86 23 20 331 334 681 678 171 168 202 734 689 125 126 492 498 656 670 674 685 686 894 653 650 419 175
1 3600 758
15
341 279 274 613 614 893 111 112 438 488 824 853 821 73 74
1 3600 758
12
341 342 277 274 613 614 89 86 112 438 488 67
1 3600 758
8
341 279 274 613 614 893 111 112
1 3600 758
15
341 342 277 274 613 614 89 86 23 20 398 408 149 144 886
1 3600 542
11
341 279 274 613 614 893 111 112 438 283 215
1 3600 53
19
341 342 277 274 613 614 89 86 112 438 283 286 473 468 619 617 601 598 207
1 3600 758
24
341 279 274 613 614 893 37 19 20 331 332 829 183 180 503 504 706 710 860 839 833 834 645 646
1 3600 758
43
341 342 277 274 613 614 89 86 23 20 331 334 681 678 171 172 201 202 734 689 125 130 511 512 605 199 133 134 656 666 882 653 543 293 290 804 621 567 425 420 834 229 230
1 3600 758
27
341 279 274 613 614 893 37 34 702 71 74 989 935 779 780 773 774 845 846 848 843 431 434 57 58 51 48
1 3600 758
14
341 342 277 274 613 614 89 86 23 24 74 989 935 930
1 3600 758
14
341 279 274 613 614 893 111 112 438 488 67 64 449 450
1 3600 758
14
341 342 277 274 613 614 89 86 112 438 488 67 64 919
1 3600 758
5
341 279 274 613 614
1 3600 262
4
341 342 277 280
1 3600 758
7
227 228 963 960 871 872 9
1 3600 758
9
647 644 963 960 871 872 9 4 975
1 3600 758
9
227 228 835 421 415 410 691 692 950
1 3600 758
7
227 228 835 421 415 301 298
1 3600 758
17
647 644 835 832 838 861 711 649 652 883 667 657 135 119 122 888 958
1 3600 758
10
647 644 835 832 838 861 711 707 708 535
1 3600 758
25
647 225 228 835 832 838 857 851 849 713 649 652 883 667 657 135 119 120 500 506 556 563 560 813 141
1 3600 758
31
647 644 835 832 838 861 711 649 652 883 667 657 499 493 127 124 688 719 153 139 142 611 606 634 593 27 30 698 826 221 218
1 3600 758
33
647 225 228 835 832 838 857 851 849 713 707 505 163 164 131 128 506 552 836 463 460 245 248 270 458 265 266 522 662 765 623 197 192
1 3600 758
44
227 228 835 421 424 566 620 805 417 418 651 652 883 667 657 135 119 120 500 506 556 563 564 909 906 815 816 531 526 457 319 316 661 662 765 762 639 377 359 364 760 401 369 370
1 3600 758
43
227 228 835 832 838 861 711 649 652 883 667 657 135 132 198 579 167 164 131 124 688 719 716 141 142 611 606 634 593 27 30 698 765 623 624 377 375 372 444 598 545 17 12
1 3600 87
8
227 224 644 963 960 521 518 793
1 3600 185
5
647 644 835 832 840
1 3600 632
6
227 228 835 421 424 237
1 3600 758
8
647 644 835 832 838 857 851 843
1 3600 758
13
227 228 835 421 415 301 298 943 941 929 865 868 988
1 3600 758
18
647 644 835 421 415 301 298 937 929 865 868 988 75 72 820 852 825 67
1 3600 758
35
227 228 835 832 840 355 352 427 428 569 566 620 805 291 292 542 652 883 667 657 499 493 127 124 688 735 203 200 173 170 679 680 335 330 21
1 3600 758
23
647 644 835 832 838 857 851 849 713 707 708 181 182 205 169 170 679 676 593 596 751 748 149
1 3600 758
38
227 228 835 832 838 861 711 707 505 163 160 510 131 124 688 719 716 809 311 95 92 248 270 458 704 525 522 662 765 762 639 640 327 328 617 391 392 396
1 3600 758
22
647 644 835 421 415 301 298 943 941 929 865 868 988 75 25 18 36 892 615 612 275 276
1 3600 758
46
227 228 835 832 840 355 352 549 259 61 59 56 435 430 159 156 418 651 652 883 667 657 135 119 120 500 506 552 715 153 139 142 611 608 680 335 330 21 18 36 892 615 612 275 278 340
1 3600 758
3
227 224 646
1 3600 78
5
227 228 835 832 838
1 3600 758
10
647 644 835 832 840 355 352 549 45 48
1 3600 758
17
227 228 835 832 838 857 851 849 847 803 771 772 781 778 934 988 990
1 3600 758
19
647 644 835 421 415 301 298 937 929 865 868 988 75 70 823 67 64 449 450
1 3600 758
16
647 644 835 832 838 861 711 707 708 535 179 182 828 105 106 919
1 3600 758
34
647 644 835 421 424 566 620 805 291 292 542 652 883 667 657 499 493 127 124 688 735 203 200 173 170 679 680 335 330 21 22 87 88 948
1 3600 758
27
227 228 835 832 838 857 851 849 847 844 775 772 781 778 934 988 75 25 18 36 892 615 612 275 276 725 722
1 3600 632
10
985 839 833 834 963 960 871 872 9 6
1 3600 758
9
839 840 355 352 427 423 415 410 700
1 3600 690
11
985 839 840 355 352 427 423 415 410 691 694
1 3600 758
8
857 437 432 303 298 943 941 929
1 3600 758
11
985 861 711 649 652 883 667 657 135 119 122
1 3600 758
29
231 228 835 421 422 428 53 56 435 430 159 154 174 418 651 652 883 667 657 135 132 198 579 580 513 510 131 128 508
1 3600 758
23
231 228 835 421 424 566 620 805 291 292 542 652 883 667 657 499 500 506 552 836 463 464 906
1 3600 758
16
861 859 851 849 713 707 505 502 181 182 205 169 170 679 680 881
1 3600 758
40
231 224 644 835 832 840 355 352 549 259 61 62 435 430 159 156 418 651 652 883 667 657 135 119 120 500 506 556 563 564 909 577 529 526 457 319 316 661 583 584
1 3600 758
27
857 851 849 713 707 505 163 164 131 124 688 719 716 809 467 460 245 248 270 458 265 262 661 583 584 103 100
1 3600 758
46
231 228 835 421 424 566 620 805 291 292 542 652 883 667 657 135 132 198 604 513 491 127 124 688 719 153 150 137 142 611 606 634 593 27 30 698 765 762 115 116 972 757 758 766 830 912
1 3600 98
9
985 839 833 834 963 960 521 518 798
1 3600 44
11
985 839 840 355 352 427 423 415 412 586 922
1 3600 99
5
985 839 840 355 352
1 3600 217
5
861 859 851 849 177
1 3600 758
3
985 861 711
1 3600 758
24
231 224 644 963 960 521 514 904 9 4 975 701 691 692 947 937 929 865 868 988 75 70 823 67
1 3600 758
19
985 857 851 849 847 803 771 772 781 778 934 988 75 72 820 852 825 67 68
1 3600 758
23
857 851 849 713 707 708 535 179 182 205 200 173 170 679 676 593 594 755 752 655 77 82 144
1 3600 758
23
861 711 707 505 163 164 131 124 688 719 153 139 142 611 606 634 593 596 751 748 149 146 211
1 3600 758
37
985 857 851 849 847 803 747 651 652 883 667 657 499 500 506 552 836 463 464 577 529 526 457 319 320 665 661 662 765 623 624 377 375 372 444 598 207
1 3600 758
22
861 859 851 849 847 844 775 772 781 778 934 988 75 25 22 87 88 615 612 275 278 340
1 3600 165
6
839 833 834 645 225 226
1 3600 168
6
985 839 833 834 229 230
1 3600 165
7
985 839 840 355 352 549 550
1 3600 361
13
985 857 851 849 847 844 775 772 781 778 934 988 992
1 3600 758
11
861 711 707 708 181 182 828 105 106 449 454
1 3600 758
19
231 228 835 421 415 301 298 943 941 929 865 868 988 75 70 823 67 64 919
1 3600 758
17
857 851 849 713 707 505 502 181 182 828 333 330 21 18 36 892 948
1 3600 758
31
231 224 644 963 960 871 872 9 2 338 975 701 691 692 945 941 929 865 868 988 75 25 22 87 88 615 612 275 276 725 722
1 3600 758
14
551 259 260 429 423 415 412 586 731 726 41 42 570 776
1 3600 758
7
551 548 427 423 415 410 700
1 3600 758
11
551 259 260 429 423 415 410 691 692 950 954
1 3600 758
16
551 45 50 62 435 430 159 154 174 418 746 771 772 781 782 866
1 3600 758
12
551 259 61 59 54 620 805 291 292 542 652 883
1 3600 758
23
551 45 50 59 54 620 805 417 418 651 652 883 667 657 135 132 198 579 167 160 491 127 124
1 3600 758
25
49 50 62 435 430 159 156 418 651 652 883 667 657 135 119 120 500 506 556 563 560 813 809 311 308
1 3600 758
35
49 50 59 56 435 430 807 291 292 542 652 883 667 657 135 132 198 604 513 510 131 128 506 556 563 564 909 906 815 575 529 273 270 319 320
1 3600 758
35
551 259 260 569 566 620 805 417 418 651 652 883 667 657 499 493 127 124 688 735 203 169 170 679 680 881 877 878 875 217 222 624 640 327 328
1 3600 758
30
49 50 62 435 430 159 154 176 713 707 708 535 179 182 205 169 170 679 676 593 27 30 698 765 762 639 377 359 360 795
1 3600 758
41
49 50 59 54 620 805 291 292 542 652 883 667 657 135 119 120 500 506 552 836 463 460 245 248 270 458 704 525 522 583 584 103 98 116 972 757 758 766 830 251 252
1 3600 632
11
49 44 548 353 354 841 833 834 645 239 240
1 3600 185
8
551 548 427 423 415 412 586 922
1 3600 89
6
49 44 259 260 429 423
1 3600 124
10
551 259 61 62 435 430 159 154 174 418
1 3600 690
13
49 50 59 54 620 805 291 288 771 772 781 778 934
1 3600 758
13
551 259 260 53 56 435 430 159 154 176 713 707 505
1 3600 758
13
49 50 62 435 430 842 849 713 707 708 181 182 828
1 3600 758
42
551 259 260 569 566 620 805 417 418 651 652 895 687 684 675 671 657 135 132 198 579 167 164 131 124 688 719 153 150 137 142 611 608 680 881 877 745 738 752 655 77 80
1 3600 758
40
49 50 59 54 620 805 291 292 542 652 883 667 657 499 493 127 124 688 719 716 809 311 95 90 269 270 319 316 661 662 765 623 624 640 327 328 617 391 392 396
1 3600 758
23
49 44 548 427 423 415 301 298 937 929 865 868 988 75 70 703 35 36 892 615 612 275 276
1 3600 758
27
49 50 59 56 435 430 159 154 176 847 844 775 772 781 778 934 988 75 25 22 87 88 615 612 275 278 340
1 3600 758
9
551 548 353 354 841 833 834 645 646
1 3600 78
7
49 44 548 353 354 841 838
1 3600 758
3
551 45 48
1 3600 83
14
551 259 260 569 566 620 805 291 288 771 772 781 778 930
1 3600 758
22
49 44 548 427 423 415 301 298 937 929 865 868 988 75 72 820 852 825 67 64 449 452
1 3600 758
17
49 50 62 435 430 842 849 713 707 505 502 181 182 828 105 106 919
1 3600 758
37
551 259 260 569 566 620 805 417 418 651 652 883 667 657 135 132 198 579 580 513 510 131 124 688 735 203 200 173 170 679 680 335 330 21 22 110 892
1 3600 758
26
49 50 59 56 435 436 858 711 707 708 535 179 182 828 333 330 21 22 87 88 615 612 275 276 725 722
1 3600 758
14
991 989 869 864 928 936 299 300 412 586 731 39 42 570
1 3600 758
11
993 989 869 864 928 940 942 946 693 690 700
1 3600 690
10
931 779 782 864 928 936 946 693 694 786
1 3600 506
6
993 989 869 864 928 940
1 3600 542
11
991 989 935 779 780 541 542 652 895 687 682
1 3600 690
15
993 75 72 820 852 825 67 64 107 104 829 737 734 689 125
1 3600 758
11
991 75 70 823 67 64 107 104 829 205 169
1 3600 758
9
991 75 25 20 398 408 891 753 754
1 3600 758
14
991 75 25 20 398 408 749 741 742 217 222 624 638 115
1 3600 758
37
931 779 780 541 542 652 883 667 657 135 119 120 500 506 556 563 564 909 577 529 526 457 458 265 262 661 583 584 103 98 116 972 757 345 346 911 251
1 3600 758
20
993 75 25 20 398 408 891 405 406 297 195 192 323 324 447 444 598 207 15 12
1 3600 758
13
991 989 869 864 928 936 299 300 412 586 731 726 732
1 3600 330
18
993 989 935 779 780 773 770 289 290 804 621 233 236 568 429 426 353 356
1 3600 102
16
993 989 935 779 780 773 770 802 846 177 155 158 431 434 63 51
1 3600 31
5
931 779 780 773 768
1 3600 107
6
931 779 780 541 542 648
1 3600 292
3
991 75 70
1 3600 758
10
991 75 72 820 852 825 67 64 107 104
1 3600 758
14
931 934 988 75 70 703 35 19 20 398 305 147 83 80
1 3600 758
17
991 75 25 20 398 408 891 405 406 643 475 471 468 619 617 391 392
1 3600 758
37
931 779 780 541 542 652 883 667 657 499 500 506 552 836 463 464 906 815 816 531 526 457 319 320 33 30 698 765 762 639 377 375 372 444 598 545 17
1 3600 758
16
993 75 72 820 852 825 489 439 113 110 892 615 612 275 278 340
1 3600 758
15
931 779 780 773 774 845 846 848 850 856 839 833 834 645 646
1 3600 361
13
993 989 935 779 780 773 770 802 846 848 850 856 984
1 3600 168
13
931 779 780 773 770 289 290 804 621 55 58 51 48
1 3600 185
4
993 989 935 930
1 3600 758
8
991 75 70 823 67 64 449 454
1 3600 758
10
991 75 72 820 852 825 67 64 919 920
1 3600 758
8
993 75 70 703 35 36 892 948
1 3600 758
13
991 75 70 823 489 439 113 87 88 615 612 275 280
1 3600 758
29
455 448 107 104 829 183 178 532 165 166 578 199 133 134 656 666 882 653 650 419 416 804 303 300 410 700 974 339 3
1 3600 758
19
455 448 107 104 829 183 180 709 706 712 177 155 158 807 804 303 300 410 700
1 3600 758
31
451 448 107 104 829 183 178 532 511 512 581 578 602 889 123 118 134 656 666 882 653 543 540 781 782 864 928 940 944 950 956
1 3600 758
13
451 448 65 66 824 853 821 73 74 989 869 864 928
1 3600 758
11
451 448 107 104 829 183 178 532 511 512 986
1 3600 474
11
453 448 107 104 829 737 734 559 555 507 508
1 3600 583
11
455 448 107 104 333 334 681 609 313 309 306
1 3600 758
14
455 448 107 104 333 334 881 877 878 721 29 32 665 661
1 3600 758
16
451 448 107 104 333 334 881 877 878 721 697 698 765 762 115 99
1 3600 758
21
453 448 107 104 333 334 881 877 745 742 217 218 195 192 323 324 379 359 364 760 401
1 3600 758
22
453 448 107 104 333 334 881 877 878 875 217 218 195 192 323 324 447 444 598 207 15 12
1 3600 758
27
451 448 107 104 829 183 180 503 504 706 649 543 293 290 804 303 300 412 586 731 39 42 570 776 789 792 798
1 3600 758
19
451 448 65 66 824 853 821 73 74 989 869 864 928 936 299 300 412 586 924
1 3600 758
14
451 448 107 104 829 183 180 709 706 712 848 850 437 434
1 3600 361
19
453 448 107 104 829 737 734 689 125 126 492 498 656 666 882 653 650 419 157
1 3600 172
7
453 448 65 66 822 71 74
1 3600 62
7
453 448 65 66 824 853 821
1 3600 146
4
451 448 65 68
1 3600 474
12
451 448 107 104 333 334 881 877 745 738 752 655
1 3600 758
9
453 448 107 104 333 330 398 305 211
1 3600 758
16
453 448 65 66 489 283 286 477 471 468 619 617 391 392 396 209
1 3600 758
14
451 448 65 66 489 439 113 87 88 615 612 275 278 340
1 3600 758
18
451 448 107 104 829 183 178 534 503 504 706 710 860 839 833 834 229 226
1 3600 758
29
453 448 107 104 829 183 178 532 165 166 578 199 133 134 656 666 882 653 543 293 290 804 621 567 425 420 834 229 230
1 3600 758
19
453 448 107 104 829 183 180 709 706 712 848 843 431 434 57 52 261 258 550
1 3600 583
8
451 448 65 66 822 71 74 990
1 3600 330
3
451 448 919
1 3600 758
9
455 448 65 66 489 439 113 110 892
1 3600 758
13
455 448 65 66 489 439 113 87 88 615 612 275 280
1 3600 758
22
921 918 65 66 824 853 821 73 74 989 869 864 928 940 944 693 690 700 974 5 8 905
1 3600 758
15
918 65 66 822 71 74 989 869 864 928 936 946 693 690 700
1 3600 758
17
921 918 65 66 824 853 821 73 74 989 869 864 928 940 944 950 954
1 3600 758
11
921 918 65 66 822 71 74 989 869 864 928
1 3600 758
17
921 918 107 104 829 737 734 689 125 126 492 121 118 134 656 666 882
1 3600 758
5
918 107 104 829 737
1 3600 583
6
921 918 107 104 829 205
1 3600 758
14
918 107 104 333 334 681 676 635 591 588 269 272 526 538
1 3600 758
13
918 107 104 333 334 881 877 878 875 217 218 195 192
1 3600 758
17
918 107 104 333 334 881 877 878 721 29 32 665 661 583 584 103 100
1 3600 758
23
921 918 107 104 333 330 398 408 891 405 406 643 475 471 468 619 617 391 392 396 209 15 10
1 3600 758
34
918 107 104 829 183 178 532 165 166 578 199 133 134 656 666 882 653 650 419 416 804 303 300 412 586 731 726 41 42 570 776 515 516 870
1 3600 758
16
921 918 107 104 829 183 180 503 504 706 710 860 839 833 485 486
1 3600 758
26
921 918 107 104 829 737 734 689 125 126 492 498 656 666 882 653 543 293 290 804 621 567 568 429 426 994
1 3600 758
12
918 65 66 822 71 74 989 935 779 780 773 774
1 3600 758
9
921 918 107 104 829 183 180 709 706
1 3600 176
7
918 107 104 829 183 178 534
1 3600 86
7
921 918 65 66 489 439 113
1 3600 185
10
918 65 66 822 703 35 19 20 398 408
1 3600 758
13
918 65 66 489 283 215 212 473 468 619 617 391 392
1 3600 758
11
921 918 65 66 822 703 35 36 892 615 612
1 3600 758
15
921 918 65 66 489 439 113 87 88 615 612 275 276 343 340
1 3600 758
28
918 107 104 829 183 178 532 511 512 605 199 133 134 656 666 882 653 650 419 416 804 621 567 425 420 834 645 646
1 3600 758
18
918 107 104 829 183 180 503 504 706 712 848 850 856 839 833 834 229 230
1 3600 758
26
921 918 65 66 824 853 821 73 74 989 935 779 780 773 770 802 846 177 155 158 431 434 63 60 258 550
1 3600 758
9
918 65 66 824 853 821 73 74 990
1 3600 244
4
921 918 449 450
1 3600 758
10
921 918 65 66 822 703 35 36 892 948
1 3600 758
12
918 65 66 489 439 113 87 88 615 612 275 280
1 3600 758
36
893 37 19 20 331 334 681 609 610 143 136 151 152 714 553 507 501 121 118 134 656 666 882 653 543 293 290 804 303 300 412 586 731 39 42 570
1 3600 758
33
89 86 23 20 331 334 681 609 610 143 138 152 714 553 507 501 498 656 670 674 685 686 894 653 650 419 416 804 303 300 410 700 976
1 3600 758
34
949 893 37 19 20 331 334 681 609 610 811 808 812 561 562 557 507 501 121 118 134 656 666 882 653 543 540 781 782 864 928 936 946 950
1 3600 758
7
893 111 23 24 74 989 869
1 3600 758
21
89 86 23 20 331 334 681 678 171 168 202 734 689 125 126 492 498 656 666 673 674
1 3600 758
19
949 893 37 19 20 331 334 681 609 610 143 140 717 718 689 125 130 511 512
1 3600 690
14
89 86 23 20 331 334 681 609 610 811 808 812 561 564
1 3600 399
10
949 893 111 112 438 283 284 297 219 220
1 3600 361
12
89 86 112 438 283 284 297 219 222 624 638 115
1 3600 474
14
893 111 112 438 283 284 297 219 222 624 638 115 116 972
1 3600 758
19
949 89 86 112 438 283 286 477 471 468 619 617 601 598 545 546 257 250 912
1 3600 758
36
949 893 37 19 20 331 334 681 609 610 143 136 151 152 714 553 507 501 121 118 134 656 666 882 653 543 293 290 804 303 300 412 586 731 726 732
1 3600 758
36
89 86 23 20 331 334 681 678 171 172 201 202 734 689 125 130 165 166 578 199 133 134 656 666 882 653 650 419 416 804 303 300 412 586 731 726
1 3600 758
13
893 37 34 702 71 74 989 869 864 928 940 942 299
1 3600 758
7
89 86 23 24 74 989 935
1 3600 758
8
949 893 37 34 702 71 74 989
1 3600 758
7
89 86 112 438 488 824 853
1 3600 330
4
893 111 112 440
1 3600 98
9
89 86 23 20 398 305 147 144 886
1 3600 77
14
949 893 111 112 438 283 286 473 468 619 617 391 392 396
1 3600 142
3
615 612 275
1 3600 758
6
949 615 612 275 278 340
1 3600 758
23
949 89 86 23 20 331 334 681 678 171 168 204 183 180 709 706 710 860 839 833 834 229 226
1 3600 758
24
949 893 37 19 20 331 334 681 678 171 168 202 734 689 125 130 165 162 504 706 712 848 850 856
1 3600 758
32
949 89 86 23 20 331 334 681 609 610 143 138 152 714 553 507 501 498 656 666 882 653 650 419 157 158 431 434 63 60 258 550
1 3600 758
9
949 893 37 19 24 74 989 935 930
1 3600 758
9
893 111 112 438 488 67 64 449 452
1 3600 758
10
949 89 86 112 438 488 67 64 919 920
1 3600 758
5
949 615 612 275 280
1 3600 758
41
723 724 277 274 613 614 893 111 23 20 331 334 681 609 610 811 808 717 718 689 125 126 492 498 656 666 882 653 543 293 290 804 621 567 425 415 412 586 731 39 42
1 3600 758
21
723 724 277 274 613 614 89 86 23 24 74 989 869 864 928 936 946 693 690 700 976
1 3600 758
19
281 274 613 614 893 37 34 702 71 74 989 869 864 928 940 944 693 694 784
1 3600 758
35
723 724 277 274 613 614 89 86 23 20 331 334 681 609 610 143 140 812 561 562 557 507 501 121 118 134 656 666 882 653 543 540 781 782 864
1 3600 758
31
281 274 613 614 893 37 19 20 331 334 681 678 171 172 201 202 734 689 125 130 511 512 605 199 133 134 656 670 674 800 978
1 3600 758
18
723 724 277 274 613 614 89 86 23 20 331 332 829 183 178 532 511 512
1 3600 758
14
281 274 613 614 893 111 23 20 331 334 681 609 610 811
1 3600 758
14
281 274 613 614 89 86 23 20 398 408 749 741 742 874
1 3600 758
17
281 274 613 614 893 111 112 438 283 215 212 477 471 468 619 617 391
1 3600 583
20
281 274 613 614 89 86 112 438 283 284 643 191 192 323 324 379 359 362 766 351
1 3600 758
23
723 724 277 274 613 614 893 111 112 438 283 286 473 468 495 323 324 447 444 598 545 17 10
1 3600 758
32
281 274 613 614 893 37 19 20 331 332 829 183 180 503 504 706 712 848 850 437 434 57 52 429 423 420 834 963 960 521 518 798
1 3600 758
26
281 274 613 614 89 86 23 20 331 332 829 183 178 534 709 706 710 859 437 434 57 52 429 426 353 354
1 3600 758
26
281 274 613 614 893 37 19 20 331 332 829 183 180 503 504 706 712 177 155 158 431 434 63 60 258 548
1 3600 758
12
281 274 613 614 89 86 23 24 74 989 935 932
1 3600 758
12
723 724 277 274 613 614 893 37 34 702 71 74
1 3600 758
10
281 274 613 614 89 86 112 438 488 822
1 3600 758
6
281 274 613 614 89 86
1 3600 758
5
281 274 613 614 893
1 3600 690
10
281 274 613 614 89 86 112 438 283 215
1 3600 172
3
723 724 343
1 3600 361
4
281 276 343 340
1 3600 758
39
723 724 277 274 613 614 893 37 19 20 331 334 681 678 171 168 202 734 689 125 126 492 498 656 666 882 653 650 419 416 804 621 233 236 425 420 834 645 646
1 3600 758
17
281 274 613 614 893 111 23 20 331 332 829 183 180 709 706 710 860
1 3600 758
41
281 274 613 614 89 86 23 20 331 334 681 609 610 143 140 812 837 553 507 501 121 118 134 656 666 882 653 543 540 773 774 845 846 848 843 431 434 57 58 51 48
1 3600 758
15
723 724 277 274 613 614 893 37 34 702 71 74 989 935 930
1 3600 758
15
723 724 277 274 613 614 89 86 112 438 488 67 64 449 452
1 3600 758
12
281 274 613 614 893 111 112 438 488 67 64 919
1 3600 583
7
723 724 277 274 613 614 948
1 3600 446
4
723 724 277 280
