613
25.103312 102.7369 1 1
25.118778 102.7337 2 0
25.038395 102.65932 3 1
25.026104 102.64619 4 0
25.017124 102.7124 5 1
25.0042 102.72503 6 1
25.003061 102.71721 7 1
25.003183 102.71738 8 1
25.004059 102.72489 9 1
25.001822 102.709816 10 1
25.000614 102.70449 11 1
25.005701 102.69775 12 0
25.077166 102.73598 13 0
25.009296 102.70059 14 1
25.020576 102.71041 15 0
25.027763 102.68363 16 0
25.023657 102.689095 17 0
25.006626 102.688774 18 0
25.014227 102.68218 19 0
25.050241 102.71524 20 0
25.05612 102.72947 21 0
25.060888 102.734795 22 1
25.056463 102.73966 23 1
25.066359 102.730644 24 1
25.03667 102.6569 25 0
25.060461 102.72538 26 1
25.061703 102.7261 27 1
24.981503 102.668175 28 1
24.981234 102.66794 29 0
25.03608 102.66572 30 1
25.055656 102.66608 31 0
25.036953 102.67984 32 1
25.03646 102.72324 33 1
25.045143 102.71057 34 0
25.055107 102.688896 35 1
25.026377 102.757515 36 0
25.030495 102.7599 37 0
25.001184 102.740135 38 0
25.002298 102.73735 39 0
25.054749 102.7019 40 1
24.99073 102.715 41 0
25.061205 102.711235 42 0
25.061481 102.71078 43 0
25.03625 102.66819 44 0
25.033632 102.637054 45 0
25.053703 102.67398 46 1
25.055367 102.68764 47 1
25.050089 102.75989 48 0
25.033398 102.7233 49 0
25.022837 102.72652 50 0
25.013765 102.740746 51 1
25.011616 102.729965 52 1
25.077257 102.70106 53 0
25.05373 102.7425 54 0
25.064074 102.73819 55 0
25.036083 102.68428 56 1
25.05634 102.6545 57 0
24.980251 102.69097 58 0
25.026066 102.64624 59 0
25.025703 102.71954 60 1
25.025803 102.72139 61 1
25.020119 102.720146 62 1
25.002726 102.71364 63 1
25.024387 102.69018 64 0
25.016014 102.739296 65 1
25.124094 102.75137 66 1
25.07393 102.73446 67 1
25.073626 102.73712 68 0
25.119396 102.63707 69 0
25.104155 102.7406 70 1
25.1042 102.74042 71 1
25.127964 102.64998 72 0
25.103338 102.74381 73 1
25.015688 102.7332 74 0
25.063269 102.67412 75 0
25.050068 102.67365 76 1
25.049807 102.677956 77 1
25.019663 102.75702 78 1
25.0527 102.70609 79 1
24.991104 102.75098 80 1
25.037424 102.63721 81 0
25.02395 102.689606 82 1
25.068829 102.72214 83 1
25.127441 102.72689 84 0
25.020077 102.737656 85 1
24.980234 102.74108 86 0
25.122158 102.75285 87 1
25.125036 102.758804 88 0
25.118763 102.73054 89 0
24.994772 102.758446 90 1
25.08155 102.70898 91 0
25.080153 102.71223 92 0
25.079767 102.712654 93 1
25.081806 102.70865 94 1
25.065954 102.651535 95 1
25.062557 102.668396 96 1
25.067268 102.66295 97 0
25.075714 102.66662 98 0
25.075745 102.665886 99 1
25.07561 102.66457 100 0
25.076178 102.66734 101 1
24.980028 102.64959 102 0
24.981653 102.69213 103 0
24.987455 102.68679 104 0
24.99077 102.685394 105 0
24.979738 102.717094 106 0
24.979559 102.68307 107 0
24.97964 102.69141 108 0
25.001972 102.75998 109 0
25.018913 102.76007 110 0
25.068546 102.76021 111 0
25.110447 102.76021 112 0
25.128443 102.73969 113 0
25.110275 102.76012 114 0
25.121513 102.75995 115 0
25.110575 102.743004 116 1
25.121422 102.76 117 0
25.117823 102.731026 118 1
25.057993 102.7594 119 0
25.12819 102.68029 120 0
25.115591 102.74007 121 1
25.114214 102.65665 122 0
25.063171 102.72451 123 1
25.062874 102.72715 124 1
25.03556 102.68075 125 1
25.046873 102.730865 126 0
25.030554 102.75991 127 0
25.060337 102.74866 128 0
25.051085 102.74355 129 0
25.062666 102.75872 130 0
25.057919 102.759415 131 0
25.067024 102.74262 132 0
25.016138 102.75052 133 1
25.019423 102.74723 134 0
24.995165 102.76018 135 0
25.014828 102.75992 136 0
25.020296 102.74325 137 0
25.020525 102.74153 138 1
25.028297 102.74321 139 1
25.031769 102.737045 140 0
25.018867 102.75989 141 0
24.991001 102.68509 142 1
25.021626 102.72192 143 1
25.024286 102.72458 144 1
25.056997 102.71359 145 0
25.038855 102.70854 146 0
25.055964 102.66115 147 1
25.03566 102.671936 148 1
25.06108 102.7237 149 1
25.06204 102.71981 150 1
25.060463 102.68784 151 1
25.064219 102.72495 152 1
24.980429 102.668976 153 0
25.12482 102.758446 154 1
25.074837 102.707565 155 1
25.043226 102.67738 156 1
25.040419 102.695496 157 1
25.035078 102.71855 158 0
25.017271 102.72572 159 0
25.011654 102.72958 160 0
25.017263 102.72795 161 0
25.011578 102.7296 162 0
25.111866 102.73934 163 1
24.980053 102.72345 164 0
25.127493 102.72678 165 0
25.03204 102.64039 166 1
25.01687 102.714905 167 1
24.979816 102.72323 168 0
24.9895 102.67035 169 0
24.9822 102.718575 170 1
24.979757 102.72359 171 0
25.089294 102.76016 172 0
25.072645 102.730515 173 0
25.068768 102.722374 174 1
25.026157 102.707954 175 1
25.031347 102.702515 176 1
25.04042 102.70374 177 0
25.02132 102.71734 178 1
25.022354 102.74248 179 0
25.042643 102.708435 180 0
25.053516 102.69568 181 1
25.052773 102.68948 182 1
25.06423 102.70687 183 0
25.05327 102.707115 184 1
25.060022 102.71307 185 1
25.049559 102.69287 186 1
25.048334 102.70059 187 1
25.0417 102.63851 188 0
25.044619 102.637344 189 0
24.986048 102.7134 190 0
25.070938 102.690475 191 0
25.021498 102.71997 192 1
25.127964 102.649864 193 0
25.068699 102.700035 194 0
24.99503 102.76028 195 0
24.99495 102.76012 196 0
24.995218 102.760025 197 0
25.058573 102.70924 198 1
25.062038 102.72002 199 1
25.041048 102.71324 200 0
25.026163 102.6461 201 0
24.981468 102.69022 202 0
25.113482 102.759514 203 0
25.113543 102.759605 204 0
25.019018 102.7281 205 0
25.027983 102.72466 206 1
25.065931 102.63721 207 0
25.05265 102.66639 208 0
25.034721 102.644035 209 1
25.1157605 102.6653852 210 1
25.127796 102.6627627 211 0
25.0417723 102.6687025 212 1
25.0320764 102.730616 213 1
25.0340672 102.7330125 214 1
25.0840408 102.7310037 215 1
25.10535 102.7317333 216 1
25.1126382 102.72868 217 1
25.0848353 102.6713468 218 1
25.0833051 102.6375705 219 1
25.0932978 102.6539568 220 1
25.1125372 102.665127 221 1
25.088338 102.6698119 222 1
25.0739844 102.6730092 223 1
25.0972282 102.655127 224 1
25.0947138 102.6639728 225 0
25.074355 102.6492987 226 1
25.089262 102.6525843 227 1
25.0636958 102.6738428 228 1
25.0893272 102.666584 229 1
25.0552323 102.6548026 230 1
25.0619605 102.675365 231 1
25.0834556 102.6542992 232 1
25.1004404 102.6683063 233 1
25.0795883 102.6474 234 1
25.0801818 102.6525176 235 1
25.1007485 102.6591552 236 1
25.057764 102.680922 237 1
25.055165 102.688363 238 0
25.0847225 102.668467 239 1
25.0632858 102.6564007 240 0
25.0965678 102.642675 241 1
25.0682873 102.6725687 242 1
25.077876 102.651262 243 1
25.0944074 102.6703436 244 1
25.0919076 102.6585574 245 1
25.1016317 102.6561435 246 0
25.0583875 102.679424 247 1
25.076107 102.655115 248 1
25.0969085 102.6423775 249 1
25.0832634 102.6372912 250 1
25.073237 102.6597015 251 1
25.0818338 102.6485775 252 1
25.0378918 102.6594785 253 1
25.0455423 102.660135 254 1
25.0443157 102.6662975 255 1
25.0425884 102.659862 256 1
25.0530545 102.660805 257 1
25.0307964 102.6605402 258 1
25.0366297 102.6588633 259 1
25.0366185 102.6594893 260 1
25.0493194 102.6605206 261 1
25.02826 102.661579 262 0
25.0117837 102.7299187 263 1
25.016787 102.72466 264 0
25.012003 102.731246 265 1
25.0191648 102.7400285 266 1
25.0203368 102.739259 267 1
25.0030579 102.7210131 268 1
25.0198227 102.7395925 269 1
25.0143027 102.7433065 270 1
24.996229 102.698925 271 1
24.996237 102.6992703 272 1
25.0000717 102.7005466 273 1
25.015361 102.750837 274 0
25.0107588 102.745832 275 1
25.0008737 102.7069017 276 1
25.0085781 102.7078604 277 1
24.9914443 102.6967856 278 1
25.021047 102.7142725 279 1
25.0034865 102.707652 280 1
25.0267069 102.7129955 281 1
25.0189713 102.7143626 282 0
25.0118418 102.719304 283 1
25.0409498 102.71823 284 1
25.0360921 102.7185439 285 1
25.009244 102.70075 286 1
25.041037 102.7147828 287 1
25.0140485 102.72732 288 0
25.041074 102.713595 289 0
25.00984 102.713795 290 1
25.0468247 102.7311865 291 1
25.0454935 102.7181422 292 1
25.0272157 102.719388 293 1
25.0452805 102.71425 294 1
25.0204388 102.7257741 295 1
25.045977 102.7240785 296 1
25.03961 102.6885818 297 1
25.0473345 102.6877665 298 1
25.0527846 102.7132454 299 1
25.056941 102.712262 300 1
25.0295645 102.7503115 301 1
25.0568428 102.7180773 302 1
25.0484025 102.67348 303 1
25.0385903 102.6891933 304 1
25.0530247 102.725966 305 1
25.0549397 102.7237512 306 1
25.0362465 102.7154361 307 1
25.0271693 102.71266 308 1
25.0271098 102.7480175 309 1
25.046878 102.6930766 310 1
25.048113 102.677905 311 1
25.0524484 102.718026 312 1
25.0503007 102.69611 313 1
25.0280307 102.69671 314 1
25.0311017 102.6942933 315 1
25.0344318 102.6917363 316 0
25.072381 102.73349 317 0
25.0519935 102.7052913 318 1
25.0462416 102.6975042 319 1
25.038912 102.71509 320 1
25.03836 102.6375532 321 1
25.0125248 102.7072396 322 1
24.9995657 102.6953492 323 1
24.9902093 102.7043959 324 1
24.9963808 102.705866 325 1
24.9859753 102.7035613 326 1
25.0200083 102.7071786 327 1
25.0249327 102.6991175 328 1
24.9826562 102.7034285 329 1
24.9909872 102.7047945 330 1
24.9825126 102.7036474 331 0
24.9963535 102.7060425 332 1
25.0239441 102.7068955 333 1
25.0236277 102.69682 334 1
25.029482 102.7043125 335 1
25.0246137 102.6991147 336 0
25.017059 102.700571 337 1
25.0306555 102.685647 338 1
25.0993673 102.7173267 339 1
25.1027309 102.7187211 340 1
25.110139 102.7216359 341 1
25.1152714 102.7230562 342 1
25.0711606 102.70773 343 1
25.1028168 102.7184772 344 0
25.077263 102.7093475 345 1
25.07456 102.708398 346 1
25.0707133 102.7074683 347 1
25.0024797 102.6836658 348 1
25.0002838 102.688216 349 1
24.999357 102.6794293 350 1
24.9961229 102.6817894 351 1
25.0005212 102.6885765 352 0
25.0003177 102.6877767 353 0
24.997866 102.68446 354 0
25.0073934 102.6728462 355 1
25.0183298 102.675054 356 1
25.0116825 102.6691179 357 1
25.019772 102.676992 358 1
25.010165 102.67701 359 0
25.0259289 102.7418985 360 1
25.0501315 102.718025 361 1
25.065215 102.729568 362 1
25.070534 102.73475 363 0
25.0643155 102.7331505 364 1
25.1126475 102.665329 365 1
25.0607035 102.729507 366 1
25.113552 102.7526992 367 0
25.1056658 102.7480738 368 1
24.9909097 102.6849933 369 1
24.992946 102.6552347 370 0
25.0421675 102.6662425 371 1
25.0594177 102.6552512 372 1
25.0589495 102.661325 373 1
25.0555097 102.6741167 374 0
25.031507 102.7240361 375 1
25.053942 102.6909485 376 1
25.074824 102.661777 377 1
25.0785025 102.656278 378 1
25.0852785 102.6504625 379 1
25.101764 102.6451533 380 1
25.0010985 102.739955 381 0
25.0498605 102.6534307 382 1
25.0657405 102.6973425 383 1
24.9907113 102.7109338 384 1
25.0736252 102.727139 385 1
25.005075 102.73082 386 1
25.0058283 102.7316282 387 1
25.049753 102.6876125 388 1
25.051781 102.688069 389 1
25.0544563 102.6786757 390 0
25.0539683 102.69137 391 0
25.0635654 102.7079847 392 1
25.0623855 102.705187 393 1
25.0271815 102.648525 394 1
25.0363372 102.6413988 395 1
25.0406003 102.6472607 396 1
25.045481 102.640642 397 1
25.0510139 102.6717841 398 1
25.0670776 102.6613418 399 1
25.0745852 102.665792 400 1
25.0750158 102.6655793 401 1
25.0522803 102.6709075 402 1
25.0663813 102.7076699 403 1
25.0806242 102.7118025 404 1
25.05571 102.6890417 405 0
24.9945945 102.660801 406 1
25.0438527 102.6930017 407 1
25.0568787 102.7124833 408 1
25.0425483 102.75327 409 1
25.0359725 102.701128 410 1
25.0456016 102.7083568 411 1
25.075974 102.6695722 412 1
25.0903684 102.7353913 413 1
25.031914 102.722795 414 0
25.035892 102.709987 415 1
25.0126916 102.7340991 416 1
25.0145972 102.7417254 417 1
25.0139388 102.7422002 418 1
25.0365798 102.724089 419 1
25.0277438 102.7239793 420 1
25.025746 102.7240933 421 0
25.008276 102.7294615 422 0
25.021969 102.72525 423 1
25.041158 102.7240722 424 1
25.0179148 102.7269494 425 1
25.0496007 102.7240967 426 1
25.0549415 102.702885 427 1
25.0647219 102.7007373 428 1
25.0378742 102.7433348 429 1
25.0402528 102.7432902 430 1
25.0506166 102.7287208 431 1
25.0578461 102.7426757 432 1
25.0574195 102.742155 433 0
25.0588035 102.727597 434 1
25.0632317 102.73201 435 1
25.0677305 102.7366325 436 1
25.076489 102.665448 437 0
24.9909207 102.6590138 438 1
25.0428439 102.6540556 439 1
25.031979 102.6836663 440 1
25.0662525 102.6561114 441 1
25.1281597 102.6394133 442 0
25.1188631 102.6651971 443 1
25.0686147 102.696184 444 1
25.0500918 102.6688034 445 1
25.0582277 102.6699258 446 1
25.0673296 102.6668971 447 1
25.0417478 102.6683627 448 1
25.0480317 102.6685069 449 1
25.0479307 102.6693851 450 1
25.0296805 102.6739454 451 0
24.9813426 102.690434 452 1
25.0204705 102.722115 453 1
25.035205 102.6809825 454 1
25.0257495 102.69335 455 1
25.0342035 102.7183898 456 1
25.1184537 102.7489865 457 1
25.1196726 102.7547698 458 1
25.0746478 102.724358 459 0
25.0718735 102.7325095 460 0
25.0690603 102.6407783 461 1
25.0923588 102.7206472 462 1
24.9889283 102.7490177 463 1
25.113291 102.6513963 464 1
25.113537 102.6519275 465 0
25.0715913 102.6417266 466 1
25.0458053 102.6535643 467 1
25.0514013 102.6926233 468 1
25.1088045 102.73799 469 1
25.1104896 102.7334748 470 1
25.0613 102.7035913 471 1
25.0593527 102.7014717 472 1
25.07594 102.6689325 473 1
25.0957426 102.7409127 474 1
25.0172225 102.7412825 475 1
25.0153035 102.7425955 476 1
25.053795 102.678535 477 1
25.01959 102.756985 478 1
25.0208607 102.7533475 479 1
25.0666718 102.6910216 480 1
24.9824684 102.717757 481 1
25.0165606 102.6999592 482 1
25.0471505 102.7062 483 0
25.0474975 102.69707 484 1
25.0359095 102.698772 485 1
25.0354871 102.6983619 486 1
24.9915893 102.75128 487 1
25.0294257 102.6877673 488 1
25.055869 102.660945 489 1
25.0625295 102.6616325 490 1
25.0365605 102.6680725 491 0
25.0556979 102.6453985 492 1
25.0339454 102.6844081 493 1
25.0362417 102.7075253 494 1
25.0331453 102.7483847 495 1
25.0350202 102.7478316 496 1
25.1113538 102.7572127 497 1
25.0709182 102.7028135 498 1
25.0680502 102.7250585 499 0
25.0962428 102.7376075 500 1
25.0201813 102.7277445 501 1
25.1214033 102.746662 502 1
24.9980323 102.684772 503 1
24.9811525 102.6909473 504 1
25.0500495 102.693062 505 1
24.9948161 102.6913957 506 1
24.9943547 102.757572 507 1
25.080265 102.711523 508 1
25.0523565 102.6454477 509 1
25.058952 102.6419925 510 0
25.0902005 102.6409813 511 1
25.0978262 102.7227206 512 1
25.0953022 102.7282987 513 1
25.0653515 102.6493175 514 0
25.1009252 102.7237302 515 1
25.0440017 102.6449475 516 1
25.0702339 102.654926 517 1
25.0509968 102.6694162 518 1
25.0596648 102.6696858 519 1
25.062875 102.668437 520 1
25.0555572 102.6693533 521 0
25.062341 102.668315 522 0
25.0369165 102.653167 523 0
25.0757729 102.6655934 524 1
25.0772135 102.665125 525 1
25.0775774 102.6651364 526 1
25.075953 102.667273 527 1
25.0757887 102.6652172 528 1
25.0779355 102.6651125 529 1
25.0779267 102.66491 530 1
25.0776528 102.6654425 531 1
24.9887325 102.66 532 1
24.9814877 102.6910973 533 1
24.9808806 102.6879052 534 1
24.9824965 102.69006 535 0
24.9826159 102.6923493 536 1
24.9827508 102.6918622 537 1
25.041973 102.68799 538 1
24.9825982 102.7096773 539 1
24.9853893 102.710116 540 1
24.979928 102.6915617 541 0
25.009468 102.7533638 542 1
25.0989617 102.7296058 543 1
25.1064304 102.7320439 544 1
25.1083437 102.72672 545 1
25.0749764 102.7440476 546 1
25.1141465 102.74432 547 1
25.121384 102.7469 548 1
25.0638992 102.7466367 549 1
25.0845066 102.7537499 550 1
25.1054087 102.7373536 551 1
25.1256403 102.7431337 552 1
25.1076455 102.7416475 553 1
25.116091 102.739105 554 1
25.0817833 102.7340393 555 1
25.0703571 102.7515411 556 1
25.111931 102.738297 557 1
25.1105555 102.742705 558 1
25.0973605 102.7349 559 0
25.1074753 102.7418853 560 1
25.0410405 102.7329175 561 1
25.023663 102.736572 562 1
25.0971515 102.734595 563 0
25.065318 102.7210675 564 1
25.087332 102.6563575 565 1
25.0962364 102.65905 566 1
25.0464373 102.6417225 567 0
25.0444355 102.668855 568 1
25.044447 102.668535 569 1
25.05174 102.678215 570 1
25.0520515 102.673805 571 1
25.033988 102.6783 572 1
25.0344765 102.691535 573 1
25.038372 102.6746425 574 1
25.0440072 102.673083 575 1
25.0337889 102.6819014 576 1
25.033487 102.688505 577 1
25.0337057 102.67877 578 1
25.0355325 102.676248 579 1
25.051278 102.7461825 580 1
25.0669565 102.685855 581 0
25.041391 102.67736 582 1
25.0289733 102.7430978 583 1
25.02875 102.7424595 584 1
25.0292471 102.7436819 585 1
25.029831 102.7431145 586 1
25.037425 102.7438647 587 1
25.041955 102.753835 588 0
25.0450044 102.7430616 589 1
25.045184 102.74348 590 1
25.0257669 102.7420702 591 1
24.9977025 102.694091 592 1
25.0273425 102.721245 593 1
25.0089215 102.744265 594 1
25.0135913 102.7408333 595 1
25.066895 102.727615 596 1
24.988897 102.660203 597 1
25.03891 102.71611 598 0
25.1203515 102.7475525 599 1
25.0416405 102.63874 600 1
25.0347603 102.6436567 601 1
25.0129123 102.7188935 602 1
24.982231 102.7187875 603 1
24.980144 102.723495 604 0
25.080018 102.7003095 605 1
25.026435 102.710255 606 1
25.026923 102.7168787 607 1
25.0561913 102.6938917 608 1
25.0719215 102.6529025 609 1
25.080656 102.6450125 610 1
25.0138547 102.7411042 611 1
24.9943244 102.7579132 612 1
24.9901 102.750218 613 0
871
382 509 922.6493947505292 16.67 3 3 2 3
1 0 0 0 1 0 0 0 1
1 0 0 0 1 0 0 0 1
382 261 790.291790470381 16.67 3 3 4 5
1 0 0 0 1 0 0 0 1
1 0 0 0 1 0 0 0 1
382 230 562.2588368135652 16.67 3 3 6 7
1 0 0 0 1 0 0 0 1
1 0 0 0 1 0 0 0 1
382 467 408.7994475528904 16.67 3 3 8 9
1 0 0 0 1 0 0 0 1
1 0 0 0 1 0 0 0 1
383 428 391.20257254880636 16.67 3 3 10 11
1 0 0 0 1 0 0 0 1
1 0 0 0 1 0 0 0 1
383 444 316.8843034567124 16.67 3 3 12 13
1 0 0 0 1 0 0 0 1
1 0 0 0 1 0 0 0 1
383 472 790.4760550558457 16.67 3 3 14 15
1 0 0 0 1 0 0 0 1
1 0 0 0 1 0 0 0 1
383 480 709.1276477497172 16.67 3 3 16 17
1 0 0 0 1 0 0 0 1
1 0 0 0 1 0 0 0 1
384 330 683.2672367889307 16.67 3 3 18 19
1 0 0 0 1 0 0 0 1
1 0 0 0 1 0 0 0 1
384 41 452.1726295533687 16.67 3 3 20 21
1 0 0 0 1 0 0 0 1
1 0 0 0 1 0 0 0 1
384 332 786.9234636943025 16.67 3 3 22 23
1 0 0 0 1 0 0 0 1
1 0 0 0 1 0 0 0 1
384 540 544.0621942554737 16.67 3 3 24 25
1 0 0 0 1 0 0 0 1
1 0 0 0 1 0 0 0 1
385 173 388.1821298020223 16.67 3 3 26 27
1 0 0 0 1 0 0 0 1
1 0 0 0 1 0 0 0 1
385 436 1211.1996847479854 16.67 3 3 28 29
1 0 0 0 1 0 0 0 1
1 0 0 0 1 0 0 0 1
385 93 1725.4648645804316 16.67 3 3 30 31
1 0 0 0 1 0 0 0 1
1 0 0 0 1 0 0 0 1
385 555 1124.2719852516968 16.67 3 3 32 33
1 0 0 0 1 0 0 0 1
1 0 0 0 1 0 0 0 1
386 9 667.3285655826437 16.67 3 3 34 35
1 0 0 0 1 0 0 0 1
1 0 0 0 1 0 0 0 1
386 387 117.64589723794204 16.67 3 3 36 37
1 0 0 0 1 0 0 0 1
1 0 0 0 1 0 0 0 1
386 39 778.2118596863673 16.67 3 3 38 39
1 0 0 0 1 0 0 0 1
1 0 0 0 1 0 0 0 1
387 594 1439.3952068669837 16.67 3 3 40 41
1 0 0 0 1 0 0 0 1
1 0 0 0 1 0 0 0 1
387 275 1655.8016251185843 16.67 3 3 42 43
1 0 0 0 1 0 0 0 1
1 0 0 0 1 0 0 0 1
387 422 344.8203231089498 16.67 3 3 44 45
1 0 0 0 1 0 0 0 1
1 0 0 0 1 0 0 0 1
388 186 584.9699645687199 16.67 3 3 46 47
1 0 0 0 1 0 0 0 1
1 0 0 0 1 0 0 0 1
388 298 244.24609780097305 16.67 3 3 48 49
1 0 0 0 1 0 0 0 1
1 0 0 0 1 0 0 0 1
388 376 561.8805623678467 16.67 3 3 50 51
1 0 0 0 1 0 0 0 1
1 0 0 0 1 0 0 0 1
388 389 210.517338119032 16.67 3 3 52 53
1 0 0 0 1 0 0 0 1
1 0 0 0 1 0 0 0 1
389 570 1095.7901814741585 16.67 3 3 54 55
1 0 0 0 1 0 0 0 1
1 0 0 0 1 0 0 0 1
389 182 186.02776799429543 16.67 3 3 56 57
1 0 0 0 1 0 0 0 1
1 0 0 0 1 0 0 0 1
390 247 404.67039816630097 16.67 3 3 58 59
1 0 0 0 1 0 0 0 1
1 0 0 0 1 0 0 0 1
390 477 68.43093305092935 16.67 3 3 60 61
1 0 0 0 1 0 0 0 1
1 0 0 0 1 0 0 0 1
392 393 333.0387836410505 16.67 3 3 62 63
1 0 0 0 1 0 0 0 1
1 0 0 0 1 0 0 0 1
392 392 0.0 16.67 3 3 64 65
1 0 0 0 1 0 0 0 1
1 0 0 0 1 0 0 0 1
392 183 140.87929425401248 16.67 3 3 66 67
1 0 0 0 1 0 0 0 1
1 0 0 0 1 0 0 0 1
393 43 628.5898191401451 16.67 3 3 68 69
1 0 0 0 1 0 0 0 1
1 0 0 0 1 0 0 0 1
393 471 208.42939378565828 16.67 3 3 70 71
1 0 0 0 1 0 0 0 1
1 0 0 0 1 0 0 0 1
1 216 610.0982007186826 16.67 3 3 72 73
1 0 0 0 1 0 0 0 1
1 0 0 0 1 0 0 0 1
1 559 639.2415917798597 16.67 3 3 74 75
1 0 0 0 1 0 0 0 1
1 0 0 0 1 0 0 0 1
1 551 217.0755295314014 16.67 3 3 76 77
1 0 0 0 1 0 0 0 1
1 0 0 0 1 0 0 0 1
394 166 1028.5934494393032 16.67 3 3 78 79
1 0 0 0 1 0 0 0 1
1 0 0 0 1 0 0 0 1
394 201 288.5319793474783 16.67 3 3 80 81
1 0 0 0 1 0 0 0 1
1 0 0 0 1 0 0 0 1
394 258 1384.8701156124848 16.67 3 3 82 83
1 0 0 0 1 0 0 0 1
1 0 0 0 1 0 0 0 1
394 4 281.4404114740573 16.67 3 3 84 85
1 0 0 0 1 0 0 0 1
1 0 0 0 1 0 0 0 1
395 209 335.34014456233655 16.67 3 3 86 87
1 0 0 0 1 0 0 0 1
1 0 0 0 1 0 0 0 1
395 396 780.6418129129 16.67 3 3 88 89
1 0 0 0 1 0 0 0 1
1 0 0 0 1 0 0 0 1
395 601 297.1271911936168 16.67 3 3 90 91
1 0 0 0 1 0 0 0 1
1 0 0 0 1 0 0 0 1
395 321 473.7191344234846 16.67 3 3 92 93
1 0 0 0 1 0 0 0 1
1 0 0 0 1 0 0 0 1
396 357 3794.1890469996415 16.67 3 3 94 95
1 0 0 0 1 0 0 0 1
1 0 0 0 1 0 0 0 1
396 439 788.6912913962677 16.67 3 3 96 97
1 0 0 0 1 0 0 0 1
1 0 0 0 1 0 0 0 1
396 516 428.49128780511904 16.67 3 3 98 99
1 0 0 0 1 0 0 0 1
1 0 0 0 1 0 0 0 1
149 199 420.44710684617485 16.67 3 3 100 101
1 0 0 0 1 0 0 0 1
1 0 0 0 1 0 0 0 1
149 123 229.08352635866063 16.67 3 3 102 103
1 0 0 0 1 0 0 0 1
1 0 0 0 1 0 0 0 1
149 26 196.95003777052855 16.67 3 3 104 105
1 0 0 0 1 0 0 0 1
1 0 0 0 1 0 0 0 1
150 302 557.8562582332886 16.67 3 3 106 107
1 0 0 0 1 0 0 0 1
1 0 0 0 1 0 0 0 1
150 199 23.353244030368042 16.67 3 3 108 109
1 0 0 0 1 0 0 0 1
1 0 0 0 1 0 0 0 1
150 564 358.5890335783107 16.67 3 3 110 111
1 0 0 0 1 0 0 0 1
1 0 0 0 1 0 0 0 1
150 185 776.577101779285 16.67 3 3 112 113
1 0 0 0 1 0 0 0 1
1 0 0 0 1 0 0 0 1
398 402 160.55700205897259 16.67 3 3 114 115
1 0 0 0 1 0 0 0 1
1 0 0 0 1 0 0 0 1
398 571 247.84844567356112 16.67 3 3 116 117
1 0 0 0 1 0 0 0 1
1 0 0 0 1 0 0 0 1
398 76 228.32668052198045 16.67 3 3 118 119
1 0 0 0 1 0 0 0 1
1 0 0 0 1 0 0 0 1
397 189 376.8852066857812 16.67 3 3 120 121
1 0 0 0 1 0 0 0 1
1 0 0 0 1 0 0 0 1
397 600 440.95017896515606 16.67 3 3 122 123
1 0 0 0 1 0 0 0 1
1 0 0 0 1 0 0 0 1
397 567 154.0093096871314 16.67 3 3 124 125
1 0 0 0 1 0 0 0 1
1 0 0 0 1 0 0 0 1
397 321 795.396715208567 16.67 3 3 126 127
1 0 0 0 1 0 0 0 1
1 0 0 0 1 0 0 0 1
399 242 1254.3836300479998 16.67 3 3 128 129
1 0 0 0 1 0 0 0 1
1 0 0 0 1 0 0 0 1
399 441 587.5377654856621 16.67 3 3 130 131
1 0 0 0 1 0 0 0 1
1 0 0 0 1 0 0 0 1
399 251 646.681515330311 16.67 3 3 132 133
1 0 0 0 1 0 0 0 1
1 0 0 0 1 0 0 0 1
399 97 179.86014841682405 16.67 3 3 134 135
1 0 0 0 1 0 0 0 1
1 0 0 0 1 0 0 0 1
400 526 310.07210471382916 16.67 3 3 136 137
1 0 0 0 1 0 0 0 1
1 0 0 0 1 0 0 0 1
400 520 1215.5930227778983 16.67 3 3 138 139
1 0 0 0 1 0 0 0 1
1 0 0 0 1 0 0 0 1
400 527 214.71506930509096 16.67 3 3 140 141
1 0 0 0 1 0 0 0 1
1 0 0 0 1 0 0 0 1
401 525 227.04716601511043 16.67 3 3 142 143
1 0 0 0 1 0 0 0 1
1 0 0 0 1 0 0 0 1
401 96 1293.368496750253 16.67 3 3 144 145
1 0 0 0 1 0 0 0 1
1 0 0 0 1 0 0 0 1
401 101 228.1174517290456 16.67 3 3 146 147
1 0 0 0 1 0 0 0 1
1 0 0 0 1 0 0 0 1
402 518 210.28503725313487 16.67 3 3 148 149
1 0 0 0 1 0 0 0 1
1 0 0 0 1 0 0 0 1
402 46 370.51065448612917 16.67 3 3 150 151
1 0 0 0 1 0 0 0 1
1 0 0 0 1 0 0 0 1
403 343 481.45824470557267 16.67 3 3 152 153
1 0 0 0 1 0 0 0 1
1 0 0 0 1 0 0 0 1
403 347 436.93148862783374 16.67 3 3 154 155
1 0 0 0 1 0 0 0 1
1 0 0 0 1 0 0 0 1
403 198 805.664878174471 16.67 3 3 156 157
1 0 0 0 1 0 0 0 1
1 0 0 0 1 0 0 0 1
404 339 1985.1821026260582 16.67 3 3 158 159
1 0 0 0 1 0 0 0 1
1 0 0 0 1 0 0 0 1
404 94 370.2192814064454 16.67 3 3 160 161
1 0 0 0 1 0 0 0 1
1 0 0 0 1 0 0 0 1
404 508 47.695202269749664 16.67 3 3 162 163
1 0 0 0 1 0 0 0 1
1 0 0 0 1 0 0 0 1
404 459 1520.4177740764408 16.67 3 3 164 165
1 0 0 0 1 0 0 0 1
1 0 0 0 1 0 0 0 1
406 438 420.2376013206395 16.67 3 3 166 167
1 0 0 0 1 0 0 0 1
1 0 0 0 1 0 0 0 1
406 169 1179.4923120187589 16.67 3 3 168 169
1 0 0 0 1 0 0 0 1
1 0 0 0 1 0 0 0 1
406 355 1859.60746009139 16.67 3 3 170 171
1 0 0 0 1 0 0 0 1
1 0 0 0 1 0 0 0 1
406 597 578.0742235673335 16.67 3 3 172 173
1 0 0 0 1 0 0 0 1
1 0 0 0 1 0 0 0 1
407 297 651.3658934766572 16.67 3 3 174 175
1 0 0 0 1 0 0 0 1
1 0 0 0 1 0 0 0 1
407 310 304.9038190131036 16.67 3 3 176 177
1 0 0 0 1 0 0 0 1
1 0 0 0 1 0 0 0 1
407 157 443.4022685708348 16.67 3 3 178 179
1 0 0 0 1 0 0 0 1
1 0 0 0 1 0 0 0 1
151 581 690.3528650141312 16.67 3 3 180 181
1 0 0 0 1 0 0 0 1
1 0 0 0 1 0 0 0 1
151 237 815.9237790581697 16.67 3 3 182 183
1 0 0 0 1 0 0 0 1
1 0 0 0 1 0 0 0 1
151 405 497.08466007060156 16.67 3 3 184 185
1 0 0 0 1 0 0 0 1
1 0 0 0 1 0 0 0 1
408 145 123.64266253530582 16.67 3 3 186 187
1 0 0 0 1 0 0 0 1
1 0 0 0 1 0 0 0 1
408 299 421.04171834478467 16.67 3 3 188 189
1 0 0 0 1 0 0 0 1
1 0 0 0 1 0 0 0 1
408 300 25.3965995912277 16.67 3 3 190 191
1 0 0 0 1 0 0 0 1
1 0 0 0 1 0 0 0 1
409 588 86.7202309247139 16.67 3 3 192 193
1 0 0 0 1 0 0 0 1
1 0 0 0 1 0 0 0 1
409 496 970.0353198309705 16.67 3 3 194 195
1 0 0 0 1 0 0 0 1
1 0 0 0 1 0 0 0 1
409 590 1120.5824323105185 16.67 3 3 196 197
1 0 0 0 1 0 0 0 1
1 0 0 0 1 0 0 0 1
409 48 1057.868939729452 16.67 3 3 198 199
1 0 0 0 1 0 0 0 1
1 0 0 0 1 0 0 0 1
152 596 400.6051405658851 16.67 3 3 200 201
1 0 0 0 1 0 0 0 1
1 0 0 0 1 0 0 0 1
152 564 445.7076403638157 16.67 3 3 202 203
1 0 0 0 1 0 0 0 1
1 0 0 0 1 0 0 0 1
152 123 116.35321899646667 16.67 3 3 204 205
1 0 0 0 1 0 0 0 1
1 0 0 0 1 0 0 0 1
410 494 711.9080459127755 16.67 3 3 206 207
1 0 0 0 1 0 0 0 1
1 0 0 0 1 0 0 0 1
410 177 534.0048878341823 16.67 3 3 208 209
1 0 0 0 1 0 0 0 1
1 0 0 0 1 0 0 0 1
410 485 262.06828862827933 16.67 3 3 210 211
1 0 0 0 1 0 0 0 1
1 0 0 0 1 0 0 0 1
410 307 1591.325748988802 16.67 3 3 212 213
1 0 0 0 1 0 0 0 1
1 0 0 0 1 0 0 0 1
411 483 286.1349918535748 16.67 3 3 214 215
1 0 0 0 1 0 0 0 1
1 0 0 0 1 0 0 0 1
411 294 656.1323138632674 16.67 3 3 216 217
1 0 0 0 1 0 0 0 1
1 0 0 0 1 0 0 0 1
411 180 298.1927816248961 16.67 3 3 218 219
1 0 0 0 1 0 0 0 1
1 0 0 0 1 0 0 0 1
411 319 1208.549683487086 16.67 3 3 220 221
1 0 0 0 1 0 0 0 1
1 0 0 0 1 0 0 0 1
412 223 431.54944072484875 16.67 3 3 222 223
1 0 0 0 1 0 0 0 1
1 0 0 0 1 0 0 0 1
412 239 889.684067394486 16.67 3 3 224 225
1 0 0 0 1 0 0 0 1
1 0 0 0 1 0 0 0 1
412 473 71.21816303111463 16.67 3 3 226 227
1 0 0 0 1 0 0 0 1
1 0 0 0 1 0 0 0 1
413 513 932.1748421414638 16.67 3 3 228 229
1 0 0 0 1 0 0 0 1
1 0 0 0 1 0 0 0 1
413 555 877.5694969078048 16.67 3 3 230 231
1 0 0 0 1 0 0 0 1
1 0 0 0 1 0 0 0 1
413 215 802.5810297405059 16.67 3 3 232 233
1 0 0 0 1 0 0 0 1
1 0 0 0 1 0 0 0 1
413 500 640.8824633102683 16.67 3 3 234 235
1 0 0 0 1 0 0 0 1
1 0 0 0 1 0 0 0 1
166 601 455.0653430616047 16.67 3 3 236 237
1 0 0 0 1 0 0 0 1
1 0 0 0 1 0 0 0 1
166 45 404.16308272382884 16.67 3 3 238 239
1 0 0 0 1 0 0 0 1
1 0 0 0 1 0 0 0 1
415 606 953.2926055160457 16.67 3 3 240 241
1 0 0 0 1 0 0 0 1
1 0 0 0 1 0 0 0 1
415 494 276.0035603215794 16.67 3 3 242 243
1 0 0 0 1 0 0 0 1
1 0 0 0 1 0 0 0 1
415 307 607.0013953695786 16.67 3 3 244 245
1 0 0 0 1 0 0 0 1
1 0 0 0 1 0 0 0 1
416 265 324.76974913596206 16.67 3 3 246 247
1 0 0 0 1 0 0 0 1
1 0 0 0 1 0 0 0 1
416 51 747.0201577348196 16.67 3 3 248 249
1 0 0 0 1 0 0 0 1
1 0 0 0 1 0 0 0 1
416 595 754.3235888568141 16.67 3 3 250 251
1 0 0 0 1 0 0 0 1
1 0 0 0 1 0 0 0 1
417 418 84.79213681854401 16.67 3 3 252 253
1 0 0 0 1 0 0 0 1
1 0 0 0 1 0 0 0 1
417 476 120.11527118685667 16.67 3 3 254 255
1 0 0 0 1 0 0 0 1
1 0 0 0 1 0 0 0 1
417 611 101.83444985735635 16.67 3 3 256 257
1 0 0 0 1 0 0 0 1
1 0 0 0 1 0 0 0 1
418 595 155.98330964166735 16.67 3 3 258 259
1 0 0 0 1 0 0 0 1
1 0 0 0 1 0 0 0 1
418 270 128.3716907371398 16.67 3 3 260 261
1 0 0 0 1 0 0 0 1
1 0 0 0 1 0 0 0 1
419 33 95.1787676171349 16.67 3 3 262 263
1 0 0 0 1 0 0 0 1
1 0 0 0 1 0 0 0 1
419 375 511.133771300853 16.67 3 3 264 265
1 0 0 0 1 0 0 0 1
1 0 0 0 1 0 0 0 1
419 424 461.27125882319484 16.67 3 3 266 267
1 0 0 0 1 0 0 0 1
1 0 0 0 1 0 0 0 1
419 214 1024.0914874108948 16.67 3 3 268 269
1 0 0 0 1 0 0 0 1
1 0 0 0 1 0 0 0 1
420 593 306.73587787517414 16.67 3 3 270 271
1 0 0 0 1 0 0 0 1
1 0 0 0 1 0 0 0 1
420 375 379.23367471096014 16.67 3 3 272 273
1 0 0 0 1 0 0 0 1
1 0 0 0 1 0 0 0 1
420 206 79.43954306535404 16.67 3 3 274 275
1 0 0 0 1 0 0 0 1
1 0 0 0 1 0 0 0 1
420 144 354.7546257640918 16.67 3 3 276 277
1 0 0 0 1 0 0 0 1
1 0 0 0 1 0 0 0 1
421 423 401.7267263137075 16.67 3 3 278 279
1 0 0 0 1 0 0 0 1
1 0 0 0 1 0 0 0 1
421 61 300.6666489272841 16.67 3 3 280 281
1 0 0 0 1 0 0 0 1
1 0 0 0 1 0 0 0 1
423 295 164.83752113933573 16.67 3 3 282 283
1 0 0 0 1 0 0 0 1
1 0 0 0 1 0 0 0 1
423 143 371.9114024470283 16.67 3 3 284 285
1 0 0 0 1 0 0 0 1
1 0 0 0 1 0 0 0 1
423 144 245.07234358058574 16.67 3 3 286 287
1 0 0 0 1 0 0 0 1
1 0 0 0 1 0 0 0 1
424 284 650.0016159447018 16.67 3 3 288 289
1 0 0 0 1 0 0 0 1
1 0 0 0 1 0 0 0 1
424 561 983.6843901759073 16.67 3 3 290 291
1 0 0 0 1 0 0 0 1
1 0 0 0 1 0 0 0 1
424 296 485.5111856816118 16.67 3 3 292 293
1 0 0 0 1 0 0 0 1
1 0 0 0 1 0 0 0 1
425 267 1390.4368732785858 16.67 3 3 294 295
1 0 0 0 1 0 0 0 1
1 0 0 0 1 0 0 0 1
425 38 2234.3459796809293 16.67 3 3 296 297
1 0 0 0 1 0 0 0 1
1 0 0 0 1 0 0 0 1
425 295 285.9541643223027 16.67 3 3 298 299
1 0 0 0 1 0 0 0 1
1 0 0 0 1 0 0 0 1
167 337 1594.0801745239987 16.67 3 3 300 301
1 0 0 0 1 0 0 0 1
1 0 0 0 1 0 0 0 1
167 602 596.4647497506026 16.67 3 3 302 303
1 0 0 0 1 0 0 0 1
1 0 0 0 1 0 0 0 1
167 264 1084.8056634337051 16.67 3 3 304 305
1 0 0 0 1 0 0 0 1
1 0 0 0 1 0 0 0 1
426 431 524.294163599407 16.67 3 3 306 307
1 0 0 0 1 0 0 0 1
1 0 0 0 1 0 0 0 1
426 296 365.065564074795 16.67 3 3 308 309
1 0 0 0 1 0 0 0 1
1 0 0 0 1 0 0 0 1
426 305 402.7337992833906 16.67 3 3 310 311
1 0 0 0 1 0 0 0 1
1 0 0 0 1 0 0 0 1
427 40 111.2371163209917 16.67 3 3 312 313
1 0 0 0 1 0 0 0 1
1 0 0 0 1 0 0 0 1
427 79 421.9119218608794 16.67 3 3 314 315
1 0 0 0 1 0 0 0 1
1 0 0 0 1 0 0 0 1
427 318 399.74499382475574 16.67 3 3 316 317
1 0 0 0 1 0 0 0 1
1 0 0 0 1 0 0 0 1
428 471 468.54370914072723 16.67 3 3 318 319
1 0 0 0 1 0 0 0 1
1 0 0 0 1 0 0 0 1
428 183 683.764840694897 16.67 3 3 320 321
1 0 0 0 1 0 0 0 1
1 0 0 0 1 0 0 0 1
428 498 665.4853647458596 16.67 3 3 322 323
1 0 0 0 1 0 0 0 1
1 0 0 0 1 0 0 0 1
429 561 1201.544979893906 16.67 3 3 324 325
1 0 0 0 1 0 0 0 1
1 0 0 0 1 0 0 0 1
429 587 74.300198917963 16.67 3 3 326 327
1 0 0 0 1 0 0 0 1
1 0 0 0 1 0 0 0 1
429 586 810.7383419873221 16.67 3 3 328 329
1 0 0 0 1 0 0 0 1
1 0 0 0 1 0 0 0 1
429 430 239.6999189039205 16.67 3 3 330 331
1 0 0 0 1 0 0 0 1
1 0 0 0 1 0 0 0 1
430 360 1451.4073401990722 16.67 3 3 332 333
1 0 0 0 1 0 0 0 1
1 0 0 0 1 0 0 0 1
430 589 479.3981719543302 16.67 3 3 334 335
1 0 0 0 1 0 0 0 1
1 0 0 0 1 0 0 0 1
99 524 32.6587645999759 16.67 3 3 336 337
1 0 0 0 1 0 0 0 1
1 0 0 0 1 0 0 0 1
99 98 81.68180953352812 16.67 3 3 338 339
1 0 0 0 1 0 0 0 1
1 0 0 0 1 0 0 0 1
99 473 339.345093842828 16.67 3 3 340 341
1 0 0 0 1 0 0 0 1
1 0 0 0 1 0 0 0 1
431 291 470.2186170317859 16.67 3 3 342 343
1 0 0 0 1 0 0 0 1
1 0 0 0 1 0 0 0 1
431 23 1351.54099267981 16.67 3 3 344 345
1 0 0 0 1 0 0 0 1
1 0 0 0 1 0 0 0 1
431 305 390.7633558128062 16.67 3 3 346 347
1 0 0 0 1 0 0 0 1
1 0 0 0 1 0 0 0 1
100 377 320.51737579759873 16.67 3 3 348 349
1 0 0 0 1 0 0 0 1
1 0 0 0 1 0 0 0 1
100 528 74.18631576700102 16.67 3 3 350 351
1 0 0 0 1 0 0 0 1
1 0 0 0 1 0 0 0 1
432 549 752.2128443927393 16.67 3 3 352 353
1 0 0 0 1 0 0 0 1
1 0 0 0 1 0 0 0 1
432 433 72.10739804447647 16.67 3 3 354 355
1 0 0 0 1 0 0 0 1
1 0 0 0 1 0 0 0 1
432 590 1278.6554569007617 16.67 3 3 356 357
1 0 0 0 1 0 0 0 1
1 0 0 0 1 0 0 0 1
432 436 1201.2672152792056 16.67 3 3 358 359
1 0 0 0 1 0 0 0 1
1 0 0 0 1 0 0 0 1
433 23 293.7034501334784 16.67 3 3 360 361
1 0 0 0 1 0 0 0 1
1 0 0 0 1 0 0 0 1
434 306 578.2597407285723 16.67 3 3 362 363
1 0 0 0 1 0 0 0 1
1 0 0 0 1 0 0 0 1
434 26 297.75402156079986 16.67 3 3 364 365
1 0 0 0 1 0 0 0 1
1 0 0 0 1 0 0 0 1
434 366 285.90952291056436 16.67 3 3 366 367
1 0 0 0 1 0 0 0 1
1 0 0 0 1 0 0 0 1
435 362 337.1261593390685 16.67 3 3 368 369
1 0 0 0 1 0 0 0 1
1 0 0 0 1 0 0 0 1
435 364 167.34202098168996 16.67 3 3 370 371
1 0 0 0 1 0 0 0 1
1 0 0 0 1 0 0 0 1
435 22 389.4196254300244 16.67 3 3 372 373
1 0 0 0 1 0 0 0 1
1 0 0 0 1 0 0 0 1
435 366 377.2639418521645 16.67 3 3 374 375
1 0 0 0 1 0 0 0 1
1 0 0 0 1 0 0 0 1
436 546 1101.1886200296988 16.67 3 3 376 377
1 0 0 0 1 0 0 0 1
1 0 0 0 1 0 0 0 1
436 364 517.9309823210435 16.67 3 3 378 379
1 0 0 0 1 0 0 0 1
1 0 0 0 1 0 0 0 1
438 370 467.1973432584722 16.67 3 3 380 381
1 0 0 0 1 0 0 0 1
1 0 0 0 1 0 0 0 1
438 532 246.31095710466974 16.67 3 3 382 383
1 0 0 0 1 0 0 0 1
1 0 0 0 1 0 0 0 1
439 467 303.31563123228676 16.67 3 3 384 385
1 0 0 0 1 0 0 0 1
1 0 0 0 1 0 0 0 1
439 256 646.1949486797357 16.67 3 3 386 387
1 0 0 0 1 0 0 0 1
1 0 0 0 1 0 0 0 1
440 493 214.61427313285876 16.67 3 3 388 389
1 0 0 0 1 0 0 0 1
1 0 0 0 1 0 0 0 1
440 576 267.904966378519 16.67 3 3 390 391
1 0 0 0 1 0 0 0 1
1 0 0 0 1 0 0 0 1
440 338 257.4800331362159 16.67 3 3 392 393
1 0 0 0 1 0 0 0 1
1 0 0 0 1 0 0 0 1
101 605 3686.611473221275 16.67 3 3 394 395
1 0 0 0 1 0 0 0 1
1 0 0 0 1 0 0 0 1
101 526 282.68903401729204 16.67 3 3 396 397
1 0 0 0 1 0 0 0 1
1 0 0 0 1 0 0 0 1
441 517 422.1492798982012 16.67 3 3 398 399
1 0 0 0 1 0 0 0 1
1 0 0 0 1 0 0 0 1
441 492 1596.705776967632 16.67 3 3 400 401
1 0 0 0 1 0 0 0 1
1 0 0 0 1 0 0 0 1
441 95 509.79131561093266 16.67 3 3 402 403
1 0 0 0 1 0 0 0 1
1 0 0 0 1 0 0 0 1
155 346 96.74151887117156 16.67 3 3 404 405
1 0 0 0 1 0 0 0 1
1 0 0 0 1 0 0 0 1
155 605 960.8752587035409 16.67 3 3 406 407
1 0 0 0 1 0 0 0 1
1 0 0 0 1 0 0 0 1
155 498 659.5260538572686 16.67 3 3 408 409
1 0 0 0 1 0 0 0 1
1 0 0 0 1 0 0 0 1
155 345 314.6382655391046 16.67 3 3 410 411
1 0 0 0 1 0 0 0 1
1 0 0 0 1 0 0 0 1
443 210 313.0858201779802 16.67 3 3 412 413
1 0 0 0 1 0 0 0 1
1 0 0 0 1 0 0 0 1
443 211 939.268680393235 16.67 3 3 414 415
1 0 0 0 1 0 0 0 1
1 0 0 0 1 0 0 0 1
443 69 3128.2439263544975 16.67 3 3 416 417
1 0 0 0 1 0 0 0 1
1 0 0 0 1 0 0 0 1
444 194 428.32225269359736 16.67 3 3 418 419
1 0 0 0 1 0 0 0 1
1 0 0 0 1 0 0 0 1
444 53 1025.5684251786106 16.67 3 3 420 421
1 0 0 0 1 0 0 0 1
1 0 0 0 1 0 0 0 1
444 191 676.6094602983809 16.67 3 3 422 423
1 0 0 0 1 0 0 0 1
1 0 0 0 1 0 0 0 1
445 521 553.9801725151414 16.67 3 3 424 425
1 0 0 0 1 0 0 0 1
1 0 0 0 1 0 0 0 1
445 518 113.82397599740422 16.67 3 3 426 427
1 0 0 0 1 0 0 0 1
1 0 0 0 1 0 0 0 1
445 261 924.3432039205447 16.67 3 3 428 429
1 0 0 0 1 0 0 0 1
1 0 0 0 1 0 0 0 1
445 208 372.07978817840507 16.67 3 3 430 431
1 0 0 0 1 0 0 0 1
1 0 0 0 1 0 0 0 1
446 519 147.20611832707579 16.67 3 3 432 433
1 0 0 0 1 0 0 0 1
1 0 0 0 1 0 0 0 1
446 518 730.6074043020599 16.67 3 3 434 435
1 0 0 0 1 0 0 0 1
1 0 0 0 1 0 0 0 1
446 231 712.2053211967926 16.67 3 3 436 437
1 0 0 0 1 0 0 0 1
1 0 0 0 1 0 0 0 1
447 524 862.7423959207435 16.67 3 3 438 439
1 0 0 0 1 0 0 0 1
1 0 0 0 1 0 0 0 1
447 528 872.3037447699719 16.67 3 3 440 441
1 0 0 0 1 0 0 0 1
1 0 0 0 1 0 0 0 1
447 96 508.80920090552434 16.67 3 3 442 443
1 0 0 0 1 0 0 0 1
1 0 0 0 1 0 0 0 1
447 520 480.26694982068346 16.67 3 3 444 445
1 0 0 0 1 0 0 0 1
1 0 0 0 1 0 0 0 1
448 371 239.53175984626876 16.67 3 3 446 447
1 0 0 0 1 0 0 0 1
1 0 0 0 1 0 0 0 1
448 569 272.615234510183 16.67 3 3 448 449
1 0 0 0 1 0 0 0 1
1 0 0 0 1 0 0 0 1
448 212 37.86690169060095 16.67 3 3 450 451
1 0 0 0 1 0 0 0 1
1 0 0 0 1 0 0 0 1
449 450 98.18605883430138 16.67 3 3 452 453
1 0 0 0 1 0 0 0 1
1 0 0 0 1 0 0 0 1
449 261 897.5157629722617 16.67 3 3 454 455
1 0 0 0 1 0 0 0 1
1 0 0 0 1 0 0 0 1
449 569 361.1491436393075 16.67 3 3 456 457
1 0 0 0 1 0 0 0 1
1 0 0 0 1 0 0 0 1
450 303 457.83412839650435 16.67 3 3 458 459
1 0 0 0 1 0 0 0 1
1 0 0 0 1 0 0 0 1
450 568 357.0194947698595 16.67 3 3 460 461
1 0 0 0 1 0 0 0 1
1 0 0 0 1 0 0 0 1
452 534 285.03697279062726 16.67 3 3 462 463
1 0 0 0 1 0 0 0 1
1 0 0 0 1 0 0 0 1
452 108 203.0580443601376 16.67 3 3 464 465
1 0 0 0 1 0 0 0 1
1 0 0 0 1 0 0 0 1
452 504 60.21034422891232 16.67 3 3 466 467
1 0 0 0 1 0 0 0 1
1 0 0 0 1 0 0 0 1
452 58 125.13824389276874 16.67 3 3 468 469
1 0 0 0 1 0 0 0 1
1 0 0 0 1 0 0 0 1
83 343 1619.5366519137099 16.67 3 3 470 471
1 0 0 0 1 0 0 0 1
1 0 0 0 1 0 0 0 1
83 174 26.736798926641384 16.67 3 3 472 473
1 0 0 0 1 0 0 0 1
1 0 0 0 1 0 0 0 1
83 564 373.21946332521725 16.67 3 3 474 475
1 0 0 0 1 0 0 0 1
1 0 0 0 1 0 0 0 1
83 215 1821.883067672988 16.67 3 3 476 477
1 0 0 0 1 0 0 0 1
1 0 0 0 1 0 0 0 1
453 62 221.8026099282603 16.67 3 3 478 479
1 0 0 0 1 0 0 0 1
1 0 0 0 1 0 0 0 1
453 295 406.9109923116736 16.67 3 3 480 481
1 0 0 0 1 0 0 0 1
1 0 0 0 1 0 0 0 1
453 143 118.43738033946345 16.67 3 3 482 483
1 0 0 0 1 0 0 0 1
1 0 0 0 1 0 0 0 1
158 456 89.89248018692557 16.67 3 3 484 485
1 0 0 0 1 0 0 0 1
1 0 0 0 1 0 0 0 1
158 285 102.17714000342245 16.67 3 3 486 487
1 0 0 0 1 0 0 0 1
1 0 0 0 1 0 0 0 1
454 56 377.2075799810795 16.67 3 3 488 489
1 0 0 0 1 0 0 0 1
1 0 0 0 1 0 0 0 1
454 125 44.13366954627752 16.67 3 3 490 491
1 0 0 0 1 0 0 0 1
1 0 0 0 1 0 0 0 1
454 576 175.49481085102025 16.67 3 3 492 493
1 0 0 0 1 0 0 0 1
1 0 0 0 1 0 0 0 1
454 578 288.70753168618603 16.67 3 3 494 495
1 0 0 0 1 0 0 0 1
1 0 0 0 1 0 0 0 1
33 285 523.5285734876531 16.67 3 3 496 497
1 0 0 0 1 0 0 0 1
1 0 0 0 1 0 0 0 1
33 49 308.5781890870874 16.67 3 3 498 499
1 0 0 0 1 0 0 0 1
1 0 0 0 1 0 0 0 1
455 488 722.9191017261725 16.67 3 3 500 501
1 0 0 0 1 0 0 0 1
1 0 0 0 1 0 0 0 1
455 314 438.67994136032587 16.67 3 3 502 503
1 0 0 0 1 0 0 0 1
1 0 0 0 1 0 0 0 1
455 334 441.14034838191884 16.67 3 3 504 505
1 0 0 0 1 0 0 0 1
1 0 0 0 1 0 0 0 1
455 64 378.3002583531143 16.67 3 3 506 507
1 0 0 0 1 0 0 0 1
1 0 0 0 1 0 0 0 1
456 308 953.0357004382729 16.67 3 3 508 509
1 0 0 0 1 0 0 0 1
1 0 0 0 1 0 0 0 1
456 293 712.7521551481267 16.67 3 3 510 511
1 0 0 0 1 0 0 0 1
1 0 0 0 1 0 0 0 1
457 599 248.8787107630896 16.67 3 3 512 513
1 0 0 0 1 0 0 0 1
1 0 0 0 1 0 0 0 1
457 458 654.718499547995 16.67 3 3 514 515
1 0 0 0 1 0 0 0 1
1 0 0 0 1 0 0 0 1
457 116 1035.305682568169 16.67 3 3 516 517
1 0 0 0 1 0 0 0 1
1 0 0 0 1 0 0 0 1
457 547 676.2793526022788 16.67 3 3 518 519
1 0 0 0 1 0 0 0 1
1 0 0 0 1 0 0 0 1
458 87 328.932846438506 16.67 3 3 520 521
1 0 0 0 1 0 0 0 1
1 0 0 0 1 0 0 0 1
458 115 605.1171977451808 16.67 3 3 522 523
1 0 0 0 1 0 0 0 1
1 0 0 0 1 0 0 0 1
458 117 607.6939075497652 16.67 3 3 524 525
1 0 0 0 1 0 0 0 1
1 0 0 0 1 0 0 0 1
459 508 1535.322127391192 16.67 3 3 526 527
1 0 0 0 1 0 0 0 1
1 0 0 0 1 0 0 0 1
461 510 1027.0855758918826 16.67 3 3 528 529
1 0 0 0 1 0 0 0 1
1 0 0 0 1 0 0 0 1
461 207 506.7584825563921 16.67 3 3 530 531
1 0 0 0 1 0 0 0 1
1 0 0 0 1 0 0 0 1
461 250 1482.247582693005 16.67 3 3 532 533
1 0 0 0 1 0 0 0 1
1 0 0 0 1 0 0 0 1
3 256 426.76887501650936 16.67 3 3 534 535
1 0 0 0 1 0 0 0 1
1 0 0 0 1 0 0 0 1
3 258 777.5021806940277 16.67 3 3 536 537
1 0 0 0 1 0 0 0 1
1 0 0 0 1 0 0 0 1
3 259 184.9654011063255 16.67 3 3 538 539
1 0 0 0 1 0 0 0 1
1 0 0 0 1 0 0 0 1
462 215 1424.090973757631 16.67 3 3 540 541
1 0 0 0 1 0 0 0 1
1 0 0 0 1 0 0 0 1
462 512 596.932067579984 16.67 3 3 542 543
1 0 0 0 1 0 0 0 1
1 0 0 0 1 0 0 0 1
462 509 9282.097318821492 16.67 3 3 544 545
1 0 0 0 1 0 0 0 1
1 0 0 0 1 0 0 0 1
463 463 0.0 16.67 3 3 546 547
1 0 0 0 1 0 0 0 1
1 0 0 0 1 0 0 0 1
463 613 178.22143167355406 16.67 3 3 548 549
1 0 0 0 1 0 0 0 1
1 0 0 0 1 0 0 0 1
463 80 309.3634781793708 16.67 3 3 550 551
1 0 0 0 1 0 0 0 1
1 0 0 0 1 0 0 0 1
6 8 856.8456629542651 16.67 3 3 552 553
1 0 0 0 1 0 0 0 1
1 0 0 0 1 0 0 0 1
6 263 937.9036667103751 16.67 3 3 554 555
1 0 0 0 1 0 0 0 1
1 0 0 0 1 0 0 0 1
6 268 461.2774491676701 16.67 3 3 556 557
1 0 0 0 1 0 0 0 1
1 0 0 0 1 0 0 0 1
206 501 857.6732388219551 16.67 3 3 558 559
1 0 0 0 1 0 0 0 1
1 0 0 0 1 0 0 0 1
206 213 780.2441923536156 16.67 3 3 560 561
1 0 0 0 1 0 0 0 1
1 0 0 0 1 0 0 0 1
464 442 2004.2534414419986 16.67 3 3 562 563
1 0 0 0 1 0 0 0 1
1 0 0 0 1 0 0 0 1
464 249 1930.5040110689295 16.67 3 3 564 565
1 0 0 0 1 0 0 0 1
1 0 0 0 1 0 0 0 1
464 465 64.05349236719536 16.67 3 3 566 567
1 0 0 0 1 0 0 0 1
1 0 0 0 1 0 0 0 1
465 221 1471.2561319994898 16.67 3 3 568 569
1 0 0 0 1 0 0 0 1
1 0 0 0 1 0 0 0 1
466 492 1652.1046255033918 16.67 3 3 570 571
1 0 0 0 1 0 0 0 1
1 0 0 0 1 0 0 0 1
466 219 1267.152480445142 16.67 3 3 572 573
1 0 0 0 1 0 0 0 1
1 0 0 0 1 0 0 0 1
466 514 1052.4032037848147 16.67 3 3 574 575
1 0 0 0 1 0 0 0 1
1 0 0 0 1 0 0 0 1
10 276 337.8737712204555 16.67 3 3 576 577
1 0 0 0 1 0 0 0 1
1 0 0 0 1 0 0 0 1
10 63 434.88589104756755 16.67 3 3 578 579
1 0 0 0 1 0 0 0 1
1 0 0 0 1 0 0 0 1
10 11 604.6440099690509 16.67 3 3 580 581
1 0 0 0 1 0 0 0 1
1 0 0 0 1 0 0 0 1
467 254 731.1538225893204 16.67 3 3 582 583
1 0 0 0 1 0 0 0 1
1 0 0 0 1 0 0 0 1
467 516 975.2797322764775 16.67 3 3 584 585
1 0 0 0 1 0 0 0 1
1 0 0 0 1 0 0 0 1
7 9 859.9319063488974 16.67 3 3 586 587
1 0 0 0 1 0 0 0 1
1 0 0 0 1 0 0 0 1
7 268 422.9116269298943 16.67 3 3 588 589
1 0 0 0 1 0 0 0 1
1 0 0 0 1 0 0 0 1
7 273 1877.330003532463 16.67 3 3 590 591
1 0 0 0 1 0 0 0 1
1 0 0 0 1 0 0 0 1
468 186 187.61142271285115 16.67 3 3 592 593
1 0 0 0 1 0 0 0 1
1 0 0 0 1 0 0 0 1
468 35 557.817189784374 16.67 3 3 594 595
1 0 0 0 1 0 0 0 1
1 0 0 0 1 0 0 0 1
468 505 144.65577615206777 16.67 3 3 596 597
1 0 0 0 1 0 0 0 1
1 0 0 0 1 0 0 0 1
469 557 316.6642005597513 16.67 3 3 598 599
1 0 0 0 1 0 0 0 1
1 0 0 0 1 0 0 0 1
469 470 529.9939682340283 16.67 3 3 600 601
1 0 0 0 1 0 0 0 1
1 0 0 0 1 0 0 0 1
469 551 349.1819499170909 16.67 3 3 602 603
1 0 0 0 1 0 0 0 1
1 0 0 0 1 0 0 0 1
469 553 423.13282985841664 16.67 3 3 604 605
1 0 0 0 1 0 0 0 1
1 0 0 0 1 0 0 0 1
470 552 1865.7409328102797 16.67 3 3 606 607
1 0 0 0 1 0 0 0 1
1 0 0 0 1 0 0 0 1
470 217 575.4112312298546 16.67 3 3 608 609
1 0 0 0 1 0 0 0 1
1 0 0 0 1 0 0 0 1
470 544 438.61015791184167 16.67 3 3 610 611
1 0 0 0 1 0 0 0 1
1 0 0 0 1 0 0 0 1
8 63 418.43709162684536 16.67 3 3 612 613
1 0 0 0 1 0 0 0 1
1 0 0 0 1 0 0 0 1
8 268 404.20387982217636 16.67 3 3 614 615
1 0 0 0 1 0 0 0 1
1 0 0 0 1 0 0 0 1
471 302 1672.2701405457624 16.67 3 3 616 617
1 0 0 0 1 0 0 0 1
1 0 0 0 1 0 0 0 1
471 198 685.5843087803536 16.67 3 3 618 619
1 0 0 0 1 0 0 0 1
1 0 0 0 1 0 0 0 1
472 608 901.0628027351498 16.67 3 3 620 621
1 0 0 0 1 0 0 0 1
1 0 0 0 1 0 0 0 1
472 184 877.0740445375874 16.67 3 3 622 623
1 0 0 0 1 0 0 0 1
1 0 0 0 1 0 0 0 1
473 524 371.69512077636256 16.67 3 3 624 625
1 0 0 0 1 0 0 0 1
1 0 0 0 1 0 0 0 1
473 531 424.70970946162385 16.67 3 3 626 627
1 0 0 0 1 0 0 0 1
1 0 0 0 1 0 0 0 1
11 276 269.45949228273565 16.67 3 3 628 629
1 0 0 0 1 0 0 0 1
1 0 0 0 1 0 0 0 1
11 273 441.90593863294686 16.67 3 3 630 631
1 0 0 0 1 0 0 0 1
1 0 0 0 1 0 0 0 1
474 73 829.9758004192478 16.67 3 3 632 633
1 0 0 0 1 0 0 0 1
1 0 0 0 1 0 0 0 1
474 550 1821.5753576387758 16.67 3 3 634 635
1 0 0 0 1 0 0 0 1
1 0 0 0 1 0 0 0 1
474 500 370.97987538597584 16.67 3 3 636 637
1 0 0 0 1 0 0 0 1
1 0 0 0 1 0 0 0 1
475 266 240.31885019508593 16.67 3 3 638 639
1 0 0 0 1 0 0 0 1
1 0 0 0 1 0 0 0 1
475 476 242.30646140489978 16.67 3 3 640 641
1 0 0 0 1 0 0 0 1
1 0 0 0 1 0 0 0 1
475 65 252.24596808979086 16.67 3 3 642 643
1 0 0 0 1 0 0 0 1
1 0 0 0 1 0 0 0 1
9 268 442.76609271364 16.67 3 3 644 645
1 0 0 0 1 0 0 0 1
1 0 0 0 1 0 0 0 1
476 270 128.1488809839977 16.67 3 3 646 647
1 0 0 0 1 0 0 0 1
1 0 0 0 1 0 0 0 1
477 570 210.0544576922821 16.67 3 3 648 649
1 0 0 0 1 0 0 0 1
1 0 0 0 1 0 0 0 1
477 46 506.60891621005584 16.67 3 3 650 651
1 0 0 0 1 0 0 0 1
1 0 0 0 1 0 0 0 1
478 479 424.2791909548251 16.67 3 3 652 653
1 0 0 0 1 0 0 0 1
1 0 0 0 1 0 0 0 1
478 583 1810.7528615493545 16.67 3 3 654 655
1 0 0 0 1 0 0 0 1
1 0 0 0 1 0 0 0 1
478 141 331.1546314917194 16.67 3 3 656 657
1 0 0 0 1 0 0 0 1
1 0 0 0 1 0 0 0 1
479 309 864.7643209006538 16.67 3 3 658 659
1 0 0 0 1 0 0 0 1
1 0 0 0 1 0 0 0 1
479 78 425.84815511266663 16.67 3 3 660 661
1 0 0 0 1 0 0 0 1
1 0 0 0 1 0 0 0 1
479 133 570.3775265032642 16.67 3 3 662 663
1 0 0 0 1 0 0 0 1
1 0 0 0 1 0 0 0 1
480 608 1102.8733029064306 16.67 3 3 664 665
1 0 0 0 1 0 0 0 1
1 0 0 0 1 0 0 0 1
480 242 2058.4375598277175 16.67 3 3 666 667
1 0 0 0 1 0 0 0 1
1 0 0 0 1 0 0 0 1
481 170 94.90099486435051 16.67 3 3 668 669
1 0 0 0 1 0 0 0 1
1 0 0 0 1 0 0 0 1
481 539 898.5723237285544 16.67 3 3 670 671
1 0 0 0 1 0 0 0 1
1 0 0 0 1 0 0 0 1
481 604 679.731006301557 16.67 3 3 672 673
1 0 0 0 1 0 0 0 1
1 0 0 0 1 0 0 0 1
481 106 284.92136978469756 16.67 3 3 674 675
1 0 0 0 1 0 0 0 1
1 0 0 0 1 0 0 0 1
482 337 84.56313098066758 16.67 3 3 676 677
1 0 0 0 1 0 0 0 1
1 0 0 0 1 0 0 0 1
482 14 735.4028659489239 16.67 3 3 678 679
1 0 0 0 1 0 0 0 1
1 0 0 0 1 0 0 0 1
482 82 1371.1113182783836 16.67 3 3 680 681
1 0 0 0 1 0 0 0 1
1 0 0 0 1 0 0 0 1
484 319 135.42438523573122 16.67 3 3 682 683
1 0 0 0 1 0 0 0 1
1 0 0 0 1 0 0 0 1
484 187 400.3991832143756 16.67 3 3 684 685
1 0 0 0 1 0 0 0 1
1 0 0 0 1 0 0 0 1
484 313 301.9095028744826 16.67 3 3 686 687
1 0 0 0 1 0 0 0 1
1 0 0 0 1 0 0 0 1
485 310 1273.7339586244038 16.67 3 3 688 689
1 0 0 0 1 0 0 0 1
1 0 0 0 1 0 0 0 1
485 486 62.37724699041269 16.67 3 3 690 691
1 0 0 0 1 0 0 0 1
1 0 0 0 1 0 0 0 1
486 335 896.6270353666519 16.67 3 3 692 693
1 0 0 0 1 0 0 0 1
1 0 0 0 1 0 0 0 1
486 176 622.3242227227712 16.67 3 3 694 695
1 0 0 0 1 0 0 0 1
1 0 0 0 1 0 0 0 1
486 157 590.3246211804396 16.67 3 3 696 697
1 0 0 0 1 0 0 0 1
1 0 0 0 1 0 0 0 1
487 80 59.20677343750899 16.67 3 3 698 699
1 0 0 0 1 0 0 0 1
1 0 0 0 1 0 0 0 1
487 90 859.0153953778292 16.67 3 3 700 701
1 0 0 0 1 0 0 0 1
1 0 0 0 1 0 0 0 1
487 86 1611.341681485608 16.67 3 3 702 703
1 0 0 0 1 0 0 0 1
1 0 0 0 1 0 0 0 1
488 315 745.0921780523918 16.67 3 3 704 705
1 0 0 0 1 0 0 0 1
1 0 0 0 1 0 0 0 1
488 338 266.35925412793137 16.67 3 3 706 707
1 0 0 0 1 0 0 0 1
1 0 0 0 1 0 0 0 1
489 257 283.9518694265793 16.67 3 3 708 709
1 0 0 0 1 0 0 0 1
1 0 0 0 1 0 0 0 1
489 373 313.18470565603934 16.67 3 3 710 711
1 0 0 0 1 0 0 0 1
1 0 0 0 1 0 0 0 1
489 147 24.723668914515482 16.67 3 3 712 713
1 0 0 0 1 0 0 0 1
1 0 0 0 1 0 0 0 1
489 230 686.0506460539804 16.67 3 3 714 715
1 0 0 0 1 0 0 0 1
1 0 0 0 1 0 0 0 1
490 373 362.237035007897 16.67 3 3 716 717
1 0 0 0 1 0 0 0 1
1 0 0 0 1 0 0 0 1
490 522 743.3484847185562 16.67 3 3 718 719
1 0 0 0 1 0 0 0 1
1 0 0 0 1 0 0 0 1
490 240 586.7523148394644 16.67 3 3 720 721
1 0 0 0 1 0 0 0 1
1 0 0 0 1 0 0 0 1
492 509 336.6481133665424 16.67 3 3 722 723
1 0 0 0 1 0 0 0 1
1 0 0 0 1 0 0 0 1
492 95 1238.1841709750238 16.67 3 3 724 725
1 0 0 0 1 0 0 0 1
1 0 0 0 1 0 0 0 1
123 124 295.09316320145155 16.67 3 3 726 727
1 0 0 0 1 0 0 0 1
1 0 0 0 1 0 0 0 1
170 603 23.83608088912364 16.67 3 3 728 729
1 0 0 0 1 0 0 0 1
1 0 0 0 1 0 0 0 1
170 168 570.7017440025426 16.67 3 3 730 731
1 0 0 0 1 0 0 0 1
1 0 0 0 1 0 0 0 1
493 56 215.84484986427174 16.67 3 3 732 733
1 0 0 0 1 0 0 0 1
1 0 0 0 1 0 0 0 1
493 576 279.19514431684655 16.67 3 3 734 735
1 0 0 0 1 0 0 0 1
1 0 0 0 1 0 0 0 1
493 577 457.9177489736664 16.67 3 3 736 737
1 0 0 0 1 0 0 0 1
1 0 0 0 1 0 0 0 1
494 175 1017.1845166439608 16.67 3 3 738 739
1 0 0 0 1 0 0 0 1
1 0 0 0 1 0 0 0 1
124 27 165.9730928892206 16.67 3 3 740 741
1 0 0 0 1 0 0 0 1
1 0 0 0 1 0 0 0 1
124 362 357.64094807422543 16.67 3 3 742 743
1 0 0 0 1 0 0 0 1
1 0 0 0 1 0 0 0 1
495 127 1307.957500399829 16.67 3 3 744 745
1 0 0 0 1 0 0 0 1
1 0 0 0 1 0 0 0 1
495 37 1308.068472924482 16.67 3 3 746 747
1 0 0 0 1 0 0 0 1
1 0 0 0 1 0 0 0 1
495 496 198.6676979257217 16.67 3 3 748 749
1 0 0 0 1 0 0 0 1
1 0 0 0 1 0 0 0 1
495 301 419.61386951020825 16.67 3 3 750 751
1 0 0 0 1 0 0 0 1
1 0 0 0 1 0 0 0 1
496 587 503.2880126710452 16.67 3 3 752 753
1 0 0 0 1 0 0 0 1
1 0 0 0 1 0 0 0 1
496 301 614.9817668839339 16.67 3 3 754 755
1 0 0 0 1 0 0 0 1
1 0 0 0 1 0 0 0 1
497 112 345.5854146426572 16.67 3 3 756 757
1 0 0 0 1 0 0 0 1
1 0 0 0 1 0 0 0 1
497 114 341.0579555275882 16.67 3 3 758 759
1 0 0 0 1 0 0 0 1
1 0 0 0 1 0 0 0 1
497 203 333.7816277438115 16.67 3 3 760 761
1 0 0 0 1 0 0 0 1
1 0 0 0 1 0 0 0 1
497 204 345.4880685051871 16.67 3 3 762 763
1 0 0 0 1 0 0 0 1
1 0 0 0 1 0 0 0 1
498 347 518.033356132111 16.67 3 3 764 765
1 0 0 0 1 0 0 0 1
1 0 0 0 1 0 0 0 1
499 174 307.15220268253046 16.67 3 3 766 767
1 0 0 0 1 0 0 0 1
1 0 0 0 1 0 0 0 1
499 596 307.1790328999279 16.67 3 3 768 769
1 0 0 0 1 0 0 0 1
1 0 0 0 1 0 0 0 1
500 70 863.4876239959208 16.67 3 3 770 771
1 0 0 0 1 0 0 0 1
1 0 0 0 1 0 0 0 1
500 71 860.1929669204275 16.67 3 3 772 773
1 0 0 0 1 0 0 0 1
1 0 0 0 1 0 0 0 1
95 609 620.0367163420906 16.67 3 3 774 775
1 0 0 0 1 0 0 0 1
1 0 0 0 1 0 0 0 1
501 205 123.70817768549028 16.67 3 3 776 777
1 0 0 0 1 0 0 0 1
1 0 0 0 1 0 0 0 1
501 295 220.64300121068624 16.67 3 3 778 779
1 0 0 0 1 0 0 0 1
1 0 0 0 1 0 0 0 1
501 562 1042.4454993403112 16.67 3 3 780 781
1 0 0 0 1 0 0 0 1
1 0 0 0 1 0 0 0 1
502 548 26.537265383808524 16.67 3 3 782 783
1 0 0 0 1 0 0 0 1
1 0 0 0 1 0 0 0 1
502 552 579.5897486354348 16.67 3 3 784 785
1 0 0 0 1 0 0 0 1
1 0 0 0 1 0 0 0 1
502 599 144.98451071771942 16.67 3 3 786 787
1 0 0 0 1 0 0 0 1
1 0 0 0 1 0 0 0 1
502 554 996.1255287837635 16.67 3 3 788 789
1 0 0 0 1 0 0 0 1
1 0 0 0 1 0 0 0 1
503 349 445.156204154155 16.67 3 3 790 791
1 0 0 0 1 0 0 0 1
1 0 0 0 1 0 0 0 1
503 506 804.7362463474813 16.67 3 3 792 793
1 0 0 0 1 0 0 0 1
1 0 0 0 1 0 0 0 1
503 351 383.45502472782925 16.67 3 3 794 795
1 0 0 0 1 0 0 0 1
1 0 0 0 1 0 0 0 1
503 353 405.82623623472483 16.67 3 3 796 797
1 0 0 0 1 0 0 0 1
1 0 0 0 1 0 0 0 1
504 541 141.0757223883016 16.67 3 3 798 799
1 0 0 0 1 0 0 0 1
1 0 0 0 1 0 0 0 1
504 533 37.680725528574094 16.67 3 3 800 801
1 0 0 0 1 0 0 0 1
1 0 0 0 1 0 0 0 1
505 310 319.50723107340565 16.67 3 3 802 803
1 0 0 0 1 0 0 0 1
1 0 0 0 1 0 0 0 1
505 313 339.8864505409638 16.67 3 3 804 805
1 0 0 0 1 0 0 0 1
1 0 0 0 1 0 0 0 1
506 592 417.688203515522 16.67 3 3 806 807
1 0 0 0 1 0 0 0 1
1 0 0 0 1 0 0 0 1
506 142 799.712017975536 16.67 3 3 808 809
1 0 0 0 1 0 0 0 1
1 0 0 0 1 0 0 0 1
506 278 689.0049100489888 16.67 3 3 810 811
1 0 0 0 1 0 0 0 1
1 0 0 0 1 0 0 0 1
507 135 301.2938315528676 16.67 3 3 812 813
1 0 0 0 1 0 0 0 1
1 0 0 0 1 0 0 0 1
507 80 802.9274972212746 16.67 3 3 814 815
1 0 0 0 1 0 0 0 1
1 0 0 0 1 0 0 0 1
507 90 105.90042578291079 16.67 3 3 816 817
1 0 0 0 1 0 0 0 1
1 0 0 0 1 0 0 0 1
508 343 1009.3251740683246 16.67 3 3 818 819
1 0 0 0 1 0 0 0 1
1 0 0 0 1 0 0 0 1
508 345 387.2237471178301 16.67 3 3 820 821
1 0 0 0 1 0 0 0 1
1 0 0 0 1 0 0 0 1
509 215 10035.133366212109 16.67 3 3 822 823
1 0 0 0 1 0 0 0 1
1 0 0 0 1 0 0 0 1
67 13 367.1583285719532 16.67 3 3 824 825
1 0 0 0 1 0 0 0 1
1 0 0 0 1 0 0 0 1
67 317 189.6757903676554 16.67 3 3 826 827
1 0 0 0 1 0 0 0 1
1 0 0 0 1 0 0 0 1
67 68 297.37733007552924 16.67 3 3 828 829
1 0 0 0 1 0 0 0 1
1 0 0 0 1 0 0 0 1
32 579 424.3028194817563 16.67 3 3 830 831
1 0 0 0 1 0 0 0 1
1 0 0 0 1 0 0 0 1
32 582 525.3470367868025 16.67 3 3 832 833
1 0 0 0 1 0 0 0 1
1 0 0 0 1 0 0 0 1
32 125 173.02560372271265 16.67 3 3 834 835
1 0 0 0 1 0 0 0 1
1 0 0 0 1 0 0 0 1
511 379 1165.0373609928631 16.67 3 3 836 837
1 0 0 0 1 0 0 0 1
1 0 0 0 1 0 0 0 1
511 219 791.2581422106435 16.67 3 3 838 839
1 0 0 0 1 0 0 0 1
1 0 0 0 1 0 0 0 1
511 241 668.3313147921554 16.67 3 3 840 841
1 0 0 0 1 0 0 0 1
1 0 0 0 1 0 0 0 1
512 513 670.3504033230428 16.67 3 3 842 843
1 0 0 0 1 0 0 0 1
1 0 0 0 1 0 0 0 1
512 515 331.6576375768184 16.67 3 3 844 845
1 0 0 0 1 0 0 0 1
1 0 0 0 1 0 0 0 1
512 339 619.5631007440428 16.67 3 3 846 847
1 0 0 0 1 0 0 0 1
1 0 0 0 1 0 0 0 1
513 563 724.5043688284868 16.67 3 3 848 849
1 0 0 0 1 0 0 0 1
1 0 0 0 1 0 0 0 1
515 340 585.948729587256 16.67 3 3 850 851
1 0 0 0 1 0 0 0 1
1 0 0 0 1 0 0 0 1
515 543 682.6395990936152 16.67 3 3 852 853
1 0 0 0 1 0 0 0 1
1 0 0 0 1 0 0 0 1
515 545 817.6865991256799 16.67 3 3 854 855
1 0 0 0 1 0 0 0 1
1 0 0 0 1 0 0 0 1
516 567 434.538133803002 16.67 3 3 856 857
1 0 0 0 1 0 0 0 1
1 0 0 0 1 0 0 0 1
517 609 282.0056149826274 16.67 3 3 860 861
1 0 0 0 1 0 0 0 1
1 0 0 0 1 0 0 0 1
517 251 611.1522361772726 16.67 3 3 862 863
1 0 0 0 1 0 0 0 1
1 0 0 0 1 0 0 0 1
518 303 522.0350126869715 16.67 3 3 864 865
1 0 0 0 1 0 0 0 1
1 0 0 0 1 0 0 0 1
519 520 351.9330461798511 16.67 3 3 866 867
1 0 0 0 1 0 0 0 1
1 0 0 0 1 0 0 0 1
519 44 2364.5254549502174 16.67 3 3 868 869
1 0 0 0 1 0 0 0 1
1 0 0 0 1 0 0 0 1
34 294 409.4569659545083 16.67 3 3 870 871
1 0 0 0 1 0 0 0 1
1 0 0 0 1 0 0 0 1
524 529 224.28735600764483 16.67 3 3 872 873
1 0 0 0 1 0 0 0 1
1 0 0 0 1 0 0 0 1
525 193 5385.92044087017 16.67 3 3 874 875
1 0 0 0 1 0 0 0 1
1 0 0 0 1 0 0 0 1
525 527 270.5048722404634 16.67 3 3 876 877
1 0 0 0 1 0 0 0 1
1 0 0 0 1 0 0 0 1
526 72 5347.456227167599 16.67 3 3 878 879
1 0 0 0 1 0 0 0 1
1 0 0 0 1 0 0 0 1
125 572 315.13769380725745 16.67 3 3 880 881
1 0 0 0 1 0 0 0 1
1 0 0 0 1 0 0 0 1
125 297 961.7649574331496 16.67 3 3 882 883
1 0 0 0 1 0 0 0 1
1 0 0 0 1 0 0 0 1
527 91 4672.028022356531 16.67 3 3 884 885
1 0 0 0 1 0 0 0 1
1 0 0 0 1 0 0 0 1
528 530 218.03384113650392 16.67 3 3 886 887
1 0 0 0 1 0 0 0 1
1 0 0 0 1 0 0 0 1
529 530 22.53579788820241 16.67 3 3 888 889
1 0 0 0 1 0 0 0 1
1 0 0 0 1 0 0 0 1
529 531 46.447461639003905 16.67 3 3 890 891
1 0 0 0 1 0 0 0 1
1 0 0 0 1 0 0 0 1
530 232 1304.7441630651515 16.67 3 3 892 893
1 0 0 0 1 0 0 0 1
1 0 0 0 1 0 0 0 1
531 437 117.21866857659168 16.67 3 3 894 895
1 0 0 0 1 0 0 0 1
1 0 0 0 1 0 0 0 1
532 29 1162.2421623280554 16.67 3 3 896 897
1 0 0 0 1 0 0 0 1
1 0 0 0 1 0 0 0 1
532 102 1452.5147343696735 16.67 3 3 898 899
1 0 0 0 1 0 0 0 1
1 0 0 0 1 0 0 0 1
532 597 28.008769209829236 16.67 3 3 900 901
1 0 0 0 1 0 0 0 1
1 0 0 0 1 0 0 0 1
533 535 153.77068225605467 16.67 3 3 902 903
1 0 0 0 1 0 0 0 1
1 0 0 0 1 0 0 0 1
533 103 116.04053617364663 16.67 3 3 904 905
1 0 0 0 1 0 0 0 1
1 0 0 0 1 0 0 0 1
534 202 264.1317456628452 16.67 3 3 906 907
1 0 0 0 1 0 0 0 1
1 0 0 0 1 0 0 0 1
534 107 553.9397684505491 16.67 3 3 908 909
1 0 0 0 1 0 0 0 1
1 0 0 0 1 0 0 0 1
536 278 1017.4740549495833 16.67 3 3 910 911
1 0 0 0 1 0 0 0 1
1 0 0 0 1 0 0 0 1
536 537 55.84703491350655 16.67 3 3 912 913
1 0 0 0 1 0 0 0 1
1 0 0 0 1 0 0 0 1
536 329 1232.0335217415216 16.67 3 3 914 915
1 0 0 0 1 0 0 0 1
1 0 0 0 1 0 0 0 1
537 142 1121.9109139116024 16.67 3 3 916 917
1 0 0 0 1 0 0 0 1
1 0 0 0 1 0 0 0 1
537 278 1033.2538490721638 16.67 3 3 918 919
1 0 0 0 1 0 0 0 1
1 0 0 0 1 0 0 0 1
537 105 1082.0012426946503 16.67 3 3 920 921
1 0 0 0 1 0 0 0 1
1 0 0 0 1 0 0 0 1
538 297 246.9972924587769 16.67 3 3 922 923
1 0 0 0 1 0 0 0 1
1 0 0 0 1 0 0 0 1
538 298 540.7350339306197 16.67 3 3 924 925
1 0 0 0 1 0 0 0 1
1 0 0 0 1 0 0 0 1
538 582 1183.5283723473342 16.67 3 3 926 927
1 0 0 0 1 0 0 0 1
1 0 0 0 1 0 0 0 1
539 164 1552.8874359988324 16.67 3 3 928 929
1 0 0 0 1 0 0 0 1
1 0 0 0 1 0 0 0 1
539 603 1013.7464186784199 16.67 3 3 930 931
1 0 0 0 1 0 0 0 1
1 0 0 0 1 0 0 0 1
539 540 285.5337057350187 16.67 3 3 932 933
1 0 0 0 1 0 0 0 1
1 0 0 0 1 0 0 0 1
142 351 633.415426726563 16.67 3 3 934 935
1 0 0 0 1 0 0 0 1
1 0 0 0 1 0 0 0 1
142 369 14.153142321213293 16.67 3 3 936 937
1 0 0 0 1 0 0 0 1
1 0 0 0 1 0 0 0 1
143 192 217.2267320966756 16.67 3 3 938 939
1 0 0 0 1 0 0 0 1
1 0 0 0 1 0 0 0 1
143 61 425.0030075318956 16.67 3 3 940 941
1 0 0 0 1 0 0 0 1
1 0 0 0 1 0 0 0 1
540 190 371.1730339258241 16.67 3 3 942 943
1 0 0 0 1 0 0 0 1
1 0 0 0 1 0 0 0 1
540 326 731.2836285404688 16.67 3 3 944 945
1 0 0 0 1 0 0 0 1
1 0 0 0 1 0 0 0 1
542 274 656.9873880080543 16.67 3 3 946 947
1 0 0 0 1 0 0 0 1
1 0 0 0 1 0 0 0 1
542 275 847.5909067750343 16.67 3 3 948 949
1 0 0 0 1 0 0 0 1
1 0 0 0 1 0 0 0 1
542 109 1054.4903612244668 16.67 3 3 950 951
1 0 0 0 1 0 0 0 1
1 0 0 0 1 0 0 0 1
543 559 610.4064449946308 16.67 3 3 952 953
1 0 0 0 1 0 0 0 1
1 0 0 0 1 0 0 0 1
543 563 583.9876703639457 16.67 3 3 954 955
1 0 0 0 1 0 0 0 1
1 0 0 0 1 0 0 0 1
543 216 685.4358639327561 16.67 3 3 956 957
1 0 0 0 1 0 0 0 1
1 0 0 0 1 0 0 0 1
544 216 114.14267950219383 16.67 3 3 958 959
1 0 0 0 1 0 0 0 1
1 0 0 0 1 0 0 0 1
544 551 599.3441551938387 16.67 3 3 960 961
1 0 0 0 1 0 0 0 1
1 0 0 0 1 0 0 0 1
544 545 622.5868530825787 16.67 3 3 962 963
1 0 0 0 1 0 0 0 1
1 0 0 0 1 0 0 0 1
545 217 484.2526464609595 16.67 3 3 964 965
1 0 0 0 1 0 0 0 1
1 0 0 0 1 0 0 0 1
545 341 593.5595987918856 16.67 3 3 966 967
1 0 0 0 1 0 0 0 1
1 0 0 0 1 0 0 0 1
546 556 954.3806986681892 16.67 3 3 968 969
1 0 0 0 1 0 0 0 1
1 0 0 0 1 0 0 0 1
546 550 1444.1098025331012 16.67 3 3 970 971
1 0 0 0 1 0 0 0 1
1 0 0 0 1 0 0 0 1
546 555 1307.167127546791 16.67 3 3 972 973
1 0 0 0 1 0 0 0 1
1 0 0 0 1 0 0 0 1
547 121 494.4818995908932 16.67 3 3 974 975
1 0 0 0 1 0 0 0 1
1 0 0 0 1 0 0 0 1
547 558 403.71939800558175 16.67 3 3 976 977
1 0 0 0 1 0 0 0 1
1 0 0 0 1 0 0 0 1
548 552 599.2115907388483 16.67 3 3 978 979
1 0 0 0 1 0 0 0 1
1 0 0 0 1 0 0 0 1
548 599 126.77369722231883 16.67 3 3 980 981
1 0 0 0 1 0 0 0 1
1 0 0 0 1 0 0 0 1
548 66 567.0348869502012 16.67 3 3 982 983
1 0 0 0 1 0 0 0 1
1 0 0 0 1 0 0 0 1
549 130 1349.4143098967634 16.67 3 3 984 985
1 0 0 0 1 0 0 0 1
1 0 0 0 1 0 0 0 1
549 556 848.8803158219811 16.67 3 3 986 987
1 0 0 0 1 0 0 0 1
1 0 0 0 1 0 0 0 1
549 132 546.4289450446998 16.67 3 3 988 989
1 0 0 0 1 0 0 0 1
1 0 0 0 1 0 0 0 1
550 172 860.5692212313221 16.67 3 3 990 991
1 0 0 0 1 0 0 0 1
1 0 0 0 1 0 0 0 1
550 556 1446.0603020956578 16.67 3 3 992 993
1 0 0 0 1 0 0 0 1
1 0 0 0 1 0 0 0 1
551 71 362.05987898264914 16.67 3 3 994 995
1 0 0 0 1 0 0 0 1
1 0 0 0 1 0 0 0 1
156 582 184.8851504305497 16.67 3 3 996 997
1 0 0 0 1 0 0 0 1
1 0 0 0 1 0 0 0 1
156 575 484.27236191869315 16.67 3 3 998 999
1 0 0 0 1 0 0 0 1
1 0 0 0 1 0 0 0 1
156 311 495.8025138189161 16.67 3 3 1000 1001
1 0 0 0 1 0 0 0 1
1 0 0 0 1 0 0 0 1
552 113 475.67859760354366 16.67 3 3 1002 1003
1 0 0 0 1 0 0 0 1
1 0 0 0 1 0 0 0 1
181 608 334.9333597845734 16.67 3 3 1004 1005
1 0 0 0 1 0 0 0 1
1 0 0 0 1 0 0 0 1
181 40 702.739571652485 16.67 3 3 1006 1007
1 0 0 0 1 0 0 0 1
1 0 0 0 1 0 0 0 1
181 391 481.4406847015612 16.67 3 3 1008 1009
1 0 0 0 1 0 0 0 1
1 0 0 0 1 0 0 0 1
181 313 327.41690183179355 16.67 3 3 1010 1011
1 0 0 0 1 0 0 0 1
1 0 0 0 1 0 0 0 1
553 71 372.8295195099143 16.67 3 3 1012 1013
1 0 0 0 1 0 0 0 1
1 0 0 0 1 0 0 0 1
553 558 315.7375801879497 16.67 3 3 1014 1015
1 0 0 0 1 0 0 0 1
1 0 0 0 1 0 0 0 1
553 560 31.51177876694955 16.67 3 3 1016 1017
1 0 0 0 1 0 0 0 1
1 0 0 0 1 0 0 0 1
554 121 118.53217162360438 16.67 3 3 1018 1019
1 0 0 0 1 0 0 0 1
1 0 0 0 1 0 0 0 1
554 557 428.3892077832866 16.67 3 3 1020 1021
1 0 0 0 1 0 0 0 1
1 0 0 0 1 0 0 0 1
182 376 201.33395894357963 16.67 3 3 1022 1023
1 0 0 0 1 0 0 0 1
1 0 0 0 1 0 0 0 1
182 570 1257.003126719512 16.67 3 3 1024 1025
1 0 0 0 1 0 0 0 1
1 0 0 0 1 0 0 0 1
556 111 981.1059400476066 16.67 3 3 1026 1027
1 0 0 0 1 0 0 0 1
1 0 0 0 1 0 0 0 1
557 163 116.16797983929776 16.67 3 3 1028 1029
1 0 0 0 1 0 0 0 1
1 0 0 0 1 0 0 0 1
35 237 926.2396019229994 16.67 3 3 1030 1031
1 0 0 0 1 0 0 0 1
1 0 0 0 1 0 0 0 1
35 47 142.10406436729426 16.67 3 3 1032 1033
1 0 0 0 1 0 0 0 1
1 0 0 0 1 0 0 0 1
126 291 36.08099697595875 16.67 3 3 1034 1035
1 0 0 0 1 0 0 0 1
1 0 0 0 1 0 0 0 1
126 296 760.0502292517962 16.67 3 3 1036 1037
1 0 0 0 1 0 0 0 1
1 0 0 0 1 0 0 0 1
558 116 33.30725942323382 16.67 3 3 1038 1039
1 0 0 0 1 0 0 0 1
1 0 0 0 1 0 0 0 1
558 163 396.779323678266 16.67 3 3 1040 1041
1 0 0 0 1 0 0 0 1
1 0 0 0 1 0 0 0 1
184 299 683.4629243716913 16.67 3 3 1042 1043
1 0 0 0 1 0 0 0 1
1 0 0 0 1 0 0 0 1
184 79 127.62866222260348 16.67 3 3 1044 1045
1 0 0 0 1 0 0 0 1
1 0 0 0 1 0 0 0 1
560 116 336.00109285712944 16.67 3 3 1046 1047
1 0 0 0 1 0 0 0 1
1 0 0 0 1 0 0 0 1
560 70 363.6059850819736 16.67 3 3 1048 1049
1 0 0 0 1 0 0 0 1
1 0 0 0 1 0 0 0 1
560 368 711.8851510171605 16.67 3 3 1050 1051
1 0 0 0 1 0 0 0 1
1 0 0 0 1 0 0 0 1
561 291 613.7224375836265 16.67 3 3 1052 1053
1 0 0 0 1 0 0 0 1
1 0 0 0 1 0 0 0 1
561 214 702.6349035374124 16.67 3 3 1054 1055
1 0 0 0 1 0 0 0 1
1 0 0 0 1 0 0 0 1
185 302 642.3481335864166 16.67 3 3 1056 1057
1 0 0 0 1 0 0 0 1
1 0 0 0 1 0 0 0 1
185 42 236.30399173548727 16.67 3 3 1058 1059
1 0 0 0 1 0 0 0 1
1 0 0 0 1 0 0 0 1
70 73 366.3156357160674 16.67 3 3 1060 1061
1 0 0 0 1 0 0 0 1
1 0 0 0 1 0 0 0 1
70 71 20.52283057798491 16.67 3 3 1062 1063
1 0 0 0 1 0 0 0 1
1 0 0 0 1 0 0 0 1
562 213 1075.8112735000338 16.67 3 3 1064 1065
1 0 0 0 1 0 0 0 1
1 0 0 0 1 0 0 0 1
562 267 449.0135518207841 16.67 3 3 1066 1067
1 0 0 0 1 0 0 0 1
1 0 0 0 1 0 0 0 1
562 360 634.7982148422664 16.67 3 3 1068 1069
1 0 0 0 1 0 0 0 1
1 0 0 0 1 0 0 0 1
121 599 960.2545976399329 16.67 3 3 1070 1071
1 0 0 0 1 0 0 0 1
1 0 0 0 1 0 0 0 1
121 163 383.7472295327551 16.67 3 3 1072 1073
1 0 0 0 1 0 0 0 1
1 0 0 0 1 0 0 0 1
564 174 376.66357140195703 16.67 3 3 1074 1075
1 0 0 0 1 0 0 0 1
1 0 0 0 1 0 0 0 1
565 245 521.7234006288537 16.67 3 3 1076 1077
1 0 0 0 1 0 0 0 1
1 0 0 0 1 0 0 0 1
565 232 452.5473620301064 16.67 3 3 1078 1079
1 0 0 0 1 0 0 0 1
1 0 0 0 1 0 0 0 1
565 239 1372.0033890475477 16.67 3 3 1080 1081
1 0 0 0 1 0 0 0 1
1 0 0 0 1 0 0 0 1
565 227 462.421540890935 16.67 3 3 1082 1083
1 0 0 0 1 0 0 0 1
1 0 0 0 1 0 0 0 1
566 236 454.53693113558774 16.67 3 3 1084 1085
1 0 0 0 1 0 0 0 1
1 0 0 0 1 0 0 0 1
566 244 1269.3032396012647 16.67 3 3 1086 1087
1 0 0 0 1 0 0 0 1
1 0 0 0 1 0 0 0 1
566 245 439.35551030877804 16.67 3 3 1088 1089
1 0 0 0 1 0 0 0 1
1 0 0 0 1 0 0 0 1
566 224 447.5321323473446 16.67 3 3 1090 1091
1 0 0 0 1 0 0 0 1
1 0 0 0 1 0 0 0 1
568 569 35.60342744383551 16.67 3 3 1092 1093
1 0 0 0 1 0 0 0 1
1 0 0 0 1 0 0 0 1
568 212 268.84364107153147 16.67 3 3 1094 1095
1 0 0 0 1 0 0 0 1
1 0 0 0 1 0 0 0 1
186 310 271.065611369818 16.67 3 3 1096 1097
1 0 0 0 1 0 0 0 1
1 0 0 0 1 0 0 0 1
75 228 52.9008831437201 16.67 3 3 1098 1099
1 0 0 0 1 0 0 0 1
1 0 0 0 1 0 0 0 1
75 231 191.15528758387507 16.67 3 3 1100 1101
1 0 0 0 1 0 0 0 1
1 0 0 0 1 0 0 0 1
569 255 249.16537690617142 16.67 3 3 1102 1103
1 0 0 0 1 0 0 0 1
1 0 0 0 1 0 0 0 1
570 77 196.8498771141194 16.67 3 3 1104 1105
1 0 0 0 1 0 0 0 1
1 0 0 0 1 0 0 0 1
571 76 200.5604221410563 16.67 3 3 1106 1107
1 0 0 0 1 0 0 0 1
1 0 0 0 1 0 0 0 1
571 46 167.50687222731358 16.67 3 3 1108 1109
1 0 0 0 1 0 0 0 1
1 0 0 0 1 0 0 0 1
157 304 724.6831737781906 16.67 3 3 1110 1111
1 0 0 0 1 0 0 0 1
1 0 0 0 1 0 0 0 1
187 40 662.4833694884004 16.67 3 3 1112 1113
1 0 0 0 1 0 0 0 1
1 0 0 0 1 0 0 0 1
187 318 639.7111009552244 16.67 3 3 1114 1115
1 0 0 0 1 0 0 0 1
1 0 0 0 1 0 0 0 1
572 579 276.1979746906439 16.67 3 3 1116 1117
1 0 0 0 1 0 0 0 1
1 0 0 0 1 0 0 0 1
572 451 650.2661983617157 16.67 3 3 1118 1119
1 0 0 0 1 0 0 0 1
1 0 0 0 1 0 0 0 1
572 578 59.50317495055084 16.67 3 3 1120 1121
1 0 0 0 1 0 0 0 1
1 0 0 0 1 0 0 0 1
573 577 351.3815174814924 16.67 3 3 1122 1123
1 0 0 0 1 0 0 0 1
1 0 0 0 1 0 0 0 1
573 315 457.9306052317149 16.67 3 3 1124 1125
1 0 0 0 1 0 0 0 1
1 0 0 0 1 0 0 0 1
573 304 489.49618165022423 16.67 3 3 1126 1127
1 0 0 0 1 0 0 0 1
1 0 0 0 1 0 0 0 1
573 316 22.83349007336 16.67 3 3 1128 1129
1 0 0 0 1 0 0 0 1
1 0 0 0 1 0 0 0 1
574 579 337.22191866197187 16.67 3 3 1130 1131
1 0 0 0 1 0 0 0 1
1 0 0 0 1 0 0 0 1
574 582 428.76339065862317 16.67 3 3 1132 1133
1 0 0 0 1 0 0 0 1
1 0 0 0 1 0 0 0 1
574 575 593.649806246272 16.67 3 3 1134 1135
1 0 0 0 1 0 0 0 1
1 0 0 0 1 0 0 0 1
574 148 406.49800602776156 16.67 3 3 1136 1137
1 0 0 0 1 0 0 0 1
1 0 0 0 1 0 0 0 1
575 303 445.00815608261104 16.67 3 3 1138 1139
1 0 0 0 1 0 0 0 1
1 0 0 0 1 0 0 0 1
575 212 536.6395782661178 16.67 3 3 1140 1141
1 0 0 0 1 0 0 0 1
1 0 0 0 1 0 0 0 1
576 578 348.31815997916567 16.67 3 3 1142 1143
1 0 0 0 1 0 0 0 1
1 0 0 0 1 0 0 0 1
577 338 427.07869246947007 16.67 3 3 1144 1145
1 0 0 0 1 0 0 0 1
1 0 0 0 1 0 0 0 1
578 356 1603.3685324337384 16.67 3 3 1146 1147
1 0 0 0 1 0 0 0 1
1 0 0 0 1 0 0 0 1
579 148 479.674146690068 16.67 3 3 1148 1149
1 0 0 0 1 0 0 0 1
1 0 0 0 1 0 0 0 1
580 129 293.38366936524784 16.67 3 3 1150 1151
1 0 0 0 1 0 0 0 1
1 0 0 0 1 0 0 0 1
580 119 1618.0109058833616 16.67 3 3 1152 1153
1 0 0 0 1 0 0 0 1
1 0 0 0 1 0 0 0 1
580 128 953.290426158545 16.67 3 3 1154 1155
1 0 0 0 1 0 0 0 1
1 0 0 0 1 0 0 0 1
580 131 1616.4266124140117 16.67 3 3 1156 1157
1 0 0 0 1 0 0 0 1
1 0 0 0 1 0 0 0 1
583 78 1810.2129506885585 16.67 3 3 1158 1159
1 0 0 0 1 0 0 0 1
1 0 0 0 1 0 0 0 1
583 214 1233.3706670989802 16.67 3 3 1160 1161
1 0 0 0 1 0 0 0 1
1 0 0 0 1 0 0 0 1
144 50 260.4951917103511 16.67 3 3 1162 1163
1 0 0 0 1 0 0 0 1
1 0 0 0 1 0 0 0 1
584 360 291.0176343799718 16.67 3 3 1164 1165
1 0 0 0 1 0 0 0 1
1 0 0 0 1 0 0 0 1
584 139 95.12328014544836 16.67 3 3 1166 1167
1 0 0 0 1 0 0 0 1
1 0 0 0 1 0 0 0 1
584 586 131.03064528244215 16.67 3 3 1168 1169
1 0 0 0 1 0 0 0 1
1 0 0 0 1 0 0 0 1
584 140 674.5814619490072 16.67 3 3 1170 1171
1 0 0 0 1 0 0 0 1
1 0 0 0 1 0 0 0 1
585 587 824.2480679068113 16.67 3 3 1172 1173
1 0 0 0 1 0 0 0 1
1 0 0 0 1 0 0 0 1
585 309 528.0364939642684 16.67 3 3 1174 1175
1 0 0 0 1 0 0 0 1
1 0 0 0 1 0 0 0 1
585 139 109.1705066772488 16.67 3 3 1176 1177
1 0 0 0 1 0 0 0 1
1 0 0 0 1 0 0 0 1
585 586 86.26956415555861 16.67 3 3 1178 1179
1 0 0 0 1 0 0 0 1
1 0 0 0 1 0 0 0 1
587 590 782.9069350461189 16.67 3 3 1180 1181
1 0 0 0 1 0 0 0 1
1 0 0 0 1 0 0 0 1
589 291 1333.2054715133206 16.67 3 3 1182 1183
1 0 0 0 1 0 0 0 1
1 0 0 0 1 0 0 0 1
589 591 1941.2361064600502 16.67 3 3 1184 1185
1 0 0 0 1 0 0 0 1
1 0 0 0 1 0 0 0 1
589 590 49.92132271636907 16.67 3 3 1186 1187
1 0 0 0 1 0 0 0 1
1 0 0 0 1 0 0 0 1
591 139 284.70726211120257 16.67 3 3 1188 1189
1 0 0 0 1 0 0 0 1
1 0 0 0 1 0 0 0 1
591 138 531.5888226189226 16.67 3 3 1190 1191
1 0 0 0 1 0 0 0 1
1 0 0 0 1 0 0 0 1
592 323 234.1755991825863 16.67 3 3 1192 1193
1 0 0 0 1 0 0 0 1
1 0 0 0 1 0 0 0 1
592 271 557.6859335000373 16.67 3 3 1194 1195
1 0 0 0 1 0 0 0 1
1 0 0 0 1 0 0 0 1
593 293 206.89658368177922 16.67 3 3 1196 1197
1 0 0 0 1 0 0 0 1
1 0 0 0 1 0 0 0 1
593 61 155.95672995358606 16.67 3 3 1198 1199
1 0 0 0 1 0 0 0 1
1 0 0 0 1 0 0 0 1
594 595 605.8826458440222 16.67 3 3 1200 1201
1 0 0 0 1 0 0 0 1
1 0 0 0 1 0 0 0 1
594 275 254.25703563714492 16.67 3 3 1202 1203
1 0 0 0 1 0 0 0 1
1 0 0 0 1 0 0 0 1
595 611 40.150180653692914 16.67 3 3 1204 1205
1 0 0 0 1 0 0 0 1
1 0 0 0 1 0 0 0 1
596 362 275.32232937753474 16.67 3 3 1206 1207
1 0 0 0 1 0 0 0 1
1 0 0 0 1 0 0 0 1
596 460 740.0774673894408 16.67 3 3 1208 1209
1 0 0 0 1 0 0 0 1
1 0 0 0 1 0 0 0 1
597 28 1158.1414436181267 16.67 3 3 1210 1211
1 0 0 0 1 0 0 0 1
1 0 0 0 1 0 0 0 1
192 62 140.32702138866173 16.67 3 3 1212 1213
1 0 0 0 1 0 0 0 1
1 0 0 0 1 0 0 0 1
192 178 293.01018385682875 16.67 3 3 1214 1215
1 0 0 0 1 0 0 0 1
1 0 0 0 1 0 0 0 1
192 60 426.40805626413254 16.67 3 3 1216 1217
1 0 0 0 1 0 0 0 1
1 0 0 0 1 0 0 0 1
199 302 566.1599464017952 16.67 3 3 1218 1219
1 0 0 0 1 0 0 0 1
1 0 0 0 1 0 0 0 1
600 188 26.269516623081476 16.67 3 3 1220 1221
1 0 0 0 1 0 0 0 1
1 0 0 0 1 0 0 0 1
600 321 355.8817957397215 16.67 3 3 1222 1223
1 0 0 0 1 0 0 0 1
1 0 0 0 1 0 0 0 1
601 209 42.25357747251757 16.67 3 3 1224 1225
1 0 0 0 1 0 0 0 1
1 0 0 0 1 0 0 0 1
5 337 1315.4222316190533 16.67 3 3 1226 1227
1 0 0 0 1 0 0 0 1
1 0 0 0 1 0 0 0 1
5 282 286.8496964623423 16.67 3 3 1228 1229
1 0 0 0 1 0 0 0 1
1 0 0 0 1 0 0 0 1
5 159 1481.2818548828886 16.67 3 3 1230 1231
1 0 0 0 1 0 0 0 1
1 0 0 0 1 0 0 0 1
602 282 791.6231590783491 16.67 3 3 1232 1233
1 0 0 0 1 0 0 0 1
1 0 0 0 1 0 0 0 1
602 283 117.13751620140897 16.67 3 3 1234 1235
1 0 0 0 1 0 0 0 1
1 0 0 0 1 0 0 0 1
603 171 589.4003624126115 16.67 3 3 1236 1237
1 0 0 0 1 0 0 0 1
1 0 0 0 1 0 0 0 1
605 94 944.7994941643062 16.67 3 3 1238 1239
1 0 0 0 1 0 0 0 1
1 0 0 0 1 0 0 0 1
606 175 257.4040144441231 16.67 3 3 1240 1241
1 0 0 0 1 0 0 0 1
1 0 0 0 1 0 0 0 1
606 281 305.97751681162987 16.67 3 3 1242 1243
1 0 0 0 1 0 0 0 1
1 0 0 0 1 0 0 0 1
607 281 432.3674136293147 16.67 3 3 1244 1245
1 0 0 0 1 0 0 0 1
1 0 0 0 1 0 0 0 1
607 293 280.5929157055411 16.67 3 3 1246 1247
1 0 0 0 1 0 0 0 1
1 0 0 0 1 0 0 0 1
607 178 566.8893049298964 16.67 3 3 1248 1249
1 0 0 0 1 0 0 0 1
1 0 0 0 1 0 0 0 1
608 376 398.07041801748124 16.67 3 3 1250 1251
1 0 0 0 1 0 0 0 1
1 0 0 0 1 0 0 0 1
609 248 488.12145968490444 16.67 3 3 1252 1253
1 0 0 0 1 0 0 0 1
1 0 0 0 1 0 0 0 1
609 226 469.7654156871865 16.67 3 3 1254 1255
1 0 0 0 1 0 0 0 1
1 0 0 0 1 0 0 0 1
610 252 413.8017827342861 16.67 3 3 1256 1257
1 0 0 0 1 0 0 0 1
1 0 0 0 1 0 0 0 1
610 219 869.5105630397085 16.67 3 3 1258 1259
1 0 0 0 1 0 0 0 1
1 0 0 0 1 0 0 0 1
610 234 286.4455407612293 16.67 3 3 1260 1261
1 0 0 0 1 0 0 0 1
1 0 0 0 1 0 0 0 1
611 51 40.84524360306236 16.67 3 3 1262 1263
1 0 0 0 1 0 0 0 1
1 0 0 0 1 0 0 0 1
612 195 272.6310500583792 16.67 3 3 1264 1265
1 0 0 0 1 0 0 0 1
1 0 0 0 1 0 0 0 1
612 196 253.3709990510997 16.67 3 3 1266 1267
1 0 0 0 1 0 0 0 1
1 0 0 0 1 0 0 0 1
612 613 955.7900919201488 16.67 3 3 1268 1269
1 0 0 0 1 0 0 0 1
1 0 0 0 1 0 0 0 1
76 77 479.5562608498616 16.67 3 3 1270 1271
1 0 0 0 1 0 0 0 1
1 0 0 0 1 0 0 0 1
76 303 168.84730772729705 16.67 3 3 1272 1273
1 0 0 0 1 0 0 0 1
1 0 0 0 1 0 0 0 1
77 311 170.7514154606758 16.67 3 3 1274 1275
1 0 0 0 1 0 0 0 1
1 0 0 0 1 0 0 0 1
82 16 767.615688939515 16.67 3 3 1276 1277
1 0 0 0 1 0 0 0 1
1 0 0 0 1 0 0 0 1
82 17 64.03613875328644 16.67 3 3 1278 1279
1 0 0 0 1 0 0 0 1
1 0 0 0 1 0 0 0 1
46 374 182.63877465130162 16.67 3 3 1280 1281
1 0 0 0 1 0 0 0 1
1 0 0 0 1 0 0 0 1
24 362 166.1192922647219 16.67 3 3 1282 1283
1 0 0 0 1 0 0 0 1
1 0 0 0 1 0 0 0 1
24 363 620.7526678437137 16.67 3 3 1284 1285
1 0 0 0 1 0 0 0 1
1 0 0 0 1 0 0 0 1
24 364 346.49458888273193 16.67 3 3 1286 1287
1 0 0 0 1 0 0 0 1
1 0 0 0 1 0 0 0 1
91 93 446.2793764120752 16.67 3 3 1288 1289
1 0 0 0 1 0 0 0 1
1 0 0 0 1 0 0 0 1
56 304 601.9419368462895 16.67 3 3 1290 1291
1 0 0 0 1 0 0 0 1
1 0 0 0 1 0 0 0 1
79 318 113.8155615211824 16.67 3 3 1292 1293
1 0 0 0 1 0 0 0 1
1 0 0 0 1 0 0 0 1
92 85 6678.704444759486 16.67 3 3 1294 1295
1 0 0 0 1 0 0 0 1
1 0 0 0 1 0 0 0 1
92 94 431.5123967444637 16.67 3 3 1296 1297
1 0 0 0 1 0 0 0 1
1 0 0 0 1 0 0 0 1
138 267 253.2503039239716 16.67 3 3 1298 1299
1 0 0 0 1 0 0 0 1
1 0 0 0 1 0 0 0 1
138 360 546.0701705399144 16.67 3 3 1300 1301
1 0 0 0 1 0 0 0 1
1 0 0 0 1 0 0 0 1
147 257 295.5947759888645 16.67 3 3 1302 1303
1 0 0 0 1 0 0 0 1
1 0 0 0 1 0 0 0 1
147 373 301.3795305933845 16.67 3 3 1304 1305
1 0 0 0 1 0 0 0 1
1 0 0 0 1 0 0 0 1
147 31 549.1020960667346 16.67 3 3 1306 1307
1 0 0 0 1 0 0 0 1
1 0 0 0 1 0 0 0 1
30 260 694.9860038120768 16.67 3 3 1308 1309
1 0 0 0 1 0 0 0 1
1 0 0 0 1 0 0 0 1
30 371 616.0824801136112 16.67 3 3 1310 1311
1 0 0 0 1 0 0 0 1
1 0 0 0 1 0 0 0 1
30 148 692.5243746154312 16.67 3 3 1312 1313
1 0 0 0 1 0 0 0 1
1 0 0 0 1 0 0 0 1
66 154 790.2515367360475 16.67 3 3 1314 1315
1 0 0 0 1 0 0 0 1
1 0 0 0 1 0 0 0 1
66 87 255.10651749236982 16.67 3 3 1316 1317
1 0 0 0 1 0 0 0 1
1 0 0 0 1 0 0 0 1
90 197 181.25015341132027 16.67 3 3 1318 1319
1 0 0 0 1 0 0 0 1
1 0 0 0 1 0 0 0 1
14 323 1140.687216188929 16.67 3 3 1320 1321
1 0 0 0 1 0 0 0 1
1 0 0 0 1 0 0 0 1
14 12 480.61442120763826 16.67 3 3 1322 1323
1 0 0 0 1 0 0 0 1
1 0 0 0 1 0 0 0 1
14 286 18.54794876343824 16.67 3 3 1324 1325
1 0 0 0 1 0 0 0 1
1 0 0 0 1 0 0 0 1
73 368 528.9201677591943 16.67 3 3 1326 1327
1 0 0 0 1 0 0 0 1
1 0 0 0 1 0 0 0 1
52 162 40.7688963668018 16.67 3 3 1328 1329
1 0 0 0 1 0 0 0 1
1 0 0 0 1 0 0 0 1
52 265 147.69159023012492 16.67 3 3 1330 1331
1 0 0 0 1 0 0 0 1
1 0 0 0 1 0 0 0 1
52 288 382.8853542606961 16.67 3 3 1332 1333
1 0 0 0 1 0 0 0 1
1 0 0 0 1 0 0 0 1
65 266 327.7879059983117 16.67 3 3 1334 1335
1 0 0 0 1 0 0 0 1
1 0 0 0 1 0 0 0 1
65 74 678.6816140900349 16.67 3 3 1336 1337
1 0 0 0 1 0 0 0 1
1 0 0 0 1 0 0 0 1
65 51 278.1384854353639 16.67 3 3 1338 1339
1 0 0 0 1 0 0 0 1
1 0 0 0 1 0 0 0 1
28 153 140.19119751637226 16.67 3 3 1340 1341
1 0 0 0 1 0 0 0 1
1 0 0 0 1 0 0 0 1
28 369 2096.8509854685726 16.67 3 3 1342 1343
1 0 0 0 1 0 0 0 1
1 0 0 0 1 0 0 0 1
22 55 495.5083568905305 16.67 3 3 1344 1345
1 0 0 0 1 0 0 0 1
1 0 0 0 1 0 0 0 1
22 23 700.9742394576482 16.67 3 3 1346 1347
1 0 0 0 1 0 0 0 1
1 0 0 0 1 0 0 0 1
22 21 762.4463793087834 16.67 3 3 1348 1349
1 0 0 0 1 0 0 0 1
1 0 0 0 1 0 0 0 1
63 290 717.1618287775606 16.67 3 3 1350 1351
1 0 0 0 1 0 0 0 1
1 0 0 0 1 0 0 0 1
96 491 2618.9180188564833 16.67 3 3 1352 1353
1 0 0 0 1 0 0 0 1
1 0 0 0 1 0 0 0 1
87 154 677.5485534898631 16.67 3 3 1354 1355
1 0 0 0 1 0 0 0 1
1 0 0 0 1 0 0 0 1
60 293 153.35693873725302 16.67 3 3 1356 1357
1 0 0 0 1 0 0 0 1
1 0 0 0 1 0 0 0 1
60 61 205.96991867346338 16.67 3 3 1358 1359
1 0 0 0 1 0 0 0 1
1 0 0 0 1 0 0 0 1
62 178 334.67908301420556 16.67 3 3 1360 1361
1 0 0 0 1 0 0 0 1
1 0 0 0 1 0 0 0 1
133 274 85.86750791091711 16.67 3 3 1362 1363
1 0 0 0 1 0 0 0 1
1 0 0 0 1 0 0 0 1
133 134 493.3853740969756 16.67 3 3 1364 1365
1 0 0 0 1 0 0 0 1
1 0 0 0 1 0 0 0 1
26 27 148.53680280672708 16.67 3 3 1366 1367
1 0 0 0 1 0 0 0 1
1 0 0 0 1 0 0 0 1
27 366 392.01423991182475 16.67 3 3 1368 1369
1 0 0 0 1 0 0 0 1
1 0 0 0 1 0 0 0 1
118 89 108.98825921072938 16.67 3 3 1370 1371
1 0 0 0 1 0 0 0 1
1 0 0 0 1 0 0 0 1
118 217 583.5935839481047 16.67 3 3 1372 1373
1 0 0 0 1 0 0 0 1
1 0 0 0 1 0 0 0 1
118 2 312.51398756416387 16.67 3 3 1374 1375
1 0 0 0 1 0 0 0 1
1 0 0 0 1 0 0 0 1
210 365 313.5036927187577 16.67 3 3 1376 1377
1 0 0 0 1 0 0 0 1
1 0 0 0 1 0 0 0 1
210 120 2076.8632880391438 16.67 3 3 1378 1379
1 0 0 0 1 0 0 0 1
1 0 0 0 1 0 0 0 1
210 221 325.81486553156316 16.67 3 3 1380 1381
1 0 0 0 1 0 0 0 1
1 0 0 0 1 0 0 0 1
213 214 333.5484394778976 16.67 3 3 1382 1383
1 0 0 0 1 0 0 0 1
1 0 0 0 1 0 0 0 1
78 110 347.48353693178495 16.67 3 3 1384 1385
1 0 0 0 1 0 0 0 1
1 0 0 0 1 0 0 0 1
217 342 679.2599781414889 16.67 3 3 1386 1387
1 0 0 0 1 0 0 0 1
1 0 0 0 1 0 0 0 1
218 222 391.891078843692 16.67 3 3 1388 1389
1 0 0 0 1 0 0 0 1
1 0 0 0 1 0 0 0 1
218 223 1108.355702417986 16.67 3 3 1390 1391
1 0 0 0 1 0 0 0 1
1 0 0 0 1 0 0 0 1
218 239 320.4403454520869 16.67 3 3 1392 1393
1 0 0 0 1 0 0 0 1
1 0 0 0 1 0 0 0 1
219 250 31.341324119819298 16.67 3 3 1394 1395
1 0 0 0 1 0 0 0 1
1 0 0 0 1 0 0 0 1
220 227 434.1431111667028 16.67 3 3 1396 1397
1 0 0 0 1 0 0 0 1
1 0 0 0 1 0 0 0 1
220 245 530.4054513090158 16.67 3 3 1398 1399
1 0 0 0 1 0 0 0 1
1 0 0 0 1 0 0 0 1
220 224 416.65811516064554 16.67 3 3 1400 1401
1 0 0 0 1 0 0 0 1
1 0 0 0 1 0 0 0 1
220 241 1297.0568697087929 16.67 3 3 1402 1403
1 0 0 0 1 0 0 0 1
1 0 0 0 1 0 0 0 1
221 365 25.058383095513022 16.67 3 3 1404 1405
1 0 0 0 1 0 0 0 1
1 0 0 0 1 0 0 0 1
221 233 1268.3053737549592 16.67 3 3 1406 1407
1 0 0 0 1 0 0 0 1
1 0 0 0 1 0 0 0 1
222 229 372.5165005325075 16.67 3 3 1408 1409
1 0 0 0 1 0 0 0 1
1 0 0 0 1 0 0 0 1
222 244 614.1050575297471 16.67 3 3 1410 1411
1 0 0 0 1 0 0 0 1
1 0 0 0 1 0 0 0 1
223 242 575.9118516853388 16.67 3 3 1412 1413
1 0 0 0 1 0 0 0 1
1 0 0 0 1 0 0 0 1
224 380 1199.4690801703427 16.67 3 3 1414 1415
1 0 0 0 1 0 0 0 1
1 0 0 0 1 0 0 0 1
224 246 457.62639142146736 16.67 3 3 1416 1417
1 0 0 0 1 0 0 0 1
1 0 0 0 1 0 0 0 1
225 229 615.2855233409771 16.67 3 3 1418 1419
1 0 0 0 1 0 0 0 1
1 0 0 0 1 0 0 0 1
225 244 709.1159821292594 16.67 3 3 1420 1421
1 0 0 0 1 0 0 0 1
1 0 0 0 1 0 0 0 1
226 243 416.4561082102435 16.67 3 3 1422 1423
1 0 0 0 1 0 0 0 1
1 0 0 0 1 0 0 0 1
226 234 567.8228215090196 16.67 3 3 1424 1425
1 0 0 0 1 0 0 0 1
1 0 0 0 1 0 0 0 1
227 379 465.4186425195419 16.67 3 3 1426 1427
1 0 0 0 1 0 0 0 1
1 0 0 0 1 0 0 0 1
228 242 483.7198401644591 16.67 3 3 1428 1429
1 0 0 0 1 0 0 0 1
1 0 0 0 1 0 0 0 1
228 231 243.32519419346508 16.67 3 3 1430 1431
1 0 0 0 1 0 0 0 1
1 0 0 0 1 0 0 0 1
229 245 929.6334022942353 16.67 3 3 1432 1433
1 0 0 0 1 0 0 0 1
1 0 0 0 1 0 0 0 1
229 239 508.8203048812755 16.67 3 3 1434 1435
1 0 0 0 1 0 0 0 1
1 0 0 0 1 0 0 0 1
230 372 424.5683835055669 16.67 3 3 1436 1437
1 0 0 0 1 0 0 0 1
1 0 0 0 1 0 0 0 1
230 57 116.55037674757756 16.67 3 3 1438 1439
1 0 0 0 1 0 0 0 1
1 0 0 0 1 0 0 0 1
231 247 577.2977191782549 16.67 3 3 1440 1441
1 0 0 0 1 0 0 0 1
1 0 0 0 1 0 0 0 1
232 379 464.4723942929947 16.67 3 3 1442 1443
1 0 0 0 1 0 0 0 1
1 0 0 0 1 0 0 0 1
232 235 384.66226368467426 16.67 3 3 1444 1445
1 0 0 0 1 0 0 0 1
1 0 0 0 1 0 0 0 1
233 365 1273.0662264833334 16.67 3 3 1446 1447
1 0 0 0 1 0 0 0 1
1 0 0 0 1 0 0 0 1
233 244 648.3930559795938 16.67 3 3 1448 1449
1 0 0 0 1 0 0 0 1
1 0 0 0 1 0 0 0 1
233 236 1018.0915199332777 16.67 3 3 1450 1451
1 0 0 0 1 0 0 0 1
1 0 0 0 1 0 0 0 1
234 252 261.33186449735723 16.67 3 3 1452 1453
1 0 0 0 1 0 0 0 1
1 0 0 0 1 0 0 0 1
234 243 462.7948397687209 16.67 3 3 1454 1455
1 0 0 0 1 0 0 0 1
1 0 0 0 1 0 0 0 1
235 252 468.6746723665612 16.67 3 3 1456 1457
1 0 0 0 1 0 0 0 1
1 0 0 0 1 0 0 0 1
235 243 270.9752886379903 16.67 3 3 1458 1459
1 0 0 0 1 0 0 0 1
1 0 0 0 1 0 0 0 1
235 378 451.07304128954485 16.67 3 3 1460 1461
1 0 0 0 1 0 0 0 1
1 0 0 0 1 0 0 0 1
236 246 346.5145870141204 16.67 3 3 1462 1463
1 0 0 0 1 0 0 0 1
1 0 0 0 1 0 0 0 1
154 88 45.36282536642265 16.67 3 3 1464 1465
1 0 0 0 1 0 0 0 1
1 0 0 0 1 0 0 0 1
237 247 178.02784944976887 16.67 3 3 1466 1467
1 0 0 0 1 0 0 0 1
1 0 0 0 1 0 0 0 1
237 47 785.1073716257979 16.67 3 3 1468 1469
1 0 0 0 1 0 0 0 1
1 0 0 0 1 0 0 0 1
240 372 410.0698344217804 16.67 3 3 1470 1471
1 0 0 0 1 0 0 0 1
1 0 0 0 1 0 0 0 1
241 249 47.661438302499256 16.67 3 3 1472 1473
1 0 0 0 1 0 0 0 1
1 0 0 0 1 0 0 0 1
241 380 591.4126640125917 16.67 3 3 1474 1475
1 0 0 0 1 0 0 0 1
1 0 0 0 1 0 0 0 1
243 248 464.0298056302808 16.67 3 3 1476 1477
1 0 0 0 1 0 0 0 1
1 0 0 0 1 0 0 0 1
248 378 273.75129310512006 16.67 3 3 1478 1479
1 0 0 0 1 0 0 0 1
1 0 0 0 1 0 0 0 1
248 251 586.2489181858725 16.67 3 3 1480 1481
1 0 0 0 1 0 0 0 1
1 0 0 0 1 0 0 0 1
249 250 1485.9619492003505 16.67 3 3 1482 1483
1 0 0 0 1 0 0 0 1
1 0 0 0 1 0 0 0 1
251 377 280.74802931532787 16.67 3 3 1484 1485
1 0 0 0 1 0 0 0 1
1 0 0 0 1 0 0 0 1
252 379 405.3431113688677 16.67 3 3 1486 1487
1 0 0 0 1 0 0 0 1
1 0 0 0 1 0 0 0 1
253 260 128.2930694910076 16.67 3 3 1488 1489
1 0 0 0 1 0 0 0 1
1 0 0 0 1 0 0 0 1
253 256 475.1093929121155 16.67 3 3 1490 1491
1 0 0 0 1 0 0 0 1
1 0 0 0 1 0 0 0 1
253 258 724.5588973133042 16.67 3 3 1492 1493
1 0 0 0 1 0 0 0 1
1 0 0 0 1 0 0 0 1
254 261 382.93472226572175 16.67 3 3 1494 1495
1 0 0 0 1 0 0 0 1
1 0 0 0 1 0 0 0 1
254 256 299.1370375514135 16.67 3 3 1496 1497
1 0 0 0 1 0 0 0 1
1 0 0 0 1 0 0 0 1
254 255 696.333787203552 16.67 3 3 1498 1499
1 0 0 0 1 0 0 0 1
1 0 0 0 1 0 0 0 1
255 371 216.51038843891195 16.67 3 3 1500 1501
1 0 0 0 1 0 0 0 1
1 0 0 0 1 0 0 0 1
257 208 622.3973537687081 16.67 3 3 1502 1503
1 0 0 0 1 0 0 0 1
1 0 0 0 1 0 0 0 1
258 262 280.45673727485865 16.67 3 3 1504 1505
1 0 0 0 1 0 0 0 1
1 0 0 0 1 0 0 0 1
259 260 69.62146339988784 16.67 3 3 1506 1507
1 0 0 0 1 0 0 0 1
1 0 0 0 1 0 0 0 1
259 25 218.36021977249882 16.67 3 3 1508 1509
1 0 0 0 1 0 0 0 1
1 0 0 0 1 0 0 0 1
263 265 149.2434268232175 16.67 3 3 1510 1511
1 0 0 0 1 0 0 0 1
1 0 0 0 1 0 0 0 1
263 160 39.867445350614666 16.67 3 3 1512 1513
1 0 0 0 1 0 0 0 1
1 0 0 0 1 0 0 0 1
266 269 82.132205881086 16.67 3 3 1514 1515
1 0 0 0 1 0 0 0 1
1 0 0 0 1 0 0 0 1
266 270 610.6688157240932 16.67 3 3 1516 1517
1 0 0 0 1 0 0 0 1
1 0 0 0 1 0 0 0 1
267 269 63.710352463755044 16.67 3 3 1518 1519
1 0 0 0 1 0 0 0 1
1 0 0 0 1 0 0 0 1
269 137 409.5072710603207 16.67 3 3 1520 1521
1 0 0 0 1 0 0 0 1
1 0 0 0 1 0 0 0 1
269 161 1320.1103704637478 16.67 3 3 1522 1523
1 0 0 0 1 0 0 0 1
1 0 0 0 1 0 0 0 1
270 275 454.32182642555546 16.67 3 3 1524 1525
1 0 0 0 1 0 0 0 1
1 0 0 0 1 0 0 0 1
271 272 38.40644101625142 16.67 3 3 1526 1527
1 0 0 0 1 0 0 0 1
1 0 0 0 1 0 0 0 1
271 278 537.7229676236642 16.67 3 3 1528 1529
1 0 0 0 1 0 0 0 1
1 0 0 0 1 0 0 0 1
271 273 427.2133804694426 16.67 3 3 1530 1531
1 0 0 0 1 0 0 0 1
1 0 0 0 1 0 0 0 1
272 325 733.5967958623155 16.67 3 3 1532 1533
1 0 0 0 1 0 0 0 1
1 0 0 0 1 0 0 0 1
272 273 411.72023844205324 16.67 3 3 1534 1535
1 0 0 0 1 0 0 0 1
1 0 0 0 1 0 0 0 1
276 280 276.2261986846628 16.67 3 3 1536 1537
1 0 0 0 1 0 0 0 1
1 0 0 0 1 0 0 0 1
277 322 403.67930041255516 16.67 3 3 1538 1539
1 0 0 0 1 0 0 0 1
1 0 0 0 1 0 0 0 1
277 290 672.0791143953854 16.67 3 3 1540 1541
1 0 0 0 1 0 0 0 1
1 0 0 0 1 0 0 0 1
277 327 1154.38237048836 16.67 3 3 1542 1543
1 0 0 0 1 0 0 0 1
1 0 0 0 1 0 0 0 1
277 280 513.6341840437689 16.67 3 3 1544 1545
1 0 0 0 1 0 0 0 1
1 0 0 0 1 0 0 0 1
279 281 587.7372101227453 16.67 3 3 1546 1547
1 0 0 0 1 0 0 0 1
1 0 0 0 1 0 0 0 1
279 178 342.21891902570866 16.67 3 3 1548 1549
1 0 0 0 1 0 0 0 1
1 0 0 0 1 0 0 0 1
279 283 1083.253377899861 16.67 3 3 1550 1551
1 0 0 0 1 0 0 0 1
1 0 0 0 1 0 0 0 1
280 325 743.1442730074878 16.67 3 3 1552 1553
1 0 0 0 1 0 0 0 1
1 0 0 0 1 0 0 0 1
281 308 59.688450281516396 16.67 3 3 1554 1555
1 0 0 0 1 0 0 0 1
1 0 0 0 1 0 0 0 1
23 54 418.96937704996236 16.67 3 3 1556 1557
1 0 0 0 1 0 0 0 1
1 0 0 0 1 0 0 0 1
283 290 644.9697667287529 16.67 3 3 1558 1559
1 0 0 0 1 0 0 0 1
1 0 0 0 1 0 0 0 1
284 292 457.87929353896163 16.67 3 3 1560 1561
1 0 0 0 1 0 0 0 1
1 0 0 0 1 0 0 0 1
284 285 490.6537377687016 16.67 3 3 1562 1563
1 0 0 0 1 0 0 0 1
1 0 0 0 1 0 0 0 1
284 287 383.4354550411952 16.67 3 3 1564 1565
1 0 0 0 1 0 0 0 1
1 0 0 0 1 0 0 0 1
285 307 345.9428546726027 16.67 3 3 1566 1567
1 0 0 0 1 0 0 0 1
1 0 0 0 1 0 0 0 1
286 322 793.7873852876315 16.67 3 3 1568 1569
1 0 0 0 1 0 0 0 1
1 0 0 0 1 0 0 0 1
286 323 1145.4140303722925 16.67 3 3 1570 1571
1 0 0 0 1 0 0 0 1
1 0 0 0 1 0 0 0 1
286 337 787.8117314127132 16.67 3 3 1572 1573
1 0 0 0 1 0 0 0 1
1 0 0 0 1 0 0 0 1
287 294 431.61577899117805 16.67 3 3 1574 1575
1 0 0 0 1 0 0 0 1
1 0 0 0 1 0 0 0 1
287 320 216.80068500199224 16.67 3 3 1576 1577
1 0 0 0 1 0 0 0 1
1 0 0 0 1 0 0 0 1
287 177 1229.5514545822514 16.67 3 3 1578 1579
1 0 0 0 1 0 0 0 1
1 0 0 0 1 0 0 0 1
288 381 1917.5828685732683 16.67 3 3 1580 1581
1 0 0 0 1 0 0 0 1
1 0 0 0 1 0 0 0 1
289 319 1863.5300800905784 16.67 3 3 1582 1583
1 0 0 0 1 0 0 0 1
1 0 0 0 1 0 0 0 1
289 200 39.56344672988056 16.67 3 3 1584 1585
1 0 0 0 1 0 0 0 1
1 0 0 0 1 0 0 0 1
292 294 433.3512196628332 16.67 3 3 1586 1587
1 0 0 0 1 0 0 0 1
1 0 0 0 1 0 0 0 1
292 361 467.44026609255116 16.67 3 3 1588 1589
1 0 0 0 1 0 0 0 1
1 0 0 0 1 0 0 0 1
292 296 661.9218880054316 16.67 3 3 1590 1591
1 0 0 0 1 0 0 0 1
1 0 0 0 1 0 0 0 1
93 179 6666.166522458099 16.67 3 3 1592 1593
1 0 0 0 1 0 0 0 1
1 0 0 0 1 0 0 0 1
297 298 783.5106123413996 16.67 3 3 1594 1595
1 0 0 0 1 0 0 0 1
1 0 0 0 1 0 0 0 1
298 311 1099.4174432335592 16.67 3 3 1596 1597
1 0 0 0 1 0 0 0 1
1 0 0 0 1 0 0 0 1
299 300 432.7592205302848 16.67 3 3 1598 1599
1 0 0 0 1 0 0 0 1
1 0 0 0 1 0 0 0 1
299 312 532.6890432713151 16.67 3 3 1600 1601
1 0 0 0 1 0 0 0 1
1 0 0 0 1 0 0 0 1
300 198 374.11055088326754 16.67 3 3 1602 1603
1 0 0 0 1 0 0 0 1
1 0 0 0 1 0 0 0 1
301 309 355.3137091015076 16.67 3 3 1604 1605
1 0 0 0 1 0 0 0 1
1 0 0 0 1 0 0 0 1
301 36 863.0281962195581 16.67 3 3 1606 1607
1 0 0 0 1 0 0 0 1
1 0 0 0 1 0 0 0 1
47 238 82.93408927538341 16.67 3 3 1608 1609
1 0 0 0 1 0 0 0 1
1 0 0 0 1 0 0 0 1
304 316 505.47768350354585 16.67 3 3 1610 1611
1 0 0 0 1 0 0 0 1
1 0 0 0 1 0 0 0 1
305 306 312.8502328577969 16.67 3 3 1612 1613
1 0 0 0 1 0 0 0 1
1 0 0 0 1 0 0 0 1
306 312 684.3328912877955 16.67 3 3 1614 1615
1 0 0 0 1 0 0 0 1
1 0 0 0 1 0 0 0 1
307 308 965.2544469372846 16.67 3 3 1616 1617
1 0 0 0 1 0 0 0 1
1 0 0 0 1 0 0 0 1
312 361 233.40449136392277 16.67 3 3 1618 1619
1 0 0 0 1 0 0 0 1
1 0 0 0 1 0 0 0 1
313 319 437.32468234118613 16.67 3 3 1620 1621
1 0 0 0 1 0 0 0 1
1 0 0 0 1 0 0 0 1
314 315 409.8431029940771 16.67 3 3 1622 1623
1 0 0 0 1 0 0 0 1
1 0 0 0 1 0 0 0 1
314 328 411.2342224560645 16.67 3 3 1624 1625
1 0 0 0 1 0 0 0 1
1 0 0 0 1 0 0 0 1
314 335 857.9655224013038 16.67 3 3 1626 1627
1 0 0 0 1 0 0 0 1
1 0 0 0 1 0 0 0 1
315 176 914.6017382544368 16.67 3 3 1628 1629
1 0 0 0 1 0 0 0 1
1 0 0 0 1 0 0 0 1
320 598 113.42600048923968 16.67 3 3 1630 1631
1 0 0 0 1 0 0 0 1
1 0 0 0 1 0 0 0 1
320 146 728.394336034895 16.67 3 3 1632 1633
1 0 0 0 1 0 0 0 1
1 0 0 0 1 0 0 0 1
321 81 101.7333163159298 16.67 3 3 1634 1635
1 0 0 0 1 0 0 0 1
1 0 0 0 1 0 0 0 1
322 333 1151.3904824412757 16.67 3 3 1636 1637
1 0 0 0 1 0 0 0 1
1 0 0 0 1 0 0 0 1
323 349 796.5193150168217 16.67 3 3 1638 1639
1 0 0 0 1 0 0 0 1
1 0 0 0 1 0 0 0 1
324 330 90.06726071516623 16.67 3 3 1640 1641
1 0 0 0 1 0 0 0 1
1 0 0 0 1 0 0 0 1
324 325 643.1554398539095 16.67 3 3 1642 1643
1 0 0 0 1 0 0 0 1
1 0 0 0 1 0 0 0 1
324 326 436.72481900873845 16.67 3 3 1644 1645
1 0 0 0 1 0 0 0 1
1 0 0 0 1 0 0 0 1
325 332 19.81903561401812 16.67 3 3 1646 1647
1 0 0 0 1 0 0 0 1
1 0 0 0 1 0 0 0 1
326 330 523.4545601672604 16.67 3 3 1648 1649
1 0 0 0 1 0 0 0 1
1 0 0 0 1 0 0 0 1
326 331 349.15257108299835 16.67 3 3 1650 1651
1 0 0 0 1 0 0 0 1
1 0 0 0 1 0 0 0 1
327 333 397.84479100050703 16.67 3 3 1652 1653
1 0 0 0 1 0 0 0 1
1 0 0 0 1 0 0 0 1
327 15 363.8623914500839 16.67 3 3 1654 1655
1 0 0 0 1 0 0 0 1
1 0 0 0 1 0 0 0 1
328 336 32.144772394512025 16.67 3 3 1656 1657
1 0 0 0 1 0 0 0 1
1 0 0 0 1 0 0 0 1
328 333 870.6448701701804 16.67 3 3 1658 1659
1 0 0 0 1 0 0 0 1
1 0 0 0 1 0 0 0 1
328 334 287.3397451023534 16.67 3 3 1660 1661
1 0 0 0 1 0 0 0 1
1 0 0 0 1 0 0 0 1
329 331 28.320437857480773 16.67 3 3 1662 1663
1 0 0 0 1 0 0 0 1
1 0 0 0 1 0 0 0 1
329 104 1912.4136181110416 16.67 3 3 1664 1665
1 0 0 0 1 0 0 0 1
1 0 0 0 1 0 0 0 1
329 369 2212.401246276823 16.67 3 3 1666 1667
1 0 0 0 1 0 0 0 1
1 0 0 0 1 0 0 0 1
330 332 558.3923829100822 16.67 3 3 1668 1669
1 0 0 0 1 0 0 0 1
1 0 0 0 1 0 0 0 1
333 175 252.1403094489952 16.67 3 3 1670 1671
1 0 0 0 1 0 0 0 1
1 0 0 0 1 0 0 0 1
334 336 273.8341804354981 16.67 3 3 1672 1673
1 0 0 0 1 0 0 0 1
1 0 0 0 1 0 0 0 1
334 355 3127.79646809729 16.67 3 3 1674 1675
1 0 0 0 1 0 0 0 1
1 0 0 0 1 0 0 0 1
335 176 274.3469328546053 16.67 3 3 1676 1677
1 0 0 0 1 0 0 0 1
1 0 0 0 1 0 0 0 1
338 358 1459.0548153364687 16.67 3 3 1678 1679
1 0 0 0 1 0 0 0 1
1 0 0 0 1 0 0 0 1
339 340 372.5241230107793 16.67 3 3 1680 1681
1 0 0 0 1 0 0 0 1
1 0 0 0 1 0 0 0 1
340 344 28.468084745114567 16.67 3 3 1682 1683
1 0 0 0 1 0 0 0 1
1 0 0 0 1 0 0 0 1
340 341 813.3604120653995 16.67 3 3 1684 1685
1 0 0 0 1 0 0 0 1
1 0 0 0 1 0 0 0 1
341 344 816.686225386127 16.67 3 3 1686 1687
1 0 0 0 1 0 0 0 1
1 0 0 0 1 0 0 0 1
341 342 540.389989802028 16.67 3 3 1688 1689
1 0 0 0 1 0 0 0 1
1 0 0 0 1 0 0 0 1
342 165 1298.376169608326 16.67 3 3 1690 1691
1 0 0 0 1 0 0 0 1
1 0 0 0 1 0 0 0 1
342 84 1297.3828350930128 16.67 3 3 1692 1693
1 0 0 0 1 0 0 0 1
1 0 0 0 1 0 0 0 1
343 347 53.6355368652385 16.67 3 3 1694 1695
1 0 0 0 1 0 0 0 1
1 0 0 0 1 0 0 0 1
345 346 292.00304064718904 16.67 3 3 1696 1697
1 0 0 0 1 0 0 0 1
1 0 0 0 1 0 0 0 1
346 347 401.00267896714405 16.67 3 3 1698 1699
1 0 0 0 1 0 0 0 1
1 0 0 0 1 0 0 0 1
348 18 705.1839856251504 16.67 3 3 1700 1701
1 0 0 0 1 0 0 0 1
1 0 0 0 1 0 0 0 1
348 350 566.5535057200917 16.67 3 3 1702 1703
1 0 0 0 1 0 0 0 1
1 0 0 0 1 0 0 0 1
348 359 1071.3089343064457 16.67 3 3 1704 1705
1 0 0 0 1 0 0 0 1
1 0 0 0 1 0 0 0 1
348 352 580.6552830143355 16.67 3 3 1706 1707
1 0 0 0 1 0 0 0 1
1 0 0 0 1 0 0 0 1
349 353 48.9702716494069 16.67 3 3 1708 1709
1 0 0 0 1 0 0 0 1
1 0 0 0 1 0 0 0 1
349 352 46.68525552832772 16.67 3 3 1710 1711
1 0 0 0 1 0 0 0 1
1 0 0 0 1 0 0 0 1
350 355 1091.7412366264766 16.67 3 3 1712 1713
1 0 0 0 1 0 0 0 1
1 0 0 0 1 0 0 0 1
350 351 418.4712559816914 16.67 3 3 1714 1715
1 0 0 0 1 0 0 0 1
1 0 0 0 1 0 0 0 1
351 354 345.04792105326305 16.67 3 3 1716 1717
1 0 0 0 1 0 0 0 1
1 0 0 0 1 0 0 0 1
355 357 598.9336214223616 16.67 3 3 1718 1719
1 0 0 0 1 0 0 0 1
1 0 0 0 1 0 0 0 1
356 357 940.434815958238 16.67 3 3 1720 1721
1 0 0 0 1 0 0 0 1
1 0 0 0 1 0 0 0 1
356 358 259.9312819187031 16.67 3 3 1722 1723
1 0 0 0 1 0 0 0 1
1 0 0 0 1 0 0 0 1
357 370 2438.9570521991445 16.67 3 3 1724 1725
1 0 0 0 1 0 0 0 1
1 0 0 0 1 0 0 0 1
358 19 803.1404497661009 16.67 3 3 1726 1727
1 0 0 0 1 0 0 0 1
1 0 0 0 1 0 0 0 1
361 20 309.89337444700874 16.67 3 3 1728 1729
1 0 0 0 1 0 0 0 1
1 0 0 0 1 0 0 0 1
209 523 1039.3083587596311 16.67 3 3 1730 1731
1 0 0 0 1 0 0 0 1
1 0 0 0 1 0 0 0 1
85 136 2531.6652445597038 16.67 3 3 1732 1733
1 0 0 0 1 0 0 0 1
1 0 0 0 1 0 0 0 1
85 59 10183.520077247915 16.67 3 3 1734 1735
1 0 0 0 1 0 0 0 1
1 0 0 0 1 0 0 0 1
367 368 946.091278555457 16.67 3 3 1736 1737
1 0 0 0 1 0 0 0 1
1 0 0 0 1 0 0 0 1
372 373 677.0621056864234 16.67 3 3 1738 1739
1 0 0 0 1 0 0 0 1
1 0 0 0 1 0 0 0 1
375 414 143.9761458791384 16.67 3 3 1740 1741
1 0 0 0 1 0 0 0 1
1 0 0 0 1 0 0 0 1
377 378 714.9853403527893 16.67 3 3 1742 1743
1 0 0 0 1 0 0 0 1
1 0 0 0 1 0 0 0 1
380 122 1790.593918025678 16.67 3 3 1744 1745
1 0 0 0 1 0 0 0 1
1 0 0 0 1 0 0 0 1
441
1 -1 76 72 74
3 -1 534 538 536
5 1230 1228 1226 -1
6 -1 554 552 556
7 588 586 590 -1
8 614 553 612 -1
9 35 -1 587 644
10 578 -1 580 576
11 628 581 630 -1
14 1324 679 1322 1320
22 1346 1344 373 1348
23 361 1347 345 1556
24 1286 1284 -1 1282
26 365 1366 105 -1
27 1368 741 -1 1367
28 1342 -1 1211 1340
30 1312 1310 1308 -1
32 -1 832 830 834
33 263 -1 496 498
35 595 1030 1032 -1
40 313 -1 1007 1113
46 651 1280 151 1109
47 1033 -1 1469 1608
51 1263 1339 249 -1
52 1330 1332 1328 -1
56 1290 -1 489 733
60 1358 1356 -1 1217
61 281 1199 1359 941
62 479 1213 1360 -1
63 613 1350 579 -1
65 643 1334 1336 1338
66 1314 -1 983 1316
67 828 824 -1 826
70 1060 1049 1062 771
71 1063 1013 995 773
73 1326 -1 1061 633
76 1270 1107 119 1272
77 -1 1105 1271 1274
78 1384 1159 661 -1
79 1045 -1 315 1292
80 815 699 -1 551
82 681 1276 1278 -1
83 472 476 470 474
85 1732 1295 1734 -1
87 1354 1317 -1 521
90 1318 -1 701 817
93 31 -1 1289 1592
94 161 -1 1239 1297
95 403 774 -1 725
96 -1 145 443 1352
99 338 340 336 -1
101 394 -1 396 147
116 -1 517 1039 1047
118 1374 1370 -1 1372
121 975 1070 1019 1072
123 726 205 -1 103
124 742 -1 727 740
125 882 835 880 491
133 -1 663 1364 1362
138 1191 1300 1298 -1
139 -1 1177 1167 1189
142 809 934 936 917
143 285 940 938 483
144 1162 277 -1 287
147 1306 1304 713 1302
148 1149 1137 1313 -1
149 104 102 100 -1
150 108 110 112 106
151 -1 180 182 184
152 -1 200 202 204
154 1464 -1 1315 1355
155 404 410 406 408
156 -1 1000 998 996
157 -1 179 1110 697
163 1041 1073 1029 -1
166 79 236 238 -1
167 304 -1 300 302
170 728 -1 669 730
174 767 -1 473 1075
175 1241 739 -1 1671
176 -1 695 1629 1677
178 1215 1249 1549 1361
181 1006 1004 1008 1010
182 1022 -1 1024 57
184 1042 623 1044 -1
185 113 -1 1058 1056
186 -1 593 47 1096
187 1114 1112 685 -1
192 939 1216 1214 1212
198 1603 157 619 -1
199 101 -1 109 1218
206 560 -1 275 558
209 1730 87 1225 -1
210 1378 413 1380 1376
212 1141 1095 451 -1
213 1382 -1 561 1065
214 1161 1055 269 1383
215 233 541 823 477
216 73 959 -1 957
217 609 1373 1386 965
218 -1 1388 1392 1390
219 1259 839 1394 573
220 1398 1400 1402 1396
221 1404 1381 569 1406
222 -1 1410 1408 1389
223 -1 1391 223 1412
224 1091 1416 1414 1401
226 1255 1422 1424 -1
227 1083 1397 -1 1426
228 1430 1428 -1 1099
229 1409 1419 1432 1434
230 715 1436 1438 7
231 1440 1431 1101 437
232 893 1079 1442 1444
233 1407 1446 1450 1448
234 1454 1452 1261 1425
235 1460 1445 1456 1458
236 1451 -1 1462 1085
237 1031 183 1466 1468
239 1393 1435 1081 225
241 1403 1474 1472 841
242 667 1413 129 1429
243 1476 1459 1455 1423
244 1087 1449 1421 1411
245 1433 1089 1399 1077
247 1467 -1 1441 59
248 1480 1478 1477 1253
249 1473 565 -1 1482
250 1395 1483 -1 533
251 1484 1481 863 133
252 1457 1486 1257 1453
253 1492 1490 -1 1488
254 1498 1494 583 1496
255 1103 -1 1499 1500
256 535 1497 387 1491
257 1502 709 1303 -1
258 537 1493 83 1504
259 1506 539 1508 -1
260 1309 1489 1507 -1
261 455 429 5 1495
263 1510 -1 1512 555
265 247 -1 1511 1331
266 1516 1514 1335 639
267 1299 1067 295 1518
268 645 557 589 615
269 1520 1519 1522 1515
270 647 1517 261 1524
271 1526 1530 1195 1528
272 1532 1534 1527 -1
273 631 591 1531 1535
275 949 1525 43 1203
276 577 1536 629 -1
277 1540 1542 1538 1544
278 911 1529 811 919
279 1548 1546 -1 1550
280 -1 1545 1537 1552
281 1245 1554 1243 1547
283 -1 1235 1551 1558
284 289 1560 1564 1562
285 497 1563 1566 487
286 1568 1572 1325 1570
287 1565 1574 1578 1576
290 1559 -1 1541 1351
291 1183 343 1035 1053
292 1590 1588 1586 1561
293 1197 511 1247 1357
294 1587 217 871 1575
295 779 283 481 299
296 1037 309 1591 293
297 175 1594 923 883
298 1595 49 1596 925
299 1600 189 1043 1598
300 191 -1 1602 1599
301 1606 755 751 1604
302 1219 107 617 1057
303 1273 865 459 1139
304 1610 1111 1291 1127
305 347 -1 1612 311
306 1613 363 1614 -1
307 1567 213 245 1616
308 509 1617 -1 1555
309 -1 1605 1175 659
310 689 803 1097 177
311 1597 1275 -1 1001
312 1615 -1 1601 1618
313 1620 1011 805 687
314 1626 1622 503 1624
315 1628 1125 705 1623
318 1293 317 1115 -1
319 221 1621 683 1583
320 1630 1577 1632 -1
321 93 1223 127 1634
322 -1 1636 1569 1539
323 1571 1321 1638 1193
324 1640 1642 -1 1644
325 1646 1553 1533 1643
326 945 1645 1648 1650
327 1654 1652 -1 1543
328 1658 1625 1660 1656
329 1662 1666 1664 915
330 19 1668 1641 1649
332 23 -1 1647 1669
333 1653 1670 1659 1637
334 1672 1661 505 1674
335 -1 1676 693 1627
337 301 1227 677 1573
338 707 1145 393 1678
339 847 1680 -1 159
340 851 1684 1682 1681
341 967 1688 1686 1685
342 1387 1692 1690 1689
343 471 819 1694 153
345 -1 821 411 1696
346 -1 1697 405 1698
347 1695 1699 765 155
348 1706 1700 1704 1702
349 1639 1710 1708 791
350 1703 1712 -1 1714
351 795 1716 1715 935
355 1675 1718 171 1713
356 1722 1147 -1 1720
357 1721 95 1724 1719
358 -1 1679 1723 1726
360 1165 333 1069 1301
361 -1 1619 1728 1589
362 369 1283 1207 743
364 379 -1 1287 371
365 -1 1377 1405 1447
366 -1 375 1369 367
368 -1 1737 1051 1327
369 1667 937 1343 -1
371 447 1501 -1 1311
372 1738 1471 -1 1437
373 711 717 1739 1305
375 -1 265 1740 273
376 1251 -1 1023 51
377 349 -1 1742 1485
378 1743 -1 1461 1479
379 1443 1427 837 1487
380 1415 1744 -1 1475
382 4 6 2 8
383 10 12 16 14
384 20 22 18 24
385 26 32 30 28
386 38 36 34 -1
387 40 42 44 37
388 46 50 52 48
389 56 -1 54 53
392 65 66 64 62
393 68 63 70 -1
394 82 78 80 84
395 86 88 92 90
396 96 98 89 94
397 122 124 120 126
398 116 114 -1 118
399 128 132 130 134
400 140 136 -1 138
401 146 142 -1 144
402 150 -1 148 115
403 -1 152 154 156
404 164 158 160 162
406 168 170 166 172
407 -1 176 174 178
408 186 -1 190 188
409 192 198 196 194
410 206 208 210 212
411 216 214 220 218
412 222 224 226 -1
413 234 228 232 230
415 244 -1 242 240
416 250 248 246 -1
417 254 -1 256 252
418 260 253 258 -1
419 268 266 262 264
420 274 272 270 276
423 279 286 284 282
424 290 292 288 267
425 294 298 -1 296
426 306 310 -1 308
427 314 -1 312 316
428 320 322 11 318
429 326 330 324 328
430 -1 334 332 331
431 344 346 307 342
432 352 358 354 356
434 366 -1 364 362
435 372 370 368 374
436 376 29 378 359
438 -1 167 380 382
439 386 384 97 -1
440 392 388 390 -1
441 131 398 402 400
443 -1 414 416 412
444 418 420 422 13
445 426 424 430 428
446 436 432 -1 434
447 444 438 440 442
448 450 448 446 -1
449 452 -1 454 456
450 458 -1 453 460
452 464 466 462 468
453 480 482 478 -1
454 488 490 494 492
455 502 500 506 504
456 -1 485 508 510
457 514 512 518 516
458 522 520 515 524
461 -1 532 530 528
462 540 542 544 -1
463 547 550 546 548
464 566 562 -1 564
466 574 572 -1 570
467 582 9 584 385
468 596 -1 594 592
469 604 598 600 602
470 601 606 608 610
471 616 71 319 618
472 -1 15 620 622
473 227 626 624 341
474 634 632 636 -1
475 -1 638 642 640
476 -1 641 255 646
477 -1 61 650 648
478 656 654 652 -1
479 660 658 662 653
480 17 -1 666 664
481 668 672 670 674
482 676 -1 680 678
484 684 686 -1 682
485 211 688 -1 690
486 694 691 696 692
487 700 -1 702 698
488 704 -1 706 501
489 712 710 714 708
490 718 -1 720 716
492 401 724 571 722
493 736 732 734 389
494 243 -1 207 738
495 744 746 748 750
496 754 195 752 749
497 756 762 760 758
498 764 409 -1 323
500 637 772 770 235
501 780 559 778 776
502 782 784 788 786
503 790 796 794 792
504 -1 800 467 798
505 804 597 -1 802
506 810 806 793 808
507 812 816 814 -1
508 527 163 820 818
509 822 545 723 3
511 836 840 -1 838
512 842 844 846 543
513 848 -1 843 229
515 852 854 850 845
516 585 856 -1 99
517 862 -1 860 399
518 149 435 427 864
519 433 866 -1 868
520 -1 139 445 867
524 337 625 872 439
525 876 874 -1 143
526 397 878 -1 137
527 884 -1 877 141
528 -1 886 351 441
529 890 -1 888 873
530 889 -1 892 887
531 627 -1 891 894
532 900 383 898 896
533 904 -1 902 801
534 463 906 908 -1
536 914 910 912 -1
537 918 920 916 913
538 -1 924 926 922
539 671 932 928 930
540 942 25 944 933
542 -1 946 948 950
543 952 956 853 954
544 960 611 962 958
545 963 964 966 855
546 968 970 972 377
547 519 -1 974 976
548 982 978 783 980
549 984 986 988 353
550 990 635 971 992
551 994 603 961 77
552 979 1002 607 785
553 1016 1014 605 1012
554 1018 789 -1 1020
555 973 231 -1 33
556 1026 993 969 987
557 1028 1021 -1 599
558 1038 977 1040 1015
560 1050 1046 1017 1048
561 325 1052 291 1054
562 1068 1064 781 1066
564 203 475 1074 111
565 1080 1076 1082 1078
566 1086 1084 1090 1088
568 -1 461 1092 1094
569 1093 457 1102 449
570 55 649 1104 1025
571 -1 1108 117 1106
572 1120 881 1116 1118
573 1128 1126 1122 1124
574 1132 1134 1136 1130
575 999 1138 1140 1135
576 735 493 1142 391
577 1123 -1 737 1144
578 1143 495 1121 1146
579 831 1131 1148 1117
580 1152 1154 1150 1156
582 927 997 1133 833
583 1158 -1 1160 655
584 1166 1168 1170 1164
585 1174 1172 1178 1176
586 1179 329 -1 1169
587 753 1180 327 1173
589 335 1186 1182 1184
590 197 357 1187 1181
591 1188 1185 -1 1190
592 1194 1192 -1 807
593 271 -1 1196 1198
594 1202 1200 41 -1
595 259 1204 251 1201
596 1206 1208 769 201
597 1210 173 901 -1
599 513 981 787 1071
600 -1 123 1220 1222
601 1224 -1 91 237
602 -1 1232 303 1234
603 1236 -1 931 729
605 1238 -1 395 407
606 1242 241 1240 -1
607 1246 -1 1244 1248
608 621 665 1250 1005
609 861 1252 1254 775
610 1256 -1 1258 1260
611 -1 257 1262 1205
612 1266 1264 1268 -1
