227
1 3600 364
6
323 119 114 325 328 89
1 3600 364
3
116 357 358
1 3600 364
7
318 325 328 388 87 39 36
1 3600 364
7
377 307 304 119 116 357 353
1 3600 393
10
383 384 331 328 379 343 340 81 84 263
1 3600 393
4
567 561 33 30
1 3600 393
13
143 144 119 116 331 328 89 86 511 512 171 172 81
1 3600 393
3
565 561 33
1 3600 393
5
565 561 33 29 26
1 3600 393
11
304 119 114 325 328 388 339 340 462 155 156
1 3600 393
12
144 119 116 331 326 333 334 390 171 159 160 430
1 3600 393
5
567 561 33 30 85
1 3600 393
17
377 307 304 119 114 325 328 89 86 511 514 345 340 462 103 104 548
1 3600 393
7
147 144 119 116 357 358 380
1 3600 393
9
304 119 116 357 354 567 561 33 29
1 3600 393
12
509 321 318 325 328 388 87 39 34 171 174 505
1 3600 393
7
347 352 358 343 340 462 167
1 3600 393
4
366 567 561 558
1 3600 393
3
171 159 156
1 3600 393
9
565 561 33 30 546 105 102 463 173
1 3600 233
12
517 349 346 374 567 561 33 30 546 548 197 198
1 3600 582
17
317 318 325 328 89 86 339 340 462 167 168 286 195 200 407 267 264
1 3600 392
20
377 147 144 119 116 331 328 388 511 512 171 159 156 162 282 235 179 176 127 130
1 3600 392
24
144 119 116 357 353 350 366 567 561 33 29 26 262 546 548 551 287 285 282 235 179 176 127 128
1 3600 392
16
566 355 358 343 340 173 159 156 162 282 235 179 176 111 108 134
1 3600 392
5
318 325 326 137 140
1 3600 392
5
89 39 34 391 392
1 3600 392
27
369 366 567 561 33 30 546 548 551 287 288 522 273 79 74 71 68 397 394 277 274 569 99 94 111 108 132
1 3600 392
13
343 340 462 167 168 285 282 235 179 176 111 108 132
1 3600 392
20
349 352 358 343 340 462 155 156 164 168 288 257 77 74 527 528 181 176 127 130
1 3600 353
8
511 512 171 174 475 459 460 540
1 3600 353
15
331 326 441 442 393 390 171 159 156 162 282 235 179 176 111
1 3600 353
10
565 561 33 30 85 82 506 534 417 411
1 3600 353
16
323 119 114 325 328 388 511 514 345 340 173 174 475 459 415 412
1 3600 242
30
304 119 116 357 354 567 561 33 29 26 262 546 548 551 287 288 524 473 203 204 206 211 121 122 484 486 277 274 569 99
1 3600 582
22
366 567 561 33 30 546 548 197 194 287 285 280 273 225 217 220 394 487 485 123 124 13
1 3600 582
8
510 87 39 34 391 392 299 302
1 3600 582
17
340 462 155 156 162 280 255 77 74 219 214 397 394 277 274 229 230
1 3600 582
22
321 318 325 328 89 86 511 512 171 159 156 164 168 288 524 473 470 481 247 248 457 295
1 3600 146
12
261 27 28 32 560 566 367 351 352 356 117 114
1 3600 146
5
102 463 341 342 359
1 3600 146
10
80 341 338 389 329 324 115 118 305 308
1 3600 146
5
157 158 170 35 38
1 3600 146
11
261 262 546 105 106 431 161 158 170 35 36
1 3600 146
5
157 154 463 341 344
1 3600 92
6
430 107 104 547 263 260
1 3600 138
8
431 161 154 167 168 288 524 227
1 3600 138
6
83 84 546 548 197 198
1 3600 138
5
30 546 548 551 287
1 3600 138
7
504 175 159 156 164 168 286
1 3600 138
5
262 546 548 551 552
1 3600 324
7
103 104 548 197 200 407 408
1 3600 114
9
102 155 158 170 391 335 332 137 140
1 3600 154
11
80 173 159 156 162 282 235 179 176 111 108
1 3600 154
12
381 343 340 462 167 168 285 282 235 179 176 111
1 3600 154
7
261 262 85 82 506 534 417
1 3600 154
10
573 551 287 288 257 252 235 179 176 111
1 3600 135
10
504 175 159 156 162 280 273 79 74 71
1 3600 135
5
161 156 162 282 253
1 3600 291
16
154 167 168 288 524 473 203 204 93 90 57 58 188 250 449 446
1 3600 582
14
559 33 30 546 548 551 287 285 282 235 179 176 111 112
1 3600 582
21
559 33 29 26 262 546 105 102 155 156 162 282 235 236 528 530 532 277 274 229 230
1 3600 582
16
261 262 85 80 462 167 168 288 522 273 225 217 220 394 277 278
1 3600 215
6
169 166 463 341 344 515
1 3600 77
8
202 472 525 289 169 166 463 81
1 3600 77
7
271 272 281 163 157 158 172
1 3600 77
7
472 525 289 169 165 157 160
1 3600 109
3
288 524 227
1 3600 78
6
469 203 204 208 496 41
1 3600 78
8
287 288 524 473 470 43 44 518
1 3600 416
16
202 472 227 223 224 272 281 163 157 158 170 391 335 332 137 140
1 3600 93
7
550 549 105 106 444 427 424
1 3600 61
13
194 287 285 280 255 77 74 219 214 397 394 277 274
1 3600 61
5
473 203 204 206 211
1 3600 85
17
199 194 287 285 282 235 236 528 530 532 487 488 492 499 500 7 8
1 3600 582
16
199 196 549 547 31 32 560 566 355 356 331 326 137 138 301 302
1 3600 582
10
553 287 285 282 235 179 176 95 98 570
1 3600 582
6
223 217 220 394 277 278
1 3600 582
14
409 406 201 196 549 547 31 32 560 566 375 347 352 358
1 3600 253
10
201 194 550 549 547 85 80 341 342 380
1 3600 134
6
471 472 525 289 286 195
1 3600 134
23
519 45 40 497 259 91 47 52 182 212 482 484 486 395 396 69 72 529 237 234 283 284 286
1 3600 134
3
406 201 198
1 3600 134
3
201 194 287
1 3600 171
4
557 407 267 264
1 3600 582
14
265 266 406 201 196 549 105 102 463 173 170 391 335 336
1 3600 388
11
555 201 194 550 549 105 106 444 427 422 421
1 3600 82
16
555 201 194 287 288 522 273 79 74 71 68 397 394 277 274 569
1 3600 128
17
266 406 201 194 287 288 524 473 203 204 206 49 50 54 61 62 477
1 3600 128
8
521 481 476 63 66 3 4 23
1 3600 128
14
201 194 287 288 257 77 74 219 220 394 487 488 492 499
1 3600 582
19
555 201 196 549 547 31 32 560 566 367 351 352 356 331 326 441 442 299 296
1 3600 582
17
521 481 247 245 242 9 6 501 498 493 489 486 277 274 569 99 96
1 3600 582
14
201 194 287 285 280 273 225 217 214 397 394 487 488 490
1 3600 130
4
136 327 324 319
1 3600 130
6
337 332 327 330 117 118
1 3600 130
20
133 109 110 177 178 234 283 163 157 158 170 513 510 87 88 329 330 117 118 322
1 3600 102
11
135 109 110 177 178 234 283 163 157 158 174
1 3600 416
10
393 390 171 172 81 84 546 548 551 552
1 3600 582
13
440 333 334 390 171 172 462 103 104 548 197 200 407
1 3600 126
15
135 109 110 177 178 234 283 284 169 165 157 158 170 391 335
1 3600 131
10
333 334 390 171 159 160 428 432 459 415
1 3600 131
13
139 136 441 442 393 390 171 174 505 506 534 538 542
1 3600 131
10
390 171 159 156 162 282 235 179 176 111
1 3600 131
14
136 333 334 390 171 159 156 162 282 235 179 176 111 108
1 3600 131
12
141 136 327 328 379 343 340 173 174 475 459 415
1 3600 166
14
437 141 136 333 334 390 171 159 156 162 282 235 179 176
1 3600 582
24
334 390 513 514 345 340 462 167 168 288 524 473 203 204 93 90 258 494 465 466 3 6 455 452
1 3600 291
14
301 298 393 390 171 159 156 162 282 235 179 176 111 112
1 3600 582
19
390 171 159 156 164 168 285 280 255 77 74 71 68 397 394 277 274 229 230
1 3600 582
21
141 136 327 328 388 339 340 462 167 168 288 522 273 225 217 220 394 487 488 492 291
1 3600 90
9
541 461 458 474 175 172 341 338 87
1 3600 78
12
110 177 180 73 70 75 76 256 289 286 550 549
1 3600 78
5
426 445 431 161 156
1 3600 102
6
429 161 156 164 168 288
1 3600 485
12
415 410 416 535 507 83 84 546 548 197 200 554
1 3600 90
5
474 175 170 391 392
1 3600 90
15
424 543 539 535 507 504 175 170 391 392 443 440 137 140 436
1 3600 90
7
461 458 474 175 170 391 335
1 3600 88
3
460 423 426
1 3600 107
7
429 161 156 162 280 255 77
1 3600 107
17
542 425 426 445 431 161 156 162 282 235 236 528 530 532 487 485 123
1 3600 107
16
419 416 535 507 504 175 159 156 162 282 235 179 176 95 100 372
1 3600 107
12
413 414 458 433 429 161 154 167 168 285 280 273
1 3600 107
15
413 414 458 474 175 159 156 162 282 235 179 176 95 100 370
1 3600 107
9
110 95 98 568 275 276 487 485 483
1 3600 182
20
429 161 154 167 168 288 524 473 203 204 93 47 52 186 192 250 5 2 239 242
1 3600 114
13
423 426 445 431 161 156 162 282 235 179 176 111 112
1 3600 416
19
545 543 539 535 507 504 175 159 156 164 168 285 282 235 179 176 95 98 570
1 3600 582
18
458 433 429 430 107 104 548 551 287 288 257 77 74 219 220 394 277 278
1 3600 277
14
218 75 76 254 523 289 169 166 463 341 344 515 510 87
1 3600 159
5
284 169 166 463 81
1 3600 159
9
207 205 202 472 525 289 169 166 103
1 3600 155
4
281 284 286 552
1 3600 155
9
98 568 275 276 395 221 216 224 270
1 3600 155
9
215 218 75 78 272 523 289 286 552
1 3600 155
10
533 531 529 237 234 283 284 286 195 198
1 3600 121
15
530 532 487 485 483 213 183 184 190 464 495 496 41 44 518
1 3600 224
15
177 178 234 283 163 157 154 463 341 342 378 329 326 137 140
1 3600 186
11
99 94 177 178 234 283 163 157 160 428 434
1 3600 186
10
75 76 254 281 163 157 158 174 505 506
1 3600 186
10
272 281 163 157 160 430 444 427 424 544
1 3600 186
14
101 94 177 178 234 283 284 169 165 157 160 430 444 427
1 3600 186
9
237 234 283 163 157 158 174 505 506
1 3600 186
18
11 12 187 53 46 92 205 202 472 525 289 169 166 155 160 428 432 459
1 3600 186
15
101 94 177 178 234 283 163 157 158 174 505 506 534 417 418
1 3600 186
16
69 70 75 76 256 289 286 550 549 547 85 82 506 534 417 411
1 3600 186
10
178 234 283 284 169 165 157 160 428 434
1 3600 176
7
252 235 179 176 95 100 370
1 3600 176
3
121 122 484
1 3600 176
9
253 77 78 225 222 226 473 203 204
1 3600 188
3
120 183 184
1 3600 188
16
77 74 71 68 397 394 487 485 123 120 210 49 50 54 61 62
1 3600 188
10
220 394 487 485 123 124 192 189 59 56
1 3600 188
7
214 397 394 487 485 123 124
1 3600 188
5
291 292 294 456 249
1 3600 188
4
183 184 190 464
1 3600 188
5
49 50 58 190 466
1 3600 188
10
222 226 473 203 204 93 47 52 186 13
1 3600 188
4
484 488 492 499
1 3600 188
12
74 219 220 394 487 488 492 499 447 450 455 452
1 3600 233
8
272 281 163 157 160 430 444 576
1 3600 158
5
484 486 277 274 229
1 3600 215
8
77 74 71 68 397 394 277 278
1 3600 582
25
18 189 59 51 48 207 205 202 472 525 289 286 550 549 547 31 32 560 566 355 356 117 114 401 398
1 3600 307
14
251 193 125 122 484 486 395 221 216 224 272 523 289 169
1 3600 193
12
7 2 67 60 495 209 205 202 472 525 289 286
1 3600 193
7
187 53 46 92 205 202 468
1 3600 228
5
246 480 43 44 518
1 3600 228
20
185 182 212 482 484 486 395 396 215 218 75 76 256 289 286 195 200 407 267 264
1 3600 228
11
51 48 207 205 202 472 525 289 286 195 200
1 3600 228
3
496 41 44
1 3600 582
21
14 16 20 446 498 493 489 486 533 531 181 178 234 283 163 157 158 170 391 335 336
1 3600 188
19
243 244 246 480 471 472 525 289 169 166 463 173 174 505 506 534 538 542 425
1 3600 223
7
453 454 501 498 493 489 486
1 3600 223
9
58 185 182 212 482 484 486 395 396
1 3600 223
7
12 125 122 484 486 395 221
1 3600 223
13
188 193 125 122 484 486 395 396 215 216 224 272 281
1 3600 223
12
2 467 191 185 182 212 482 484 486 533 531 529
1 3600 223
7
191 188 19 16 20 446 498
1 3600 223
10
498 493 489 486 277 274 569 99 100 370
1 3600 223
6
21 17 15 12 125 120
1 3600 223
6
55 51 48 211 212 482
1 3600 223
6
454 451 448 251 193 125
1 3600 223
14
17 15 12 125 122 484 486 395 396 69 70 75 76 254
1 3600 223
11
251 193 125 122 484 486 395 221 218 527 237
1 3600 223
13
479 247 248 457 295 293 290 493 489 486 533 531 181
1 3600 229
3
259 91 47
1 3600 229
3
453 456 243
1 3600 229
3
245 238 3
1 3600 582
17
189 59 56 91 92 205 202 472 525 289 169 165 157 160 430 444 576
1 3600 388
14
65 60 465 191 185 182 212 482 484 486 277 274 569 570
1 3600 204
10
295 293 290 493 489 486 277 274 229 232
1 3600 204
12
248 9 6 501 498 493 489 486 277 274 229 232
1 3600 582
10
297 300 139 136 327 324 115 118 305 308
1 3600 582
8
577 427 424 543 539 535 507 83
1 3600 582
7
113 110 177 178 234 283 284
1 3600 582
19
303 298 443 440 327 328 379 359 353 346 374 567 561 33 30 546 548 197 200
1 3600 188
3
303 300 437
1 3600 63
17
297 298 393 390 513 514 345 340 462 167 168 285 282 235 179 176 111
1 3600 111
15
577 445 431 161 156 162 280 273 225 217 214 397 394 487 488
1 3600 485
19
303 298 393 390 171 159 156 164 168 288 524 473 203 204 93 90 57 58 188
1 3600 448
12
113 110 177 178 234 283 163 157 160 430 444 576
1 3600 182
17
537 507 504 175 159 156 162 282 235 236 528 530 532 277 274 229 230
1 3600 582
18
537 507 83 84 546 548 551 287 288 524 473 470 481 247 245 242 457 295
1 3600 582
27
228 275 276 395 221 216 224 272 281 284 286 550 549 547 263 27 28 32 560 566 367 368 347 352 356 385 386
1 3600 582
10
571 99 94 177 178 234 283 284 169 166
1 3600 582
14
228 275 276 395 396 69 70 75 78 272 523 289 286 552
1 3600 582
16
228 275 276 395 221 218 75 76 256 289 286 195 200 407 267 268
1 3600 582
18
231 228 275 276 395 396 69 72 529 237 234 283 163 157 158 170 391 335
1 3600 182
14
228 275 276 533 531 529 237 234 283 163 157 158 174 475
1 3600 59
7
231 228 275 276 395 396 69
1 3600 166
11
571 568 275 276 487 485 483 213 210 49 50
1 3600 145
14
97 94 177 178 234 283 284 169 166 463 81 82 506 536
1 3600 582
3
97 98 570
1 3600 135
9
97 98 568 275 276 487 488 492 291
1 3600 582
24
290 493 489 486 395 221 216 224 272 523 289 286 550 549 547 31 32 560 566 355 356 117 118 145
1 3600 582
13
279 276 395 396 215 218 75 76 254 281 163 157 160
1 3600 582
7
491 489 486 395 221 216 222
1 3600 582
16
292 294 456 249 246 480 471 472 525 289 286 195 200 407 267 264
1 3600 582
12
290 493 489 486 277 274 569 99 94 111 108 134
1 3600 529
6
233 228 569 99 94 127
1 3600 108
7
290 493 489 485 483 213 210
1 3600 56
3
290 499 447
1 3600 582
12
293 290 493 489 486 277 274 569 99 94 111 112
1 3600 176
4
279 274 569 570
1 3600 416
7
279 276 487 488 492 291 292
