227
1 3600 386
6
323 119 114 325 328 89
1 3600 386
3
116 357 358
1 3600 386
7
318 325 328 388 87 39 36
1 3600 386
7
377 307 304 119 116 357 353
1 3600 417
10
383 384 331 328 379 343 340 81 84 263
1 3600 417
4
567 561 33 30
1 3600 417
13
143 144 119 116 331 328 89 86 511 512 171 172 81
1 3600 417
3
565 561 33
1 3600 417
5
565 561 33 29 26
1 3600 417
11
304 119 114 325 328 388 339 340 462 155 156
1 3600 417
12
144 119 116 331 326 333 334 390 171 159 160 430
1 3600 417
5
567 561 33 30 85
1 3600 417
17
377 307 304 119 114 325 328 89 86 511 514 345 340 462 103 104 548
1 3600 417
7
147 144 119 116 357 358 380
1 3600 417
9
304 119 116 357 354 567 561 33 29
1 3600 417
12
509 321 318 325 328 388 87 39 34 171 174 505
1 3600 417
7
347 352 358 343 340 462 167
1 3600 417
4
366 567 561 558
1 3600 417
3
171 159 156
1 3600 417
9
565 561 33 30 546 105 102 463 173
1 3600 247
12
517 349 346 374 567 561 33 30 546 548 197 198
1 3600 617
17
317 318 325 328 89 86 339 340 462 167 168 286 195 200 407 267 264
1 3600 415
20
377 147 144 119 116 331 328 388 511 512 171 159 156 162 282 235 179 176 127 130
1 3600 415
24
144 119 116 357 353 350 366 567 561 33 29 26 262 546 548 551 287 285 282 235 179 176 127 128
1 3600 415
16
566 355 358 343 340 173 159 156 162 282 235 179 176 111 108 134
1 3600 415
5
318 325 326 137 140
1 3600 415
5
89 39 34 391 392
1 3600 415
27
369 366 567 561 33 30 546 548 551 287 288 522 273 79 74 71 68 397 394 277 274 569 99 94 111 108 132
1 3600 415
13
343 340 462 167 168 285 282 235 179 176 111 108 132
1 3600 415
20
349 352 358 343 340 462 155 156 164 168 288 257 77 74 527 528 181 176 127 130
1 3600 374
8
511 512 171 174 475 459 460 540
1 3600 374
15
331 326 441 442 393 390 171 159 156 162 282 235 179 176 111
1 3600 374
10
565 561 33 30 85 82 506 534 417 411
1 3600 374
16
323 119 114 325 328 388 511 514 345 340 173 174 475 459 415 412
1 3600 257
30
304 119 116 357 354 567 561 33 29 26 262 546 548 551 287 288 524 473 203 204 206 211 121 122 484 486 277 274 569 99
1 3600 617
22
366 567 561 33 30 546 548 197 194 287 285 280 273 225 217 220 394 487 485 123 124 13
1 3600 617
8
510 87 39 34 391 392 299 302
1 3600 617
17
340 462 155 156 162 280 255 77 74 219 214 397 394 277 274 229 230
1 3600 617
22
321 318 325 328 89 86 511 512 171 159 156 164 168 288 524 473 470 481 247 248 457 295
1 3600 155
12
261 27 28 32 560 566 367 351 352 356 117 114
1 3600 155
5
102 463 341 342 359
1 3600 155
10
80 341 338 389 329 324 115 118 305 308
1 3600 155
5
157 158 170 35 38
1 3600 155
11
261 262 546 105 106 431 161 158 170 35 36
1 3600 155
5
157 154 463 341 344
1 3600 98
6
430 107 104 547 263 260
1 3600 146
8
431 161 154 167 168 288 524 227
1 3600 146
6
83 84 546 548 197 198
1 3600 146
5
30 546 548 551 287
1 3600 146
7
504 175 159 156 164 168 286
1 3600 146
5
262 546 548 551 552
1 3600 343
7
103 104 548 197 200 407 408
1 3600 121
9
102 155 158 170 391 335 332 137 140
1 3600 163
11
80 173 159 156 162 282 235 179 176 111 108
1 3600 163
12
381 343 340 462 167 168 285 282 235 179 176 111
1 3600 163
7
261 262 85 82 506 534 417
1 3600 163
10
573 551 287 288 257 252 235 179 176 111
1 3600 143
10
504 175 159 156 162 280 273 79 74 71
1 3600 143
5
161 156 162 282 253
1 3600 308
16
154 167 168 288 524 473 203 204 93 90 57 58 188 250 449 446
1 3600 617
14
559 33 30 546 548 551 287 285 282 235 179 176 111 112
1 3600 617
21
559 33 29 26 262 546 105 102 155 156 162 282 235 236 528 530 532 277 274 229 230
1 3600 617
16
261 262 85 80 462 167 168 288 522 273 225 217 220 394 277 278
1 3600 228
6
169 166 463 341 344 515
1 3600 82
8
202 472 525 289 169 166 463 81
1 3600 82
7
271 272 281 163 157 158 172
1 3600 82
7
472 525 289 169 165 157 160
1 3600 116
3
288 524 227
1 3600 83
6
469 203 204 208 496 41
1 3600 83
8
287 288 524 473 470 43 44 518
1 3600 441
16
202 472 227 223 224 272 281 163 157 158 170 391 335 332 137 140
1 3600 99
7
550 549 105 106 444 427 424
1 3600 65
13
194 287 285 280 255 77 74 219 214 397 394 277 274
1 3600 65
5
473 203 204 206 211
1 3600 90
17
199 194 287 285 282 235 236 528 530 532 487 488 492 499 500 7 8
1 3600 617
16
199 196 549 547 31 32 560 566 355 356 331 326 137 138 301 302
1 3600 617
10
553 287 285 282 235 179 176 95 98 570
1 3600 617
6
223 217 220 394 277 278
1 3600 617
14
409 406 201 196 549 547 31 32 560 566 375 347 352 358
1 3600 268
10
201 194 550 549 547 85 80 341 342 380
1 3600 142
6
471 472 525 289 286 195
1 3600 142
23
519 45 40 497 259 91 47 52 182 212 482 484 486 395 396 69 72 529 237 234 283 284 286
1 3600 142
3
406 201 198
1 3600 142
3
201 194 287
1 3600 181
4
557 407 267 264
1 3600 617
14
265 266 406 201 196 549 105 102 463 173 170 391 335 336
1 3600 411
11
555 201 194 550 549 105 106 444 427 422 421
1 3600 87
16
555 201 194 287 288 522 273 79 74 71 68 397 394 277 274 569
1 3600 136
17
266 406 201 194 287 288 524 473 203 204 206 49 50 54 61 62 477
1 3600 136
8
521 481 476 63 66 3 4 23
1 3600 136
14
201 194 287 288 257 77 74 219 220 394 487 488 492 499
1 3600 617
19
555 201 196 549 547 31 32 560 566 367 351 352 356 331 326 441 442 299 296
1 3600 617
17
521 481 247 245 242 9 6 501 498 493 489 486 277 274 569 99 96
1 3600 617
14
201 194 287 285 280 273 225 217 214 397 394 487 488 490
1 3600 138
4
136 327 324 319
1 3600 138
6
337 332 327 330 117 118
1 3600 138
20
133 109 110 177 178 234 283 163 157 158 170 513 510 87 88 329 330 117 118 322
1 3600 108
11
135 109 110 177 178 234 283 163 157 158 174
1 3600 441
10
393 390 171 172 81 84 546 548 551 552
1 3600 617
13
440 333 334 390 171 172 462 103 104 548 197 200 407
1 3600 134
15
135 109 110 177 178 234 283 284 169 165 157 158 170 391 335
1 3600 139
10
333 334 390 171 159 160 428 432 459 415
1 3600 139
13
139 136 441 442 393 390 171 174 505 506 534 538 542
1 3600 139
10
390 171 159 156 162 282 235 179 176 111
1 3600 139
14
136 333 334 390 171 159 156 162 282 235 179 176 111 108
1 3600 139
12
141 136 327 328 379 343 340 173 174 475 459 415
1 3600 176
14
437 141 136 333 334 390 171 159 156 162 282 235 179 176
1 3600 617
24
334 390 513 514 345 340 462 167 168 288 524 473 203 204 93 90 258 494 465 466 3 6 455 452
1 3600 308
14
301 298 393 390 171 159 156 162 282 235 179 176 111 112
1 3600 617
19
390 171 159 156 164 168 285 280 255 77 74 71 68 397 394 277 274 229 230
1 3600 617
21
141 136 327 328 388 339 340 462 167 168 288 522 273 225 217 220 394 487 488 492 291
1 3600 95
9
541 461 458 474 175 172 341 338 87
1 3600 83
12
110 177 180 73 70 75 76 256 289 286 550 549
1 3600 83
5
426 445 431 161 156
1 3600 108
6
429 161 156 164 168 288
1 3600 514
12
415 410 416 535 507 83 84 546 548 197 200 554
1 3600 95
5
474 175 170 391 392
1 3600 95
15
424 543 539 535 507 504 175 170 391 392 443 440 137 140 436
1 3600 95
7
461 458 474 175 170 391 335
1 3600 93
3
460 423 426
1 3600 113
7
429 161 156 162 280 255 77
1 3600 113
17
542 425 426 445 431 161 156 162 282 235 236 528 530 532 487 485 123
1 3600 113
16
419 416 535 507 504 175 159 156 162 282 235 179 176 95 100 372
1 3600 113
12
413 414 458 433 429 161 154 167 168 285 280 273
1 3600 113
15
413 414 458 474 175 159 156 162 282 235 179 176 95 100 370
1 3600 113
9
110 95 98 568 275 276 487 485 483
1 3600 193
20
429 161 154 167 168 288 524 473 203 204 93 47 52 186 192 250 5 2 239 242
1 3600 121
13
423 426 445 431 161 156 162 282 235 179 176 111 112
1 3600 441
19
545 543 539 535 507 504 175 159 156 164 168 285 282 235 179 176 95 98 570
1 3600 617
18
458 433 429 430 107 104 548 551 287 288 257 77 74 219 220 394 277 278
1 3600 294
14
218 75 76 254 523 289 169 166 463 341 344 515 510 87
1 3600 169
5
284 169 166 463 81
1 3600 169
9
207 205 202 472 525 289 169 166 103
1 3600 164
4
281 284 286 552
1 3600 164
9
98 568 275 276 395 221 216 224 270
1 3600 164
9
215 218 75 78 272 523 289 286 552
1 3600 164
10
533 531 529 237 234 283 284 286 195 198
1 3600 128
15
530 532 487 485 483 213 183 184 190 464 495 496 41 44 518
1 3600 237
15
177 178 234 283 163 157 154 463 341 342 378 329 326 137 140
1 3600 197
11
99 94 177 178 234 283 163 157 160 428 434
1 3600 197
10
75 76 254 281 163 157 158 174 505 506
1 3600 197
10
272 281 163 157 160 430 444 427 424 544
1 3600 197
14
101 94 177 178 234 283 284 169 165 157 160 430 444 427
1 3600 197
9
237 234 283 163 157 158 174 505 506
1 3600 197
18
11 12 187 53 46 92 205 202 472 525 289 169 166 155 160 428 432 459
1 3600 197
15
101 94 177 178 234 283 163 157 158 174 505 506 534 417 418
1 3600 197
16
69 70 75 76 256 289 286 550 549 547 85 82 506 534 417 411
1 3600 197
10
178 234 283 284 169 165 157 160 428 434
1 3600 187
7
252 235 179 176 95 100 370
1 3600 187
3
121 122 484
1 3600 187
9
253 77 78 225 222 226 473 203 204
1 3600 199
3
120 183 184
1 3600 199
16
77 74 71 68 397 394 487 485 123 120 210 49 50 54 61 62
1 3600 199
10
220 394 487 485 123 124 192 189 59 56
1 3600 199
7
214 397 394 487 485 123 124
1 3600 199
5
291 292 294 456 249
1 3600 199
4
183 184 190 464
1 3600 199
5
49 50 58 190 466
1 3600 199
10
222 226 473 203 204 93 47 52 186 13
1 3600 199
4
484 488 492 499
1 3600 199
12
74 219 220 394 487 488 492 499 447 450 455 452
1 3600 247
8
272 281 163 157 160 430 444 576
1 3600 167
5
484 486 277 274 229
1 3600 228
8
77 74 71 68 397 394 277 278
1 3600 617
25
18 189 59 51 48 207 205 202 472 525 289 286 550 549 547 31 32 560 566 355 356 117 114 401 398
1 3600 325
14
251 193 125 122 484 486 395 221 216 224 272 523 289 169
1 3600 205
12
7 2 67 60 495 209 205 202 472 525 289 286
1 3600 205
7
187 53 46 92 205 202 468
1 3600 242
5
246 480 43 44 518
1 3600 242
20
185 182 212 482 484 486 395 396 215 218 75 76 256 289 286 195 200 407 267 264
1 3600 242
11
51 48 207 205 202 472 525 289 286 195 200
1 3600 242
3
496 41 44
1 3600 617
21
14 16 20 446 498 493 489 486 533 531 181 178 234 283 163 157 158 170 391 335 336
1 3600 199
19
243 244 246 480 471 472 525 289 169 166 463 173 174 505 506 534 538 542 425
1 3600 236
7
453 454 501 498 493 489 486
1 3600 236
9
58 185 182 212 482 484 486 395 396
1 3600 236
7
12 125 122 484 486 395 221
1 3600 236
13
188 193 125 122 484 486 395 396 215 216 224 272 281
1 3600 236
12
2 467 191 185 182 212 482 484 486 533 531 529
1 3600 236
7
191 188 19 16 20 446 498
1 3600 236
10
498 493 489 486 277 274 569 99 100 370
1 3600 236
6
21 17 15 12 125 120
1 3600 236
6
55 51 48 211 212 482
1 3600 236
6
454 451 448 251 193 125
1 3600 236
14
17 15 12 125 122 484 486 395 396 69 70 75 76 254
1 3600 236
11
251 193 125 122 484 486 395 221 218 527 237
1 3600 236
13
479 247 248 457 295 293 290 493 489 486 533 531 181
1 3600 243
3
259 91 47
1 3600 243
3
453 456 243
1 3600 243
3
245 238 3
1 3600 617
17
189 59 56 91 92 205 202 472 525 289 169 165 157 160 430 444 576
1 3600 411
14
65 60 465 191 185 182 212 482 484 486 277 274 569 570
1 3600 216
10
295 293 290 493 489 486 277 274 229 232
1 3600 216
12
248 9 6 501 498 493 489 486 277 274 229 232
1 3600 617
10
297 300 139 136 327 324 115 118 305 308
1 3600 617
8
577 427 424 543 539 535 507 83
1 3600 617
7
113 110 177 178 234 283 284
1 3600 617
19
303 298 443 440 327 328 379 359 353 346 374 567 561 33 30 546 548 197 200
1 3600 199
3
303 300 437
1 3600 67
17
297 298 393 390 513 514 345 340 462 167 168 285 282 235 179 176 111
1 3600 118
15
577 445 431 161 156 162 280 273 225 217 214 397 394 487 488
1 3600 514
19
303 298 393 390 171 159 156 164 168 288 524 473 203 204 93 90 57 58 188
1 3600 475
12
113 110 177 178 234 283 163 157 160 430 444 576
1 3600 193
17
537 507 504 175 159 156 162 282 235 236 528 530 532 277 274 229 230
1 3600 617
18
537 507 83 84 546 548 551 287 288 524 473 470 481 247 245 242 457 295
1 3600 617
27
228 275 276 395 221 216 224 272 281 284 286 550 549 547 263 27 28 32 560 566 367 368 347 352 356 385 386
1 3600 617
10
571 99 94 177 178 234 283 284 169 166
1 3600 617
14
228 275 276 395 396 69 70 75 78 272 523 289 286 552
1 3600 617
16
228 275 276 395 221 218 75 76 256 289 286 195 200 407 267 268
1 3600 617
18
231 228 275 276 395 396 69 72 529 237 234 283 163 157 158 170 391 335
1 3600 193
14
228 275 276 533 531 529 237 234 283 163 157 158 174 475
1 3600 63
7
231 228 275 276 395 396 69
1 3600 176
11
571 568 275 276 487 485 483 213 210 49 50
1 3600 154
14
97 94 177 178 234 283 284 169 166 463 81 82 506 536
1 3600 617
3
97 98 570
1 3600 143
9
97 98 568 275 276 487 488 492 291
1 3600 617
24
290 493 489 486 395 221 216 224 272 523 289 286 550 549 547 31 32 560 566 355 356 117 118 145
1 3600 617
13
279 276 395 396 215 218 75 76 254 281 163 157 160
1 3600 617
7
491 489 486 395 221 216 222
1 3600 617
16
292 294 456 249 246 480 471 472 525 289 286 195 200 407 267 264
1 3600 617
12
290 493 489 486 277 274 569 99 94 111 108 134
1 3600 561
6
233 228 569 99 94 127
1 3600 114
7
290 493 489 485 483 213 210
1 3600 59
3
290 499 447
1 3600 617
12
293 290 493 489 486 277 274 569 99 94 111 112
1 3600 187
4
279 274 569 570
1 3600 441
7
279 276 487 488 492 291 292
