282
1 3600 233
3
158 251 248
1 3600 74
11
427 157 154 521 335 331 307 173 166 35 32
1 3600 74
20
424 502 89 85 86 130 176 523 519 431 339 336 450 83 78 325 169 170 113 110
1 3600 438
12
429 157 152 180 302 305 173 170 254 296 29 25
1 3600 701
29
426 501 497 495 492 407 117 109 106 381 379 369 364 432 455 456 343 346 329 326 477 35 38 29 25 22 26 150 235
1 3600 701
5
152 180 299 281 282
1 3600 58
4
429 424 497 498
1 3600 134
8
429 157 154 521 509 506 518 367
1 3600 412
9
249 250 256 521 509 341 338 365 370
1 3600 701
20
249 250 159 152 175 63 64 523 487 377 219 216 386 437 57 58 351 352 311 314
1 3600 701
15
256 521 335 81 82 345 346 524 55 60 209 206 293 290 358
1 3600 701
10
152 178 133 87 84 88 491 494 393 394
1 3600 701
14
249 250 159 152 175 63 66 114 423 420 415 413 411 408
1 3600 701
16
501 502 89 85 86 130 176 103 104 527 233 230 416 405 399 396
1 3600 701
19
427 424 502 89 85 86 130 63 64 523 487 263 260 53 47 40 514 289 286
1 3600 701
22
501 497 495 492 407 117 109 106 381 221 216 384 442 51 47 40 514 289 11 3 6 214
1 3600 154
4
155 156 426 532
1 3600 154
9
253 171 172 304 303 181 153 156 426
1 3600 154
3
155 156 428
1 3600 187
9
111 37 34 476 327 324 330 334 520
1 3600 187
10
33 36 112 171 172 306 79 80 332 528
1 3600 187
4
98 33 34 475
1 3600 187
11
91 92 98 33 34 167 168 326 319 316 469
1 3600 187
9
112 171 166 476 447 321 316 469 466
1 3600 187
7
300 173 166 35 32 434 29
1 3600 187
13
250 256 521 335 331 325 328 524 463 349 323 316 469
1 3600 319
5
29 25 22 26 150
1 3600 701
9
305 173 166 475 267 264 199 202 272
1 3600 109
7
247 250 159 152 178 75 76
1 3600 159
8
255 171 168 328 347 344 451 337
1 3600 159
8
250 256 521 509 506 518 367 368
1 3600 159
6
298 302 333 81 82 451
1 3600 159
12
95 92 98 33 34 476 327 324 79 82 451 337
1 3600 161
13
247 250 159 154 521 509 341 336 448 456 460 387 384
1 3600 161
10
98 183 111 112 171 168 326 447 127 128
1 3600 438
13
95 92 98 33 34 476 447 127 124 349 352 356 374
1 3600 701
13
91 92 98 33 34 475 267 268 312 483 295 290 358
1 3600 701
19
20 255 171 168 328 441 436 371 366 522 177 131 87 84 88 491 494 393 390
1 3600 638
13
39 36 112 171 168 328 441 438 445 385 382 400 408
1 3600 701
9
529 333 81 82 345 342 460 387 382
1 3600 701
14
98 33 34 476 319 322 350 139 134 206 293 285 288 536
1 3600 701
16
255 171 166 475 267 264 278 309 223 187 190 123 118 9 4 68
1 3600 501
17
467 468 317 322 348 462 525 347 342 457 454 433 430 507 508 520 155
1 3600 96
8
24 28 435 33 34 167 172 304
1 3600 96
6
28 297 255 171 172 304
1 3600 96
5
468 474 167 170 113
1 3600 146
5
471 468 317 318 477
1 3600 87
15
24 28 39 34 476 447 127 124 349 352 354 482 279 276 211
1 3600 87
5
471 468 267 264 199
1 3600 701
9
467 468 267 268 312 309 223 226 274
1 3600 467
19
23 24 28 435 183 111 112 171 172 301 298 181 178 75 76 84 88 503 497
1 3600 115
9
317 322 348 125 128 525 347 342 457
1 3600 73
5
167 168 328 347 342
1 3600 73
6
306 325 328 524 55 56
1 3600 134
10
23 24 28 39 34 476 447 321 322 352
1 3600 701
10
468 267 268 310 354 295 285 11 3 4
1 3600 701
21
27 23 24 17 20 255 171 168 324 79 82 451 337 338 365 368 378 380 107 108 116
1 3600 701
12
468 317 322 350 372 137 140 45 46 50 397 400
1 3600 701
15
27 23 24 28 435 33 34 476 327 328 441 438 445 442 397
1 3600 701
11
467 468 267 264 278 483 295 290 9 6 212
1 3600 701
16
168 328 524 55 60 141 134 206 374 514 289 11 3 4 68 214
1 3600 701
27
237 234 151 27 23 24 28 297 255 171 172 306 330 334 509 506 518 522 65 62 131 87 84 88 503 500 532
1 3600 269
6
277 265 266 474 167 170
1 3600 129
4
192 210 280 300
1 3600 129
10
151 27 23 24 28 39 34 475 469 470
1 3600 129
18
204 308 313 310 353 323 320 446 327 169 166 35 38 29 25 22 26 148
1 3600 149
16
203 198 265 266 474 167 170 254 21 16 25 22 26 150 235 236
1 3600 109
15
234 151 27 23 24 28 297 255 171 172 301 281 211 193 194
1 3600 701
17
243 244 268 310 356 207 135 138 59 56 438 261 262 486 522 177 174
1 3600 438
20
234 151 27 23 24 28 39 34 476 327 324 79 82 451 448 454 433 365 366 522
1 3600 93
8
196 270 308 483 355 356 207 208
1 3600 107
19
237 234 151 27 23 24 17 20 255 171 168 326 447 127 128 55 60 45 40
1 3600 107
17
239 234 151 27 23 24 28 435 33 34 476 447 127 124 349 350 139
1 3600 219
13
211 201 202 272 227 187 188 479 363 121 118 9 2
1 3600 701
27
237 234 151 27 23 24 28 39 36 112 171 168 328 441 436 387 217 218 376 484 107 108 116 406 493 494 393
1 3600 701
22
151 27 23 24 28 435 33 34 167 172 306 330 334 509 506 518 487 484 107 104 535 161
1 3600 701
6
268 310 356 374 41 46
1 3600 701
5
278 483 295 285 286
1 3600 701
10
201 204 223 187 190 123 118 9 6 214
1 3600 701
12
275 273 203 200 210 280 298 181 153 156 426 532
1 3600 701
13
275 273 203 198 265 266 317 318 477 35 32 99 93
1 3600 584
8
195 192 210 277 265 266 469 472
1 3600 67
6
195 196 203 198 265 245
1 3600 584
4
283 211 193 194
1 3600 701
26
195 196 270 308 483 295 292 207 135 136 373 59 56 438 445 385 382 398 404 417 414 421 422 115 116 406
1 3600 701
16
195 192 210 277 278 313 310 353 348 462 525 347 344 451 448 454
1 3600 539
15
275 227 187 188 479 123 118 291 285 288 515 41 46 52 261
1 3600 206
10
195 192 201 198 278 483 295 292 207 135
1 3600 132
7
195 196 272 227 187 190 363
1 3600 701
13
283 280 298 181 178 75 76 84 88 491 494 393 394
1 3600 701
17
227 187 190 123 118 9 2 10 288 515 41 46 50 397 400 410 412
1 3600 701
12
283 277 278 313 310 353 350 372 137 140 45 46
1 3600 701
7
283 277 278 483 295 285 286
1 3600 701
11
275 227 187 188 479 363 121 118 9 4 68
1 3600 149
8
131 87 84 88 503 425 426 532
1 3600 149
6
131 87 84 88 503 500
1 3600 101
11
180 299 300 173 170 113 110 182 434 29 30
1 3600 501
6
15 20 255 171 166 475
1 3600 701
22
505 89 85 77 74 133 130 176 523 367 370 437 57 58 139 134 206 357 311 312 279 199
1 3600 701
20
63 66 114 534 527 415 413 411 401 396 51 47 40 375 293 294 482 279 276 282
1 3600 118
8
178 75 76 84 88 491 494 498
1 3600 160
10
502 89 85 86 130 63 64 103 106 485
1 3600 160
5
497 495 492 407 117
1 3600 160
5
85 86 130 176 523
1 3600 160
9
85 86 130 63 64 523 519 431 339
1 3600 160
3
407 117 109
1 3600 219
15
133 130 63 66 114 423 418 511 405 399 396 443 444 439 57
1 3600 701
12
74 133 130 176 103 106 381 259 260 53 47 40
1 3600 701
16
175 63 64 523 367 370 437 57 58 372 137 134 206 293 290 119
1 3600 152
4
505 503 497 393
1 3600 200
10
133 130 63 66 114 423 420 233 230 413
1 3600 701
12
492 407 117 109 106 485 377 219 216 384 444 53
1 3600 701
20
495 490 89 85 86 130 176 523 487 263 260 53 47 40 514 289 11 3 6 212
1 3600 701
25
502 89 85 77 74 179 180 302 333 81 82 345 346 524 463 349 352 356 374 514 289 11 3 4 68
1 3600 179
3
508 520 155
1 3600 154
13
364 432 455 449 450 83 78 325 169 166 35 36 112
1 3600 154
11
432 455 456 343 346 329 169 170 113 37 32
1 3600 154
14
64 523 519 431 339 336 450 83 78 307 173 166 35 38
1 3600 154
17
377 378 221 216 386 461 343 346 524 129 126 446 477 167 170 254 21
1 3600 129
11
369 370 437 440 524 129 126 321 316 469 472
1 3600 501
17
519 507 508 335 331 325 326 477 35 32 434 29 25 22 26 150 235
1 3600 701
10
62 174 180 299 281 211 201 202 272 274
1 3600 134
4
366 522 65 62
1 3600 134
9
378 380 107 108 116 406 493 490 504
1 3600 134
6
177 131 87 84 88 491
1 3600 134
3
67 62 131
1 3600 103
6
364 432 455 449 450 83
1 3600 149
14
103 104 535 161 164 405 399 383 384 444 439 57 54 129
1 3600 149
5
82 345 346 524 463
1 3600 149
6
450 83 78 325 326 319
1 3600 149
6
263 260 439 57 58 351
1 3600 149
4
456 460 387 217
1 3600 149
7
455 456 343 346 524 463 464
1 3600 305
8
450 345 346 524 129 124 349 352
1 3600 701
12
221 216 382 396 51 47 44 209 206 293 290 119
1 3600 369
11
365 368 376 484 107 108 116 406 493 494 393
1 3600 154
11
82 451 337 338 430 518 487 484 107 104 527
1 3600 154
11
451 448 454 433 365 368 378 380 107 104 535
1 3600 242
5
377 219 216 384 442
1 3600 701
8
381 259 260 53 47 40 514 536
1 3600 701
17
509 341 336 448 456 460 437 57 60 141 134 206 293 285 11 3 6
1 3600 638
11
525 347 344 451 337 340 508 520 257 251 248
1 3600 87
11
59 54 525 329 169 170 113 110 182 99 93
1 3600 140
4
326 319 316 469
1 3600 140
9
260 439 57 58 351 323 316 469 466
1 3600 140
10
59 56 440 329 326 477 35 38 29 25
1 3600 118
7
57 60 209 206 357 311 269
1 3600 701
12
386 437 57 58 351 352 354 482 309 271 197 194
1 3600 259
11
342 460 387 382 398 404 165 160 115 116 406
1 3600 139
3
386 461 457
1 3600 139
7
79 80 334 509 506 518 487
1 3600 139
3
461 457 454
1 3600 139
5
61 56 436 461 457
1 3600 139
4
220 380 107 108
1 3600 75
3
320 446 327
1 3600 129
3
60 45 40
1 3600 129
7
60 141 134 206 357 311 312
1 3600 129
3
209 206 293
1 3600 129
4
349 352 354 482
1 3600 438
9
343 346 524 463 349 352 354 295 290
1 3600 701
15
56 436 371 366 522 65 62 131 87 84 88 491 494 393 390
1 3600 175
4
258 380 107 104
1 3600 85
6
460 387 382 396 51 47
1 3600 389
8
384 442 51 47 40 514 289 286
1 3600 701
13
129 124 349 352 356 374 514 289 11 3 4 68 214
1 3600 701
9
279 276 280 298 181 153 156 426 532
1 3600 389
8
308 313 269 266 474 167 170 113
1 3600 140
13
208 61 54 525 329 169 166 35 32 434 29 25 22
1 3600 113
19
294 355 353 348 125 126 446 327 169 170 254 296 29 25 22 26 150 235 236
1 3600 113
5
480 355 311 269 245
1 3600 350
9
134 206 293 290 119 122 191 186 226
1 3600 701
13
207 208 61 56 438 261 262 486 522 177 131 87 84
1 3600 280
9
41 46 50 443 385 217 218 369 364
1 3600 133
5
315 310 353 348 125
1 3600 133
9
292 207 135 140 61 56 438 445 385
1 3600 133
4
353 323 318 327
1 3600 133
5
284 294 355 353 323
1 3600 133
11
480 295 292 207 135 138 59 56 436 387 217
1 3600 123
6
357 311 312 309 223 224
1 3600 123
4
206 293 290 119
1 3600 701
19
140 45 46 50 397 400 410 412 231 232 421 422 115 116 406 493 494 393 394
1 3600 701
10
373 59 56 438 445 442 397 398 404 510
1 3600 259
4
355 356 374 41
1 3600 179
6
295 285 11 3 6 212
1 3600 539
9
309 223 187 190 123 118 9 4 68
1 3600 701
16
10 288 515 41 46 52 261 258 379 376 486 519 507 508 520 155
1 3600 701
8
225 222 205 198 265 266 474 35
1 3600 701
11
71 5 8 291 294 482 313 269 266 469 470
1 3600 175
3
222 205 200
1 3600 175
6
362 478 189 186 226 274
1 3600 701
21
121 118 291 292 207 208 61 56 436 371 366 522 65 62 131 87 84 88 503 497 498
1 3600 701
12
5 2 10 288 515 41 46 52 445 385 217 220
1 3600 280
7
359 291 294 355 353 348 462
1 3600 240
7
362 191 186 222 308 483 481
1 3600 240
5
123 118 291 292 207
1 3600 240
8
362 478 189 186 222 308 313 314
1 3600 240
3
2 10 284
1 3600 240
4
359 291 292 357
1 3600 259
6
363 121 118 9 4 70
1 3600 701
18
186 226 273 197 192 210 280 298 181 178 75 76 84 88 503 497 393 390
1 3600 701
13
121 118 9 2 10 288 515 41 46 50 397 400 408
1 3600 701
12
121 118 291 292 207 135 138 59 56 436 387 382
1 3600 584
6
5 2 10 288 515 512
1 3600 269
3
13 3 6
1 3600 701
8
117 67 62 174 153 158 251 248
1 3600 701
19
389 392 495 490 89 85 77 74 179 180 302 305 173 170 113 37 32 99 100
1 3600 701
13
392 496 425 157 154 521 335 331 325 326 447 321 316
1 3600 701
14
395 392 496 502 89 85 77 74 179 180 299 281 277 199
1 3600 701
17
117 109 106 485 486 519 507 508 335 332 303 299 281 211 201 202 272
1 3600 81
8
395 392 495 490 89 85 86 130
1 3600 189
12
389 392 496 502 89 85 86 130 176 523 519 516
1 3600 584
18
391 392 495 492 407 117 114 423 420 415 413 411 401 396 443 444 439 440
1 3600 701
19
389 392 495 492 407 117 114 423 418 511 405 399 383 386 437 57 58 351 352
1 3600 701
22
389 392 496 502 89 85 86 130 63 64 523 367 370 437 57 60 141 134 206 293 290 358
1 3600 103
12
392 495 492 407 117 114 534 527 233 230 413 411
1 3600 701
10
117 109 106 381 221 216 384 444 53 47
1 3600 701
28
389 392 496 502 89 85 86 130 63 66 114 161 164 405 402 411 401 396 51 47 40 514 289 11 3 4 68 212
1 3600 701
22
389 392 495 490 89 85 86 130 176 103 106 381 259 260 53 47 40 514 289 11 3 6
1 3600 701
8
526 105 102 177 174 153 156 426
1 3600 438
10
419 422 115 67 62 131 132 179 153 154
1 3600 701
13
399 383 386 461 343 346 524 129 126 321 316 469 470
1 3600 701
24
422 534 105 106 485 377 369 364 339 336 450 83 78 307 173 166 35 38 29 25 22 26 150 235
1 3600 701
12
105 102 523 519 507 508 335 332 303 299 281 282
1 3600 152
20
420 526 105 106 381 379 369 364 432 455 449 450 83 78 307 173 170 254 21 18
1 3600 221
7
401 383 217 218 369 364 432
1 3600 221
6
160 534 105 106 485 486
1 3600 221
7
401 383 217 220 379 369 364
1 3600 221
4
160 534 105 102
1 3600 222
6
403 399 383 386 461 343
1 3600 222
14
423 420 415 413 411 401 396 443 444 439 440 524 463 464
1 3600 638
14
527 233 230 416 405 399 396 51 47 44 209 206 357 354
1 3600 701
8
399 396 51 47 40 375 293 290
1 3600 146
12
402 412 414 421 422 115 116 406 493 494 393 394
1 3600 259
4
229 230 413 403
1 3600 189
8
402 411 401 383 384 444 53 47
1 3600 189
4
409 401 396 51
1 3600 701
7
411 401 396 51 47 40 512
1 3600 701
17
422 534 105 106 485 263 260 53 47 40 514 289 11 3 4 68 214
1 3600 701
15
47 44 61 54 525 347 344 451 337 340 508 520 155 156 426
1 3600 638
13
489 443 444 439 440 329 326 477 35 32 434 29 30
1 3600 638
8
47 44 141 136 373 351 323 316
1 3600 701
11
47 44 141 138 351 323 316 267 264 199 200
1 3600 701
13
383 386 461 343 346 329 326 319 316 267 264 276 282
1 3600 638
14
489 397 398 404 417 231 232 526 535 115 116 406 493 494
1 3600 152
8
383 217 218 369 364 339 336 452
1 3600 49
5
52 439 57 54 129
1 3600 179
10
489 443 444 439 57 58 351 352 354 481
1 3600 701
11
383 386 437 57 58 139 134 206 293 290 358
1 3600 701
15
52 261 262 486 522 65 62 131 87 84 88 503 497 393 390
1 3600 85
4
398 404 165 162
1 3600 350
3
46 50 397
1 3600 184
7
40 514 289 11 3 6 212
1 3600 701
9
51 47 40 514 289 11 3 4 68
1 3600 701
13
43 44 61 54 525 329 324 330 334 520 257 251 248
1 3600 701
12
97 49 52 439 440 329 169 170 113 110 182 99
1 3600 701
15
213 7 8 119 122 191 186 222 271 203 198 265 266 469 466
1 3600 701
19
287 284 294 355 353 348 125 126 446 477 35 38 29 25 22 26 150 235 236
1 3600 701
11
43 44 209 206 357 311 312 279 199 202 272
1 3600 701
20
213 69 5 2 10 288 515 41 46 52 261 262 486 522 177 131 87 84 88 504
1 3600 701
9
43 44 61 54 525 347 344 451 452
1 3600 159
7
49 47 44 141 136 373 351
1 3600 92
7
97 43 40 375 357 354 481
1 3600 369
7
537 289 284 294 482 309 223
1 3600 701
16
97 49 50 397 400 410 412 414 526 535 115 116 406 493 494 393
1 3600 701
15
213 7 2 10 288 515 41 46 50 397 400 410 412 231 228
1 3600 137
10
213 69 5 2 10 288 515 41 46 50
1 3600 701
8
213 7 2 10 288 515 41 42
1 3600 292
6
513 514 289 11 3 6
1 3600 701
20
215 69 5 8 291 294 355 353 323 320 446 327 324 79 80 334 520 257 251 248
1 3600 701
16
7 8 119 122 191 186 226 273 203 198 265 266 474 167 170 254
1 3600 701
12
215 69 5 8 291 294 482 313 269 266 474 167
1 3600 701
22
215 7 8 291 294 355 353 348 125 126 446 477 35 36 112 254 21 16 25 22 26 150
1 3600 701
11
215 69 5 8 119 122 478 189 186 226 274
1 3600 701
23
7 2 10 284 292 207 135 138 59 56 436 371 366 522 65 62 131 87 84 88 503 497 498
1 3600 701
13
215 69 5 2 10 288 515 41 46 52 261 258 380
1 3600 701
7
215 7 8 291 292 207 208
1 3600 250
7
215 69 5 2 10 284 294
1 3600 159
5
215 7 8 119 120
1 3600 701
20
69 5 2 10 288 515 375 207 135 140 61 56 436 371 368 376 484 107 108 116
1 3600 701
14
7 2 10 288 515 41 46 52 445 385 382 398 404 510
1 3600 701
15
69 5 8 291 292 207 135 136 373 59 56 438 445 385 382
1 3600 259
6
215 7 2 10 288 536
