1071
1 3600 138
3
1277 1274 1265
1 3600 226
5
583 586 594 641 638
1 3600 226
6
679 682 1148 647 547 550
1 3600 226
9
1279 1274 1265 647 593 91 86 651 654
1 3600 226
5
679 682 1148 647 547
1 3600 226
11
1272 1274 1265 1149 1150 393 390 602 1476 89 86
1 3600 226
5
394 398 586 594 1270
1 3600 727
15
1479 1476 89 90 592 547 548 517 518 1492 1107 1108 1350 1369 1366
1 3600 873
18
399 400 520 660 664 563 485 480 1135 1132 843 844 1215 1218 1237 1234 1205 1202
1 3600 873
17
586 592 547 550 531 515 512 525 526 1074 1107 1015 1012 1021 1018 1026 1064
1 3600 873
22
93 86 1271 641 529 526 1074 1107 877 867 841 837 838 849 852 858 860 878 821 822 890 906
1 3600 212
10
1277 1274 1265 1149 1150 1258 1267 95 96 466
1 3600 212
6
681 682 1150 393 396 523
1 3600 212
6
400 520 662 95 96 466
1 3600 212
9
1147 1150 393 396 523 209 206 272 81
1 3600 212
5
1477 603 391 392 1258
1 3600 138
8
586 592 547 550 531 532 423 420
1 3600 671
13
647 547 550 531 245 246 404 420 478 807 804 441 177
1 3600 873
16
1476 585 399 400 209 210 233 230 280 440 816 902 921 922 1132 843
1 3600 873
14
582 391 396 523 520 660 664 649 79 74 1280 979 976 982
1 3600 873
34
1277 1274 1265 1149 1150 1258 1267 95 96 468 433 430 444 474 1371 1372 1374 657 658 778 1445 1397 1394 1463 1417 1418 1422 1467 785 777 623 615 618 636
1 3600 436
10
645 547 548 517 514 245 242 274 293 290
1 3600 513
18
1273 679 682 1150 393 394 400 209 205 191 185 180 556 215 212 348 341 123
1 3600 873
17
1274 1265 647 547 550 531 532 423 420 478 807 804 816 904 943 940 935
1 3600 873
18
603 391 396 523 520 660 664 563 564 503 504 924 938 1246 481 482 718 746
1 3600 873
37
1265 647 547 550 531 532 1006 403 404 420 273 207 210 187 180 556 596 331 305 300 324 153 150 160 285 286 558 1364 631 628 1440 1458 1335 1313 1308 731 734
1 3600 873
23
553 548 517 518 1492 1107 1108 1223 1224 1219 1214 845 842 1133 1134 1245 601 598 716 543 541 538 1329
1 3600 873
19
1149 1150 393 396 523 209 205 191 185 180 556 596 217 218 37 38 259 260 267
1 3600 873
9
400 209 210 233 228 460 111 114 302
1 3600 873
19
1150 1258 1267 95 96 468 433 434 507 504 920 942 197 198 994 579 155 152 334
1 3600 873
23
647 593 594 641 642 513 514 245 246 404 420 81 84 807 802 489 490 750 165 160 797 800 501
1 3600 873
26
1277 1274 1265 647 547 550 531 245 242 274 576 215 212 348 341 338 386 343 344 373 167 168 376 1168 1344 1380
1 3600 873
27
553 550 531 532 423 99 96 468 433 430 446 974 1371 1372 1374 1363 1003 1004 1193 1189 1190 1129 959 954 763 715 712
1 3600 873
26
1150 1258 1267 95 98 420 273 274 293 296 556 596 217 212 29 30 415 237 234 59 55 56 1484 1197 337 307
1 3600 873
23
1479 1476 585 399 400 209 210 187 182 560 555 556 215 212 29 26 128 385 257 157 61 55 49
1 3600 873
27
1265 1149 1150 393 396 523 520 660 664 649 567 564 509 443 281 231 226 119 122 133 130 418 494 453 35 32 429
1 3600 873
25
1277 1274 1265 647 593 594 641 529 526 1074 1107 877 874 871 841 842 1133 923 924 934 950 966 487 492 1488
1 3600 873
33
553 548 517 514 245 246 404 420 478 807 804 816 902 940 952 968 1162 1183 1184 579 155 148 438 496 700 706 761 756 313 316 364 412 1384
1 3600 873
18
1147 1150 393 394 400 520 660 664 563 485 482 718 613 608 729 732 617 620
1 3600 159
4
516 549 546 644
1 3600 159
4
1271 595 592 644
1 3600 159
6
87 90 592 646 1149 683
1 3600 159
4
90 592 547 552
1 3600 118
5
86 651 654 639 642
1 3600 158
5
1107 877 867 868 1366
1 3600 158
6
1074 1107 1108 1350 1369 1366
1 3600 229
12
512 525 526 1076 1492 1107 1015 1008 1054 1250 1045 1046
1 3600 873
9
1492 1107 877 872 1103 1061 899 887 884
1 3600 873
22
1269 517 514 532 423 99 96 468 433 434 507 504 922 1134 1247 1115 1118 77 72 100 1141 1142
1 3600 104
9
1075 527 528 640 595 587 399 395 396
1 3600 154
12
88 1477 603 391 396 523 209 210 233 228 460 590
1 3600 154
7
513 514 532 1006 403 404 420
1 3600 154
16
641 529 526 1076 519 514 245 242 207 210 233 226 407 117 110 588
1 3600 161
11
532 423 420 478 807 804 441 442 508 565 566
1 3600 349
11
1077 1074 1107 1108 1223 1220 1231 1232 1243 1240 1470
1 3600 873
15
587 399 400 520 660 664 649 79 74 1280 979 976 980 987 988
1 3600 873
34
245 246 404 420 81 84 807 802 489 490 750 727 722 1152 43 44 778 1413 1410 1463 1417 1414 1425 1315 1316 785 782 1338 1486 1437 1343 961 635 636
1 3600 545
13
524 513 514 245 242 274 576 596 217 218 37 40 320
1 3600 363
16
88 585 582 391 394 400 209 205 191 185 180 556 215 218 298 457
1 3600 458
12
1493 519 514 532 423 99 96 468 433 434 507 504
1 3600 793
17
518 1492 1107 877 874 871 841 842 1133 1134 1245 1119 1116 1280 979 971 972
1 3600 873
24
531 245 246 404 420 273 207 210 233 228 458 155 150 162 1186 1361 1003 1004 1364 631 605 606 1327 1321
1 3600 873
42
641 642 513 514 532 423 420 478 807 804 816 904 943 921 924 936 447 444 474 1371 1372 1374 1363 1357 667 670 768 1189 627 628 1440 1458 1443 1425 1315 1316 785 782 773 774 962 1340
1 3600 873
15
514 245 242 274 576 596 217 212 29 24 464 1286 357 271 268
1 3600 873
19
587 399 395 396 523 209 205 191 185 180 556 215 212 348 15 12 130 5 2
1 3600 873
17
531 532 1006 403 404 420 273 274 293 296 556 596 331 305 300 324 332
1 3600 873
24
593 587 582 391 396 523 520 660 664 563 564 179 174 510 435 430 446 974 1371 1372 1374 1363 1357 667
1 3600 873
26
654 639 529 526 1074 1107 1015 1010 1127 1125 847 848 839 836 842 1133 1134 1245 601 598 718 748 778 1445 1397 1394
1 3600 873
34
1269 549 550 531 532 423 420 81 84 807 802 489 490 750 727 720 738 794 289 109 104 558 1364 1392 1431 1407 1404 1391 1388 1451 1452 1506 765 741
1 3600 873
24
514 245 242 207 205 191 185 180 556 215 212 29 30 11 8 416 239 234 59 55 56 51 52 337
1 3600 873
18
245 246 404 420 273 207 210 233 230 282 457 455 15 8 237 234 157 61
1 3600 873
22
525 526 1074 1107 1108 1239 1203 1206 1226 835 836 842 195 198 992 327 328 346 139 140 146 1154
1 3600 873
19
1493 519 514 532 423 99 96 468 433 434 507 504 920 940 950 966 487 492 1488
1 3600 873
26
87 88 585 399 400 520 660 664 563 485 482 716 611 573 570 604 626 1188 769 766 1170 1469 1383 1380 949 946
1 3600 873
24
1074 1107 877 867 868 1217 1214 845 842 1133 1134 1247 1115 1118 601 598 716 543 544 1331 1329 617 614 624
1 3600 485
11
1106 1075 527 524 513 516 549 546 646 1264 1275
1 3600 52
10
1367 1368 1351 1109 1106 1493 519 516 549 546
1 3600 379
7
653 654 639 529 526 1074 1107
1 3600 40
6
1108 1223 1224 1237 1229 1232
1 3600 379
7
1015 1008 1056 895 831 819 824
1 3600 873
12
877 872 851 848 839 836 842 1133 1134 1245 77 72
1 3600 581
14
1367 1217 1214 845 842 1133 923 920 903 817 805 806 479 273
1 3600 190
13
1367 869 841 842 1133 1134 1247 939 925 505 506 435 432
1 3600 91
19
1108 1239 1203 1199 1200 1211 1212 1243 1240 1353 835 836 842 1133 923 505 506 511 175
1 3600 136
8
1367 1217 1218 1237 1229 1232 1243 1240
1 3600 873
13
877 867 841 842 1133 1134 1247 1115 1116 1280 979 976 982
1 3600 873
21
1108 1223 1224 1219 1214 845 842 1133 1134 481 482 718 613 608 729 734 775 623 615 618 632
1 3600 873
14
653 650 1271 595 587 582 391 394 400 209 210 187 180 556
1 3600 727
14
1367 869 841 842 195 198 994 1185 1159 327 301 115 112 120
1 3600 513
12
1367 1217 1214 845 842 1133 923 924 934 952 968 1162
1 3600 581
18
1015 1010 1127 1113 1110 847 848 839 836 842 1133 1134 1247 939 936 447 444 474
1 3600 873
10
1367 869 841 842 1133 1134 1245 601 598 716
1 3600 873
34
653 650 1271 641 642 513 514 245 246 404 420 478 807 804 816 902 940 935 936 974 1371 1372 1374 1363 1003 1004 1364 631 605 606 1311 1308 731 732
1 3600 873
12
1367 1217 1214 845 842 195 198 992 327 301 304 330
1 3600 873
19
877 874 871 841 842 1133 923 924 934 952 968 1162 1183 1159 327 328 342 387 303
1 3600 873
19
1108 1223 1220 1231 1232 1243 1240 1470 839 836 842 195 198 992 327 328 346 35 32
1 3600 873
20
1367 1368 1351 1239 1203 1206 1226 835 836 842 1133 923 924 936 447 444 474 1371 1372 1374
1 3600 873
27
877 872 851 848 839 836 842 1133 1134 1247 939 934 952 968 1162 1183 1184 579 155 148 379 376 1168 1346 1383 1380 949
1 3600 873
34
653 654 639 642 513 514 245 242 274 576 596 331 305 302 386 343 344 380 449 171 168 374 688 697 694 700 706 761 756 313 316 364 410 954
1 3600 873
26
1367 869 841 842 195 198 994 579 459 409 117 114 302 388 419 5 6 136 19 22 56 1484 1197 255 252 310
1 3600 873
25
1367 1217 1214 845 842 1133 923 920 940 950 964 968 1162 1183 1159 327 328 346 139 140 142 69 70 19 20
1 3600 873
21
1106 1075 1076 519 514 532 423 420 273 207 210 233 226 119 122 133 130 5 6 140 146
1 3600 873
24
1367 869 841 842 1133 1134 1247 939 934 950 966 487 490 750 165 162 1153 799 800 501 498 689 375 376
1 3600 873
36
653 650 87 88 1477 603 391 396 523 520 660 664 649 567 564 503 506 435 430 446 974 1371 1372 1374 1363 1360 1359 703 700 706 1170 1469 1383 1380 949 944
1 3600 873
34
653 650 1271 595 587 399 400 209 210 233 228 458 155 150 160 285 109 106 172 1359 1355 667 670 768 1189 1190 1129 1130 1506 765 715 708 685 686
1 3600 873
14
1059 1053 1009 1014 1106 1075 527 524 513 516 549 546 646 1264
1 3600 264
8
1198 1202 1238 1109 1106 1075 527 528
1 3600 349
14
1097 1098 863 864 1102 873 876 1106 1075 527 528 638 655 652
1 3600 349
9
1043 1040 1078 1086 1465 845 840 866 876
1 3600 349
11
224 1207 1204 1235 1236 1219 1216 869 870 875 876
1 3600 349
16
857 853 846 1124 1126 1011 1014 1106 1493 1077 527 528 640 1270 651 652
1 3600 317
5
1036 1031 789 786 1307
1 3600 317
7
1465 845 837 838 849 852 856
1 3600 317
5
1236 1219 1214 1464 1087
1 3600 317
9
1049 1044 1251 1055 1056 881 861 859 856
1 3600 358
12
1218 1237 1234 1205 1206 225 220 1049 1046 1025 1022 811
1 3600 358
7
1209 1210 1011 1008 1056 895 885
1 3600 358
11
1377 857 858 860 882 899 900 825 818 828 815
1 3600 358
8
788 1030 1037 1038 1069 1025 1017 897
1 3600 358
7
1038 1069 1025 1022 811 814 893
1 3600 358
7
1229 1209 1210 1011 1012 1021 1016
1 3600 358
14
1199 1200 1127 1113 1091 1094 863 860 878 886 900 911 891 892
1 3600 358
10
1050 1306 1325 1251 1021 1018 827 828 912 918
1 3600 358
16
1218 1237 1229 1232 1243 1123 847 850 1104 1101 1061 899 887 821 822 888
1 3600 358
4
1049 1046 1025 1022
1 3600 358
11
1111 1091 1094 1059 1053 1056 895 831 819 824 911
1 3600 358
8
1059 1053 1056 895 831 826 1026 811
1 3600 358
8
225 220 1049 1046 1025 1022 811 812
1 3600 349
11
1213 1210 1011 1008 1056 881 878 821 822 890 906
1 3600 873
13
1044 1251 1013 1014 1106 1493 519 514 245 242 207 205 200
1 3600 436
12
1218 1225 1222 1109 1106 1075 527 524 513 514 532 1006
1 3600 281
16
1351 1223 1220 1231 1232 1243 1240 1353 835 836 842 1133 923 505 506 511
1 3600 281
8
1226 835 836 842 1133 923 505 502
1 3600 353
11
1239 1203 1199 1200 1211 1212 1243 1240 1470 839 832
1 3600 353
6
1237 1229 1232 1243 1240 1353
1 3600 353
3
1125 1122 1240
1 3600 353
5
869 841 837 834 1352
1 3600 353
11
1043 1033 791 786 1325 1251 1055 1052 1058 863 864
1 3600 353
6
1113 1110 847 852 854 1101
1 3600 353
9
1068 1039 1034 1040 1078 1086 1465 845 837
1 3600 353
15
1034 1040 1078 1086 1465 845 842 195 196 943 940 952 968 1162 1432
1 3600 353
10
863 859 853 848 839 836 842 1133 1134 481
1 3600 353
9
221 224 1207 1202 1238 1350 1369 869 866
1 3600 353
7
857 853 848 839 836 840 870
1 3600 329
13
1226 835 836 842 1133 1134 1245 1119 1116 1280 979 976 980
1 3600 329
19
1013 1010 1211 1212 1243 1240 1470 839 836 842 1133 1134 1245 77 74 1280 979 976 980
1 3600 873
21
1058 1095 1090 1110 847 848 839 836 842 1133 1134 481 482 716 543 541 538 1329 617 618 632
1 3600 873
20
1242 1233 1230 1221 1222 1109 1106 1493 519 514 532 1006 403 404 420 273 207 205 191 188
1 3600 793
16
1198 1204 1235 1236 1219 1214 845 842 195 196 905 817 441 281 231 228
1 3600 415
11
857 853 848 839 836 842 1133 923 920 940 950
1 3600 257
15
1243 1240 1353 835 836 842 1133 1134 1247 939 934 950 966 984 489
1 3600 485
19
1071 1069 1047 1048 221 224 1226 835 836 842 1133 1134 1245 601 598 718 613 573 570
1 3600 873
26
927 928 1083 1086 1465 845 842 1133 1134 481 482 718 748 778 1413 1410 1463 1417 1418 1422 1474 1480 1339 773 623 615
1 3600 873
18
1235 1236 1219 1214 845 842 1133 923 920 903 817 441 281 278 219 212 29 30
1 3600 873
18
1097 1093 1090 1112 1125 1122 1240 1470 839 836 842 195 198 992 327 328 342 1178
1 3600 873
14
1040 1078 1086 1465 845 842 195 198 994 579 155 152 332 381
1 3600 873
19
1240 1470 839 836 842 1133 1134 1247 939 936 447 444 474 1371 1372 1374 1363 1357 1354
1 3600 873
26
881 861 859 853 848 839 836 842 1133 1134 1245 601 598 716 611 573 568 1326 1337 1334 1459 1441 629 626 1190 1129
1 3600 873
32
1073 1069 1025 1017 897 885 886 898 1060 1100 1105 851 848 839 836 842 1133 1134 481 482 718 613 608 780 1321 1322 1319 1316 785 782 1338 1481
1 3600 873
33
1093 1090 1112 1126 1211 1208 1228 1236 1219 1216 869 866 876 1106 1493 519 514 245 242 274 576 215 212 29 26 124 360 257 59 55 49 52 337
1 3600 873
36
224 1207 1202 1238 1109 1106 1075 527 528 640 595 587 399 395 396 523 209 205 191 185 182 560 555 556 596 217 212 29 26 128 385 257 157 61 55 56
1 3600 873
21
1236 1219 1214 845 842 1133 923 924 934 950 966 487 490 750 165 151 152 334 451 371 368
1 3600 873
20
1057 1009 1010 1211 1212 1243 1240 1353 835 836 842 195 198 994 579 155 148 436 375 169
1 3600 873
29
1206 1226 835 836 842 1133 923 924 936 974 1371 1372 1374 1363 1003 1004 1364 1392 1431 1428 1387 1388 1195 759 756 313 316 362 944
1 3600 873
33
847 848 839 836 842 1133 1134 1247 939 934 950 966 984 489 490 750 165 160 285 286 558 1364 1392 1431 1407 1402 1500 997 998 743 711 708 754
1 3600 873
15
1020 1013 1014 1106 1075 527 524 513 516 549 546 646 1149 683 680
1 3600 873
16
827 819 820 879 882 1060 1100 1105 873 876 1106 1075 527 528 640 595
1 3600 623
10
813 808 919 913 829 830 894 1057 1009 1014
1 3600 154
8
810 1027 1019 1020 1055 1052 1058 1099
1 3600 154
10
910 901 887 884 896 1020 1250 1324 787 790
1 3600 154
3
223 220 1049
1 3600 154
9
830 894 1057 1009 1010 1201 1198 1202 1238
1 3600 154
13
1085 1079 1041 1033 791 786 1325 1251 1055 1052 1058 1099 1096
1 3600 154
9
1063 809 810 1023 1024 1068 1039 1036 1031
1 3600 95
3
896 1018 1028
1 3600 134
20
809 814 893 823 820 879 861 859 853 848 839 836 842 1133 1134 1245 77 72 102 1136
1 3600 134
25
813 808 919 913 893 823 824 901 898 883 861 859 853 848 839 836 842 1133 1134 1247 1115 1116 75 72 100
1 3600 134
8
1067 1025 1017 897 831 828 912 914
1 3600 873
26
1063 809 814 829 819 820 886 898 1060 1102 873 876 1106 1075 527 528 640 1270 87 88 1477 603 391 394 400 520
1 3600 873
21
1023 1024 1047 1048 221 224 1207 1202 1238 1109 1106 1493 519 514 532 423 99 94 663 660 664
1 3600 581
15
901 887 879 861 859 853 848 839 836 842 1133 1134 481 484 564
1 3600 175
9
1019 1020 1013 1010 1211 1212 1243 1240 1470
1 3600 175
14
901 898 1060 1100 1105 851 848 839 836 842 1133 1134 1245 77
1 3600 137
24
913 829 830 894 1057 1009 1010 1211 1208 1228 1236 1219 1214 845 842 1133 1134 1247 1115 1116 1280 979 976 980
1 3600 137
19
809 810 1023 1024 1047 1048 221 224 1226 835 836 842 1133 1134 1247 1115 1116 1280 979
1 3600 485
42
879 880 1057 1009 1014 1106 1075 527 524 513 514 245 246 404 99 96 468 433 430 444 474 1371 1372 1374 657 658 778 1445 1397 1394 1463 1417 1418 1422 1474 1482 1503 1437 1343 961 635 632
1 3600 873
17
830 894 1057 1009 1014 1106 1493 519 514 532 423 420 273 207 205 191 188
1 3600 873
25
890 910 901 898 1060 1102 873 876 1106 1075 527 524 513 514 245 242 274 293 296 556 215 218 298 457 121
1 3600 873
13
1067 1068 1039 1034 1040 1078 1086 1465 845 842 195 198 994
1 3600 379
19
1085 1086 1465 845 842 1133 923 920 940 952 968 1162 1183 1184 579 580 750 727 720
1 3600 379
16
223 224 1226 835 836 842 1133 1134 1245 601 598 716 611 573 568 1326
1 3600 623
18
823 820 879 861 859 853 848 839 836 842 1133 1134 481 482 716 543 541 534
1 3600 873
38
892 829 830 894 1057 1052 1058 1095 1090 1112 1126 1211 1208 1230 1221 1222 1109 1106 1075 527 528 640 1270 87 88 585 582 391 396 523 209 210 187 180 556 596 217 212
1 3600 873
28
826 1019 1020 1013 1010 1201 1198 1202 1238 1109 1106 1493 519 514 532 1006 403 404 420 273 274 576 215 212 348 341 338 386
1 3600 873
25
1019 1020 1013 1010 1127 1125 1122 1240 1353 835 836 842 1133 923 920 940 952 968 1162 1183 1159 327 328 346 35
1 3600 873
27
1023 1024 1068 1039 1036 1031 931 928 1081 1078 1086 1465 845 842 1133 923 924 936 974 1371 1372 1374 1363 1357 667 668 701
1 3600 873
26
1065 1027 827 819 820 879 861 859 853 848 839 836 842 1133 1134 1245 601 598 718 748 778 1445 1397 1394 1463 1417
1 3600 873
35
894 1057 1009 1014 1106 1075 527 524 513 514 532 423 420 478 807 802 489 490 750 727 722 799 793 794 501 496 700 706 761 758 1194 1389 1390 1408 1454
1 3600 873
27
1023 1024 1047 1048 221 224 1226 835 836 842 195 198 992 327 301 302 388 494 3 6 136 19 22 56 1484 1197 255
1 3600 873
38
889 890 910 901 898 1060 1102 873 876 1106 1075 527 528 640 595 587 399 400 209 205 191 185 180 556 596 217 212 29 30 415 416 239 234 59 62 71 65 66
1 3600 873
24
1067 1047 1048 221 224 1207 1204 1235 1236 1219 1214 845 842 195 198 992 327 324 332 449 371 368 424 1172
1 3600 873
20
889 823 820 879 861 859 853 848 839 836 842 1133 923 924 934 950 966 487 492 1488
1 3600 873
29
1029 1019 1020 1013 1010 1211 1212 1243 1240 1470 839 836 842 1133 1134 481 482 718 613 573 570 604 626 1190 1129 959 411 412 1384
1 3600 873
32
1029 827 830 894 1057 1052 1058 1095 1090 1110 847 848 839 836 842 1133 1134 1245 601 598 716 543 544 1331 1329 733 734 775 623 624 684 754
1 3600 873
17
1143 1140 101 73 78 648 665 661 521 522 397 392 1151 1148 1264 1275 1276
1 3600 873
14
915 913 829 830 894 1057 1009 1014 1106 1493 1077 527 528 638
1 3600 873
12
915 913 893 890 910 901 898 1060 1100 1105 873 876
1 3600 264
13
917 918 809 810 1027 1019 1020 1013 1010 1211 1208 1228 1236
1 3600 107
20
1143 1140 101 73 76 1244 1135 1132 843 837 838 849 852 858 860 878 821 818 828 912
1 3600 107
18
101 73 74 1117 1114 1246 1135 1132 843 837 838 849 850 1103 1061 899 900 911
1 3600 107
7
907 891 892 815 810 1027 1028
1 3600 181
22
907 891 823 820 879 861 859 853 848 839 836 842 1133 1134 1247 1115 1118 77 72 100 1141 1144
1 3600 873
19
1137 103 73 76 1119 1114 939 925 505 506 511 175 176 281 231 232 211 205 200
1 3600 873
18
1143 1139 103 73 74 1117 1114 939 934 950 966 984 489 490 581 459 460 590
1 3600 873
5
73 78 567 564 179
1 3600 415
11
917 913 829 830 885 886 898 1060 1102 851 848
1 3600 218
23
917 918 809 810 1023 1024 1068 1039 1036 1043 1040 1078 1086 1465 845 842 1133 1134 1247 1115 1116 1280 979
1 3600 229
15
1145 1140 101 73 76 601 598 716 543 544 1331 1329 617 618 636
1 3600 873
28
917 913 829 830 894 1057 1052 1058 1099 1093 1090 1112 1126 1201 1198 1204 1221 1222 1109 1106 1493 519 514 245 242 274 293 296
1 3600 873
14
73 74 1117 1114 939 925 920 942 905 817 441 281 282 457
1 3600 873
9
103 73 76 1119 1114 939 925 505 506
1 3600 873
12
1137 103 73 74 1117 1114 939 936 447 444 474 1371
1 3600 623
9
101 73 76 1244 481 482 716 543 541
1 3600 545
15
1143 1140 101 73 74 1117 1118 601 598 718 613 608 729 734 962
1 3600 873
29
915 913 815 810 1023 1024 1047 1048 221 224 1207 1202 1238 1109 1106 1075 527 524 513 514 245 242 207 210 233 226 470 1285 1282
1 3600 873
29
909 910 901 898 883 861 864 1100 1105 873 876 1106 1493 519 516 549 550 531 532 1006 403 404 420 273 274 576 215 212 348
1 3600 873
17
1140 101 73 76 1119 1114 939 934 952 968 1162 1183 1159 327 324 334 698
1 3600 873
23
917 913 893 823 820 879 861 859 853 848 839 836 842 1133 923 924 936 974 1371 1372 1374 657 47
1 3600 873
33
915 913 829 830 894 1057 1009 1010 1127 1125 1122 1240 1353 835 836 842 195 198 994 579 155 150 162 1186 1359 1355 1001 1004 1364 631 628 1438 1417
1 3600 873
32
1145 1140 101 73 74 1117 1118 1244 481 482 718 748 659 656 1363 1357 667 670 768 1189 1190 1194 1389 1390 1405 1402 1497 1498 997 998 743 744
1 3600 873
47
907 910 901 898 883 880 1057 1009 1014 1106 1075 527 528 640 595 587 399 395 396 523 209 210 187 180 556 596 217 218 37 38 259 260 276 1300 367 355 350 360 257 157 61 55 56 51 52 255 252
1 3600 873
17
73 78 567 564 509 443 281 282 457 455 15 8 237 234 59 55 56
1 3600 873
21
1145 1139 103 73 76 1119 1114 939 934 952 968 1162 1183 1159 327 328 346 139 140 144 1508
1 3600 873
23
915 913 893 823 820 879 861 859 853 848 839 836 842 195 198 994 579 155 148 436 688 675 672
1 3600 873
24
73 74 1117 1114 939 934 950 966 487 490 750 165 160 797 800 501 439 379 376 1168 1344 1380 949 944
1 3600 873
40
907 910 901 898 1060 1100 855 853 848 839 836 842 1133 923 924 936 447 444 474 1371 1372 1374 1363 1003 1004 1364 1392 1431 1407 1404 1408 1449 1452 1506 957 954 763 715 708 685
1 3600 96
6
201 204 208 401 395 392
1 3600 96
5
97 94 663 521 401
1 3600 110
9
467 97 98 422 533 530 551 546 593
1 3600 873
7
206 243 244 515 518 1492 1107
1 3600 873
14
523 520 660 664 563 485 480 1135 1132 843 844 1464 1087 1079
1 3600 873
18
467 468 433 434 507 504 922 1132 843 837 838 849 852 858 860 882 899 900
1 3600 873
8
660 664 649 79 72 102 1138 1142
1 3600 97
8
1267 95 98 420 273 207 205 200
1 3600 112
4
94 663 660 664
1 3600 112
5
467 97 98 405 402
1 3600 112
5
95 98 420 81 84
1 3600 379
6
1349 1267 663 660 664 563
1 3600 793
13
1349 1267 95 98 420 478 807 804 816 904 197 194 843
1 3600 873
14
95 96 468 433 434 507 504 924 938 1115 1116 1280 979 971
1 3600 873
32
95 96 468 433 430 446 974 1371 1372 1374 657 658 778 1413 1410 1463 1439 1440 1458 1443 1425 1315 1316 785 782 1338 1486 1437 1343 961 635 636
1 3600 92
8
663 521 209 205 191 185 180 556
1 3600 92
4
209 205 191 192
1 3600 102
5
204 210 233 228 460
1 3600 379
9
662 95 98 420 478 807 802 489 490
1 3600 873
18
210 187 182 560 555 556 596 331 305 300 324 153 150 162 43 44 749 719
1 3600 873
21
95 98 420 81 84 807 802 489 490 750 165 160 285 109 104 558 1364 631 605 571 568
1 3600 873
34
201 204 210 233 226 119 122 338 386 343 344 373 167 168 374 688 675 676 694 700 669 670 768 1189 627 628 1440 1458 1335 1333 1323 731 732 617
1 3600 281
11
191 185 180 556 215 218 37 38 259 260 267
1 3600 458
11
97 98 420 273 274 576 215 212 29 30 415
1 3600 873
14
521 209 210 233 226 119 113 114 302 388 494 453 35 32
1 3600 873
17
523 520 660 664 563 564 179 176 440 816 904 197 198 994 579 155 148
1 3600 873
20
96 468 433 430 444 474 1371 1372 1374 657 658 778 1445 1397 1394 1463 1417 1418 1422 1467
1 3600 873
24
84 807 802 985 487 490 750 727 722 1152 1186 1359 703 700 706 761 758 1194 1451 1448 1454 1498 997 998
1 3600 873
18
274 293 296 556 596 217 212 29 26 128 241 234 157 61 55 49 52 337
1 3600 873
14
274 576 215 212 348 15 12 130 5 6 140 142 69 65
1 3600 873
17
209 205 191 185 180 556 596 331 305 302 386 1178 453 35 32 429 424
1 3600 873
19
1259 393 394 400 209 210 233 226 119 122 133 130 5 6 140 146 1156 1400 1510
1 3600 873
23
523 520 660 664 563 485 482 718 748 45 46 656 1363 1357 667 670 766 1170 1469 1383 1380 949 946
1 3600 873
30
83 84 807 804 816 902 940 935 936 974 1371 1372 1374 1363 1003 1004 1364 631 628 1440 1458 1443 1425 1315 1316 785 777 623 624 686
1 3600 138
11
665 661 521 522 397 390 583 586 592 547 552
1 3600 48
10
665 661 521 401 398 584 89 86 651 654
1 3600 273
11
244 515 512 525 526 1074 1107 877 867 868 1366
1 3600 363
15
807 804 816 902 921 922 1132 843 837 834 1352 1241 1123 1111 1091
1 3600 873
15
589 461 458 578 995 199 194 843 837 838 849 852 858 860 878
1 3600 873
16
421 422 533 515 518 1492 1107 1015 1008 1056 895 831 819 824 911 908
1 3600 66
4
99 94 1266 1348
1 3600 66
4
85 80 421 99
1 3600 138
7
273 207 210 233 228 460 590
1 3600 51
8
246 404 99 96 468 433 434 511
1 3600 249
9
649 79 76 1244 1135 1132 843 837 834
1 3600 873
20
246 404 420 478 807 804 816 902 940 935 938 1115 1118 77 74 1280 979 976 980 990
1 3600 873
25
591 111 114 300 324 153 150 162 43 44 778 1413 1410 1463 1417 1418 1422 1474 1482 1503 1437 1343 961 635 632
1 3600 132
10
591 111 112 120 456 299 219 214 557 181
1 3600 44
4
589 461 229 230
1 3600 110
6
591 111 114 300 326 993
1 3600 363
12
404 99 96 468 433 434 507 504 924 938 1115 1120
1 3600 873
15
807 804 816 904 943 940 935 938 1115 1118 601 598 716 543 544
1 3600 873
22
589 461 458 580 750 727 720 738 794 289 286 558 1364 631 605 606 1311 1308 731 734 962 1340
1 3600 436
13
433 434 511 443 281 282 457 455 15 8 416 239 234
1 3600 379
13
420 273 274 576 215 212 29 24 464 1288 1294 1298 1304
1 3600 671
13
273 207 205 191 185 180 556 596 331 305 302 386 343
1 3600 793
14
589 111 114 302 388 494 453 347 344 373 167 168 376 1168
1 3600 873
22
589 111 114 302 386 343 344 380 699 451 171 168 376 1168 1346 1383 1378 757 758 1194 1389 1390
1 3600 873
30
404 420 478 807 802 489 490 581 155 150 162 1186 1361 1003 1004 1193 1189 627 628 1440 1458 1335 1333 1319 1316 785 782 1338 1486 1502
1 3600 873
25
589 461 409 406 470 319 41 38 259 260 267 270 358 355 350 360 257 59 55 56 1484 1197 337 307 308
1 3600 873
14
807 804 816 904 197 198 992 327 328 346 139 136 19 20
1 3600 873
15
273 274 293 296 556 215 212 348 341 133 130 5 6 140 146
1 3600 873
18
423 99 96 468 433 430 444 474 1371 1372 1374 1363 1357 1354 703 695 677 672
1 3600 873
23
423 420 478 807 802 489 490 750 165 160 797 800 501 496 700 706 761 756 313 316 364 412 1384
1 3600 873
40
1006 403 247 242 207 210 187 182 560 555 556 596 217 212 348 341 338 388 494 453 35 32 429 369 370 171 168 376 1168 1344 1380 315 316 364 410 956 765 715 708 685
1 3600 581
8
565 562 665 661 521 522 397 394
1 3600 136
13
567 564 509 443 440 805 806 479 421 405 247 244 515
1 3600 118
11
442 510 507 504 922 1132 843 844 1215 1216 1366
1 3600 104
15
177 174 510 507 504 922 1132 843 837 838 1471 1241 1242 1233 1230
1 3600 458
20
567 485 480 1135 1132 843 837 838 1471 1241 1242 1213 1210 1011 1012 1021 1018 1026 811 808
1 3600 873
7
178 565 566 79 72 102 1136
1 3600 301
5
648 665 661 521 522
1 3600 45
4
176 440 805 806
1 3600 32
7
440 816 904 197 194 843 837
1 3600 545
12
503 504 922 1132 843 837 838 849 850 1104 1101 1061
1 3600 873
28
503 506 435 430 446 974 1371 1372 1374 657 658 778 1445 1397 1394 1463 1417 1414 1425 1421 1422 1467 785 777 623 615 618 632
1 3600 545
12
567 564 179 176 281 278 219 216 597 557 297 294
1 3600 126
4
564 509 443 281
1 3600 46
3
176 440 816
1 3600 104
5
503 504 924 938 1246
1 3600 545
9
567 485 482 718 613 608 780 1321 1322
1 3600 873
24
174 510 435 430 444 474 1371 1372 1374 657 658 778 1445 1397 1394 1463 1417 1418 1422 1474 1482 1503 1437 1343
1 3600 873
12
176 281 282 457 455 15 8 416 1305 1302 129 126
1 3600 581
14
564 503 504 920 940 952 968 1162 1183 1159 327 328 346 139
1 3600 545
17
174 510 507 504 920 940 952 968 1162 1183 1184 579 155 152 334 451 371
1 3600 436
11
443 440 805 802 985 487 490 750 165 160 285
1 3600 793
14
509 510 435 430 446 974 1371 1372 1374 657 47 44 778 1445
1 3600 873
24
174 510 435 430 444 474 1371 1372 1374 1363 1003 1004 1364 631 605 606 1337 1333 1319 1316 785 782 1338 1486
1 3600 873
21
281 278 37 38 259 260 276 1300 1460 127 124 360 257 157 61 55 49 52 255 252 308
1 3600 873
13
179 176 281 231 226 119 122 133 130 5 6 136 71
1 3600 873
13
443 440 816 904 197 198 992 327 328 346 139 140 144
1 3600 873
14
503 504 920 940 952 968 1162 1183 1184 579 155 148 379 376
1 3600 873
22
176 440 816 902 921 924 936 974 1371 1372 1374 1363 1357 667 670 766 1170 1469 1383 1380 949 944
1 3600 873
11
565 485 482 716 543 541 538 1329 617 620 686
1 3600 873
13
833 836 840 870 875 876 1106 1493 519 516 549 550 1494
1 3600 396
10
846 1122 1242 1233 1230 1221 1222 1109 1106 1075
1 3600 236
7
480 1135 1132 843 840 866 876
1 3600 94
14
1117 1118 1244 1135 1132 843 844 1464 1087 1079 1041 1035 1038 1070
1 3600 94
12
865 862 1059 1053 1054 1250 1324 787 790 933 928 1081
1 3600 94
7
833 834 1227 225 220 1049 1046
1 3600 92
13
834 1352 1241 1242 1213 1210 1011 1012 1021 1016 1022 811 812
1 3600 545
16
480 1135 1132 843 837 838 849 852 858 860 878 821 822 892 912 914
1 3600 873
8
600 1244 481 484 562 665 661 521
1 3600 301
9
836 842 195 198 994 579 459 460 588
1 3600 87
8
833 836 842 1133 1134 481 484 566
1 3600 87
9
839 836 842 1133 923 920 903 817 441
1 3600 83
3
838 849 850
1 3600 102
3
1103 865 860
1 3600 102
12
845 842 1133 1134 1245 77 74 1280 979 976 982 988
1 3600 873
13
1281 75 76 601 598 718 613 608 729 732 617 618 632
1 3600 873
14
480 1247 939 934 952 968 1162 1183 1159 327 301 304 330 597
1 3600 379
11
1117 1114 939 934 950 966 487 490 581 459 409
1 3600 93
4
871 841 842 195
1 3600 93
10
1117 1114 939 934 950 966 984 489 492 1490
1 3600 93
10
833 836 842 1133 923 920 940 950 966 984
1 3600 93
4
836 842 1133 1134
1 3600 108
7
598 716 611 573 568 1321 1322
1 3600 513
16
859 853 848 839 836 842 1133 1134 481 482 718 613 608 729 734 962
1 3600 873
18
1105 873 876 1106 1075 527 524 513 514 245 242 274 576 215 212 29 26 128
1 3600 873
8
839 836 842 195 198 992 327 301
1 3600 581
10
833 836 842 195 198 992 327 328 346 35
1 3600 249
11
841 842 1133 1134 1245 601 598 718 748 659 656
1 3600 323
16
853 848 839 836 842 1133 1134 481 482 716 611 573 570 604 630 1392
1 3600 873
15
601 598 716 611 573 570 604 626 1190 1129 959 954 763 715 710
1 3600 873
24
75 76 1119 1114 939 934 952 968 1162 1183 1159 327 328 346 139 136 19 22 56 1484 1197 337 307 310
1 3600 873
28
1281 1117 1114 939 934 952 968 1162 1183 1184 579 155 152 332 381 345 342 1178 3 6 140 142 69 70 19 22 56 51
1 3600 873
41
862 1095 1090 1112 1126 1201 1198 1202 1238 1109 1106 1075 527 528 640 1270 87 88 1477 603 391 396 523 209 205 191 185 180 556 596 217 212 29 30 11 12 130 5 6 140 144
1 3600 873
16
76 601 598 718 748 659 656 1363 1360 1359 703 695 696 689 375 376
1 3600 873
23
836 842 1133 923 924 936 447 444 474 1371 1372 1374 1363 1357 667 668 706 761 756 313 316 364 412
1 3600 873
33
845 842 1133 923 920 940 950 966 487 490 750 727 720 738 794 289 109 104 558 1364 1392 1431 1428 1387 1388 1451 1452 1506 765 715 708 691 692
1 3600 873
13
887 884 894 1057 1009 1014 1106 1493 519 516 549 550 1494
1 3600 873
15
989 983 977 978 1281 75 78 648 665 661 521 401 398 584 89
1 3600 873
12
978 1281 1117 1118 1244 1135 1132 843 844 1215 1216 1366
1 3600 111
15
977 978 1281 75 76 1244 1135 1132 843 837 834 1227 225 220 1049
1 3600 49
25
986 981 977 978 1281 1117 1118 1244 1135 1132 843 837 838 1471 1241 1242 1213 1210 1011 1008 1056 895 831 828 912
1 3600 198
7
977 978 1281 75 72 100 1141
1 3600 873
19
898 883 880 1057 1009 1014 1106 1075 527 524 513 516 549 546 646 1149 1150 1258 1267
1 3600 873
11
898 1060 1102 873 876 1106 1493 519 514 532 423
1 3600 513
8
991 981 977 978 1281 75 78 567
1 3600 70
3
983 977 978
1 3600 70
13
983 977 978 1281 75 76 1244 1135 1132 843 837 838 849
1 3600 236
14
978 1281 1117 1114 1246 1135 1132 843 837 838 849 852 858 860
1 3600 193
21
887 879 861 859 853 848 839 836 842 1133 1134 481 482 716 543 544 1331 1329 617 618 632
1 3600 873
27
861 862 1099 1093 1090 1112 1126 1211 1208 1228 1236 1225 1222 1109 1106 1075 527 524 513 514 245 242 207 210 187 180 556
1 3600 873
20
977 978 1281 75 76 1119 1114 939 925 920 942 197 198 992 327 301 302 339 340 454
1 3600 485
13
989 986 981 977 978 1281 1117 1114 939 925 505 506 435
1 3600 111
9
991 981 977 978 1281 75 76 601 598
1 3600 58
9
970 978 1281 1117 1118 1244 481 482 716
1 3600 181
11
977 978 1281 75 76 601 598 716 543 541 536
1 3600 873
13
991 981 977 978 1281 75 78 567 564 509 443 281 278
1 3600 873
18
981 977 978 1281 1117 1114 939 934 952 968 1162 1183 1159 327 301 302 339 340
1 3600 873
18
989 983 977 978 1281 75 76 1244 1135 923 920 942 197 198 994 579 155 152
1 3600 458
17
989 983 977 978 1281 1117 1118 1244 481 482 718 748 45 42 1153 799 796
1 3600 335
10
977 978 1281 75 76 601 598 718 748 778
1 3600 727
17
981 977 978 1281 1117 1114 1246 481 482 718 613 608 729 734 775 772 1338
1 3600 873
20
1060 1102 851 848 839 836 842 195 198 992 327 328 346 139 136 63 55 49 52 337
1 3600 873
24
978 1281 1117 1114 939 934 950 966 487 490 581 459 409 406 119 122 133 13 10 415 237 234 59 55
1 3600 873
30
981 977 978 1281 75 76 1244 1135 923 924 936 974 1371 1372 1374 1363 1360 173 107 108 288 501 498 689 375 169 166 368 424 1172
1 3600 873
14
981 977 978 1281 1117 1114 939 934 950 966 984 489 492 1488
1 3600 873
28
1060 1100 1105 851 848 839 836 842 1133 923 924 936 447 444 474 1371 1372 1374 1363 1003 1004 1193 1189 1190 1129 959 411 412
1 3600 873
32
883 861 859 853 848 839 836 842 195 198 994 579 155 148 438 496 700 706 1170 1469 1383 1378 313 316 364 410 954 763 715 708 691 692
1 3600 873
33
637 619 614 622 776 784 1466 1423 1419 1416 1439 629 630 1365 1005 1002 1362 1375 1373 1370 475 445 431 432 469 97 94 1266 1259 1151 683 678 1272
1 3600 873
38
637 634 960 1342 1436 1487 1339 783 784 1317 1314 1424 1442 1459 1441 629 630 1365 559 287 284 161 164 751 491 488 803 806 479 421 405 402 1007 533 530 551 546 593
1 3600 873
36
633 619 616 733 730 1309 1312 1334 1459 1441 1438 1462 1395 1396 1444 779 659 656 1375 1373 1370 975 447 431 432 469 97 98 422 533 515 512 643 638 655 652
1 3600 671
27
637 619 616 1328 539 540 542 717 599 600 1244 1135 1132 843 837 834 1352 1241 1123 1124 1113 1091 1092 1098 1059 1053 1056
1 3600 203
25
637 634 960 963 735 728 609 612 719 483 480 1135 1132 843 844 1464 1087 1079 1041 1042 1037 1038 1069 1025 1022
1 3600 123
15
637 619 616 1328 1330 545 542 717 599 600 77 72 100 1141 1144
1 3600 873
45
637 634 960 1342 1436 1502 1483 1475 1423 1419 1416 1439 629 626 1188 769 671 668 701 695 677 674 689 375 169 166 368 428 33 34 452 495 419 131 13 14 349 213 214 557 181 184 190 204 208
1 3600 873
29
633 619 614 622 776 784 1317 1314 1424 1415 1416 1462 1411 1412 779 45 42 163 164 751 491 488 803 806 85 80 421 405 247
1 3600 873
14
637 634 960 963 735 730 1320 569 572 610 717 483 484 566
1 3600 485
30
633 619 614 622 772 783 784 1317 1318 1332 1336 607 604 630 1365 1005 1000 1354 1358 1187 163 151 154 578 995 199 194 843 837 838
1 3600 113
22
633 619 616 733 728 609 612 719 599 600 1244 1135 1132 843 837 838 849 850 1104 1101 1061 899
1 3600 873
28
637 619 620 684 709 714 762 955 411 365 317 314 1381 1345 1169 377 169 166 372 345 342 387 303 115 116 406 227 232
1 3600 873
26
633 634 960 1342 1436 1487 1481 1475 1423 1419 1416 1439 629 630 1365 559 105 108 284 161 151 152 325 301 115 110
1 3600 873
25
637 619 614 622 776 784 1317 1314 1424 1415 1416 1462 1395 1396 1444 779 45 42 163 151 154 578 1185 1182 1163
1 3600 671
21
637 634 960 963 735 730 1309 1310 607 604 630 1365 1005 1002 1360 1187 1153 723 726 751 491
1 3600 242
7
633 619 616 1328 539 540 542
1 3600 113
3
633 619 616
1 3600 873
42
633 634 960 1342 1436 1502 1483 1475 1423 1420 1424 1442 1459 1441 629 626 1188 769 766 707 701 497 439 436 375 169 166 368 428 33 34 452 3 4 131 13 8 416 1305 1299 1296 1461
1 3600 873
30
633 619 620 684 709 714 764 957 411 365 317 312 1379 1382 1347 1169 377 169 170 448 381 345 342 1178 495 419 131 13 8 416
1 3600 873
21
633 619 614 622 772 783 784 1466 1423 1419 1416 1462 1411 1412 779 659 47 42 163 151 152
1 3600 873
20
637 634 960 1342 1436 1487 1339 783 784 1317 1314 1421 1419 1416 1462 1395 1396 1444 779 45
1 3600 727
10
637 619 614 624 684 709 714 762 955 411
1 3600 873
7
637 619 620 684 709 710 744
1 3600 873
36
633 634 960 963 735 730 1309 1312 1334 1459 1441 629 626 1188 769 671 668 701 497 439 379 169 166 368 428 33 34 139 136 19 22 56 1484 1197 255 252
1 3600 873
32
633 619 616 733 730 1309 1310 607 604 626 1190 759 760 707 701 695 696 689 375 169 166 368 428 33 34 139 140 142 69 70 19 16
1 3600 873
32
633 634 960 1342 1436 1502 1483 1475 1423 1420 1424 1442 1459 1441 629 630 1365 1005 1000 1354 703 695 677 674 689 375 169 170 371 368 424 1172
1 3600 873
19
633 619 614 622 776 784 1317 1318 1332 1334 1459 1441 629 626 1188 769 766 707 704
1 3600 873
10
637 619 620 684 709 714 764 957 411 412
1 3600 873
4
633 619 614 624
1 3600 436
18
323 41 36 219 216 597 557 181 186 211 208 522 397 392 1151 1148 1264 1275
1 3600 545
9
295 292 275 243 244 515 512 643 638
1 3600 873
11
190 204 206 272 421 422 533 515 518 1492 1107
1 3600 873
20
292 275 243 244 515 512 525 526 1074 1107 1108 1239 1203 1199 1200 1127 1113 1091 1094 1059
1 3600 873
18
575 275 272 421 405 247 244 515 518 1492 1107 1015 1008 1056 895 885 886 900
1 3600 873
13
555 556 215 218 279 280 442 508 565 566 79 72 102
1 3600 83
6
574 1165 561 183 184 190
1 3600 83
12
321 41 36 219 214 577 275 272 421 99 96 466
1 3600 136
7
189 190 204 206 272 421 422
1 3600 623
9
555 556 596 217 218 298 283 280 177
1 3600 873
16
193 190 204 206 243 244 515 512 525 526 1074 1107 877 872 1104 855
1 3600 873
20
295 296 556 596 331 305 300 326 1158 1182 1163 969 953 935 938 1115 1116 1280 979 971
1 3600 873
30
291 296 556 596 331 305 300 324 153 150 160 285 286 558 1364 631 628 1440 1458 1443 1425 1315 1316 785 782 773 623 615 618 632
1 3600 128
6
323 41 36 219 216 597
1 3600 102
7
555 556 215 212 348 454 121
1 3600 102
4
181 186 233 228
1 3600 102
5
576 215 218 279 231
1 3600 273
9
555 556 596 331 305 300 326 993 199
1 3600 873
20
295 296 556 215 212 348 341 338 386 343 329 326 1158 1182 1163 969 953 935 938 1115
1 3600 873
33
291 292 576 215 212 29 30 11 12 130 418 494 453 347 344 373 167 168 374 688 697 694 700 669 670 768 1189 627 605 571 572 610 543
1 3600 873
22
596 331 305 300 324 153 150 162 43 44 778 1413 1410 1463 1417 1418 1422 1467 785 777 623 615
1 3600 110
5
187 180 556 215 212
1 3600 110
9
555 556 596 217 212 29 26 128 385
1 3600 110
6
215 212 29 24 464 1288
1 3600 113
3
556 596 331
1 3600 545
13
193 185 186 233 226 407 117 114 302 388 494 453 35
1 3600 873
7
189 185 186 233 228 458 155
1 3600 873
13
183 186 233 228 458 580 750 727 722 1152 43 46 658
1 3600 873
26
1164 575 576 215 212 348 341 338 386 343 344 373 167 168 376 1168 1344 1380 949 363 364 410 956 765 715 708
1 3600 873
15
576 596 217 212 29 26 124 360 257 157 61 55 56 51 52
1 3600 873
14
295 296 556 215 212 29 30 415 237 234 59 62 71 65
1 3600 873
15
291 296 556 596 217 212 348 15 12 130 5 6 140 146 1156
1 3600 873
10
180 556 596 331 305 300 324 332 449 171
1 3600 873
24
560 555 556 215 212 348 341 338 388 494 453 35 32 429 369 167 168 376 1168 1346 1383 1380 949 946
1 3600 873
28
561 183 186 233 228 458 580 750 165 162 1186 1359 1355 1001 1004 1364 1392 1431 1407 1402 1500 997 998 743 740 715 708 685
1 3600 581
10
121 118 227 232 211 208 522 397 390 602
1 3600 379
10
227 232 211 206 272 421 405 402 1007 533
1 3600 873
12
283 231 232 211 208 401 398 586 594 1270 651 652
1 3600 727
16
280 442 510 507 504 922 1132 843 844 1464 1087 1082 929 932 1032 1035
1 3600 873
21
121 113 114 300 326 993 199 194 843 837 834 1227 225 220 1050 1306 1325 1251 1021 1018 827
1 3600 873
10
456 283 280 177 178 565 566 79 72 100
1 3600 100
11
120 455 349 213 214 557 181 184 190 204 208
1 3600 49
5
229 232 211 206 243
1 3600 156
8
118 227 230 280 442 508 565 566
1 3600 335
8
461 458 578 995 199 194 843 837
1 3600 873
15
283 280 440 816 902 921 922 1132 843 837 838 849 852 858 860
1 3600 873
25
407 408 458 155 150 160 285 109 104 558 1364 631 628 1438 1417 1418 1422 1474 1482 1503 1437 1343 961 635 632
1 3600 36
10
122 340 349 213 216 597 557 181 184 192
1 3600 105
3
231 226 119
1 3600 30
4
280 440 816 904
1 3600 218
6
461 458 580 750 727 724
1 3600 873
14
117 114 300 324 153 150 162 1186 1361 1003 1004 1364 631 605
1 3600 873
28
282 457 455 341 338 386 343 344 380 449 171 168 378 438 496 700 706 767 768 1189 627 605 606 1311 1308 731 734 962
1 3600 89
7
282 299 37 38 259 260 267
1 3600 41
5
226 119 122 133 130
1 3600 136
9
457 455 15 12 130 418 494 453 35
1 3600 311
9
228 458 580 750 727 720 736 799 800
1 3600 873
15
114 300 324 153 148 438 496 700 706 761 758 1194 1389 1390 1405
1 3600 873
21
111 114 302 386 343 344 373 167 168 376 1168 1344 1378 313 316 364 410 954 763 715 708
1 3600 873
14
112 120 455 15 8 416 239 234 157 61 55 56 1484 1197
1 3600 581
17
409 406 470 319 41 38 259 260 267 270 358 355 350 360 257 59 62
1 3600 873
13
457 455 15 12 130 5 6 138 35 32 429 424 1172
1 3600 873
10
455 341 338 386 343 344 380 699 451 171
1 3600 873
20
121 122 133 130 5 2 453 35 32 429 369 167 168 376 1168 1346 1383 1380 949 944
1 3600 873
25
117 114 300 324 153 150 160 285 109 106 172 1359 1355 667 670 768 1189 1190 1129 1130 1506 765 715 708 754
1 3600 873
14
921 505 506 435 432 469 97 94 1266 1259 1151 1148 1264 1275
1 3600 485
16
1161 969 965 951 941 903 817 805 806 479 421 422 533 515 512 525
1 3600 793
9
578 995 199 194 843 840 870 875 876
1 3600 379
20
476 1158 1182 1163 969 953 941 921 922 1132 843 844 1215 1218 1237 1234 1231 1209 1210 1127
1 3600 873
18
941 921 922 1132 843 837 838 1471 1241 1242 1213 1210 1011 1012 1021 1018 1026 811
1 3600 873
12
1158 1182 1163 969 953 935 938 1246 1245 77 72 102
1 3600 379
9
969 953 941 903 817 805 806 85 82
1 3600 125
9
952 968 1162 1183 1184 579 459 460 590
1 3600 118
6
951 941 942 905 817 441
1 3600 118
7
1161 969 953 941 903 817 441
1 3600 88
8
804 816 902 940 952 968 1162 1432
1 3600 671
13
804 816 902 940 935 938 1115 1116 1280 979 976 982 988
1 3600 873
23
753 750 727 722 1152 43 44 778 1445 1397 1394 1463 1417 1414 1425 1315 1316 785 777 623 615 618 636
1 3600 301
8
905 817 441 281 278 219 214 557
1 3600 125
5
476 327 301 115 110
1 3600 125
6
506 511 443 281 231 226
1 3600 125
6
1162 1183 1184 579 459 460
1 3600 125
8
940 950 966 487 490 581 459 460
1 3600 97
7
507 504 920 942 197 198 992
1 3600 103
4
753 750 727 720
1 3600 103
5
904 943 921 924 938
1 3600 103
7
507 504 924 938 1246 481 482
1 3600 103
11
940 935 936 974 1371 1372 1374 657 658 749 746
1 3600 291
21
196 943 921 924 936 447 444 474 1371 1372 1374 657 658 778 1413 1410 1463 1439 1440 1458 1335
1 3600 873
17
994 579 155 150 160 285 286 558 1364 631 605 571 572 610 543 541 534
1 3600 335
17
476 327 328 342 1178 3 4 131 13 10 31 24 464 1286 277 267 268
1 3600 104
7
506 511 443 281 282 457 455
1 3600 104
6
952 968 1162 1183 1159 327
1 3600 104
3
198 992 327
1 3600 80
7
994 579 155 150 162 1186 173
1 3600 301
10
994 579 155 148 438 496 700 706 1170 1469
1 3600 873
22
506 435 430 446 974 1371 1372 1374 1363 1003 1004 1364 1392 1431 1407 1404 1408 1449 1452 1131 959 954
1 3600 873
15
994 1185 1159 327 328 346 139 136 19 22 49 52 337 307 310
1 3600 793
20
441 281 278 37 38 259 260 276 1300 1460 353 350 360 257 157 61 62 71 65 66
1 3600 623
16
920 940 950 966 984 489 490 581 155 152 334 451 371 368 424 1174
1 3600 793
9
904 197 198 992 327 324 332 449 171
1 3600 873
21
902 921 924 936 447 444 474 1371 1372 1374 1363 1357 667 670 766 761 756 313 316 362 946
1 3600 873
23
935 936 974 1371 1372 1374 657 658 778 1445 1397 1394 1463 1417 1414 1425 1315 1316 785 782 773 623 624
1 3600 873
10
1246 481 484 562 665 661 521 522 397 390
1 3600 873
19
747 748 659 656 1375 1373 1370 475 445 431 432 469 97 98 405 247 244 530 551
1 3600 873
14
1246 481 484 562 665 661 521 401 398 584 89 86 651 652
1 3600 257
12
975 937 925 922 1132 843 844 1215 1218 1237 1229 1209
1 3600 396
16
975 937 925 922 1132 843 837 838 849 852 854 1101 1061 899 900 825
1 3600 873
14
726 751 491 486 967 951 935 938 1115 1118 77 72 100 1141
1 3600 873
15
721 726 751 491 486 967 951 941 921 505 506 435 432 469 466
1 3600 436
11
1135 923 920 903 817 805 806 479 421 405 402
1 3600 141
7
973 970 978 1281 75 78 567
1 3600 96
12
973 970 978 1281 75 76 1244 1135 1132 843 837 838
1 3600 96
12
973 970 978 1281 1117 1114 1246 1135 1132 843 840 866
1 3600 96
9
751 581 578 995 199 194 843 840 866
1 3600 164
9
985 967 951 935 938 1115 1116 1280 979
1 3600 873
12
1121 1118 601 598 716 543 544 1331 1329 617 618 636
1 3600 873
10
1249 939 925 505 502 179 176 281 231 232
1 3600 242
10
748 45 42 163 151 152 325 301 115 110
1 3600 111
10
483 480 1247 939 934 952 968 1162 1183 1184
1 3600 111
6
967 951 941 921 505 506
1 3600 111
6
486 967 951 941 921 505
1 3600 111
3
939 934 952
1 3600 79
11
726 751 491 488 985 967 951 935 925 922 1132
1 3600 97
17
487 490 750 165 160 285 286 558 1364 631 628 1440 1458 1335 1313 1308 731
1 3600 97
9
1121 1118 601 598 718 613 608 729 734
1 3600 97
5
481 482 718 613 573
1 3600 323
8
1249 1246 481 482 716 543 541 534
1 3600 873
9
984 489 490 581 459 409 406 470 1285
1 3600 363
20
747 748 659 656 1363 1360 173 107 108 284 161 151 152 334 698 381 345 342 387 339
1 3600 125
13
1427 725 722 737 738 794 501 439 379 169 166 368 428
1 3600 117
13
447 444 474 1371 1372 1374 1363 1357 1354 703 497 498 689
1 3600 117
10
487 490 750 165 160 797 800 501 439 436
1 3600 117
13
1249 1246 1135 923 920 940 950 966 984 489 490 750 165
1 3600 117
8
1427 725 720 738 794 501 498 697
1 3600 73
8
722 799 800 501 496 700 706 761
1 3600 458
17
446 974 1371 1372 1374 1363 1003 1004 1364 1392 1431 1407 1402 1497 1498 997 998
1 3600 873
19
985 967 964 968 1162 1183 1159 327 328 346 139 136 63 55 56 1484 1197 255 252
1 3600 873
15
1246 1135 923 920 942 197 198 992 327 328 346 139 140 142 382
1 3600 793
19
447 444 474 1371 1372 1374 1363 1357 667 668 701 695 696 689 375 169 166 368 424
1 3600 545
12
1152 163 151 152 332 381 345 346 139 140 144 1510
1 3600 873
15
974 1371 1372 1374 1363 1357 667 670 766 761 756 313 316 364 412
1 3600 873
17
1152 1186 1361 1003 1004 1193 1189 1190 1194 1451 1452 1506 765 715 708 685 686
1 3600 873
16
545 542 717 483 484 562 665 661 521 522 397 390 602 1476 89 92
1 3600 873
23
607 604 630 1365 1005 1002 1362 1375 1373 1370 475 445 431 432 469 97 98 422 533 515 512 643 640
1 3600 873
17
1330 545 542 717 483 484 562 665 661 521 401 398 586 594 1270 651 652
1 3600 396
16
774 735 728 609 612 719 599 600 1244 1135 1132 843 837 834 1352 1241
1 3600 349
20
1310 1327 569 572 612 719 599 600 1244 1135 1132 843 837 838 849 850 1103 1061 899 900
1 3600 727
12
1310 1327 781 609 610 717 599 600 77 72 100 1141
1 3600 873
23
772 783 784 1317 1314 1424 1415 1416 1462 1395 1396 1444 779 659 656 1375 1373 1370 475 445 431 432 469
1 3600 873
16
573 570 604 630 1365 559 287 288 801 796 161 151 154 459 460 588
1 3600 623
20
1332 1334 1459 1441 1438 1462 1411 1412 779 659 656 1375 1373 1370 975 937 925 505 502 565
1 3600 94
13
604 630 1365 559 287 284 161 151 154 578 1185 1182 1432
1 3600 75
15
539 540 542 717 483 480 1135 1132 843 837 838 849 852 858 860
1 3600 545
5
538 1329 617 618 636
1 3600 873
25
776 784 1466 1423 1419 1416 1439 629 626 1188 769 671 668 701 497 439 149 152 325 301 304 330 597 557 181
1 3600 873
21
542 611 573 570 604 626 1190 759 756 1379 1345 1169 377 169 166 372 345 342 387 339 123
1 3600 273
12
604 630 1365 1005 1002 1362 1375 1373 1370 475 445 431
1 3600 83
20
538 1329 733 730 1309 1312 1334 1459 1441 1438 1462 1395 1396 1444 779 659 656 1375 1373 1370
1 3600 83
16
1326 607 604 630 1365 559 105 108 288 795 739 721 726 751 491 492
1 3600 83
10
1312 1336 1327 569 572 612 719 599 600 1119
1 3600 125
3
729 734 775
1 3600 90
11
1312 1333 1319 1316 785 782 1338 1486 1437 1343 1340
1 3600 90
3
731 734 962
1 3600 873
36
542 611 573 570 604 626 1190 759 756 1379 1382 1347 1169 377 169 170 450 698 381 345 342 1178 495 419 131 13 8 237 240 129 126 353 354 359 271 268
1 3600 873
21
1326 607 604 626 1188 769 671 668 701 695 677 674 689 375 169 166 368 428 33 34 139
1 3600 545
19
608 780 1326 1337 1334 1459 1441 629 630 1365 1005 1000 1354 1358 1187 163 151 152 334
1 3600 86
6
607 604 626 1188 769 671
1 3600 99
15
538 1329 733 730 1309 1312 1334 1459 1441 629 626 1190 759 756 313
1 3600 99
9
1322 1319 1314 1421 1419 1416 1462 1411 1412
1 3600 99
3
1333 1319 1316
1 3600 136
5
775 623 624 684 691
1 3600 873
20
570 604 630 1365 559 287 284 161 151 152 325 328 346 139 136 19 22 49 52 255
1 3600 873
30
540 542 611 573 570 604 630 1365 1193 769 766 707 701 695 696 689 375 169 166 368 428 33 34 139 140 142 69 70 19 16
1 3600 873
20
542 611 573 570 604 626 1190 759 760 707 701 497 439 379 169 170 371 368 424 1172
1 3600 873
17
542 611 608 780 1326 1337 1334 1459 1441 629 626 1190 759 756 1379 1345 1169
1 3600 873
7
604 626 1190 1129 959 411 412
1 3600 873
7
538 1329 617 620 684 691 692
1 3600 873
37
1341 1342 1436 1487 1339 783 784 1317 1314 1424 1415 1416 1462 1395 1396 1444 779 659 656 1375 1373 1370 975 937 925 920 903 817 805 806 479 421 422 533 530 551 552
1 3600 873
32
1342 1436 1502 1483 1475 1423 1419 1416 1462 1395 1396 1444 779 45 42 163 164 751 491 488 803 806 85 80 421 405 247 244 515 512 643 640
1 3600 873
36
622 772 783 784 1317 1314 1424 1415 1416 1462 1411 1412 779 659 656 1375 1373 1370 975 937 934 941 903 817 805 806 479 421 422 533 515 512 643 638 655 652
1 3600 873
18
1341 963 735 728 609 612 719 483 480 1135 1132 843 837 838 849 852 856 1376
1 3600 513
27
622 774 735 728 609 610 717 483 480 1135 1132 843 844 1215 1218 1237 1234 1205 1199 1200 1011 1008 1056 881 878 821 822
1 3600 581
31
1341 963 735 732 1328 1330 545 542 717 599 600 1244 1135 1132 843 837 834 1352 1241 1242 1213 1210 1011 1008 1056 895 831 828 893 890 908
1 3600 873
25
535 538 1329 733 730 1309 1312 1334 1459 1441 629 630 1365 1005 1002 1360 1187 163 151 154 459 229 232 211 205
1 3600 873
13
535 540 542 717 483 484 562 665 661 662 95 98 405
1 3600 873
25
614 622 776 784 1466 1423 1419 1416 1462 1395 1396 1444 779 45 46 656 1375 1373 1370 475 445 431 434 511 443
1 3600 396
13
535 540 542 717 599 600 1244 1135 1132 843 837 838 849
1 3600 208
13
535 540 542 717 599 600 1119 1116 1280 979 976 980 987
1 3600 873
27
537 538 1329 733 730 1322 1332 1334 1459 1441 629 630 1365 559 105 108 284 161 151 152 325 301 304 330 597 557 297
1 3600 873
24
622 776 784 1317 1314 1424 1415 1416 1439 629 630 1365 1005 1002 1360 1187 1153 723 726 751 581 459 409 406
1 3600 873
20
1342 1436 1487 1481 1475 1423 1419 1416 1462 1411 1412 779 659 656 1375 1373 1370 975 937 925
1 3600 249
10
622 774 735 728 609 612 719 483 480 1247
1 3600 81
5
619 616 733 730 1320
1 3600 81
6
963 735 732 1328 1330 545
1 3600 161
3
963 735 732
1 3600 873
32
1342 1436 1502 1483 1475 1423 1419 1416 1439 629 626 1188 769 671 668 701 497 439 149 152 325 301 302 388 419 131 13 8 416 1305 1302 385
1 3600 873
25
733 730 1320 1326 607 604 626 1188 769 766 1170 1469 1347 1169 377 169 166 372 345 342 1178 3 4 131 13
1 3600 873
11
535 540 542 611 612 748 45 42 163 151 152
1 3600 363
21
535 538 1329 733 730 1309 1312 1334 1459 1441 629 630 1365 1005 1000 1354 1358 173 107 108 284
1 3600 92
10
733 730 1322 1332 1334 1459 1441 629 626 1188
1 3600 58
3
624 684 709
1 3600 873
29
620 684 709 714 762 955 411 365 317 314 1381 1382 1347 1169 377 169 170 448 381 345 346 139 136 63 55 56 1484 1197 255
1 3600 873
30
622 772 783 784 1317 1314 1424 1442 1459 1441 629 630 1365 559 287 288 801 796 161 151 152 325 328 346 139 140 142 69 65 66
1 3600 873
27
537 540 542 611 573 570 604 630 1365 1005 1000 1354 703 695 677 674 689 375 169 166 368 428 33 34 139 140 146
1 3600 873
13
620 684 709 714 764 957 411 365 362 948 1381 1345 1169
1 3600 873
9
614 624 684 709 714 762 955 411 412
1 3600 873
7
535 538 1329 617 620 684 754
1 3600 873
17
236 414 31 28 213 214 557 181 184 190 204 208 522 397 390 602 1478
1 3600 873
13
240 129 27 28 213 214 577 275 243 244 530 551 548
1 3600 873
12
216 597 577 275 243 244 515 512 643 638 655 652
1 3600 873
21
213 214 577 275 272 421 422 533 515 518 1492 1107 1015 1012 1250 1324 787 788 931 928 1088
1 3600 873
21
1283 1284 471 227 232 211 208 401 398 586 594 641 529 526 1074 1107 1015 1008 1056 895 831
1 3600 873
26
36 219 216 597 577 275 243 244 515 518 1492 1107 1108 1239 1203 1206 225 220 1049 1046 1025 1022 811 808 919 916
1 3600 301
11
36 219 214 557 297 292 275 272 421 99 94
1 3600 513
19
356 1287 465 25 28 213 216 597 557 181 184 190 204 206 272 421 405 402 1007
1 3600 873
11
39 40 318 471 227 230 280 177 178 565 566
1 3600 873
28
1283 1284 319 41 38 259 260 276 1300 1291 1294 1298 1302 241 234 59 62 137 138 347 329 326 993 199 194 843 837 832
1 3600 873
17
36 219 214 577 275 243 244 515 518 1077 1074 1107 877 872 1103 1061 899
1 3600 873
25
216 331 305 300 324 153 150 162 43 44 778 1413 1410 1463 1417 1418 1422 1474 1482 1503 1437 1343 961 635 632
1 3600 304
12
260 267 270 358 366 1460 127 27 28 213 216 597
1 3600 304
10
1293 1289 465 25 28 213 214 557 297 290
1 3600 304
8
1304 417 9 14 349 213 216 597
1 3600 304
9
1293 1290 1301 277 261 258 39 40 320
1 3600 304
8
125 27 28 213 214 557 181 186
1 3600 304
11
41 36 219 216 597 557 554 561 183 184 192
1 3600 304
9
1289 465 25 28 213 214 557 297 294
1 3600 291
4
348 454 121 118
1 3600 291
3
471 227 230
1 3600 291
4
1283 1284 471 407
1 3600 349
16
463 464 1288 1294 1298 1304 417 9 14 454 456 283 280 442 510 507
1 3600 873
22
234 157 61 62 137 138 347 329 326 1158 1182 1163 969 953 935 938 1115 1116 1280 979 971 972
1 3600 873
36
38 259 260 276 357 358 355 350 360 257 59 62 71 68 143 141 138 35 32 429 369 167 168 374 688 675 676 694 700 669 670 768 1189 627 605 606
1 3600 873
46
265 260 267 270 358 355 352 127 128 241 238 417 9 12 130 418 494 1179 343 344 373 370 171 168 374 688 697 694 700 706 767 768 1189 627 628 1440 1458 1443 1425 1421 1422 1467 785 777 623 615
1 3600 246
3
352 127 27
1 3600 246
3
1296 353 350
1 3600 246
6
352 127 27 28 213 218
1 3600 298
11
263 260 276 1300 1460 1297 1298 1304 417 9 14
1 3600 298
7
219 212 29 30 11 12 130
1 3600 298
16
38 259 260 267 270 358 366 1460 127 128 241 236 9 12 130 5
1 3600 298
15
38 259 260 276 357 358 355 350 360 257 157 61 62 137 138
1 3600 298
7
1288 1294 1298 1304 417 9 14
1 3600 298
6
217 212 29 30 415 416
1 3600 298
16
41 38 259 260 267 270 358 355 350 360 257 59 62 71 68 143
1 3600 298
11
356 1287 465 25 30 11 12 130 418 389 303
1 3600 298
4
1284 471 119 122
1 3600 298
6
11 12 130 5 2 453
1 3600 323
7
234 157 61 62 137 138 347
1 3600 671
11
30 11 12 132 338 386 343 329 324 153 150
1 3600 873
20
1302 385 257 59 62 137 138 35 32 429 369 167 168 376 1168 1344 1380 315 316 364
1 3600 873
29
40 318 471 407 408 458 155 150 160 285 109 104 558 1364 1392 1431 1428 1387 1390 1408 1454 1496 1500 997 998 743 711 708 691
1 3600 254
15
1300 1460 127 128 241 234 157 61 55 56 51 52 337 307 308
1 3600 254
9
358 355 350 360 257 59 55 56 1484
1 3600 254
9
415 237 234 157 61 55 49 52 337
1 3600 161
14
38 259 260 276 1300 367 355 350 360 257 59 55 23 16
1 3600 671
16
1291 1294 1298 1304 417 9 12 130 418 494 453 35 32 429 424 1172
1 3600 873
10
471 407 408 458 155 148 436 688 675 672
1 3600 873
27
265 260 276 1300 1460 127 128 241 236 9 12 130 5 2 1179 343 344 373 167 168 376 1168 1346 1383 1380 949 944
1 3600 873
24
348 341 338 386 343 344 380 449 171 168 376 1168 1344 1378 313 316 364 410 954 763 715 708 691 692
1 3600 873
14
115 116 408 229 232 211 208 522 397 390 583 586 592 644
1 3600 873
14
135 132 123 118 227 232 211 206 272 421 422 533 515 512
1 3600 873
12
2 453 347 329 326 993 199 194 843 840 868 1366
1 3600 873
18
141 138 347 329 326 993 199 194 843 844 1464 1087 1079 1041 1042 1037 1038 1069
1 3600 873
17
303 300 326 993 199 194 843 837 838 849 852 858 860 878 821 822 888
1 3600 873
16
303 300 326 1158 1182 1163 969 953 935 938 1246 1245 77 72 100 1141
1 3600 436
9
417 414 31 28 213 216 597 577 275
1 3600 415
12
349 213 214 557 181 184 190 204 206 272 421 405
1 3600 671
7
9 14 454 456 283 280 177
1 3600 793
13
418 494 1179 343 329 326 993 199 194 843 837 838 849
1 3600 873
16
343 329 326 1158 1182 1163 969 953 935 938 1115 1116 1280 979 976 980
1 3600 873
24
303 300 324 153 150 162 43 44 778 1445 1397 1394 1463 1417 1418 1422 1474 1480 1486 1437 1343 961 635 632
1 3600 121
9
7 2 495 389 303 304 330 597 577
1 3600 82
5
452 495 389 303 115
1 3600 82
4
387 303 115 110
1 3600 101
9
141 138 347 344 380 333 153 154 580
1 3600 335
11
343 329 326 1158 1182 1163 969 965 966 487 492
1 3600 873
17
343 344 373 167 168 374 688 697 694 702 1355 1001 1004 1364 631 605 606
1 3600 873
16
1181 343 329 324 153 150 162 43 46 658 749 613 610 543 541 536
1 3600 108
9
416 1305 1299 1295 1290 1301 277 261 258
1 3600 108
8
302 339 340 15 10 31 26 124
1 3600 108
15
3 4 131 13 10 31 26 126 1461 367 359 271 266 261 262
1 3600 108
5
131 13 10 31 24
1 3600 106
5
133 130 5 6 140
1 3600 83
3
1181 343 344
1 3600 83
5
305 302 386 343 344
1 3600 212
12
35 32 429 369 370 171 168 376 1168 1346 1468 1472
1 3600 727
20
132 123 113 116 408 458 580 750 727 720 738 794 289 109 106 172 1361 1362 657 658
1 3600 873
35
9 12 130 418 494 453 35 32 429 369 167 168 374 688 675 676 694 700 669 670 768 1192 1364 631 628 1440 1458 1443 1425 1421 1422 1474 1482 1503 1437
1 3600 236
8
239 234 157 61 55 56 1484 1197
1 3600 68
6
15 8 237 234 59 55
1 3600 193
8
12 130 5 6 140 146 1156 1398
1 3600 727
4
343 344 373 167
1 3600 873
18
141 138 35 32 429 369 370 171 168 376 1168 1344 1380 949 363 364 412 1384
1 3600 873
19
138 347 329 324 153 148 438 496 700 706 761 758 1129 1130 1506 765 715 708 685
1 3600 873
16
335 153 154 580 491 488 803 806 479 421 99 94 1266 1259 1151 1146
1 3600 873
16
380 333 153 154 580 491 488 803 806 85 80 421 422 533 530 551
1 3600 873
10
335 325 326 993 199 194 843 840 868 1366
1 3600 873
18
326 993 199 196 943 921 922 1132 843 844 1464 1087 1079 1080 929 930 789 790
1 3600 873
21
329 326 1158 1182 1163 969 953 941 921 922 1132 843 837 834 1227 225 220 1049 1046 1025 1022
1 3600 873
27
33 34 347 329 326 993 199 194 843 837 838 1471 1241 1123 1111 1091 1092 1098 1059 1053 1056 895 885 821 824 911 908
1 3600 873
14
333 153 154 578 995 199 196 943 921 505 506 435 432 469
1 3600 623
8
372 345 342 387 303 115 110 588
1 3600 581
14
380 699 335 325 326 1158 1182 1163 969 953 941 921 505 502
1 3600 458
14
34 347 329 326 993 199 194 843 837 838 849 850 1104 1101
1 3600 873
15
333 153 154 580 491 486 967 951 935 938 1115 1116 1280 979 976
1 3600 873
28
344 373 167 168 374 688 697 694 700 706 767 768 1189 627 628 1438 1417 1418 1420 1315 1316 785 782 773 623 615 618 632
1 3600 513
9
342 387 339 340 349 213 214 557 297
1 3600 118
6
372 345 342 387 339 123
1 3600 43
9
34 347 329 326 1158 1184 579 580 752
1 3600 97
12
699 335 153 150 162 1186 1361 1362 657 658 749 746
1 3600 513
15
329 324 153 150 160 285 286 558 1364 631 628 1440 1458 1335 1313
1 3600 873
18
167 168 378 438 496 702 1355 1001 1004 1364 631 605 606 1311 1308 731 732 617
1 3600 257
18
698 381 345 342 1178 495 419 131 13 8 416 1305 1299 1295 1290 1301 277 261
1 3600 36
3
342 387 303
1 3600 153
3
33 34 347
1 3600 28
9
324 153 150 160 797 800 289 109 106
1 3600 229
18
429 369 167 168 378 438 500 289 109 106 172 1361 1362 657 658 778 1445 1446
1 3600 873
29
32 429 369 370 171 168 374 688 675 676 694 700 669 670 768 1189 627 628 1440 1458 1443 1425 1315 1316 785 782 1338 1481 1482
1 3600 873
8
346 139 136 19 22 56 51 52
1 3600 198
5
33 34 139 136 19
1 3600 84
4
451 371 368 424
1 3600 208
4
344 373 368 426
1 3600 873
12
153 148 438 496 700 706 1170 1469 1383 1380 949 944
1 3600 873
21
153 150 160 285 286 558 1364 1392 1431 1428 1387 1388 1451 1452 1131 959 954 763 715 708 685
1 3600 873
20
669 666 1356 1362 1375 1373 1370 475 445 431 432 469 97 98 405 247 244 530 551 552
1 3600 873
19
1356 1362 1375 1373 1370 975 937 925 920 942 905 817 805 806 479 421 422 533 515
1 3600 873
18
666 1356 1362 1375 1373 1370 475 445 446 937 925 922 1132 843 844 1215 1216 1366
1 3600 873
21
374 437 149 154 578 1185 1182 1163 969 953 941 921 922 1132 843 844 1464 1087 1079 1041 1033
1 3600 873
20
1355 1356 1362 1375 1373 1370 975 937 925 922 1132 843 837 838 849 852 858 860 878 821
1 3600 873
18
1171 767 671 666 1356 1362 657 47 44 749 719 599 600 77 72 102 1138 1142
1 3600 873
14
798 723 726 751 491 488 803 804 441 442 508 565 562 665
1 3600 873
16
701 497 500 795 739 721 726 751 491 488 803 806 479 421 405 402
1 3600 623
10
437 149 154 578 995 199 196 905 817 441
1 3600 264
11
149 154 578 995 199 194 843 837 838 849 850
1 3600 727
22
500 801 796 161 164 751 491 486 967 951 935 925 922 1132 843 837 838 849 852 854 1101 1061
1 3600 873
20
800 289 109 106 172 1361 1003 1004 1364 631 605 571 568 1321 731 734 962 961 635 636
1 3600 873
10
284 161 151 152 325 301 304 330 597 557
1 3600 349
6
163 164 751 581 459 460
1 3600 90
14
666 1356 1362 1375 1373 1370 475 445 446 937 934 941 903 817
1 3600 150
4
657 658 749 746
1 3600 150
10
666 1354 1358 1187 1153 723 726 751 491 486
1 3600 150
10
666 1356 1362 657 658 749 719 483 480 1247
1 3600 150
9
289 109 106 172 1361 1362 1375 1373 1370
1 3600 150
9
105 106 172 1361 1362 1375 1373 1370 975
1 3600 105
6
670 768 1189 627 605 606
1 3600 485
13
289 286 558 1364 631 628 1440 1458 1335 1313 1308 731 732
1 3600 727
9
437 149 154 459 409 406 470 1285 1282
1 3600 242
13
674 689 375 169 170 450 698 381 345 346 452 3 4
1 3600 147
13
1360 173 107 108 288 501 439 379 169 166 368 428 33
1 3600 147
7
1360 1187 163 151 152 332 381
1 3600 147
10
108 288 501 498 689 375 169 166 368 428
1 3600 147
9
703 695 696 689 375 169 166 368 428
1 3600 146
7
148 438 496 700 706 1170 1472
1 3600 146
4
694 702 1355 1001
1 3600 152
11
172 1361 1362 657 47 44 778 1413 1410 1463 1417
1 3600 152
10
162 1186 1359 1355 667 670 766 761 756 313
1 3600 152
9
792 798 1152 43 44 778 1445 1397 1394
1 3600 152
6
697 694 700 706 761 758
1 3600 152
8
501 496 700 706 1170 1469 1383 1378
1 3600 152
4
669 670 768 1192
1 3600 152
4
289 109 104 558
1 3600 291
15
1374 1363 1003 1004 1364 1392 1431 1407 1404 1408 1449 1452 1506 765 715
1 3600 873
25
1354 1358 173 107 108 284 161 151 152 325 328 346 139 140 142 69 70 19 22 56 1484 1197 337 307 310
1 3600 581
13
439 379 169 170 371 372 345 346 139 136 19 22 56
1 3600 171
6
674 689 375 169 166 368
1 3600 128
6
287 288 501 439 379 169
1 3600 128
11
796 161 151 152 325 328 346 139 140 144 1510
1 3600 415
9
1473 1469 1383 1380 315 316 364 412 1384
1 3600 873
17
1363 1003 1004 1364 1392 1431 1407 1402 1497 1498 997 998 743 711 708 691 692
1 3600 873
20
1393 1365 1005 1002 1362 1375 1373 1370 475 445 431 432 469 97 94 1266 1259 393 390 583
1 3600 873
21
771 671 666 1356 1362 1375 1373 1370 475 445 431 432 469 97 98 405 247 244 530 551 546
1 3600 873
19
605 571 572 612 719 483 484 566 648 665 661 521 401 398 584 89 86 651 652
1 3600 873
22
1406 1430 1393 1365 1005 1002 1362 1375 1373 1370 975 937 925 922 1132 843 844 1464 1087 1079 1041 1042
1 3600 873
37
365 317 312 757 760 707 701 702 1355 1356 1362 1375 1373 1370 475 445 446 937 925 922 1132 843 844 1215 1218 1237 1229 1209 1210 1011 1012 1021 897 831 828 893 888
1 3600 873
31
1131 1128 1191 627 605 571 572 610 717 599 600 1244 1135 1132 843 837 834 1352 1241 1123 1124 1113 1091 1094 863 860 882 899 900 911 906
1 3600 873
18
1423 1419 1416 1462 1395 1396 1444 779 45 42 163 164 751 491 488 803 806 85
1 3600 873
24
1317 1314 1424 1415 1416 1462 1395 1396 1444 779 659 656 1375 1373 1370 975 447 431 432 469 97 98 405 402
1 3600 873
16
1393 1365 1005 1002 1362 1375 1373 1370 475 445 446 937 925 505 502 565
1 3600 349
6
749 719 599 600 77 74
1 3600 545
18
1453 1450 1195 1191 627 605 571 572 612 719 483 480 1245 1119 1116 1280 979 976
1 3600 873
12
1457 1458 1443 1425 1315 1316 785 777 623 615 618 636
1 3600 873
21
1314 1424 1415 1416 1462 1411 1412 779 45 42 163 151 152 325 301 304 330 597 557 554 561
1 3600 873
14
671 666 1354 1358 1187 1153 737 721 726 751 581 459 229 230
1 3600 335
7
1347 1169 377 378 149 154 578
1 3600 229
15
1419 1416 1439 629 630 1365 559 287 284 161 164 751 491 492 1490
1 3600 229
8
1188 1192 1005 1002 1362 1375 1373 1370
1 3600 229
15
365 317 312 757 760 707 701 702 1355 1356 1362 1375 1373 1370 975
1 3600 242
13
768 1189 627 628 1438 1417 1418 1422 1467 785 782 773 774
1 3600 242
8
1463 1417 1418 1422 1467 785 777 774
1 3600 242
14
757 758 1191 627 628 1438 1417 1414 1425 1315 1316 785 782 773
1 3600 242
12
317 312 757 758 1191 627 605 571 572 610 543 544
1 3600 242
9
363 364 410 958 1128 1191 627 605 606
1 3600 242
8
1450 1195 1191 627 628 1440 1458 1335
1 3600 245
12
627 628 1438 1417 1418 1422 1474 1480 1486 1437 1343 961
1 3600 245
11
1410 1463 1417 1414 1425 1315 1316 785 777 623 615
1 3600 873
28
1415 1416 1462 1395 1396 1444 779 45 42 163 151 152 325 301 302 388 419 131 13 8 416 239 240 385 361 351 354 359
1 3600 873
23
783 784 1317 1314 1424 1442 1459 1441 629 626 1190 759 756 1379 1345 1169 377 169 166 372 345 346 139
1 3600 311
15
1388 1195 759 760 707 701 695 696 689 375 169 170 371 368 428
1 3600 265
10
1195 759 760 707 701 497 500 801 798 1152
1 3600 265
10
362 948 1381 1382 1468 1171 707 701 695 677
1 3600 265
11
1389 1386 1429 1430 1393 1365 1005 1002 1362 657 47
1 3600 265
9
317 314 1381 1382 1468 1171 707 701 695
1 3600 265
4
771 671 666 1356
1 3600 265
9
1428 1387 1388 1195 759 760 707 701 497
1 3600 265
9
1405 1406 1430 1393 1365 1005 1002 1362 1375
1 3600 265
7
1406 1430 1393 1365 1193 769 671
1 3600 265
10
1318 1332 1336 607 604 626 1188 769 671 668
1 3600 265
6
362 948 1381 1345 1169 377
1 3600 265
9
1393 1365 1193 769 671 668 701 695 677
1 3600 265
12
948 1381 1382 1468 1171 707 701 702 1358 173 107 108
1 3600 212
10
1463 1439 629 626 1190 1194 1389 1390 1405 1402
1 3600 212
6
1387 1388 1195 759 756 1379
1 3600 212
8
1191 627 628 1440 1458 1443 1425 1315
1 3600 277
6
364 410 954 763 741 744
1 3600 277
12
1450 1195 1191 627 628 1438 1417 1418 1422 1474 1482 1504
1 3600 277
9
1380 315 316 364 410 954 763 741 744
1 3600 277
12
1457 1441 629 626 1190 1194 1451 1448 1454 1496 1500 997
1 3600 277
13
1409 1391 1386 1429 1430 1393 631 628 1438 1417 1418 1422 1474
1 3600 277
13
783 784 1466 1423 1419 1416 1439 629 626 1190 1129 1130 1506
1 3600 277
3
1129 959 956
1 3600 277
12
1394 1463 1439 629 626 1190 1129 1130 1506 765 715 712
1 3600 873
20
630 1365 559 287 284 161 151 152 325 328 346 139 136 63 55 49 52 255 252 310
1 3600 873
20
766 707 701 695 696 689 375 169 170 448 381 345 342 1178 3 6 140 142 69 65
1 3600 671
14
1347 1169 377 169 166 368 428 33 34 139 140 146 1156 1398
1 3600 161
12
1128 1191 1188 1192 1005 1002 1362 1375 1373 1370 475 472
1 3600 158
3
1380 949 946
1 3600 236
9
1335 1333 1319 1316 785 782 773 623 624
1 3600 873
30
955 956 1507 1453 1448 1409 1391 1386 1429 1430 1393 1365 559 105 108 288 795 739 721 726 751 581 459 229 232 211 208 401 398 584
1 3600 873
26
742 999 996 1501 1403 1406 1430 1393 1365 559 287 284 161 164 751 491 488 803 806 479 421 422 533 515 518 1077
1 3600 873
22
996 1499 1455 1409 1391 1388 1195 1191 627 605 571 572 610 717 483 480 1135 1132 843 840 868 1366
1 3600 873
22
740 715 708 685 621 616 1328 1330 545 542 717 599 600 1244 1135 1132 843 837 838 849 852 856
1 3600 873
31
1435 1436 1487 1339 783 784 1317 1318 1323 1320 781 609 612 719 483 480 1135 1132 843 837 834 1227 225 220 1050 1306 1325 1251 1021 1018 827
1 3600 873
30
958 1128 1191 627 605 571 572 612 719 599 600 1244 1135 1132 843 837 838 1471 1241 1242 1213 1210 1011 1008 1056 895 831 828 912 916
1 3600 873
17
1501 1403 1406 1430 1393 1365 1005 1002 1362 1375 1373 1370 475 445 431 432 469
1 3600 873
25
1499 1455 1449 1450 1195 759 760 707 701 497 500 801 798 723 726 751 491 488 803 806 85 80 421 405 247
1 3600 873
22
745 742 999 996 1501 1403 1406 1430 1393 1365 1005 1002 1362 1375 1373 1370 975 447 431 434 511 175
1 3600 873
9
685 621 616 1328 1330 545 542 717 483
1 3600 873
15
1339 773 774 735 728 609 610 717 599 600 77 74 1280 979 971
1 3600 873
4
1343 961 635 636
1 3600 873
23
690 709 714 764 957 411 365 317 314 1381 1345 1169 377 378 149 152 325 301 304 330 597 557 554
1 3600 873
18
1483 1475 1423 1419 1416 1462 1411 1412 779 659 47 42 163 151 154 459 409 406
1 3600 873
18
709 714 764 1507 1131 1128 759 760 707 701 497 500 795 739 721 726 751 752
1 3600 363
14
958 1128 1191 1188 769 671 666 1356 1362 1375 1373 1370 475 445
1 3600 130
9
1507 1131 1128 1191 627 605 606 1327 781
1 3600 180
6
745 711 708 685 621 618
1 3600 180
3
690 685 625
1 3600 180
10
1483 1480 1339 773 774 735 732 1328 539 536
1 3600 873
26
713 714 762 955 411 365 362 948 1381 1382 1347 1169 377 169 166 372 345 342 1178 495 419 131 13 8 237 240
1 3600 873
18
740 762 955 411 365 317 314 1381 1345 1169 377 169 170 450 698 381 345 342
1 3600 873
12
955 411 365 317 312 1379 1382 1347 1169 377 169 166
1 3600 229
14
764 1507 1453 1448 1409 1391 1386 1429 1430 1393 1365 1005 1002 1362
1 3600 161
19
1505 1503 1487 1339 783 784 1317 1314 1424 1442 1459 1441 629 626 1190 1194 1389 1390 1405
1 3600 161
14
1435 1436 1487 1339 783 784 1317 1318 1332 1336 607 604 626 1188
1 3600 161
6
1505 1483 1475 1423 1419 1416
1 3600 161
10
709 714 764 957 411 365 317 312 757 760
1 3600 161
5
713 714 762 955 411
1 3600 142
3
743 740 762
1 3600 873
26
713 714 764 957 411 365 362 948 1381 1345 1169 377 169 166 368 428 33 34 139 136 19 22 56 1484 1197 255
1 3600 873
23
1475 1423 1419 1416 1462 1395 1396 1444 779 45 42 163 151 152 325 328 346 139 140 142 69 65 66
1 3600 873
29
1436 1487 1339 783 784 1317 1314 1424 1415 1416 1462 1395 1396 1444 779 659 656 1363 1360 1187 163 151 152 325 328 346 139 140 144
1 3600 793
22
1483 1475 1423 1420 1424 1442 1459 1441 629 630 1365 1193 769 671 668 701 695 677 674 689 375 169
1 3600 513
3
957 411 412
1 3600 114
5
998 743 711 708 685
1 3600 873
18
1196 1485 57 54 58 235 236 414 31 28 213 214 577 275 243 244 530 1494
1 3600 873
24
336 53 48 54 60 156 256 361 125 27 28 213 214 557 181 186 211 208 522 397 390 583 586 592
1 3600 873
29
253 254 53 50 57 54 58 256 384 129 27 28 213 214 557 181 184 190 204 208 401 398 586 594 641 529 526 1074 1107
1 3600 873
29
1196 1485 57 54 60 156 235 238 417 414 31 28 213 216 597 577 275 243 244 515 518 1492 1107 1108 1239 1203 1199 1200 1127
1 3600 873
33
306 336 53 48 54 58 235 236 9 14 454 121 118 227 232 211 206 243 244 515 512 525 526 1074 1107 1015 1012 1021 1018 1026 811 808 919
1 3600 873
29
311 253 254 1196 1485 57 54 60 156 256 361 351 354 359 271 266 261 258 39 36 279 280 177 178 565 566 79 72 100
1 3600 873
18
309 306 336 53 50 57 54 58 235 238 417 414 31 28 213 214 577 275
1 3600 873
21
311 253 254 1196 1485 57 54 60 156 235 236 9 14 454 456 283 280 442 508 565 562
1 3600 873
19
309 306 336 53 48 23 18 137 7 4 131 132 123 118 227 230 280 177 178
1 3600 873
37
1196 1485 57 54 58 256 384 129 27 28 213 216 597 557 181 184 190 204 208 522 397 390 583 586 594 641 529 526 1074 1107 1108 1223 1220 1231 1232 1243 1240
1 3600 873
25
1485 57 23 18 71 68 143 141 138 347 329 326 1158 1182 1163 969 953 935 938 1115 1116 1280 979 976 982
1 3600 873
30
1485 57 23 18 137 138 347 329 324 153 150 162 43 44 778 1445 1397 1394 1463 1439 1440 1458 1335 1313 1308 731 732 617 618 632
1 3600 581
18
254 53 48 54 60 156 256 361 351 354 359 356 277 261 258 39 40 320
1 3600 671
15
306 336 53 50 57 54 58 235 238 417 9 14 454 456 283
1 3600 873
15
311 253 254 1196 1485 57 23 18 137 138 347 329 326 1158 1182
1 3600 873
20
306 336 53 48 23 18 71 68 143 141 138 347 344 380 333 153 150 164 727 724
1 3600 873
30
254 1196 1485 57 23 18 137 138 35 32 429 369 167 168 374 688 675 676 694 700 706 767 768 1192 1364 631 605 606 1327 781
1 3600 873
37
309 306 336 53 50 57 23 18 71 68 143 141 138 35 32 429 369 167 168 374 688 697 694 702 1355 1001 1004 1364 631 628 1440 1458 1335 1313 1308 731 732
1 3600 50
7
336 53 48 54 60 156 235
1 3600 156
9
1485 57 23 18 137 7 2 495 389
1 3600 793
12
311 253 254 1196 1485 57 23 18 137 138 347 329
1 3600 873
22
311 253 254 53 48 23 18 71 68 143 141 138 347 344 380 699 335 153 150 162 43 46
1 3600 873
21
336 53 50 57 23 18 137 138 35 32 429 369 370 171 168 376 1168 1344 1378 313 316
1 3600 873
25
1196 1485 57 23 18 71 68 143 141 138 35 32 429 369 167 168 376 1168 1346 1383 1380 315 316 364 410
1 3600 349
4
311 306 336 1196
1 3600 77
5
253 254 53 48 23
1 3600 727
15
311 306 336 1196 1485 57 54 62 71 68 143 146 1156 1400 1508
1 3600 873
23
311 253 254 53 50 57 54 58 256 361 125 27 28 213 218 279 280 442 510 435 430 444 472
1 3600 873
21
306 336 1196 1485 57 23 18 137 138 347 344 380 449 171 168 376 1168 1344 1380 949 946
1 3600 873
29
309 253 254 53 48 54 62 137 138 347 344 373 167 168 376 1168 1346 1383 1378 313 316 364 410 954 763 715 708 691 692
1 3600 873
23
17 18 63 60 156 235 236 414 31 28 213 214 557 181 186 211 208 401 395 392 1151 1148 1264
1 3600 873
18
58 256 384 129 27 28 213 216 597 557 297 292 275 272 421 422 533 515
1 3600 873
26
383 143 141 7 4 131 132 123 118 227 232 211 206 243 244 530 551 548 517 518 1492 1107 877 867 868 1366
1 3600 873
37
57 54 60 156 235 238 417 414 31 28 213 214 557 181 184 190 204 208 522 397 390 602 1476 89 86 1271 641 529 526 1074 1107 1108 1239 1203 1199 1200 1127
1 3600 873
30
143 141 7 4 418 389 303 115 116 408 229 232 211 206 272 421 422 533 515 512 525 526 1074 1107 877 872 1103 1061 899 900
1 3600 873
28
21 18 63 58 256 361 125 27 28 213 216 597 577 275 243 244 515 518 1492 1107 1015 1008 1056 895 831 828 912 914
1 3600 873
16
57 54 60 156 235 236 9 14 349 213 214 557 181 184 190 202
1 3600 873
19
54 58 256 384 1303 1299 1295 1289 465 25 28 213 216 597 577 275 272 421 405
1 3600 873
16
54 60 156 235 238 417 9 14 454 456 283 280 177 178 565 566
1 3600 873
17
67 64 68 143 141 138 347 329 326 993 199 194 843 837 838 849 850
1 3600 873
25
67 64 68 143 141 7 2 495 389 303 300 326 993 199 196 943 921 924 938 1115 1116 1280 979 976 980
1 3600 873
28
67 64 70 137 138 347 329 324 153 150 160 285 286 558 1364 631 628 1440 1458 1335 1333 1323 731 734 962 961 635 636
1 3600 671
10
48 54 58 235 236 414 31 28 213 214
1 3600 436
14
60 156 256 361 351 354 359 271 266 261 258 39 36 279
1 3600 581
12
383 143 141 7 2 1179 387 303 300 326 993 199
1 3600 873
14
137 138 347 329 326 1158 1182 1163 969 953 935 938 1115 1120
1 3600 873
24
17 18 137 7 4 131 132 123 113 110 461 458 580 750 165 162 43 44 749 613 610 543 544 1331
1 3600 873
21
18 137 138 347 329 324 153 150 162 1186 1361 1003 1004 1364 631 605 606 1311 1308 731 732
1 3600 113
10
383 69 70 63 58 256 384 129 27 28
1 3600 105
9
54 60 156 235 238 417 9 12 134
1 3600 105
9
67 64 68 143 141 7 4 131 132
1 3600 175
8
17 18 137 138 347 344 380 333
1 3600 396
14
143 141 7 2 495 389 303 300 324 153 150 160 797 793
1 3600 873
29
57 54 58 235 236 9 14 341 123 118 407 408 458 580 750 727 722 1152 43 46 658 778 1445 1397 1394 1463 1417 1418 1422
1 3600 873
25
383 143 141 138 35 32 429 369 167 168 374 688 675 676 694 700 706 761 758 1194 1389 1390 1408 1454 1498
1 3600 91
8
383 69 70 19 22 49 52 337
1 3600 224
3
17 18 63
1 3600 75
6
62 137 138 35 32 429
1 3600 623
9
143 141 138 35 32 429 369 370 171
1 3600 873
17
383 143 141 7 2 1179 343 344 373 167 168 376 1168 1344 1380 949 946
1 3600 873
24
62 137 138 35 32 429 369 167 168 376 1168 1346 1383 1380 949 363 364 410 954 763 715 708 685 686
1 3600 873
18
425 428 33 34 452 1179 387 303 115 110 461 229 232 211 208 401 398 584
1 3600 873
20
1399 1157 147 141 7 4 131 132 123 118 227 232 211 206 272 421 422 533 530 551
1 3600 873
29
1400 145 141 7 4 131 132 340 349 213 216 597 557 554 561 183 184 190 204 208 522 397 390 602 1476 89 86 651 652
1 3600 873
19
1155 147 141 138 347 329 326 993 199 194 843 837 834 1227 225 220 1049 1044 1251
1 3600 873
26
1157 147 141 138 347 329 326 1158 1182 1163 969 953 941 921 922 1132 843 837 838 849 852 858 860 878 821 822
1 3600 873
23
145 141 7 4 418 389 303 300 326 1158 1182 1163 969 965 951 935 938 1246 1245 77 72 102 1136
1 3600 873
18
425 428 33 34 452 495 389 303 304 330 597 557 181 186 211 208 520 662
1 3600 873
19
1175 425 428 33 34 452 1179 387 339 340 349 213 214 557 297 292 275 272 421
1 3600 873
15
1157 147 141 7 4 131 132 340 454 456 283 280 442 508 565
1 3600 873
15
147 141 138 347 329 326 993 199 194 843 837 838 849 852 858
1 3600 873
18
1155 147 141 138 347 329 326 1158 1182 1163 969 953 935 938 1115 1116 1280 979
1 3600 873
29
1175 425 369 370 171 168 374 688 499 496 700 669 670 768 1189 627 628 1440 1458 1443 1425 1315 1316 785 777 623 615 618 632
1 3600 873
13
1175 425 428 33 34 452 495 389 303 304 330 597 557
1 3600 623
11
1173 425 428 33 34 452 1179 387 303 115 110
1 3600 436
7
1155 147 141 138 347 329 326
1 3600 513
16
147 141 7 2 1179 343 344 380 699 335 153 150 162 43 44 749
1 3600 873
21
145 141 138 347 329 324 153 150 160 285 109 104 558 1364 631 605 571 568 1321 731 734
1 3600 873
23
147 141 138 347 344 380 333 153 150 162 1186 1359 1355 1001 1004 1364 631 605 606 1327 781 729 732
1 3600 458
14
1175 425 428 33 34 452 495 419 131 13 10 31 26 124
1 3600 141
7
1173 425 369 372 345 342 1180
1 3600 71
6
1400 145 141 138 35 32
1 3600 108
13
1400 145 141 138 35 32 429 369 167 168 374 688 675
1 3600 415
16
425 369 167 168 378 438 496 700 669 670 768 1189 627 628 1438 1417
1 3600 873
23
1173 425 369 370 171 168 374 688 697 694 700 706 767 768 1192 1364 631 628 1438 1417 1418 1422 1474
1 3600 793
12
1175 425 428 33 34 139 136 19 22 56 1484 1197
1 3600 71
4
1155 147 142 382
1 3600 257
4
1509 1401 1157 1154
1 3600 75
13
1400 145 141 7 2 1179 343 344 373 167 168 376 1166
1 3600 873
18
145 141 138 347 344 380 699 451 171 168 376 1168 1344 1378 313 316 364 412
1 3600 873
18
369 167 168 374 688 697 694 700 706 761 758 1129 959 956 765 715 708 685
1 3600 873
26
673 674 499 500 801 798 723 726 751 491 486 967 951 941 921 505 506 435 432 469 97 94 1266 1259 1151 1148
1 3600 873
23
377 378 149 154 578 995 199 196 905 817 805 806 479 421 405 402 1007 533 515 512 643 640 1270
1 3600 873
18
705 669 666 1356 1362 1375 1373 1370 975 937 925 922 1132 843 840 870 875 876
1 3600 873
22
673 674 499 500 795 792 796 161 164 751 491 486 967 951 941 921 922 1132 843 844 1464 1087
1 3600 873
25
377 378 149 154 578 995 199 194 843 844 1215 1218 1237 1234 1205 1206 225 220 1049 1046 1025 1022 811 814 893
1 3600 873
32
705 701 702 1355 1356 1362 657 658 749 719 483 480 1135 1132 843 837 834 1352 1241 1123 1111 1091 1092 1098 1059 1053 1056 895 831 828 912 914
1 3600 873
17
427 428 33 34 452 495 389 339 123 118 227 232 211 206 272 421 99
1 3600 873
13
1511 1401 1157 147 141 7 4 418 389 303 115 110 590
1 3600 873
13
377 374 437 149 154 578 995 199 196 905 817 441 177
1 3600 873
23
673 676 696 499 500 795 739 721 726 751 491 486 967 951 941 921 922 1132 843 837 838 849 850
1 3600 873
20
1167 377 378 149 154 578 1185 1182 1163 969 953 935 938 1246 1245 77 74 1280 979 976
1 3600 873
22
705 669 670 768 1189 627 628 1440 1458 1443 1425 1315 1316 785 782 1338 1486 1437 1343 961 635 636
1 3600 873
13
1489 493 488 803 804 441 281 282 299 219 214 557 297
1 3600 873
10
705 701 497 439 149 154 459 460 111 112
1 3600 581
8
377 374 437 149 154 578 1185 1182
1 3600 363
12
170 450 335 325 326 993 199 196 943 940 935 936
1 3600 671
24
1511 145 141 7 4 418 389 303 115 116 408 458 580 750 727 722 1152 43 44 749 613 610 543 541
1 3600 873
18
1489 493 486 967 951 935 938 1246 1245 601 598 716 543 544 1331 1329 617 618
1 3600 873
20
1167 377 169 170 448 381 345 342 387 339 340 15 10 31 24 464 1286 277 261 264
1 3600 545
11
427 428 33 34 452 495 419 131 13 8 416
1 3600 177
13
473 474 1371 1372 1374 1363 1360 1187 163 151 152 334 698
1 3600 83
8
473 474 1371 1372 1374 1363 1357 667
1 3600 83
6
168 374 688 675 676 694
1 3600 104
23
427 369 370 448 333 153 150 162 1186 1361 1362 657 658 778 1413 1410 1463 1417 1414 1425 1315 1316 785
1 3600 671
27
1511 1401 1157 147 141 138 347 329 324 153 150 162 43 44 778 1445 1397 1394 1463 1417 1418 1422 1467 785 782 1338 1486
1 3600 873
17
1167 377 169 166 372 345 346 139 136 19 22 56 51 52 337 307 310
1 3600 581
12
1167 377 169 166 372 345 346 139 140 142 69 65
1 3600 76
6
1167 377 169 170 371 368
1 3600 242
20
473 445 446 937 934 952 968 1162 1183 1159 327 301 302 388 494 3 6 140 144 1510
1 3600 181
10
1167 1168 1346 1383 1380 315 316 364 412 1384
1 3600 873
22
1489 493 490 750 165 160 285 286 558 1364 1392 1431 1407 1404 1408 1449 1452 1506 765 715 708 685
1 3600 873
26
947 948 1381 1382 1468 1171 767 671 666 1356 1362 1375 1373 1370 975 937 925 505 502 565 562 665 661 521 401 395
1 3600 873
30
1385 413 365 317 312 757 760 707 701 497 500 801 796 161 164 751 491 488 803 806 479 421 422 533 530 551 546 593 91 86
1 3600 873
30
947 948 1381 1382 1468 1171 767 671 666 1356 1362 1375 1373 1370 475 445 431 432 469 97 98 405 247 244 515 512 643 638 655 652
1 3600 873
25
945 948 1381 1382 1468 1171 767 671 666 1356 1362 1375 1373 1370 975 937 925 922 1132 843 844 1215 1218 1237 1234
1 3600 873
30
1385 413 410 958 1128 1191 627 605 571 572 612 719 599 600 1244 1135 1132 843 844 1464 1087 1079 1041 1035 1038 1069 1025 1022 811 814
1 3600 873
36
945 948 1381 1382 1468 1171 767 671 666 1356 1362 657 658 749 719 483 480 1135 1132 843 837 838 1471 1241 1242 1213 1210 1011 1012 1021 1018 1026 811 808 919 914
1 3600 873
21
1385 413 365 317 312 757 760 707 701 497 500 801 798 723 726 751 581 459 229 232 211
1 3600 873
29
413 365 317 312 757 760 707 701 702 1358 1361 1362 1375 1373 1370 475 445 446 937 934 941 903 817 805 806 85 80 421 405
1 3600 873
25
1385 413 410 956 1507 1453 1450 1389 1386 1429 1430 1393 1365 1005 1002 1362 1375 1373 1370 475 445 431 434 511 175
1 3600 873
22
945 948 1381 1382 1468 1171 767 671 666 1356 1362 1375 1373 1370 975 937 925 922 1132 843 837 838
1 3600 873
25
947 363 317 312 757 758 1191 627 605 571 572 610 717 599 600 1244 1135 1132 843 837 838 849 852 858 860
1 3600 873
11
1385 413 410 954 763 715 708 685 621 618 632
1 3600 873
17
947 948 1381 1345 1169 377 378 149 152 325 301 304 330 597 557 297 294
1 3600 873
17
413 410 958 1128 1191 1188 1192 559 105 108 284 161 164 751 581 459 409
1 3600 873
17
947 948 1381 1382 1468 1171 707 701 497 500 795 792 796 161 151 154 578
1 3600 793
14
413 365 317 312 757 760 767 671 666 1356 1362 1375 1373 1370
1 3600 793
10
947 363 317 312 757 758 1191 627 605 571
1 3600 873
11
945 363 364 410 954 763 715 708 685 625 615
1 3600 873
26
1385 413 410 956 1507 1453 1448 1409 1405 1406 1430 1393 1365 559 287 284 161 164 751 581 459 409 406 470 319 41
1 3600 873
14
945 948 1381 1382 1347 1169 377 169 170 450 335 325 301 304
1 3600 873
11
947 948 1381 1345 1169 377 169 166 368 428 33
1 3600 164
9
413 365 317 312 757 760 707 701 695
1 3600 62
8
945 363 317 312 757 758 1191 627
1 3600 264
6
1385 413 410 956 765 715
1 3600 873
24
413 365 317 314 1381 1382 1347 1169 377 169 166 372 345 346 139 136 63 55 56 1484 1197 255 252 308
1 3600 873
21
1385 413 365 317 312 1379 1345 1169 377 169 170 448 381 345 342 1178 3 6 136 19 16
1 3600 873
15
947 948 1381 1382 1347 1169 377 169 166 372 345 346 139 140 146
1 3600 111
6
947 948 1381 1345 1169 1166
1 3600 873
4
945 363 364 412
1 3600 161
7
413 410 954 763 715 708 685
1 3600 873
21
687 625 622 774 735 728 609 612 719 483 484 562 665 661 662 1266 1259 1151 683 678 1272
1 3600 873
18
621 616 1328 1330 545 542 717 483 484 566 648 665 661 521 401 398 586 592
1 3600 873
16
621 616 1328 539 540 542 717 599 600 1244 1135 1132 843 840 868 1366
1 3600 873
18
625 622 774 735 728 609 612 719 483 480 1135 1132 843 837 834 1352 1241 1123
1 3600 873
27
687 625 622 774 735 728 609 610 717 599 600 1244 1135 1132 843 844 1215 1218 1237 1229 1209 1210 1011 1008 1056 895 831
1 3600 873
14
687 621 616 1328 1330 545 542 717 599 600 77 72 100 1141
1 3600 873
24
755 709 710 742 999 996 1499 1496 1403 1406 1430 1393 1365 1005 1002 1362 1375 1373 1370 475 445 431 432 469
1 3600 873
27
693 690 709 710 742 999 996 1501 1403 1406 1430 1393 1365 559 105 108 284 161 164 751 491 488 803 806 479 421 422
1 3600 873
24
687 625 622 776 784 1466 1423 1419 1416 1462 1411 1412 779 659 656 1375 1373 1370 975 937 925 505 506 511
1 3600 873
12
687 621 616 1328 539 540 542 717 599 600 1119 1116
1 3600 873
23
755 685 625 622 774 735 728 609 612 719 483 480 1135 1132 843 837 838 849 850 1104 1101 1061 899
1 3600 873
4
687 621 618 632
1 3600 873
31
687 625 622 772 783 784 1317 1314 1424 1415 1416 1462 1395 1396 1444 779 45 42 163 151 152 325 301 115 112 120 456 299 37 40 322
1 3600 873
19
687 684 709 714 764 1507 1131 1128 1191 1188 1192 559 287 284 161 151 154 459 460
1 3600 873
24
625 622 776 784 1466 1423 1419 1416 1462 1411 1412 779 659 656 1375 1373 1370 975 937 925 920 903 817 805
1 3600 873
24
693 690 709 710 742 999 996 1499 1455 1409 1391 1386 1429 1430 1393 1365 1005 1000 1354 1358 1187 1153 723 724
1 3600 793
11
693 690 685 625 622 776 784 1317 1318 1332 1336
1 3600 727
3
687 621 616
1 3600 873
23
687 684 709 714 762 955 958 1128 1191 1188 1192 559 105 108 284 161 151 152 325 301 304 330 217
1 3600 873
23
755 709 714 764 1507 1453 1450 1195 1191 1188 1192 1005 1000 1354 1358 1187 163 151 152 325 301 302 339
1 3600 873
21
687 684 709 714 762 955 958 1128 759 760 707 701 695 696 689 375 169 170 450 698 381
1 3600 485
17
687 625 622 772 783 784 1317 1314 1424 1415 1416 1462 1395 1396 1444 779 659
1 3600 125
11
693 690 709 714 764 1507 1453 1450 1195 1191 627
1 3600 77
4
755 709 714 762
1 3600 873
29
755 709 714 741 742 999 996 1499 1496 1403 1406 1430 1393 1365 559 287 284 161 151 152 325 328 346 139 136 63 55 56 1484
1 3600 873
28
755 709 710 742 999 996 1501 1403 1406 1430 1393 1365 1005 1002 1360 1187 163 151 152 325 328 342 1178 3 6 136 19 16
1 3600 873
23
755 709 714 762 955 411 365 317 312 1379 1382 1347 1169 377 169 166 372 345 346 139 140 146 1156
1 3600 727
19
687 684 709 714 764 1507 1131 1128 759 760 707 701 497 439 379 169 166 368 426
1 3600 218
8
693 690 709 714 762 955 411 412
1 3600 415
3
684 691 692
