419
1 3600 194
5
884 908 926 930 934
1 3600 194
12
628 223 17 20 613 614 935 893 653 648 682 1022
1 3600 194
7
644 221 17 18 1115 939 83
1 3600 194
3
3 6 890
1 3600 194
7
683 680 661 109 110 119 114
1 3600 202
8
625 626 1113 939 83 80 911 912
1 3600 202
4
885 880 125 128
1 3600 202
10
888 931 775 623 620 936 797 91 92 155
1 3600 202
10
887 7 8 894 1020 107 104 883 878 673
1 3600 202
7
927 773 117 112 673 674 984
1 3600 202
13
892 934 615 612 21 16 220 1037 637 634 640 796 85
1 3600 202
14
633 630 1118 639 642 15 12 91 87 88 153 146 771 133
1 3600 202
5
679 672 879 882 899
1 3600 202
6
83 80 675 676 135 136
1 3600 202
8
625 613 610 617 622 117 112 673
1 3600 202
6
929 909 885 878 131 132
1 3600 202
5
664 899 896 924 992
1 3600 202
3
679 676 135
1 3600 202
4
104 883 878 673
1 3600 120
33
891 888 931 775 623 620 936 85 86 92 975 972 281 282 765 762 1108 1095 859 197 194 218 790 443 440 450 456 464 466 471 472 478 548
1 3600 252
35
627 21 16 220 1037 637 609 602 684 844 841 807 713 709 67 68 714 689 692 696 213 210 179 180 430 434 444 458 462 141 138 854 823 824 1046
1 3600 198
10
1117 19 16 222 646 1039 637 609 604 670
1 3600 198
15
8 892 934 615 612 21 16 220 1037 637 609 604 668 842 801
1 3600 198
5
646 639 635 609 606
1 3600 198
17
650 658 933 927 773 623 616 1110 1113 1114 19 16 220 1037 637 609 602
1 3600 198
10
679 674 81 78 84 797 641 638 1119 1120
1 3600 198
9
612 21 16 220 1037 637 609 604 670
1 3600 198
9
19 16 222 646 639 635 609 602 684
1 3600 198
8
1118 639 642 15 10 609 604 670
1 3600 198
12
891 888 934 615 612 21 16 220 1037 637 609 602
1 3600 206
14
115 112 131 132 770 147 148 156 285 282 35 36 920 1104
1 3600 206
8
18 1115 939 936 85 86 92 975
1 3600 206
11
619 620 83 78 88 153 150 1008 205 206 859
1 3600 206
13
619 620 83 80 911 912 1004 1008 777 778 923 919 916
1 3600 206
19
656 662 664 899 896 125 128 134 770 147 148 156 285 282 765 762 1108 1135 857
1 3600 126
20
625 21 16 222 646 639 640 91 92 969 915 769 313 307 304 971 395 396 404 416
1 3600 252
23
115 112 131 127 128 136 995 992 1008 205 208 577 578 790 443 438 448 1032 491 25 26 504 1130
1 3600 252
28
683 649 652 894 1020 929 909 885 880 924 994 1004 151 148 154 975 972 167 170 245 242 314 301 302 726 734 738 742
1 3600 148
25
1021 933 775 623 616 1110 627 21 16 220 1037 637 609 606 698 801 798 805 725 722 940 733 730 905 589
1 3600 252
23
909 119 112 131 132 770 147 148 156 285 282 765 762 1108 1095 203 200 577 393 396 406 277 274
1 3600 252
30
661 662 664 883 880 924 992 1008 777 39 36 919 785 782 193 190 270 694 309 306 310 316 351 339 325 326 366 173 174 524
1 3600 252
23
1114 19 16 220 1037 637 609 602 667 668 844 841 807 713 710 729 365 362 586 754 295 292 1041
1 3600 252
22
883 878 673 674 984 89 86 92 969 915 769 245 240 308 965 299 302 365 362 586 750 760
1 3600 252
25
891 888 931 927 773 623 620 936 797 91 92 975 972 167 170 313 307 304 971 387 383 380 1019 233 234
1 3600 60
15
125 128 136 913 910 81 82 938 1114 19 16 222 629 630 1122
1 3600 60
11
151 152 89 86 90 13 10 636 1036 221 17
1 3600 60
11
157 149 146 771 677 672 113 118 111 108 660
1 3600 60
11
994 913 910 81 78 84 797 641 638 1119 1122
1 3600 60
5
898 665 663 657 654
1 3600 62
5
994 1004 151 148 156
1 3600 66
23
673 676 770 147 150 1008 205 208 217 218 790 443 440 450 454 460 565 562 257 258 477 474 484
1 3600 66
33
128 136 995 992 1008 777 778 923 920 1103 1097 1098 237 73 76 190 272 794 443 438 433 434 444 458 464 468 1052 251 252 545 540 1090 547
1 3600 66
34
673 674 984 153 148 156 285 282 35 36 919 785 782 691 692 696 792 215 210 179 182 452 1025 961 962 1077 1075 821 822 1051 557 552 1090 547
1 3600 66
21
994 1004 1008 205 206 203 200 577 393 396 404 418 103 100 122 143 138 850 539 540 1090
1 3600 252
25
285 282 765 762 1107 1104 857 197 194 218 790 443 440 450 456 464 466 255 249 246 1059 823 824 1046 1100
1 3600 59
15
126 130 113 116 623 616 611 612 21 16 220 645 629 630 1120
1 3600 62
9
285 282 765 766 923 920 1104 1132 237
1 3600 62
10
676 770 147 148 156 285 282 35 36 920
1 3600 62
9
896 125 126 132 770 910 984 89 86
1 3600 41
21
924 992 151 148 154 969 915 769 245 240 304 1006 215 210 179 180 430 434 446 1032 97
1 3600 209
18
994 1004 1008 205 208 577 393 385 375 372 187 188 1002 957 507 502 1030 983
1 3600 252
25
136 995 992 1008 777 39 36 919 785 786 239 73 76 192 691 688 715 716 721 718 861 749 413 399 400
1 3600 132
18
489 485 475 470 467 465 457 451 441 442 795 273 270 693 601 598 745 743
1 3600 229
12
489 481 473 476 259 256 563 463 459 455 451 411
1 3600 252
20
147 148 154 975 972 167 170 313 310 316 351 347 340 391 383 375 372 187 184 265
1 3600 252
25
677 674 81 78 84 797 13 10 609 604 668 844 803 798 805 725 722 940 1060 737 740 905 589 594 755
1 3600 252
23
487 481 478 546 1091 541 538 851 139 142 123 120 29 32 499 496 1067 947 525 175 172 367 368
1 3600 252
19
994 913 147 148 156 285 282 765 762 1108 1095 203 200 577 393 385 375 376 378
1 3600 101
33
1079 549 479 473 470 467 465 459 445 435 432 439 442 791 219 195 196 858 1094 1109 763 764 283 280 973 974 93 90 796 937 938 1112 627
1 3600 67
24
549 546 1091 541 544 253 250 1053 563 564 461 445 435 431 417 405 397 392 576 209 204 1009 1005 137
1 3600 67
32
546 1091 553 556 1049 825 820 1074 1076 963 960 1024 453 183 178 211 212 697 271 191 77 72 236 1133 1105 921 922 779 776 1009 993 994
1 3600 67
27
1084 1088 541 538 247 248 256 469 465 457 451 441 442 791 219 195 196 856 1134 1109 763 764 283 284 157 149 146
1 3600 67
26
1088 553 556 1050 855 139 142 123 101 102 419 416 181 178 211 214 1007 305 241 244 768 914 968 155 149 146
1 3600 61
4
543 540 553 550
1 3600 42
17
253 250 1053 563 564 261 262 826 1070 1076 29 30 25 22 424 989 990
1 3600 209
29
549 479 482 475 470 467 465 457 451 411 409 397 394 970 305 308 965 703 704 708 712 806 840 845 685 603 608 636 1036
1 3600 48
20
543 544 259 256 563 463 459 445 435 432 439 442 791 788 273 191 192 783 780 1096
1 3600 70
9
558 1047 825 820 1074 1076 963 960 819
1 3600 70
14
541 538 851 139 142 123 101 96 1033 449 439 442 791 579
1 3600 70
13
1079 549 479 473 476 253 250 1053 563 564 261 262 826
1 3600 70
7
1050 855 139 142 123 101 102
1 3600 55
12
482 475 476 259 256 1052 853 139 144 1074 1076 29
1 3600 252
22
555 556 1050 1058 247 248 254 467 465 459 445 435 431 181 178 211 214 793 697 693 601 596
1 3600 180
14
1087 1088 541 538 851 139 140 463 457 451 441 442 795 273
1 3600 180
13
551 554 558 1047 825 820 1074 1076 963 99 102 45 46
1 3600 252
14
538 851 139 142 123 120 29 32 499 496 953 949 525 175
1 3600 252
24
555 556 1050 823 820 1074 1076 29 32 493 25 26 506 956 1003 189 186 367 327 324 336 582 586 750
1 3600 252
18
544 253 250 1053 469 465 459 445 435 431 417 405 397 394 387 388 371 368
1 3600 252
16
547 479 473 470 467 465 457 451 411 409 397 385 380 1019 233 234
1 3600 252
32
979 982 1031 503 506 955 950 1003 189 186 373 374 382 390 341 346 350 317 311 312 171 166 973 974 93 87 79 82 621 622 774 930
1 3600 229
28
979 980 986 1030 1034 505 506 955 952 1072 519 512 809 275 276 407 397 392 576 201 202 1094 1109 763 764 283 284 157
1 3600 26
5
559 555 552 1089 1085
1 3600 252
14
1101 1047 825 820 1074 1076 29 30 25 22 422 987 981 978
1 3600 252
29
1047 825 822 855 852 1053 563 564 461 445 435 431 181 178 211 212 697 693 688 701 71 66 708 710 723 724 804 810 838
1 3600 252
19
1101 1047 825 820 145 140 463 457 451 441 442 791 219 195 196 75 76 192 569
1 3600 64
12
1101 1047 1048 1050 855 139 142 123 101 98 960 1024
1 3600 38
15
1047 825 820 1074 1076 963 817 501 493 25 26 504 1035 983 976
1 3600 252
22
991 986 503 506 956 951 949 525 175 172 373 374 382 390 341 342 359 354 360 741 738 742
1 3600 252
26
1101 559 555 552 541 544 259 254 467 465 459 455 451 411 225 211 214 1007 305 241 242 314 301 302 728 723
1 3600 252
13
1048 1050 855 852 1053 563 564 461 445 435 431 417 405
1 3600 252
10
991 981 982 1034 505 506 955 949 946 1068
1 3600 252
19
979 980 988 425 23 26 506 956 1003 189 186 367 327 324 336 582 584 998 869
1 3600 252
25
1047 825 822 855 139 142 123 101 102 45 46 566 517 514 1136 533 534 945 529 229 177 172 367 368 231
1 3600 252
13
979 982 1031 503 506 955 949 525 175 172 373 376 378
1 3600 95
9
849 847 843 669 605 608 636 1036 221
1 3600 95
17
806 840 845 685 603 608 636 1036 221 17 20 613 614 935 893 9 2
1 3600 95
4
1121 631 628 223
1 3600 95
13
849 813 799 800 699 607 608 636 1036 221 17 18 1115
1 3600 95
22
845 669 605 608 11 14 643 638 647 223 17 20 626 1111 617 622 772 928 1021 659 656 662
1 3600 61
11
685 603 608 11 12 796 85 88 985 911 912
1 3600 229
22
849 813 805 713 709 705 702 964 695 696 213 210 224 410 450 456 462 141 138 854 1051 557
1 3600 252
33
643 635 609 602 684 844 841 807 725 722 729 365 355 358 343 344 329 326 366 173 174 524 946 1066 497 498 33 28 1077 1075 821 824 1046
1 3600 59
4
605 608 636 1036
1 3600 89
14
805 713 709 67 70 700 689 690 193 77 72 236 1133 1134
1 3600 89
14
849 847 843 669 605 608 634 640 91 92 975 967 915 769
1 3600 89
10
800 699 607 608 11 12 91 92 975 972
1 3600 89
12
810 807 725 722 711 709 705 700 689 690 783 784
1 3600 89
15
698 801 798 805 713 710 729 303 298 964 695 271 191 77 72
1 3600 89
12
85 86 92 975 972 281 282 765 762 1107 1103 1097
1 3600 89
5
1121 1118 639 640 91
1 3600 93
14
813 805 725 722 729 303 300 315 243 240 304 1006 215 210
1 3600 252
19
801 802 841 807 713 709 67 68 714 689 692 271 272 794 443 438 448 1032 491
1 3600 53
10
805 725 722 940 65 61 54 49 52 427
1 3600 72
8
839 807 713 710 729 303 300 317
1 3600 72
11
839 807 725 722 711 709 67 70 700 689 601
1 3600 180
19
687 603 608 11 12 91 92 969 915 769 313 307 304 971 395 396 406 508 279
1 3600 252
19
849 813 805 713 710 940 733 730 361 355 356 337 325 326 366 187 188 1002 951
1 3600 252
18
643 640 91 92 975 972 167 170 245 242 314 301 302 365 362 586 750 756
1 3600 252
10
684 844 841 807 725 722 729 365 362 583
1 3600 252
17
805 713 710 940 733 730 361 355 358 343 340 391 388 371 368 231 234
1 3600 80
15
1105 921 37 38 776 1009 993 925 881 882 105 106 1021 895 653
1 3600 80
12
1105 921 922 779 776 1009 1005 137 129 124 897 898
1 3600 71
16
190 272 789 790 443 438 433 434 444 458 464 466 471 472 480 488
1 3600 71
13
1096 917 918 37 34 283 284 157 149 150 993 925 897
1 3600 71
5
155 149 146 771 133
1 3600 55
19
1135 857 197 194 218 790 443 440 450 454 460 565 562 257 258 545 540 1089 1085
1 3600 252
27
92 155 156 285 282 765 762 1108 1095 207 208 577 393 396 406 277 274 808 513 518 1073 953 954 507 502 987 990
1 3600 71
13
238 787 784 918 37 34 283 280 973 974 93 90 796
1 3600 71
16
778 923 919 916 1097 781 782 691 688 715 69 66 708 712 806 838
1 3600 71
8
280 973 974 93 90 13 10 609
1 3600 71
11
159 154 93 90 641 635 609 604 668 842 801
1 3600 71
6
284 157 154 93 90 13
1 3600 42
4
1135 1132 237 238
1 3600 78
19
95 92 969 915 769 313 307 304 1006 793 213 210 179 182 452 1025 961 817 814
1 3600 78
18
39 36 920 1104 857 197 194 218 790 443 438 448 1032 97 100 122 143 138
1 3600 78
9
972 167 170 245 240 304 1006 215 210
1 3600 78
18
281 282 765 762 1108 1095 203 199 194 218 790 443 440 450 456 462 562 1052
1 3600 78
8
919 785 786 239 73 74 197 198
1 3600 78
16
916 1102 1104 857 858 203 200 577 393 396 404 418 818 961 817 814
1 3600 78
14
776 205 208 217 218 790 443 438 433 434 444 458 464 466
1 3600 78
14
1098 237 73 76 190 272 794 443 440 450 456 464 466 471
1 3600 114
13
313 307 304 971 395 396 404 420 452 1025 961 962 1077
1 3600 114
20
95 92 155 156 285 282 35 36 919 785 782 691 688 715 716 721 718 861 862 745
1 3600 84
21
237 73 76 190 270 693 688 715 716 721 718 942 1057 59 54 737 738 591 594 868 999
1 3600 84
13
92 969 915 769 245 240 308 965 703 71 68 716 721
1 3600 84
13
92 975 972 167 170 313 310 316 351 347 342 359 354
1 3600 84
10
73 76 190 270 694 965 299 302 726 730
1 3600 84
15
159 156 285 282 765 766 923 920 1103 1097 781 782 691 692 694
1 3600 84
13
159 156 285 282 35 36 919 785 782 691 688 701 702
1 3600 43
12
95 87 88 153 150 1008 205 206 203 200 577 393
1 3600 209
9
776 205 208 577 393 396 406 510 535
1 3600 252
11
967 915 769 245 242 314 351 339 336 582 586
1 3600 252
15
1098 237 73 76 190 270 696 792 1007 971 387 388 371 368 1000
1 3600 252
11
1104 857 197 194 218 579 393 385 375 376 378
1 3600 132
25
123 101 96 1033 449 439 442 791 219 216 209 204 1009 1005 137 129 124 881 884 908 926 932 895 9 4
1 3600 102
10
419 405 397 392 576 201 202 207 204 1009
1 3600 102
23
260 461 455 451 441 442 791 219 195 196 856 1105 1106 763 764 283 284 157 149 152 985 675 672
1 3600 109
17
210 179 180 430 434 444 460 565 562 1052 251 246 1059 1051 557 554 560
1 3600 109
8
565 562 257 249 252 477 474 484
1 3600 109
6
138 850 247 252 477 474
1 3600 109
5
141 138 854 1051 557
1 3600 109
10
418 103 100 122 143 138 850 539 540 1090
1 3600 132
15
578 790 443 438 448 1032 97 98 962 1077 1075 821 824 1046 1100
1 3600 114
17
98 960 1024 453 183 178 211 212 697 693 688 701 704 708 710 723 724
1 3600 107
9
44 419 405 397 392 576 201 202 859
1 3600 107
15
470 467 465 457 451 441 442 791 219 195 196 856 1132 1099 781
1 3600 107
11
433 431 181 178 211 214 1007 305 306 312 768
1 3600 107
18
467 465 459 455 451 411 409 397 394 970 305 241 244 768 914 968 155 158
1 3600 107
15
459 445 435 432 439 442 791 219 216 209 206 1094 1109 763 766
1 3600 107
6
442 791 579 576 209 204
1 3600 107
7
1094 1109 763 764 283 280 167
1 3600 107
17
247 248 256 563 463 457 451 441 442 795 273 191 192 783 784 918 37
1 3600 107
13
454 445 435 432 439 442 791 219 195 196 856 1105 921
1 3600 107
11
411 225 211 212 792 1007 305 306 312 171 166
1 3600 102
10
563 564 261 262 826 123 120 963 960 1024
1 3600 102
3
1025 961 99
1 3600 102
5
449 439 442 791 219
1 3600 113
7
438 448 1032 491 25 22 424
1 3600 113
11
468 563 564 261 262 826 1070 1076 29 32 500
1 3600 113
6
815 501 499 496 953 954
1 3600 113
12
564 261 262 826 123 120 29 30 25 26 504 1130
1 3600 113
4
139 142 1070 1076
1 3600 113
4
97 98 962 29
1 3600 113
5
446 1032 97 100 120
1 3600 113
4
41 44 818 961
1 3600 113
15
445 435 431 417 420 452 1124 495 496 1067 947 948 950 957 958
1 3600 252
7
578 788 273 270 693 601 598
1 3600 91
30
139 142 123 101 102 45 46 566 517 512 533 523 175 176 228 526 185 186 373 374 382 390 341 342 359 354 360 741 736 49
1 3600 91
17
1053 469 465 457 451 411 409 397 394 387 390 341 342 359 356 582 584
1 3600 91
14
575 578 788 273 270 693 688 715 716 721 718 942 63 61
1 3600 104
9
463 459 445 435 431 417 405 397 394
1 3600 104
7
178 224 409 397 385 380 1019
1 3600 104
5
575 393 385 375 376
1 3600 104
16
1052 853 139 144 1074 1076 963 960 819 45 46 566 517 514 1136 809
1 3600 104
14
98 817 501 499 496 1067 947 525 175 172 373 374 380 1019
1 3600 104
6
208 577 393 394 387 388
1 3600 105
9
577 393 396 406 508 536 945 529 269
1 3600 105
14
262 826 123 120 29 32 499 496 953 950 1003 189 184 527
1 3600 252
24
1053 469 465 459 445 435 431 181 178 211 214 793 697 693 601 598 745 746 289 286 294 868 753 750
1 3600 252
15
461 455 451 411 409 406 510 945 529 526 185 186 367 368 1000
1 3600 252
12
1033 447 435 431 417 405 397 385 380 1019 233 234
1 3600 252
23
963 960 1024 453 183 178 211 214 1007 305 241 244 768 914 968 93 87 79 82 938 1112 627 624
1 3600 209
17
99 96 1033 449 439 442 791 579 576 201 202 207 204 1009 151 152 985
1 3600 59
10
423 23 24 31 28 1077 1075 821 822 1051
1 3600 66
10
24 492 33 28 1077 1075 821 824 1046 1100
1 3600 252
27
425 422 1030 1034 505 506 956 1003 189 186 367 327 324 336 357 354 364 728 711 712 804 799 802 845 685 603 608
1 3600 105
19
1076 963 960 1024 453 183 178 211 212 792 1007 305 306 312 171 166 973 974 93
1 3600 106
9
503 27 24 490 1033 447 444 458 464
1 3600 106
15
425 23 24 31 28 121 122 827 263 260 565 562 257 254 471
1 3600 106
3
1125 453 421
1 3600 106
15
988 425 23 24 492 33 28 121 122 827 263 260 565 562 1052
1 3600 106
14
977 980 986 1030 1034 505 506 955 952 1072 519 516 567 47
1 3600 106
6
1125 453 421 416 430 432
1 3600 106
8
1017 425 23 24 490 1033 449 433
1 3600 106
8
425 23 24 31 28 1077 1071 143
1 3600 106
11
1131 505 27 24 492 500 816 99 102 419 416
1 3600 106
11
977 982 1031 503 27 24 490 1033 447 444 458
1 3600 109
3
498 33 28
1 3600 109
7
425 422 1030 1034 505 506 958
1 3600 252
15
1058 851 139 140 463 457 451 441 442 795 273 270 693 601 598
1 3600 126
10
820 145 140 463 457 451 441 442 795 273
1 3600 95
10
956 951 949 525 175 172 367 327 328 345
1 3600 95
10
499 496 1067 947 525 175 172 367 327 328
1 3600 105
6
26 506 956 1003 903 267
1 3600 105
5
26 506 955 949 946
1 3600 105
9
1076 29 32 499 496 953 950 1003 189
1 3600 105
16
820 1074 1076 963 960 819 45 46 566 517 512 533 523 520 996 227
1 3600 252
15
986 503 506 956 1003 189 186 367 327 324 336 582 586 750 756
1 3600 252
14
505 506 955 949 525 175 172 373 374 382 390 341 344 323
1 3600 252
8
959 956 1003 189 186 373 376 378
1 3600 229
20
743 739 735 732 941 723 724 806 840 845 669 605 608 636 1036 221 17 18 1115 939
1 3600 252
22
412 748 860 719 720 717 714 689 692 696 213 210 224 410 450 456 464 466 471 472 480 486
1 3600 252
34
426 53 48 737 740 361 355 358 343 340 391 383 375 372 173 174 522 532 1137 515 516 567 47 44 103 100 122 143 138 850 539 540 1090 1083
1 3600 252
22
412 748 862 599 600 692 696 213 210 179 180 430 434 444 458 462 141 138 854 823 824 1046
1 3600 36
10
436 53 48 1061 941 711 712 804 799 800
1 3600 68
9
412 748 860 719 720 717 714 689 690
1 3600 209
29
403 398 414 53 48 737 740 905 589 594 868 999 585 583 337 325 326 366 173 174 524 946 1066 497 498 33 28 121 122
1 3600 252
23
400 426 53 50 57 60 64 733 727 303 300 351 335 330 325 326 366 187 188 1002 957 507 27
1 3600 180
6
398 412 748 862 599 596
1 3600 27
6
436 53 48 737 735 727
1 3600 27
11
398 412 748 864 1056 943 719 720 717 714 689
1 3600 157
14
436 53 50 57 54 737 740 361 355 358 343 340 391 383
1 3600 252
16
426 53 48 737 738 591 594 755 587 583 337 325 326 366 173 174
1 3600 140
12
436 53 50 57 60 64 733 730 361 362 583 580
1 3600 252
9
745 746 289 286 294 868 753 587 583
1 3600 252
17
863 864 1056 63 64 733 727 365 355 358 343 340 391 383 375 376 378
1 3600 168
22
748 860 719 720 717 714 689 690 783 784 918 922 767 764 283 284 157 149 152 985 675 678
1 3600 180
16
308 695 271 191 77 72 236 1099 1096 917 918 37 38 776 1009 1005
1 3600 229
20
722 711 709 705 702 964 309 304 971 395 396 408 410 450 456 464 466 471 472 478
1 3600 252
27
717 69 70 702 964 309 304 971 395 396 406 508 279 274 808 513 518 1069 947 948 954 507 504 1035 983 980 990
1 3600 140
7
48 1061 941 723 724 806 840
1 3600 140
12
720 717 69 66 708 712 804 799 800 843 669 670
1 3600 140
7
60 64 941 723 724 806 838
1 3600 145
8
705 700 689 690 193 77 72 238
1 3600 145
7
303 298 703 700 689 690 783
1 3600 145
14
307 308 695 271 191 77 72 236 1099 1096 1102 921 37 34
1 3600 145
7
722 729 303 300 315 243 244
1 3600 145
7
303 298 703 700 689 690 569
1 3600 145
9
865 862 599 600 690 783 784 918 922
1 3600 145
9
720 717 714 689 690 193 77 72 236
1 3600 145
11
67 70 702 964 695 271 191 77 74 856 1105
1 3600 145
10
270 694 309 306 312 768 914 966 974 93
1 3600 129
8
794 443 440 450 454 460 261 262
1 3600 129
9
714 689 692 696 792 215 210 179 182
1 3600 129
13
311 307 304 1006 215 210 179 182 452 1025 961 817 814
1 3600 129
17
943 719 720 717 714 689 692 271 272 789 790 443 440 450 456 464 468
1 3600 157
13
361 355 358 343 340 391 383 384 396 404 418 818 961
1 3600 134
15
573 568 691 688 715 716 721 718 942 1057 59 54 737 738 742
1 3600 134
4
907 589 592 747
1 3600 134
12
707 708 710 940 1060 55 56 51 52 437 429 401
1 3600 134
9
715 716 721 718 861 749 413 399 400
1 3600 134
11
308 965 299 302 726 734 736 49 52 427 401
1 3600 143
3
726 732 1060
1 3600 143
8
55 58 1056 943 719 720 717 714
1 3600 143
5
299 302 726 734 738
1 3600 143
6
940 65 62 1057 865 749
1 3600 143
3
714 689 692
1 3600 145
4
355 356 337 338
1 3600 145
9
717 69 66 708 710 729 365 355 352
1 3600 145
10
589 594 868 999 585 583 337 325 326 366
1 3600 145
8
1061 733 727 303 300 351 339 325
1 3600 145
4
361 362 583 337
1 3600 145
17
709 705 702 964 309 304 971 395 396 406 277 274 808 1137 515 516 1092
1 3600 145
10
594 755 587 363 355 358 343 340 391 383
1 3600 145
4
213 210 224 409
1 3600 145
8
702 299 300 351 339 325 326 366
1 3600 145
17
1065 1057 865 862 599 600 692 696 792 215 210 179 180 417 418 45 46
1 3600 145
8
591 594 868 753 587 583 337 325
1 3600 145
21
733 730 361 355 358 343 340 391 383 375 372 187 184 527 528 944 535 532 513 516 1092
1 3600 145
8
361 355 358 343 340 391 383 380
1 3600 145
13
583 337 325 326 366 173 174 522 532 1137 515 516 567
1 3600 114
17
722 711 709 67 70 700 689 692 696 213 210 179 182 452 1124 495 496
1 3600 132
13
694 965 299 302 365 362 586 752 869 295 296 1128 1043
1 3600 132
5
302 365 362 584 998
1 3600 132
11
1065 63 64 733 730 905 589 594 755 750 758
1 3600 132
10
940 733 730 905 589 592 289 286 292 1062
1 3600 97
11
69 70 702 964 309 306 310 316 351 339 336
1 3600 252
8
240 304 971 387 383 375 376 378
1 3600 252
28
566 517 514 1136 809 275 278 509 407 397 392 576 201 202 1094 1109 763 764 283 284 157 149 152 89 84 937 621 616
1 3600 252
12
389 386 395 392 576 209 204 1009 993 994 137 134
1 3600 209
20
349 345 340 391 383 384 396 408 410 450 454 458 462 562 1052 251 248 258 545 540
1 3600 252
11
396 404 420 452 1025 961 962 1077 1075 821 824
1 3600 194
15
509 407 408 225 211 212 697 693 688 701 704 708 712 804 812
1 3600 43
11
275 276 407 397 392 576 201 199 196 75 72
1 3600 79
6
389 386 395 396 404 416
1 3600 79
14
375 372 187 188 1002 951 952 497 498 33 28 121 122 827
1 3600 79
6
47 44 103 100 122 827
1 3600 79
14
353 354 364 303 298 964 695 271 272 794 443 438 433 434
1 3600 79
10
391 383 384 396 408 410 450 454 460 261
1 3600 50
18
349 329 326 366 173 174 524 946 1066 497 498 33 28 1077 1071 143 138 854
1 3600 252
8
359 354 360 741 736 49 52 437
1 3600 80
10
374 382 390 341 346 350 301 298 703 71
1 3600 80
17
275 278 509 407 397 394 970 305 241 242 314 301 302 726 730 905 906
1 3600 80
12
1136 809 275 276 407 408 225 211 214 793 697 693
1 3600 80
10
343 346 350 315 243 240 308 695 693 601
1 3600 80
11
345 342 359 354 360 731 732 65 61 56 51
1 3600 80
9
324 336 582 586 754 595 588 904 731
1 3600 80
9
374 382 390 341 342 359 354 360 905
1 3600 80
9
389 386 970 305 308 965 703 71 68
1 3600 80
6
327 324 336 582 363 360
1 3600 44
9
396 406 508 279 274 808 513 516 1092
1 3600 77
5
274 808 1137 515 518
1 3600 77
6
344 329 326 366 187 188
1 3600 77
11
396 406 277 274 531 523 524 948 950 1027 1028
1 3600 77
7
387 383 375 372 173 176 228
1 3600 77
9
381 375 372 187 184 527 229 226 997
1 3600 90
12
367 327 324 336 582 584 998 869 295 287 288 1054
1 3600 46
5
343 344 329 326 368
1 3600 252
10
47 44 419 405 397 385 380 1019 233 234
1 3600 252
14
534 511 407 397 392 576 209 204 1009 993 925 897 898 665
1 3600 252
20
900 944 537 509 407 397 392 576 201 202 1094 1109 763 764 283 284 157 149 146 910
1 3600 252
12
524 948 952 497 498 33 28 1077 1075 821 822 1051
1 3600 252
14
901 902 1002 951 952 497 498 500 816 962 1077 1075 821 824
1 3600 252
17
186 367 327 324 338 350 315 243 244 171 166 973 974 93 90 641 642
1 3600 180
15
268 528 944 511 407 404 416 430 432 439 442 791 219 195 196
1 3600 84
7
537 509 407 404 416 430 434
1 3600 84
9
228 528 944 511 407 404 416 430 432
1 3600 98
5
524 948 954 507 502
1 3600 98
10
945 529 526 185 188 1002 957 507 504 1035
1 3600 98
7
269 266 902 1002 957 507 504
1 3600 98
12
177 174 524 946 1066 497 498 33 28 1077 1075 821
1 3600 252
18
229 177 172 373 374 382 390 341 342 359 356 582 586 752 869 595 592 747
1 3600 84
24
1029 1026 951 952 497 494 1125 453 183 178 211 212 697 693 688 715 716 721 718 861 864 59 54 737
1 3600 94
11
1029 1026 951 949 525 175 172 373 374 380 1019
1 3600 94
7
189 186 373 374 382 390 341
1 3600 94
7
186 367 327 324 331 334 350
1 3600 94
6
903 900 944 537 509 407
1 3600 94
8
945 529 229 177 172 367 327 324
1 3600 94
4
532 513 516 1092
1 3600 94
10
175 172 373 374 382 390 341 342 359 352
1 3600 64
3
176 228 269
1 3600 252
15
511 407 408 225 211 214 793 697 693 601 598 745 746 289 290
1 3600 126
13
535 530 275 276 407 397 394 387 390 341 346 335 332
1 3600 194
7
529 526 185 186 373 376 378
1 3600 252
32
1011 1014 1040 293 294 595 588 904 731 732 941 723 724 806 840 845 685 603 608 636 1038 647 223 17 20 626 1113 939 83 80 675 678
1 3600 252
17
293 294 868 999 585 363 364 303 300 317 311 312 768 914 968 155 149
1 3600 252
20
288 747 744 599 600 692 271 272 789 790 443 440 450 456 464 466 255 249 246 539
1 3600 252
28
757 751 587 363 364 303 298 964 695 271 272 794 443 438 433 434 444 458 462 562 1052 251 246 1059 1051 1049 1046 1100
1 3600 252
17
1011 1014 1042 1129 297 294 595 590 739 736 1061 941 711 712 804 810 838
1 3600 229
12
869 295 287 288 747 744 599 600 690 193 77 74
1 3600 252
23
1126 297 294 595 588 904 731 727 303 298 964 309 304 1006 215 210 179 180 430 434 444 458 464
1 3600 252
29
294 595 590 739 736 55 58 865 860 719 720 717 714 689 692 271 272 789 790 443 440 450 456 464 468 1052 853 854 823
1 3600 157
7
872 876 1126 297 287 288 747
1 3600 137
13
1013 1014 1042 1063 293 294 755 587 363 364 303 298 964
1 3600 137
4
297 294 595 590
1 3600 137
7
288 593 588 904 741 736 55
1 3600 137
5
751 587 363 364 303
1 3600 137
11
293 294 595 588 904 731 727 728 711 709 705
1 3600 137
11
297 294 595 588 904 731 732 65 62 943 719
1 3600 137
10
1014 1040 293 287 288 593 590 739 736 55
1 3600 123
10
288 747 744 599 600 692 696 213 210 224
1 3600 123
15
871 872 876 1126 297 294 868 999 585 583 337 325 319 322 348
1 3600 252
10
868 753 587 583 337 325 326 366 173 174
1 3600 126
7
1013 1014 1042 1129 297 294 755
1 3600 122
10
297 294 868 999 585 583 337 325 326 368
1 3600 122
7
587 583 337 325 326 368 1000
1 3600 122
9
291 286 294 868 753 587 583 337 331
1 3600 252
15
286 294 868 999 585 363 355 358 343 340 391 383 375 376 378
1 3600 252
19
321 318 324 338 350 315 243 244 171 166 973 974 93 87 79 82 938 1114 1116
1 3600 252
12
333 334 350 317 311 312 768 914 968 155 149 150
1 3600 252
17
333 334 347 340 391 386 395 396 408 410 450 456 464 466 471 474 484
1 3600 252
13
321 318 326 366 187 188 1002 951 954 507 502 987 990
1 3600 252
22
232 1018 381 384 392 576 209 206 1094 1109 763 764 283 280 973 974 93 90 641 638 1119 1120
1 3600 252
11
232 1018 381 384 392 578 219 195 196 75 72
1 3600 209
21
330 338 347 340 391 386 970 1006 215 210 179 180 430 434 444 458 462 562 257 258 477
1 3600 252
13
357 358 343 340 391 383 384 396 404 418 103 98 962
1 3600 252
10
761 751 754 595 590 739 736 49 52 437
1 3600 50
4
337 338 350 315
1 3600 58
5
333 330 325 328 345
1 3600 58
6
334 347 340 391 383 380
1 3600 87
6
1001 369 366 173 176 226
1 3600 36
9
333 330 336 582 584 998 869 295 292
1 3600 168
6
333 330 325 326 368 1000
1 3600 168
8
322 345 340 391 383 375 376 378
1 3600 252
23
235 232 1018 381 384 392 576 201 202 207 204 1009 1005 137 129 126 130 113 116 774 930 889 886
1 3600 252
22
235 230 369 370 389 386 970 305 241 244 171 166 281 284 157 149 146 771 133 127 124 897
1 3600 252
18
235 232 1018 381 384 396 408 410 450 454 460 565 562 1052 251 252 545 542
1 3600 252
22
235 230 369 366 187 188 1002 957 507 27 24 31 28 121 122 143 138 854 823 824 1046 1100
1 3600 252
16
235 230 369 370 389 390 341 342 359 354 364 728 723 724 804 799
1 3600 252
11
379 377 374 384 392 578 219 195 196 856 1132
1 3600 252
9
235 232 1018 381 384 392 576 209 206
1 3600 252
10
235 230 369 366 173 174 524 948 954 958
1 3600 252
15
379 377 374 382 390 341 342 359 354 360 741 736 49 52 427
1 3600 252
11
379 377 374 382 390 341 342 359 354 360 731
1 3600 126
9
379 377 372 173 174 522 530 275 278
1 3600 70
13
379 377 372 187 184 527 229 226 997 521 524 946 1068
1 3600 252
14
379 377 374 382 390 341 342 359 354 360 905 589 592 1054
1 3600 84
7
379 377 372 367 327 319 320
1 3600 252
7
235 232 1018 381 375 376 378
