142
1 3600 156
6
49 50 62 55 52 110
1 3600 156
5
97 89 90 242 260
1 3600 203
7
97 89 90 77 74 107 108
1 3600 203
7
105 108 132 69 66 193 194
1 3600 203
5
62 55 56 107 108
1 3600 203
3
71 68 133
1 3600 203
10
209 97 89 90 242 59 52 105 108 132
1 3600 203
9
211 97 98 49 50 60 201 67 68
1 3600 203
5
46 90 77 74 107
1 3600 203
9
261 243 91 47 44 212 117 112 255
1 3600 203
6
36 49 50 62 74 107
1 3600 161
11
97 35 32 64 212 117 118 273 270 21 16
1 3600 534
19
261 243 91 88 35 38 31 13 8 182 274 263 221 179 180 222 238 252 268
1 3600 695
17
207 97 98 49 50 60 254 287 273 270 21 14 22 248 253 250 284
1 3600 190
6
35 32 27 13 3 4
1 3600 190
10
53 54 63 51 44 212 279 276 294 296
1 3600 190
6
54 76 91 47 44 65
1 3600 190
9
91 47 48 37 38 31 13 8 186
1 3600 119
7
37 32 64 212 279 274 135
1 3600 408
5
31 13 10 279 274
1 3600 695
21
211 97 89 90 242 59 56 71 66 193 196 270 141 142 257 131 128 157 158 222 240
1 3600 695
13
47 50 60 254 113 118 103 100 265 125 120 217 171
1 3600 54
7
195 192 67 70 57 58 243
1 3600 54
5
61 51 48 99 96
1 3600 54
5
133 109 106 75 63
1 3600 141
3
69 66 200
1 3600 46
9
69 66 200 254 287 273 270 21 14
1 3600 46
3
199 196 270
1 3600 182
10
254 113 118 103 100 265 221 179 180 81
1 3600 695
15
199 196 270 85 82 257 43 40 79 80 222 238 231 236 284
1 3600 108
9
73 66 200 254 113 116 11 3 6
1 3600 76
10
104 53 54 63 51 44 212 279 276 155
1 3600 165
7
132 69 66 193 196 272 103
1 3600 365
8
195 196 272 103 100 265 125 126
1 3600 695
15
106 71 66 200 254 287 103 100 265 125 126 147 148 172 167
1 3600 141
7
101 102 119 116 213 45 46
1 3600 75
10
15 20 271 272 286 255 201 67 68 133
1 3600 75
5
19 20 271 197 194
1 3600 75
6
17 20 271 197 192 67
1 3600 110
3
84 271 197
1 3600 81
6
141 93 94 257 131 128
1 3600 81
6
92 140 21 14 22 246
1 3600 81
8
94 257 43 40 157 158 181 178
1 3600 81
7
265 221 179 180 222 238 252
1 3600 408
6
14 22 248 253 231 232
1 3600 302
16
82 257 131 128 79 80 181 178 220 262 275 183 184 188 282 290
1 3600 133
3
265 262 135
1 3600 80
8
43 40 157 158 181 176 121 122
1 3600 115
12
17 20 85 86 94 257 131 128 79 80 181 176
1 3600 496
8
272 103 100 265 125 120 145 148
1 3600 496
15
267 249 23 15 20 271 272 119 116 213 65 33 34 96 208
1 3600 204
16
267 253 239 223 181 178 220 264 101 102 286 255 201 67 68 133
1 3600 125
3
42 256 143
1 3600 125
4
249 23 15 16
1 3600 125
5
245 23 15 20 141
1 3600 125
3
78 129 130
1 3600 125
3
252 249 23
1 3600 125
8
253 239 223 159 156 41 42 256
1 3600 103
8
129 130 256 83 84 21 14 22
1 3600 92
4
269 253 231 232
1 3600 92
6
179 180 222 238 231 232
1 3600 695
12
245 248 253 239 223 181 176 121 122 275 183 186
1 3600 386
9
267 249 23 15 20 271 272 119 112
1 3600 151
8
253 239 223 181 178 220 264 101
1 3600 119
7
245 248 253 239 223 181 176
1 3600 119
3
181 178 220
1 3600 158
7
248 253 239 223 181 176 217
1 3600 695
20
285 251 239 223 159 156 41 42 256 95 92 140 271 272 286 113 116 11 12 30
1 3600 695
15
235 230 239 223 81 78 129 130 256 95 87 84 271 197 198
1 3600 257
12
235 230 239 223 159 156 41 42 256 143 140 271
1 3600 59
5
235 230 239 223 81
1 3600 59
5
233 230 252 249 244
1 3600 365
3
233 236 284
1 3600 695
14
235 230 239 223 181 178 220 262 275 276 294 191 7 4
1 3600 695
11
233 230 239 223 181 176 145 146 127 122 275
1 3600 695
9
233 230 239 223 181 176 121 126 150
1 3600 169
4
235 230 239 240
1 3600 124
9
285 237 230 239 223 181 176 217 165
1 3600 132
7
7 2 12 30 39 34 96
1 3600 132
8
295 277 278 213 45 46 90 242
1 3600 124
12
297 187 182 278 213 45 46 90 77 55 52 105
1 3600 316
5
9 10 117 118 273
1 3600 695
10
2 10 117 112 287 273 270 21 14 22
1 3600 695
15
291 283 189 190 295 277 274 123 120 177 180 222 238 231 234
1 3600 96
4
27 13 3 6
1 3600 123
4
2 10 117 114
1 3600 123
4
8 186 295 155
1 3600 123
4
279 276 155 152
1 3600 123
6
29 13 8 182 276 203
1 3600 123
4
186 295 155 152
1 3600 239
9
29 26 64 212 279 274 123 126 150
1 3600 632
10
13 8 182 274 123 126 147 148 174 214
1 3600 695
11
64 212 279 274 263 125 120 145 148 172 167
1 3600 95
12
289 137 134 263 264 101 102 286 255 61 62 55
1 3600 74
10
289 137 134 263 264 101 102 273 197 198
1 3600 121
9
154 277 278 117 118 273 270 21 16
1 3600 347
9
139 134 123 124 221 179 180 222 238
1 3600 695
10
139 134 263 221 179 180 222 238 231 234
1 3600 85
5
113 116 11 12 28
1 3600 85
6
154 294 191 188 282 290
1 3600 85
4
139 134 275 278
1 3600 85
6
113 116 11 3 6 190
1 3600 144
3
134 275 276
1 3600 64
6
202 277 274 123 126 150
1 3600 64
5
277 274 123 126 150
1 3600 204
9
289 137 134 263 221 179 180 222 240
1 3600 695
9
137 134 123 126 147 148 172 167 168
1 3600 302
10
151 127 124 264 101 102 119 112 255 61
1 3600 151
7
263 264 101 102 273 197 194
1 3600 68
4
151 127 124 264
1 3600 121
7
123 120 177 180 81 78 129
1 3600 695
8
263 221 179 180 222 238 231 234
1 3600 187
7
151 127 122 275 278 213 65
1 3600 29
5
103 100 265 262 135
1 3600 178
5
151 127 124 264 101
1 3600 26
4
100 265 221 179
1 3600 302
6
103 100 265 125 126 147
1 3600 695
20
177 180 159 156 129 130 256 83 84 271 197 192 67 70 75 76 91 88 96 208
1 3600 408
10
127 124 264 101 102 286 255 201 67 72
1 3600 113
6
127 124 264 101 102 273
1 3600 56
3
120 177 180
1 3600 257
4
241 238 231 232
1 3600 579
7
127 122 275 183 9 12 26
1 3600 224
4
264 101 102 119
1 3600 60
6
241 223 181 178 220 262
1 3600 60
11
241 223 81 78 41 42 256 143 140 271 272
1 3600 117
3
180 222 240
1 3600 63
5
125 120 217 171 166
1 3600 63
6
241 223 181 176 145 148
1 3600 695
7
149 144 121 122 275 278 213
1 3600 695
14
216 177 180 159 156 129 130 256 95 87 84 271 197 194
1 3600 386
12
144 177 180 81 78 41 42 256 95 92 140 21
1 3600 126
9
167 170 216 177 180 222 238 252 249
1 3600 154
11
169 166 173 149 144 177 180 222 238 231 234
1 3600 695
9
175 149 146 127 122 275 278 213 65
1 3600 695
6
161 164 216 121 122 275
1 3600 302
6
173 149 146 127 124 262
1 3600 106
3
169 170 216
1 3600 106
3
149 144 121
1 3600 106
7
169 166 173 149 146 127 124
1 3600 106
4
162 175 172 218
1 3600 193
4
165 162 175 149
