98
1 3600 65
3
195 177 173
1 3600 82
3
157 31 26
1 3600 82
9
187 184 200 202 101 104 89 90 55
1 3600 82
10
198 191 187 188 167 164 147 144 109 53
1 3600 82
6
158 202 101 106 130 93
1 3600 82
8
198 191 187 184 200 171 147 144
1 3600 345
19
195 196 191 187 188 167 162 168 170 202 101 104 151 152 93 90 55 58 74
1 3600 79
6
188 167 162 139 135 132
1 3600 79
6
155 158 202 204 137 135
1 3600 79
5
200 171 169 139 135
1 3600 59
13
177 178 188 167 164 147 144 109 110 97 98 11 8
1 3600 345
13
200 202 101 106 130 93 86 109 53 56 25 21 22
1 3600 345
9
178 188 167 162 139 135 121 43 40
1 3600 345
10
187 184 200 202 204 137 135 123 126 119
1 3600 125
9
153 150 105 100 203 201 185 186 190
1 3600 125
8
131 107 102 141 146 165 166 189
1 3600 125
5
150 105 100 203 201
1 3600 125
6
52 108 145 146 170 201
1 3600 125
6
80 33 30 156 176 194
1 3600 125
11
59 54 91 92 131 107 100 203 159 154 172
1 3600 125
6
108 145 146 170 159 154
1 3600 104
5
57 54 91 92 153
1 3600 104
7
59 52 108 87 88 105 100
1 3600 132
4
90 55 58 74
1 3600 123
5
102 141 146 165 166
1 3600 123
9
128 152 93 86 109 110 181 125 45
1 3600 132
4
59 56 63 64
1 3600 132
7
56 72 94 113 114 19 20
1 3600 132
6
93 86 109 110 97 98
1 3600 132
5
104 89 86 109 110
1 3600 132
3
108 145 142
1 3600 132
4
149 55 56 63
1 3600 215
11
89 90 148 109 110 97 94 113 114 19 22
1 3600 345
10
59 56 25 9 6 116 3 4 43 40
1 3600 345
8
130 93 86 109 110 181 125 126
1 3600 345
11
75 59 54 91 88 105 100 203 159 154 174
1 3600 41
14
75 59 52 108 87 92 131 107 100 203 159 31 32 81
1 3600 345
13
75 59 56 72 98 114 13 14 118 127 122 134 136
1 3600 149
5
75 59 54 148 145
1 3600 230
7
75 59 56 63 60 67 68
1 3600 345
9
75 59 54 91 88 105 100 204 214
1 3600 345
11
75 59 56 63 64 113 11 6 116 15 16
1 3600 52
7
211 133 134 138 163 166 189
1 3600 52
9
133 134 138 163 166 189 186 190 199
1 3600 56
6
133 123 124 180 111 53
1 3600 345
12
135 121 5 2 15 12 115 99 73 57 58 74
1 3600 68
5
162 139 135 132 210
1 3600 71
8
42 120 134 136 205 101 102 141
1 3600 71
7
167 164 147 144 109 110 97
1 3600 71
9
135 121 5 2 117 7 10 112 65
1 3600 71
10
161 162 139 135 123 126 119 15 12 115
1 3600 345
13
139 135 121 5 2 117 7 10 112 65 60 67 68
1 3600 149
7
164 169 139 135 123 45 40
1 3600 143
11
189 179 157 158 202 204 137 135 123 126 119
1 3600 62
5
143 146 170 201 185
1 3600 106
8
18 115 99 96 111 108 87 92
1 3600 106
16
61 62 57 52 108 87 92 153 129 107 100 203 159 31 26 36
1 3600 106
3
62 57 54
1 3600 106
7
18 115 99 96 111 108 87
1 3600 106
17
46 61 64 95 96 111 108 145 146 165 166 189 179 173 155 31 26
1 3600 345
7
103 104 89 90 55 58 74
1 3600 94
7
13 14 3 4 120 134 138
1 3600 94
7
18 13 14 118 127 122 132
1 3600 94
3
125 122 134
1 3600 94
4
116 3 4 43
1 3600 94
5
183 125 122 134 136
1 3600 56
7
50 66 61 64 113 11 6
1 3600 65
8
144 109 53 56 63 60 67 68
1 3600 345
8
143 144 109 110 181 125 45 40
1 3600 105
8
61 62 25 9 6 116 15 16
1 3600 105
6
143 146 169 139 135 121
1 3600 345
16
71 66 61 62 57 54 91 88 105 100 203 201 185 186 190 199
1 3600 101
6
69 66 61 62 57 58
1 3600 345
6
23 20 24 57 58 74
1 3600 313
13
71 66 61 64 95 98 114 13 14 3 4 120 132
1 3600 63
6
69 66 61 62 72 96
1 3600 63
6
49 46 61 64 113 114
1 3600 345
7
69 66 61 62 25 21 22
1 3600 345
12
49 46 61 64 113 11 6 116 118 127 45 40
1 3600 265
9
69 66 61 62 72 96 212 183 125
1 3600 345
3
215 205 203
1 3600 345
7
215 205 101 106 130 93 90
1 3600 345
8
41 44 124 180 111 53 58 74
1 3600 59
5
209 133 134 138 168
1 3600 138
8
215 137 135 123 124 182 213 97
1 3600 345
13
209 133 121 5 2 117 7 10 112 65 60 67 70
1 3600 345
5
209 133 134 136 214
1 3600 93
3
209 133 123
1 3600 345
10
120 134 138 163 166 189 186 190 197 192
1 3600 265
6
118 127 124 180 111 108
1 3600 345
8
17 12 19 20 24 57 58 74
1 3600 96
6
14 3 4 120 134 138
1 3600 101
5
17 14 117 7 8
1 3600 101
9
126 119 15 12 115 112 65 60 47
1 3600 101
4
117 7 10 99
1 3600 345
6
5 2 15 12 19 22
1 3600 156
3
122 132 208
1 3600 203
4
4 43 44 126
