544
1 3600 589
6
589 586 594 1152 957 954
1 3600 359
12
593 594 1152 1154 1007 995 992 353 350 933 573 576
1 3600 359
3
1009 995 992
1 3600 359
9
663 664 938 959 351 354 951 949 497
1 3600 884
8
961 959 19 16 135 136 504 965
1 3600 1237
24
589 586 594 1152 1154 733 729 719 257 260 418 1004 1098 333 338 141 25 26 132 627 628 369 37 30
1 3600 1237
13
1024 961 962 993 893 345 346 498 952 1097 151 152 708
1 3600 305
8
663 664 938 962 993 990 259 256
1 3600 305
8
586 594 1152 1154 733 723 724 882
1 3600 325
9
594 1152 957 95 96 995 893 896 417
1 3600 1237
14
1024 937 935 932 19 20 100 250 497 335 336 398 510 580
1 3600 1237
23
955 95 92 733 723 724 357 358 453 265 266 918 431 395 389 390 900 1070 737 633 5 6 35
1 3600 1237
21
663 664 936 961 962 85 82 354 951 949 251 254 941 944 617 614 628 5 6 305 302
1 3600 1237
11
594 1152 1154 733 729 719 716 357 358 778 780
1 3600 1237
15
663 664 938 962 993 990 259 260 269 264 450 454 743 57 58
1 3600 1237
17
663 664 936 961 962 993 893 894 1101 409 410 787 784 976 1011 1012 1121
1 3600 1237
22
957 954 1009 995 893 894 349 342 403 404 428 890 927 924 1031 1032 813 299 223 220 381 382
1 3600 1237
30
937 935 932 19 22 949 497 335 336 398 510 582 915 911 277 274 1078 1081 1082 1084 829 645 519 522 524 650 687 647 379 374
1 3600 1237
17
664 938 962 993 990 259 262 356 882 771 774 1167 673 666 1168 1143 1139
1 3600 1237
18
589 586 594 1152 1154 733 723 724 357 358 778 125 120 1089 463 464 999 1002
1 3600 1237
22
1154 733 729 730 1068 715 257 260 269 264 450 63 60 57 58 746 751 285 288 754 279 179
1 3600 1237
23
95 96 995 893 896 417 414 916 785 790 1127 1124 1031 1034 489 490 157 154 217 218 906 1038 1151
1 3600 1237
30
661 664 936 961 959 351 354 951 949 497 347 342 403 404 428 393 390 900 145 146 840 833 830 691 385 205 199 193 188 702
1 3600 476
9
575 572 934 936 1025 955 956 1153 595
1 3600 476
10
347 344 892 994 1006 1155 1153 595 587 584
1 3600 476
8
1029 509 137 134 17 18 958 939
1 3600 476
5
579 572 934 665 662
1 3600 526
3
20 98 135
1 3600 526
4
98 655 575 578
1 3600 548
8
946 251 254 941 944 507 504 989
1 3600 548
8
19 16 135 136 508 969 966 972
1 3600 548
7
654 135 136 508 969 966 972
1 3600 548
6
99 100 254 941 944 507
1 3600 548
11
354 951 949 497 498 952 1097 143 25 28 621
1 3600 548
9
951 949 251 254 941 944 617 612 620
1 3600 548
9
949 497 335 338 340 151 148 625 619
1 3600 824
5
944 617 361 364 568
1 3600 1237
23
962 993 893 894 1101 409 407 401 398 512 387 390 902 1078 739 740 817 635 631 323 319 316 795
1 3600 538
11
250 497 335 332 1099 1005 419 261 258 1118 1069
1 3600 538
11
574 654 17 22 950 355 352 993 990 259 262
1 3600 552
4
499 347 348 895
1 3600 552
8
962 353 354 951 949 497 335 336
1 3600 552
11
940 255 250 497 347 342 403 406 412 414 267
1 3600 552
6
951 949 497 335 332 1099
1 3600 552
15
951 949 497 498 952 1097 143 25 26 132 898 914 583 511 397
1 3600 562
9
253 250 497 498 952 1097 143 25 26
1 3600 562
13
350 19 20 100 254 941 944 617 612 618 622 628 632
1 3600 1124
20
250 497 347 348 1101 409 410 787 788 890 927 924 1031 1032 837 838 821 818 641 639
1 3600 1237
22
577 574 654 135 136 504 989 571 365 366 711 153 148 625 622 628 632 740 1026 637 638 329
1 3600 1237
11
355 83 84 993 990 1118 715 716 882 771 768
1 3600 951
13
139 136 506 617 614 626 898 912 793 387 392 789 784
1 3600 1124
18
99 100 250 497 347 344 896 417 414 916 976 1011 1012 1121 1037 489 486 813
1 3600 1237
17
17 22 949 497 335 336 398 397 389 390 900 145 146 840 876 829 824
1 3600 1237
16
139 136 506 617 614 628 369 37 34 305 306 565 562 329 330 560
1 3600 1237
22
946 497 347 342 403 404 430 919 267 264 452 778 125 122 129 126 1156 423 420 443 439 440
1 3600 1237
19
577 572 932 351 352 993 990 259 260 269 264 450 454 743 43 46 58 746 751
1 3600 1237
31
940 255 250 497 335 332 1099 409 410 787 790 1127 1124 1031 1034 489 490 157 158 160 172 178 280 1067 1064 1049 1019 1022 1044 765 762
1 3600 1237
21
1097 143 25 26 132 898 911 277 274 1078 1081 1082 1084 877 878 301 298 293 231 207 208
1 3600 1237
29
351 83 84 993 893 896 417 414 916 457 63 60 742 873 853 850 109 110 752 495 11 12 213 211 201 199 193 188 702
1 3600 1124
14
971 967 964 505 137 134 99 21 18 958 960 937 665 660
1 3600 219
14
624 29 24 142 1096 953 499 496 948 23 16 655 575 578
1 3600 219
7
509 506 945 940 255 250 497
1 3600 219
8
624 149 150 341 339 334 496 947
1 3600 317
7
152 710 367 364 570 975 970
1 3600 204
6
148 621 613 361 364 566
1 3600 204
5
507 504 989 571 365
1 3600 824
18
971 974 571 365 360 612 618 622 628 369 9 6 313 314 794 801 798 1146
1 3600 1031
12
148 29 24 140 339 332 1099 1005 419 261 256 714
1 3600 269
7
622 626 898 912 581 511 399
1 3600 260
7
571 365 366 711 153 148 29
1 3600 260
7
618 622 626 898 911 277 273
1 3600 325
13
571 365 360 614 628 632 740 817 818 643 325 328 639
1 3600 1237
12
618 622 628 5 8 37 32 87 90 1161 1149 241
1 3600 1237
16
620 149 150 341 339 336 400 406 410 919 267 264 452 778 125 122
1 3600 1237
11
614 626 898 914 583 511 397 394 428 890 927
1 3600 884
12
967 968 509 506 617 612 618 622 628 632 736 1071
1 3600 1124
8
622 628 632 740 817 818 643 519
1 3600 1237
11
625 622 628 5 6 313 310 318 247 244 603
1 3600 1237
18
509 137 134 17 22 950 355 352 993 990 259 262 358 776 783 125 120 1089
1 3600 1237
23
964 505 506 945 940 255 250 497 347 348 1101 1005 417 414 916 976 909 749 746 751 111 49 50
1 3600 1237
18
614 626 898 911 277 274 1078 1073 145 146 836 813 293 290 297 217 218 906
1 3600 1237
30
974 988 505 137 134 99 100 250 497 347 342 403 404 428 890 1127 1124 1031 1034 489 492 165 166 294 885 886 1067 1064 1043 1040
1 3600 1237
25
612 620 29 26 132 898 911 277 274 1078 1081 1082 1084 829 824 699 693 549 547 543 187 190 707 485 480
1 3600 1237
27
31 34 305 306 630 634 820 839 147 144 901 391 388 394 430 411 412 416 897 892 994 97 94 956 1153 595 587
1 3600 687
12
569 365 360 616 945 940 255 250 948 950 355 83
1 3600 181
6
365 366 711 153 148 621
1 3600 181
3
360 612 618
1 3600 426
12
1163 1160 91 86 33 36 368 629 615 361 364 568
1 3600 107
15
711 153 148 625 622 628 369 37 32 87 88 796 1161 807 810
1 3600 1237
27
1163 1160 803 249 244 327 324 644 826 227 222 298 812 487 488 1036 1120 745 59 56 61 62 451 265 268 261 258
1 3600 1031
9
366 711 153 150 341 339 336 398 397
1 3600 334
5
365 360 612 620 29
1 3600 154
8
363 360 614 628 632 740 1026 637
1 3600 364
15
569 365 366 711 153 148 625 622 628 369 9 6 313 310 318
1 3600 1237
22
363 360 614 626 898 912 793 387 392 789 784 457 454 743 43 44 874 1086 127 130 673 670
1 3600 1237
20
569 570 988 505 506 945 940 255 250 497 347 344 896 419 269 264 450 63 60 57
1 3600 1237
15
31 34 305 306 565 562 640 1164 1085 839 836 813 15 10 491
1 3600 951
22
567 365 366 711 153 150 143 140 339 336 398 397 389 390 900 145 146 840 833 830 691 385
1 3600 1237
23
567 365 360 614 626 898 911 277 274 1078 1081 1082 1084 1165 643 519 522 524 650 687 647 379 374
1 3600 1237
27
567 570 988 505 137 134 17 18 958 960 1025 955 95 92 733 723 724 882 771 774 1167 673 668 1179 1145 1142 1172
1 3600 1237
26
365 366 711 153 150 341 339 332 1099 409 410 787 790 927 924 1015 909 749 746 834 850 858 865 866 1074 113
1 3600 1237
26
569 365 360 612 620 29 26 132 898 912 793 387 392 890 1127 1124 1031 1034 489 490 494 165 166 294 755 73
1 3600 1237
24
569 570 988 505 506 945 940 255 250 497 335 332 403 404 428 890 927 924 1031 1032 813 293 231 207
1 3600 1237
21
365 360 614 628 632 740 817 818 643 519 520 531 534 538 545 542 197 194 515 479 482
1 3600 1237
42
239 236 244 814 822 605 600 649 646 686 651 652 697 694 701 189 192 198 200 210 214 181 178 278 755 289 286 51 52 859 459 462 1088 121 124 779 359 356 725 722 732 1155
1 3600 1237
15
312 7 4 629 623 619 613 616 945 940 255 101 98 655 656
1 3600 773
13
317 303 304 7 4 629 615 616 507 508 969 966 972
1 3600 441
5
709 710 367 364 568
1 3600 441
13
795 315 312 35 36 368 629 623 624 149 152 710 367
1 3600 441
21
811 806 1149 799 249 246 322 630 636 1027 741 738 1079 275 276 910 899 627 615 361 364
1 3600 441
3
86 33 30
1 3600 399
11
88 315 312 7 4 629 623 624 149 152 712
1 3600 1237
26
803 798 241 236 246 320 562 640 1164 877 878 301 298 812 1033 1030 925 926 791 786 919 267 268 261 256 714
1 3600 1237
33
806 1149 241 236 244 603 599 559 556 651 525 526 530 698 881 857 229 230 290 297 155 158 162 164 753 750 747 59 56 742 455 451 265
1 3600 1124
16
1147 799 800 317 318 322 630 634 820 1083 1080 1079 903 391 386 513
1 3600 353
6
713 153 148 625 622 628
1 3600 464
9
1160 803 249 244 814 822 605 599 559
1 3600 464
7
805 806 1160 797 794 317 303
1 3600 464
5
1149 241 236 244 814
1 3600 1237
41
317 318 320 562 329 330 560 683 684 537 535 532 547 383 205 202 516 980 986 1134 1150 1045 1023 1018 1046 185 103 106 1117 1095 1093 1090 1129 1063 861 475 472 127 128 775 768
1 3600 1237
25
1147 799 249 246 320 564 630 638 329 324 644 826 832 841 836 487 488 1036 1120 745 59 47 42 61 64
1 3600 1237
5
33 36 368 632 738
1 3600 1237
10
811 806 1160 797 315 310 303 306 630 634
1 3600 1124
9
809 806 1160 803 249 244 603 604 930
1 3600 1237
38
806 1149 241 236 244 814 822 605 600 649 646 686 679 680 677 674 701 704 706 555 515 516 978 1055 1041 1042 1065 79 80 182 1111 985 843 848 1001 998 1063 1058
1 3600 1237
30
1160 91 88 315 310 318 322 565 562 640 1164 877 878 301 298 15 10 157 158 160 170 174 280 887 75 72 105 106 117 114
1 3600 1237
21
801 249 244 327 324 519 520 698 881 857 229 207 210 214 218 904 887 75 76 80 103
1 3600 1237
17
798 241 236 246 320 562 329 330 556 651 525 528 538 545 542 197 198
1 3600 1237
13
249 244 603 599 596 646 683 680 688 694 701 704 485
1 3600 199
7
718 728 732 1155 1153 595 592
1 3600 269
10
730 1068 1119 991 992 85 82 350 933 573
1 3600 1031
16
883 717 257 260 418 1004 1098 343 346 496 251 254 941 944 507 508
1 3600 1237
19
257 260 269 266 918 431 395 396 512 792 913 899 133 27 28 621 613 361 362
1 3600 1237
33
733 729 719 716 882 771 774 129 126 473 474 461 458 851 835 751 752 493 490 11 14 299 300 225 226 827 645 325 326 245 237 240 1148
1 3600 274
3
735 729 730
1 3600 339
12
727 724 357 358 453 265 266 415 413 407 402 333
1 3600 339
9
257 260 269 264 450 456 785 788 393
1 3600 339
8
721 724 717 714 1119 991 893 894
1 3600 339
6
995 893 896 417 414 267
1 3600 339
5
257 260 418 1004 1098
1 3600 651
12
723 724 357 358 453 265 266 918 431 395 396 512
1 3600 1237
31
724 357 358 778 125 120 1089 875 853 850 858 53 54 869 283 288 754 295 177 171 168 296 291 292 299 300 879 876 1165 819 816
1 3600 1237
17
995 893 896 417 414 916 976 1014 1031 1032 837 838 821 635 638 563 564
1 3600 284
9
735 729 719 716 882 771 774 123 120
1 3600 284
6
735 729 719 716 882 771
1 3600 269
9
358 453 450 454 743 57 58 744 1013
1 3600 824
11
883 357 263 260 269 266 918 431 395 389 390
1 3600 1237
31
259 262 358 778 125 120 1089 463 464 1128 1091 1092 1094 1116 107 102 81 78 1066 905 219 215 211 206 228 856 880 699 521 518 642
1 3600 1237
45
92 733 723 724 882 771 774 129 126 1156 423 424 860 1062 1128 69 66 849 842 984 1110 183 184 1047 1019 1022 1044 1151 1135 987 981 517 514 195 196 546 550 539 536 685 682 647 379 372 610
1 3600 824
11
990 259 262 358 778 125 120 1089 1086 473 427
1 3600 1124
11
358 453 450 63 60 57 58 746 751 285 282
1 3600 1237
19
1068 1119 259 260 269 264 450 454 873 853 850 109 49 50 287 288 73 74 884
1 3600 1237
25
723 724 882 771 774 1167 131 126 1087 463 458 858 865 862 855 119 116 1115 1112 1051 1047 1048 1043 1040 1056
1 3600 1237
28
358 778 125 120 1089 875 853 850 858 53 54 869 283 288 754 279 179 180 215 211 208 979 517 514 554 707 705 702
1 3600 441
11
408 1100 895 892 994 1008 955 956 1153 595 592
1 3600 224
7
401 337 334 496 948 23 18
1 3600 224
8
405 406 412 416 897 892 992 85
1 3600 294
12
407 402 343 346 496 251 101 98 135 136 504 989
1 3600 1237
8
413 408 1098 333 338 340 151 152
1 3600 1237
23
269 266 916 976 1011 1012 1121 1037 489 486 837 838 821 818 641 563 321 247 248 802 1161 807 810
1 3600 211
4
416 419 261 258
1 3600 211
7
1099 1005 419 261 256 718 728
1 3600 211
5
1099 1100 895 892 994
1 3600 247
7
336 400 404 430 919 267 264
1 3600 221
8
894 1101 409 407 401 398 510 580
1 3600 221
8
266 918 431 395 396 510 582 915
1 3600 221
6
415 413 408 1098 333 338
1 3600 687
9
918 787 788 393 390 900 1072 739 633
1 3600 1237
23
894 1101 409 410 787 790 1127 1124 1031 1032 813 299 223 220 381 382 543 540 695 696 653 650 557
1 3600 317
11
394 430 919 267 264 452 359 356 882 771 772
1 3600 224
3
787 784 457
1 3600 224
4
450 63 60 57
1 3600 224
10
403 404 428 890 927 924 1015 1011 1012 1121
1 3600 773
13
403 404 395 389 390 900 145 146 840 833 830 691 549
1 3600 1237
26
417 414 916 976 1011 1012 1121 1037 489 490 11 14 299 300 225 226 827 824 699 531 534 536 685 678 687 647
1 3600 1031
13
1101 409 410 787 784 457 454 743 43 44 874 463 460
1 3600 824
11
412 414 916 976 909 749 746 751 111 49 54
1 3600 951
11
269 264 450 63 60 57 58 746 751 752 165
1 3600 1237
14
389 390 902 1078 1081 1082 1084 829 824 699 693 385 205 202
1 3600 1237
16
398 512 387 390 900 145 146 840 878 225 220 381 382 543 187 188
1 3600 1237
18
1096 953 499 496 948 950 355 83 84 963 960 1025 955 956 1153 595 587 588
1 3600 274
7
1096 953 499 496 251 254 941
1 3600 266
4
899 627 615 616
1 3600 266
9
513 399 337 334 496 251 254 941 944
1 3600 386
9
275 276 910 899 627 623 619 613 361
1 3600 1237
11
274 1078 1081 737 633 5 8 37 32 87 90
1 3600 619
11
581 511 399 400 406 408 1100 895 892 994 1006
1 3600 278
5
339 332 403 406 410
1 3600 278
5
923 583 511 399 400
1 3600 278
4
923 583 511 399
1 3600 278
6
387 392 789 784 457 451
1 3600 294
6
792 913 899 133 27 24
1 3600 251
12
132 898 911 277 274 1078 1081 1082 1084 1165 819 635
1 3600 251
8
915 911 277 274 1078 739 740 1026
1 3600 251
11
25 28 625 622 628 632 740 817 818 641 639
1 3600 727
7
1078 1081 737 633 5 6 305
1 3600 1237
18
626 898 914 583 511 397 394 430 919 267 264 452 776 783 125 122 775 772
1 3600 274
6
583 511 397 389 392 789
1 3600 206
8
272 274 903 900 145 146 836 487
1 3600 206
12
24 140 339 332 403 404 428 890 1127 1124 1031 1034
1 3600 224
8
272 274 1078 1081 1082 1084 829 645
1 3600 1031
8
740 817 818 643 519 522 528 536
1 3600 1237
16
341 339 332 1099 1005 417 414 916 457 454 873 874 1086 1156 1158 1182
1 3600 1124
19
143 25 26 132 898 912 793 387 392 890 927 924 1031 1034 489 492 753 285 286
1 3600 773
14
793 387 392 789 790 1127 1124 1031 1034 489 490 157 158 160
1 3600 1237
18
339 336 398 397 389 390 900 145 146 840 833 830 691 549 547 197 194 515
1 3600 1237
22
1096 953 499 347 342 403 404 428 890 927 924 1031 1032 813 15 12 213 211 201 202 479 482
1 3600 1237
21
639 636 1027 741 736 1071 901 391 388 394 405 406 412 416 897 892 992 963 939 665 660
1 3600 1031
21
634 820 839 836 1033 1030 1125 1126 891 429 405 402 343 346 496 948 23 16 135 138 500
1 3600 317
5
629 615 616 507 508
1 3600 171
12
631 307 304 7 4 629 623 624 149 152 710 367
1 3600 374
7
1026 637 631 307 304 35 32
1 3600 1237
17
8 368 632 738 1073 901 391 388 394 430 411 408 1005 897 892 994 97
1 3600 619
11
1027 741 736 1080 1079 903 391 388 394 405 402
1 3600 160
11
741 738 1079 275 276 910 899 133 27 24 140
1 3600 160
11
741 736 1080 1079 275 276 910 899 133 27 24
1 3600 325
5
638 563 564 307 304
1 3600 87
5
37 34 305 306 323
1 3600 1237
20
1027 817 818 1164 877 878 301 298 15 10 494 753 111 108 459 462 1088 121 124 779
1 3600 1031
8
817 820 839 836 487 488 1036 1120
1 3600 247
4
817 820 839 840
1 3600 100
16
3 6 305 306 630 638 329 330 556 651 652 697 694 541 542 383
1 3600 294
15
371 37 34 305 306 565 562 329 324 519 522 526 532 550 552
1 3600 1237
27
640 1164 877 878 301 298 293 290 297 169 170 176 294 755 289 282 868 867 862 1090 1129 465 460 425 422 1157 127
1 3600 1237
35
34 305 306 630 638 329 330 560 686 679 684 697 553 545 187 190 555 515 516 980 233 234 757 760 764 1045 1023 1018 1046 1050 1109 1106 985 843 844
1 3600 1031
16
632 736 1071 145 146 836 487 492 165 166 294 885 75 76 80 182
1 3600 1031
13
638 329 324 519 520 693 690 857 229 207 208 1132 1077
1 3600 1237
15
637 638 329 330 558 596 646 683 680 677 674 701 704 485 482
1 3600 1237
26
243 236 244 327 324 644 826 227 224 301 298 812 1033 1030 1015 977 917 267 268 261 256 718 728 732 1155 1153
1 3600 1237
14
319 311 312 35 36 368 629 623 619 613 616 507 508 1028
1 3600 1124
12
248 800 795 89 86 33 36 9 4 629 623 624
1 3600 399
16
596 646 686 651 525 523 518 642 819 816 741 633 629 615 361 362
1 3600 162
4
321 319 311 314
1 3600 1237
20
562 640 1164 877 878 301 298 812 1033 1030 925 926 791 786 411 412 416 419 261 256
1 3600 1237
15
322 630 634 820 1083 1080 1073 901 391 386 513 399 400 406 412
1 3600 687
9
324 644 828 1085 1083 1080 1079 275 276
1 3600 261
7
246 319 311 312 7 8 370
1 3600 261
4
331 328 639 636
1 3600 261
7
237 240 799 800 317 303 304
1 3600 334
6
558 598 602 245 237 242
1 3600 1237
32
247 244 814 822 605 600 649 646 686 651 652 537 538 551 547 383 205 200 210 214 181 178 278 755 289 284 750 834 852 874 1088 121
1 3600 1237
28
243 236 244 603 599 559 556 679 684 537 535 532 548 385 380 229 230 290 297 169 161 39 40 164 753 750 747 59
1 3600 884
16
822 605 600 649 646 686 651 525 526 530 698 881 857 229 230 290
1 3600 233
6
560 683 680 688 694 541
1 3600 257
8
320 562 329 330 558 596 379 376
1 3600 257
4
330 558 596 379
1 3600 1237
19
322 630 634 820 839 836 813 15 10 494 753 111 108 459 460 425 420 467 470
1 3600 1237
23
556 651 652 697 553 545 542 197 194 515 516 978 1055 1041 1042 1049 1046 1050 1113 1111 985 843 844
1 3600 1237
14
318 320 562 640 1164 877 878 301 298 15 10 157 158 162
1 3600 1237
14
244 327 324 519 522 528 538 545 187 192 198 200 208 1055
1 3600 1237
13
236 244 603 599 559 560 686 679 684 697 694 701 702
1 3600 1237
9
779 359 356 725 722 732 1155 1153 595
1 3600 1237
9
779 359 263 258 991 992 963 939 935
1 3600 1237
17
773 770 883 717 714 1119 991 992 353 350 19 16 135 136 504 965 966
1 3600 1237
43
1089 463 464 1128 69 70 119 114 984 1107 1108 1051 1047 1019 1022 1044 765 761 756 235 232 981 517 514 554 191 186 540 675 676 681 682 647 648 601 604 823 815 245 237 240 1148 1162
1 3600 1237
38
774 129 126 473 474 860 1062 999 1000 849 842 984 1110 183 81 78 1066 281 175 171 168 296 291 231 228 856 880 699 521 518 325 326 245 248 802 1161 807 808
1 3600 129
8
773 770 883 725 722 732 93 96
1 3600 281
7
773 770 883 357 263 260 418
1 3600 1124
17
1167 131 126 1087 875 872 455 456 917 415 416 1004 1098 333 338 141 142
1 3600 1237
15
1123 777 453 450 456 785 788 393 390 900 1070 737 633 369 370
1 3600 1237
22
671 668 1183 1159 423 424 461 458 109 110 752 493 486 837 840 876 1165 641 563 321 247 237
1 3600 353
3
121 124 779
1 3600 152
5
125 120 1089 875 45
1 3600 152
6
769 774 129 126 1087 875
1 3600 562
23
671 668 1183 1159 423 424 860 1062 1128 1091 1092 1094 1116 107 104 754 295 167 163 159 156 11 14
1 3600 1237
22
773 774 1167 131 126 473 474 461 458 851 835 751 752 165 41 38 159 154 296 291 231 228
1 3600 1237
37
783 125 120 1089 463 464 1128 69 70 119 116 107 102 81 77 74 886 905 906 1040 1054 979 517 203 204 382 543 544 551 533 527 524 650 687 647 379 372
1 3600 208
5
781 125 120 1089 463
1 3600 208
6
773 774 129 126 1156 423
1 3600 257
19
783 125 122 1167 673 666 1168 1143 1139 471 445 435 432 1059 1062 999 1000 849 846
1 3600 773
13
453 450 63 60 57 58 746 751 285 288 73 76 78
1 3600 1237
24
125 120 1089 875 853 850 858 865 866 1074 113 116 1115 183 184 1047 1019 1022 1044 1151 1135 987 981 517
1 3600 1237
23
671 668 1183 1159 423 424 461 458 858 53 50 287 288 754 279 179 180 215 211 201 202 479 480
1 3600 1237
14
65 62 451 265 268 261 258 1118 1069 731 728 732 1155 1153
1 3600 951
8
917 415 416 897 345 346 496 948
1 3600 1237
14
785 786 411 408 1100 349 346 496 251 101 98 135 136 508
1 3600 1237
16
748 908 1014 1125 1126 891 429 405 401 337 338 340 151 152 710 367
1 3600 1237
20
58 744 1121 1037 1035 1032 813 299 300 879 841 838 821 635 631 307 302 316 795 89
1 3600 269
11
745 59 56 742 455 451 452 359 356 717 718
1 3600 221
6
56 61 62 451 265 268
1 3600 221
3
908 977 917
1 3600 281
6
62 456 785 788 393 386
1 3600 1124
18
60 43 46 58 744 1121 1037 489 486 837 840 876 1165 641 563 564 307 304
1 3600 1237
17
57 58 746 751 752 495 11 14 299 223 226 827 645 325 328 639 631
1 3600 169
8
1010 909 749 59 47 44 874 1088
1 3600 169
5
59 47 44 874 1088
1 3600 263
3
909 749 59
1 3600 181
4
976 1011 1012 1121
1 3600 181
6
456 976 1014 1031 1032 813
1 3600 181
7
853 835 751 752 493 486 813
1 3600 476
11
890 1127 1124 1031 1032 813 299 223 220 856 880
1 3600 1237
28
57 58 746 751 285 288 73 74 886 1067 1064 1043 1040 1054 979 517 514 554 707 705 700 695 689 681 678 687 647 379
1 3600 216
8
749 59 56 742 873 874 1086 127
1 3600 202
6
746 834 850 858 865 862
1 3600 202
10
1012 745 746 751 285 282 870 1095 1093 855
1 3600 202
14
44 853 850 109 49 54 869 870 1116 1115 1112 1051 1047 1048
1 3600 951
10
58 744 1121 1037 489 490 11 12 291 231
1 3600 1237
18
65 60 57 58 744 1121 1037 489 490 157 154 217 215 211 201 199 193 188
1 3600 1237
16
491 488 1035 1030 925 926 791 786 411 408 1100 895 892 992 963 939
1 3600 1237
16
147 144 901 391 388 396 399 337 334 496 948 23 18 933 573 576
1 3600 1031
17
1033 1030 1125 1126 891 429 405 402 343 346 496 251 254 941 944 507 508
1 3600 1237
14
1030 925 926 891 393 386 792 913 899 133 27 28 149 152
1 3600 1237
9
739 633 5 6 313 314 796 1161 807
1 3600 884
16
13 10 491 488 1036 1120 1013 1010 977 917 415 416 897 892 994 97
1 3600 238
7
879 841 147 144 901 391 388
1 3600 231
6
812 837 147 144 1072 1079
1 3600 231
4
1073 901 391 386
1 3600 287
5
900 1070 1082 821 635
1 3600 1031
16
231 228 381 384 692 531 534 529 524 650 687 561 558 598 604 823
1 3600 687
30
301 298 293 290 297 169 170 174 278 755 105 106 117 118 71 68 1129 1063 861 475 427 422 1158 1182 669 672 1166 123 124 782
1 3600 195
3
1033 1030 1125
1 3600 195
4
836 1033 1030 925
1 3600 195
10
298 812 487 492 753 750 747 59 56 742
1 3600 216
3
837 147 144
1 3600 215
7
291 292 299 300 225 226 827
1 3600 215
5
300 879 833 830 691
1 3600 215
8
1081 1071 145 146 840 833 227 220
1 3600 215
6
813 299 223 226 827 824
1 3600 562
13
1031 1032 837 838 1084 829 824 699 531 534 536 653 650
1 3600 727
15
1015 909 749 746 834 850 459 460 425 422 1158 1180 1177 1171 667
1 3600 221
19
1037 489 490 157 158 160 172 178 280 1067 79 80 182 1114 117 118 71 66 1001
1 3600 166
4
157 154 217 218
1 3600 166
9
900 145 146 836 487 490 494 165 166
1 3600 247
10
165 163 160 168 296 213 211 201 199 193
1 3600 1237
7
231 207 201 199 193 188 702
1 3600 1237
22
1083 1080 1079 903 391 388 396 399 337 334 496 948 950 355 350 958 960 1025 955 956 1153 595
1 3600 1237
25
535 530 698 825 828 1085 1083 1080 1079 275 276 910 914 583 511 399 337 334 496 251 101 98 655 575 576
1 3600 1237
13
544 539 529 523 518 642 819 816 741 633 629 623 624
1 3600 1237
13
527 523 518 642 819 816 741 633 629 623 624 149 152
1 3600 1237
14
542 546 550 552 696 685 682 561 558 598 602 245 237 238
1 3600 1237
18
693 690 831 227 222 298 812 1033 1030 1125 1126 791 786 411 408 1100 895 892
1 3600 824
14
548 690 831 832 841 147 144 901 391 392 429 405 402 343
1 3600 257
10
1164 1085 1083 1080 1079 275 276 910 912 581
1 3600 242
9
518 325 328 563 564 307 304 7 8
1 3600 242
9
384 692 521 518 642 819 816 741 633
1 3600 281
7
699 531 527 524 650 557 331
1 3600 1237
17
839 840 878 301 298 15 10 494 753 111 108 459 462 1088 121 124 780
1 3600 538
12
819 820 839 836 487 488 1036 1120 1013 1010 977 457
1 3600 221
6
857 221 224 301 298 812
1 3600 221
11
532 547 383 380 229 207 210 214 216 155 156
1 3600 221
7
644 826 832 841 147 144 901
1 3600 221
11
818 1164 877 878 301 298 15 10 491 488 1036
1 3600 196
3
533 534 529
1 3600 263
7
1084 829 824 699 531 534 536
1 3600 263
9
534 536 653 650 687 647 648 601 604
1 3600 263
10
645 519 522 524 650 687 647 379 372 610
1 3600 263
10
550 552 689 681 678 687 647 597 598 604
1 3600 1237
27
532 547 197 193 190 555 515 516 980 986 1134 1150 1045 1023 1018 1046 1050 1109 1106 985 843 848 67 68 1129 1063 861
1 3600 773
16
520 693 385 205 200 210 214 218 904 887 75 72 289 282 868 1074
1 3600 184
11
222 298 293 290 297 169 170 176 294 755 289
1 3600 208
6
550 545 187 192 198 200
1 3600 208
5
830 857 229 207 210
1 3600 494
4
187 190 707 485
1 3600 1237
37
679 680 677 674 701 189 192 194 515 516 978 1055 1041 1042 1065 79 80 103 106 1117 1095 1093 1090 1129 465 460 475 472 127 128 775 770 883 725 722 732 1155
1 3600 1237
22
373 378 646 686 651 525 526 530 698 825 828 1085 1083 1071 901 391 388 396 399 337 334 496
1 3600 1237
17
553 551 548 690 831 832 841 147 144 1072 1079 275 276 910 899 627 615
1 3600 1237
18
681 682 561 331 328 639 631 307 304 35 36 368 629 623 619 613 361 362
1 3600 1237
12
695 696 685 678 557 331 326 245 248 798 1148 807
1 3600 1237
42
646 683 684 697 694 701 704 706 555 515 516 980 233 234 757 760 764 1045 1023 1018 1046 185 182 1111 985 115 112 1075 867 864 859 851 852 872 455 451 452 359 356 725 722 734
1 3600 1237
22
646 686 651 652 537 535 530 698 825 826 227 224 301 298 812 1033 1030 1015 977 917 415 416
1 3600 1031
17
676 688 553 551 548 692 698 825 828 1085 1083 1080 1079 275 276 910 899
1 3600 309
13
696 653 650 557 331 328 563 564 307 304 7 8 370
1 3600 412
3
605 599 559
1 3600 412
10
609 373 378 648 601 602 245 246 319 303
1 3600 412
6
601 604 823 815 245 237
1 3600 1237
32
600 649 646 686 651 525 523 520 698 881 857 229 207 210 214 181 178 278 755 289 286 51 52 859 459 462 1086 127 130 1166 775 772
1 3600 1237
24
684 537 538 551 547 383 205 202 516 978 1055 1041 907 904 887 75 72 289 284 750 747 59 56 61
1 3600 515
17
683 680 677 674 541 542 383 380 229 230 290 297 155 158 39 40 164
1 3600 408
5
651 525 528 535 530
1 3600 408
9
605 599 559 556 651 525 523 520 698
1 3600 408
4
541 542 383 380
1 3600 408
7
553 539 529 523 518 642 819
1 3600 408
10
373 378 646 686 651 652 537 538 551 548
1 3600 408
13
929 605 599 559 560 686 679 684 537 535 530 698 881
1 3600 408
8
931 823 815 327 324 644 828 1085
1 3600 281
6
609 373 378 597 598 604
1 3600 1237
25
694 541 542 197 194 515 516 980 986 1134 1150 1045 1023 1018 1046 1050 1113 1111 985 843 848 1001 998 1063 861
1 3600 1237
23
652 697 694 701 189 192 198 200 208 1055 1041 1042 1049 1046 185 182 1114 117 118 71 66 1001 996
1 3600 727
20
375 378 646 683 680 688 694 701 704 706 555 515 516 978 1132 1134 1150 1045 1023 1016
1 3600 269
13
605 600 649 646 686 651 525 526 532 550 545 187 190
1 3600 242
3
674 701 702
1 3600 1237
13
421 422 1157 127 128 775 770 883 725 722 732 93 94
1 3600 1237
16
1173 1169 667 672 1166 123 124 779 359 263 258 991 893 345 346 498
1 3600 1237
26
889 441 438 442 421 426 472 1087 875 45 42 742 455 456 785 788 429 405 402 333 338 141 25 28 621 613
1 3600 1237
20
461 458 851 852 45 42 61 62 451 265 268 418 1004 1098 333 338 340 151 152 710
1 3600 1237
27
447 437 432 1059 1062 1128 1091 863 866 55 48 110 752 495 11 14 299 300 879 876 1165 819 635 631 323 319 316
1 3600 951
12
444 470 1138 1144 1178 669 672 1166 775 770 883 725
1 3600 1124
14
1173 1169 667 672 131 128 123 124 779 453 265 268 418 897
1 3600 1237
12
875 872 455 456 785 788 429 395 396 510 582 922
1 3600 1237
31
889 441 438 444 466 476 1059 1062 1128 1091 1092 1094 871 283 288 754 295 167 41 38 159 156 491 486 837 147 144 1070 737 633 369
1 3600 1237
25
1062 999 1000 849 842 984 1107 1108 1051 1047 1019 1022 1044 1151 1057 1054 209 206 228 856 880 825 645 325 326
1 3600 637
10
1143 1140 1181 1159 1157 1087 1088 121 124 780
1 3600 637
4
1166 123 124 779
1 3600 637
7
469 466 421 426 472 1087 1088
1 3600 637
12
441 438 444 470 1138 1144 1178 669 672 131 128 123
1 3600 637
8
1138 1142 1169 667 672 1166 775 768
1 3600 485
8
421 424 461 458 851 835 747 748
1 3600 485
12
1159 1157 1087 875 45 46 58 748 908 1014 1125 1126
1 3600 727
14
1062 1128 69 70 119 116 107 104 754 295 177 171 168 296
1 3600 1237
25
449 437 432 1059 1062 1128 1091 1092 113 114 984 1110 183 81 78 1064 1043 1040 1054 979 517 514 195 196 546
1 3600 1237
30
1181 1159 423 426 474 461 458 109 49 50 287 288 73 74 886 905 906 1038 765 761 756 235 232 981 517 203 204 382 543 540
1 3600 599
3
427 420 443
1 3600 599
5
444 470 1138 1142 1169
1 3600 599
8
1131 477 421 422 1158 1180 1177 1171
1 3600 678
13
1173 1169 1170 1176 1181 1159 423 424 461 458 109 49 50
1 3600 678
6
1061 1062 999 1000 849 846
1 3600 678
6
1131 1059 1062 999 1000 849
1 3600 678
7
1061 1062 1128 1091 863 864 859
1 3600 678
12
889 441 438 442 476 1059 1062 1128 69 66 849 844
1 3600 678
8
432 1059 1062 1128 1091 1092 1094 871
1 3600 678
8
473 474 461 458 858 865 866 869
1 3600 678
9
1181 1159 423 426 474 461 464 999 996
1 3600 678
8
1061 1062 1128 69 70 854 1092 1094
1 3600 678
4
424 461 458 109
1 3600 678
7
423 424 860 1062 1128 1091 1092
1 3600 412
16
432 1059 1062 1128 69 70 119 116 107 102 81 77 74 884 279 179
1 3600 1237
22
471 466 421 426 474 461 464 999 1000 849 842 984 1110 183 184 1047 1019 1022 1044 1151 1135 1133
1 3600 1237
24
1178 1183 1159 1157 1087 875 853 850 858 53 54 869 283 288 754 279 179 180 215 211 201 199 193 188
1 3600 1237
19
871 283 284 750 747 59 56 61 62 451 265 268 261 256 718 728 732 1155 1153
1 3600 1237
17
283 284 750 747 748 908 977 917 415 416 897 892 992 85 82 350 933
1 3600 1237
23
997 1000 67 70 854 863 864 859 851 852 872 455 456 785 788 393 386 792 913 899 627 623 619
1 3600 1237
21
53 48 110 752 495 11 14 299 300 879 841 838 821 818 641 563 564 307 304 35 30
1 3600 1237
23
842 115 112 1075 55 48 110 750 747 748 908 977 917 415 413 407 402 333 338 340 151 152 712
1 3600 1237
16
115 112 1093 1090 1129 465 462 1088 121 124 782 777 359 356 725 720
1 3600 884
16
863 864 859 851 852 45 42 61 62 456 785 786 411 407 402 343
1 3600 1237
17
750 747 744 1013 1010 1014 925 926 891 393 386 792 913 899 133 27 24
1 3600 1237
17
67 70 119 116 107 104 754 295 167 164 493 486 837 838 821 816 1026
1 3600 1237
25
1116 107 102 81 78 1066 281 175 171 168 296 291 292 299 300 879 876 1165 819 635 631 323 247 237 242
1 3600 301
6
48 108 459 462 1088 121
1 3600 322
4
835 747 748 908
1 3600 322
7
1075 55 48 110 750 747 748
1 3600 322
3
835 747 744
1 3600 216
12
1128 1091 863 866 55 48 110 752 493 486 837 147
1 3600 727
13
50 287 288 73 74 886 905 219 215 211 206 228 221
1 3600 1237
17
842 984 1107 1108 1051 1047 1048 1043 1040 1054 979 517 514 554 707 705 700
1 3600 379
5
1063 1058 433 436 448
1 3600 379
8
862 1090 1129 1063 1058 433 436 446
1 3600 379
9
845 848 1001 998 465 460 425 422 1158
1 3600 379
4
459 460 425 422
1 3600 379
7
51 52 859 459 460 475 427
1 3600 379
11
1090 1129 1063 861 425 422 1158 1180 1141 1142 1174
1 3600 379
9
845 848 1001 998 465 462 1086 127 130
1 3600 221
3
867 864 859
1 3600 356
9
847 842 984 1110 183 184 1047 1019 1022
1 3600 356
10
119 114 984 1107 1108 1051 1047 1019 1022 1044
1 3600 356
14
1137 1091 1092 1094 1116 107 102 81 78 1064 1043 1038 765 766
1 3600 356
9
845 842 984 1110 183 81 77 74 884
1 3600 356
7
984 1110 1112 1051 1047 1019 1016
1 3600 356
4
69 70 119 116
1 3600 356
4
1000 849 842 984
1 3600 562
10
842 115 116 107 104 754 279 179 180 215
1 3600 1237
19
1091 863 866 869 283 288 73 74 886 905 906 1040 1056 1135 987 981 517 479 480
1 3600 1237
27
74 884 295 177 171 161 159 156 491 488 1035 1030 1125 1126 791 786 411 408 1100 895 892 994 1008 955 956 1153 595
1 3600 1237
15
284 750 747 744 1013 1010 977 917 415 416 897 345 346 498 952
1 3600 1237
27
1022 1044 1039 907 219 216 155 156 491 488 1035 1030 925 926 891 429 405 402 343 346 496 948 23 16 135 136 508
1 3600 1237
26
1066 281 179 173 161 159 156 491 488 1035 1030 1125 1126 891 429 395 396 510 582 915 899 627 615 361 364 568
1 3600 1237
24
104 754 295 167 164 495 491 488 1035 1030 925 926 891 393 386 792 913 899 133 27 28 149 152 712
1 3600 1237
24
1065 79 77 72 289 282 868 55 52 859 851 852 872 455 451 265 268 261 258 1118 1069 731 728 734
1 3600 1124
13
1113 1114 1117 871 283 284 750 747 748 908 977 917 415
1 3600 951
18
1066 281 175 171 168 296 291 292 299 300 879 841 147 144 1072 1079 275 276
1 3600 1237
20
1021 1022 1044 1151 1135 1133 209 206 228 856 880 699 521 518 325 328 563 564 307 304
1 3600 1237
19
1043 1040 1054 979 517 514 554 191 186 540 675 676 681 682 561 558 598 602 814
1 3600 1031
12
1114 117 118 71 68 1129 465 462 1088 121 124 779
1 3600 466
13
1039 907 219 216 155 156 491 488 1036 1120 745 59 56
1 3600 466
12
1046 185 103 106 1117 1095 1075 867 864 859 851 852
1 3600 530
6
161 159 156 11 14 812
1 3600 530
9
159 156 11 14 299 300 879 841 147
1 3600 530
10
102 81 78 1066 281 179 173 168 296 291
1 3600 530
11
183 81 77 74 884 295 167 164 493 486 813
1 3600 530
10
81 78 1066 905 219 215 212 291 292 812
1 3600 530
10
104 754 295 167 164 495 11 14 299 300
1 3600 386
18
1112 1051 1047 1019 1022 1044 765 761 756 235 232 981 517 203 204 384 692 521
1 3600 386
14
1107 1108 1051 1047 1048 1043 1040 1054 209 206 228 381 382 543
1 3600 884
19
1103 1108 1051 1047 1019 1022 1044 1151 1135 987 981 517 514 195 196 546 533 527 524
1 3600 426
11
1050 1109 1106 985 115 118 71 68 1129 1063 861
1 3600 547
7
185 103 106 1117 871 868 867
1 3600 547
5
282 870 1095 1093 1090
1 3600 547
5
79 80 103 106 117
1 3600 547
8
1023 1018 1046 1050 1109 1106 985 115
1 3600 547
5
161 162 164 753 750
1 3600 547
6
106 1115 1111 985 843 848
1 3600 547
4
289 286 51 52
1 3600 547
7
170 176 294 755 105 106 117
1 3600 547
9
174 278 755 289 286 51 48 108 851
1 3600 547
7
79 77 72 289 284 750 834
1 3600 546
3
764 1045 1023
1 3600 546
3
279 179 180
1 3600 546
7
169 172 178 280 1067 1064 1049
1 3600 554
9
159 154 217 218 906 1038 1151 759 756
1 3600 554
4
1022 1044 1151 1057
1 3600 554
6
1040 1054 209 201 199 193
1 3600 554
11
183 184 1047 1048 1043 1038 765 761 756 235 232
1 3600 554
9
1108 1051 1047 1019 1022 1044 765 761 756
1 3600 554
9
754 279 179 180 215 211 201 199 193
1 3600 554
10
886 905 906 1040 1054 979 517 514 554 707
1 3600 554
9
1053 1047 1048 1065 1066 281 179 180 215
1 3600 554
7
1040 1054 979 517 514 554 707
1 3600 1124
7
296 213 211 201 202 479 480
1 3600 1237
22
204 384 690 831 832 841 147 144 901 391 388 396 399 337 334 496 251 101 21 18 933 934
1 3600 1237
20
212 13 10 491 488 1035 1030 1125 1126 791 786 411 408 1100 349 346 496 948 950 355
1 3600 1237
13
228 221 224 879 876 1085 1083 1080 739 633 629 623 619
1 3600 1237
16
186 544 539 536 685 678 687 647 648 601 602 245 248 802 1161 1162
1 3600 1237
15
209 206 228 856 880 825 645 325 328 639 631 565 321 319 316
1 3600 1237
22
758 1150 1039 907 219 216 155 156 491 488 1036 1120 745 59 56 61 62 451 265 268 261 258
1 3600 1237
18
760 764 1039 907 219 216 155 156 491 488 1035 1030 925 926 791 786 411 408
1 3600 1237
16
986 1133 209 206 230 292 812 1033 1030 1125 1126 891 393 386 792 913
1 3600 1124
12
517 514 195 196 546 533 527 523 518 642 819 816
1 3600 1237
11
514 554 707 705 700 695 696 653 650 557 331
1 3600 1237
24
233 234 757 758 1057 1041 907 904 887 75 72 289 282 868 55 48 108 851 852 874 1086 127 128 775
1 3600 951
15
203 200 210 212 13 10 491 488 1036 1120 745 59 56 742 455
1 3600 229
7
978 209 206 230 292 812 1033
1 3600 281
4
554 191 186 544
1 3600 281
10
756 1076 987 981 517 203 204 382 543 544
1 3600 281
6
195 196 383 384 692 698
1 3600 274
10
705 700 695 689 681 682 647 379 372 610
1 3600 1237
15
1134 1150 1045 1023 1018 1046 1050 1113 1114 117 118 71 68 1129 465
1 3600 515
14
555 515 516 978 1055 1041 1042 1065 79 80 182 1111 985 982
1 3600 269
8
1150 1039 907 219 181 173 170 176
1 3600 269
5
203 200 210 214 181
1 3600 269
7
211 208 1132 1077 757 760 766
1 3600 269
5
1076 1134 1057 1041 1042
1 3600 269
7
1055 1041 907 904 281 175 176
1 3600 263
5
1135 987 981 517 203
1 3600 287
5
193 190 707 485 482
1 3600 1237
30
483 484 706 191 192 198 204 384 690 831 832 841 147 144 901 391 388 396 399 337 334 496 948 950 355 352 963 939 665 662
1 3600 1237
23
703 189 186 542 383 380 221 222 298 812 1033 1030 925 926 891 429 405 402 343 344 892 992 963
1 3600 1237
19
189 186 544 539 529 523 518 642 819 816 741 633 629 615 616 507 504 989 975
1 3600 1237
16
700 541 542 546 533 527 523 518 642 819 816 741 633 629 615 361
1 3600 1237
16
481 484 705 700 695 696 653 650 687 561 331 326 245 237 240 799
1 3600 1237
23
703 189 192 198 200 210 212 13 10 491 488 1036 1120 1013 1010 977 917 415 416 897 892 994 1006
1 3600 1237
16
478 203 204 380 221 222 298 812 1033 1030 1125 1126 791 786 411 408
1 3600 1237
18
481 484 706 191 192 196 546 550 539 529 523 518 642 819 816 741 633 629
1 3600 1237
10
703 700 675 676 681 678 557 331 328 639
1 3600 1237
18
481 478 514 195 196 543 540 695 696 685 682 647 648 601 604 823 815 245
1 3600 1237
22
478 516 980 986 1134 1150 1039 907 904 887 75 72 289 286 51 52 859 851 852 874 1088 121
1 3600 1237
20
481 478 516 978 209 210 214 181 173 161 39 40 164 753 750 747 59 56 61 62
1 3600 1124
12
703 189 192 198 200 210 212 13 10 491 488 1036
1 3600 301
12
483 484 706 191 186 542 383 384 692 698 825 828
1 3600 167
3
703 700 695
1 3600 1237
20
189 192 198 204 380 221 224 301 298 812 487 492 753 111 108 459 460 475 472 127
1 3600 1237
19
481 478 516 980 233 234 757 760 764 1045 1023 1018 1046 1050 1109 1106 985 843 848
1 3600 651
12
704 706 555 515 516 980 986 1134 1150 1045 1023 1020
1 3600 97
7
483 484 706 191 192 198 200
1 3600 773
4
481 484 705 702
