155
1 3600 72
3
121 117 114
1 3600 32
3
206 107 108
1 3600 32
5
115 7 8 107 108
1 3600 278
5
8 107 101 98 102
1 3600 36
5
116 118 208 253 258
1 3600 36
10
8 107 101 45 46 48 278 261 215 201
1 3600 47
11
10 118 206 107 101 98 51 48 280 271 267
1 3600 278
16
121 118 206 107 101 45 46 48 280 271 268 89 86 63 64 234
1 3600 198
21
11 8 107 101 45 46 48 280 271 29 26 33 30 231 141 136 194 125 13 5 2
1 3600 231
19
121 118 206 107 101 98 51 48 278 284 265 17 20 41 33 36 223 224 139
1 3600 278
20
11 8 107 101 45 46 48 280 271 29 26 38 84 86 69 66 61 53 54 178
1 3600 278
22
115 7 8 107 101 98 51 48 278 221 218 213 201 198 151 156 158 180 229 195 91 96
1 3600 278
26
121 118 210 289 107 101 45 46 48 280 237 173 170 265 263 25 22 249 41 33 30 79 80 136 91 94
1 3600 37
7
47 44 100 106 9 6 112
1 3600 37
4
207 119 117 114
1 3600 48
4
100 106 288 295
1 3600 38
9
111 101 98 51 48 278 221 216 272
1 3600 50
9
111 101 45 46 48 280 237 173 170
1 3600 50
4
46 48 280 237
1 3600 50
5
51 48 280 237 173
1 3600 72
12
289 107 101 45 46 48 280 271 29 26 38 73
1 3600 231
20
107 101 98 51 48 278 261 25 15 18 26 33 36 233 227 224 229 131 126 132
1 3600 154
12
101 45 46 48 280 271 29 26 33 30 79 82
1 3600 278
10
48 280 271 268 89 86 63 64 61 53
1 3600 278
18
43 46 48 278 284 265 263 215 201 187 147 144 161 158 180 229 195 129
1 3600 278
14
43 46 48 280 271 29 26 33 30 59 53 54 93 94
1 3600 253
7
103 99 100 106 9 6 114
1 3600 22
4
103 99 100 108
1 3600 253
7
105 51 48 278 221 218 247
1 3600 69
6
103 51 48 280 271 29
1 3600 47
11
105 51 48 280 271 268 89 86 69 66 234
1 3600 278
10
105 51 48 278 261 215 201 187 184 192
1 3600 278
13
103 51 48 278 284 265 17 20 41 33 36 233 141
1 3600 278
22
103 51 48 280 237 238 286 175 170 285 221 216 243 240 203 198 151 154 226 141 136 91
1 3600 278
17
105 99 45 46 48 280 271 268 89 86 63 64 61 53 54 93 96
1 3600 278
15
103 51 48 280 271 29 26 33 36 223 224 139 136 91 94
1 3600 69
10
217 220 279 49 47 44 100 106 207 119
1 3600 69
17
275 245 246 213 214 262 266 270 281 49 50 99 100 106 9 6 114
1 3600 69
4
209 119 117 114
1 3600 44
4
292 294 289 107
1 3600 278
13
183 186 200 214 262 264 171 172 236 281 49 50 102
1 3600 71
3
218 247 240
1 3600 71
12
209 206 107 101 45 46 48 278 261 215 201 198
1 3600 79
11
142 204 37 32 40 21 16 264 171 174 287
1 3600 79
10
252 292 294 211 206 107 101 45 46 48
1 3600 79
8
192 169 164 153 154 226 230 31
1 3600 79
4
203 200 214 25
1 3600 79
8
240 250 183 147 142 204 37 32
1 3600 79
11
255 252 209 206 107 101 45 46 48 280 271
1 3600 79
7
146 186 200 214 262 17 14
1 3600 163
3
204 37 34
1 3600 75
21
255 252 292 294 289 107 101 45 46 48 278 284 265 263 215 201 187 147 148 169 166
1 3600 75
4
291 183 147 144
1 3600 75
8
147 144 161 158 180 229 125 122
1 3600 75
11
291 251 203 198 151 156 158 180 229 125 13
1 3600 41
16
209 206 107 101 45 46 48 280 271 29 26 33 30 231 227 224
1 3600 231
10
192 169 164 153 154 226 230 59 53 56
1 3600 278
11
275 245 240 203 198 151 154 226 141 136 129
1 3600 278
15
277 273 243 240 250 183 147 144 161 158 180 229 195 91 94
1 3600 60
11
39 27 28 270 281 49 47 44 100 106 207
1 3600 54
6
285 279 49 47 44 100
1 3600 54
6
260 279 49 50 99 100
1 3600 54
9
270 281 49 47 44 100 106 288 295
1 3600 132
7
27 28 270 281 49 50 104
1 3600 54
8
173 170 285 221 218 247 240 250
1 3600 54
12
173 170 265 17 14 22 249 41 33 36 205 143
1 3600 54
4
205 143 146 182
1 3600 54
5
14 24 215 212 219
1 3600 54
6
16 263 215 201 187 184
1 3600 39
5
280 271 29 26 33
1 3600 40
4
38 84 86 69
1 3600 40
9
25 15 20 41 38 84 86 69 66
1 3600 48
7
215 201 187 147 148 169 162
1 3600 52
5
17 18 26 33 30
1 3600 52
9
14 22 249 41 33 30 79 80 138
1 3600 52
5
33 36 233 141 136
1 3600 62
9
265 266 268 89 86 63 64 61 53
1 3600 278
5
36 223 224 229 131
1 3600 278
10
268 89 86 69 66 61 53 54 93 94
1 3600 278
12
88 269 270 281 49 47 44 100 106 9 10 120
1 3600 59
7
269 270 281 49 47 44 100
1 3600 66
11
85 39 40 248 23 24 260 279 49 50 104
1 3600 121
10
61 58 231 227 155 150 199 202 241 242
1 3600 45
7
35 32 27 19 16 264 171
1 3600 45
5
68 87 85 39 27
1 3600 45
4
35 32 40 21
1 3600 89
3
65 62 87
1 3600 231
9
66 61 53 54 93 90 129 126 132
1 3600 55
4
66 61 58 231
1 3600 32
4
35 30 59 53
1 3600 278
9
89 86 63 64 61 53 54 93 96
1 3600 278
8
197 63 64 61 53 54 93 94
1 3600 231
13
150 199 200 212 219 220 279 49 50 99 100 106 9
1 3600 231
15
150 199 202 241 244 273 217 220 279 49 47 44 100 106 288
1 3600 278
16
4 12 124 195 137 81 78 31 32 27 28 270 281 49 50 104
1 3600 65
20
167 168 193 185 186 200 214 262 264 171 172 236 281 49 47 44 100 106 207 208
1 3600 65
7
160 145 146 182 251 241 246
1 3600 65
8
167 168 149 146 186 200 212 219
1 3600 65
6
193 185 186 202 241 242
1 3600 44
9
127 130 228 225 222 37 32 40 248
1 3600 278
10
167 164 153 154 226 230 59 60 67 68
1 3600 54
9
167 164 161 158 180 139 136 194 125
1 3600 55
6
3 4 12 124 195 137
1 3600 55
7
167 168 149 142 204 233 230
1 3600 55
4
135 127 128 194
1 3600 55
5
156 158 180 139 136
1 3600 173
8
169 164 153 154 226 230 59 53
1 3600 138
4
124 195 91 96
1 3600 278
5
123 124 195 91 94
1 3600 278
16
159 157 150 199 200 214 260 279 49 47 44 100 106 207 119 120
1 3600 163
15
180 139 140 232 37 32 27 28 270 281 49 50 99 100 106
1 3600 278
10
78 31 32 27 28 270 281 49 50 102
1 3600 38
8
138 181 159 160 165 168 193 188
1 3600 33
10
140 232 37 32 40 248 23 24 262 264
1 3600 33
11
228 225 226 230 31 32 27 19 16 263 260
1 3600 71
8
137 81 78 31 34 72 84 88
1 3600 29
5
194 228 181 159 157
1 3600 29
4
224 229 131 126
1 3600 45
3
137 140 230
1 3600 19
6
83 78 59 60 67 70
1 3600 52
4
83 80 136 129
1 3600 278
7
226 141 138 229 195 91 94
1 3600 278
15
60 65 62 87 88 269 270 281 49 47 44 100 106 9 10
1 3600 253
17
57 52 60 65 62 87 88 269 270 281 49 47 44 100 106 288 295
1 3600 278
10
77 72 39 27 28 270 281 49 50 104
1 3600 173
8
75 35 36 205 199 202 241 244
1 3600 49
8
60 67 68 87 88 269 270 237
1 3600 33
5
55 52 60 65 62
1 3600 154
9
77 35 30 231 227 155 152 165 166
1 3600 46
4
52 58 79 80
1 3600 46
6
58 231 227 155 156 158
1 3600 46
4
179 55 52 58
1 3600 77
6
177 55 52 60 67 70
1 3600 163
7
71 66 61 53 54 93 96
1 3600 278
18
130 228 225 222 37 32 27 28 270 281 49 47 44 100 106 207 119 117
1 3600 278
21
97 90 194 228 181 159 160 145 146 182 251 241 246 219 220 279 49 50 99 100 108
1 3600 278
15
97 92 55 52 60 67 68 87 88 269 270 281 49 50 104
1 3600 278
23
128 137 140 232 37 32 40 248 23 24 260 279 49 47 44 100 106 207 210 295 293 253 254
1 3600 231
7
130 228 225 222 37 34 72
1 3600 278
6
97 92 55 52 60 65
1 3600 84
9
128 137 138 181 159 157 152 165 168
1 3600 29
4
97 90 137 140
1 3600 106
4
128 91 92 176
1 3600 231
4
130 195 91 96
1 3600 163
3
128 91 94
1 3600 278
19
95 90 194 228 139 81 78 31 32 27 28 270 281 49 47 44 100 106 9
1 3600 278
20
95 90 194 228 225 226 230 31 32 40 21 16 264 285 279 49 50 99 100 106
1 3600 278
17
95 92 55 52 60 65 62 87 85 39 27 28 270 281 49 50 104
1 3600 278
9
95 90 137 138 181 159 157 150 199
1 3600 278
9
95 90 137 140 232 37 32 40 21
1 3600 278
6
95 92 55 52 60 67
1 3600 278
5
95 90 194 125 122
1 3600 115
5
95 90 194 228 139
1 3600 66
3
95 92 176
1 3600 99
4
95 90 194 131
