110
25.26664 110.18247 1 0
25.273163 110.18546 2 0
25.22798 110.180824 3 1
25.221706 110.17842 4 0
25.228643 110.18111 5 1
25.226276 110.15439 6 0
25.24278 110.14643 7 0
25.24288 110.14633 8 0
25.234138 110.15346 9 0
25.233952 110.15348 10 0
25.267323 110.15129 11 0
25.265396 110.153336 12 0
25.267231 110.1512 13 0
25.263948 110.15494 14 0
25.256632 110.15649 15 0
25.262226 110.20315 16 0
25.25657 110.15667 17 0
25.240013 110.17245 18 1
25.240034 110.17226 19 1
25.239506 110.178185 20 1
25.245863 110.17825 21 1
25.262281 110.1742 22 1
25.250645 110.19181 23 0
25.249718 110.20162 24 0
25.209757 110.176 25 0
25.209639 110.17604 26 0
25.216633 110.16763 27 1
25.262274 110.173904 28 1
25.262503 110.20116 29 0
25.251883 110.14581 30 0
25.259466 110.16543 31 1
25.218048 110.202896 32 0
25.242987 110.20272 33 0
25.236809 110.17606 34 0
25.237003 110.17377 35 0
25.233944 110.177635 36 1
25.234514 110.170975 37 1
25.241392 110.15102 38 0
25.242659 110.15159 39 1
25.243118 110.178535 40 1
25.230194 110.15429 41 0
25.23026 110.15447 42 0
25.234537 110.14866 43 0
25.22522 110.17525 44 0
25.23189 110.16089 45 1
25.23513 110.16129 46 1
25.213758 110.14559 47 0
25.213863 110.14556 48 0
25.218216 110.20298 49 0
25.229187 110.16914 50 1
25.211828 110.16053 51 1
25.229366 110.16897 52 0
25.249869 110.2024859 53 1
25.2497277 110.20202 54 1
25.248934 110.20228 55 0
25.2492617 110.202235 56 1
25.2492715 110.2031494 57 0
25.2509135 110.18611 58 0
25.2456497 110.185904 59 1
25.262253 110.182278 60 1
25.241341 110.1845055 61 1
25.238677 110.191252 62 1
25.2667557 110.1891627 63 1
25.225514 110.1834315 64 1
25.2270663 110.184478 65 1
25.2129783 110.1795333 66 1
25.2133937 110.1510713 67 1
25.2161755 110.15809 68 1
25.2619055 110.157275 69 1
25.273 110.17481 70 1
25.2665482 110.152046 71 1
25.2493035 110.15955 72 1
25.2522988 110.1649232 73 1
25.2526073 110.1552861 74 1
25.273247 110.197195 75 0
25.2341383 110.173475 76 1
25.2622407 110.2007677 77 1
25.262705 110.1656625 78 0
25.2476505 110.158595 79 1
25.2492075 110.1533362 80 1
25.2514965 110.15489 81 1
25.2669893 110.1744233 82 1
25.2446048 110.1982313 83 1
25.2439307 110.1612675 84 1
25.247623 110.16391 85 1
25.2203895 110.16373 86 1
25.240101 110.1638425 87 1
25.2334255 110.1609725 88 1
25.2517775 110.173295 89 1
25.266999 110.17424 90 1
25.2517595 110.173485 91 1
25.2493917 110.2026336 92 1
25.2525525 110.159585 93 1
25.2498682 110.2027188 94 0
25.2336265 110.175683 95 1
25.2364243 110.1551483 96 1
25.243701 110.1729325 97 1
25.2437175 110.172735 98 0
25.2515625 110.17774 99 1
25.23881 110.156521 100 1
25.2324555 110.154453 101 1
25.237278 110.17165 102 1
25.237253 110.171832 103 1
25.236673 110.177895 104 1
25.23316 110.187903 105 0
25.233933 110.154607 106 1
25.233947 110.15442 107 1
25.230654 110.1773025 108 1
25.2332805 110.1704387 109 1
25.2460355 110.172925 110 1
147
12 71 184.4014199656191 16.67 3 3 2 3
1 0 0 0 1 0 0 0 1
1 0 0 0 1 0 0 0 1
12 14 230.25932300570707 16.67 3 3 4 5
1 0 0 0 1 0 0 0 1
1 0 0 0 1 0 0 0 1
51 67 1063.5543647855725 16.67 3 3 6 7
1 0 0 0 1 0 0 0 1
1 0 0 0 1 0 0 0 1
51 27 925.7758707733273 16.67 3 3 8 9
1 0 0 0 1 0 0 0 1
1 0 0 0 1 0 0 0 1
51 68 514.719768850911 16.67 3 3 10 11
1 0 0 0 1 0 0 0 1
1 0 0 0 1 0 0 0 1
14 69 331.07783820406166 16.67 3 3 12 13
1 0 0 0 1 0 0 0 1
1 0 0 0 1 0 0 0 1
18 19 21.23366420553148 16.67 3 3 14 15
1 0 0 0 1 0 0 0 1
1 0 0 0 1 0 0 0 1
18 103 285.9949767835944 16.67 3 3 16 17
1 0 0 0 1 0 0 0 1
1 0 0 0 1 0 0 0 1
18 20 639.777957183103 16.67 3 3 18 19
1 0 0 0 1 0 0 0 1
1 0 0 0 1 0 0 0 1
18 97 374.8187571805813 16.67 3 3 20 21
1 0 0 0 1 0 0 0 1
1 0 0 0 1 0 0 0 1
19 98 374.25210649943875 16.67 3 3 22 23
1 0 0 0 1 0 0 0 1
1 0 0 0 1 0 0 0 1
19 102 285.39163943802487 16.67 3 3 24 25
1 0 0 0 1 0 0 0 1
1 0 0 0 1 0 0 0 1
20 40 365.39436033434794 16.67 3 3 26 27
1 0 0 0 1 0 0 0 1
1 0 0 0 1 0 0 0 1
20 104 286.77828509929236 16.67 3 3 28 29
1 0 0 0 1 0 0 0 1
1 0 0 0 1 0 0 0 1
21 99 576.0567832967994 16.67 3 3 30 31
1 0 0 0 1 0 0 0 1
1 0 0 0 1 0 0 0 1
21 40 277.90636566965736 16.67 3 3 32 33
1 0 0 0 1 0 0 0 1
1 0 0 0 1 0 0 0 1
21 59 851.4088080430317 16.67 3 3 34 35
1 0 0 0 1 0 0 0 1
1 0 0 0 1 0 0 0 1
21 110 592.4036363271015 16.67 3 3 36 37
1 0 0 0 1 0 0 0 1
1 0 0 0 1 0 0 0 1
40 61 687.5680127569216 16.67 3 3 38 39
1 0 0 0 1 0 0 0 1
1 0 0 0 1 0 0 0 1
40 97 625.7616094570277 16.67 3 3 40 41
1 0 0 0 1 0 0 0 1
1 0 0 0 1 0 0 0 1
3 4 685.4164629150112 16.67 3 3 42 43
1 0 0 0 1 0 0 0 1
1 0 0 0 1 0 0 0 1
3 64 381.593630847085 16.67 3 3 44 45
1 0 0 0 1 0 0 0 1
1 0 0 0 1 0 0 0 1
3 5 73.88946122523353 16.67 3 3 46 47
1 0 0 0 1 0 0 0 1
1 0 0 0 1 0 0 0 1
5 108 469.2460830277773 16.67 3 3 48 49
1 0 0 0 1 0 0 0 1
1 0 0 0 1 0 0 0 1
5 65 406.7275819014688 16.67 3 3 50 51
1 0 0 0 1 0 0 0 1
1 0 0 0 1 0 0 0 1
53 54 53.72272792406664 16.67 3 3 52 53
1 0 0 0 1 0 0 0 1
1 0 0 0 1 0 0 0 1
53 77 1258.8940841581687 16.67 3 3 54 55
1 0 0 0 1 0 0 0 1
1 0 0 0 1 0 0 0 1
53 94 25.899020897572992 16.67 3 3 56 57
1 0 0 0 1 0 0 0 1
1 0 0 0 1 0 0 0 1
54 99 2706.278484224706 16.67 3 3 58 59
1 0 0 0 1 0 0 0 1
1 0 0 0 1 0 0 0 1
54 92 76.1434865983245 16.67 3 3 60 61
1 0 0 0 1 0 0 0 1
1 0 0 0 1 0 0 0 1
55 83 626.3327172568358 16.67 3 3 62 63
1 0 0 0 1 0 0 0 1
1 0 0 0 1 0 0 0 1
55 92 60.541830777928716 16.67 3 3 64 65
1 0 0 0 1 0 0 0 1
1 0 0 0 1 0 0 0 1
56 92 46.21327193267752 16.67 3 3 66 67
1 0 0 0 1 0 0 0 1
1 0 0 0 1 0 0 0 1
56 83 646.2193294920854 16.67 3 3 68 69
1 0 0 0 1 0 0 0 1
1 0 0 0 1 0 0 0 1
56 24 82.3607256091056 16.67 3 3 70 71
1 0 0 0 1 0 0 0 1
1 0 0 0 1 0 0 0 1
59 61 460.4304615744707 16.67 3 3 72 73
1 0 0 0 1 0 0 0 1
1 0 0 0 1 0 0 0 1
59 58 529.931661981166 16.67 3 3 74 75
1 0 0 0 1 0 0 0 1
1 0 0 0 1 0 0 0 1
59 23 826.9020857148861 16.67 3 3 76 77
1 0 0 0 1 0 0 0 1
1 0 0 0 1 0 0 0 1
60 99 1187.6519696307726 16.67 3 3 78 79
1 0 0 0 1 0 0 0 1
1 0 0 0 1 0 0 0 1
60 22 898.2924390609637 16.67 3 3 80 81
1 0 0 0 1 0 0 0 1
1 0 0 0 1 0 0 0 1
60 1 441.70322640027956 16.67 3 3 82 83
1 0 0 0 1 0 0 0 1
1 0 0 0 1 0 0 0 1
61 62 796.6397540025683 16.67 3 3 84 85
1 0 0 0 1 0 0 0 1
1 0 0 0 1 0 0 0 1
62 83 978.707816053198 16.67 3 3 86 87
1 0 0 0 1 0 0 0 1
1 0 0 0 1 0 0 0 1
62 105 668.3156503543556 16.67 3 3 88 89
1 0 0 0 1 0 0 0 1
1 0 0 0 1 0 0 0 1
63 82 1639.2159384414776 16.67 3 3 90 91
1 0 0 0 1 0 0 0 1
1 0 0 0 1 0 0 0 1
63 77 1368.0411184305897 16.67 3 3 92 93
1 0 0 0 1 0 0 0 1
1 0 0 0 1 0 0 0 1
63 75 1106.3210023635534 16.67 3 3 94 95
1 0 0 0 1 0 0 0 1
1 0 0 0 1 0 0 0 1
63 2 764.6615499322211 16.67 3 3 96 97
1 0 0 0 1 0 0 0 1
1 0 0 0 1 0 0 0 1
64 65 194.7502525658336 16.67 3 3 98 99
1 0 0 0 1 0 0 0 1
1 0 0 0 1 0 0 0 1
64 66 1333.4829203126878 16.67 3 3 100 101
1 0 0 0 1 0 0 0 1
1 0 0 0 1 0 0 0 1
65 49 2241.821934422174 16.67 3 3 102 103
1 0 0 0 1 0 0 0 1
1 0 0 0 1 0 0 0 1
65 32 2240.0432606616673 16.67 3 3 104 105
1 0 0 0 1 0 0 0 1
1 0 0 0 1 0 0 0 1
66 27 1373.788220387396 16.67 3 3 106 107
1 0 0 0 1 0 0 0 1
1 0 0 0 1 0 0 0 1
66 26 513.5860702489474 16.67 3 3 108 109
1 0 0 0 1 0 0 0 1
1 0 0 0 1 0 0 0 1
66 25 509.3234392648554 16.67 3 3 110 111
1 0 0 0 1 0 0 0 1
1 0 0 0 1 0 0 0 1
67 47 610.631279393237 16.67 3 3 112 113
1 0 0 0 1 0 0 0 1
1 0 0 0 1 0 0 0 1
67 48 614.6824253914968 16.67 3 3 114 115
1 0 0 0 1 0 0 0 1
1 0 0 0 1 0 0 0 1
67 68 829.1529507475052 16.67 3 3 116 117
1 0 0 0 1 0 0 0 1
1 0 0 0 1 0 0 0 1
68 86 757.0241302930639 16.67 3 3 118 119
1 0 0 0 1 0 0 0 1
1 0 0 0 1 0 0 0 1
68 6 1096.298935915714 16.67 3 3 120 121
1 0 0 0 1 0 0 0 1
1 0 0 0 1 0 0 0 1
69 30 1625.2305879503958 16.67 3 3 122 123
1 0 0 0 1 0 0 0 1
1 0 0 0 1 0 0 0 1
69 90 1954.8440871803825 16.67 3 3 124 125
1 0 0 0 1 0 0 0 1
1 0 0 0 1 0 0 0 1
70 71 2613.2142074719854 16.67 3 3 126 127
1 0 0 0 1 0 0 0 1
1 0 0 0 1 0 0 0 1
70 82 605.951583679885 16.67 3 3 128 129
1 0 0 0 1 0 0 0 1
1 0 0 0 1 0 0 0 1
70 90 606.7682093434468 16.67 3 3 130 131
1 0 0 0 1 0 0 0 1
1 0 0 0 1 0 0 0 1
71 13 116.46999556189047 16.67 3 3 132 133
1 0 0 0 1 0 0 0 1
1 0 0 0 1 0 0 0 1
71 11 114.62327969375062 16.67 3 3 134 135
1 0 0 0 1 0 0 0 1
1 0 0 0 1 0 0 0 1
22 82 474.14959491159726 16.67 3 3 136 137
1 0 0 0 1 0 0 0 1
1 0 0 0 1 0 0 0 1
22 28 32.92325560795382 16.67 3 3 138 139
1 0 0 0 1 0 0 0 1
1 0 0 0 1 0 0 0 1
22 91 1061.0972474534633 16.67 3 3 140 141
1 0 0 0 1 0 0 0 1
1 0 0 0 1 0 0 0 1
72 85 513.4565247454267 16.67 3 3 142 143
1 0 0 0 1 0 0 0 1
1 0 0 0 1 0 0 0 1
72 93 326.7998126037681 16.67 3 3 144 145
1 0 0 0 1 0 0 0 1
1 0 0 0 1 0 0 0 1
72 79 197.27798735874242 16.67 3 3 146 147
1 0 0 0 1 0 0 0 1
1 0 0 0 1 0 0 0 1
72 81 563.1884553486751 16.67 3 3 148 149
1 0 0 0 1 0 0 0 1
1 0 0 0 1 0 0 0 1
73 85 483.5778506157981 16.67 3 3 150 151
1 0 0 0 1 0 0 0 1
1 0 0 0 1 0 0 0 1
73 93 594.1655047332719 16.67 3 3 152 153
1 0 0 0 1 0 0 0 1
1 0 0 0 1 0 0 0 1
73 89 932.4343141412576 16.67 3 3 154 155
1 0 0 0 1 0 0 0 1
1 0 0 0 1 0 0 0 1
73 31 723.0417346248367 16.67 3 3 156 157
1 0 0 0 1 0 0 0 1
1 0 0 0 1 0 0 0 1
31 78 326.7680307513871 16.67 3 3 158 159
1 0 0 0 1 0 0 0 1
1 0 0 0 1 0 0 0 1
31 93 951.78155285804 16.67 3 3 160 161
1 0 0 0 1 0 0 0 1
1 0 0 0 1 0 0 0 1
74 15 426.34793356797536 16.67 3 3 162 163
1 0 0 0 1 0 0 0 1
1 0 0 0 1 0 0 0 1
74 93 478.07712760899295 16.67 3 3 164 165
1 0 0 0 1 0 0 0 1
1 0 0 0 1 0 0 0 1
74 17 427.227489824556 16.67 3 3 166 167
1 0 0 0 1 0 0 0 1
1 0 0 0 1 0 0 0 1
74 81 120.08821000643498 16.67 3 3 168 169
1 0 0 0 1 0 0 0 1
1 0 0 0 1 0 0 0 1
76 37 280.5613951898051 16.67 3 3 170 171
1 0 0 0 1 0 0 0 1
1 0 0 0 1 0 0 0 1
76 95 250.87271942020692 16.67 3 3 172 173
1 0 0 0 1 0 0 0 1
1 0 0 0 1 0 0 0 1
76 35 290.0218592423987 16.67 3 3 174 175
1 0 0 0 1 0 0 0 1
1 0 0 0 1 0 0 0 1
77 16 264.92013908549234 16.67 3 3 176 177
1 0 0 0 1 0 0 0 1
1 0 0 0 1 0 0 0 1
77 29 50.97969336749819 16.67 3 3 178 179
1 0 0 0 1 0 0 0 1
1 0 0 0 1 0 0 0 1
78 28 917.4939199909888 16.67 3 3 180 181
1 0 0 0 1 0 0 0 1
1 0 0 0 1 0 0 0 1
79 39 926.7340723453153 16.67 3 3 182 183
1 0 0 0 1 0 0 0 1
1 0 0 0 1 0 0 0 1
79 80 605.3932317465453 16.67 3 3 184 185
1 0 0 0 1 0 0 0 1
1 0 0 0 1 0 0 0 1
79 84 477.80328009991103 16.67 3 3 186 187
1 0 0 0 1 0 0 0 1
1 0 0 0 1 0 0 0 1
80 8 1005.9878461637335 16.67 3 3 188 189
1 0 0 0 1 0 0 0 1
1 0 0 0 1 0 0 0 1
80 7 1003.8478430720711 16.67 3 3 190 191
1 0 0 0 1 0 0 0 1
1 0 0 0 1 0 0 0 1
80 81 287.8490704090605 16.67 3 3 192 193
1 0 0 0 1 0 0 0 1
1 0 0 0 1 0 0 0 1
82 90 20.40661476459023 16.67 3 3 194 195
1 0 0 0 1 0 0 0 1
1 0 0 0 1 0 0 0 1
83 33 525.0049668580015 16.67 3 3 196 197
1 0 0 0 1 0 0 0 1
1 0 0 0 1 0 0 0 1
84 85 473.5722622664102 16.67 3 3 198 199
1 0 0 0 1 0 0 0 1
1 0 0 0 1 0 0 0 1
84 87 479.9703766379126 16.67 3 3 200 201
1 0 0 0 1 0 0 0 1
1 0 0 0 1 0 0 0 1
84 100 737.475570885647 16.67 3 3 202 203
1 0 0 0 1 0 0 0 1
1 0 0 0 1 0 0 0 1
85 110 1015.1199966121485 16.67 3 3 204 205
1 0 0 0 1 0 0 0 1
1 0 0 0 1 0 0 0 1
86 27 575.2391506940509 16.67 3 3 206 207
1 0 0 0 1 0 0 0 1
1 0 0 0 1 0 0 0 1
86 45 1199.2966968046615 16.67 3 3 208 209
1 0 0 0 1 0 0 0 1
1 0 0 0 1 0 0 0 1
86 50 1070.1513004648934 16.67 3 3 210 211
1 0 0 0 1 0 0 0 1
1 0 0 0 1 0 0 0 1
87 46 574.9571572380052 16.67 3 3 212 213
1 0 0 0 1 0 0 0 1
1 0 0 0 1 0 0 0 1
87 102 913.4625416297126 16.67 3 3 214 215
1 0 0 0 1 0 0 0 1
1 0 0 0 1 0 0 0 1
88 106 709.6934107973603 16.67 3 3 216 217
1 0 0 0 1 0 0 0 1
1 0 0 0 1 0 0 0 1
88 46 175.0543654156227 16.67 3 3 218 219
1 0 0 0 1 0 0 0 1
1 0 0 0 1 0 0 0 1
88 109 1052.7593893876804 16.67 3 3 220 221
1 0 0 0 1 0 0 0 1
1 0 0 0 1 0 0 0 1
89 110 578.9686729686711 16.67 3 3 222 223
1 0 0 0 1 0 0 0 1
1 0 0 0 1 0 0 0 1
89 28 1057.86124704514 16.67 3 3 224 225
1 0 0 0 1 0 0 0 1
1 0 0 0 1 0 0 0 1
89 91 21.205756881652043 16.67 3 3 226 227
1 0 0 0 1 0 0 0 1
1 0 0 0 1 0 0 0 1
90 28 476.62670760054067 16.67 3 3 228 229
1 0 0 0 1 0 0 0 1
1 0 0 0 1 0 0 0 1
91 99 473.57825255670275 16.67 3 3 230 231
1 0 0 0 1 0 0 0 1
1 0 0 0 1 0 0 0 1
91 110 579.0528127890807 16.67 3 3 232 233
1 0 0 0 1 0 0 0 1
1 0 0 0 1 0 0 0 1
92 57 58.61809091483551 16.67 3 3 234 235
1 0 0 0 1 0 0 0 1
1 0 0 0 1 0 0 0 1
95 36 219.40283332474806 16.67 3 3 236 237
1 0 0 0 1 0 0 0 1
1 0 0 0 1 0 0 0 1
95 34 322.8628994969486 16.67 3 3 238 239
1 0 0 0 1 0 0 0 1
1 0 0 0 1 0 0 0 1
96 100 284.4086060490424 16.67 3 3 240 241
1 0 0 0 1 0 0 0 1
1 0 0 0 1 0 0 0 1
96 106 257.72346843018727 16.67 3 3 242 243
1 0 0 0 1 0 0 0 1
1 0 0 0 1 0 0 0 1
96 107 262.01796090601687 16.67 3 3 244 245
1 0 0 0 1 0 0 0 1
1 0 0 0 1 0 0 0 1
96 46 695.2662063198323 16.67 3 3 246 247
1 0 0 0 1 0 0 0 1
1 0 0 0 1 0 0 0 1
97 98 22.024968357945188 16.67 3 3 248 249
1 0 0 0 1 0 0 0 1
1 0 0 0 1 0 0 0 1
100 39 671.2396221777726 16.67 3 3 250 251
1 0 0 0 1 0 0 0 1
1 0 0 0 1 0 0 0 1
101 45 718.0626213158025 16.67 3 3 252 253
1 0 0 0 1 0 0 0 1
1 0 0 0 1 0 0 0 1
101 42 220.85683377530086 16.67 3 3 254 255
1 0 0 0 1 0 0 0 1
1 0 0 0 1 0 0 0 1
101 41 228.2087648054403 16.67 3 3 256 257
1 0 0 0 1 0 0 0 1
1 0 0 0 1 0 0 0 1
101 43 677.3653324800307 16.67 3 3 258 259
1 0 0 0 1 0 0 0 1
1 0 0 0 1 0 0 0 1
102 109 424.06032520037974 16.67 3 3 260 261
1 0 0 0 1 0 0 0 1
1 0 0 0 1 0 0 0 1
102 103 20.394353399720895 16.67 3 3 262 263
1 0 0 0 1 0 0 0 1
1 0 0 0 1 0 0 0 1
103 37 291.5261450186564 16.67 3 3 264 265
1 0 0 0 1 0 0 0 1
1 0 0 0 1 0 0 0 1
103 104 676.7358710400017 16.67 3 3 266 267
1 0 0 0 1 0 0 0 1
1 0 0 0 1 0 0 0 1
104 105 1167.6602519982657 16.67 3 3 268 269
1 0 0 0 1 0 0 0 1
1 0 0 0 1 0 0 0 1
104 36 276.02322643998184 16.67 3 3 270 271
1 0 0 0 1 0 0 0 1
1 0 0 0 1 0 0 0 1
106 107 20.842364759689694 16.67 3 3 272 273
1 0 0 0 1 0 0 0 1
1 0 0 0 1 0 0 0 1
107 9 108.46882173405696 16.67 3 3 274 275
1 0 0 0 1 0 0 0 1
1 0 0 0 1 0 0 0 1
107 10 104.53088862682064 16.67 3 3 276 277
1 0 0 0 1 0 0 0 1
1 0 0 0 1 0 0 0 1
108 109 807.7016145062686 16.67 3 3 278 279
1 0 0 0 1 0 0 0 1
1 0 0 0 1 0 0 0 1
108 36 333.01013235315395 16.67 3 3 280 281
1 0 0 0 1 0 0 0 1
1 0 0 0 1 0 0 0 1
108 44 592.360102629509 16.67 3 3 282 283
1 0 0 0 1 0 0 0 1
1 0 0 0 1 0 0 0 1
109 37 137.6669535780079 16.67 3 3 284 285
1 0 0 0 1 0 0 0 1
1 0 0 0 1 0 0 0 1
34 35 255.3986790446166 16.67 3 3 286 287
1 0 0 0 1 0 0 0 1
1 0 0 0 1 0 0 0 1
27 50 1274.1038282202232 16.67 3 3 288 289
1 0 0 0 1 0 0 0 1
1 0 0 0 1 0 0 0 1
39 38 142.33167756657417 16.67 3 3 290 291
1 0 0 0 1 0 0 0 1
1 0 0 0 1 0 0 0 1
45 52 933.6933544656035 16.67 3 3 292 293
1 0 0 0 1 0 0 0 1
1 0 0 0 1 0 0 0 1
52 50 26.107492001121344 16.67 3 3 294 295
1 0 0 0 1 0 0 0 1
1 0 0 0 1 0 0 0 1
68
3 44 46 -1 42
5 50 -1 48 47
18 18 20 14 16
19 15 22 -1 24
20 -1 26 19 28
21 34 30 36 32
22 81 136 138 140
27 107 288 207 9
28 139 229 181 225
31 -1 158 160 157
36 -1 271 237 281
37 171 265 -1 285
39 251 183 -1 290
40 38 33 40 27
45 292 -1 253 209
46 -1 213 247 219
50 -1 295 211 289
51 8 10 6 -1
53 56 54 52 -1
54 53 -1 58 60
56 66 -1 70 68
59 76 74 35 72
60 -1 82 80 78
61 84 73 39 -1
62 86 -1 85 88
63 94 96 90 92
64 -1 98 45 100
65 102 104 51 99
66 108 101 106 110
67 7 116 112 114
68 118 120 117 11
69 124 13 122 -1
70 128 -1 126 130
71 127 134 132 3
72 142 144 148 146
73 154 156 152 150
74 164 162 166 168
76 172 174 170 -1
77 176 178 93 55
79 186 147 184 182
80 185 192 188 190
81 149 169 -1 193
82 91 129 194 137
83 63 69 87 196
84 198 187 202 200
85 204 151 143 199
86 210 208 119 206
87 214 201 -1 212
88 220 218 216 -1
89 226 224 155 222
90 195 131 125 228
91 230 141 227 232
92 234 61 67 65
93 153 161 165 145
95 236 238 173 -1
96 246 240 244 242
97 41 -1 248 21
99 59 79 231 31
100 -1 203 250 241
101 252 258 256 254
102 262 25 215 260
103 266 17 263 264
104 268 29 267 270
106 217 243 272 -1
107 273 245 274 276
108 49 280 278 282
109 284 261 221 279
110 233 223 205 37
