90
1 3600 224
4
4 14 132 168
1 3600 224
4
131 128 160 168
1 3600 190
9
19 11 5 6 157 158 63 64 33
1 3600 190
9
5 6 157 158 107 108 189 184 208
1 3600 190
10
134 83 80 157 158 63 25 22 182 188
1 3600 190
11
134 83 84 124 154 158 63 64 173 31 28
1 3600 245
6
129 130 151 119 120 147
1 3600 196
3
5 6 157
1 3600 196
7
162 161 129 126 75 76 227
1 3600 196
3
126 123 71
1 3600 196
7
162 161 153 83 80 157 158
1 3600 196
5
8 69 66 228 139
1 3600 196
5
151 148 123 124 154
1 3600 134
8
83 3 6 157 158 179 43 44
1 3600 539
8
151 119 120 226 229 99 96 104
1 3600 414
16
167 164 137 134 152 111 112 131 126 75 73 66 223 217 201 61
1 3600 539
9
161 129 126 75 76 229 223 224 230
1 3600 123
6
106 159 156 81 82 152
1 3600 123
11
209 185 183 23 24 62 159 156 7 4 10
1 3600 123
11
187 188 109 106 159 156 7 2 82 135 132
1 3600 173
4
185 188 109 27
1 3600 539
9
209 51 52 170 177 174 222 99 100
1 3600 99
10
209 185 183 29 32 65 62 159 155 125
1 3600 113
7
187 183 29 30 172 180 204
1 3600 113
3
51 52 170
1 3600 539
11
24 64 173 53 49 46 215 197 59 60 202
1 3600 539
8
32 180 191 177 174 217 211 212
1 3600 539
6
109 106 179 43 46 230
1 3600 163
9
102 146 121 118 150 113 110 160 168
1 3600 539
8
97 94 216 175 176 171 53 50
1 3600 359
3
97 100 91
1 3600 39
3
97 98 228
1 3600 539
7
97 98 67 68 154 158 63
1 3600 67
5
101 94 201 202 234
1 3600 192
4
97 94 211 212
1 3600 539
4
97 98 223 224
1 3600 112
9
141 138 77 74 127 128 153 135 15
1 3600 112
5
85 82 135 136 21
1 3600 112
6
150 113 110 160 163 115
1 3600 134
3
154 158 107
1 3600 138
4
228 139 140 147
1 3600 138
7
159 155 69 72 78 120 147
1 3600 77
4
99 100 91 86
1 3600 113
6
138 229 223 175 176 171
1 3600 113
5
94 211 214 47 48
1 3600 113
3
176 190 204
1 3600 110
8
155 125 71 66 223 217 201 202
1 3600 133
7
147 89 90 101 94 201 61
1 3600 133
6
119 79 76 229 223 217
1 3600 133
3
174 217 201
1 3600 224
4
138 229 223 224
1 3600 122
6
42 178 159 156 7 4
1 3600 121
4
45 42 178 107
1 3600 121
4
55 52 31 28
1 3600 539
9
207 191 177 174 222 99 100 91 88
1 3600 120
12
55 52 172 65 62 159 156 81 84 122 149 119
1 3600 120
11
181 173 53 49 46 215 210 95 100 91 86
1 3600 120
5
62 159 155 69 66
1 3600 120
6
49 46 225 222 228 139
1 3600 145
3
173 53 54
1 3600 539
7
49 46 215 197 193 194 202
1 3600 145
8
180 191 177 43 46 215 212 218
1 3600 99
3
55 49 46
1 3600 539
11
233 203 200 216 222 67 70 85 82 135 136
1 3600 539
10
203 200 216 175 178 63 25 26 108 189
1 3600 96
7
37 38 194 200 95 100 91
1 3600 91
14
233 203 200 95 96 102 146 121 79 73 68 9 6 157
1 3600 539
9
38 192 196 214 47 42 176 190 204
1 3600 131
4
203 195 39 40
1 3600 134
8
145 89 90 101 94 211 212 218
1 3600 134
5
57 58 196 212 218
1 3600 134
4
35 38 194 200
1 3600 539
6
41 38 192 196 214 230
1 3600 385
12
60 200 95 96 102 146 121 118 148 127 128 160
1 3600 539
9
221 213 214 47 48 52 172 65 25
1 3600 269
4
95 100 91 88
1 3600 70
8
199 196 210 216 222 67 68 154
1 3600 70
9
196 210 95 98 67 70 85 80 157
1 3600 145
5
200 216 175 176 171
1 3600 86
5
213 197 59 60 202
1 3600 86
4
59 60 202 234
1 3600 145
3
61 58 196
1 3600 85
3
213 214 230
1 3600 539
6
225 222 228 77 74 127
1 3600 539
4
47 48 52 31
1 3600 539
5
225 222 228 227 147
1 3600 125
6
231 225 222 228 77 74
1 3600 71
6
231 47 42 176 190 204
1 3600 490
7
231 215 197 59 56 39 40
1 3600 61
3
231 215 197
