664
1 3600 158
5
385 382 615 618 1356
1 3600 293
6
1357 631 533 259 254 397
1 3600 293
14
1203 1200 531 259 256 913 737 738 906 910 371 372 363 366
1 3600 293
14
879 381 378 1118 1398 1193 1194 59 52 271 241 238 727 724
1 3600 293
17
879 381 374 1243 531 259 260 288 737 740 746 745 277 247 23 18 978
1 3600 293
15
1021 1018 1096 385 382 615 618 631 533 259 254 397 398 403 400
1 3600 293
16
374 1197 1198 1394 393 394 874 915 65 13 14 198 202 49 46 227
1 3600 293
14
1394 1398 1193 441 442 417 418 917 918 926 285 265 266 288
1 3600 293
9
389 394 767 445 440 1194 59 56 66
1 3600 293
13
381 374 1243 531 259 256 287 267 231 234 252 372 408
1 3600 293
11
631 533 259 260 267 264 284 223 226 47 50
1 3600 261
24
391 394 874 915 65 13 16 40 1026 141 138 727 369 364 295 290 1033 453 456 449 446 713 714 718
1 3600 759
18
385 382 615 618 631 533 259 254 397 398 460 439 434 493 485 486 609 153
1 3600 759
20
381 378 1118 1398 955 956 931 928 331 334 1458 189 186 1101 1098 423 317 318 412 516
1 3600 266
3
410 391 394
1 3600 266
8
1020 1118 1398 1193 441 442 417 420
1 3600 266
6
879 381 374 1197 1198 1394
1 3600 266
19
387 382 1049 617 618 631 533 259 256 287 267 231 229 224 67 68 916 419 420
1 3600 220
8
614 647 645 389 394 874 1210 969
1 3600 220
13
381 376 1018 1096 385 386 410 391 394 874 1210 973 970
1 3600 446
24
1118 1398 539 544 709 710 932 1175 1171 1168 107 71 74 1460 1277 1265 651 477 165 162 659 537 534 1043
1 3600 759
22
1196 1243 531 259 260 267 231 229 226 47 48 203 206 1027 1024 1062 1155 163 164 476 652 1074
1 3600 759
30
877 381 376 1018 601 602 1051 649 645 389 394 874 915 65 60 1058 1212 1063 177 178 1115 1116 535 536 185 182 1296 123 124 1448
1 3600 506
10
647 645 389 392 1398 955 956 1450 1233 1105
1 3600 542
13
1394 1398 539 544 1451 931 765 555 556 1165 1166 351 346
1 3600 759
23
646 383 386 410 391 394 874 1210 969 966 1214 333 336 1167 1162 107 77 82 546 685 682 846 843
1 3600 759
31
618 631 533 259 256 913 737 740 746 908 910 371 221 216 240 203 199 15 10 29 30 1155 163 166 182 1296 641 642 1351 1346 1267
1 3600 759
24
631 533 259 254 275 247 244 586 1002 1028 35 32 148 723 717 447 448 437 434 769 772 761 756 1408
1 3600 759
12
879 381 378 1118 1398 955 543 544 1233 1109 825 826
1 3600 759
25
1203 1200 1242 1197 1198 1394 1398 539 542 956 1450 709 706 527 528 932 1175 1171 1168 341 344 1298 1011 1012 1434
1 3600 759
27
1020 1118 1398 955 956 931 327 324 763 555 556 1165 1162 341 338 855 856 85 90 1424 1009 937 703 704 697 698 1001
1 3600 759
41
379 374 1243 531 259 260 267 264 233 234 250 215 218 243 238 727 724 1431 1383 1041 213 210 1042 535 536 658 163 164 476 650 1264 1274 671 676 1140 839 842 958 1135 105 100
1 3600 759
31
615 618 631 533 259 256 913 737 740 746 745 742 371 372 363 366 924 1362 1404 305 306 1149 1150 1440 1247 749 752 127 128 133 134
1 3600 493
13
230 266 261 258 532 630 619 614 383 384 1097 1019 377
1 3600 493
11
747 741 736 912 257 258 530 1242 375 380 878
1 3600 493
12
725 728 409 373 370 743 277 274 255 258 532 630
1 3600 493
17
729 726 239 217 220 370 911 907 739 736 289 286 257 258 532 630 1356
1 3600 493
5
289 261 258 530 1201
1 3600 493
12
250 237 227 224 268 53 58 1195 1192 1399 1395 1396
1 3600 493
38
563 560 993 573 570 580 590 596 39 32 144 455 452 1032 291 294 365 368 726 139 140 1027 41 17 12 64 914 875 395 390 411 387 384 1097 1019 377 380 876
1 3600 493
11
991 505 506 405 402 399 396 255 258 532 630
1 3600 493
23
1016 1361 925 922 987 988 1038 1110 179 43 17 12 64 914 875 395 388 644 648 1048 383 384 611
1 3600 493
14
1016 365 362 373 253 235 230 266 286 257 258 532 630 1356
1 3600 493
15
362 406 239 240 270 53 54 419 416 443 444 766 395 388 644
1 3600 493
12
730 734 736 912 257 258 532 630 619 614 383 386
1 3600 460
6
25 22 246 276 744 747
1 3600 460
11
402 460 451 448 457 452 1032 291 296 1363 925
1 3600 460
4
276 742 371 221
1 3600 460
9
573 570 580 590 585 245 246 272 396
1 3600 460
3
221 214 237
1 3600 460
7
981 19 20 580 588 995 996
1 3600 520
18
8 1035 1036 405 402 147 148 723 459 455 452 1032 1143 1144 1151 1148 307 308
1 3600 520
7
50 243 238 727 369 364 295
1 3600 520
9
738 906 910 371 372 363 366 924 1360
1 3600 520
21
559 560 577 570 580 588 995 39 32 148 721 715 712 447 448 437 434 493 485 473 471
1 3600 520
14
745 742 371 372 408 729 724 921 924 1358 1417 1413 1125 1122
1 3600 520
19
48 203 199 15 16 42 178 209 212 989 984 1158 1178 1421 1418 1415 1401 1127 1122
1 3600 520
10
921 924 1362 297 290 1033 453 456 449 450
1 3600 520
11
996 1028 35 32 144 455 452 1032 291 296 1403
1 3600 520
29
224 45 48 203 206 1027 1024 177 178 1115 1116 1043 303 300 1046 1094 1089 1090 1085 1077 1080 1150 1145 1142 1033 1030 483 473 465
1 3600 520
7
746 908 910 371 372 363 364
1 3600 520
13
225 226 236 215 220 370 743 277 272 398 460 451 448
1 3600 520
6
397 398 460 439 436 457
1 3600 520
12
288 737 740 746 745 277 247 244 584 596 39 36
1 3600 520
15
267 262 732 906 909 745 277 247 244 586 1002 1028 35 32 148
1 3600 520
15
993 573 574 981 978 1036 405 402 460 439 434 493 485 473 465
1 3600 520
11
287 267 231 234 252 372 363 364 295 290 1033
1 3600 520
22
733 263 231 229 226 47 48 241 238 727 724 1431 1073 987 984 1158 1178 1421 1418 1083 1077 1078
1 3600 520
19
1035 979 19 20 580 590 596 39 32 148 721 715 712 447 448 437 434 493 494
1 3600 520
10
45 50 243 238 727 369 366 924 1362 1404
1 3600 520
6
583 584 598 1002 1028 35
1 3600 520
10
506 405 402 147 144 455 452 1032 1143 1144
1 3600 506
18
2 25 20 580 588 995 39 32 148 723 459 455 452 1030 483 486 609 153
1 3600 506
13
24 981 978 1034 311 312 506 405 402 460 439 434 769
1 3600 759
28
1227 371 221 216 240 203 199 15 12 60 1060 1219 1216 197 194 663 660 668 778 1304 1306 1312 1183 423 317 318 412 516
1 3600 406
8
927 919 69 57 58 1195 1192 539
1 3600 406
14
907 733 263 264 284 927 919 916 419 416 443 444 766 872
1 3600 406
16
2 25 22 246 276 742 371 221 218 51 44 67 57 58 1195 441
1 3600 510
13
627 630 619 616 649 645 389 394 874 1210 973 963 964
1 3600 510
12
731 263 231 234 252 372 408 729 724 1069 1070 1041
1 3600 510
16
981 19 22 246 276 744 747 741 735 731 263 264 284 927 919 916
1 3600 510
7
371 221 218 51 44 268 53
1 3600 510
8
731 263 231 229 224 67 57 58
1 3600 510
20
574 25 22 246 276 742 371 372 406 139 140 1027 1024 1062 1213 1059 1060 1219 1216 197
1 3600 510
29
979 980 575 570 580 590 598 1002 1028 35 32 144 455 452 1032 1143 1144 1151 1152 1412 1414 1419 1091 1088 1095 1047 301 302 1042
1 3600 510
17
579 580 590 598 587 245 246 276 742 371 221 216 238 139 140 201 15
1 3600 510
10
246 276 742 371 372 408 729 724 1069 1070
1 3600 510
14
260 267 231 229 226 47 48 203 206 141 138 727 724 1431
1 3600 510
26
1028 35 32 148 723 717 447 448 457 452 1032 291 292 304 1121 1126 1400 1414 1419 1420 1179 1159 985 988 213 208
1 3600 510
13
726 139 140 1027 41 17 12 64 914 1210 973 963 964
1 3600 510
21
1022 593 315 310 1035 979 19 22 246 276 744 747 741 735 731 263 264 284 927 919 916
1 3600 510
15
1227 371 253 250 237 47 48 203 199 15 12 64 914 1210 969
1 3600 510
25
8 311 312 506 405 402 460 451 448 457 452 1032 1143 1144 1151 1081 1076 1084 1091 1088 1427 1045 301 302 1042
1 3600 468
23
312 506 405 402 460 451 448 457 452 1032 291 294 1361 925 922 1072 1383 1041 1038 1112 535 536 658
1 3600 468
20
22 246 276 742 371 372 406 139 140 1027 1024 1062 31 26 1059 1060 1219 1216 197 194
1 3600 468
14
284 223 224 268 271 203 199 15 16 42 178 1111 1039 989
1 3600 468
29
563 560 577 570 580 588 995 39 32 148 721 715 712 447 448 437 434 769 772 1055 517 413 319 316 422 1099 1100 1209 175
1 3600 468
18
505 506 405 402 147 144 455 452 1032 291 296 1403 1400 1414 1419 1420 1179 1180
1 3600 399
14
48 203 206 1027 1024 1062 1155 659 185 182 1294 1317 1320 1322
1 3600 759
32
627 630 619 614 383 386 410 391 394 874 1210 969 966 637 632 193 196 191 173 174 1208 1101 1098 1182 1313 1307 1308 1318 1303 123 124 1448
1 3600 542
25
47 48 203 199 15 10 29 30 1155 163 168 188 75 72 110 79 80 1301 1298 857 858 1006 359 360 904
1 3600 303
36
993 573 570 580 590 596 39 32 148 723 459 455 452 1032 1143 1144 1151 1081 1076 1084 1420 1179 1159 985 299 302 1042 535 536 658 163 168 188 1459 335 330
1 3600 421
27
401 402 460 439 434 493 485 473 474 469 466 159 157 155 152 606 1245 749 754 125 122 1297 183 180 476 650 1262
1 3600 759
26
629 630 619 616 649 645 389 392 1398 955 543 544 1451 931 327 322 331 334 1455 1375 1331 777 774 279 280 982
1 3600 759
26
233 234 250 215 216 238 139 140 1027 1024 1062 1155 659 185 182 1283 1284 1345 1335 1269 1270 1281 1278 1411 1407 1408
1 3600 759
14
263 231 229 224 67 57 58 1195 1192 539 544 1233 1109 1106
1 3600 759
28
256 287 267 231 229 224 268 271 203 199 15 12 60 1060 1219 1216 197 192 633 636 1214 333 336 351 352 339 344 1239
1 3600 759
36
45 48 203 206 1027 1024 177 178 1115 1116 535 536 658 163 164 476 650 1259 1260 1272 1376 891 892 677 672 685 678 1391 1392 93 98 897 898 795 787 784
1 3600 759
30
50 243 238 727 724 1069 1070 1041 1038 1112 535 536 658 163 168 188 75 72 110 549 550 830 685 680 861 864 283 278 1366 1368
1 3600 759
28
5 2 25 20 580 588 995 996 1028 35 32 148 721 715 712 447 448 437 434 769 772 761 756 1131 119 116 902 133
1 3600 330
14
463 464 472 484 492 435 438 461 399 396 255 258 530 1242
1 3600 359
13
1429 1417 1413 1153 1150 1145 1142 1033 453 454 145 33 34
1 3600 359
16
1065 1066 653 477 165 162 659 537 534 1113 1039 1040 1382 1073 923 367
1 3600 359
12
487 484 492 435 438 461 399 396 255 258 532 626
1 3600 359
13
436 449 446 716 722 149 146 403 404 507 313 314 592
1 3600 359
8
435 438 461 399 273 276 742 1226
1 3600 359
10
1124 1412 1416 1359 925 920 725 726 239 242
1 3600 359
9
146 399 273 276 742 371 221 218 51
1 3600 359
7
33 38 597 585 245 246 276
1 3600 359
9
1429 1359 925 367 362 373 253 235 230
1 3600 359
20
1362 297 290 1033 453 454 458 722 149 33 34 1029 1003 599 591 581 571 576 561 562
1 3600 359
15
293 294 365 362 373 370 911 907 739 736 289 261 258 532 628
1 3600 359
9
482 1031 453 454 145 33 34 1029 1003
1 3600 359
14
470 472 482 1031 1032 291 294 365 368 726 139 140 207 202
1 3600 359
13
1439 1031 453 456 449 450 461 403 404 507 504 595 592
1 3600 359
21
1441 1145 1142 1033 453 456 449 446 713 714 720 149 33 38 994 589 581 21 24 3 6
1 3600 337
5
1439 483 473 465 462
1 3600 337
9
1153 1150 1145 1142 1033 1030 483 484 496
1 3600 337
7
32 144 455 456 437 434 493
1 3600 337
10
1417 1401 1402 297 290 1033 453 456 449 450
1 3600 336
8
439 434 493 485 486 609 606 1245
1 3600 336
8
1030 483 473 465 161 157 155 150
1 3600 336
14
292 306 1149 1081 1078 1443 1247 749 750 760 1055 517 413 414
1 3600 336
7
1404 305 306 1149 1150 1440 1247
1 3600 336
6
493 485 486 609 153 154
1 3600 336
9
1153 1081 1078 1443 1247 1244 607 153 154
1 3600 336
11
715 712 447 448 437 434 769 772 1055 517 413
1 3600 336
27
1144 1151 1148 1123 1126 1400 1414 1419 1091 1088 1095 1047 301 302 1042 535 536 658 163 164 476 652 1067 427 317 318 412
1 3600 336
8
455 452 1030 483 473 465 161 157
1 3600 336
23
1076 1084 1420 1179 1159 985 988 213 208 179 176 1062 1155 163 168 186 1101 1098 423 317 318 412 518
1 3600 336
9
1142 1033 1030 483 473 471 466 159 157
1 3600 759
5
1247 749 750 760 1055
1 3600 542
11
1359 925 920 725 726 239 240 270 53 58 1204
1 3600 357
16
1103 1100 187 169 162 1154 31 28 11 14 198 202 270 53 54 419
1 3600 357
22
1439 1031 1032 291 296 1363 925 922 1072 1383 1041 213 208 179 43 17 12 64 914 1210 973 963
1 3600 357
10
1031 1032 291 294 365 368 726 139 140 1027
1 3600 357
12
1143 1144 1151 1152 1412 1414 1419 1420 1179 1159 985 988
1 3600 338
3
1079 1076 1082
1 3600 338
17
719 715 712 447 448 457 452 1032 291 296 1403 1400 1414 1419 1091 1088 1427
1 3600 338
14
723 459 455 452 1032 1143 1144 1151 1152 1412 1414 1419 1420 1179
1 3600 338
9
1148 1123 1126 1400 1414 1419 1420 1179 1159
1 3600 338
6
1412 1414 1419 1420 1179 1180
1 3600 338
6
1363 925 922 987 984 1158
1 3600 338
7
1400 1414 1083 1084 1091 1088 1095
1 3600 338
15
296 1363 925 920 1431 1383 1041 1038 1110 1115 1116 535 536 658 163
1 3600 338
6
296 1403 1400 1414 1419 1420
1 3600 320
21
1440 1442 1079 1076 1084 1091 1088 1427 1045 301 302 1042 535 536 185 182 1296 1302 1319 1309 1305
1 3600 320
20
723 717 447 450 439 434 769 772 761 751 752 1410 1279 1280 1349 1350 643 638 1319 1320
1 3600 320
13
495 485 486 609 606 1245 749 754 125 122 1297 1294 1317
1 3600 759
18
1079 1076 1084 1091 1088 1095 1047 301 302 1042 535 536 185 182 1296 123 124 1446
1 3600 759
27
465 462 159 157 155 152 606 1245 749 752 1410 1293 1288 975 953 681 684 547 83 76 106 1169 1170 1174 1463 657 654
1 3600 421
22
146 399 273 276 742 371 372 406 139 140 1027 41 17 12 60 1060 1219 1216 197 192 633 636
1 3600 316
27
487 482 1031 1032 291 294 1361 925 920 1069 1070 1041 213 208 179 176 1062 1155 163 164 476 650 1264 1274 671 674 841
1 3600 583
13
769 772 761 756 1406 1410 1293 1290 1355 1353 1347 1350 1372
1 3600 759
8
448 437 434 769 772 761 756 1406
1 3600 759
32
149 33 38 597 585 245 246 276 744 908 907 733 263 264 284 927 919 916 419 416 443 440 1192 955 956 1450 1233 1105 837 813 814 832
1 3600 759
30
719 715 712 447 448 457 452 1032 291 294 365 368 726 139 140 201 15 12 64 914 1210 969 966 1214 333 336 1173 1168 341 344
1 3600 759
15
159 157 155 152 606 1245 749 752 1410 1279 1251 983 281 282 1135
1 3600 759
36
493 485 482 1031 1032 1143 1144 1151 1148 307 304 1405 1363 925 922 987 299 302 1042 535 536 658 163 168 188 75 70 77 82 546 685 680 861 862 103 100
1 3600 759
14
455 456 437 434 769 772 761 756 1131 1128 901 902 133 134
1 3600 759
18
1100 1209 175 172 190 1217 1218 1061 61 64 914 875 395 390 411 387 384 1097
1 3600 216
11
412 516 1054 773 768 435 438 461 403 400 1029
1 3600 139
20
319 316 424 1191 1186 1314 1321 1316 1295 183 184 537 534 1043 303 298 986 923 924 1360
1 3600 139
6
607 153 154 156 158 467
1 3600 139
7
1253 607 608 487 484 494 499
1 3600 139
23
413 319 316 426 1066 653 477 165 162 659 537 534 1043 303 300 1044 1426 1089 1090 1418 1415 1416 1428
1 3600 139
7
606 1245 1246 1442 1079 1080 1152
1 3600 110
4
761 751 748 1244
1 3600 172
3
412 516 1052
1 3600 759
21
413 319 316 422 1182 1313 1307 1305 779 669 661 662 195 192 633 636 967 968 1211 875 767
1 3600 379
18
606 1245 1246 1442 1079 1076 1084 1420 1179 1159 985 988 1038 1110 179 176 1062 1213
1 3600 103
22
160 464 472 482 1031 1032 291 294 365 368 726 139 140 1027 41 17 10 29 30 1155 163 164
1 3600 136
11
1055 517 413 319 316 424 1477 1189 1186 1314 1321
1 3600 136
5
519 413 319 316 424
1 3600 136
8
606 1245 749 754 125 122 1302 1319
1 3600 583
5
772 761 751 754 1446
1 3600 759
26
761 751 752 1410 1279 1280 1271 1268 1325 1249 983 845 683 684 831 828 852 1241 1238 345 340 1163 1164 557 554 764
1 3600 759
13
427 422 1182 1313 1307 1305 779 669 661 664 1228 195 192
1 3600 474
24
151 152 606 1245 749 750 756 1406 1410 1293 1290 1339 1340 1342 1311 975 976 1364 1367 775 776 1330 1376 1378
1 3600 474
44
160 464 472 482 1031 1032 1143 1144 1151 1148 1123 1120 1405 1363 925 920 1431 1383 1041 213 208 179 176 1062 1213 1059 1060 1219 1216 197 194 1229 665 660 668 778 1304 1308 1316 1287 1284 1345 1327 1249
1 3600 759
18
319 316 422 1182 1189 1186 1314 1321 1318 639 642 1351 1346 1352 1354 1291 1292 1411
1 3600 759
32
152 608 487 482 1031 1032 291 296 1363 925 922 987 299 302 1042 535 536 185 180 476 650 1259 1257 1254 1452 347 352 355 356 833 815 818
1 3600 759
29
158 463 464 472 482 1031 1032 291 294 365 368 726 139 140 201 15 12 64 914 1210 969 966 1214 333 336 351 352 855 856
1 3600 759
25
319 316 424 1477 1313 1307 1308 1316 1287 1284 1345 1327 1249 983 281 282 959 847 683 678 1465 1466 689 690 1133
1 3600 759
12
152 606 1245 749 752 1410 1293 1288 975 976 1364 1368
1 3600 759
7
1245 749 752 127 128 133 136
1 3600 759
16
1053 1054 773 768 435 438 461 399 396 255 258 530 1242 375 380 878
1 3600 759
13
1053 1054 773 768 435 438 461 399 396 275 276 744 908
1 3600 506
11
1053 1054 773 768 435 436 457 452 1032 1143 1144
1 3600 71
5
517 413 319 316 426
1 3600 759
18
517 413 319 316 422 1099 1100 187 188 1459 335 332 1215 967 968 1211 875 872
1 3600 759
15
1053 517 413 319 316 426 1066 653 477 165 162 1154 31 28 11
1 3600 759
14
1053 1054 773 768 435 436 457 452 1032 1143 1144 1151 1081 1076
1 3600 253
12
1053 517 413 319 316 422 1182 1189 1186 1314 1322 1328
1 3600 506
5
1054 761 751 754 1448
1 3600 759
18
1053 517 413 319 316 422 1099 1100 187 188 75 72 109 106 1169 1170 1174 933
1 3600 759
16
1053 1054 761 756 1406 1410 1279 1251 983 845 683 684 831 551 83 76
1 3600 759
13
517 413 319 316 426 1066 653 650 1264 1276 1461 75 72
1 3600 759
13
1053 1054 761 756 1406 1410 1293 1290 1355 1337 1340 1342 1311
1 3600 759
7
1053 1054 761 756 1131 119 112
1 3600 759
37
517 413 319 316 424 1477 1313 1307 1308 1318 639 642 1351 1348 1271 1268 1332 1342 1311 975 953 681 678 1465 947 948 1384 91 84 857 858 1006 359 360 819 814 834
1 3600 759
34
517 413 319 316 424 1191 1186 1314 1321 1316 1295 1283 1284 1345 1335 1325 1249 983 281 282 865 860 681 684 831 828 852 867 870 89 86 1015 1010 857
1 3600 759
15
1053 1054 761 751 754 125 120 1293 1288 975 953 681 678 1465 947
1 3600 759
19
517 413 319 316 422 1099 1100 187 188 1460 1277 1274 671 672 685 682 848 105 100
1 3600 759
8
1054 761 751 752 127 115 116 902
1 3600 127
4
395 392 1395 1396
1 3600 127
9
395 388 644 648 1050 603 604 612 1200
1 3600 99
4
1205 59 52 271
1 3600 399
14
417 418 55 52 271 241 238 407 363 366 924 1358 1417 1413
1 3600 759
25
1192 539 544 709 710 932 1175 1171 1168 107 77 82 550 830 685 680 952 974 1289 1292 1411 1407 757 760 773
1 3600 759
22
1223 1205 59 52 271 203 199 15 10 29 30 1155 163 164 476 652 1067 427 317 318 412 516
1 3600 176
4
421 416 443 444
1 3600 136
3
1205 59 52
1 3600 136
5
874 1210 973 963 960
1 3600 136
10
1223 1205 59 52 271 203 206 1027 1024 177
1 3600 136
10
421 418 917 69 66 45 48 203 199 15
1 3600 303
12
542 956 931 327 328 950 331 334 1458 189 186 1209
1 3600 759
28
544 709 706 527 521 524 763 555 556 1165 1162 341 344 1300 1472 853 850 679 682 844 982 1248 1326 1344 1285 1286 1317 1309
1 3600 759
23
873 874 915 65 60 1060 1219 1216 191 173 174 1207 569 566 668 778 1304 1308 1318 1303 123 124 1446
1 3600 124
11
767 445 440 1192 955 956 1450 709 706 527 528
1 3600 124
8
1223 1205 1195 1192 539 544 1233 1109
1 3600 120
12
873 874 1210 969 966 1214 333 336 1167 1162 107 77
1 3600 474
16
1398 955 956 1450 1233 1105 905 361 358 1007 859 856 1299 1300 81 82
1 3600 759
24
542 956 931 928 331 334 1457 1453 1255 1256 1260 1272 1331 777 774 1366 1365 977 974 1310 1343 1333 1269 1266
1 3600 759
25
874 1210 969 966 1214 333 334 1458 1460 1277 1274 1379 891 888 1146 839 842 958 283 280 982 1250 1278 1411 1407
1 3600 759
10
443 440 1192 539 544 1233 1105 837 813 816
1 3600 583
13
440 1192 955 956 931 765 555 556 1165 1162 341 338 855
1 3600 759
11
541 544 1233 1109 1106 357 358 1469 429 430 514
1 3600 759
38
421 418 55 52 271 203 206 1027 1024 1062 1155 163 164 476 650 1264 1276 1461 75 72 110 79 80 1472 867 868 948 943 940 687 692 694 999 895 515 512 811 803
1 3600 759
19
873 874 915 65 60 1058 1212 1155 659 185 182 1296 123 120 1411 127 128 133 134
1 3600 266
10
190 1217 1218 1061 61 64 914 875 395 388
1 3600 266
19
196 1217 1218 1061 61 13 14 198 202 49 46 227 228 232 265 266 261 258 530
1 3600 254
12
1217 1218 1061 1058 1212 1063 1025 1026 141 138 239 242
1 3600 254
19
962 972 1211 915 65 13 14 200 141 138 407 373 370 743 277 247 23 18 980
1 3600 254
22
196 1217 1218 1061 61 13 16 40 1026 207 202 241 242 219 220 370 743 277 247 244 584 591
1 3600 254
18
198 202 49 46 227 228 230 266 286 257 258 532 630 619 616 1050 509 510
1 3600 254
20
1061 1058 27 30 1063 1025 1026 141 138 407 373 370 743 277 247 23 18 978 1036 507
1 3600 254
19
418 917 918 926 285 265 262 732 906 909 745 277 247 23 24 3 4 594 990
1 3600 254
13
141 138 239 217 220 370 743 277 247 23 18 978 1036
1 3600 254
6
418 55 56 66 45 48
1 3600 258
24
63 13 16 42 178 209 212 989 984 1158 1178 1421 1418 1415 1401 1402 297 290 1033 453 454 145 33 36
1 3600 258
23
196 1217 1218 1061 61 13 14 200 141 138 727 369 364 295 290 1033 453 456 449 446 713 714 718
1 3600 258
10
1116 535 536 658 163 164 476 652 1067 1064
1 3600 399
19
56 66 225 226 236 251 252 372 363 364 295 292 306 1149 1150 1440 1247 1244 1252
1 3600 759
18
1038 1112 535 536 185 182 1294 1317 1320 1315 1187 1190 425 317 318 412 516 1052
1 3600 258
8
239 240 270 53 54 419 416 1220
1 3600 258
3
1195 1192 1399
1 3600 258
3
53 58 1195
1 3600 258
6
43 17 12 64 914 875
1 3600 258
11
1059 61 64 914 875 767 445 440 1192 539 542
1 3600 258
10
965 962 972 1211 875 767 445 442 417 420
1 3600 185
3
17 12 60
1 3600 185
10
965 962 972 1211 915 65 13 14 198 204
1 3600 268
14
917 69 66 45 50 243 238 727 724 1431 1073 987 984 1158
1 3600 268
13
190 1217 1218 1061 1058 1212 1063 177 178 209 210 303 300
1 3600 268
5
1061 1058 1212 1155 659
1 3600 268
12
176 1062 31 26 1059 1060 1219 1216 191 173 174 1208
1 3600 268
10
1027 1024 177 178 209 210 303 300 1046 1094
1 3600 268
6
42 178 209 210 303 300
1 3600 268
10
57 52 271 203 199 15 10 29 30 1155
1 3600 268
4
1062 1155 163 166
1 3600 268
14
971 963 960 966 1214 333 334 1458 1460 1277 1265 651 477 181
1 3600 281
6
1112 535 536 185 182 1294
1 3600 759
26
69 66 45 48 203 199 15 12 60 1060 1219 1216 197 194 1229 791 667 668 778 1304 1308 1318 1303 123 124 1446
1 3600 257
17
63 60 1060 1219 1216 197 192 633 636 1214 333 330 929 930 1450 1233 1230
1 3600 257
14
1024 1062 1155 163 168 188 75 70 106 1169 1170 1174 1463 657
1 3600 269
22
140 1027 1024 177 178 1115 1116 535 536 658 163 164 476 650 1262 1261 1257 1254 1452 347 348 481
1 3600 269
14
55 58 1195 1192 955 543 544 709 710 932 1175 1171 1172 337
1 3600 269
15
43 17 12 64 914 1210 969 966 1214 333 336 1173 1170 1174 1463
1 3600 269
19
1041 213 208 1115 1116 535 536 658 163 168 188 75 72 109 106 1163 1164 557 552
1 3600 269
17
29 26 1059 1060 1219 1216 197 192 633 636 1214 333 330 323 324 525 522
1 3600 269
15
198 202 270 53 58 1195 1192 539 542 956 1450 709 706 527 521
1 3600 269
4
914 1210 969 966
1 3600 199
10
1116 535 536 658 163 164 476 650 1264 1274
1 3600 199
15
143 140 1027 41 17 10 29 30 1155 163 164 476 650 1262 1272
1 3600 506
17
17 10 29 30 1155 659 185 182 1296 641 642 1351 1346 1352 1337 1340 1342
1 3600 759
22
63 60 1060 1219 1216 197 194 663 660 668 778 1304 1308 1316 1295 1296 123 124 755 752 1407 1408
1 3600 759
14
1210 973 963 960 966 1214 333 336 351 352 355 356 833 815
1 3600 345
15
1216 197 192 633 636 1214 333 336 351 352 855 856 1011 1014 87
1 3600 399
14
1038 1112 535 536 658 163 168 188 75 72 110 549 546 685
1 3600 759
16
10 29 30 1155 163 164 476 650 1259 1260 1272 1331 777 774 1366 1368
1 3600 759
16
1062 1155 659 185 182 1296 123 120 1411 1407 1131 1128 901 902 133 130
1 3600 542
22
1047 1044 1157 985 986 1072 1430 725 728 409 373 253 235 230 266 261 258 530 1242 1197 1198 1396
1 3600 168
9
162 1154 1063 1025 1026 207 202 241 242
1 3600 168
27
1445 1079 1080 1152 1412 1416 1359 925 367 362 373 370 911 909 747 741 736 912 257 258 532 630 619 616 1050 509 510
1 3600 175
17
1044 1426 1089 1090 1418 1415 1401 1402 297 290 1033 453 454 458 722 149 146
1 3600 175
18
477 181 184 537 534 1117 1114 1111 1039 989 984 1158 1178 1421 1085 1077 1080 1150
1 3600 175
13
1047 301 302 1042 535 536 658 163 164 476 652 1067 1064
1 3600 175
15
1178 1421 1418 1415 1413 1153 1150 1145 1142 1033 1030 483 484 494 499
1 3600 175
12
659 537 534 1043 211 212 1040 1071 1068 921 924 1362
1 3600 106
10
658 163 168 186 1101 1098 423 317 318 414
1 3600 759
9
174 1208 1101 1098 423 317 318 412 516
1 3600 379
13
476 650 1264 1276 1461 1459 335 330 951 329 326 930 957
1 3600 173
9
171 174 1208 187 169 162 659 537 534
1 3600 173
16
1082 1419 1420 1179 1159 985 988 1038 1110 179 43 17 12 64 914 1210
1 3600 173
7
195 196 1217 1218 1061 61 13
1 3600 173
13
1091 1088 1427 1045 301 302 211 208 179 176 1062 1213 1059
1 3600 173
4
985 986 1072 1383
1 3600 173
11
298 986 1072 1430 725 726 239 242 51 44 268
1 3600 102
16
1159 985 988 213 208 179 176 1062 1213 1059 1060 1219 1216 191 173 170
1 3600 172
5
186 1101 1098 1182 1189
1 3600 172
8
1229 665 660 668 778 1304 1308 1318
1 3600 172
18
1084 1420 1179 1159 1156 1045 301 302 1042 535 536 185 180 476 652 1067 427 317
1 3600 172
5
536 185 182 1296 123
1 3600 172
16
1084 1091 1088 1095 1047 301 302 1042 535 536 658 163 166 182 1296 123
1 3600 759
11
1101 1098 1182 1313 1314 1321 1318 1303 123 124 1446
1 3600 506
11
1208 187 188 1459 335 330 323 324 525 520 526
1 3600 102
26
1179 1159 985 986 1072 1430 725 726 239 242 51 44 67 68 916 419 416 443 440 1192 955 956 931 765 555 552
1 3600 161
14
1159 1156 1045 301 302 1042 535 536 658 163 168 188 1460 1277
1 3600 161
11
299 302 1042 535 536 658 163 168 188 75 72
1 3600 161
22
1082 1419 1420 1087 1088 1427 1157 985 988 1038 1112 535 536 658 163 164 476 650 1264 1274 1379 1377
1 3600 161
9
536 185 180 476 650 1259 1257 625 622
1 3600 140
9
1042 535 536 185 182 1283 1284 1345 1335
1 3600 759
11
1421 1085 1077 1078 1443 1247 749 750 756 1131 119
1 3600 759
12
536 658 163 168 188 75 70 106 341 338 355 356
1 3600 506
19
1208 187 188 75 72 110 549 550 828 850 1391 887 884 1474 689 692 698 1234 1236
1 3600 303
19
1427 1157 985 988 213 208 179 176 1062 1155 163 164 476 650 1264 1274 671 672 685
1 3600 759
22
1419 1091 1088 1095 1047 301 302 1042 535 536 658 163 164 476 650 1262 1272 1331 777 774 1366 1368
1 3600 759
19
1067 427 424 1191 1186 1314 1321 1318 639 642 1351 1348 1281 1278 1411 127 128 133 134
1 3600 759
25
1297 183 167 162 1154 1063 1025 1026 207 202 49 46 227 222 285 265 266 261 258 532 630 619 614 383 386
1 3600 330
23
1321 1316 1295 183 184 658 1154 31 28 11 14 198 202 49 46 227 228 230 266 286 257 258 532
1 3600 94
18
1329 1323 1321 1316 1295 183 184 537 534 1113 1039 1040 1382 1073 923 924 1360 295
1 3600 132
5
1312 1476 425 317 318
1 3600 132
9
1307 1308 1318 1303 123 124 755 748 1244
1 3600 132
9
1308 1318 1303 123 124 755 748 1244 1252
1 3600 583
4
317 318 412 516
1 3600 759
22
316 422 1099 1100 1209 1207 569 564 790 1228 195 192 633 636 967 968 1211 875 767 445 442 1220
1 3600 253
12
422 1099 1100 1209 175 172 190 1217 1218 1061 61 62
1 3600 162
17
425 426 1066 653 477 165 162 659 537 534 1043 303 300 1046 1094 1089 1086
1 3600 162
6
321 316 426 1066 653 477
1 3600 162
18
779 669 567 568 1206 1208 187 169 162 659 537 534 1117 1114 209 212 989 984
1 3600 162
18
316 422 1182 1313 1314 1321 1316 1295 183 184 537 534 1043 303 298 984 1158 1180
1 3600 162
3
316 426 1066
1 3600 120
3
1315 1187 1188
1 3600 185
8
1186 1307 1308 1318 1303 123 124 1446
1 3600 759
25
1313 1314 1321 1316 1287 1284 1345 1327 1249 983 845 683 684 547 83 80 1301 345 340 1163 1164 557 554 762 325
1 3600 399
27
1191 1186 1307 1308 1318 639 642 1351 1346 1267 1268 1325 1249 983 281 282 959 843 840 675 670 1380 79 76 106 1163 1164
1 3600 108
19
321 316 424 1477 1313 1314 1321 1316 1287 1284 1345 1335 1332 1342 1311 975 976 1364 1367
1 3600 171
7
1295 1296 641 642 1351 1348 1281
1 3600 171
6
1321 1316 1287 1284 1345 1335
1 3600 171
4
125 120 1279 1280
1 3600 230
13
1321 1318 639 642 1351 1346 1352 1354 1291 1292 1411 1407 1408
1 3600 759
28
1182 1313 1307 1308 1316 1295 1283 1284 1345 1335 1332 1342 1311 975 953 861 862 103 97 98 897 515 431 428 1468 359 360 819
1 3600 759
20
1295 1296 641 642 1351 1348 1271 1268 1325 1249 983 281 282 865 860 681 678 851 852 867
1 3600 446
18
1308 1316 1287 1284 1345 1327 1249 983 845 683 678 1465 1466 689 686 944 705 700
1 3600 759
22
1329 1323 1321 1318 639 642 1351 1346 1352 1337 1340 1342 1311 975 976 1364 1367 279 282 1135 105 100
1 3600 759
7
120 1411 127 115 116 902 133
1 3600 759
26
1449 125 120 1279 1251 983 281 278 775 776 1330 1374 1452 347 350 1173 1170 1174 933 711 708 545 538 1399 1395 1199
1 3600 759
26
1447 125 122 1302 1319 1309 1305 779 669 661 662 195 192 633 636 967 968 1211 875 395 390 411 387 382 1049 1050
1 3600 759
10
1447 755 748 1244 607 608 487 484 492 435
1 3600 244
10
1447 125 122 1302 1319 1309 1306 1312 1183 1099
1 3600 506
6
1447 755 750 760 1055 1052
1 3600 759
17
1447 125 122 1297 183 167 162 1154 1063 1025 1026 207 202 270 53 58 1195
1 3600 759
19
1447 125 122 1302 1319 1309 1305 779 669 661 664 1228 195 192 633 636 967 961 964
1 3600 583
16
1449 125 122 1297 183 184 537 534 1043 303 300 1046 1094 1089 1090 1085
1 3600 77
4
1447 125 122 1302
1 3600 759
23
1449 125 120 1293 1288 975 953 681 684 831 828 852 1473 1301 1298 857 858 1006 359 356 833 827 822
1 3600 759
16
1447 125 122 1297 1294 1317 1309 1305 779 669 661 662 195 192 633 634
1 3600 759
14
1449 125 120 1279 1251 983 281 282 959 843 838 1141 893 890
1 3600 316
4
1447 125 120 1279
1 3600 194
5
1447 755 752 1407 1408
1 3600 759
25
1449 125 122 1297 1283 1284 1345 1335 1332 1342 1311 975 953 861 862 103 100 801 798 1468 359 360 819 812 821
1 3600 759
19
1449 125 122 641 642 1351 1348 1271 1268 1325 1249 983 845 683 684 547 83 80 1301
1 3600 759
10
1449 755 750 756 1406 1410 1293 1288 975 953
1 3600 759
9
1449 125 120 1293 1288 975 976 1364 1368
1 3600 759
10
1447 755 752 1407 1131 119 114 128 133 134
1 3600 506
9
1231 1232 1451 957 954 1399 1119 379 380
1 3600 421
21
930 1450 545 538 1193 1194 59 52 269 225 228 230 262 730 734 740 746 745 277 247 244
1 3600 759
25
764 930 957 954 1193 1194 59 52 269 225 226 236 215 220 372 363 366 924 1362 1403 1127 1122 1149 1081 1078
1 3600 759
19
710 932 1175 1171 1168 107 77 82 550 830 685 680 952 974 1289 1292 1411 753 748
1 3600 759
21
905 361 358 1007 1004 799 800 101 104 1134 283 280 982 1250 1278 1411 1407 757 760 1055 1052
1 3600 130
6
1231 1232 545 538 1399 393
1 3600 130
9
526 707 708 1451 957 954 1193 1194 1204
1 3600 108
11
1104 1232 545 538 1193 441 442 417 418 55 56
1 3600 446
25
1109 825 826 832 357 354 339 340 107 108 73 74 189 169 162 1154 1063 177 178 209 210 303 300 1046 1092
1 3600 759
29
655 656 1462 1175 1171 1168 341 344 1239 1240 853 829 830 685 682 844 982 1248 1324 1334 1344 1285 1286 1317 1320 1315 1187 1188 1183
1 3600 759
30
1105 837 813 818 361 358 1469 429 432 810 513 514 896 99 92 1393 1390 679 680 952 974 1310 1343 1341 1338 1291 1292 121 124 1448
1 3600 151
5
706 527 521 524 325
1 3600 140
3
324 525 522
1 3600 140
6
765 555 556 1165 1166 351
1 3600 140
6
1104 1232 709 710 529 521
1 3600 140
8
1231 1109 1106 357 354 353 346 1456
1 3600 303
12
655 656 1462 1175 1171 1172 337 334 1455 1255 1256 1260
1 3600 759
25
706 527 528 932 1175 1171 1168 107 77 78 1381 1379 891 892 1140 839 842 958 283 278 1366 1365 977 974 1310
1 3600 759
22
905 361 358 1007 859 856 85 90 1385 1386 1467 1464 679 682 844 982 1250 1278 1411 753 750 758
1 3600 93
9
526 707 708 1233 1105 837 821 826 834
1 3600 124
11
837 813 814 832 357 358 1007 859 856 1011 1014
1 3600 399
6
905 361 358 1469 429 430
1 3600 759
14
1451 931 327 322 331 334 1457 1453 1375 1331 777 774 1366 1368
1 3600 759
24
324 763 555 556 1165 1162 107 77 82 546 685 680 952 974 1289 1292 1411 127 115 112 901 902 133 130
1 3600 632
14
554 762 325 326 930 957 954 1399 1119 1021 1018 1096 385 382
1 3600 281
19
1164 557 554 764 930 1450 545 538 1399 1395 1199 1196 1243 1201 613 605 602 509 510
1 3600 399
25
1172 337 332 1215 967 968 1211 915 65 13 16 40 1026 141 138 727 369 364 295 290 1033 1030 483 473 474
1 3600 759
14
632 193 194 663 660 666 565 568 1206 1208 1101 1098 423 426
1 3600 759
22
77 78 1381 671 674 841 842 958 283 280 982 1248 1324 1269 1270 1281 1278 1411 1407 757 760 1055
1 3600 148
13
1166 1173 1170 1174 933 711 708 1451 957 954 1193 1194 1204
1 3600 148
18
950 331 332 1215 967 968 1211 915 65 13 16 42 178 1111 1039 1040 1382 1073
1 3600 148
14
1462 1175 1171 1172 337 332 1215 967 961 962 972 1211 915 65
1 3600 148
14
78 1381 1275 1265 651 477 165 162 1154 1063 1025 1026 141 138
1 3600 148
13
78 111 73 74 189 169 162 659 537 534 1113 1039 1040
1 3600 102
20
1165 1162 107 71 74 189 169 162 659 537 534 1117 1114 209 212 989 984 1158 1178 1421
1 3600 446
26
556 1165 1162 341 344 1239 1240 853 829 830 685 682 844 982 1248 1324 1269 1266 1347 1350 643 638 1319 1320 1315 1187
1 3600 759
24
349 352 855 856 85 88 871 868 946 1464 679 680 952 974 1310 1343 1341 1336 1354 1291 1292 121 124 1448
1 3600 162
8
1162 341 338 355 356 833 827 822
1 3600 162
3
330 929 930
1 3600 162
3
329 324 763
1 3600 162
10
341 338 355 360 819 812 821 824 1108 1230
1 3600 102
9
76 106 1163 1164 557 554 762 525 522
1 3600 156
12
553 556 1165 1162 107 108 110 1381 1379 891 888 1137
1 3600 156
5
346 1453 1375 1331 777
1 3600 156
6
950 331 334 1455 1255 1256
1 3600 156
7
333 334 1457 1453 1255 625 620
1 3600 156
12
1171 1168 107 71 74 1460 1277 1265 1259 1257 625 622
1 3600 361
23
950 331 336 351 352 855 856 1011 1014 87 90 1385 1386 1475 95 96 102 863 864 283 280 982 1250
1 3600 759
17
1471 193 194 1229 791 667 668 778 1304 1308 1318 1303 123 124 755 750 756
1 3600 210
10
553 554 762 325 326 930 1450 1233 1109 825
1 3600 172
16
1453 1454 1458 75 72 110 79 80 1472 867 870 89 90 1424 1009 809
1 3600 172
8
80 1472 867 870 89 90 1424 1009
1 3600 172
6
77 80 1301 1298 85 88
1 3600 172
9
1462 1175 1171 1168 341 344 1298 1011 1012
1 3600 92
10
1167 1162 341 344 1300 81 82 546 685 682
1 3600 759
14
636 1214 333 336 351 352 855 858 1004 799 797 787 782 101
1 3600 759
26
523 524 325 328 950 331 334 1455 1375 1331 777 774 1366 1365 977 974 1289 1292 1411 1407 1131 119 114 128 133 134
1 3600 759
27
281 282 959 847 683 684 673 670 1380 111 109 106 1169 1170 1174 933 711 708 545 538 1399 393 390 411 387 382 615
1 3600 379
25
1138 1330 1273 1263 651 477 165 162 1154 1063 1025 1026 141 138 407 373 370 743 277 247 23 18 978 1034 311
1 3600 291
25
669 567 568 1206 175 172 190 1217 1218 1061 61 13 14 198 202 241 217 220 370 743 277 272 398 147 33
1 3600 474
17
1366 1365 977 974 1310 1343 1341 1338 1291 1292 1411 753 748 1244 607 153 150
1 3600 759
12
675 670 1275 1265 651 652 1067 427 317 318 412 516
1 3600 583
10
1257 1254 1454 335 332 1215 967 968 1211 875
1 3600 192
8
74 189 169 162 1154 31 28 11
1 3600 192
19
890 1377 1273 1261 1258 651 477 165 162 1154 31 28 11 14 198 202 270 53 58
1 3600 200
13
1256 1258 651 477 181 184 537 534 1043 303 300 1044 1426
1 3600 200
9
1376 1378 1275 1276 1461 189 186 1209 175
1 3600 200
8
1378 1275 1276 1461 189 186 1209 175
1 3600 200
19
976 1364 1367 775 776 1330 1273 1263 651 477 165 162 659 537 534 1043 303 300 1046
1 3600 200
8
1263 1264 1276 1461 189 186 1209 1207
1 3600 115
13
1139 1136 1146 839 842 958 283 280 982 1250 1278 121 124
1 3600 759
12
623 624 1256 1258 651 477 181 182 1296 123 124 1446
1 3600 345
10
621 624 1254 1452 347 352 355 356 1107 1108
1 3600 216
13
1147 889 890 1377 1374 1452 1456 335 332 1215 637 632 1470
1 3600 216
11
660 666 565 568 1206 1208 187 188 1459 1457 1453
1 3600 216
13
669 661 664 1228 195 192 633 636 1214 333 336 1167 1164
1 3600 216
8
1380 79 80 1301 1298 857 854 353
1 3600 216
3
1380 111 109
1 3600 216
12
1136 1146 1141 677 672 831 828 852 1241 1238 345 342
1 3600 216
5
1264 1276 1461 1459 335
1 3600 207
5
1272 1376 891 892 1140
1 3600 207
4
1381 1379 1377 1331
1 3600 212
9
1365 977 974 1310 1343 1333 1269 1270 1281
1 3600 212
7
777 774 279 280 982 1248 1326
1 3600 212
12
1256 1258 1264 1274 671 672 685 682 844 982 1248 1326
1 3600 212
15
1272 1376 891 892 1140 839 842 958 283 280 982 1248 1326 1344 1370
1 3600 212
7
668 778 1304 1308 1318 639 642
1 3600 583
10
774 1366 1365 977 974 1289 1292 1411 127 115
1 3600 759
22
1461 75 72 110 549 550 828 850 1391 1392 93 98 897 515 512 811 433 428 1005 1006 359 356
1 3600 111
9
623 624 1254 1452 347 352 855 858 1004
1 3600 182
9
72 110 549 550 828 850 1465 881 882
1 3600 182
14
776 1139 1136 1146 1141 677 672 685 678 1391 887 884 95 98
1 3600 182
11
1146 839 842 847 683 678 1465 1466 1387 943 938
1 3600 182
14
1260 1263 1264 1274 671 672 685 678 1465 1466 689 692 698 1234
1 3600 182
8
672 685 682 848 105 100 783 784
1 3600 271
7
888 1137 1138 777 774 1366 1368
1 3600 759
17
1136 1146 839 842 958 283 280 982 1250 1278 1411 1407 1131 1128 901 902 133
1 3600 759
25
1249 983 845 683 684 547 83 76 106 1169 1170 1174 933 529 526 707 708 1451 957 954 1399 1119 1021 1018 601
1 3600 759
31
1248 1324 1334 1344 1285 1282 183 184 658 1154 1063 1025 1026 207 202 49 46 227 222 285 265 266 261 258 530 1201 613 605 602 509 510
1 3600 474
21
1343 1341 1336 1353 1347 1350 643 640 1297 183 184 537 534 1113 1039 1040 1071 1068 921 924 1360
1 3600 421
11
1248 1324 1269 1270 1281 1278 1411 753 748 1244 1252
1 3600 759
8
1289 1292 1411 1407 757 760 1055 1052
1 3600 759
20
1340 1342 1311 975 976 1364 1367 775 776 1330 1374 1454 335 332 1215 967 968 1211 875 872
1 3600 421
24
1268 1334 1327 1249 983 281 282 865 860 681 684 831 551 83 76 106 1163 1166 337 332 1215 967 961 964
1 3600 118
13
1290 1355 1353 1347 1350 643 638 1319 1309 1305 779 669 567
1 3600 153
6
1340 1333 1334 1344 1285 1282
1 3600 153
9
1280 1349 1350 643 638 1319 1320 1315 1312
1 3600 153
11
1268 1334 1344 1285 1286 1317 1309 1306 1312 1183 423
1 3600 690
7
1269 1270 1281 1278 121 124 1448
1 3600 759
18
1325 1249 983 281 282 1135 105 100 802 433 428 1468 359 360 819 812 821 824
1 3600 303
9
1340 1342 1311 975 953 681 684 547 83
1 3600 180
12
1373 1351 1346 1267 1268 1325 1249 983 845 683 684 673
1 3600 180
10
1249 983 281 278 775 776 1330 1273 1261 1257
1 3600 180
10
1332 1342 1311 975 953 681 684 831 551 548
1 3600 180
9
1311 975 953 681 684 673 670 1275 1265
1 3600 180
12
752 1410 1279 1251 983 281 282 959 843 838 1147 1137
1 3600 161
7
1293 1290 1339 1340 1333 1334 1344
1 3600 151
4
1411 127 115 116
1 3600 151
5
1291 1292 1411 1407 1131
1 3600 759
23
1267 1268 1334 1327 1249 983 281 282 1135 105 97 98 897 515 431 428 1005 1006 359 360 819 814 827
1 3600 474
12
1288 975 953 681 678 1391 887 884 1474 1387 943 935
1 3600 108
7
975 953 681 678 1391 887 882
1 3600 120
8
1337 1340 1342 1311 975 976 1364 1368
1 3600 542
12
1371 1345 1335 1269 1270 1281 1278 1411 127 128 133 130
1 3600 759
22
751 748 1246 1441 1145 1142 1033 453 454 145 146 399 396 255 258 532 630 619 614 383 386 410
1 3600 759
11
126 753 748 1246 1441 1151 1148 307 293 294 1017
1 3600 759
11
117 118 1130 757 751 748 1246 1442 1079 1080 1148
1 3600 690
20
900 113 114 126 1410 1279 1280 1349 1350 643 640 1297 1294 1317 1320 1315 1187 1190 425 426
1 3600 759
3
760 1055 1052
1 3600 759
25
1409 1406 1410 1279 1251 983 845 683 684 831 828 852 1241 1238 345 340 1163 1164 557 554 764 930 1450 545 540
1 3600 759
17
118 1130 1406 1410 121 122 1302 1319 1309 1305 779 669 661 662 195 196 1217
1 3600 542
10
757 751 748 1246 1442 1079 1076 1084 1420 1087
1 3600 161
20
126 1410 1293 1290 1339 1340 1333 1334 1344 1285 1286 1317 1309 1306 1312 1183 423 426 1066 1074
1 3600 330
3
751 754 1446
1 3600 759
19
1406 1410 1279 1251 983 845 683 684 547 83 76 106 1169 1170 1174 933 529 526 1176
1 3600 759
17
751 754 125 122 1297 183 180 476 650 1262 1261 1257 1254 1452 347 350 1167
1 3600 379
12
1410 1279 1280 1349 1350 643 638 1319 1309 1305 779 780
1 3600 120
3
756 1406 1410
1 3600 120
7
1410 1293 1290 1355 1353 1267 1268
1 3600 316
3
1409 1131 1128
1 3600 759
17
1406 1410 1279 1251 983 281 282 865 862 103 100 801 798 1468 359 356 833
1 3600 759
19
1406 1410 1293 1288 975 976 1364 1367 279 282 1135 105 100 783 786 794 899 515 431
1 3600 506
9
900 1129 1130 1406 1410 1293 1288 975 953
1 3600 379
12
1409 1406 1410 1279 1251 983 281 282 865 862 103 100
1 3600 253
5
115 116 902 133 134
1 3600 759
15
817 812 836 1104 1232 545 538 1399 393 388 644 646 615 618 1356
1 3600 759
23
817 814 827 824 1108 1232 1451 957 954 1193 441 442 417 418 917 918 926 285 265 262 730 734 740
1 3600 759
19
1107 1108 1232 545 538 1193 1194 59 52 269 225 226 236 251 252 372 363 364 295
1 3600 759
18
826 832 357 354 353 346 1456 1458 1460 1277 1265 651 652 1067 427 317 318 412
1 3600 759
22
361 358 1007 859 856 1299 1300 81 78 111 73 74 189 186 1101 1098 423 317 318 412 516 1052
1 3600 690
9
833 815 812 836 1104 1232 1451 957 954
1 3600 583
20
479 480 349 350 337 332 1215 637 632 193 196 1217 1218 1061 1058 1212 1063 177 178 209
1 3600 759
24
1107 1108 1232 545 538 1193 1194 59 56 66 45 50 243 238 727 724 1431 1073 987 984 1158 1178 1421 1418
1 3600 759
26
814 832 357 358 1469 429 432 803 101 102 863 860 952 974 1310 1343 1333 1334 1344 1285 1282 1294 1317 1320 1322 1328
1 3600 759
23
813 818 361 358 1469 429 430 514 896 99 94 885 886 1390 679 680 952 974 1289 1292 121 124 1446
1 3600 73
6
820 836 1104 1232 709 706
1 3600 143
4
361 354 339 340
1 3600 542
16
814 832 357 354 353 350 337 332 1215 637 632 193 194 663 660 668
1 3600 759
16
817 814 832 357 358 1007 1004 799 800 101 104 1134 283 280 982 1248
1 3600 759
22
815 818 361 358 1007 859 856 1299 1239 1240 853 829 830 685 682 844 982 1250 1278 1411 127 115
1 3600 303
8
479 480 349 352 355 360 819 816
1 3600 93
13
817 814 832 357 358 1007 859 856 85 86 1422 1433 1434
1 3600 93
4
818 361 354 339
1 3600 330
15
832 357 358 1469 429 430 514 894 998 1160 691 688 1475 885 886
1 3600 759
7
357 358 1469 429 432 803 101
1 3600 759
34
835 815 818 361 358 1007 1004 799 797 794 899 894 1000 699 693 688 1467 1464 679 680 952 974 1310 1343 1341 1338 1291 1292 1411 1407 1131 119 114 128
1 3600 759
18
1435 1013 1010 857 854 353 350 337 330 929 930 957 954 1399 1119 379 380 876
1 3600 759
33
807 804 934 942 949 869 866 853 829 551 548 111 73 74 189 169 162 1154 1063 1025 1026 141 138 407 373 370 743 277 247 244 586 599 591
1 3600 759
27
866 1473 81 76 108 73 74 189 169 162 659 537 534 1043 211 212 1040 1071 1068 921 924 1362 297 290 1033 453 454
1 3600 759
18
1423 87 88 871 868 946 1464 679 682 844 982 1250 1278 1411 753 750 760 773
1 3600 759
22
430 514 896 99 92 1393 1390 679 684 673 670 1275 1265 651 652 1067 427 317 318 412 516 1052
1 3600 690
17
1425 91 84 1299 345 340 1169 1170 1174 933 711 708 545 538 1193 1194 1204
1 3600 330
14
1241 1238 345 340 1169 1172 337 332 1215 637 632 193 196 1217
1 3600 474
10
1473 81 78 111 73 74 189 186 1209 175
1 3600 759
17
1300 81 76 71 74 1460 1277 1265 651 477 181 182 1294 1317 1320 1322 1328
1 3600 759
21
934 940 687 690 1133 99 96 104 1134 283 280 982 1248 1326 1344 1285 1282 1296 123 124 1448
1 3600 138
6
338 355 356 833 827 822
1 3600 248
6
353 350 337 332 1215 1185
1 3600 248
7
428 1005 859 856 1299 1300 81
1 3600 248
18
936 1008 1425 91 86 1015 1010 857 854 339 340 1163 1164 557 554 762 325 322
1 3600 248
4
857 854 353 348
1 3600 248
16
1237 1235 699 693 688 1467 1464 851 829 830 673 676 893 890 1377 1374
1 3600 248
7
942 949 869 866 1473 81 76
1 3600 213
11
340 107 108 73 74 189 186 1209 1207 569 566
1 3600 213
13
807 808 1008 1425 1385 949 946 1464 679 682 846 843 838
1 3600 542
14
1237 1235 1001 895 898 795 787 782 101 104 1134 283 280 982
1 3600 759
15
339 344 1239 1240 853 829 830 685 680 952 974 1289 1292 1411 1407
1 3600 198
8
84 857 858 1006 359 360 819 812
1 3600 198
11
870 89 86 1015 1010 857 858 1006 359 356 833
1 3600 198
5
359 360 819 814 834
1 3600 230
7
859 856 1011 1014 1422 1433 1434
1 3600 230
14
432 810 513 514 894 998 695 696 945 941 942 1384 91 86
1 3600 234
3
1472 853 829
1 3600 234
7
1469 799 800 101 104 849 846
1 3600 234
8
344 1298 85 90 1385 1386 1475 95
1 3600 234
4
937 934 942 949
1 3600 234
12
89 90 1424 1009 937 703 704 697 694 999 895 898
1 3600 234
6
940 687 690 1133 99 92
1 3600 234
14
344 1298 1011 1014 87 90 1424 1009 809 804 703 704 697 694
1 3600 234
9
1014 87 90 1385 943 940 687 690 1133
1 3600 759
12
942 1386 1467 1464 679 680 861 864 283 278 1366 1368
1 3600 759
27
1432 1423 87 88 871 868 946 1464 679 680 952 974 1310 1343 1341 1336 1354 1291 1292 1411 127 115 112 901 902 133 134
1 3600 759
24
282 959 843 838 1141 893 890 1378 1275 1276 1461 1459 335 330 951 329 326 930 957 954 1399 1395 1199 1196
1 3600 759
39
1389 691 688 1475 885 886 1390 851 829 551 548 111 73 74 1460 1277 1265 651 477 165 162 1154 31 28 11 14 200 141 138 239 242 219 220 370 743 277 247 23 24
1 3600 759
34
699 693 688 1467 1464 679 684 673 670 1275 1265 651 477 165 162 659 537 534 1117 1114 1111 1039 989 984 1156 1426 1089 1090 1418 1415 1401 1402 297 290
1 3600 759
37
899 896 99 94 885 886 1390 851 829 551 548 111 73 74 189 169 162 659 537 534 1043 211 212 1040 1382 1073 923 924 1362 297 290 1033 1030 483 473 465 161
1 3600 759
16
1133 99 96 102 863 860 952 974 1289 1292 1411 1407 757 760 1055 1052
1 3600 759
14
278 775 776 1330 1374 1454 335 330 323 326 930 957 954 1193
1 3600 399
19
691 688 1467 1464 679 684 673 676 893 890 1377 1273 1263 651 477 165 162 1154 31
1 3600 316
18
1390 851 829 551 548 111 73 74 189 169 162 659 537 534 1043 303 300 1046
1 3600 474
13
685 682 844 982 1248 1326 1344 1285 1286 1317 1320 1322 1328
1 3600 759
7
280 982 1250 1278 121 124 1446
1 3600 506
13
959 847 683 684 547 83 76 106 1163 1164 557 554 764
1 3600 291
11
1474 1387 1384 91 84 857 854 353 350 337 332
1 3600 291
20
705 702 936 1008 1425 91 86 1015 1010 1299 345 340 1169 1172 337 332 1215 637 632 1470
1 3600 291
24
794 899 894 998 695 696 945 941 935 805 808 1008 1425 91 84 1299 345 340 1163 1164 557 554 762 525
1 3600 346
11
1160 691 688 1467 1464 679 684 673 670 1275 1265
1 3600 346
12
939 942 949 869 866 853 829 830 673 676 1140 1147
1 3600 346
10
1133 99 96 104 849 846 843 838 1147 889
1 3600 346
8
691 688 1467 1464 679 682 846 843
1 3600 346
9
883 880 947 869 866 1473 81 78 111
1 3600 346
11
673 676 1140 1147 1137 1138 1330 1273 1261 1257 625
1 3600 346
6
883 886 1390 679 682 844
1 3600 346
20
1000 699 696 705 702 936 1008 1425 91 86 1015 1010 857 854 353 346 1453 1255 1256 1260
1 3600 346
7
830 685 680 861 864 283 278
1 3600 266
15
1475 95 96 102 863 860 952 974 1310 1343 1341 1336 1353 1347 1350
1 3600 266
18
698 1001 895 898 793 789 785 782 101 104 1134 283 280 982 1248 1324 1332 1341
1 3600 759
15
1393 1390 679 680 952 974 1310 1343 1341 1338 1291 1292 1411 753 750
1 3600 506
13
884 95 98 897 898 795 796 798 1468 359 356 833 827
1 3600 352
6
701 702 805 808 1008 1425
1 3600 352
7
282 1135 105 100 802 433 428
1 3600 352
5
695 693 686 941 935
1 3600 352
6
880 947 948 1384 91 86
1 3600 352
11
896 1132 691 686 941 935 936 1008 1425 91 86
1 3600 352
6
1000 699 696 705 702 936
1 3600 352
13
514 894 998 695 696 945 941 942 1384 91 84 1299 345
1 3600 352
8
1392 93 98 897 515 431 428 1468
1 3600 352
7
1466 1387 1384 91 84 857 854
1 3600 352
7
702 805 808 1008 1425 91 88
1 3600 352
6
1235 699 693 686 941 942
1 3600 357
3
699 696 945
1 3600 357
4
1132 1161 695 696
1 3600 357
3
699 696 705
1 3600 357
4
863 860 681 684
1 3600 309
4
1391 1392 93 96
1 3600 309
7
1235 1001 895 515 512 811 803
1 3600 309
6
1364 1367 279 282 1135 105
1 3600 309
5
895 898 795 796 800
1 3600 759
11
682 844 982 1250 1278 1411 1407 1131 119 114 128
1 3600 759
24
97 94 885 880 947 869 866 1241 1238 345 340 1169 1170 1174 933 529 526 707 708 545 538 1399 1395 1199
1 3600 759
24
101 104 849 846 843 840 675 670 1275 1265 651 477 165 162 1154 1063 1025 1026 141 138 407 373 370 911
1 3600 759
34
104 1134 959 843 838 1141 893 890 1377 1273 1261 1258 651 477 181 184 537 534 1113 1039 989 984 1158 1178 1421 1418 1415 1413 1153 1150 1145 1142 1033 453
1 3600 759
25
101 102 863 860 952 974 1310 1343 1333 1269 1266 1347 1350 643 640 1302 1319 1320 1315 1187 1188 1476 425 317 318
1 3600 759
19
101 102 863 860 681 684 673 670 1275 1265 651 652 1067 427 317 318 412 516 1052
1 3600 759
21
97 94 1474 1387 1384 91 86 1015 1010 857 854 339 340 1169 1170 1174 933 711 708 545 538
1 3600 759
16
104 849 683 684 547 548 111 73 74 189 169 162 1154 1063 1025 1026
1 3600 759
23
801 798 1005 1006 359 354 353 350 337 332 1215 967 968 1211 915 65 13 16 42 178 209 212 989
1 3600 583
12
104 1134 283 280 982 1248 1326 1344 1285 1286 1317 1320
1 3600 759
14
102 863 864 283 278 1366 1365 977 974 1289 1292 121 124 1446
1 3600 759
18
1369 1367 775 776 1330 1376 1378 1380 79 80 1301 1298 857 858 1006 359 360 904
1 3600 632
13
97 92 1393 1390 851 852 1241 1238 345 340 1163 1166 337
1 3600 161
18
1369 1367 775 776 1330 1273 1263 1264 1276 1461 189 186 1209 1207 569 564 667 668
1 3600 85
12
101 104 1134 283 280 982 1248 1324 1269 1266 1347 1350
1 3600 345
11
102 863 860 952 974 1289 1292 1411 127 115 116
1 3600 759
7
802 433 428 1468 359 356 833
1 3600 446
16
783 786 794 899 896 1132 691 686 941 935 936 1008 1425 91 86 1015
1 3600 44
3
802 810 513
1 3600 421
6
104 1134 283 278 1366 1368
1 3600 210
16
101 104 1134 283 280 982 1250 1278 1411 1407 1131 1128 901 902 133 136
1 3600 759
29
137 132 903 117 118 1130 757 760 773 768 435 436 449 446 716 722 149 33 34 1029 1003 587 245 246 274 255 258 530 1242
1 3600 759
21
137 132 129 126 753 748 1244 607 608 487 484 492 435 438 461 399 396 255 258 532 626
1 3600 759
17
135 132 903 900 1129 1130 757 760 773 768 435 436 449 446 713 714 720
1 3600 759
6
135 132 129 126 753 748
1 3600 759
9
131 132 903 117 118 1130 757 760 1055
1 3600 759
29
135 132 129 126 753 754 125 122 1297 183 184 658 1154 31 28 11 14 198 202 270 53 54 419 416 443 440 1192 539 540
1 3600 759
22
129 126 753 754 125 122 1302 1319 1309 1305 779 669 666 790 1228 195 192 633 636 967 961 964
1 3600 759
14
903 900 1129 1130 757 751 748 1246 1442 1079 1076 1082 1419 1091
1 3600 759
20
137 132 129 126 1410 1279 1280 1349 1350 643 638 1319 1309 1306 1312 1183 423 426 1066 1074
1 3600 759
10
131 132 903 117 118 1130 757 751 754 1446
1 3600 759
23
137 132 129 126 1410 1279 1251 983 845 683 684 831 551 83 76 106 1169 1170 1174 933 529 526 707
1 3600 759
20
903 900 1129 1130 1406 1410 1293 1288 975 953 681 684 547 83 76 106 1169 1170 1174 1463
1 3600 759
11
129 126 753 754 125 122 1297 183 180 476 650
1 3600 281
10
135 132 903 117 118 1130 1406 1410 1293 1290
1 3600 168
3
137 132 129
1 3600 759
28
903 900 113 114 126 1410 1279 1251 983 845 683 678 1465 1466 689 690 1161 999 895 515 431 428 1005 1006 359 360 819 814
1 3600 759
19
135 132 903 117 118 1130 1406 1410 1293 1288 975 953 681 678 1465 947 948 943 935
1 3600 474
17
129 126 1410 1279 1280 1271 1268 1325 1249 983 281 282 865 862 103 100 783
1 3600 161
19
137 132 903 900 1129 1130 1406 1410 1293 1290 1339 1340 1342 1311 975 953 861 862 103
