963
1 3600 329
6
1350 2183 1899 1900 1349 1346
1 3600 329
7
1299 1302 1325 1223 1226 337 332
1 3600 329
3
1225 1228 1309
1 3600 329
11
339 336 1343 1340 1347 1348 1901 1367 1370 2052 2077
1 3600 329
12
370 357 335 336 1227 1222 1324 1303 1298 1812 2034 2036
1 3600 360
19
2021 1327 1328 1343 1344 2004 1347 1348 1901 1898 2182 1351 1161 263 260 1356 1358 605 309
1 3600 360
8
1333 1330 1361 601 604 1405 1177 271
1 3600 360
14
2077 2075 2073 267 270 1176 307 308 600 1360 1331 169 163 156
1 3600 360
8
2077 1159 263 260 1356 1358 605 602
1 3600 360
20
2014 1315 1316 1320 1229 1224 1342 337 334 356 371 372 2050 1365 1362 103 104 612 303 306
1 3600 360
11
358 375 368 378 1362 167 107 104 385 31 32
1 3600 360
9
2051 373 370 133 128 325 330 795 790
1 3600 360
21
1305 1308 1229 1224 1340 1347 1348 1901 363 366 1353 1161 263 260 1356 1358 1405 307 304 2095 2092
1 3600 360
12
1318 1223 1226 337 338 376 371 372 2050 1365 1362 103
1 3600 360
4
163 156 2063 165
1 3600 360
31
2039 2035 1813 1299 1302 1325 1322 1328 1343 1344 2004 1347 1348 1901 363 360 2182 2186 1353 1354 2077 2075 2073 267 270 1176 307 304 2149 2147 2093
1 3600 360
12
1347 1348 1901 1367 1370 2052 2077 2075 265 260 1356 1358
1 3600 360
16
2037 2035 1813 1299 1296 1311 1305 1308 1229 1226 337 334 356 133 130 378
1 3600 360
17
1813 1299 1302 2021 1327 1328 337 332 375 372 2048 1333 1330 1361 601 309 302
1 3600 360
5
1365 171 168 1334 1336
1 3600 360
13
1224 1340 1347 1348 1901 1898 2182 1351 1161 263 264 2073 267
1 3600 360
14
2014 2016 1325 1223 1224 1340 1347 1348 1901 363 366 1353 1161 263
1 3600 323
16
371 368 378 1362 167 107 104 385 31 28 870 2145 2093 1647 1644 223
1 3600 323
20
1316 1320 1229 1226 337 334 358 365 360 2182 1351 1354 2077 2075 2073 267 270 1174 1644 893
1 3600 500
33
1348 1901 363 364 375 368 341 342 329 330 990 811 806 411 412 1383 429 389 386 417 418 1077 1074 1497 1498 321 318 801 796 1509 1506 1553 1021
1 3600 500
23
163 160 103 104 610 875 876 1860 1489 1490 1498 2116 841 842 839 823 820 1374 1902 779 784 1232 1916
1 3600 500
32
1333 1334 1338 2065 165 107 104 385 382 875 876 1862 817 812 849 846 1141 237 238 854 1904 1927 1928 1893 355 352 1941 1938 1944 1998 2000 691
1 3600 500
28
2048 1333 1330 1361 601 309 306 1177 1174 1644 893 887 888 1165 1162 139 140 972 984 1293 1290 685 682 988 53 50 963 960
1 3600 342
11
1308 1229 1226 337 338 376 133 128 325 328 392
1 3600 342
12
1317 1318 1322 1328 337 338 376 133 128 342 329 330
1 3600 342
10
1347 1348 1901 363 364 375 368 341 325 328
1 3600 342
19
128 342 329 330 990 399 402 408 529 532 545 542 1398 2066 1755 1745 1729 1730 1858
1 3600 342
9
1331 1334 159 162 170 379 341 342 392
1 3600 342
13
2019 1327 1323 1223 1224 1342 337 334 356 133 128 325 326
1 3600 342
32
2041 2035 1813 1299 1302 1325 1223 1224 1344 2004 1347 1348 1901 1367 1370 2052 2077 2075 265 260 1356 1358 605 602 613 610 219 220 413 401 402 404
1 3600 342
9
1342 337 332 359 356 133 128 325 330
1 3600 303
25
1229 1224 1340 1347 1348 1901 1898 2182 2186 1353 1161 263 260 1356 1358 605 309 302 381 31 26 876 1069 1055 1056
1 3600 303
24
1813 1299 1302 2021 1327 1328 337 338 376 371 372 2050 1365 1362 167 107 104 385 382 875 876 1069 1055 1056
1 3600 303
11
2052 2077 2075 2073 267 270 1176 307 302 613 610
1 3600 303
6
378 1362 103 104 385 382
1 3600 200
20
1333 1330 1361 601 309 304 2095 1647 1644 1648 769 766 477 317 322 843 844 1561 1558 865
1 3600 500
36
2077 1159 263 260 1356 1358 1405 307 304 2149 873 29 26 876 1862 833 828 1481 1478 1651 1077 1078 2166 867 864 1559 295 292 1142 1262 741 742 748 2029 929 926
1 3600 500
35
2019 1327 1328 337 332 375 368 341 342 329 330 990 399 400 412 1383 429 389 73 76 1705 727 730 738 81 78 751 752 1152 1779 1780 1185 1186 945 946
1 3600 500
32
1370 2052 2077 2075 2073 267 270 1174 1644 1648 905 906 117 114 1242 1244 1019 781 782 1413 1414 1945 1273 1270 1866 1493 1485 1482 1514 707 710 2098
1 3600 500
40
1316 1320 1229 1224 1344 2004 1347 1348 1901 1898 2182 1351 1161 263 260 1356 1358 605 309 304 2095 1647 1644 893 894 902 1165 1166 2086 1897 1894 1815 1761 1764 979 974 986 1766 673 674
1 3600 250
25
2014 1315 1318 1223 1226 337 334 356 371 372 2050 1365 1362 167 107 104 610 219 216 543 544 533 528 1251 1252
1 3600 250
31
1316 1320 1229 1226 337 338 376 133 128 325 330 795 792 809 806 411 412 1383 1384 1394 1399 1396 1971 487 482 1240 1083 1088 1995 1209 1003
1 3600 500
30
2182 2186 1353 1161 263 260 1356 1358 605 602 381 382 219 216 1396 2060 491 496 1974 2055 1681 1678 1877 1874 1613 1610 1626 1640 1119 281
1 3600 500
30
368 378 1362 103 104 385 31 26 876 1069 831 834 1468 1651 419 414 446 1448 1693 1179 65 66 1155 1152 1784 1783 1780 559 562 1028
1 3600 500
41
1318 1223 1224 1340 1347 1348 1901 363 366 1353 1354 2077 2075 2073 267 270 1174 1644 223 224 766 788 319 322 1844 235 232 681 678 1260 1904 123 124 313 314 947 944 1187 443 444 553
1 3600 500
53
1325 1322 1328 337 334 356 133 128 342 329 330 990 399 402 408 529 530 1984 547 542 1396 1853 503 498 431 432 654 1882 2140 665 666 1710 1719 1714 623 624 1698 1667 1668 2070 1907 1685 1686 1776 257 243 244 113 108 721 724 1584 717
1 3600 500
46
375 372 2048 1333 1334 1336 2124 2063 165 107 104 610 875 876 1862 817 812 849 846 865 868 1080 1706 1996 1205 1202 273 274 1986 2123 2029 1787 1779 1780 1788 1793 661 662 1820 1824 1603 1597 1598 1606 1616 2090
1 3600 500
29
1348 1901 1898 2182 1351 1161 263 260 1356 1358 605 602 381 382 219 220 1383 1384 1394 1399 1396 1971 1972 499 500 1168 1635 657 199
1 3600 500
15
1328 337 332 375 368 341 325 330 990 399 402 408 529 530 1980
1 3600 500
39
1342 337 338 376 133 128 342 329 330 795 792 809 806 411 412 1383 429 426 1728 1746 1739 1736 1689 1690 289 286 1150 1800 2176 1125 1126 1132 2179 1105 1102 1106 1880 2141 2142
1 3600 500
36
371 372 2050 1365 1362 167 107 104 385 31 26 876 1860 1489 1490 1498 2116 841 844 297 290 235 232 1262 273 276 744 752 23 24 617 620 628 1712 2158 643
1 3600 138
16
269 266 2072 2074 2076 2053 1371 1366 1900 1349 1346 1341 1342 1329 1326 2018
1 3600 138
10
2149 873 29 30 384 105 102 1363 1364 2051
1 3600 138
8
384 105 106 166 1363 379 131 132
1 3600 138
16
2072 2074 2076 1355 1352 367 362 1900 1349 1346 2005 1345 1225 1228 1321 1307
1 3600 138
10
1337 1335 1332 2049 373 374 365 362 1900 1349
1 3600 138
14
156 2125 2089 1377 1361 601 604 1359 1357 261 262 1158 2076 2053
1 3600 138
11
791 794 331 324 129 132 377 339 336 1227 1228
1 3600 79
6
384 105 106 164 2064 2088
1 3600 144
15
260 1356 1358 1405 307 304 2095 1647 1644 893 894 898 1195 119 120
1 3600 144
11
260 1356 1358 1405 1177 1174 1644 1648 769 770 2024
1 3600 144
10
304 2149 2147 2093 1647 1644 223 224 770 1753
1 3600 144
13
613 610 875 876 1860 1489 787 767 768 905 906 908 914
1 3600 144
14
107 104 385 382 875 876 1862 817 814 787 767 770 1753 1750
1 3600 144
8
2095 1647 1644 893 894 900 2109 1195
1 3600 144
7
267 270 1174 1644 893 887 890
1 3600 178
20
260 1356 1358 1405 307 302 381 31 26 876 1069 831 834 819 812 1497 481 478 801 802
1 3600 500
15
1358 1405 1177 1174 1644 893 887 881 882 1165 763 758 1231 863 856
1 3600 500
48
269 270 1176 307 302 613 610 219 216 1398 2068 1757 451 448 1655 1656 1708 1705 1081 869 864 1559 1560 297 292 1142 681 649 646 1260 1904 1927 1930 1956 2012 1217 1214 1531 1528 1461 1462 1871 1868 1946 1948 1769 987 975
1 3600 500
43
602 381 382 219 220 1383 429 95 90 1478 1651 1077 1078 2166 853 850 841 842 839 17 20 1386 799 796 1902 1920 2126 2129 2130 1445 1442 1937 1007 1008 153 150 691 696 2152 1653 1609 39 36
1 3600 111
13
2092 2144 2150 33 30 384 105 102 1363 379 341 325 328
1 3600 134
9
2063 165 107 104 610 875 876 1069 1066
1 3600 134
13
157 162 170 379 131 128 342 329 330 990 811 806 2046
1 3600 134
10
1362 103 104 385 31 26 876 1069 1055 1056
1 3600 134
8
1358 605 602 613 385 382 875 876
1 3600 119
13
267 270 1176 307 304 2149 873 29 26 876 1860 1489 1490
1 3600 119
16
2065 165 107 104 610 219 220 1383 429 389 386 2082 437 438 1705 727
1 3600 227
20
2093 1647 1644 1648 905 906 117 114 1242 1244 1019 781 778 1891 1892 2127 917 918 923 920
1 3600 500
31
1358 1405 1177 1174 1644 223 226 905 906 910 913 914 1511 773 774 1257 1221 1218 2081 2079 1231 863 858 1411 1414 1945 1942 1950 1265 1268 1463
1 3600 500
25
2145 2093 1647 1644 893 887 888 1165 1162 139 136 1807 971 972 980 1006 1936 1950 1952 1533 1526 1563 1073 3 6
1 3600 500
28
103 104 385 382 219 216 1396 1853 503 498 507 510 652 1674 1848 1911 1037 1032 1817 1281 1278 1836 1833 1637 1621 1618 1581 1573
1 3600 357
20
873 29 26 876 1069 1055 93 94 426 1728 1744 493 494 483 486 1972 499 504 1625 299
1 3600 208
16
307 302 613 610 219 220 1383 1384 1394 2066 1755 493 494 1240 1083 1084
1 3600 294
21
1362 167 107 104 385 382 875 876 1862 833 828 1481 1478 1651 1077 425 420 438 1709 1657 1654
1 3600 500
36
2095 1647 1644 1648 769 766 477 317 320 2116 851 852 867 868 1080 727 732 735 738 1179 1111 1112 1181 995 996 1156 1172 1696 1758 1965 1701 1698 597 575 580 1065
1 3600 500
29
1174 1644 893 894 898 1195 1196 1193 1188 1242 777 772 1505 1508 1375 1372 1904 1927 1932 61 58 188 944 2031 953 950 661 662 1820
1 3600 500
44
1356 1358 605 602 381 382 219 216 1398 2066 181 178 1739 1740 1681 1678 1877 1874 1879 1113 89 86 11 14 757 751 745 742 748 2029 929 926 934 944 2031 953 937 938 1428 2137 2132 1795 723 720
1 3600 500
32
31 26 876 1862 817 812 849 846 1141 1142 1262 1203 755 756 1155 1152 1784 1783 1780 1788 1793 539 534 1433 1430 1436 1438 2118 715 716 1589 1592
1 3600 500
17
1358 605 309 302 613 610 219 216 1396 1853 503 500 1170 1727 1633 1630 657
1 3600 500
16
379 341 325 330 990 399 402 408 529 532 545 542 1396 1971 1972 499
1 3600 500
28
1176 307 304 2149 873 29 26 876 1069 1055 93 94 389 73 76 1709 1693 81 71 68 87 82 993 998 1121 281 278 1880
1 3600 500
29
269 270 1174 1644 223 224 766 788 319 322 1844 235 232 1262 1203 755 756 15 12 24 1156 615 620 628 1710 1719 645 640 1912
1 3600 156
21
892 1645 1646 2094 305 306 1404 1359 1357 261 262 1160 1352 2187 2183 1899 1900 1349 1346 2005 2002
1 3600 108
13
907 904 1649 1645 1175 1176 1404 605 600 1360 1376 2088 2124
1 3600 108
13
907 904 227 222 1645 1646 2094 305 308 600 1360 1376 2065
1 3600 108
6
886 892 1645 1175 271 266
1 3600 108
14
891 886 896 904 769 766 786 1488 1861 877 874 611 105 106
1 3600 108
14
892 1645 1646 2092 2144 2150 33 30 384 105 106 164 2062 2125
1 3600 70
10
1749 1752 771 225 226 905 897 887 881 884
1 3600 122
9
766 477 478 801 796 1509 1506 1553 1021
1 3600 122
3
117 120 1511
1 3600 122
12
771 768 905 906 117 114 1242 1244 1221 1213 1210 2079
1 3600 122
9
117 114 1242 1244 1019 781 782 861 862
1 3600 122
10
1752 771 766 788 801 796 1509 1506 1553 1021
1 3600 122
12
225 226 905 897 887 881 882 1165 763 758 2078 2080
1 3600 185
10
226 905 897 894 902 1165 1166 2086 1015 47
1 3600 500
21
766 477 317 322 839 823 820 1374 1902 1891 1417 1413 1410 1809 971 968 1815 1761 1762 685 682
1 3600 500
25
1749 1752 771 768 905 906 908 914 1511 1505 1508 1902 1891 355 352 1941 1938 1273 1270 1868 1946 1925 1922 1769 1766
1 3600 384
19
2025 771 766 786 815 818 1468 1479 91 94 428 1382 413 410 807 810 991 331 328
1 3600 78
11
788 479 480 1496 1075 1076 419 416 387 388 428
1 3600 118
12
1196 1193 1188 1242 777 774 1507 1508 797 798 1387 1388
1 3600 118
10
477 317 322 843 844 1561 1558 865 868 1080
1 3600 118
5
2025 771 766 786 1488
1 3600 118
6
1749 1752 771 766 788 319
1 3600 118
16
2101 913 914 1511 1505 1508 1375 821 826 239 236 1140 847 848 813 818
1 3600 119
20
893 894 900 2109 1195 119 114 1242 777 774 1507 1508 797 798 825 826 651 648 680 1262
1 3600 119
10
117 114 1242 1244 1019 781 782 1416 1892 1929
1 3600 208
15
885 882 1165 1162 139 140 972 984 1409 1406 1275 1267 1264 1952 1533
1 3600 500
17
2111 901 902 1165 1166 2086 1897 1894 1815 983 984 1293 1290 695 692 1946 1925
1 3600 500
23
887 888 1165 763 758 1231 863 858 1411 1414 1998 1275 1267 1268 1495 1285 1282 1512 1516 1503 1500 1766 673
1 3600 500
25
2025 771 766 477 480 1496 1075 425 422 446 1452 1466 1654 449 450 1756 2069 1399 543 546 1985 531 528 1251 1252
1 3600 263
23
2101 913 914 1511 1505 1508 1375 821 822 838 843 840 851 852 2167 1079 1076 419 416 387 388 426 1730
1 3600 208
22
1195 119 120 1511 1505 1508 797 798 1387 21 16 836 1254 291 294 1558 865 868 1080 727 730 738
1 3600 277
26
117 114 1242 1244 1019 781 778 1920 2126 2129 2130 2011 1935 947 944 1187 1184 559 560 1022 1042 587 582 596 1699 1700
1 3600 500
30
2111 2109 1195 1196 1193 1188 1242 1244 1221 1218 2081 2079 1231 863 860 1416 355 350 520 1446 1217 143 146 2030 2032 441 444 553 548 556
1 3600 500
33
882 1165 1162 1233 785 778 1920 1979 123 126 63 56 187 188 944 1187 1184 559 562 1030 1040 1047 569 566 658 1831 211 214 1281 1276 1723 255 250
1 3600 500
36
1752 771 766 788 319 322 1844 235 238 854 1904 1927 1930 311 314 149 142 1214 1531 1528 1537 1534 1071 395 396 1434 2132 2121 2118 1583 1586 1597 1600 1621 1616 1425
1 3600 500
35
1195 119 120 1511 1505 1508 797 800 319 320 1499 1496 1075 425 420 438 1709 1657 1654 1677 1678 1149 1150 1802 1994 1089 1086 509 506 499 504 1625 1097 1100 231
1 3600 500
24
895 896 904 227 224 766 786 815 818 1468 1651 419 414 446 1452 1466 1654 1677 1682 1690 1083 1086 509 510
1 3600 500
31
880 888 1165 1166 2086 1897 135 136 857 860 1416 1892 1929 1932 125 99 100 2172 931 928 1787 1153 23 24 617 618 666 1712 1661 1658 1673
1 3600 500
23
119 114 1242 777 774 1507 1508 1375 1372 1261 679 680 1262 741 744 752 23 24 1156 615 620 628 1710
1 3600 500
14
1167 1164 889 886 892 1645 1175 1176 1404 1359 1357 261 262 1160
1 3600 185
20
1551 1552 1507 1508 797 800 479 480 1491 815 816 1863 877 874 383 384 105 106 164 2064
1 3600 141
12
862 1230 759 764 1212 1220 1245 1243 115 118 1194 899
1 3600 141
8
764 1212 1220 1245 1243 115 118 1194
1 3600 141
8
783 780 1018 1256 775 772 1510 915
1 3600 141
6
1798 1167 1164 903 900 2110
1 3600 141
10
1552 775 776 1243 1189 1192 1197 1194 899 895
1 3600 141
7
856 137 138 1163 1164 883 878
1 3600 141
7
1295 1197 119 116 907 904 227
1 3600 73
4
1013 1014 2087 1799
1 3600 133
6
1019 781 782 1413 1414 1998
1 3600 133
12
1257 1221 1213 1210 2079 1231 1232 139 140 972 984 1293
1 3600 133
11
861 856 1807 971 968 1815 983 980 1008 153 150
1 3600 133
3
1013 47 42
1 3600 133
7
762 1162 139 134 1894 969 970
1 3600 133
3
858 1809 971
1 3600 263
15
1213 765 762 1166 2086 1897 1894 1815 1761 1764 979 976 1608 1652 2194
1 3600 500
17
758 1231 1232 139 140 972 984 1293 1290 685 682 988 53 54 348 1889 1886
1 3600 500
40
1218 1017 781 778 1920 1979 123 126 63 56 927 928 2028 749 743 744 750 79 71 68 87 84 1180 1878 1875 1876 1679 1680 2054 1975 497 490 2061 1397 543 544 533 528 409 404
1 3600 294
19
1256 1507 1508 1375 1372 855 239 236 1140 865 868 1080 1704 77 72 388 428 1382 413
1 3600 116
21
785 782 1416 1892 2127 917 918 2170 2172 931 928 2028 2122 1987 275 272 1203 1204 729 726 1704
1 3600 116
15
1212 1220 1256 1507 1508 797 798 825 822 836 1254 291 294 1558 865
1 3600 124
5
1505 1508 1902 1920 917
1 3600 124
3
860 1416 1890
1 3600 124
14
1013 1014 1917 1233 785 778 1891 355 350 520 1444 2011 1935 947
1 3600 124
10
803 798 825 826 854 1904 1927 1932 61 58
1 3600 124
7
1244 1019 781 778 1891 1892 2129
1 3600 116
10
782 1413 1414 1945 1273 1270 1870 1463 1460 1565
1 3600 116
10
1013 47 42 1894 969 972 980 1006 1936 1950
1 3600 238
15
781 782 1413 1414 1998 2000 691 692 1487 1475 1472 1518 2139 705 702
1 3600 500
20
1188 1242 777 774 1507 1508 1902 1891 355 350 520 1442 1950 1265 1268 1463 1287 1282 1514 1541
1 3600 500
37
2080 1017 1020 1552 1507 1508 1375 1372 1261 647 648 680 1143 1140 865 868 1080 1706 1996 737 738 1179 1111 1112 1639 1640 2178 1133 1130 1207 509 435 430 499 502 1854 1381
1 3600 500
23
1552 1507 1508 1375 821 822 838 843 840 851 852 2167 1079 425 422 446 1448 1657 1654 449 183 180 2067
1 3600 277
26
1242 777 772 1505 1508 1375 1372 1261 679 680 1262 1203 755 756 15 8 83 88 1112 1878 1139 1129 1122 1144 1401 1402
1 3600 208
15
782 1416 1892 2129 1959 1956 1935 947 944 1187 1184 559 560 1022 1031
1 3600 294
17
1188 1242 1244 1019 781 778 1920 2126 1929 1932 313 314 149 146 953 950 539
1 3600 500
17
1508 1902 1920 1979 1927 1930 1956 2012 1217 1214 1199 1200 941 938 1428 2137 2134
1 3600 500
32
774 1553 1021 1016 2081 2079 1231 863 856 1807 971 968 1815 1761 1764 689 686 697 692 1946 1948 1771 1772 1989 1543 1544 1575 1572 1580 1619 1616 1425
1 3600 500
31
1197 119 116 907 904 769 766 786 1488 1865 833 828 1059 93 94 426 1728 1744 493 494 483 486 1972 499 500 1168 1633 203 208 201 196
1 3600 500
32
761 758 1231 863 860 1416 1892 1929 1926 123 126 2175 955 956 933 928 1787 1153 1154 15 8 993 998 1121 1118 1105 1102 1106 1880 2141 1883 655
1 3600 500
29
1507 1508 797 798 1387 21 16 836 1254 291 296 1561 1558 865 868 1080 727 732 735 738 1179 1111 1112 1639 1640 1105 1102 1106 669
1 3600 500
26
1508 1375 1372 1904 123 124 61 56 934 944 2032 441 444 553 548 556 564 590 609 606 1666 1699 625 626 639 636
1 3600 500
20
1896 2087 1167 1164 889 886 892 1645 1646 2094 305 308 600 1360 1331 1332 2049 373 370 377
1 3600 500
24
1009 1010 1945 1942 1443 1444 2131 1959 1931 1926 1905 855 239 236 1140 847 848 813 816 1863 877 27 28 872
1 3600 172
7
1814 1895 135 138 1163 1164 883
1 3600 106
8
154 1292 985 973 141 138 1163 1164
1 3600 106
8
1808 1411 1412 783 780 1018 1256 775
1 3600 106
5
49 46 1014 2087 1799
1 3600 106
5
1409 1406 1999 1415 1412
1 3600 106
10
49 42 135 136 857 862 1230 2078 2080 1017
1 3600 80
3
2001 1999 1415
1 3600 96
4
983 984 1293 1290
1 3600 96
6
1011 1008 153 150 691 694
1 3600 96
8
139 140 972 982 1761 1764 979 974
1 3600 334
17
1809 971 968 1815 983 984 1293 155 150 691 696 2152 1653 1609 39 34 347
1 3600 500
22
859 862 785 778 1903 797 800 319 320 1499 1496 1075 1076 1650 1479 91 94 428 1382 413 401 398
1 3600 500
28
983 980 1006 1936 1950 1952 1533 1530 949 950 661 567 568 1046 1547 1548 1035 1036 1910 1849 1675 653 433 430 1973 1970 1397 217
1 3600 217
19
1917 1233 863 860 1416 1892 2127 1979 1905 1261 647 648 680 233 236 293 296 845 840
1 3600 62
24
152 1406 1275 1272 1939 1940 515 516 520 1446 2013 1957 311 312 125 99 100 2172 931 928 2028 749 743 277
1 3600 98
13
1411 1414 1945 1942 1950 1952 1533 1526 943 936 952 2030 2032
1 3600 98
4
152 1406 1275 1267
1 3600 98
5
2001 1275 1270 1870 1463
1 3600 98
15
42 135 136 857 862 785 778 1891 355 350 520 1446 1217 143 144
1 3600 66
16
140 972 980 1010 1945 1273 1270 1866 1493 1285 1288 1555 1071 3 6 1438
1 3600 500
8
1815 1761 1764 979 974 986 1766 673
1 3600 500
37
46 1014 1917 1233 863 860 1416 1890 1920 917 918 923 924 956 933 928 2028 749 743 744 750 79 80 1692 1657 1654 1677 1680 1741 1738 1977 497 490 2061 1853 1856 1968
1 3600 500
41
969 972 980 1006 1936 1950 1952 1533 1530 949 950 1792 553 548 554 562 1026 1060 581 574 596 1699 1700 1717 1718 1711 667 668 1107 1103 1104 2178 1133 1127 1122 1146 1003 1004 1095 1092 1087
1 3600 500
19
136 857 862 785 778 1903 797 800 319 320 1499 1496 1075 425 420 438 1709 1657 1654
1 3600 294
17
136 857 860 1416 1892 1929 1932 61 56 927 928 1787 1153 23 24 617 620
1 3600 238
18
150 691 692 1946 1477 1472 1513 1283 1288 1555 1071 395 396 1431 1432 535 538 1792
1 3600 357
14
984 1409 1406 1275 1270 1868 1487 1482 1514 707 712 716 1595 1598
1 3600 500
29
42 1894 1815 983 980 1010 1998 1275 1267 1268 1463 1460 1537 1538 1073 395 5 6 1438 2120 1795 723 720 109 110 1842 1839 1837 1834
1 3600 500
49
1807 1808 1411 1414 1945 1939 1940 515 516 520 1444 2011 1935 947 944 1187 1184 559 560 1022 1031 1026 589 584 606 1666 1699 625 622 1715 645 642 2159 1851 1847 1673 1670 2192 2143 1883 655 511 506 499 500 1170 1625 299 205
1 3600 500
41
970 1808 1411 1412 783 778 1920 1979 123 126 2175 931 928 2028 749 743 744 750 756 67 68 87 84 1180 1878 1139 1136 1801 1151 287 288 1241 495 492 1754 2067 1399 543 546 1985 1980
1 3600 500
26
137 140 972 980 1006 1938 1942 1950 1952 1533 1526 1557 941 936 950 661 658 1831 1033 1038 1913 1910 1849 1675 1670 2190
1 3600 500
23
1411 1412 1416 1892 1929 1932 61 58 188 944 1187 1184 559 562 1028 579 576 599 596 1699 625 626 2106
1 3600 500
48
986 1501 1502 1517 1513 1283 1286 1460 1529 1530 1215 1216 2013 1957 1931 1926 1905 855 827 822 838 843 840 2117 1499 1491 1488 1861 877 874 383 380 603 604 1359 1357 261 262 1160 1350 2183 361 364 333 336 1329 1326 2018
1 3600 500
43
2195 1653 989 986 1501 703 700 1540 1441 1437 1434 2136 1775 573 537 538 1792 1789 1781 1778 1153 1154 67 64 1178 1692 1449 447 415 418 1650 1469 835 830 1068 877 874 611 612 603 604 1359 1357
1 3600 500
23
2153 687 684 1763 1760 1814 969 970 1808 859 862 1230 2078 2080 1219 1220 1245 1243 115 118 1194 2108 2110
1 3600 208
12
978 1765 1762 1291 1292 985 973 141 134 1896 2087 1799
1 3600 53
8
974 683 688 1765 1760 1814 1895 1896
1 3600 53
9
690 151 152 1009 981 973 141 138 1916
1 3600 135
5
1653 1609 977 978 1765
1 3600 45
6
687 682 975 976 39 36
1 3600 500
53
1608 53 50 1889 1884 673 674 1524 1572 1576 1590 1606 1620 1636 1832 1725 1722 1687 1684 1906 2071 1669 1666 1699 1700 1964 1759 1697 1173 1157 997 994 1180 1639 1627 1611 1612 1875 1876 1679 1680 1741 1738 1747 1744 1754 2067 1399 543 544 533 528 409
1 3600 500
29
689 686 697 692 1869 1870 1269 1264 1951 1443 1444 2131 1959 1931 1926 1905 1261 679 680 1143 293 294 1558 847 848 813 818 835 830
1 3600 500
16
2195 2153 697 690 2001 1275 1272 1939 1940 353 354 1890 1903 1375 821 822
1 3600 263
19
683 684 695 692 1946 1477 1474 1484 1494 1463 1460 1565 1562 943 936 952 2030 945 935
1 3600 70
10
1608 989 986 1768 1949 1947 1869 1271 1272 1939
1 3600 64
8
986 1501 703 700 1544 1459 1454 2098
1 3600 64
7
692 1487 1484 1285 1288 1555 1071
1 3600 166
9
39 40 54 348 1889 1884 673 674 1520
1 3600 500
38
683 686 697 692 1946 1477 1474 1482 1514 707 708 2114 1583 1586 1602 109 112 245 242 256 1777 1277 1280 1816 1033 1036 641 642 2159 1661 1658 1673 653 433 430 499 502 1854
1 3600 500
44
974 986 1501 703 700 1544 1459 1456 719 716 1595 1596 1602 1825 1821 663 567 568 1048 1062 579 574 596 1699 1700 1717 1718 1711 667 664 1881 1107 1103 1104 2178 1133 1127 1124 2177 1801 1151 287 288 1241
1 3600 500
33
697 692 1487 1475 1472 1513 1514 1441 1437 1431 1432 535 538 1792 1789 1781 1782 1785 1153 23 13 10 87 88 1112 1878 1875 1876 1679 1682 1688 1737 1742
1 3600 500
19
2153 697 690 2001 1275 1267 1264 1952 1533 1530 1215 143 146 2030 945 189 186 927 928
1 3600 357
20
2195 1653 53 50 1889 1884 673 674 1524 1572 1580 1593 1590 1599 1596 1604 1832 1725 1720 1777
1 3600 312
18
1765 1762 695 692 1946 1477 1474 1482 1514 707 712 714 1583 1586 1604 1832 1837 1279
1 3600 500
15
695 692 1946 1948 1771 1772 1989 1543 1544 1575 1572 1576 1592 1619 1616
1 3600 500
38
1291 155 152 1009 1010 1945 1942 1443 1446 2013 1935 947 944 1187 1184 1781 1778 1153 1154 15 8 993 998 1121 1118 2178 1133 1130 1401 1091 1092 509 506 499 504 1727 1633 203
1 3600 500
33
1762 685 686 697 690 2001 1275 1267 1264 1952 1533 1526 1557 941 936 950 661 567 564 594 2071 1035 1038 1913 1910 1849 1847 1673 1670 2192 2143 1883 655
1 3600 500
38
697 692 1869 1870 1463 1460 1537 1538 1073 395 396 1431 1428 1775 573 537 538 1792 553 548 556 568 1046 1045 587 582 596 1699 625 622 1715 1718 2161 2159 1851 1675 1670 2192
1 3600 500
27
692 1487 1484 1285 1288 1555 1071 3 6 1438 2120 1795 723 720 109 110 251 254 1722 1687 213 210 1033 1038 2107 639 636
1 3600 500
22
38 977 978 1765 1760 1814 1895 1896 1917 1163 1164 903 895 892 1645 1175 271 266 2072 2074 2076 1355
1 3600 500
29
1887 1884 1767 1768 1923 1924 1947 1869 1271 1272 1939 1940 353 354 1890 1903 797 800 479 480 1491 815 816 1863 877 27 28 872 2148
1 3600 500
24
55 52 989 683 684 1291 1292 985 973 970 1806 857 862 1230 2078 1211 1212 1220 1245 1243 115 118 1194 2108
1 3600 500
19
1961 35 38 977 978 689 684 1291 1292 1409 1009 1006 1940 353 354 1890 1903 797 802
1 3600 250
13
967 962 51 52 989 975 978 1765 1760 1814 1895 135 138
1 3600 123
5
55 41 38 977 974
1 3600 123
5
55 52 989 683 688
1 3600 123
7
349 55 52 1652 2153 697 694
1 3600 172
4
961 962 1889 1886
1 3600 500
43
34 347 348 1889 1884 1767 1501 1502 1517 1513 1283 1286 1460 1529 1530 1215 143 148 315 312 125 99 100 2172 931 928 2028 2122 1987 275 272 1203 1204 1997 1707 1704 77 72 388 428 1382 413 401
1 3600 500
37
1889 1884 1767 1768 1771 1517 1473 1474 1484 1494 1269 1264 1951 1443 1444 2131 2128 2127 1979 1905 855 239 234 291 296 1561 1558 865 866 2167 1079 1076 419 416 387 388 428
1 3600 500
37
965 962 1889 1884 673 674 1524 1572 1576 1588 1585 725 720 1825 1821 663 567 557 554 558 1781 1782 1785 1786 2028 749 746 275 272 1263 233 234 1845 843 840 2117 1499
1 3600 500
24
35 38 977 974 986 1501 703 700 1540 1441 7 4 396 1431 939 936 952 2030 945 935 927 928 2028 2122
1 3600 277
11
52 1652 2153 697 690 2001 1275 1267 1264 1952 1954
1 3600 84
14
967 962 1889 1884 1767 1768 1771 1772 2138 1519 1513 1283 1288 1555
1 3600 149
7
35 40 50 1889 1884 673 676
1 3600 149
7
1961 347 348 1889 1884 673 674
1 3600 500
44
37 38 1608 989 986 1501 703 700 1544 1459 1456 719 716 1595 1600 1636 1832 1837 1279 1280 215 210 1830 1906 2071 1669 1666 1699 1700 1964 1759 631 621 618 664 2141 1883 655 511 435 430 499 500 1170
1 3600 500
49
346 35 38 977 978 689 684 695 690 151 152 1406 1999 1945 1939 1940 515 516 520 1444 2011 1957 311 312 125 126 63 56 927 928 2028 749 743 740 1203 1204 737 738 1692 1657 1654 449 450 1756 2069 1399 543 546 2163
1 3600 500
30
961 962 1889 1884 673 674 1524 1574 1459 1454 711 708 2114 2119 2120 2133 2136 1775 535 538 1792 1789 1781 1778 1153 23 13 8 83 88
1 3600 500
23
1889 1884 1767 1768 1949 1947 1869 1870 1463 1460 1565 1562 943 936 952 2030 1187 1184 1781 1782 1785 1153 1154
1 3600 500
18
967 962 51 52 989 986 1501 1502 1517 1513 1283 1288 1555 1071 395 396 1434 2136
1 3600 455
20
55 52 1652 2153 697 692 1946 1477 1472 1513 1514 707 712 714 1583 1586 1602 109 112 245
1 3600 500
9
965 962 1889 1884 673 674 1524 1572 1578
1 3600 500
41
35 38 977 974 683 684 1291 155 152 1009 1006 1936 1950 1952 1533 1530 949 950 661 658 1906 595 590 1548 1035 1036 1910 1849 1847 1673 653 511 506 499 500 1168 1635 229 230 1735 197
1 3600 500
44
35 40 52 989 683 686 697 690 2001 1999 1945 1942 1443 1444 2131 1959 1931 1926 1905 1261 647 648 680 1143 1140 847 852 2167 1079 1076 419 416 387 388 426 1728 1744 1754 2067 1399 543 546 1985 1980
1 3600 500
36
965 962 1889 1884 673 674 1524 1572 1580 1619 1620 1636 1832 1838 1843 251 252 256 1777 1687 1684 1906 2071 1669 1666 1699 625 622 1715 1718 1711 1712 1661 1658 1673 1670
1 3600 500
29
1889 1884 1767 1501 703 700 1540 1441 1437 1431 1432 573 537 538 1792 553 548 556 568 1048 1064 581 576 599 596 1699 1700 1717 645
1 3600 66
24
1859 1731 1728 185 180 2067 1395 1385 1382 413 410 807 808 793 794 331 328 343 340 369 374 333 336 1343
1 3600 66
10
991 331 324 129 132 357 335 336 1343 1344
1 3600 92
15
1249 1250 529 532 2162 547 542 217 218 383 380 303 306 1177 271
1 3600 312
22
330 795 792 809 806 411 412 1383 429 95 92 1058 829 834 819 814 787 767 225 226 905 897
1 3600 500
32
330 990 399 400 412 1383 1384 1394 2068 1757 451 448 1655 1656 1693 739 736 1205 1202 273 274 747 748 2029 929 930 2174 127 122 1978 1921 779
1 3600 500
35
391 329 330 990 811 806 411 412 1383 429 389 73 76 1705 727 728 1205 1202 273 274 1986 2123 2029 929 926 57 60 1933 1928 1893 1417 783 784 863 856
1 3600 500
55
329 330 990 399 402 408 529 532 545 542 1398 2066 1755 1745 1746 1739 1740 1681 1678 1877 1874 1879 1181 995 996 1156 1172 1696 1758 1965 1701 1698 1667 607 608 591 565 566 660 539 536 572 1774 1429 1430 397 394 1070 1554 1289 1284 1485 1486 693 696
1 3600 500
47
1859 1731 1728 1746 1977 1974 1689 1683 1678 1149 1150 1800 1137 1135 1132 2179 1119 281 278 669 666 1712 2158 643 637 638 2106 1039 1032 211 212 1686 1776 1721 1724 1833 1637 1621 1607 1591 1577 1573 1525 675 672 1885 1888
1 3600 128
7
330 990 399 402 408 1251 1248
1 3600 53
4
407 403 400 412
1 3600 53
6
1859 1731 427 428 1382 413
1 3600 166
17
391 329 330 795 792 809 806 411 412 1383 429 389 386 2082 437 438 77
1 3600 500
27
330 795 792 809 806 411 412 1383 1384 1394 2068 1757 451 448 1655 1656 1693 81 78 751 745 742 748 2029 929 930 2173
1 3600 500
35
391 329 330 990 811 806 411 412 1383 429 389 386 417 418 1077 1078 2166 867 864 1559 295 292 237 238 651 646 1260 1904 1927 1930 1958 2130 1445 521 517
1 3600 500
44
402 408 529 530 1984 547 542 1396 1853 503 498 431 432 654 1882 2142 2193 1671 1672 1846 1848 1911 641 644 1716 1701 1698 597 583 588 1027 563 555 549 552 1793 951 937 942 1563 1564 1461 1462 1495
1 3600 500
37
1249 1250 529 532 545 542 1396 1971 1972 507 510 652 1672 1659 1660 2158 1915 1911 1037 1034 2070 1907 1685 1686 1723 1724 1833 1605 1587 1582 715 718 1457 1458 1575 1525 1522
1 3600 36
10
400 412 221 216 1396 1853 503 504 1625 299
1 3600 68
13
407 408 529 530 1984 547 542 1396 1971 487 482 1240 289
1 3600 263
12
1859 1731 1728 1746 1739 1736 1689 1690 289 286 1150 1804
1 3600 500
27
399 400 412 1383 1384 1394 2066 1755 493 496 1974 2055 1681 1678 1877 1874 1613 1610 1626 1640 1105 1102 1106 1880 665 619 620
1 3600 500
27
400 412 1383 429 389 73 76 1705 727 730 738 1179 65 66 1155 1152 1779 1780 559 560 1022 1040 1547 591 594 1907 1831
1 3600 500
44
330 795 792 809 806 411 412 221 216 1396 1971 1972 431 432 652 1674 1850 1713 1710 1719 1714 623 624 1698 597 598 577 578 1063 1049 569 566 662 1822 1829 1826 259 253 250 111 108 1603 1597 1594
1 3600 500
46
393 329 330 990 399 402 408 529 532 545 542 1398 2066 181 178 1739 1740 1681 1678 1877 1874 1879 1113 89 82 9 12 22 1152 1784 1783 1780 1788 1793 539 534 1774 2137 2132 2121 2118 1583 1584 1589 1577 1578
1 3600 500
19
330 990 811 806 411 412 1383 1384 1394 1399 1396 1853 503 500 1168 1635 229 201 196
1 3600 500
12
795 792 809 806 411 412 221 216 1396 1971 1972 499
1 3600 500
15
1249 1250 529 530 1984 547 542 1396 1853 503 498 431 434 510 654
1 3600 500
30
1249 1250 529 532 545 542 1396 2060 491 494 1240 1083 1088 1995 1209 1147 1123 1126 1132 2179 1105 1102 1106 1880 2141 2142 2193 1671 1672 1846
1 3600 70
26
1067 1068 877 874 611 612 603 604 1359 1357 261 264 2074 2076 2053 1371 1366 1900 1349 1346 1341 1225 1222 1319 1314 2015
1 3600 66
15
805 810 991 331 328 343 340 378 1362 161 158 1335 1330 1361 601
1 3600 66
8
877 27 30 380 303 306 1404 1359
1 3600 73
13
429 95 90 1478 1469 819 814 787 767 768 1649 1645 1642
1 3600 277
25
1057 1058 1481 1478 1651 1077 1074 849 846 1559 1560 297 290 1255 837 823 820 1374 1509 1504 773 776 1243 1189 1190
1 3600 500
27
1182 1728 185 182 448 1655 1656 1693 81 78 751 745 742 748 2029 929 932 957 925 922 919 916 1921 779 784 1232 139
1 3600 500
27
876 1860 1489 1490 1498 2116 841 844 297 292 1142 681 678 1260 1904 1927 1930 1956 2012 1447 1442 1943 1273 1274 2000 691 696
1 3600 500
40
220 1383 429 389 386 417 414 75 76 1705 1706 1996 1205 1202 273 274 1986 2123 2029 929 926 934 944 2031 953 937 938 1430 1436 1440 1515 1512 1516 1503 1500 1766 1885 1888 349 55
1 3600 62
5
808 793 794 331 328
1 3600 62
7
1391 413 410 807 810 991 331
1 3600 82
5
876 1069 1055 93 94
1 3600 84
12
792 809 806 411 412 1383 429 389 386 417 418 1077
1 3600 84
7
412 1383 429 95 92 1054 831
1 3600 84
9
876 1862 833 828 1481 1478 1651 1077 1078
1 3600 84
13
806 411 412 1383 429 389 73 76 439 421 424 1078 2166
1 3600 84
19
2047 411 412 1383 429 95 92 1058 829 832 817 812 849 846 1141 237 234 1255 837
1 3600 147
24
411 412 1383 1384 1394 2068 1757 451 448 1655 1467 1453 447 423 424 1074 1497 1498 2116 841 842 839 17 18
1 3600 500
31
411 412 221 216 1398 2066 1755 493 496 1974 1689 1683 1678 1877 1874 1879 1181 85 86 11 12 22 1152 1779 1780 1788 1793 539 536 572 1433
1 3600 500
43
805 806 411 412 1383 1384 1394 2066 1755 493 494 1240 1083 1086 1206 1131 1132 2179 1119 1120 999 996 1156 1172 1696 1758 1965 1701 1698 1667 607 585 586 1044 1047 569 566 660 951 937 938 1430 1436
1 3600 500
31
437 438 1705 727 732 735 738 1179 1111 89 84 995 996 617 620 628 1710 2161 643 640 1912 1039 1032 1817 1281 1278 1834 1617 1618 1581 1573
1 3600 77
11
411 412 221 216 1396 1853 1856 1968 1381 463 466
1 3600 73
14
1067 1055 93 94 426 1728 1746 1977 1974 1689 1690 289 284 1992
1 3600 73
17
810 399 402 408 529 532 2162 547 542 1396 1971 487 482 1240 1083 1088 2008
1 3600 73
10
1383 1384 1394 2066 1755 1745 1746 1739 1736 1689
1 3600 64
18
805 806 411 412 1383 429 389 386 417 414 446 1448 1693 81 71 68 87 82
1 3600 227
8
389 73 76 1709 1693 1179 65 66
1 3600 500
32
2047 411 412 221 216 1396 1971 1972 507 508 1093 1090 1400 1145 1123 1126 1132 2179 1105 1102 1106 669 666 629 630 1758 1965 1701 1698 1667 1668 1549
1 3600 500
29
1182 1728 1746 1739 1740 1681 1678 1877 1874 1879 1181 995 992 9 14 1155 1152 1784 1783 1780 559 555 556 566 662 1820 1824 1603 1597
1 3600 500
33
794 990 399 402 408 529 532 545 542 1396 1853 503 498 431 432 654 1882 2142 2193 1671 1674 1848 1911 1037 1032 211 214 1281 1278 1834 1425 1423 1420
1 3600 500
18
1057 93 94 426 1728 1744 493 494 483 486 1972 499 504 1727 1633 1630 657 199
1 3600 416
24
1862 833 834 1468 1651 419 414 446 1452 1466 1654 1677 1678 1149 1150 1802 1994 1089 1086 509 435 430 499 500
1 3600 500
24
90 1478 1469 819 812 849 846 1141 237 232 1262 273 276 744 752 23 24 1156 615 620 628 1712 1851 1675
1 3600 500
26
412 1383 1384 1394 1399 1396 2060 491 494 1240 289 286 1150 1800 2176 1125 1126 1132 2179 1119 281 278 1880 665 666 1710
1 3600 217
15
845 840 2117 1499 1491 1488 1861 877 874 611 105 102 1363 1364 2051
1 3600 138
7
1059 1054 1068 877 874 383 380
1 3600 138
13
851 848 813 816 1863 877 27 30 384 105 106 164 2062
1 3600 158
10
864 1559 295 290 1845 323 316 476 767 225
1 3600 158
7
1864 1489 787 767 770 1753 1748
1 3600 158
14
1451 447 423 424 1074 1497 481 478 789 767 225 222 893 887
1 3600 158
13
1077 1074 1497 1498 321 318 801 796 1509 1504 1510 915 912
1 3600 158
15
869 864 1559 1560 845 842 323 316 476 767 768 905 897 887 881
1 3600 158
20
1453 447 423 424 1078 2166 853 850 841 842 839 823 824 799 796 1509 1504 1510 915 912
1 3600 131
18
832 1864 1489 1490 481 478 801 796 1902 1891 1417 861 856 137 134 43 46 1012
1 3600 131
11
478 801 796 1509 1506 1257 1221 1213 765 762 1166
1 3600 263
16
16 823 826 854 1904 1978 2126 2129 2130 1445 521 517 514 1941 1007 981
1 3600 500
27
849 846 1141 1142 681 649 646 1260 1904 123 124 313 314 149 142 1214 1531 1528 1461 1287 1282 1512 1516 1770 1769 987 975
1 3600 500
29
846 1559 295 290 235 238 854 1904 1927 1930 1956 2012 1217 1214 1531 1528 1461 1462 1495 1485 1475 1476 1925 1922 1769 1766 1885 1888 963
1 3600 227
10
446 1452 1466 1654 449 183 184 1729 1730 1858
1 3600 159
6
1076 419 416 387 388 428
1 3600 159
7
420 436 2083 387 388 428 1382
1 3600 159
8
479 480 1496 1075 1076 419 416 387
1 3600 159
6
1465 1453 447 75 72 388
1 3600 159
6
418 1650 1479 1480 1059 1056
1 3600 159
8
294 1558 847 848 813 818 835 830
1 3600 159
6
1471 1468 1479 91 92 1056
1 3600 159
9
72 388 428 1382 413 410 807 808 793
1 3600 156
11
291 296 1561 1558 865 868 1080 1704 439 436 2083
1 3600 156
3
829 832 1864
1 3600 156
3
1468 1651 419
1 3600 152
13
850 841 844 297 292 237 232 1262 741 742 748 2029 929
1 3600 152
16
1453 1448 1708 1705 1081 869 864 1141 1142 681 678 1260 1373 1374 1902 1891
1 3600 152
9
2166 867 864 1559 295 290 235 238 651
1 3600 152
15
2116 841 842 1844 235 232 1262 273 274 747 748 2029 929 926 57
1 3600 152
16
1451 447 415 418 1077 1078 2166 867 864 1559 1560 297 290 1255 837 823
1 3600 152
15
317 322 1844 235 232 1262 273 276 742 748 2029 929 930 2173 2171
1 3600 152
10
439 421 424 1074 1497 1498 321 318 801 796
1 3600 152
6
1141 1142 1262 273 274 1986
1 3600 152
16
1078 2166 867 868 1080 1706 1996 1205 1202 741 742 748 2029 929 926 57
1 3600 152
17
1453 1448 1693 81 78 751 752 1152 1786 929 932 957 954 2173 101 98 122
1 3600 122
16
1996 1205 755 756 1155 1152 1779 1780 1185 1186 945 946 1934 2012 1447 521
1 3600 500
27
1078 2166 853 846 1559 295 292 1142 681 649 646 1260 1904 1927 1932 313 314 149 146 953 937 940 1556 1563 1539 1534 1554
1 3600 500
27
1478 1469 819 814 1490 1498 2116 841 842 839 823 820 1374 1902 1891 355 352 1941 1938 1273 1270 1868 1946 1948 1769 1766 673
1 3600 238
21
1996 737 738 1179 1111 1112 1878 1139 1129 1122 1144 1207 509 506 499 502 1854 1381 463 461 455
1 3600 155
21
294 1558 865 866 2167 1079 425 420 438 1709 1657 1654 1677 1680 2054 1975 497 490 2061 1853 1856
1 3600 155
20
1558 865 868 1080 727 730 738 1179 1111 1112 1878 1139 1135 1127 1122 1146 1208 1994 1089 1084
1 3600 155
10
732 735 738 1692 1657 1654 1677 1682 1688 1975
1 3600 159
12
843 844 1561 1558 865 868 1080 727 730 738 1179 1111
1 3600 159
4
438 1709 1657 1654
1 3600 159
19
817 812 849 852 867 868 1080 727 732 735 738 81 71 68 11 8 993 998 1121
1 3600 159
14
1865 817 812 849 852 867 868 1080 727 730 738 1179 1111 1114
1 3600 159
10
1498 2116 851 852 867 868 1080 727 732 735
1 3600 159
10
319 320 1499 1496 1075 425 422 446 1452 1466
1 3600 159
7
737 738 1179 1111 1112 1639 1640
1 3600 161
12
438 1705 1706 1996 1205 755 756 15 12 24 1156 1172
1 3600 161
12
727 730 738 81 71 68 87 82 993 996 617 620
1 3600 161
8
1080 727 728 1205 1202 273 276 742
1 3600 208
20
1141 237 232 1262 273 274 1986 2123 2029 1787 1784 1783 1780 559 562 1030 1040 1047 569 566
1 3600 500
33
2166 853 846 1559 1560 297 292 237 238 854 1904 123 126 63 58 188 944 2032 441 444 553 548 556 564 594 1907 1685 1686 1776 257 243 244 113
1 3600 500
29
319 322 1844 235 232 1262 741 744 752 23 24 1156 1172 1696 1758 1965 1701 1698 1667 1668 2070 1907 1831 1817 1281 1278 1834 1425 1423
1 3600 500
15
1479 91 94 426 1728 1744 493 494 483 486 1972 499 504 1727 1633
1 3600 500
22
680 1262 1203 755 756 15 8 993 998 1121 1118 2178 1133 1130 1401 1091 1092 509 435 430 499 500
1 3600 416
16
1996 737 738 1179 1111 1112 1639 1640 1105 1102 1106 1880 2141 2142 2193 1671
1 3600 500
26
1468 1651 419 414 446 1452 1466 1654 1677 1678 1877 1874 1613 1614 1629 1626 1640 1105 1102 1106 669 666 1712 2158 643 640
1 3600 500
34
779 780 1018 1245 1243 115 116 907 904 1649 1645 1646 2092 2146 2148 305 308 604 1359 1357 261 262 1160 1352 367 362 1900 1349 1346 1341 1225 1222 1324 1303
1 3600 263
25
945 189 59 60 1933 1928 1893 1417 783 780 1020 1552 775 772 1510 121 118 1194 2108 901 895 892 1645 1175 271
1 3600 65
14
919 97 98 122 1905 855 827 822 838 323 318 789 767 225
1 3600 110
11
272 1263 681 678 1260 1373 1374 1509 1506 1257 1221
1 3600 110
15
837 17 20 1386 799 796 1509 1506 1257 1221 1213 765 762 1166 2084
1 3600 110
14
62 127 124 1933 1926 1978 1921 779 780 1016 2081 1211 765 760
1 3600 110
12
916 2126 1893 1417 783 780 1018 1245 1243 1189 1192 1294
1 3600 71
8
1958 2130 1445 1442 1943 1944 1011 981
1 3600 384
8
355 352 1941 1007 1008 1408 1293 1290
1 3600 500
18
2130 1445 1442 1950 1265 1266 1274 1407 153 154 1290 685 682 988 53 50 963 966
1 3600 500
32
311 312 125 99 100 2172 931 928 2028 749 743 744 750 79 80 1692 1657 1654 449 450 1756 2069 1399 543 544 533 528 409 403 398 991 331
1 3600 172
18
959 933 928 2028 2122 1987 275 272 1203 1204 729 726 1704 1709 1657 1654 449 452
1 3600 119
18
98 122 1905 1261 647 650 239 236 1140 865 866 2167 1079 425 422 446 1452 1464
1 3600 119
6
1263 233 236 1140 847 848
1 3600 119
3
827 824 1387
1 3600 119
5
822 836 1254 291 296
1 3600 119
13
272 1263 1143 293 296 845 840 2117 1499 1491 815 818 1470
1 3600 119
16
923 920 959 933 928 2028 749 743 740 1203 1204 1997 1707 1704 439 421
1 3600 119
15
60 1933 1926 1905 1261 679 680 233 236 1140 847 848 813 818 1470
1 3600 119
6
2127 1921 1903 797 800 479
1 3600 109
10
1932 61 56 927 928 2028 749 746 275 272
1 3600 109
13
1202 273 274 1986 2123 2029 929 930 2174 127 124 313 310
1 3600 119
7
97 98 124 313 314 149 144
1 3600 119
9
924 956 933 926 934 946 1934 2010 1445
1 3600 119
9
2103 799 796 1902 1891 355 350 517 512
1 3600 119
10
854 1904 1927 1930 1956 2012 1217 1214 1199 1200
1 3600 119
5
1904 1978 2126 2129 2130
1 3600 119
10
933 926 187 188 944 2031 953 948 1531 1532
1 3600 119
3
945 946 1934
1 3600 119
15
2103 825 820 1372 1904 1927 1930 1956 2012 1217 1214 1531 1532 1953 1265
1 3600 138
17
124 313 314 149 142 1214 1531 1528 1461 1287 1282 1512 1518 2139 1773 1503 1500
1 3600 500
23
2130 2011 2012 1217 1214 1199 1200 1556 1563 1073 3 6 1438 2118 2115 709 710 1455 1458 1575 1525 675 670
1 3600 500
29
126 2175 931 928 1787 1153 23 13 10 87 84 1180 1878 1139 1136 1801 1802 1209 1003 1004 1095 1092 509 506 499 500 1170 1625 1097
1 3600 192
18
1254 291 294 1558 865 866 2167 1079 425 420 438 1709 1657 1654 1677 1678 1149 287
1 3600 112
10
1254 235 232 1262 1203 755 756 67 64 1111
1 3600 112
12
1203 755 756 15 8 993 998 1121 1118 2178 1133 1127
1 3600 113
20
19 16 836 1254 291 292 1142 1262 273 276 744 752 1152 1779 1780 559 560 1022 1042 1044
1 3600 113
18
944 1187 443 444 553 548 554 562 1026 589 582 596 1699 1700 1964 1759 1697 1694
1 3600 113
19
1959 311 314 947 944 1187 1184 559 560 1022 1042 587 584 606 1666 1699 625 626 2104
1 3600 113
15
747 743 744 752 23 24 617 620 628 1710 1719 1714 623 624 1702
1 3600 113
5
61 56 927 928 1787
1 3600 119
17
2127 917 918 2170 2172 2174 63 58 188 944 2032 441 444 553 548 556 568
1 3600 119
9
2170 2172 931 926 934 944 1187 443 444
1 3600 238
18
924 954 2174 63 58 188 944 2031 953 937 938 1428 2137 2132 1795 723 724 1584
1 3600 500
29
19 20 1386 799 796 1902 1891 355 352 1941 1938 1273 1270 1866 1493 1485 1482 1514 707 708 2114 715 716 1595 1598 1606 1616 1425 1423
1 3600 500
23
100 2172 931 928 1787 1153 23 24 617 618 668 1880 2141 1883 655 433 430 499 504 1625 1622 1733 197
1 3600 500
18
276 744 750 79 71 68 87 84 1180 1639 1627 1611 1612 1139 1129 1122 1144 1207
1 3600 500
17
651 648 680 1262 741 744 752 23 24 1156 615 620 628 1712 1661 1658 1673
1 3600 455
19
58 188 944 1187 1184 559 562 1028 579 574 596 1699 625 622 635 636 642 2160 1711
1 3600 500
27
145 148 315 310 1931 1926 1905 855 239 234 1845 843 840 2117 1499 1491 1488 1861 877 874 611 105 106 166 1363 1364 2051
1 3600 500
30
1527 1532 1953 1951 1937 1938 1944 1415 1410 859 862 1230 759 762 1164 889 886 892 1645 1646 2094 305 308 600 1360 1331 169 163 160 1363
1 3600 227
13
1198 1215 1216 1447 521 351 354 1890 1903 1509 1504 1510 915
1 3600 66
7
351 354 1417 783 780 1016 2081
1 3600 116
13
1532 1953 1265 1266 1274 1407 1408 985 973 141 134 43 44
1 3600 116
12
1951 1943 1944 1415 1410 1809 1806 137 138 1916 1015 47
1 3600 116
16
541 534 1774 1429 1430 397 394 1070 1554 1289 1284 1492 1867 1271 1274 1407
1 3600 116
4
1937 1938 1944 1998
1 3600 100
13
953 937 942 1527 1528 1461 1462 1871 1868 693 696 687 688
1 3600 455
17
1445 521 517 514 1941 1938 1944 1998 2000 691 694 1763 1764 979 976 39 34
1 3600 500
48
1950 1952 1533 1530 949 950 661 567 564 590 1548 1035 1038 1913 1910 1914 2160 1711 667 668 1107 1103 1104 1641 1627 1628 1615 1612 1875 1876 1679 1680 2054 1975 497 490 2061 1397 1398 1395 1385 1382 413 401 398 991 331 328
1 3600 500
28
1533 1526 1557 941 936 950 661 658 1831 1033 1036 1910 1849 1847 1673 653 433 430 1973 1970 1397 1398 1395 1385 1382 413 410 807
1 3600 122
14
1198 1215 1216 2013 1957 1931 1926 1905 1373 821 822 838 843 840
1 3600 106
5
1939 1940 353 354 1890
1 3600 106
13
1215 143 146 2030 945 189 186 927 928 2028 2122 1987 275
1 3600 106
7
1939 1936 1443 1446 2013 1935 947
1 3600 106
9
2131 2128 2127 1979 1905 1373 821 822 836
1 3600 106
8
2013 1957 1931 1926 1905 855 827 824
1 3600 106
9
943 936 952 2030 945 189 59 62 2175
1 3600 106
14
1939 1940 515 516 520 1444 2131 2128 2127 917 918 923 920 959
1 3600 104
5
513 516 520 1446 2013
1 3600 104
4
1953 1951 1443 521
1 3600 113
3
1866 1493 1485
1 3600 113
9
2012 1217 1214 1199 1200 1556 1563 1073 395
1 3600 113
5
1528 1537 1538 1073 3
1 3600 113
8
1866 1493 1285 1288 1555 1071 395 396
1 3600 113
13
1445 1442 1950 1265 1268 1495 1485 1475 1472 1518 2139 705 698
1 3600 113
9
1938 1273 1270 1868 1946 1925 1922 1771 1772
1 3600 113
5
1287 1282 1512 1516 1770
1 3600 294
13
1866 1493 1485 1475 1472 1518 2139 1989 1543 1544 1575 1525 1520
1 3600 500
32
949 950 661 567 568 1048 1064 581 576 599 596 1699 625 626 639 636 642 2159 1851 1675 653 511 506 499 502 1856 1968 177 174 1379 463 464
1 3600 500
22
1538 1562 1557 941 936 950 1792 1789 1781 1778 1153 1154 15 8 993 994 1180 1878 1875 1876 1679 1682
1 3600 200
12
950 1792 1789 1781 1782 1785 1153 1154 67 64 1111 1114
1 3600 107
13
1952 1533 1530 1215 143 146 2030 1187 1184 1781 1778 1153 1154
1 3600 107
8
143 148 947 944 1187 1184 559 562
1 3600 96
13
1444 2011 1935 947 944 2032 441 444 553 548 556 564 594
1 3600 96
12
1942 1950 1952 1533 1526 943 936 950 661 567 564 592
1 3600 96
8
1557 941 936 950 661 658 1906 2071
1 3600 96
8
950 661 662 1820 1826 259 243 246
1 3600 65
10
1268 1463 1460 1565 1073 3 6 1438 2120 1795
1 3600 416
12
146 953 937 938 1428 2137 2132 1795 723 724 1584 1589
1 3600 500
41
1940 353 350 520 1446 2013 1935 947 944 1187 1184 559 560 1022 1042 587 584 606 1666 1699 1700 1964 1759 631 621 618 664 2141 1883 655 433 430 499 500 1168 1635 229 230 1101 1098 1665
1 3600 500
45
1534 1071 395 396 1431 1432 535 538 1792 553 548 554 562 1026 589 582 596 1699 1700 1717 1718 1711 667 668 1107 1103 1104 2178 1133 1127 1124 2177 1801 1151 287 288 1241 483 486 1970 1397 543 546 1985 1982
1 3600 500
20
441 444 553 548 556 568 1046 1547 1548 1035 1038 1913 641 642 2159 1661 1658 1673 1670 2192
1 3600 500
13
1955 1533 1530 949 950 661 658 1831 1033 1036 1910 1914 2159
1 3600 500
36
1072 1539 1536 1461 1462 1269 1266 1274 1999 1415 1412 783 780 1018 1245 1243 115 116 907 904 227 222 1645 1175 271 266 2072 2074 2076 2053 1371 1366 1900 1349 1346 2005
1 3600 500
23
2138 1519 1513 1483 1484 1492 1867 1271 1274 1407 1408 985 973 141 138 1163 1164 883 880 886 892 1645 1175
1 3600 500
21
2 1070 1535 1536 1529 1532 1953 1951 1937 1007 981 982 1814 1895 1896 2087 1167 1164 903 895 892
1 3600 250
11
1515 1483 1484 1492 1867 1271 1272 1944 1415 1410 859
1 3600 73
16
2 1072 1564 1529 1532 1953 1951 1943 1944 1011 981 982 1814 1895 43 46
1 3600 129
4
1947 693 696 687
1 3600 129
8
704 1773 1770 1923 1924 1947 693 694
1 3600 129
9
3 6 1440 1541 701 702 1500 987 988
1 3600 125
11
710 1455 1458 1575 1525 675 672 1885 1888 963 964
1 3600 500
27
1924 1947 1869 1271 1272 1939 1940 353 354 1890 1903 797 800 789 786 815 818 835 828 1059 93 94 428 1382 413 401 398
1 3600 500
25
1555 1535 1536 1529 1530 1215 1216 2013 1957 1931 1926 1905 1261 647 650 239 236 1140 847 848 813 816 833 830 1066
1 3600 455
30
4 396 1434 2136 1775 573 537 538 1792 1789 1781 1782 1785 1153 753 750 79 80 739 731 726 1081 869 866 2167 1079 1076 1650 1469 1470
1 3600 135
10
1474 1484 1494 1269 1264 1951 1443 1444 2131 2128
1 3600 123
7
394 1072 1562 1557 1201 1198 1215
1 3600 123
6
7 2 1072 1564 1461 1462
1 3600 123
9
1519 1473 1474 1486 1869 1271 1272 1939 1940
1 3600 123
3
1483 1484 1492
1 3600 123
9
1439 7 2 1070 1554 1289 1286 1462 1269
1 3600 123
10
1513 1514 1441 1437 1431 939 936 952 2030 2032
1 3600 123
12
1457 1454 711 706 1515 1512 1473 1476 1947 1869 1271 1272
1 3600 123
14
2114 2119 2120 2133 1435 397 394 1072 1539 1536 1529 1532 1953 1951
1 3600 120
8
1922 1771 1517 1513 1514 707 708 1567
1 3600 120
4
1543 1544 1459 1456
1 3600 109
6
1512 1518 2139 1989 1543 1544
1 3600 109
4
700 1544 1575 1525
1 3600 109
6
1071 395 5 6 1440 1541
1 3600 500
38
2138 1519 1513 1514 707 712 716 1585 725 720 109 112 245 242 256 1777 1277 1280 1816 1033 1038 1913 1910 1849 1847 1673 653 511 435 430 499 502 1854 1381 469 472 2006 467
1 3600 500
39
396 1434 2132 1795 723 720 109 110 251 254 1722 1687 1684 1906 595 590 609 606 1666 1699 1700 1964 1759 1697 1173 1157 997 994 1180 1878 1875 1876 1679 1680 1741 1738 179 180 1755
1 3600 500
38
1949 1477 1474 1482 1514 707 712 714 1583 1586 1602 1825 1828 1823 663 567 568 1048 1062 579 574 596 1699 625 622 1715 1718 1711 667 664 1881 279 280 1118 1641 1627 1611 1612
1 3600 208
27
699 700 1544 1459 1456 719 716 1595 1596 1604 1832 1837 1279 1280 215 210 1830 1906 2071 1669 1666 1699 1700 1964 1759 1697 1173
1 3600 122
17
1517 1513 1514 707 708 2114 1583 1586 1597 1600 1636 1832 1725 1720 1777 1687 1684
1 3600 122
5
4 396 1431 1432 535
1 3600 112
5
712 716 1595 1600 1636
1 3600 112
7
1071 3 6 1438 2118 1583 1584
1 3600 112
6
1487 1482 1514 707 712 716
1 3600 112
10
1436 1438 2120 1795 723 720 109 112 245 242
1 3600 116
6
703 700 1544 1575 1572 1578
1 3600 500
29
396 1431 1428 1775 573 537 538 1792 1789 1781 1778 1153 23 13 8 993 998 1121 1118 2178 1133 1130 1207 509 506 499 504 1727 1633
1 3600 500
34
1555 1535 1538 1562 943 936 952 2030 945 935 927 928 2028 749 743 744 750 756 15 10 87 88 1112 1878 1139 1135 1127 1122 1146 1003 1004 1095 1092 509
1 3600 500
18
711 708 2114 1583 1586 1604 1832 1837 1279 1280 1816 1033 1036 641 642 2160 1711 667
1 3600 500
18
1434 2136 1775 535 538 661 567 568 1046 1045 587 582 596 1699 625 626 2106 1913
1 3600 500
33
1523 675 672 1767 987 975 978 1765 1760 983 973 141 138 1163 1164 889 886 892 1645 1646 2094 305 306 1404 1359 1357 261 262 1160 1350 2183 361 364
1 3600 500
44
1523 1524 1572 1580 1593 1590 1599 1596 1602 1825 1821 663 567 557 554 558 1781 1782 1785 1786 2028 749 743 277 272 1263 233 234 1845 323 316 476 786 1488 1861 877 874 383 384 105 102 161 158 1336
1 3600 500
21
671 672 1767 1768 1949 1947 693 690 151 154 1292 985 982 1814 1895 1896 2087 1167 1164 883 878
1 3600 500
16
672 1767 1768 1923 1924 1947 1869 1271 1274 1999 1415 1412 783 780 1018 1245
1 3600 384
14
677 672 1767 987 683 684 1291 1292 985 973 970 1806 137 134
1 3600 152
11
1545 1542 1988 2138 1519 1473 1474 1486 693 696 687
1 3600 73
9
701 702 1500 1766 1885 1888 349 346 1960
1 3600 500
44
1572 1576 1590 1606 1616 1835 1279 1280 215 210 1033 1038 2107 639 634 1715 1718 1711 667 668 1107 1103 1104 2178 1133 1134 1136 1801 1151 287 288 1241 495 490 2061 1397 543 544 533 528 409 403 398 991
1 3600 500
35
1521 1524 1572 1576 1588 1585 725 722 1794 2133 2136 1429 939 936 952 147 148 315 312 125 122 1905 1261 679 680 1143 1140 847 848 1075 1076 1650 1479 1480 1059
1 3600 500
23
1523 1524 1574 1545 1542 1988 2138 1519 1513 1283 1286 1460 1529 1530 1215 1216 2013 1957 1931 1926 1905 1261 679
1 3600 500
23
674 1524 1572 1580 1619 1620 1636 1832 1838 1843 251 252 258 1827 1821 663 567 557 549 552 445 440 2033
1 3600 185
16
671 674 1524 1574 1459 1456 719 714 2119 2120 2133 2136 1775 573 537 540
1 3600 48
3
1544 1459 1456
1 3600 48
4
672 1767 1768 1949
1 3600 185
4
671 674 1524 1574
1 3600 500
44
1523 1524 1572 1580 1619 1620 1636 1832 1725 1722 1687 1684 1906 2071 1669 1666 1699 1700 1964 1759 631 621 616 997 992 83 86 69 70 80 1692 1657 1654 449 450 1756 2069 1399 543 546 1985 531 525 522
1 3600 500
32
672 1767 1768 1923 1924 1947 1869 1271 1272 1939 1940 353 354 1890 1903 797 800 479 480 1496 1075 1076 419 416 387 388 426 1728 1744 493 490 2164
1 3600 500
27
1571 1572 1576 1590 1606 1616 1835 1279 1280 1816 1830 1906 595 590 1546 1041 1023 561 558 1781 1778 1153 753 750 79 80 739
1 3600 500
20
671 672 1767 1501 703 700 1540 1441 1437 1431 1432 535 538 1792 1789 1781 1782 1785 1153 23
1 3600 312
18
677 674 1524 1572 1580 1593 1588 1585 725 720 1825 1828 1823 663 567 557 549 550
1 3600 98
6
1540 1441 1438 2120 1795 723
1 3600 68
8
1571 1572 1576 1590 1606 1616 1425 1423
1 3600 500
34
677 674 1524 1572 1580 1619 1620 1636 1832 1725 1720 1777 1277 1280 215 210 1033 1036 1910 1849 1675 1670 2192 2143 1883 655 433 430 499 500 1168 1633 203 206
1 3600 500
41
677 672 1767 1501 1502 1517 1513 1283 1286 1460 1565 1562 943 936 952 2030 945 935 927 928 2028 2122 1987 275 272 1203 1204 737 738 1692 1657 1654 449 183 180 2067 1399 543 546 1985 1982
1 3600 500
31
1540 1441 1437 1431 1432 573 537 538 1792 553 548 554 560 1024 1053 1050 1064 581 576 599 596 1699 625 622 635 636 642 2159 1661 1658 1673
1 3600 500
24
1544 1459 1456 719 716 1595 1596 1602 109 112 245 242 256 1777 1687 1684 1906 2071 1669 1666 1699 1700 1717 1718
1 3600 238
16
1623 1624 505 502 1852 1397 217 218 611 105 106 166 1363 1364 2051 373
1 3600 357
17
1100 231 228 1634 1169 501 498 1973 1970 1397 217 218 875 27 28 872 2148
1 3600 500
21
1855 1852 2060 491 492 1745 1729 427 95 92 1054 831 834 819 814 787 767 768 905 897 887
1 3600 500
33
1250 529 530 1984 547 542 1398 2068 1757 451 448 1655 1656 1708 1705 1081 869 864 1559 295 290 1255 837 823 820 1374 1509 1506 1257 1221 1213 765 762
1 3600 500
39
173 176 1969 1857 503 498 507 510 652 1672 1659 1660 2158 643 637 638 627 624 1698 597 583 586 1043 1023 561 555 549 552 1793 951 948 1531 1532 1953 1265 1266 1274 1407 153
1 3600 500
40
1250 529 532 545 542 1396 1971 1972 431 432 652 1672 1846 1848 1911 1912 1039 1032 211 214 1281 1276 1776 1721 1724 1833 1637 1601 1594 717 713 706 1515 1483 1475 1476 1947 693 694 1763
1 3600 500
47
176 1855 503 498 431 434 508 1093 1094 1005 1002 1147 1123 1128 1138 1879 1113 1110 65 66 1155 1152 1784 1783 1780 1788 1793 539 536 572 1433 1430 397 394 1070 1554 1289 1284 1485 1486 693 696 2152 1653 53 41 34
1 3600 134
17
1380 1969 1857 1852 1397 1398 1395 1385 1382 413 410 807 808 793 794 331 326
1 3600 134
4
531 528 1251 1248
1 3600 134
9
527 524 528 409 403 398 991 331 328
1 3600 79
13
465 462 1380 1855 1852 2060 491 492 1745 1729 427 95 92
1 3600 208
18
471 468 1380 1969 1857 1852 2060 491 496 1974 2055 1681 1676 1655 1656 1708 439 421
1 3600 500
25
1967 1857 503 498 507 508 1206 1131 1132 2179 1119 1120 999 992 9 14 757 751 745 742 748 2029 929 932 958
1 3600 500
38
523 524 530 1984 547 542 1398 2066 181 178 1739 1740 1681 1678 1877 1874 1613 1610 1626 1638 1181 85 86 11 12 22 1152 1779 1780 1185 1186 945 946 1934 2012 1447 521 351
1 3600 500
39
1250 529 532 545 542 1396 1971 1972 431 434 510 654 1882 2140 665 666 1710 1719 1716 1701 1698 597 575 580 1065 1049 569 566 660 539 534 1433 1430 397 394 1070 1554 1289 1284
1 3600 500
32
1855 503 498 507 510 654 1882 2142 2193 1671 1674 1848 1911 1037 1034 2070 1907 1685 1686 1723 255 250 111 108 721 724 1582 715 718 1457 1458 1545
1 3600 149
3
457 454 191
1 3600 149
3
1379 469 470
1 3600 146
10
1733 197 198 656 1631 1632 1726 1171 501 502
1 3600 146
13
1380 1969 1857 503 498 431 434 508 1087 1082 289 284 1990
1 3600 146
9
473 468 1380 1855 1852 1971 487 484 1237
1 3600 146
15
475 472 193 190 460 462 1380 1969 1857 1852 2060 491 496 1974 1737
1 3600 146
7
1380 1855 503 498 1973 487 484
1 3600 146
8
468 1378 175 176 1969 1857 1852 1971
1 3600 146
6
173 176 1855 1852 1397 1398
1 3600 146
10
1099 1096 1624 505 498 507 508 1093 1094 1005
1 3600 146
12
475 468 1380 1969 1857 503 498 431 434 508 1087 1084
1 3600 147
21
1733 1734 301 205 202 1632 1169 501 498 507 508 1093 1090 1400 1145 1123 1128 1138 1879 1113 89
1 3600 500
26
457 454 460 462 1380 1855 503 498 431 432 652 1672 1659 1660 2158 643 637 638 627 624 1698 597 598 577 578 1029
1 3600 500
18
1969 1857 503 498 431 432 654 1882 2142 2193 1671 1672 1846 1848 1911 1912 1039 1032
1 3600 500
25
1096 1624 1171 501 498 507 510 652 1672 1659 1660 1713 1710 1719 1716 1701 1698 1667 1668 2070 1907 1685 1686 1776 1721
1 3600 500
26
460 462 1380 1855 503 498 431 432 654 1882 2140 665 666 1710 2161 643 637 638 2106 1039 1032 1817 1281 1278 1834 2090
1 3600 122
14
194 467 462 1380 1969 1857 503 500 1170 1625 299 300 1735 1663
1 3600 122
11
1984 547 542 1396 1971 1972 499 504 1727 1635 1631
1 3600 113
7
2023 467 462 1380 1855 503 500
1 3600 500
30
1253 1250 529 532 545 542 1398 2066 181 178 1739 1736 1689 1690 289 286 1150 1800 2176 1125 1126 1132 2179 1119 281 278 669 666 1712 1661
1 3600 500
10
205 202 1632 1726 505 498 507 510 652 1674
1 3600 277
26
489 486 1970 1397 217 218 383 384 105 102 1363 171 168 1332 2049 373 374 359 335 336 1227 1228 1309 1304 1310 1297
1 3600 238
15
287 288 1241 495 492 1754 2067 1399 217 218 611 612 303 306 1177
1 3600 294
20
1148 1679 1676 1655 1467 1453 447 423 424 1074 1497 481 476 767 768 1649 893 887 890 1918
1 3600 500
21
545 542 1398 2068 1757 451 448 1655 1656 1449 447 415 418 1077 1074 1497 1498 321 318 801 802
1 3600 500
28
1993 285 286 1150 1800 1137 1138 1879 1113 1110 65 70 78 751 745 742 748 2029 929 930 2173 101 96 916 1921 779 784 1232
1 3600 500
32
1005 1002 1147 1123 1126 1132 2179 1119 1120 999 992 9 14 1155 1152 1784 1783 1780 1788 1793 951 937 942 1527 1532 1953 1265 1266 1274 2000 691 696
1 3600 500
43
1002 1208 1803 1800 1137 1138 1613 1610 1626 1638 1181 995 996 1156 1172 1696 1758 1965 1701 1698 1667 607 608 591 565 566 662 1822 1829 1824 1603 1587 1582 2115 709 706 1541 701 702 1500 1766 1885 1886
1 3600 96
14
486 1970 1397 543 544 533 528 409 403 398 991 331 328 392
1 3600 145
13
1082 1241 495 492 1754 2067 1395 1385 1382 413 410 807 808
1 3600 145
14
1993 285 288 1691 1688 1975 1976 1747 1729 427 428 1382 1390 1392
1 3600 145
3
2067 1395 1385
1 3600 145
6
1756 2069 1399 217 220 413
1 3600 145
11
1691 1688 1737 1738 1747 1729 427 95 92 1054 1066
1 3600 155
17
1974 2055 1681 1676 1655 1656 1708 1705 1081 869 864 1559 1560 297 290 1255 837
1 3600 155
7
1976 179 182 448 1655 1467 1453
1 3600 155
16
1240 1691 1683 1676 1655 1656 1693 739 734 733 726 1081 869 864 1141 293
1 3600 192
28
1239 1236 485 482 1240 289 286 1148 1877 1874 1879 1113 89 86 69 66 757 751 745 742 748 2029 929 932 958 921 922 919
1 3600 500
17
1757 451 448 1655 1656 1693 81 71 66 1155 1152 1779 1780 1788 1793 539 540
1 3600 500
35
503 498 431 434 508 1206 1131 1132 2179 1105 1102 1106 669 619 620 630 1758 1965 1701 1698 597 583 586 1044 1047 569 566 662 1820 1824 721 724 1584 717 713
1 3600 500
42
2097 489 482 1240 1083 1088 1995 1209 1147 1123 1126 1132 2179 1105 1102 1106 1880 665 666 1710 1719 1714 623 624 1698 1667 1668 2070 1907 1685 1686 1723 1724 1833 1637 1621 1607 1591 1577 1573 1525 1520
1 3600 149
11
2069 1399 1396 1853 1856 1968 1381 463 461 455 456
1 3600 149
10
489 486 1970 1397 543 544 533 528 1251 1252
1 3600 149
8
180 2067 1399 543 546 1985 531 525
1 3600 149
6
490 2061 1853 1854 1381 463
1 3600 149
10
2009 1089 1086 509 506 499 502 1856 1968 1381
1 3600 149
5
547 542 1396 1853 1854
1 3600 149
10
2009 1089 1086 509 435 430 499 504 1625 1622
1 3600 149
9
1086 509 506 499 502 1856 1968 177 174
1 3600 153
3
1236 485 486
1 3600 153
7
1803 1151 1148 1679 1680 2054 1975
1 3600 153
8
1082 1241 495 490 2061 1397 543 546
1 3600 155
11
1755 1745 1746 1739 1740 1681 1678 1877 1874 1613 1614
1 3600 155
17
547 542 1398 2066 1755 493 496 1974 2055 1681 1678 1149 1150 1800 2176 1125 1126
1 3600 155
7
1803 1800 1137 1138 1879 1113 1114
1 3600 155
7
1083 1088 1995 1209 1147 1123 1126
1 3600 155
8
1689 1690 1083 1086 1093 1090 1400 1145
1 3600 155
4
1086 1206 1131 1134
1 3600 155
7
489 482 1240 1691 1688 1737 1742
1 3600 155
8
1993 285 286 1148 1877 1874 1613 1614
1 3600 155
4
1974 2055 1681 1678
1 3600 155
9
1731 1728 185 182 448 1655 1656 1693 81
1 3600 128
19
289 286 1150 1800 1137 1135 1132 2179 1105 1102 1106 669 666 1710 1719 1714 635 638 2104
1 3600 500
22
1088 1995 1209 1147 1123 1128 1138 1879 1181 995 996 1156 1172 1696 1758 1965 1701 1698 1667 607 608 591
1 3600 500
24
1235 1236 485 486 1972 431 432 654 1882 2142 2193 1671 1672 1846 1848 1911 1037 1032 211 214 1281 1276 1776 257
1 3600 500
29
178 1739 1740 1681 1678 1877 1874 1613 1610 1626 1640 1119 281 278 1880 665 666 1712 2158 1915 1911 1912 1039 1032 1817 1281 1278 1834 2090
1 3600 131
12
1731 1728 1744 493 494 483 486 1972 499 500 1168 1633
1 3600 126
9
1728 1746 1977 1974 1689 1690 1083 1086 1093
1 3600 126
5
493 494 483 486 1972
1 3600 126
8
542 1396 1971 487 482 1240 1083 1086
1 3600 119
13
1995 1209 1147 1123 1126 1132 2179 1105 1102 1106 1880 2141 2142
1 3600 455
14
286 1150 1800 2176 1125 1126 1132 2179 1105 1102 1106 669 666 1710
1 3600 500
41
994 85 88 1110 1178 739 731 726 1704 77 74 415 418 1650 1479 1480 829 832 1863 877 27 30 380 603 604 1359 1357 261 262 1160 1352 2187 2183 1899 1900 1349 1346 1341 1342 1329 1326
1 3600 334
23
69 64 1178 739 734 733 726 1081 869 866 853 848 813 816 1863 877 874 383 384 612 603 604 1359
1 3600 227
18
739 736 1205 1202 1263 681 649 646 1260 1373 1374 1509 1504 1510 121 118 1194 899
1 3600 312
23
89 82 9 14 757 754 1202 1263 681 678 1260 1373 1374 1509 1506 1257 1221 1213 765 762 1166 1799 1796
1 3600 500
28
1125 1128 1138 1879 1181 85 86 11 12 22 1152 1784 1783 1780 1185 1186 945 946 1934 2010 1445 521 517 514 1941 1007 1008 1408
1 3600 500
30
1610 1626 1638 1113 1110 65 70 78 751 745 742 748 2029 929 926 57 60 1933 1928 1893 1417 861 858 1809 971 968 1815 1761 1762 685
1 3600 500
34
1743 1738 1747 1729 427 95 90 1478 1469 819 814 1490 481 478 801 796 1902 779 782 1413 1414 1011 1008 153 154 1290 1763 1764 979 976 39 40 54 348
1 3600 357
14
2157 1115 1112 1878 1875 1876 1679 1680 1741 1738 1747 1729 1730 1858
1 3600 145
17
1091 1092 1087 1082 1241 495 492 1754 2067 1395 1385 1382 413 410 807 808 793
1 3600 145
14
2157 1115 1110 1178 739 731 726 1704 77 72 388 428 1382 413
1 3600 155
15
2157 1115 1110 1178 739 734 733 726 1081 869 866 853 850 2117 1499
1 3600 155
13
1113 1110 1178 739 736 1997 1707 1081 869 864 1559 1560 845
1 3600 155
9
999 992 83 86 69 70 80 739 736
1 3600 155
10
89 82 9 14 757 754 1202 1263 1143 293
1 3600 155
14
85 88 1110 1178 1692 1449 447 415 418 1650 1479 1480 829 832
1 3600 155
17
1117 1120 999 992 9 14 757 754 1202 1263 233 234 291 294 1558 847 848
1 3600 155
16
1879 1113 1110 1178 739 731 726 1081 869 864 1559 1560 845 842 323 318
1 3600 166
20
1126 1132 2179 1119 1120 999 992 9 12 22 1152 1786 929 926 57 62 127 124 313 310
1 3600 166
12
279 280 1120 999 992 9 14 757 754 1202 273 274
1 3600 166
19
1126 1134 1138 1879 1181 85 86 69 70 78 751 745 742 748 2029 929 930 2173 2171
1 3600 192
17
2155 1115 89 86 69 66 1155 1152 1779 1780 1185 1186 945 946 1934 2012 1447
1 3600 500
22
1879 1181 995 996 25 22 1152 1784 1783 1780 1788 1793 539 536 572 1774 1429 1430 1436 1440 1515 1483
1 3600 500
35
1181 995 996 617 620 630 1758 1965 1701 1698 597 575 578 1063 1049 569 566 662 1820 1826 259 243 244 113 108 1603 1597 1598 1591 1592 1581 1573 1525 675 676
1 3600 161
12
2178 1133 1130 1207 509 435 430 499 500 1170 1625 299
1 3600 164
11
1109 1005 1002 1208 1994 1089 1082 1241 495 490 2164
1 3600 164
17
1103 1104 1641 1627 1611 1612 1875 1876 1679 1680 1741 1738 179 182 450 1756 2069
1 3600 164
8
1657 1654 1677 1678 1149 1150 1802 1994
1 3600 164
11
2059 735 738 1179 1111 1112 1878 1139 1136 1801 1151
1 3600 164
13
71 68 87 84 1180 1878 1875 1876 1679 1680 2054 1975 497
1 3600 164
10
1124 2177 1801 1151 287 288 1241 483 488 2096
1 3600 164
15
68 87 84 1180 1639 1627 1628 1615 1612 1875 1876 1679 1682 1688 1975
1 3600 164
7
88 1112 1878 1875 1876 1679 1682
1 3600 164
11
1805 1151 287 288 1241 483 486 1970 1397 543 544
1 3600 164
5
2054 1689 1690 1083 1084
1 3600 164
15
1121 1118 1641 1627 1611 1612 1875 1876 1679 1680 2054 1975 497 490 2061
1 3600 170
4
1627 1611 1612 1139
1 3600 170
6
1118 1641 1638 1113 1114 2156
1 3600 170
7
1681 1678 1877 1874 1879 1181 85
1 3600 173
8
89 86 11 12 22 1152 1779 1780
1 3600 173
10
1115 1110 65 66 1155 1152 1784 1783 1780 559
1 3600 173
24
1743 1740 1681 1678 1877 1874 1613 1610 1626 1640 1119 281 278 1880 665 666 1710 1719 1714 623 624 1698 597 583
1 3600 173
8
1693 81 71 68 11 12 24 617
1 3600 173
11
1106 669 619 614 1172 1696 1758 1965 1701 1698 1667
1 3600 173
12
1181 995 996 1156 615 620 628 1712 2158 643 637 638
1 3600 173
11
735 738 81 78 751 752 23 24 617 620 632
1 3600 173
8
992 9 14 757 751 745 742 748
1 3600 173
5
1106 1880 665 619 614
1 3600 173
10
1135 1132 2179 1105 1102 1106 669 666 1710 1719
1 3600 173
22
1137 1129 1126 1132 2179 1119 281 278 1880 665 666 1710 1719 1716 1701 1698 597 598 577 580 1061 1027
1 3600 143
21
1681 1676 1655 1656 1708 1705 1706 1996 1205 1202 273 274 1986 2123 2029 1787 1779 1780 559 555 549
1 3600 500
21
1629 1626 1638 1113 1110 65 66 1155 1152 1784 1783 1780 1788 1793 539 534 1774 2137 2132 2121 2118
1 3600 500
27
1403 1091 1092 509 510 652 1674 1848 1911 1037 1034 2070 1907 1685 1686 1776 257 253 250 1842 1839 1833 1637 1621 1616 1425 1423
1 3600 500
12
1109 1095 1092 509 506 499 504 1727 1635 229 201 196
1 3600 106
5
1003 1004 1095 1092 509
1 3600 152
5
1102 1106 1880 2141 2142
1 3600 152
10
1115 1112 1639 1640 1105 1102 1106 1880 2141 2142
1 3600 152
6
281 278 1880 2141 2142 2193
1 3600 125
14
2059 735 738 1179 65 68 11 12 24 1156 615 620 628 1710
1 3600 500
27
740 1263 1143 293 296 845 840 2117 1499 1491 1488 1861 877 874 611 105 106 166 1363 379 369 370 377 339 336 1343 1344
1 3600 500
21
616 25 22 753 745 277 272 1263 233 234 1845 323 318 789 767 225 222 1645 1175 271 266
1 3600 294
14
929 930 2173 101 96 916 1921 779 780 1018 1245 1243 115 116
1 3600 238
17
22 753 745 740 1263 681 649 650 827 820 1374 1509 1506 1553 1021 1016 1219
1 3600 334
19
1043 1031 563 558 1185 1186 945 189 59 60 1933 1928 1893 1417 861 862 1232 1916 1015
1 3600 500
22
757 751 745 742 748 2029 929 926 934 946 1934 2010 1445 1442 1943 1944 1998 2000 691 696 687 682
1 3600 500
23
2045 2042 1783 1780 1185 1186 2031 953 948 1531 1528 1461 1462 1871 1868 1946 1948 1769 1766 1885 1888 963 960
1 3600 500
16
277 272 1203 1204 1997 1707 1704 77 72 388 428 1382 413 401 402 406
1 3600 263
20
622 1715 1718 1711 629 621 616 25 13 10 69 70 80 739 734 733 726 1704 439 436
1 3600 158
17
1964 1759 1697 1173 1157 25 22 753 745 740 1263 1143 293 296 845 840 2117
1 3600 158
23
1029 563 558 1781 1778 1786 2028 749 746 275 272 1203 1204 1997 1707 1704 439 421 424 1076 1650 1469 1470
1 3600 158
15
1700 1964 1759 1697 1173 1157 25 13 10 69 64 1178 739 736 1997
1 3600 159
7
753 745 742 748 2029 929 926
1 3600 159
12
1043 1023 561 555 549 552 445 440 2033 945 189 59
1 3600 159
12
563 558 1185 1186 945 946 315 312 125 122 1905 855
1 3600 159
12
25 22 1152 1786 929 926 57 62 127 124 313 310
1 3600 159
16
1061 1027 563 555 549 552 445 440 2033 945 935 927 932 957 925 922
1 3600 159
14
1023 561 558 1185 1186 2031 147 148 315 310 1958 2128 2127 1921
1 3600 159
10
616 25 22 753 745 277 272 1263 681 649
1 3600 158
21
2105 627 624 1698 597 575 578 1063 1049 569 566 660 951 937 940 1556 1527 1532 1953 1265 1266
1 3600 158
10
748 2029 929 926 934 944 2031 953 937 942
1 3600 158
12
1049 569 557 549 552 445 442 1186 2031 147 142 1216
1 3600 217
13
1788 1793 951 937 940 1556 1563 1539 1534 1554 1289 1282 1512
1 3600 500
22
577 580 1061 1027 1030 1040 1547 591 594 1907 1685 1686 1723 1724 1833 1637 1621 1618 1581 1573 1525 1522
1 3600 500
16
639 636 642 2159 1851 1847 1673 653 511 435 430 499 502 1854 177 174
1 3600 125
22
581 574 596 1699 1700 1717 645 642 1915 1849 1675 1670 2192 2143 1883 655 433 430 1973 1970 1397 1398
1 3600 159
14
615 618 664 1881 1107 1103 1104 2178 1133 1127 1122 1146 1003 1000
1 3600 159
6
1153 1154 67 70 80 739
1 3600 159
6
8 993 994 1180 1878 1613
1 3600 159
19
587 582 596 1699 625 622 1715 1718 1711 667 668 1107 1103 1104 2178 1133 1127 1124 2177
1 3600 159
9
1781 1782 1785 1153 1154 15 8 993 998
1 3600 159
5
621 614 1157 997 994
1 3600 159
14
750 756 15 8 993 998 1121 1118 2178 1133 1127 1122 1144 1401
1 3600 159
15
639 636 642 2159 1713 667 664 1881 1107 1103 1104 2178 1133 1127 1124
1 3600 159
6
1173 1157 997 992 83 86
1 3600 159
9
2045 2042 1785 1153 1154 67 68 87 84
1 3600 165
10
1062 579 576 599 596 1699 1700 1964 1759 1697
1 3600 165
5
23 24 1156 1172 1694
1 3600 165
9
579 574 596 1699 1700 1964 1759 631 621
1 3600 167
10
1022 1040 1547 591 594 1907 1831 211 214 1818
1 3600 167
16
577 578 1029 1030 1040 1047 569 566 662 1822 1829 1826 259 243 244 248
1 3600 167
14
1695 1696 1758 1965 1701 1698 597 583 588 1027 563 555 549 550
1 3600 167
10
580 1061 589 584 608 1548 2070 1907 1685 213
1 3600 167
9
14 1155 1152 1779 1780 559 560 1024 1053
1 3600 167
7
555 549 552 1793 539 536 572
1 3600 167
8
1065 1049 569 566 660 539 536 570
1 3600 167
9
1695 1696 1758 1965 1701 1698 1667 607 608
1 3600 167
10
617 620 628 1712 2158 643 640 1912 1039 1032
1 3600 167
10
2105 627 624 1698 1667 1668 2070 1907 659 662
1 3600 156
11
645 640 1037 1032 1830 659 660 539 534 1774 2137
1 3600 500
19
752 1152 1784 1783 1780 1788 1793 539 536 572 1774 2137 2132 2121 2118 1583 1584 1589 1577
1 3600 500
23
1044 1547 1548 1035 1038 1913 1910 1849 1847 1673 653 511 506 499 500 1168 1633 203 204 300 1101 1098 1665
1 3600 384
5
618 664 2141 1883 655
1 3600 122
5
631 628 1712 1661 1658
1 3600 153
5
617 620 628 1710 2161
1 3600 153
13
1155 23 24 1156 615 620 628 1712 2158 643 637 638 2106
1 3600 153
5
1695 1696 631 628 1710
1 3600 500
33
538 951 952 147 148 315 310 1958 2128 1893 1890 1903 1509 1504 1510 915 909 907 904 1649 1645 1646 2092 2146 2148 305 308 604 1359 1357 261 264 2074
1 3600 500
31
590 1546 1041 1023 561 558 1781 1778 1786 2028 2122 1987 275 272 1263 233 236 1140 847 848 813 816 1863 877 27 30 380 303 306 1404 1359
1 3600 500
28
1429 939 942 1527 1532 1953 1951 1937 1938 1944 1415 1410 859 862 1230 759 764 1212 1220 1245 1243 115 116 907 904 227 224 770
1 3600 312
19
1052 1025 561 558 1185 1186 945 189 59 62 127 122 1978 1921 779 784 1230 759 762
1 3600 263
22
593 565 557 549 552 445 440 2033 945 189 59 60 1933 1928 1893 1417 861 856 137 134 43 44
1 3600 500
17
1819 1281 1278 1836 1833 1605 1587 1582 715 718 1457 1458 1545 701 702 1500 987
1 3600 500
24
2169 1819 1281 1276 1776 257 243 244 113 108 721 722 1794 2121 1439 1440 1515 1512 1516 1503 1500 1766 1885 1888
1 3600 500
25
554 558 1781 1782 1785 1786 2028 749 743 740 1203 1204 729 726 1704 77 72 388 428 1382 413 410 807 810 991
1 3600 500
31
247 242 258 1827 1821 663 567 568 1046 1041 1023 561 558 1781 1778 1153 753 750 79 80 1692 1708 439 436 2083 387 388 428 1382 1390 1392
1 3600 200
16
660 951 952 147 148 315 312 1933 1926 1905 855 239 234 1845 843 840
1 3600 113
6
557 549 552 445 442 1186
1 3600 113
16
2169 1819 1816 1830 1906 595 565 557 549 552 445 440 2033 945 946 315
1 3600 112
4
1821 663 660 951
1 3600 112
11
1819 215 212 1684 659 660 951 948 1531 1532 1953
1 3600 112
5
557 549 552 445 440
1 3600 112
18
249 113 108 721 722 1794 2121 1439 7 2 1072 1564 1461 1462 1269 1264 1951 1943
1 3600 112
9
210 1830 659 660 951 937 940 1556 1563
1 3600 120
10
1824 1603 1597 1594 717 713 706 1541 1542 1988
1 3600 120
15
259 253 250 111 108 721 722 1794 2133 1435 397 394 1070 1554 1289
1 3600 500
11
1829 1824 1603 1597 1598 1591 1577 1573 1525 675 670
1 3600 500
27
1826 259 256 1777 1687 213 210 1033 1036 1910 1849 1675 1670 2192 2143 1883 655 433 430 1973 1970 1397 543 544 533 528 1251
1 3600 455
22
1669 1666 1699 625 622 1715 1718 1711 667 668 1107 1103 1104 2178 1133 1134 1136 1801 1151 287 284 1992
1 3600 138
24
1828 1823 663 567 564 590 609 606 1666 1699 1700 1717 1718 1711 667 668 279 280 1118 2178 1133 1127 1124 2180
1 3600 112
4
1549 1546 1041 1023
1 3600 112
15
1277 1280 1816 1033 1038 1913 641 642 2159 1713 629 621 616 25 13
1 3600 112
5
1052 1025 561 558 1781
1 3600 112
16
1050 1064 581 576 599 596 1699 1700 1964 1759 1697 1173 1157 997 998 1908
1 3600 112
11
567 568 1046 1045 587 582 596 1699 1700 1964 1759
1 3600 112
18
1775 535 538 1792 553 548 554 562 1026 589 584 606 1666 1699 1700 1964 1759 1697
1 3600 112
5
1684 1906 2071 1549 1546
1 3600 123
4
1277 1280 1818 2168
1 3600 123
3
538 1792 445
1 3600 116
4
1685 1686 1723 255
1 3600 116
12
593 594 1907 1831 1817 1281 1278 1836 1833 1637 1601 1596
1 3600 116
10
553 548 556 566 662 1820 1826 259 253 250
1 3600 116
4
534 1774 2137 2134
1 3600 116
7
1281 1276 1776 1721 1724 1833 1605
1 3600 116
9
536 572 1433 1430 1436 1438 2118 1583 1584
1 3600 277
11
444 1793 661 658 1831 211 214 1281 1278 1834 2090
1 3600 500
17
1548 1035 1036 1910 1849 1847 1673 653 511 506 499 500 1168 1635 657 199 196
1 3600 500
12
1906 2071 1035 1038 1913 1910 1849 1675 653 433 430 499
1 3600 455
12
1687 213 210 1033 1036 641 642 2159 1661 1658 1673 1670
1 3600 128
17
1775 573 537 538 1792 553 548 554 562 1026 1060 581 574 596 1699 1702 2056
1 3600 500
34
1585 1582 2115 709 706 1515 1512 1473 1476 1947 693 694 1763 1760 1814 969 141 138 1163 1164 903 895 892 1645 1646 2094 305 308 600 1360 1331 1332 2049 373
1 3600 500
35
2135 1435 397 394 1072 1564 1461 1462 1269 1266 1274 1999 1415 1412 783 780 1020 1552 775 776 1243 1189 1192 1197 1194 2108 901 895 892 1645 1175 1176 1404 1359 1357
1 3600 500
23
252 258 1827 1821 663 660 951 952 147 142 1216 1447 521 351 354 1890 1903 797 800 789 767 770 2026
1 3600 500
26
113 108 721 722 1794 2121 1439 7 2 1070 1535 1536 1529 1532 1953 1951 1937 1007 981 973 970 1806 857 862 1230 2078
1 3600 357
16
1599 1594 717 713 706 1515 1483 1486 693 690 151 154 1292 985 973 970
1 3600 384
9
2115 709 706 1515 1512 1473 1476 1947 693
1 3600 500
18
245 240 250 1842 1839 1833 1637 1621 1618 1581 1573 1525 675 672 1885 1888 963 964
1 3600 500
32
2133 2136 1429 939 936 952 2030 945 935 927 928 2028 749 743 744 750 79 80 1692 1657 1654 449 450 1756 2069 1399 543 544 533 528 409 404
1 3600 500
32
722 1794 2133 2136 1429 939 940 1201 1198 1215 1216 2013 1957 1931 1926 1905 1261 647 650 239 236 293 294 1558 847 852 2167 1079 1076 1650 1479 91
1 3600 500
32
258 1827 1821 663 567 568 1046 1041 1031 563 558 1781 1782 1785 1786 2028 749 746 275 272 1203 1204 1997 1707 1081 869 866 2167 1079 1076 1650 2188
1 3600 217
23
256 1777 1687 1684 1906 595 565 557 549 552 445 442 1186 945 189 59 62 127 122 1905 1373 821 824
1 3600 115
18
1836 1833 1637 1601 1596 1587 1582 2119 1439 7 2 1072 1562 1557 1201 1198 1215 1216
1 3600 115
18
108 721 722 1794 2121 1439 7 2 1072 1539 1536 1529 1532 1953 1951 1443 521 351
1 3600 132
7
1637 1601 1594 717 713 710 2098
1 3600 132
10
717 718 1457 1458 1545 701 704 1773 1770 1923
1 3600 132
6
1587 1582 2115 709 710 1455
1 3600 132
8
1724 1833 1605 1587 1582 715 713 710
1 3600 132
8
1601 1594 717 713 706 1515 1512 1516
1 3600 135
11
111 108 1603 1597 1598 1591 1577 1573 1525 675 676
1 3600 500
28
1777 1277 1280 1816 1033 1038 2107 639 636 642 2159 1851 1847 1673 1670 2192 2143 1883 655 511 506 499 502 1856 1968 1381 463 464
1 3600 500
20
2136 1775 535 538 1792 1789 1781 1778 1153 1154 67 64 1111 1112 1878 1875 1876 1149 287 288
1 3600 500
20
1722 1687 1684 1906 2071 1669 1666 1699 625 622 1715 1718 1711 629 621 616 997 994 85 88
1 3600 143
12
1832 1837 1279 1280 215 210 1033 1034 1669 1666 1699 1702
1 3600 128
5
1777 1277 1280 1816 1033
1 3600 128
5
720 1825 1828 1823 663
1 3600 128
11
1586 1602 109 110 251 254 1722 1687 1684 1906 2071
1 3600 128
5
242 256 1777 1687 1684
1 3600 128
11
1832 1838 1843 251 252 258 1827 1821 663 660 1792
1 3600 128
3
255 241 246
1 3600 128
9
1607 1599 1596 1602 1825 1821 663 567 568
1 3600 72
4
1606 1616 1835 1279
1 3600 105
8
723 724 1584 1595 1598 1606 1616 2090
1 3600 105
9
240 250 1842 1839 1833 1637 1621 1618 1581
1 3600 105
7
1840 1842 1839 1837 1834 1425 1423
1 3600 500
23
1604 1832 1837 1279 1280 215 210 1033 1036 1910 1849 1675 653 511 435 430 499 504 1625 1097 1100 1735 197
1 3600 500
28
2133 1435 1431 939 936 952 2030 945 935 927 928 2028 749 743 744 750 756 15 8 993 998 1121 281 278 1880 2141 1883 655
1 3600 500
14
256 1777 1277 1280 1816 1033 1038 2107 639 636 644 1718 1711 667
1 3600 500
15
1840 251 254 1722 1687 1684 1906 595 590 609 606 1666 1699 1702 2056
1 3600 500
43
1588 1585 1582 2119 1439 7 2 1070 1554 1289 1284 1492 1867 1271 1274 1407 1408 985 982 1814 1895 1896 2087 1167 1164 883 880 886 892 1645 1646 2092 2144 2150 33 30 384 105 102 1363 379 131 128
1 3600 500
35
1579 1573 1574 1545 1542 1988 1773 1770 1949 1947 1869 1271 1274 1999 1415 1412 783 780 1020 1552 775 772 1510 915 912 911 907 904 227 222 1645 1175 1176 1404 1359
1 3600 500
23
1791 1581 1573 1574 1545 701 702 1500 987 975 978 1765 1760 1814 969 141 138 1163 1164 889 881 884 1918
1 3600 500
23
1579 1573 1574 1545 701 704 1773 1770 1923 1924 1947 693 694 1291 1292 985 973 968 1895 1896 2087 1799 1796
1 3600 500
20
2091 1617 1607 1599 1594 717 714 2115 709 706 1515 1483 1484 1494 1269 1266 1274 1407 1009 981
1 3600 500
14
1422 1424 1617 1607 1591 1577 1573 1574 1545 701 702 1500 987 988
1 3600 500
12
2091 1617 1618 1581 1573 1525 675 672 1885 1888 963 966
1 3600 500
41
1424 1835 1279 1280 215 210 1830 1906 595 590 609 585 588 1027 563 558 1781 1782 1785 1786 2028 2122 1987 275 272 1203 1204 729 726 1704 77 72 388 428 1382 413 410 807 808 793 794
1 3600 500
35
1424 1617 1607 1599 1596 1587 1582 2119 1439 1437 1431 939 940 1201 1198 1215 1216 2013 2010 2131 2128 2127 1921 1903 797 800 319 320 1499 1496 1075 1076 419 416 2082
1 3600 500
28
1573 1574 1545 1542 1988 2138 1519 1473 1474 1484 1494 1269 1264 1951 1443 521 351 354 1890 1903 797 800 479 480 1496 1075 425 422
1 3600 500
18
1593 1588 1585 725 722 1794 2133 1435 1431 939 936 952 2030 945 189 186 927 932
1 3600 277
14
1593 1588 717 714 2119 1439 7 4 394 1072 1564 1529 1532 1954
1 3600 82
13
1421 1422 1424 1617 1620 1636 1605 1587 1582 2119 1439 7 2
1 3600 72
5
1617 1607 1591 1577 1573
1 3600 500
29
1576 1592 1619 1620 1636 1832 1725 1722 1687 213 210 1033 1036 1910 1849 1847 1673 1670 2192 2143 1883 655 433 430 499 502 1854 1381 469
1 3600 500
29
1579 1576 1588 1585 725 722 1794 2133 2136 1775 573 537 538 1792 1789 1781 1778 1153 1154 67 64 1178 1692 1657 1654 449 183 178 1977
1 3600 500
32
1593 1590 1599 1596 1602 1825 1828 1823 663 567 568 1048 1062 579 576 599 596 1699 1700 1717 1718 1711 667 664 1881 1107 1103 1104 2178 1133 1134 1136
1 3600 500
20
1590 1606 1620 1636 1832 1725 1720 1777 1687 1684 1906 2071 1669 1666 1699 1700 1964 1759 1697 1694
1 3600 200
10
1422 1424 1835 1279 1280 1816 1830 659 660 539
1 3600 79
8
1427 1424 1835 1836 1838 1843 251 252
1 3600 79
5
1422 1424 1835 1836 1838
1 3600 79
6
1422 1424 1617 1607 1599 1596
1 3600 161
5
1580 1619 1616 1425 1426
1 3600 500
26
1421 1422 1424 1835 1279 1280 215 210 1033 1038 1913 1910 1914 2159 1661 1658 1673 653 511 506 499 500 1170 1727 1633 203
1 3600 500
36
1579 1576 1588 1585 725 720 109 112 245 242 258 1827 1821 663 567 568 1046 1045 587 582 596 1699 625 626 639 636 642 2159 1851 1675 1670 2192 2143 1883 655 511
1 3600 500
20
1619 1620 1636 1832 1725 1722 1687 1684 1906 2071 1669 1666 1699 625 622 1715 1718 1711 667 664
1 3600 500
19
1580 1593 1590 1599 1596 1602 109 112 245 242 256 1777 1277 1280 1816 1033 1036 1910 1849
1 3600 500
24
1634 1169 501 498 1973 1970 1397 217 218 383 384 105 106 166 1363 1364 2051 373 374 333 336 1329 1326 2018
1 3600 500
14
228 1634 1726 505 498 1973 1970 1397 217 218 611 612 303 306
1 3600 500
34
200 209 204 298 1624 1171 501 498 507 508 1087 1082 1691 1683 1676 1655 1467 1453 447 423 424 1074 1497 1498 321 316 476 767 768 905 897 894 898 2108
1 3600 500
40
1664 1623 1624 505 498 507 508 1087 1082 1691 1683 1676 1655 1656 1708 439 421 424 1078 2166 853 850 841 842 839 17 20 1386 799 796 1509 1506 1257 1221 1213 765 762 1166 1799 1796
1 3600 500
39
1631 1632 1169 501 498 1973 487 482 495 492 1745 1729 427 95 92 1058 829 834 819 814 1490 481 478 801 796 1509 1506 1553 1021 1016 2081 2079 1231 863 858 1809 971 968 1815
1 3600 500
37
1634 1169 501 498 1973 487 482 495 492 1745 1729 427 389 386 417 418 1077 1074 1497 1498 321 318 801 796 1902 1891 355 352 1941 1007 1008 153 150 691 696 2152 2194
1 3600 500
50
1734 301 298 1624 505 498 431 432 654 1882 2140 1881 279 280 1120 999 992 9 14 757 754 1202 273 274 1986 2123 2029 929 930 2173 2171 919 916 2126 2129 2130 1445 1442 1943 1944 1998 2000 691 696 2152 1653 53 54 346 1960
1 3600 500
20
1662 197 200 209 202 1632 1726 1171 501 502 1852 1397 543 546 1985 531 528 409 403 398
1 3600 500
16
231 228 1634 1726 505 502 1852 1397 1398 1395 1385 1382 413 410 807 808
1 3600 500
20
207 202 1632 1169 501 498 431 434 508 1087 1082 1691 1683 1676 1655 1656 1708 1705 1081 869
1 3600 500
28
1632 1169 501 498 507 510 654 1882 2140 1881 279 280 1120 999 992 9 14 757 754 1202 273 274 1986 2123 2029 929 926 187
1 3600 500
34
1664 1099 1096 1624 505 498 431 432 652 1672 1659 1660 2158 643 644 1714 623 624 1698 597 583 586 1043 1023 561 558 1185 1186 2031 147 142 1214 1531 1528
1 3600 500
31
228 1634 1726 1171 501 498 507 510 652 1672 1846 1848 1911 1912 1039 1034 1549 591 565 557 549 552 1793 951 948 1531 1528 1461 1287 1282 1512
1 3600 500
43
1726 505 498 431 434 508 1206 1131 1134 1138 1879 1113 1110 1178 739 731 726 1081 869 864 1141 237 238 854 1904 1927 1930 1956 2012 1447 1442 1950 1265 1268 1871 1868 1946 1925 1922 1769 1766 673 670
1 3600 84
10
1631 1632 1169 501 502 1856 1968 1381 463 464
1 3600 84
13
209 204 298 1624 1171 501 498 1973 1970 1397 543 546 1985
1 3600 79
7
230 301 298 1624 505 502 1856
1 3600 312
20
1662 197 198 656 1634 1169 501 498 507 508 1093 1090 1400 1145 1123 1128 1138 1879 1113 89
1 3600 500
16
1632 1726 505 498 431 434 508 1206 1131 1132 2179 1119 1120 999 992 9
1 3600 500
25
1634 1169 501 498 431 432 652 1674 1850 2158 643 637 634 623 624 1698 597 583 586 1044 1047 569 566 662 1820
1 3600 500
30
1732 1623 1624 1171 501 498 507 510 654 1882 2142 2193 1671 1672 1846 1848 1911 1037 1032 211 212 1686 1776 257 243 244 113 108 721 724
1 3600 500
20
656 1631 1632 1726 505 498 431 432 652 1674 1848 1911 1912 1039 1032 1817 1281 1278 1834 1425
1 3600 208
4
1734 231 209 206
1 3600 89
5
1732 1099 1096 1624 1171
1 3600 89
5
301 298 1624 505 498
1 3600 455
8
656 1634 1169 501 498 507 510 654
1 3600 500
13
1169 501 498 431 434 510 654 1882 2142 2193 1671 1672 1846
1 3600 500
19
1983 531 528 409 403 398 991 331 324 129 132 357 358 365 360 2182 1351 1354 2077
1 3600 500
22
1094 1005 1002 1208 1803 1151 1148 1679 1680 1741 1738 1747 1729 427 95 92 1054 1068 877 874 383 384
1 3600 500
25
511 508 1087 1082 1691 1683 1676 1655 1467 1453 447 415 418 1650 1469 819 814 787 767 225 226 905 906 910 2100
1 3600 500
29
508 1087 1082 1691 1683 1676 1655 1656 1449 447 423 424 1078 2166 853 850 841 842 839 823 820 1374 1902 779 784 1232 1916 1015 1012
1 3600 500
31
652 1672 1659 1660 2158 2160 1719 1716 1701 1698 597 598 577 578 1029 563 558 1185 1186 945 946 1934 2010 1445 521 517 514 1941 1007 1008 153
1 3600 500
34
501 498 1973 487 482 495 492 1745 1729 427 389 386 417 418 1077 1074 1497 481 478 801 796 1509 1506 1553 1021 781 782 1413 1410 1809 971 972 982 1761
1 3600 500
37
1973 487 482 1240 1691 1683 1676 1655 1656 1708 1705 1081 869 864 1141 237 238 854 1904 1978 2126 1893 1417 861 856 1807 971 972 984 1293 1290 685 688 979 976 39 40
1 3600 500
11
1087 1082 1691 1688 1737 1738 179 184 1729 1730 1858
1 3600 334
7
501 502 1852 1397 217 220 413
1 3600 334
17
501 498 1973 487 482 495 492 1745 1729 427 389 386 417 418 1077 1078 2166
1 3600 500
25
507 508 1093 1090 1400 1131 1132 2179 1641 1638 1181 85 86 69 70 78 751 745 742 748 2029 929 932 958 921
1 3600 500
31
434 508 1206 1145 1123 1128 1138 1879 1113 1110 1178 739 734 733 726 1081 869 864 1559 295 292 237 238 651 646 1260 1904 1978 2126 2129 2130
1 3600 500
25
431 432 654 1882 2142 2193 1671 1674 1848 1911 1037 1032 211 214 1281 1276 1723 1724 1833 1637 1601 1594 717 718 1457
1 3600 500
40
1981 1984 547 542 1398 2068 1757 451 448 1655 1656 1708 439 421 424 1074 849 850 841 842 839 823 820 1374 1902 1891 355 352 1941 1938 1273 1270 1868 1946 1948 1769 1766 673 674 1522
1 3600 91
6
502 1854 1381 463 461 455
1 3600 58
8
511 508 1087 1082 1691 1688 1975 1976
1 3600 58
6
501 498 507 508 1087 1088
1 3600 76
8
434 508 1093 1090 1400 1131 1132 2179
1 3600 277
16
431 432 652 1672 1659 1660 2158 643 644 1714 623 624 1698 1667 607 585
1 3600 500
15
507 510 654 1882 2140 665 666 1710 1719 645 640 1912 1039 1032 211
1 3600 500
14
501 498 431 432 652 1672 1846 1848 1911 1037 1032 1817 1281 1278
1 3600 500
38
1981 1984 547 542 1398 2068 1757 451 448 1655 1656 1693 739 736 1205 1202 273 274 747 748 2029 929 926 187 188 944 2031 953 937 938 1430 1436 1438 2118 715 716 1589 1592
1 3600 51
7
433 430 499 504 1625 1622 1665
1 3600 143
3
498 431 434
1 3600 46
3
654 1882 2142
1 3600 416
9
434 510 654 1882 2140 1881 669 666 1710
1 3600 500
36
2140 1881 1107 1103 1104 1641 1638 1113 1110 1178 739 731 726 1081 869 866 853 848 813 816 1863 877 27 28 872 2148 305 306 1177 271 266 2072 2074 2076 1355 1350
1 3600 500
27
619 614 1157 25 22 753 745 740 1263 1143 293 296 845 840 2117 1499 1491 1488 1861 877 874 611 105 106 164 2064 2088
1 3600 500
17
619 616 25 22 753 745 277 272 1263 233 234 1845 323 316 476 767 770
1 3600 500
21
1660 1713 629 621 614 1157 25 22 753 745 740 1263 681 678 1260 1373 1374 1509 1506 1257 1221
1 3600 500
24
1881 279 280 1120 999 992 9 14 757 751 745 742 748 2029 929 930 2173 101 96 916 2126 1893 1417 1413
1 3600 500
33
1674 1850 2158 643 644 1716 1701 1698 597 575 578 1029 563 558 1185 1186 945 946 1934 2012 1447 1442 1937 1938 1944 1011 1008 1408 1293 1290 685 682 975
1 3600 500
27
619 616 25 22 1152 1786 929 932 957 925 922 919 916 1921 779 784 1232 1916 1897 1894 1815 1761 1764 979 976 39 36
1 3600 500
31
2192 2143 2140 1881 1107 1103 1104 1641 1627 1628 1615 1612 1875 1876 1679 1680 1741 1738 1747 1744 1754 2067 1395 1385 1382 413 401 398 991 331 328
1 3600 500
22
1881 1107 1103 1104 1641 1627 1611 1612 1875 1876 1679 1680 1741 1738 179 180 2067 1395 1385 1382 413 410
1 3600 263
15
1659 1660 1713 629 621 614 1157 25 22 753 745 277 272 1263 233
1 3600 357
13
1846 1850 1713 629 621 616 25 22 1152 1786 929 930 955
1 3600 500
20
1882 2140 665 666 1710 1719 1714 623 624 1698 597 583 588 1027 563 555 549 552 1793 951
1 3600 500
23
2140 1881 669 619 620 630 1758 1965 1701 1698 1667 1668 2070 1907 659 662 1820 1824 721 724 1582 2115 1567
1 3600 500
20
1674 1848 1911 1912 1039 1034 2070 1907 1685 1686 1776 1721 1724 1833 1637 1621 1618 1581 1573 1570
1 3600 357
6
653 433 430 499 500 1170
1 3600 76
17
1670 2192 2143 2140 1881 1107 1103 1104 2178 1133 1127 1124 2177 1801 1151 287 288
1 3600 33
13
1660 1713 629 621 614 1157 25 13 10 69 70 80 1692
1 3600 79
21
2191 1671 1672 1846 1850 2158 643 637 638 627 624 1698 597 598 577 580 1065 1051 1052 1025 561
1 3600 312
6
2191 1671 1674 1848 1911 1037
1 3600 500
21
666 1710 1719 1716 1701 1698 1667 607 585 586 1044 1047 569 566 662 1822 1829 1824 1603 1597 1598
1 3600 500
21
1882 2142 2193 1671 1672 1659 1660 2158 643 637 638 2106 1039 1032 1817 1281 1278 1834 1425 1423 1420
1 3600 455
10
2143 1883 655 433 430 499 500 1168 1635 657
1 3600 42
12
2143 1883 655 511 506 1973 1970 1397 543 546 1985 1982
1 3600 178
5
666 1712 1661 1658 1673
1 3600 50
3
1660 2158 643
1 3600 500
39
1711 629 621 616 997 992 83 88 1110 1178 739 734 733 726 1704 77 74 415 418 1650 1479 1480 829 830 1068 877 874 383 380 603 604 1359 1357 261 262 1160 1352 2187 2183
1 3600 500
34
1850 1713 629 621 614 1157 997 994 85 86 69 64 1178 739 731 726 1704 439 436 2083 387 388 95 92 1054 1068 877 27 30 384 105 106 164 2062
1 3600 500
24
1713 629 621 616 25 22 753 750 754 1202 1263 681 649 650 827 824 799 796 1509 1504 1510 121 118 1194
1 3600 500
20
2160 1711 629 621 614 1157 25 22 753 745 740 1263 681 678 1260 1373 1374 1509 1506 1553
1 3600 500
26
2107 627 624 1698 597 575 580 1061 1027 563 558 1185 1186 945 946 315 310 1958 2128 1893 1417 861 856 137 134 43
1 3600 500
26
2158 2160 1719 1716 1701 1698 1667 607 608 591 565 566 660 951 948 1531 1528 1461 1462 1871 1868 693 696 2152 1653 1609
1 3600 500
32
2160 1719 1714 623 624 1698 597 583 586 1043 1023 561 555 549 552 1793 539 534 1433 1430 397 394 1070 1554 1289 1282 1512 1516 1503 1500 1766 1885
1 3600 500
27
1713 667 668 279 280 1118 1641 1627 1611 1612 1875 1876 1679 1680 2054 1975 497 492 1754 2067 1399 543 544 533 528 409 403
1 3600 500
21
2160 1711 629 621 616 25 13 10 69 70 80 1692 1449 447 415 418 1650 1479 1480 829 830
1 3600 357
21
1914 2160 1711 629 621 614 1157 997 992 83 88 1110 1178 739 734 733 726 1081 869 866 2167
1 3600 277
21
2057 1703 1698 597 598 577 578 1029 563 558 1185 1186 945 935 57 60 1933 1928 2127 1921 1903
1 3600 357
23
637 634 623 624 1698 1667 607 585 586 1043 1023 561 558 1185 1186 945 946 1934 2010 1445 521 517 512
1 3600 500
23
1719 1716 1701 1698 597 575 578 1063 1049 569 566 660 539 536 572 1433 1430 1436 1440 1515 1512 1518 2139
1 3600 500
20
640 1037 1034 2070 1907 1685 1686 1723 255 250 111 108 1603 1597 1594 1589 1577 1573 1525 1520
1 3600 500
14
2159 1851 1675 653 433 430 499 502 1856 1968 1381 469 472 193
1 3600 277
12
1711 667 668 1107 1103 1104 2178 1133 1127 1122 1146 1003
1 3600 82
11
1850 1713 629 621 616 997 994 85 88 1114 2156
1 3600 66
8
1713 667 664 1881 279 280 1120 1908
1 3600 66
14
2158 643 637 638 627 624 1698 597 583 588 1027 563 558 1781
1 3600 86
11
1848 1911 1912 1039 1034 1549 1546 1041 1023 1024 1053
1 3600 357
14
2158 1915 1911 1037 1032 211 212 1686 1776 1721 1724 1833 1637 1621
1 3600 500
10
1912 1039 1032 211 214 1281 1278 1834 1425 1426
1 3600 500
12
1849 1847 1673 653 511 506 499 504 1727 1633 203 208
1 3600 357
10
667 668 1107 1103 1104 2178 1133 1130 1401 1091
1 3600 50
7
2161 2159 1661 1658 1673 1670 2192
1 3600 178
3
2158 1915 1911
