240
1 3600 88
4
260 569 241 242
1 3600 88
6
259 165 166 473 474 478
1 3600 88
9
405 263 260 35 33 30 243 244 572
1 3600 255
9
165 168 218 482 459 361 321 315 312
1 3600 665
16
402 406 411 412 438 397 305 303 17 14 375 372 550 552 427 424
1 3600 110
7
405 402 406 414 417 145 148
1 3600 133
7
401 263 257 165 168 222 562
1 3600 350
13
260 569 29 30 280 479 480 484 359 357 301 11 12
1 3600 665
14
165 166 473 474 463 460 213 216 380 313 310 551 367 362
1 3600 665
6
406 411 99 104 107 97
1 3600 665
11
402 406 411 99 102 57 45 46 430 65 60
1 3600 665
15
405 263 260 35 36 168 222 399 305 9 2 19 22 50 92
1 3600 665
24
409 259 165 37 33 28 241 246 465 461 457 199 196 315 308 374 369 370 271 189 175 176 208 143
1 3600 158
5
475 472 167 164 258
1 3600 158
5
464 247 240 568 261
1 3600 158
5
476 219 169 164 258
1 3600 158
3
164 258 408
1 3600 85
4
459 456 317 318
1 3600 142
6
573 205 200 216 380 420
1 3600 142
7
481 463 460 213 214 558 391
1 3600 142
8
166 473 476 482 484 359 321 315
1 3600 142
6
241 244 205 202 555 558
1 3600 142
10
218 477 474 478 465 213 214 556 251 248
1 3600 142
4
199 196 315 310
1 3600 665
9
27 30 243 244 205 202 229 230 251
1 3600 195
15
29 26 473 476 219 222 399 396 439 413 410 414 417 145 146
1 3600 133
6
222 399 396 470 395 392
1 3600 133
6
218 482 459 361 357 5
1 3600 133
5
484 565 399 396 470
1 3600 151
19
569 241 246 479 463 457 361 357 301 11 12 163 158 127 128 191 188 268 492
1 3600 151
5
474 463 317 195 196
1 3600 665
13
219 222 399 307 299 11 14 369 370 445 440 493 494
1 3600 665
14
457 361 357 5 2 19 24 103 104 124 117 111 97 94
1 3600 391
10
222 399 305 9 2 19 22 52 58 236
1 3600 391
9
484 359 321 315 308 374 113 43 38
1 3600 665
18
465 213 216 382 560 553 551 505 435 436 271 189 175 170 181 178 526 141
1 3600 350
11
194 316 462 478 281 31 32 34 261 262 404
1 3600 139
6
203 204 245 242 31 32
1 3600 139
8
249 250 557 215 212 464 281 31
1 3600 139
4
198 458 481 478
1 3600 139
5
203 204 319 195 198
1 3600 139
3
212 464 281
1 3600 139
5
311 314 320 358 485
1 3600 91
5
556 389 386 279 274
1 3600 156
5
275 278 387 388 251
1 3600 156
6
196 315 312 422 427 424
1 3600 665
16
379 380 313 308 374 15 16 302 304 396 439 413 410 414 417 418
1 3600 105
13
272 364 451 449 443 444 371 368 15 10 298 306 398
1 3600 133
12
551 505 435 436 371 137 131 126 159 162 13 10
1 3600 133
9
196 315 310 275 276 515 509 506 499
1 3600 133
5
426 553 311 314 320
1 3600 133
5
551 373 374 113 43
1 3600 207
12
386 279 272 364 500 497 493 487 193 175 176 206
1 3600 665
21
214 556 251 254 509 506 513 495 269 189 190 129 126 159 162 264 468 395 392 103 104
1 3600 511
12
216 380 313 308 374 15 12 163 160 284 350 431
1 3600 316
15
558 560 553 551 505 435 436 271 189 175 170 523 183 85 86
1 3600 665
18
391 386 279 272 364 500 497 493 487 193 175 172 184 354 525 183 178 526
1 3600 665
12
385 390 383 217 201 204 245 240 568 261 262 400
1 3600 332
10
250 557 215 212 461 462 475 472 167 37
1 3600 83
5
225 230 389 390 383
1 3600 83
4
385 386 426 423
1 3600 511
5
425 387 388 231 224
1 3600 665
19
225 228 555 558 560 423 313 314 320 357 5 8 304 396 439 413 410 414 417
1 3600 665
12
227 230 389 386 279 274 311 314 320 358 565 562
1 3600 133
6
385 386 279 272 364 500
1 3600 154
3
425 279 276
1 3600 665
21
425 279 272 366 505 453 449 443 444 271 189 175 172 186 55 52 56 103 104 107 97
1 3600 665
17
254 509 506 513 495 487 193 175 170 353 153 154 91 51 52 58 232
1 3600 665
11
254 363 364 500 447 433 436 271 189 175 170
1 3600 665
17
227 228 555 558 560 553 551 373 374 369 137 134 191 175 176 208 529
1 3600 95
6
419 416 415 407 403 404
1 3600 125
11
287 125 105 102 393 394 471 397 398 223 218
1 3600 475
14
115 116 125 105 102 25 18 265 13 14 375 309 312 381
1 3600 665
25
416 415 411 412 438 470 469 265 163 158 127 130 132 239 191 192 486 492 496 501 365 273 278 387 384
1 3600 302
3
417 145 146
1 3600 81
10
411 412 438 397 398 223 169 37 34 570
1 3600 81
22
149 144 416 415 411 99 102 393 21 18 3 4 356 360 458 483 477 472 27 28 568 570
1 3600 255
16
144 115 111 106 105 102 57 53 54 187 173 174 188 270 437 434
1 3600 665
18
147 144 416 415 411 99 102 57 53 50 90 155 152 352 171 174 192 488
1 3600 97
3
144 115 116
1 3600 154
12
144 416 287 125 105 102 57 45 48 237 234 466
1 3600 443
16
415 411 412 438 470 395 21 22 54 155 156 337 334 331 328 533
1 3600 665
14
415 411 99 102 57 45 48 63 66 535 532 83 79 76
1 3600 162
3
410 407 403
1 3600 80
7
3 4 356 321 197 194 318
1 3600 80
10
412 438 397 307 299 300 356 360 456 317
1 3600 96
11
306 305 303 17 14 375 372 550 552 561 391
1 3600 665
9
564 359 321 315 312 422 561 391 384
1 3600 115
10
563 399 396 439 413 410 414 417 145 148
1 3600 115
7
439 413 410 414 417 145 146
1 3600 112
3
511 101 98
1 3600 110
9
25 18 265 163 158 127 130 132 151
1 3600 110
12
393 394 469 265 163 158 127 130 136 370 445 440
1 3600 110
5
299 11 14 375 376
1 3600 110
14
563 399 305 9 6 17 14 369 370 437 432 446 497 493
1 3600 110
9
25 22 50 90 187 173 174 188 270
1 3600 511
13
438 470 469 265 163 158 127 128 191 188 268 492 498
1 3600 166
6
395 392 103 104 124 288
1 3600 98
10
564 359 357 301 11 12 163 160 284 350
1 3600 98
13
359 357 301 11 12 163 160 284 343 340 323 324 67
1 3600 92
11
9 2 19 22 50 92 347 344 331 332 540
1 3600 665
17
99 102 57 45 46 430 351 343 340 323 326 537 532 83 79 74 71
1 3600 511
8
197 198 458 483 219 169 164 258
1 3600 162
13
190 135 131 126 159 162 13 16 7 8 304 398 223
1 3600 162
12
159 162 13 10 300 356 358 485 481 478 247 240
1 3600 180
7
437 434 504 367 362 255 250
1 3600 180
5
112 375 309 312 381
1 3600 180
13
239 191 188 270 437 434 504 550 552 561 559 554 203
1 3600 180
4
367 273 278 387
1 3600 180
15
283 161 158 127 130 134 191 192 486 494 512 507 508 255 250
1 3600 277
9
40 370 445 442 448 450 365 362 255
1 3600 415
18
449 443 444 371 137 131 126 159 162 264 19 24 103 104 124 117 114 418
1 3600 207
3
301 298 306
1 3600 207
5
264 468 471 397 398
1 3600 207
4
302 304 398 562
1 3600 207
11
42 112 15 16 7 2 19 20 392 103 100
1 3600 207
8
150 133 136 368 15 10 298 306
1 3600 207
6
373 374 15 16 7 2
1 3600 207
6
129 126 159 162 264 3
1 3600 207
3
264 468 395
1 3600 214
4
504 373 309 314
1 3600 214
4
17 14 375 376
1 3600 214
5
128 191 188 270 445
1 3600 206
7
134 191 192 486 492 498 507
1 3600 206
7
239 191 188 268 494 512 507
1 3600 206
5
269 189 175 176 210
1 3600 206
7
505 503 500 497 493 487 488
1 3600 511
15
441 444 271 189 175 172 186 55 23 24 103 98 410 414 287
1 3600 198
15
374 369 137 131 126 159 160 284 350 65 62 237 234 295 292
1 3600 198
9
5 2 19 22 52 58 236 69 61
1 3600 206
7
5 2 19 22 54 155 152
1 3600 206
7
300 5 2 19 22 54 155
1 3600 206
16
357 301 11 12 163 160 284 343 340 323 326 537 532 329 330 345
1 3600 206
5
444 271 189 175 176
1 3600 206
8
433 436 271 189 175 170 181 85
1 3600 206
12
487 193 175 172 184 354 521 337 334 331 332 540
1 3600 190
9
369 137 132 239 191 175 176 208 143
1 3600 665
15
277 274 311 314 197 194 316 462 475 472 167 164 256 262 400
1 3600 475
17
207 177 172 186 91 51 23 18 3 4 356 360 456 460 464 247 240
1 3600 133
12
207 177 174 188 270 437 434 504 550 552 561 559
1 3600 184
11
491 486 492 496 501 365 273 278 387 388 251
1 3600 665
17
512 499 441 444 371 368 15 16 302 304 396 439 413 410 414 417 145
1 3600 350
18
515 509 506 513 495 487 193 175 170 353 153 154 55 52 56 103 100 510
1 3600 91
8
506 499 441 444 371 368 15 16
1 3600 91
4
489 486 492 496
1 3600 91
6
489 193 190 238 133 131
1 3600 316
7
513 495 269 189 175 176 210
1 3600 665
16
515 363 366 373 374 15 12 264 468 395 392 103 104 107 110 118
1 3600 554
13
515 363 364 502 435 436 271 189 175 172 186 91 51
1 3600 127
16
277 272 364 451 452 435 436 271 189 175 170 523 524 521 337 338
1 3600 130
3
207 208 529
1 3600 665
7
96 106 124 286 415 407 408
1 3600 554
9
116 286 415 407 259 165 166 27 28
1 3600 665
16
289 125 105 102 393 394 469 3 6 17 14 375 309 312 381 378
1 3600 665
17
289 125 105 98 412 438 397 398 564 485 459 456 460 213 214 556 251
1 3600 112
4
110 114 145 146
1 3600 135
5
123 109 106 105 100
1 3600 350
9
119 116 125 105 102 25 18 265 163
1 3600 665
16
124 286 415 411 412 438 397 305 303 17 14 375 372 367 362 514
1 3600 201
3
117 111 108
1 3600 147
9
123 109 106 105 102 57 58 232 292
1 3600 147
9
95 96 106 105 102 57 45 48 69
1 3600 147
8
95 96 106 105 102 57 58 234
1 3600 147
7
286 415 411 99 102 57 45
1 3600 246
9
106 105 102 57 45 46 430 351 343
1 3600 665
23
124 286 415 411 412 438 470 395 21 22 50 92 347 339 336 520 525 183 178 81 74 71 72
1 3600 665
8
44 56 103 98 410 407 259 256
1 3600 350
11
49 44 53 23 20 394 471 397 398 223 218
1 3600 475
12
63 64 351 285 161 158 127 130 136 368 375 309
1 3600 665
18
66 535 532 83 84 180 171 174 188 270 437 432 448 450 365 273 278 424
1 3600 221
10
429 47 44 56 103 98 410 414 417 145
1 3600 97
11
23 18 3 8 304 398 223 169 37 34 570
1 3600 97
9
233 59 53 23 18 3 4 356 358
1 3600 83
12
61 64 351 285 161 158 127 130 136 370 437 434
1 3600 665
11
53 54 187 173 174 192 486 492 498 507 508
1 3600 134
7
59 56 103 104 107 108 122
1 3600 134
9
297 294 235 59 56 103 104 107 97
1 3600 134
8
68 49 44 56 103 104 107 108
1 3600 116
3
46 430 65
1 3600 124
14
102 393 21 22 50 90 155 156 520 525 183 178 528 209
1 3600 124
11
293 233 236 63 66 535 532 329 330 345 348
1 3600 124
7
102 25 22 50 92 347 348
1 3600 124
5
429 47 44 53 54
1 3600 124
13
429 430 65 66 325 326 537 532 83 79 80 528 209
1 3600 511
7
61 66 535 532 83 79 74
1 3600 665
15
335 338 346 93 51 23 20 394 471 439 413 410 407 403 400
1 3600 391
21
519 347 344 331 328 533 536 327 322 341 342 285 161 162 13 10 300 356 360 199 194
1 3600 316
17
335 336 157 152 352 171 174 188 270 437 434 504 550 552 561 559 554
1 3600 665
18
520 355 185 173 174 188 270 445 442 446 501 365 273 278 387 388 231 224
1 3600 665
13
177 172 186 55 23 20 394 471 439 413 410 414 417
1 3600 307
11
174 190 129 126 159 162 13 10 300 356 358
1 3600 307
7
349 346 93 51 23 18 3
1 3600 307
6
346 93 51 23 20 394
1 3600 324
13
335 336 157 154 187 173 174 188 270 445 442 448 450
1 3600 324
12
541 333 328 533 534 325 322 341 342 285 161 158
1 3600 324
6
90 187 173 174 188 270
1 3600 324
10
532 83 84 182 522 171 174 190 135 131
1 3600 324
9
342 285 161 158 127 130 136 41 42
1 3600 324
5
266 133 136 368 375
1 3600 324
4
173 174 190 129
1 3600 324
10
520 355 352 171 174 190 238 133 131 126
1 3600 324
8
519 93 51 23 18 3 6 17
1 3600 324
11
328 83 84 180 171 174 192 486 492 496 501
1 3600 201
9
541 333 328 83 79 80 528 209 210
1 3600 350
13
87 82 533 534 67 64 431 47 44 56 103 104 124
1 3600 308
6
327 324 67 62 237 232
1 3600 308
10
339 336 157 154 55 52 58 234 295 292
1 3600 308
9
340 323 324 67 60 68 237 232 296
1 3600 308
12
334 331 328 533 536 327 324 67 62 237 234 295
1 3600 308
3
55 52 58
1 3600 308
5
82 533 534 67 60
1 3600 308
10
183 85 82 533 536 327 322 341 342 350
1 3600 308
5
51 52 58 232 292
1 3600 308
10
87 82 533 534 67 62 237 234 295 296
1 3600 308
9
82 533 536 327 322 341 342 350 431
1 3600 308
7
184 153 154 55 52 58 234
1 3600 252
10
92 347 344 331 328 533 534 325 322 341
1 3600 252
5
523 524 521 337 338
1 3600 252
6
541 333 330 335 336 520
1 3600 322
10
323 326 537 532 83 79 74 544 531 139
1 3600 322
8
567 323 326 537 532 83 79 74
1 3600 322
3
178 526 531
1 3600 322
9
519 347 339 336 520 525 183 178 81
1 3600 322
7
549 525 183 178 526 545 546
1 3600 322
6
328 83 79 74 544 141
1 3600 665
28
547 544 527 179 182 522 171 174 188 270 437 434 504 550 552 423 381 217 201 204 245 242 31 32 36 164 258 408
1 3600 665
16
77 80 179 180 171 174 190 135 136 368 375 309 314 197 194 318
1 3600 665
15
141 142 209 177 174 188 268 494 512 507 508 255 250 231 228
1 3600 665
14
142 209 177 174 192 486 492 496 501 365 273 278 387 384
1 3600 665
16
70 75 78 82 329 330 345 346 93 51 23 24 103 98 410 414
1 3600 554
14
73 70 75 78 84 182 524 355 153 154 55 23 20 394
1 3600 112
12
73 70 544 527 179 182 522 171 174 188 270 437
1 3600 133
12
70 75 80 179 180 171 174 192 486 494 512 507
1 3600 665
17
77 78 84 182 524 521 157 154 91 51 52 56 103 104 107 97 94
1 3600 350
8
140 545 75 78 82 533 534 67
1 3600 135
5
70 544 527 528 209
1 3600 135
5
530 527 179 182 522
1 3600 135
3
545 75 78
1 3600 135
3
179 182 524
1 3600 302
4
140 545 71 72
