336
1 3600 234
4
377 374 535 536
1 3600 287
8
98 114 176 182 213 211 209 206
1 3600 287
5
537 534 375 376 538
1 3600 287
14
537 385 119 99 96 290 185 181 182 213 199 196 209 206
1 3600 549
11
114 178 186 239 242 625 203 204 601 123 120
1 3600 1264
16
290 185 186 239 244 225 222 215 201 204 609 555 556 147 142 150
1 3600 288
13
537 385 379 376 117 114 176 180 184 423 424 273 278
1 3600 288
3
117 114 176
1 3600 288
11
375 378 119 99 96 290 519 520 433 427 283
1 3600 288
9
95 98 114 178 184 423 283 275 276
1 3600 288
7
17 14 290 185 186 239 242
1 3600 242
6
98 114 176 182 213 199
1 3600 602
10
117 114 173 174 395 392 415 410 558 405
1 3600 1264
15
376 117 114 173 174 395 392 415 410 133 126 236 347 77 74
1 3600 1149
11
385 119 99 96 290 519 520 433 434 419 416
1 3600 790
19
17 12 98 114 173 174 395 392 415 410 381 382 430 83 80 447 444 464 323
1 3600 1264
14
119 114 173 174 395 392 531 233 230 362 219 27 30 452
1 3600 1264
8
98 114 173 174 395 392 531 528
1 3600 1264
28
290 185 179 173 174 395 392 415 410 381 382 428 492 496 443 444 464 583 584 588 307 304 320 358 628 479 480 439
1 3600 1264
27
17 14 290 185 181 177 173 174 395 392 415 410 558 562 564 572 505 506 467 462 470 616 337 334 355 352 396
1 3600 1264
24
534 375 376 117 114 173 174 395 392 415 410 381 109 103 100 79 80 447 440 469 449 450 513 510
1 3600 1264
23
17 12 98 114 173 174 395 392 415 410 381 382 430 563 405 406 568 499 493 494 560 574 51
1 3600 161
8
229 227 183 177 115 118 384 534
1 3600 161
4
539 117 99 13
1 3600 382
6
172 176 182 213 211 209
1 3600 152
15
627 175 172 176 182 213 199 194 204 609 297 167 155 149 143
1 3600 152
6
227 213 199 194 204 609
1 3600 1264
8
197 194 204 609 555 163 155 152
1 3600 168
5
227 183 180 184 423
1 3600 225
3
105 102 106
1 3600 225
13
210 212 183 177 173 174 395 392 415 410 381 109 103
1 3600 188
13
208 197 198 212 183 177 173 174 395 392 415 410 558
1 3600 1264
13
395 392 415 410 381 382 430 564 569 566 578 545 546
1 3600 1264
9
172 178 184 519 520 433 434 419 420
1 3600 702
23
329 125 122 600 205 202 624 243 238 187 179 173 174 395 392 531 233 230 360 613 616 337 334
1 3600 902
13
627 395 392 415 410 381 382 428 492 496 443 440 469
1 3600 1264
11
208 210 212 183 177 173 174 395 392 531 528
1 3600 1264
21
395 392 415 410 558 562 83 80 505 506 467 464 483 311 221 55 56 39 42 540 477
1 3600 1264
19
627 395 392 415 410 558 405 406 568 572 447 444 464 323 320 358 89 86 500
1 3600 1264
30
599 602 553 554 608 205 200 214 223 224 245 238 187 179 173 174 395 392 531 233 230 360 515 25 28 139 134 508 595 592
1 3600 1264
25
329 326 586 604 603 600 205 195 198 212 183 177 173 174 395 392 415 410 381 382 428 494 560 193 190
1 3600 574
9
205 202 269 270 432 521 518 291 97
1 3600 281
7
35 36 146 557 552 603 598
1 3600 281
5
600 205 195 196 209
1 3600 281
7
553 554 608 205 195 196 209
1 3600 214
5
142 148 154 166 296
1 3600 241
6
326 33 36 142 150 302
1 3600 241
7
168 33 36 142 148 152 302
1 3600 527
18
35 32 169 121 122 600 205 200 214 223 224 622 638 267 270 427 283 280
1 3600 238
10
143 146 165 162 554 608 205 200 214 223
1 3600 312
20
608 205 202 624 243 238 187 179 173 174 395 392 415 412 644 255 159 160 113 110
1 3600 312
23
326 169 170 604 603 600 205 195 198 212 183 177 173 174 395 392 415 410 133 126 236 347 342
1 3600 312
21
165 166 296 608 205 195 198 212 183 177 173 174 395 392 415 410 381 382 430 564 569
1 3600 312
21
557 554 608 205 200 214 223 224 245 238 187 179 173 174 395 392 415 410 133 126 236
1 3600 312
17
125 122 600 205 195 198 212 183 177 173 174 395 392 415 410 381 382
1 3600 395
18
553 554 608 205 202 624 243 238 187 179 173 174 395 392 415 410 133 128
1 3600 1264
12
205 200 214 223 224 245 240 267 270 434 419 420
1 3600 790
27
166 296 608 205 195 198 212 183 177 173 174 395 392 531 233 230 362 219 27 30 452 317 314 332 325 305 306
1 3600 549
29
170 604 603 600 205 195 198 212 183 177 173 174 395 392 415 410 381 109 103 100 79 80 505 506 467 462 470 614 317
1 3600 1264
21
35 36 142 148 154 162 554 608 205 202 624 243 238 187 179 173 174 395 392 531 528
1 3600 1264
33
608 205 195 198 212 183 177 173 174 395 392 415 410 558 405 406 566 576 443 444 464 583 584 588 307 59 56 39 44 250 541 542 628
1 3600 1264
33
557 554 608 205 200 214 223 224 622 243 238 187 181 177 173 174 395 392 531 528 47 50 491 488 513 508 371 349 354 357 358 89 86
1 3600 1264
30
35 32 169 121 122 600 205 202 269 270 432 521 518 185 179 173 174 395 392 415 410 558 562 564 499 496 443 440 25 28
1 3600 1264
22
604 603 600 205 195 198 212 183 177 173 174 395 392 415 410 381 382 428 494 560 574 51
1 3600 1264
18
295 296 608 205 200 214 223 224 245 238 187 184 291 97 98 118 384 536
1 3600 1053
7
301 153 154 162 552 603 598
1 3600 85
4
303 151 143 37
1 3600 549
5
303 153 154 166 298
1 3600 1264
11
295 296 608 205 202 624 638 267 270 434 419
1 3600 1264
23
151 143 146 557 554 608 205 195 198 212 183 177 173 174 395 392 415 412 644 255 159 160 113
1 3600 210
25
303 151 143 146 165 162 554 608 205 195 198 212 183 177 173 174 395 392 415 410 133 126 236 347 77
1 3600 210
25
301 153 154 166 296 608 205 200 214 223 224 245 238 187 179 173 174 395 392 415 410 133 126 236 388
1 3600 1264
13
151 143 146 557 554 608 205 202 269 270 434 419 416
1 3600 1264
33
303 153 149 143 37 32 327 125 122 600 205 195 198 212 183 177 173 174 395 392 415 410 381 382 430 83 80 505 506 467 464 583 487
1 3600 972
22
299 296 608 205 200 214 223 224 622 243 238 187 179 173 174 395 392 531 233 230 360 613
1 3600 1264
18
301 153 154 162 554 608 205 195 198 212 183 177 173 174 395 392 531 528
1 3600 1264
39
295 296 608 205 202 624 243 238 187 179 173 174 395 392 415 410 381 109 103 100 79 80 447 444 464 583 584 551 313 221 55 56 39 42 540 477 461 458 455
1 3600 1264
33
299 296 608 205 195 198 212 183 177 173 174 395 392 415 410 558 405 408 571 568 572 505 506 467 462 470 616 319 314 330 371 349 352
1 3600 1264
36
303 151 143 146 557 552 603 600 205 195 198 212 183 177 173 174 395 392 415 410 381 382 430 564 569 566 576 443 440 469 449 450 141 134 510 592
1 3600 1264
21
295 296 608 205 200 214 223 224 245 238 187 181 177 173 174 395 392 531 528 47 48
1 3600 372
14
262 65 66 79 82 563 559 411 414 393 394 175 172 115
1 3600 372
9
624 243 240 267 270 427 422 291 292
1 3600 372
4
272 425 422 291
1 3600 372
9
277 274 282 422 291 97 98 116 377
1 3600 372
12
631 425 426 432 521 518 291 97 98 116 377 374
1 3600 258
16
432 521 518 185 179 173 174 395 392 415 410 381 109 103 104 386
1 3600 665
23
259 262 257 69 66 101 102 108 380 411 414 393 394 175 172 178 186 239 242 625 203 204 601
1 3600 1264
18
435 271 266 639 623 225 222 215 201 204 609 297 167 164 147 142 150 302
1 3600 348
4
243 238 187 184
1 3600 348
4
271 268 624 243
1 3600 348
3
423 283 280
1 3600 402
13
259 262 257 113 110 79 82 431 383 380 411 414 393
1 3600 402
5
185 186 239 244 225
1 3600 402
10
185 181 177 173 174 395 392 415 412 644
1 3600 402
6
185 186 239 242 625 203
1 3600 402
4
517 239 244 225
1 3600 402
11
274 282 426 271 266 241 242 623 225 222 215
1 3600 324
13
517 187 179 173 174 395 392 415 410 558 562 83 80
1 3600 1264
23
418 435 432 521 518 185 181 177 173 174 395 392 415 410 381 382 428 492 496 577 73 76 344
1 3600 436
8
239 240 267 270 434 419 339 340
1 3600 436
26
527 521 518 185 179 173 174 395 392 415 410 558 405 406 568 572 447 444 464 323 305 59 56 39 44 250
1 3600 436
26
185 181 177 173 174 395 392 415 410 381 382 430 564 499 496 443 444 464 483 311 221 55 56 39 42 540
1 3600 436
7
242 625 269 270 434 419 420
1 3600 431
21
523 518 185 179 173 174 395 392 531 233 230 360 613 616 337 325 305 59 56 39 40
1 3600 431
34
338 418 435 427 422 185 181 177 173 174 395 392 415 410 381 109 103 100 79 80 505 506 467 464 583 584 590 403 400 307 308 221 55 52
1 3600 431
17
160 69 66 79 80 447 444 462 470 616 337 334 357 358 543 43 40
1 3600 506
17
432 521 518 185 179 173 174 395 392 415 410 558 405 406 566 576 443
1 3600 1264
12
525 521 518 185 181 177 173 174 395 392 531 528
1 3600 1053
15
160 113 110 79 80 505 506 467 464 323 320 358 89 84 21
1 3600 1264
14
262 65 66 79 80 447 440 25 30 452 317 314 330 371
1 3600 1264
19
422 185 179 173 174 395 392 415 410 381 382 428 494 219 27 28 139 140 513
1 3600 1264
14
259 262 257 113 110 79 82 564 499 493 494 560 574 51
1 3600 238
6
183 180 184 291 15 16
1 3600 132
10
198 212 183 180 184 291 97 98 116 538
1 3600 225
5
215 201 204 609 555
1 3600 1264
23
247 248 107 108 380 411 414 393 394 175 172 176 182 213 199 194 204 609 555 163 155 152 300
1 3600 175
8
202 624 243 238 187 184 519 522
1 3600 175
13
107 108 380 411 414 393 394 175 172 178 184 519 522
1 3600 175
5
394 175 172 178 186
1 3600 175
18
485 482 465 445 446 573 565 563 559 411 414 393 394 175 172 176 180 186
1 3600 248
12
645 413 414 393 394 175 172 178 186 239 244 225
1 3600 146
10
110 79 82 563 405 406 566 578 343 77
1 3600 146
3
248 107 108
1 3600 146
11
183 177 173 174 395 392 415 410 381 382 428
1 3600 1053
9
247 248 107 108 380 133 126 236 388
1 3600 351
14
248 107 108 382 430 564 572 505 506 467 464 323 320 358
1 3600 145
14
223 224 245 238 187 179 173 174 395 392 415 412 644 255
1 3600 145
17
212 183 177 173 174 395 392 531 233 230 360 613 616 337 325 305 308
1 3600 171
10
100 79 80 447 444 462 468 514 217 218
1 3600 1264
13
485 311 309 304 324 333 330 509 512 489 490 51 46
1 3600 1264
12
485 311 221 55 56 39 44 250 477 480 457 437
1 3600 1264
30
223 224 245 238 187 181 177 173 174 395 392 415 410 558 405 408 571 568 499 493 494 560 574 491 139 134 508 371 349 350
1 3600 1264
13
107 108 382 428 492 496 443 440 469 449 450 513 508
1 3600 1264
13
224 622 243 238 187 179 173 174 395 392 531 528 47
1 3600 743
15
78 101 102 108 380 411 414 393 394 175 172 115 99 13 16
1 3600 274
11
383 380 411 414 393 394 175 172 176 182 226
1 3600 222
15
414 393 394 175 172 176 182 213 199 194 204 601 602 605 587
1 3600 222
22
82 431 383 380 411 414 393 394 175 172 176 182 213 199 194 204 609 555 556 147 142 148
1 3600 222
12
414 393 394 175 172 176 182 213 199 194 204 609
1 3600 351
20
237 127 132 411 414 393 394 175 172 176 182 213 199 194 204 609 297 167 155 152
1 3600 301
11
127 132 411 414 393 394 175 172 178 186 516
1 3600 241
13
380 411 414 393 394 175 172 178 186 239 242 623 225
1 3600 241
6
407 404 562 83 78 111
1 3600 241
11
409 404 559 411 414 393 394 175 172 176 182
1 3600 241
17
579 576 497 493 429 383 380 411 414 393 394 175 172 176 182 213 199
1 3600 272
3
558 562 564
1 3600 272
5
72 567 568 572 505
1 3600 198
4
415 410 133 130
1 3600 198
8
80 573 569 566 73 76 344 634
1 3600 1149
12
393 394 175 172 178 184 519 520 433 434 419 416
1 3600 150
15
103 100 79 80 447 444 464 583 584 588 307 59 56 39 44
1 3600 224
5
82 564 499 496 580
1 3600 224
3
531 233 230
1 3600 224
11
381 382 430 563 405 406 568 572 505 506 467
1 3600 224
8
415 410 133 126 236 347 342 579
1 3600 1264
8
564 499 493 494 560 193 188 607
1 3600 1264
20
563 405 406 566 576 443 444 462 470 614 317 314 332 334 357 358 628 479 480 439
1 3600 1264
11
72 576 443 440 469 470 616 337 334 355 350
1 3600 972
12
83 80 505 506 467 462 449 450 141 134 510 596
1 3600 1264
7
564 499 493 494 560 193 190
1 3600 1264
14
635 345 346 237 127 132 411 414 393 394 175 172 115 99
1 3600 1264
13
389 237 127 132 411 414 393 394 175 172 176 182 226
1 3600 287
18
129 132 411 414 393 394 175 172 176 182 213 199 194 204 601 602 553 556
1 3600 214
20
389 237 127 132 411 414 393 394 175 172 178 186 239 242 625 203 204 609 297 298
1 3600 1264
22
633 345 342 579 576 497 498 565 563 559 411 414 393 394 175 172 176 180 184 519 520 433
1 3600 790
16
391 347 77 72 567 407 404 562 83 78 67 68 161 158 254 645
1 3600 245
6
389 237 127 132 381 109
1 3600 245
7
544 579 576 497 498 565 83
1 3600 245
5
549 544 579 567 407
1 3600 245
4
131 132 558 562
1 3600 527
4
635 345 346 388
1 3600 1264
23
547 544 579 576 497 493 429 383 380 411 414 393 394 175 172 178 184 519 520 433 434 419 420
1 3600 842
10
75 72 576 443 444 464 583 584 590 403
1 3600 214
9
633 345 77 72 576 443 440 514 217
1 3600 743
14
131 126 236 347 342 579 576 497 493 494 363 231 232 528
1 3600 1264
15
345 342 579 576 443 444 464 323 320 358 628 479 461 458 472
1 3600 1264
19
389 347 77 72 576 443 444 462 468 25 30 452 317 314 330 371 349 352 396
1 3600 1264
13
633 345 342 579 576 443 440 25 28 488 513 510 596
1 3600 1264
10
345 77 72 576 497 493 494 560 193 190
1 3600 972
12
417 418 435 432 521 518 291 97 98 118 379 374
1 3600 1264
18
359 356 335 336 617 612 361 231 232 530 393 394 175 172 176 182 213 211
1 3600 1264
32
540 251 45 38 57 58 304 324 333 315 316 453 31 26 216 361 231 232 530 393 394 175 172 176 182 213 199 194 204 601 123 124
1 3600 1264
33
541 43 38 57 58 304 324 336 617 471 468 514 361 231 232 530 393 394 175 172 176 182 213 199 194 204 609 555 163 164 147 142 150
1 3600 68
22
341 338 418 435 427 422 185 181 177 173 174 395 392 415 410 381 109 103 100 67 64 263
1 3600 293
17
265 266 241 238 187 179 173 174 395 392 415 412 644 255 159 160 69
1 3600 743
13
542 359 321 322 465 445 442 577 578 343 346 237 127
1 3600 1264
16
265 268 624 243 238 187 181 177 173 174 395 392 415 410 133 128
1 3600 408
5
265 270 434 419 420
1 3600 126
7
543 43 38 57 54 220 310
1 3600 126
22
421 418 435 432 521 518 185 179 173 174 395 392 415 410 558 405 406 568 572 447 444 464
1 3600 506
17
341 338 418 435 432 521 518 185 181 177 173 174 395 392 531 233 230
1 3600 1264
12
542 359 356 355 348 370 509 135 138 490 51 46
1 3600 186
27
417 418 435 427 422 185 179 173 174 395 392 531 233 230 362 219 27 30 452 317 318 337 334 357 358 628 479
1 3600 436
3
541 542 89
1 3600 1264
20
341 338 418 435 432 521 518 185 181 177 173 174 395 392 531 528 47 50 491 139
1 3600 1264
12
359 356 355 348 370 509 512 489 490 575 193 190
1 3600 902
22
57 54 220 309 304 324 333 315 316 453 31 26 218 363 231 232 530 393 394 175 172 115
1 3600 972
29
306 589 585 582 465 466 507 504 81 78 101 102 108 380 411 414 393 394 175 172 178 186 239 242 625 203 204 601 598
1 3600 902
18
257 161 158 254 645 413 414 393 394 175 172 176 182 213 199 194 204 601
1 3600 1264
29
261 262 65 68 161 158 254 645 413 414 393 394 175 172 178 186 239 244 225 222 215 201 204 609 297 167 155 152 302
1 3600 255
15
336 617 612 361 231 232 530 393 394 175 172 176 180 184 423
1 3600 255
19
611 507 504 573 565 431 383 380 411 414 393 394 175 172 178 186 239 242 625
1 3600 256
21
585 582 465 445 446 81 82 563 559 411 414 393 394 175 172 176 180 186 239 244 225
1 3600 256
25
54 220 312 550 585 582 465 445 442 577 567 407 404 559 411 414 393 394 175 172 176 182 213 199 194
1 3600 256
13
57 58 304 322 465 466 507 504 81 78 111 112 69
1 3600 284
13
306 589 585 582 465 445 442 577 73 76 346 237 127
1 3600 284
4
465 445 442 497
1 3600 1264
9
591 585 582 465 445 442 577 73 74
1 3600 268
18
65 66 79 80 505 506 467 464 583 584 551 313 221 55 56 39 42 540
1 3600 268
29
403 400 307 304 324 336 617 471 468 514 361 231 232 530 393 394 175 172 115 99 96 290 519 520 433 434 419 339 340
1 3600 268
26
335 333 315 316 453 31 26 218 495 429 383 380 411 414 393 394 175 172 178 184 423 426 434 419 339 340
1 3600 316
14
356 335 336 617 471 468 441 446 81 78 111 112 161 158
1 3600 316
3
220 312 550
1 3600 306
5
307 304 324 336 617
1 3600 306
8
261 262 65 66 79 80 505 506
1 3600 306
11
57 58 304 324 333 315 316 453 31 26 218
1 3600 306
7
482 465 445 442 580 621 618
1 3600 306
11
591 588 307 304 324 336 617 612 361 231 234
1 3600 306
5
582 323 324 336 617
1 3600 306
8
257 113 110 79 80 447 440 514
1 3600 1264
9
355 348 370 509 135 138 490 51 46
1 3600 342
17
65 66 79 80 447 444 464 483 311 221 55 56 39 44 250 477 478
1 3600 252
7
53 58 304 320 356 355 352
1 3600 252
7
588 307 304 320 356 355 352
1 3600 301
7
582 323 324 333 330 595 511
1 3600 1264
14
54 220 309 304 324 333 330 509 512 489 490 575 193 190
1 3600 1264
15
468 514 361 231 232 530 393 394 175 172 115 116 377 378 384
1 3600 1264
22
469 463 466 507 504 573 565 431 383 380 411 414 393 394 175 172 176 182 213 211 209 206
1 3600 632
17
363 231 232 530 393 394 175 172 176 182 213 199 194 204 601 602 605
1 3600 1264
24
218 495 429 383 380 411 414 393 394 175 172 178 186 239 242 625 203 204 609 555 556 147 142 150
1 3600 468
6
446 81 78 67 64 263
1 3600 207
10
561 495 492 498 569 407 404 559 411 412
1 3600 276
6
189 192 561 495 492 498
1 3600 276
3
561 495 429
1 3600 276
11
448 463 466 507 504 81 78 101 102 108 380
1 3600 276
6
360 515 441 446 573 565
1 3600 276
5
466 507 504 81 78
1 3600 342
7
515 441 442 577 578 545 546
1 3600 743
17
361 231 232 530 393 394 175 172 176 180 184 519 520 433 434 419 416
1 3600 317
11
469 463 445 446 81 78 111 112 256 263 260
1 3600 317
8
613 616 337 325 305 59 56 39
1 3600 317
5
444 464 583 584 551
1 3600 317
11
219 27 30 452 317 314 332 325 305 308 312
1 3600 317
6
507 504 81 78 67 68
1 3600 317
6
470 616 337 325 322 583
1 3600 317
9
360 613 616 337 325 305 59 56 39
1 3600 287
3
576 580 621
1 3600 287
4
26 218 363 231
1 3600 361
9
319 316 453 450 141 138 490 51 46
1 3600 1264
9
581 443 444 464 323 320 358 89 84
1 3600 308
8
28 139 134 508 371 349 352 398
1 3600 234
4
28 488 513 508
1 3600 234
5
189 192 574 491 139
1 3600 702
7
497 493 494 560 574 51 48
1 3600 1264
9
529 530 393 394 175 172 115 99 94
1 3600 1264
11
529 530 393 394 175 172 176 182 213 211 209
1 3600 1264
16
529 530 393 394 175 172 176 182 213 199 194 204 601 123 120 168
1 3600 1264
19
529 530 393 394 175 172 178 186 239 242 625 203 204 609 555 163 155 152 300
1 3600 1264
9
529 530 393 394 175 172 178 184 423
1 3600 1264
10
47 50 491 29 24 441 446 81 78 101
1 3600 372
10
47 50 491 488 451 448 463 466 507 504
1 3600 372
12
606 189 192 561 495 492 496 577 578 343 344 632
1 3600 1264
16
529 530 393 394 175 172 115 99 96 290 519 520 433 434 419 416
1 3600 1053
13
47 50 491 139 134 508 331 332 325 305 306 589 551
1 3600 114
8
606 189 192 561 495 492 496 577
1 3600 1264
15
47 50 491 488 513 508 371 349 354 357 358 628 479 461 458
1 3600 1264
8
47 50 491 139 134 510 594 371
1 3600 790
8
47 50 491 139 140 513 510 592
1 3600 743
3
606 189 190
1 3600 1264
24
481 478 629 359 321 322 465 445 442 577 567 570 409 404 559 411 414 393 394 175 172 115 99 13
1 3600 1264
35
22 454 459 460 476 251 45 38 57 54 220 310 486 582 465 466 507 504 573 565 431 383 380 411 414 393 394 175 172 176 182 213 211 209 206
1 3600 1264
29
19 20 85 88 359 321 322 465 445 446 573 569 407 404 559 411 414 393 394 175 172 176 182 213 199 194 204 609 555
1 3600 1264
30
629 359 321 322 465 445 442 497 493 429 383 380 411 414 393 394 175 172 178 186 239 244 225 222 215 201 204 609 297 294
1 3600 632
30
476 251 45 38 57 54 220 310 482 465 466 507 504 81 82 431 383 380 411 414 393 394 175 172 176 180 184 519 520 524
1 3600 1264
13
629 359 356 335 336 617 471 468 441 446 81 78 67
1 3600 1264
21
459 460 476 541 43 38 57 54 220 310 486 582 465 445 442 577 567 407 404 559 411
1 3600 1264
20
475 455 23 20 503 87 88 359 321 322 465 445 442 577 578 343 346 237 127 128
1 3600 346
34
481 476 251 45 38 57 58 306 401 402 591 585 582 465 466 507 504 573 565 431 383 380 411 414 393 394 175 172 178 184 423 426 271 264
1 3600 346
35
456 481 478 629 359 356 335 336 617 471 463 445 446 81 78 101 102 108 380 411 414 393 394 175 172 176 180 184 519 520 433 434 419 339 340
1 3600 225
7
85 88 543 43 38 57 52
1 3600 790
15
473 459 460 478 629 359 356 335 333 315 316 615 612 361 231
1 3600 1264
13
478 629 359 356 355 348 370 509 135 138 490 51 46
1 3600 506
3
480 457 23
1 3600 272
7
473 455 437 19 20 503 500
1 3600 272
7
460 478 629 359 356 355 352
1 3600 1149
8
478 629 359 356 355 348 370 595
1 3600 1264
16
460 476 251 45 38 57 58 304 324 333 330 509 512 489 490 51
1 3600 1264
20
348 370 509 135 138 29 24 441 442 497 493 429 383 380 411 414 393 394 175 172
1 3600 1264
28
348 370 331 315 316 615 471 463 466 507 504 573 569 407 404 559 411 414 393 394 175 172 176 182 213 199 196 209
1 3600 1264
34
88 543 43 38 57 54 220 310 482 465 445 446 573 565 431 383 380 411 414 393 394 175 172 176 182 213 199 194 204 601 602 605 171 121
1 3600 1264
30
87 88 359 321 322 465 445 442 577 567 570 409 404 559 411 414 393 394 175 172 178 186 239 242 625 203 204 609 297 298
1 3600 790
23
373 370 595 511 512 451 31 26 218 495 429 383 380 411 414 393 394 175 172 178 186 239 240
1 3600 1053
21
88 543 43 38 57 58 306 589 585 582 465 466 507 504 81 82 563 559 411 414 393
1 3600 902
15
353 348 370 509 135 138 29 24 441 442 577 73 76 346 237
1 3600 1264
14
351 354 335 336 617 471 463 445 442 577 578 343 344 634
1 3600 421
23
370 331 315 316 615 612 361 231 232 530 393 394 175 172 115 99 96 290 423 426 434 419 420
1 3600 174
8
399 353 354 357 321 305 306 589
1 3600 174
7
370 331 332 325 305 306 589
1 3600 207
7
353 348 370 509 512 489 490
1 3600 1264
9
370 509 135 138 490 575 193 188 607
1 3600 142
4
502 21 18 438
1 3600 451
3
373 349 350
1 3600 125
6
370 595 511 512 141 136
1 3600 1264
10
353 348 370 509 135 138 490 575 193 190
1 3600 1264
17
451 448 468 441 446 81 78 101 102 108 380 411 414 393 394 175 172
1 3600 1264
13
137 140 451 448 463 466 507 504 81 78 101 104 386
1 3600 1264
24
512 489 29 26 218 363 231 232 530 393 394 175 172 176 182 213 199 194 204 609 555 556 147 142
1 3600 1264
23
451 31 26 218 495 429 383 380 411 414 393 394 175 172 176 182 213 199 194 204 609 297 294
1 3600 1264
21
137 138 29 24 441 446 573 565 431 383 380 411 414 393 394 175 172 178 186 239 242
1 3600 1264
10
135 138 29 26 216 361 231 232 530 393
1 3600 665
11
488 451 448 463 445 442 497 498 565 431 383
1 3600 1264
10
137 138 29 24 441 442 577 578 545 546
1 3600 1264
28
137 140 451 31 26 218 495 492 498 569 407 404 559 411 414 393 394 175 172 176 180 184 519 520 433 434 419 416
1 3600 214
10
137 134 508 331 332 325 305 59 56 70
1 3600 160
8
140 451 448 463 445 442 580 621
1 3600 160
5
29 24 514 361 231
1 3600 1264
3
490 51 46
1 3600 1149
9
451 452 317 314 332 334 357 358 628
1 3600 128
4
593 594 371 372
1 3600 421
3
513 510 592
1 3600 281
5
509 512 489 490 51
1 3600 1264
12
49 46 529 530 393 394 175 172 115 118 384 536
1 3600 1264
11
46 529 530 393 394 175 172 176 182 213 211
1 3600 1264
17
188 607 529 530 393 394 175 172 178 186 239 244 225 222 215 201 204
1 3600 1264
26
192 561 495 429 383 380 411 414 393 394 175 172 176 182 213 199 194 204 601 123 120 168 33 36 142 150
1 3600 1264
13
191 188 607 529 530 393 394 175 172 178 184 519 522
1 3600 1264
22
192 561 495 492 498 569 407 404 559 411 414 393 394 175 172 176 180 186 239 242 623 225
1 3600 1264
7
192 561 495 492 496 577 73
1 3600 1264
9
192 561 495 492 496 577 578 545 546
1 3600 1264
15
192 561 219 27 30 452 317 318 337 325 305 59 56 39 42
1 3600 1264
10
49 50 491 139 134 508 371 349 354 357
1 3600 301
4
50 575 561 219
1 3600 1264
15
49 50 575 561 219 216 515 469 470 616 337 334 357 358 628
1 3600 1264
9
191 192 574 491 488 513 508 371 372
1 3600 180
3
49 50 491
1 3600 1264
3
188 607 47
