242
1 3600 446
3
599 383 380
1 3600 249
5
613 599 329 326 580
1 3600 249
7
599 329 269 272 61 58 252
1 3600 249
10
583 379 380 31 32 634 667 93 94 96
1 3600 249
6
659 581 575 576 245 246
1 3600 549
12
482 331 326 578 83 80 249 250 256 260 266 604
1 3600 1429
12
659 656 666 115 112 671 672 489 484 297 298 462
1 3600 301
7
383 384 77 78 455 456 518
1 3600 301
7
31 28 36 40 153 150 456
1 3600 238
11
601 329 330 483 31 28 34 188 592 594 596
1 3600 840
15
583 584 603 77 78 157 154 512 175 176 145 123 128 165 158
1 3600 1429
17
271 243 240 577 574 578 590 666 191 192 89 86 660 63 68 325 322
1 3600 1429
13
272 574 580 637 634 191 188 505 506 155 150 452 480
1 3600 1429
12
601 383 384 77 78 455 452 45 42 50 72 365
1 3600 1429
18
31 32 634 115 116 171 168 161 164 129 124 197 200 416 391 392 223 203
1 3600 1429
24
583 584 603 77 74 478 504 592 175 178 640 347 344 285 280 552 19 20 109 106 529 530 544 527
1 3600 336
3
59 60 273
1 3600 336
8
99 95 85 82 579 327 328 598
1 3600 336
10
501 255 119 120 290 247 244 241 242 270
1 3600 336
11
644 670 113 114 635 33 30 381 378 582 614
1 3600 391
9
91 88 117 112 477 249 252 290 650
1 3600 391
5
56 590 657 637 33
1 3600 395
10
191 192 89 90 628 644 672 669 503 295
1 3600 395
4
476 671 672 669
1 3600 395
10
576 245 246 291 121 27 24 263 260 264
1 3600 395
13
98 116 171 172 333 334 647 644 672 669 509 297 259
1 3600 395
8
32 636 656 591 57 58 250 254
1 3600 395
4
246 291 121 27
1 3600 395
4
671 501 255 256
1 3600 395
14
94 98 116 89 86 660 487 484 510 493 461 265 266 606
1 3600 680
11
291 121 27 24 263 258 298 460 277 274 622
1 3600 255
8
84 92 666 191 35 36 40 75
1 3600 336
5
93 94 98 116 171
1 3600 336
7
80 476 113 116 171 166 178
1 3600 336
5
33 28 36 38 505
1 3600 336
3
28 34 188
1 3600 386
13
61 58 250 254 500 645 646 335 161 164 498 589 287
1 3600 386
11
577 61 56 83 80 476 671 672 489 486 163
1 3600 953
18
28 34 192 171 172 568 145 148 497 129 126 588 664 137 132 626 105 102
1 3600 1429
16
653 291 253 248 97 98 116 171 166 174 594 47 42 52 361 358
1 3600 1099
8
646 335 332 568 177 178 543 541
1 3600 1190
18
92 666 191 188 592 594 47 48 542 640 537 534 642 211 214 224 398 400
1 3600 1429
22
653 291 121 118 256 258 296 510 67 64 586 589 287 282 227 230 234 238 221 216 426 430
1 3600 714
12
469 25 26 118 251 248 81 84 92 657 658 483
1 3600 341
7
492 511 485 488 673 670 113
1 3600 341
9
294 502 668 673 645 629 91 88 117
1 3600 341
6
607 267 261 257 251 248
1 3600 341
3
25 26 120
1 3600 341
7
668 673 670 477 81 82 579
1 3600 341
3
673 670 477
1 3600 341
4
251 252 290 652
1 3600 204
3
503 295 259
1 3600 334
10
509 485 486 63 64 341 338 621 618 565
1 3600 334
4
510 493 277 274
1 3600 334
4
605 267 264 462
1 3600 334
6
493 494 325 320 622 565
1 3600 893
18
605 267 264 460 494 69 64 586 499 496 149 146 346 641 543 49 44 453
1 3600 186
5
485 486 163 160 169
1 3600 357
12
607 267 264 460 492 67 64 341 135 130 550 633
1 3600 357
11
263 258 296 485 486 163 164 129 124 285 282
1 3600 357
7
263 258 296 510 67 64 586
1 3600 357
9
668 673 645 646 335 161 158 586 589
1 3600 274
7
264 460 277 274 321 322 624
1 3600 1429
15
296 485 486 163 164 129 122 146 342 535 538 371 368 349 350
1 3600 1429
10
668 673 645 646 335 332 568 145 146 342
1 3600 953
18
668 673 645 646 660 163 164 129 124 197 198 425 423 421 233 234 238 395
1 3600 1299
17
649 646 335 161 164 498 664 137 130 552 465 15 12 100 559 533 185
1 3600 1429
18
655 619 620 339 340 65 62 661 87 88 193 35 29 30 381 382 598 614
1 3600 529
9
609 267 261 257 119 120 253 248 81
1 3600 254
7
451 448 463 299 259 262 468
1 3600 254
8
571 567 564 623 275 276 492 511
1 3600 254
6
566 475 463 265 261 262
1 3600 254
12
475 472 655 623 321 324 495 461 299 259 262 468
1 3600 433
3
446 655 623
1 3600 1429
23
474 567 564 619 139 142 300 101 13 16 18 553 281 284 345 346 641 597 47 44 453 456 514
1 3600 793
13
619 139 140 133 136 665 589 127 122 144 177 178 597
1 3600 246
11
655 619 139 142 300 563 561 111 108 632 289
1 3600 161
4
655 619 620 624
1 3600 1429
30
474 567 564 619 139 142 300 563 547 531 185 182 9 5 2 431 427 401 209 202 215 210 375 376 371 367 363 357 354 360
1 3600 1429
17
609 267 261 257 254 500 645 646 335 332 173 166 178 543 541 55 50
1 3600 1429
16
474 567 564 623 321 322 624 626 467 464 553 550 289 227 228 418
1 3600 1299
15
564 619 139 142 300 559 560 547 544 181 186 522 437 438 11
1 3600 176
7
515 457 454 79 76 385 382
1 3600 223
6
41 37 29 32 636 581
1 3600 752
16
491 157 154 512 175 167 168 334 647 644 501 255 119 27 24 470
1 3600 1429
30
524 603 77 78 455 452 480 361 351 348 369 370 377 374 211 214 203 208 402 404 432 548 183 184 532 558 301 143 138 618
1 3600 286
8
519 457 151 156 79 76 602 525
1 3600 303
15
524 585 379 384 77 78 157 150 452 480 53 54 540 542 640
1 3600 303
7
157 154 512 175 176 569 333
1 3600 303
9
380 31 28 36 38 189 192 171 168
1 3600 303
10
457 452 45 46 596 179 167 172 333 334
1 3600 303
7
515 457 452 45 48 542 640
1 3600 303
4
457 151 152 478
1 3600 446
17
457 452 480 361 355 356 362 366 370 539 536 347 344 285 280 552 19
1 3600 1429
17
77 78 157 154 512 175 176 145 123 126 287 282 288 633 109 110 560
1 3600 219
5
457 452 480 361 351
1 3600 317
10
603 77 78 455 452 480 53 50 72 365
1 3600 893
13
150 452 480 361 351 352 362 366 370 377 374 211 214
1 3600 1429
17
74 41 38 592 594 596 640 347 344 285 280 552 465 466 105 102 106
1 3600 332
12
641 179 174 593 189 190 667 591 57 60 273 243
1 3600 261
7
179 167 170 89 90 628 644
1 3600 261
4
169 170 117 99
1 3600 261
6
597 595 593 39 37 29
1 3600 195
10
170 117 99 96 249 250 256 260 266 604
1 3600 1099
14
347 147 148 497 498 664 337 338 621 618 654 473 474 570
1 3600 239
4
479 153 150 456
1 3600 239
6
188 505 506 155 156 490
1 3600 239
9
173 166 174 513 155 156 455 456 514
1 3600 239
8
193 188 39 40 153 150 456 518
1 3600 176
3
592 594 596
1 3600 274
9
512 175 176 145 123 126 588 587 341
1 3600 274
3
497 165 162
1 3600 274
7
176 145 123 128 498 664 137
1 3600 274
9
596 640 347 344 197 194 226 288 551
1 3600 274
8
48 542 640 347 344 125 126 588
1 3600 274
3
168 161 164
1 3600 549
13
595 593 189 192 89 86 660 63 68 325 322 621 616
1 3600 408
6
188 592 594 47 42 52
1 3600 248
6
568 177 178 543 541 55
1 3600 248
7
47 42 50 72 369 370 638
1 3600 226
14
34 192 171 172 568 145 123 124 197 198 425 389 386 237
1 3600 840
19
640 537 534 373 374 211 214 222 396 398 402 406 415 408 523 520 526 545 531
1 3600 1190
13
131 134 340 159 162 661 87 88 193 190 635 33 30
1 3600 195
14
18 553 281 284 345 147 144 569 173 170 117 114 635 33
1 3600 183
5
165 162 487 484 297
1 3600 183
9
551 131 136 665 587 65 66 511 297
1 3600 332
8
132 141 138 618 654 473 474 572
1 3600 510
14
336 665 499 496 149 144 177 174 513 507 479 75 76 602
1 3600 221
8
289 283 286 588 587 159 160 169
1 3600 221
6
284 345 346 641 543 49
1 3600 221
20
20 632 289 227 230 234 238 221 218 225 215 210 375 376 371 367 364 73 51 43
1 3600 221
5
136 665 589 127 122
1 3600 221
5
62 163 160 169 166
1 3600 190
4
165 158 65 68
1 3600 197
3
338 621 616
1 3600 197
8
285 280 552 19 17 12 102 110
1 3600 197
8
126 287 280 552 465 466 105 100
1 3600 1429
13
499 496 149 146 342 535 538 371 368 73 70 350 358
1 3600 280
8
589 127 122 146 342 373 376 371
1 3600 212
8
137 130 281 282 227 230 232 420
1 3600 212
11
137 130 550 633 109 106 529 185 182 549 429
1 3600 250
6
552 19 17 12 102 106
1 3600 1429
20
103 104 627 625 323 324 69 62 661 87 88 193 190 667 657 658 331 328 598 614
1 3600 793
13
143 140 625 323 320 275 276 461 299 294 255 251 252
1 3600 234
4
324 69 66 511
1 3600 178
7
627 141 138 618 654 447 450
1 3600 1429
27
561 533 530 544 527 307 308 314 631 409 414 407 403 399 397 393 390 417 201 196 345 346 641 543 49 44 453
1 3600 433
13
103 13 14 464 553 131 134 340 159 160 332 173 170
1 3600 330
6
617 620 339 340 65 62
1 3600 330
4
533 528 107 108
1 3600 330
5
620 339 340 159 162
1 3600 330
6
16 18 553 281 286 588
1 3600 330
6
140 133 136 665 587 65
1 3600 330
6
103 104 467 464 553 281
1 3600 317
3
562 301 143
1 3600 1429
28
322 624 626 105 100 563 547 544 181 182 9 5 6 433 427 217 218 225 215 210 375 376 371 367 363 353 350 358
1 3600 1099
11
133 130 281 284 345 346 641 543 541 55 50
1 3600 274
13
559 533 185 186 522 409 410 458 431 427 217 220 239
1 3600 272
10
105 102 110 560 547 544 527 521 319 316
1 3600 272
8
106 529 185 186 319 314 441 442
1 3600 1429
15
350 360 481 453 454 157 152 41 37 29 30 482 331 269 243
1 3600 1429
16
351 71 51 43 46 595 593 189 190 667 93 85 80 249 252 292
1 3600 1429
21
359 351 71 51 54 540 542 179 167 172 333 334 647 644 672 669 503 255 119 27 22
1 3600 1429
20
481 453 454 79 74 478 504 189 190 115 112 671 672 489 484 510 493 277 274 622
1 3600 165
7
357 354 360 481 453 456 518
1 3600 264
8
53 54 540 542 179 176 569 333
1 3600 953
11
351 348 369 370 377 372 343 147 148 497 165
1 3600 1429
23
361 355 356 362 366 370 377 374 211 214 224 219 216 428 7 4 8 183 180 545 546 562 301
1 3600 621
4
361 351 352 357
1 3600 195
3
356 353 348
1 3600 195
5
359 351 71 72 365
1 3600 714
13
359 355 356 362 366 370 377 374 211 214 222 394 221
1 3600 1429
18
362 366 370 377 374 211 214 203 208 402 406 443 440 315 318 187 184 528
1 3600 1429
10
43 46 595 593 189 190 635 636 581 327
1 3600 893
9
73 51 43 46 595 593 189 190 667
1 3600 1190
14
540 542 179 167 170 89 90 628 644 501 295 259 262 468
1 3600 1429
11
540 542 179 167 168 334 660 63 68 325 320
1 3600 297
8
343 147 144 177 174 513 155 156
1 3600 198
8
367 364 73 51 43 46 595 593
1 3600 198
11
639 539 536 641 597 595 513 507 504 39 37
1 3600 226
9
51 54 540 542 640 347 344 285 280
1 3600 1099
19
639 377 374 211 214 224 398 400 426 430 459 439 434 183 184 532 558 301 304
1 3600 122
3
349 352 357
1 3600 332
3
369 370 539
1 3600 136
5
343 344 197 198 425
1 3600 136
8
370 377 374 211 214 203 208 402
1 3600 621
13
370 377 374 211 214 222 396 219 216 426 430 459 411
1 3600 1429
17
424 199 196 125 128 165 162 487 488 673 670 477 81 82 579 575 273
1 3600 1099
13
424 199 196 125 128 165 162 661 87 88 117 114 635
1 3600 840
15
423 419 229 226 283 286 588 587 65 66 511 297 259 262 468
1 3600 1429
17
208 402 406 415 408 523 520 526 545 546 562 301 143 138 618 565 566
1 3600 953
14
215 210 375 376 371 368 349 350 360 481 453 151 156 79
1 3600 396
3
196 345 346
1 3600 396
13
220 239 235 231 195 196 125 122 144 569 173 170 193
1 3600 479
5
194 226 283 286 588
1 3600 479
7
423 421 233 231 226 283 286
1 3600 479
9
205 202 222 394 239 235 231 226 288
1 3600 479
5
229 226 283 286 588
1 3600 479
5
417 229 226 288 633
1 3600 297
4
556 21 17 14
1 3600 953
11
202 215 210 375 376 371 367 363 357 354 360
1 3600 446
8
202 215 210 375 376 371 367 364
1 3600 446
7
391 392 223 215 210 375 376
1 3600 446
8
207 202 215 210 375 376 371 367
1 3600 446
7
195 196 345 346 537 538 371
1 3600 446
10
424 199 196 345 346 641 543 541 55 50
1 3600 446
10
387 388 424 199 196 345 346 641 543 541
1 3600 255
5
234 238 221 216 426
1 3600 476
3
548 183 184
1 3600 476
11
389 386 392 396 398 402 406 415 412 440 662
1 3600 476
10
391 237 238 221 216 428 7 4 10 458
1 3600 476
14
230 234 238 221 216 426 430 459 439 436 630 315 309 310
1 3600 476
20
374 643 343 344 197 200 416 391 392 396 398 402 404 432 7 4 8 435 436 630
1 3600 476
8
214 203 208 402 406 415 408 523
1 3600 476
6
548 183 180 545 531 528
1 3600 1429
27
546 561 558 101 104 627 625 323 320 275 276 461 265 261 262 25 26 120 290 247 244 241 242 268 328 598 614
1 3600 1429
19
313 306 521 187 184 532 111 103 104 627 625 323 324 495 492 511 508 668 673
1 3600 1099
18
306 526 545 546 562 101 104 627 625 323 324 279 276 461 265 261 262 470
1 3600 1429
13
458 3 4 8 183 184 532 558 301 143 138 618 654
1 3600 1429
23
522 409 414 407 403 399 397 393 390 420 419 201 196 125 122 144 177 174 513 155 156 455 456
1 3600 714
19
521 187 180 545 546 561 111 108 632 551 131 134 340 159 160 169 170 193 35
1 3600 649
10
549 429 217 220 239 235 231 226 283 284
1 3600 649
5
528 107 108 632 289
1 3600 649
11
318 187 184 532 111 103 104 627 625 323 324
1 3600 561
11
440 315 309 306 526 545 546 562 301 143 140
1 3600 561
6
181 184 532 558 101 13
1 3600 561
5
531 528 107 103 104
1 3600 561
9
317 318 520 526 545 546 562 301 143
1 3600 1429
20
185 182 9 5 6 433 405 403 399 225 215 210 375 376 371 368 73 70 350 358
1 3600 649
21
181 184 532 558 101 13 16 18 553 131 136 665 499 496 149 144 177 178 597 47 42
1 3600 652
13
308 314 441 413 414 444 431 427 217 220 239 235 231
1 3600 652
5
414 407 403 399 397
1 3600 652
8
611 181 182 435 438 458 431 405
1 3600 652
10
409 414 407 403 399 397 393 390 420 422
1 3600 652
5
442 407 403 209 204
1 3600 652
9
413 410 458 431 427 217 220 239 235
1 3600 652
10
185 182 549 429 401 209 202 215 210 375
1 3600 652
11
544 181 182 9 5 6 433 427 217 220 395
1 3600 652
8
521 522 437 438 458 431 427 217
1 3600 652
7
308 314 441 442 444 3 6
1 3600 571
3
443 440 662
1 3600 571
4
521 187 180 545
