364
1 3600 226
8
717 705 706 711 31 32 692 697
1 3600 226
13
285 73 68 696 693 33 30 712 807 509 506 615 612
1 3600 226
7
760 786 806 713 31 32 694
1 3600 226
8
776 786 509 510 764 513 309 269
1 3600 226
7
776 786 806 713 710 707 708
1 3600 226
7
709 706 765 511 508 787 784
1 3600 226
3
695 33 30
1 3600 237
5
710 513 309 303 300
1 3600 237
10
705 271 268 303 304 55 49 44 588 714
1 3600 237
15
614 507 510 764 513 514 692 697 69 70 47 44 215 218 234
1 3600 237
19
794 806 713 31 32 692 697 69 72 284 288 209 37 34 42 742 725 311 316
1 3600 237
12
717 661 257 258 264 268 303 304 299 47 41 35
1 3600 237
9
783 773 507 510 764 513 309 303 300
1 3600 237
15
759 25 28 794 806 713 31 32 692 697 69 70 298 55 49
1 3600 237
4
282 601 209 37
1 3600 237
7
509 510 764 513 309 303 300
1 3600 237
15
307 269 265 266 272 686 623 83 86 752 359 341 319 320 715
1 3600 237
3
299 291 292
1 3600 237
13
785 786 806 713 31 32 692 697 69 72 284 288 209
1 3600 237
8
692 697 69 70 298 55 52 62
1 3600 237
17
28 781 773 507 510 764 707 271 268 303 304 55 50 64 243 233 223
1 3600 237
7
703 697 69 70 47 41 35
1 3600 237
12
703 697 69 72 284 290 47 44 588 313 314 321
1 3600 237
20
510 764 707 271 265 266 272 686 623 83 86 752 359 355 343 251 239 235 223 224
1 3600 237
12
701 697 69 72 282 601 209 37 34 40 44 588
1 3600 237
13
775 776 786 806 713 31 32 515 309 303 304 55 49
1 3600 174
8
304 299 291 288 209 37 38 96
1 3600 174
11
287 75 70 47 41 42 742 725 726 417 418
1 3600 209
27
32 515 309 269 265 266 272 685 677 295 85 86 752 359 356 678 137 127 128 144 580 173 178 521 117 109 110
1 3600 209
29
785 786 806 713 710 707 704 661 658 263 266 272 686 623 620 399 391 379 367 368 487 457 453 443 440 448 529 532 275
1 3600 233
6
302 269 265 266 272 685
1 3600 233
4
789 667 668 810
1 3600 233
18
287 75 70 298 55 52 60 64 250 340 358 753 87 84 294 672 665 666
1 3600 233
18
611 614 507 510 764 707 704 661 257 258 266 272 685 683 665 668 801 798
1 3600 233
14
794 509 510 764 707 271 265 266 272 685 683 665 668 801
1 3600 233
14
28 794 806 713 710 513 309 269 265 266 272 685 683 539
1 3600 233
31
27 24 760 786 806 713 31 32 692 697 69 70 47 48 52 62 238 250 342 354 358 753 87 82 620 624 688 791 667 668 801
1 3600 233
19
75 72 282 601 209 37 38 98 727 325 328 353 350 357 358 753 87 84 294
1 3600 233
20
287 75 72 284 290 47 44 588 714 321 318 340 358 753 87 84 296 538 665 668
1 3600 233
14
776 786 509 510 764 707 704 661 257 258 266 272 685 677
1 3600 233
16
617 614 507 510 764 513 309 269 265 266 272 685 683 665 668 810
1 3600 233
22
75 70 298 55 50 64 250 342 349 350 363 360 77 80 377 378 390 398 624 688 675 672
1 3600 228
23
701 697 69 72 282 601 209 37 34 40 44 588 313 316 318 342 354 358 753 87 82 620 626
1 3600 228
13
703 697 69 70 47 44 215 218 232 242 250 340 358
1 3600 228
15
703 697 69 72 284 288 209 37 38 94 725 325 328 353 348
1 3600 228
7
658 263 266 272 686 623 618
1 3600 228
10
794 806 713 710 707 271 265 266 272 686
1 3600 149
25
703 693 515 309 303 304 55 52 62 235 219 216 714 321 322 326 330 344 131 128 141 142 146 542 568
1 3600 209
25
773 507 510 764 513 309 303 304 55 49 41 42 742 725 325 326 195 196 337 338 213 133 134 187 188
1 3600 209
23
69 70 47 44 588 313 310 726 417 414 421 422 169 105 102 175 176 184 442 454 551 479 477
1 3600 209
16
287 75 68 696 693 515 309 269 265 266 272 685 677 672 665 670
1 3600 209
18
304 55 50 64 250 342 349 247 248 167 91 92 207 204 365 366 378 390
1 3600 209
30
613 614 507 508 806 713 31 32 692 697 69 72 282 601 209 37 38 96 158 422 335 125 118 557 151 154 371 366 380 392
1 3600 209
18
258 266 272 686 623 620 399 391 388 393 387 382 487 482 461 464 480 534
1 3600 209
28
264 268 303 304 299 47 41 42 742 95 98 417 412 201 198 169 123 120 519 516 522 652 533 229 230 474 495 492
1 3600 76
12
53 54 305 302 308 512 711 712 807 787 761 758
1 3600 76
19
221 222 219 214 45 46 71 68 696 693 33 30 712 807 795 781 773 615 616
1 3600 76
7
216 589 45 46 71 68 696
1 3600 76
15
236 225 222 234 63 53 54 305 302 308 512 765 511 508 787
1 3600 76
5
35 36 208 289 290
1 3600 76
13
241 242 65 51 54 305 302 308 512 765 511 506 615
1 3600 76
12
46 71 68 696 693 33 30 712 807 787 777 778
1 3600 47
3
234 63 53
1 3600 70
3
49 41 42
1 3600 70
5
319 317 310 724 743
1 3600 70
11
34 40 44 588 714 315 316 322 328 347 344
1 3600 70
8
216 313 316 322 326 195 196 337
1 3600 70
4
41 35 38 96
1 3600 70
6
219 216 714 315 310 325
1 3600 140
13
250 342 349 247 211 212 131 128 141 138 556 173 178
1 3600 209
15
37 38 98 417 418 422 169 105 100 170 502 3 6 432 562
1 3600 55
15
37 34 40 44 588 313 314 321 318 340 358 753 87 84 294
1 3600 59
12
225 222 232 242 250 342 354 358 753 87 82 622
1 3600 59
4
272 686 623 83
1 3600 59
6
242 250 340 358 753 87
1 3600 43
8
250 342 354 356 678 137 134 155
1 3600 174
16
34 42 742 725 325 326 195 196 337 125 120 519 520 738 451 448
1 3600 209
13
316 322 328 347 245 211 133 134 187 188 458 464 477
1 3600 209
13
321 318 340 358 753 87 82 620 624 688 791 667 670
1 3600 209
14
67 64 250 342 349 350 363 360 77 80 377 378 390 396
1 3600 209
15
44 588 714 321 322 328 353 350 363 360 203 79 80 377 380
1 3600 209
21
588 313 310 726 417 412 333 330 344 131 128 144 578 559 151 156 181 182 190 383 384
1 3600 209
22
37 38 96 158 422 169 105 100 113 114 733 525 522 429 430 805 629 549 546 572 607 497
1 3600 84
5
163 97 39 36 208
1 3600 90
8
742 725 311 312 217 218 223 220
1 3600 90
3
311 312 217
1 3600 90
5
727 724 743 43 40
1 3600 90
6
346 329 324 724 743 43
1 3600 90
8
168 199 193 194 327 323 320 715
1 3600 90
6
245 246 348 343 251 243
1 3600 90
6
194 327 323 317 312 589
1 3600 72
6
158 420 755 729 333 330
1 3600 72
7
331 332 413 416 99 94 743
1 3600 93
7
158 422 335 125 120 175 178
1 3600 93
3
173 174 519
1 3600 93
13
347 344 131 128 144 580 119 122 105 100 113 109 106
1 3600 93
11
559 151 156 181 184 440 450 527 524 501 504
1 3600 93
8
193 196 337 125 120 519 516 526
1 3600 93
10
326 332 201 198 169 105 100 113 109 110
1 3600 95
19
808 559 151 154 187 188 458 462 551 227 228 530 548 628 804 431 426 657 654
1 3600 191
14
158 422 335 338 131 126 136 679 357 358 753 87 84 294
1 3600 93
18
333 330 245 248 167 91 92 207 204 570 377 378 390 398 621 622 687 279
1 3600 93
9
727 325 328 353 348 354 358 753 87
1 3600 93
4
141 142 148 565
1 3600 93
8
725 325 328 353 350 363 360 77
1 3600 93
9
158 422 335 338 131 128 141 142 148
1 3600 93
11
414 421 422 169 123 118 557 151 152 373 374
1 3600 93
7
581 145 141 142 146 542 375
1 3600 93
3
335 338 213
1 3600 85
7
808 559 556 173 176 184 440
1 3600 85
6
808 559 151 154 371 368
1 3600 209
19
326 195 196 337 125 120 103 100 170 502 734 651 652 11 12 436 649 646 747
1 3600 209
13
129 126 136 679 357 358 753 87 84 296 538 665 670
1 3600 209
13
412 333 330 245 248 167 91 88 77 80 377 378 390
1 3600 209
10
105 102 175 176 182 190 383 386 392 404
1 3600 209
13
729 201 193 196 337 338 213 133 134 371 368 383 384
1 3600 209
13
173 178 445 442 454 551 227 230 473 468 590 609 499
1 3600 209
17
518 121 124 334 423 419 416 99 39 36 208 600 283 73 68 696 702
1 3600 131
17
505 171 101 104 168 423 420 415 416 727 311 314 715 217 218 232 240
1 3600 51
8
505 171 101 104 168 423 159 97
1 3600 51
10
108 116 518 121 124 336 197 192 200 413
1 3600 51
10
505 500 732 115 116 520 179 172 557 139
1 3600 51
8
172 581 145 129 130 339 336 197
1 3600 59
5
527 517 117 109 110
1 3600 53
9
502 411 406 583 584 638 737 645 648
1 3600 53
6
170 502 3 6 432 562
1 3600 53
8
107 108 114 733 525 522 429 424
1 3600 53
12
738 451 448 529 530 548 628 802 635 636 585 586
1 3600 209
17
107 108 116 520 445 442 452 456 486 369 366 378 390 398 624 688 791
1 3600 209
19
526 451 446 575 553 463 460 483 486 383 386 392 389 390 398 621 622 687 279
1 3600 47
11
113 116 520 445 185 182 190 369 364 205 79
1 3600 40
3
526 451 446
1 3600 40
10
108 114 733 525 526 451 446 575 553 463
1 3600 61
20
102 519 516 522 652 275 276 436 805 629 549 546 21 22 467 470 607 604 597 594
1 3600 209
21
115 112 101 104 123 118 581 145 129 126 136 679 357 358 753 87 84 296 538 665 670
1 3600 209
10
739 179 176 180 157 154 371 366 378 390
1 3600 209
14
767 505 500 525 517 520 445 442 452 456 486 383 386 392
1 3600 209
8
525 526 451 448 544 479 480 534
1 3600 209
9
176 182 188 458 464 480 534 495 492
1 3600 209
26
721 718 651 652 533 528 544 550 455 452 189 186 135 132 210 246 348 343 251 65 51 54 305 302 308 512
1 3600 209
34
253 254 640 646 747 744 748 17 18 593 469 472 476 465 459 189 186 155 152 564 149 143 140 129 130 345 346 329 323 320 715 217 218 223
1 3600 91
12
587 584 637 634 425 428 523 517 518 121 124 336
1 3600 156
13
435 432 562 634 803 629 549 531 528 449 441 185 177
1 3600 156
6
10 653 650 735 503 504
1 3600 156
9
640 648 437 277 274 653 523 517 518
1 3600 156
3
735 503 504
1 3600 156
10
437 13 10 533 528 449 441 444 179 174
1 3600 156
6
723 59 5 2 503 171
1 3600 156
4
274 653 523 524
1 3600 156
13
649 644 736 639 585 582 407 410 503 500 732 115 109
1 3600 156
4
436 431 428 523
1 3600 156
12
427 430 805 629 549 531 229 226 550 455 443 444
1 3600 149
5
439 436 431 426 736
1 3600 149
4
802 635 563 433
1 3600 149
6
583 584 638 771 647 648
1 3600 149
7
561 562 634 425 426 645 641
1 3600 209
35
736 771 747 744 748 17 18 555 467 472 476 465 460 483 486 369 364 205 202 361 362 357 358 753 87 82 620 624 688 675 672 665 668 801 798
1 3600 209
17
410 734 651 652 533 229 226 550 463 459 189 186 135 136 679 357 358
1 3600 149
15
651 523 526 739 179 172 557 558 579 145 129 130 213 210 246
1 3600 131
10
584 638 737 427 424 803 629 549 531 528
1 3600 131
8
439 277 274 533 528 449 441 185
1 3600 131
18
439 436 649 646 747 744 748 792 609 499 494 535 481 465 459 189 183 180
1 3600 166
7
805 629 549 546 21 22 554
1 3600 166
11
406 631 587 584 638 771 747 744 748 17 14
1 3600 166
8
721 59 56 651 652 533 229 230
1 3600 166
11
406 561 562 634 425 426 645 646 747 744 750
1 3600 166
8
435 7 4 56 651 652 533 229
1 3600 166
8
634 803 629 549 546 21 15 18
1 3600 166
4
13 10 533 229
1 3600 166
15
406 583 584 638 737 427 430 805 629 549 546 572 607 604 608
1 3600 209
22
7 2 503 171 101 104 123 124 338 345 346 353 348 354 358 753 87 84 294 672 665 670
1 3600 209
22
436 649 646 747 744 748 17 18 593 469 472 476 465 460 483 486 383 386 392 389 390 396
1 3600 209
16
805 629 549 531 528 544 550 455 452 456 486 369 366 378 390 400
1 3600 209
13
437 277 274 533 528 449 446 575 553 463 460 483 484
1 3600 209
9
646 747 744 748 792 609 605 497 492
1 3600 47
15
799 800 669 664 682 684 273 267 264 270 706 765 511 506 615
1 3600 47
9
676 684 273 267 264 268 308 514 694
1 3600 47
20
811 669 664 682 684 273 267 259 256 660 705 706 711 31 32 692 697 69 74 286
1 3600 49
15
677 295 85 86 752 359 356 351 352 329 324 724 95 39 36
1 3600 161
22
799 800 669 664 673 674 689 625 399 391 379 376 81 76 89 90 166 249 244 331 332 413
1 3600 209
17
800 669 666 790 689 625 399 391 388 393 387 382 191 183 177 174 103
1 3600 209
33
677 295 85 86 752 359 356 363 165 91 92 207 204 365 368 487 482 461 464 477 473 466 554 19 16 749 745 746 770 639 637 563 433
1 3600 59
4
799 800 669 666
1 3600 49
6
664 539 297 85 86 752
1 3600 49
7
263 266 272 686 623 620 624
1 3600 49
3
673 674 689
1 3600 116
10
295 85 86 752 359 356 363 360 203 206
1 3600 209
10
677 674 689 625 399 391 379 367 370 187
1 3600 209
20
811 669 664 539 297 85 86 752 359 356 678 137 134 187 188 453 454 551 545 529
1 3600 174
8
799 800 669 664 682 684 279 280
1 3600 209
7
790 689 625 399 391 388 404
1 3600 209
21
800 669 664 673 295 85 86 752 359 356 363 165 91 92 207 204 365 368 487 482 490
1 3600 209
21
797 800 669 664 673 674 689 625 399 391 379 380 387 382 487 457 458 464 477 474 495
1 3600 38
12
86 752 359 341 251 239 235 219 214 45 46 71
1 3600 37
11
621 83 86 752 359 341 251 243 233 223 224
1 3600 37
10
85 86 752 359 355 343 319 317 312 217
1 3600 41
14
621 83 86 752 359 355 349 247 211 212 131 128 144 580
1 3600 209
14
349 247 211 212 131 128 144 580 173 178 521 117 109 110
1 3600 209
16
689 625 399 391 379 367 370 155 156 181 184 440 448 529 532 11
1 3600 34
11
354 358 753 87 82 622 687 685 683 665 668
1 3600 34
8
358 753 87 82 620 624 688 675
1 3600 52
6
278 686 623 83 86 752
1 3600 40
6
356 363 360 203 206 680
1 3600 40
6
689 625 399 391 379 376
1 3600 40
5
620 399 391 379 376
1 3600 123
12
86 752 359 356 678 137 134 187 188 453 454 551
1 3600 209
15
627 399 391 388 393 387 382 487 482 461 464 477 473 468 590
1 3600 209
8
358 753 87 84 296 538 665 670
1 3600 66
4
619 620 399 396
1 3600 161
10
359 356 363 360 77 80 377 380 392 404
1 3600 209
18
627 621 83 86 752 359 356 363 165 91 92 207 204 365 368 487 482 488
1 3600 209
13
349 247 248 137 134 187 188 458 464 480 534 495 492
1 3600 131
25
135 132 210 244 331 327 324 724 743 43 35 36 208 289 285 73 68 696 693 33 30 712 807 795 29
1 3600 89
12
150 139 140 129 130 339 334 423 159 97 39 34
1 3600 89
13
379 376 81 76 361 362 351 352 329 323 320 715 589
1 3600 89
5
352 329 324 724 743
1 3600 89
6
211 212 131 128 141 138
1 3600 89
8
127 130 339 336 197 194 327 324
1 3600 89
9
205 206 93 90 166 249 244 331 332
1 3600 89
9
81 78 206 93 90 166 137 127 128
1 3600 89
10
569 543 147 143 140 129 130 339 334 199
1 3600 53
14
166 137 127 128 144 578 559 556 119 120 519 516 524 730
1 3600 149
14
365 370 155 150 556 119 122 105 100 170 502 3 6 432
1 3600 140
15
164 362 351 348 343 251 65 61 53 54 305 302 269 265 262
1 3600 88
9
372 153 154 371 366 378 390 398 626
1 3600 88
8
154 135 136 679 357 358 753 87
1 3600 88
14
143 140 129 126 136 167 164 362 357 358 753 87 82 618
1 3600 88
7
361 362 357 358 753 87 84
1 3600 88
8
357 358 753 87 82 622 687 279
1 3600 88
10
77 80 377 378 390 398 621 622 687 279
1 3600 82
4
367 370 135 132
1 3600 82
7
147 143 140 129 130 345 245
1 3600 81
15
244 344 131 128 141 142 148 565 153 156 181 184 442 454 552
1 3600 81
8
148 565 153 156 181 184 440 448
1 3600 81
3
187 188 458
1 3600 81
6
203 204 365 368 487 482
1 3600 81
5
388 393 387 382 487
1 3600 81
6
187 188 453 454 552 574
1 3600 140
13
212 131 128 144 580 173 178 738 451 448 529 530 548
1 3600 209
9
377 378 390 398 624 688 791 667 670
1 3600 161
8
148 565 153 154 371 366 378 390
1 3600 59
7
153 154 371 366 380 392 404
1 3600 149
11
363 360 89 92 207 204 365 368 487 482 488
1 3600 209
16
203 204 365 368 191 188 458 462 551 227 230 473 470 607 497 492
1 3600 209
24
157 150 558 809 577 145 129 130 345 346 329 323 317 312 589 45 46 71 68 696 693 33 30 712
1 3600 174
19
447 450 739 179 174 121 122 168 423 419 416 727 311 314 715 217 218 223 224
1 3600 39
13
481 478 550 455 443 185 177 172 119 124 336 197 194
1 3600 43
6
552 574 447 450 527 524
1 3600 43
8
481 478 545 449 450 527 524 732
1 3600 40
7
177 178 521 117 112 170 502
1 3600 209
15
575 553 463 459 189 190 383 386 392 389 390 398 624 688 675
1 3600 131
17
553 455 452 456 486 369 364 205 202 361 362 357 358 753 87 82 622
1 3600 51
8
447 441 185 182 190 369 364 570
1 3600 51
6
459 189 190 369 364 570
1 3600 51
5
483 457 189 186 155
1 3600 51
4
189 186 135 136
1 3600 47
3
458 464 480
1 3600 51
4
529 530 546 572
1 3600 51
7
553 551 479 477 473 468 592
1 3600 51
8
575 553 551 227 230 473 468 590
1 3600 209
15
456 486 383 386 381 378 390 398 621 622 687 685 683 665 670
1 3600 209
7
456 486 383 386 392 389 390
1 3600 161
9
553 463 460 483 486 383 386 392 402
1 3600 58
3
464 480 534
1 3600 209
4
477 474 495 492
1 3600 209
17
476 465 459 189 186 135 132 210 246 348 354 358 753 87 84 296 540
1 3600 209
19
746 647 644 427 428 523 517 518 121 124 336 197 194 327 323 317 312 217 218
1 3600 161
18
606 471 472 231 226 545 449 441 185 180 157 150 558 579 145 129 130 345
1 3600 61
15
606 573 547 548 628 804 437 13 10 653 650 735 503 171 101
1 3600 104
10
604 608 793 749 745 746 770 639 637 563
1 3600 104
10
555 23 20 547 548 628 802 635 563 560
1 3600 104
14
599 596 608 591 592 19 16 749 745 746 647 641 255 252
1 3600 104
12
466 23 20 547 548 628 804 431 424 635 636 585
1 3600 104
13
466 23 15 16 749 745 746 770 639 585 582 407 408
1 3600 104
6
548 628 804 649 641 255
1 3600 209
23
748 17 14 22 467 472 476 465 459 189 186 135 136 679 357 358 753 87 84 294 672 665 668
1 3600 209
23
17 14 20 547 531 528 449 450 739 179 172 581 145 129 130 213 210 246 348 354 358 753 87
1 3600 123
11
18 593 469 472 476 465 460 483 486 369 364
1 3600 107
10
595 596 499 494 475 231 226 550 455 443
1 3600 107
3
476 465 459
1 3600 107
6
21 22 467 472 476 465
1 3600 107
3
528 544 479
1 3600 107
7
531 229 226 550 455 452 456
1 3600 107
10
596 499 494 535 481 478 545 449 441 185
1 3600 107
6
547 531 528 449 441 185
1 3600 64
3
530 546 21
1 3600 209
20
607 497 494 535 481 465 460 483 486 369 366 378 390 398 624 688 675 672 665 670
1 3600 209
14
471 472 231 226 550 455 452 189 190 383 386 381 378 390
1 3600 209
13
603 497 494 535 481 465 460 483 486 383 386 392 404
1 3600 174
10
595 596 608 591 469 472 476 465 460 490
1 3600 110
5
748 792 609 499 492
1 3600 209
11
671 664 682 684 273 267 264 268 308 514 692
1 3600 209
12
671 664 539 297 85 86 752 359 341 319 320 715
1 3600 209
14
671 664 673 295 85 86 752 359 355 349 352 347 331 332
1 3600 209
19
671 664 539 297 85 86 752 359 356 678 137 127 128 141 138 556 173 178 738
1 3600 209
24
671 664 682 684 686 623 83 86 752 359 341 319 322 326 195 196 337 125 120 519 516 522 429 426
1 3600 59
3
671 664 539
1 3600 140
4
671 664 673 295
1 3600 209
9
671 666 790 689 625 399 391 379 367
1 3600 209
18
671 664 682 684 686 623 620 399 391 388 393 387 382 191 183 184 440 448
1 3600 209
21
671 664 539 297 85 86 752 359 356 678 137 134 155 156 181 184 440 448 529 530 548
1 3600 140
6
671 664 682 684 279 280
1 3600 209
9
671 666 790 689 625 399 391 388 404
1 3600 209
18
671 664 673 295 85 86 752 359 356 363 360 77 80 571 365 368 487 484
1 3600 209
22
671 664 673 295 85 86 752 359 355 349 247 211 133 134 187 188 458 464 480 534 495 492
1 3600 209
11
398 621 622 687 273 267 264 270 706 711 712
1 3600 209
14
397 391 379 376 81 76 361 362 351 352 329 324 311 312
1 3600 209
10
397 391 379 367 370 155 152 564 149 143
1 3600 209
9
391 388 393 387 382 191 183 177 174
1 3600 209
30
281 278 273 267 264 268 303 304 55 52 62 235 219 216 714 315 310 726 417 412 201 198 169 105 102 519 516 522 429 430
1 3600 99
9
397 398 624 688 791 667 668 801 796
1 3600 35
8
391 379 376 81 76 361 362 357
1 3600 78
8
397 391 379 367 370 155 152 564
1 3600 209
11
397 391 388 393 387 382 487 482 461 462 552
1 3600 209
26
281 278 686 623 83 86 752 359 356 678 137 134 187 188 453 454 551 227 230 473 468 592 19 16 749 750
1 3600 209
8
398 621 622 687 685 683 665 670
1 3600 209
6
281 278 686 623 620 399
1 3600 84
3
391 388 404
1 3600 209
11
397 391 379 367 368 487 482 461 464 480 534
1 3600 209
15
397 391 379 367 368 487 457 453 454 551 479 477 474 495 492
1 3600 209
14
401 398 621 622 687 273 267 264 268 308 514 692 697 698
1 3600 209
22
381 376 81 78 206 93 90 166 249 244 331 332 728 754 415 416 99 39 36 208 289 292
1 3600 209
9
401 391 379 367 370 155 150 556 119
1 3600 209
14
401 391 388 393 387 382 191 183 184 444 521 117 109 106
1 3600 209
12
387 382 191 183 184 440 448 529 532 11 8 252
1 3600 209
15
395 381 376 81 76 361 362 357 358 753 87 84 294 672 665
1 3600 91
7
392 389 390 398 621 622 687
1 3600 29
5
381 367 370 155 152
1 3600 84
6
403 393 387 382 487 457
1 3600 209
16
403 393 387 382 191 188 458 464 477 473 466 554 19 16 749 745
1 3600 209
7
401 398 624 688 791 667 670
1 3600 87
3
389 390 396
1 3600 209
4
401 391 379 380
1 3600 80
10
405 393 387 382 487 482 461 464 480 534
1 3600 209
13
393 387 382 487 457 453 454 551 227 230 474 495 492
1 3600 209
25
485 457 453 443 444 521 518 103 104 168 423 159 97 39 36 208 600 283 73 68 696 693 515 512 765
1 3600 209
16
385 386 381 376 81 76 361 362 351 348 343 251 243 233 223 224
1 3600 209
13
769 485 457 453 443 444 179 174 103 104 168 423 159
1 3600 209
10
491 461 462 552 574 447 450 527 524 730
1 3600 209
8
475 231 228 532 275 276 436 649
1 3600 209
17
769 485 486 369 364 205 206 93 90 164 362 357 358 753 87 84 294
1 3600 209
15
769 485 486 369 364 205 202 361 362 357 358 753 87 82 622
1 3600 74
8
489 483 486 369 364 205 206 93
1 3600 32
7
489 461 462 552 574 447 448
1 3600 99
9
485 482 461 464 477 473 468 592 555
1 3600 209
12
385 386 392 389 390 398 624 688 675 672 665 670
1 3600 209
12
535 481 478 550 463 459 189 186 371 366 378 390
1 3600 84
7
769 485 486 383 386 392 402
1 3600 209
3
485 482 490
1 3600 131
6
489 461 464 480 534 495
1 3600 209
29
493 498 608 793 749 745 746 647 644 427 428 650 735 503 171 101 104 168 199 200 413 416 99 94 743 43 40 46 71
1 3600 209
28
493 496 606 573 547 548 628 804 437 277 274 653 523 517 518 121 124 336 197 194 327 323 320 715 217 218 223 224
1 3600 209
14
493 494 475 231 228 532 653 523 517 518 121 122 168 423
1 3600 209
15
496 606 573 547 548 628 802 635 563 433 7 2 503 171 101
1 3600 209
14
498 608 793 749 745 746 647 644 427 428 523 524 730 741
1 3600 209
28
494 535 481 478 545 449 441 185 180 157 150 139 140 129 130 213 210 246 348 354 358 753 87 84 296 538 665 666
1 3600 209
15
493 494 535 481 465 459 189 186 135 136 679 357 358 753 87
1 3600 209
13
496 606 471 472 231 226 550 455 452 189 190 369 364
1 3600 105
6
494 475 476 465 459 189
1 3600 49
3
498 605 602
1 3600 209
39
498 608 591 592 555 23 20 547 531 528 449 450 739 179 172 581 145 129 130 345 346 329 324 724 743 43 40 48 54 305 302 269 265 266 272 685 683 665 670
1 3600 209
28
494 535 481 478 550 455 443 185 180 157 152 564 149 143 140 129 126 136 679 357 358 753 87 82 622 687 279 280
1 3600 209
13
493 496 606 471 472 476 465 459 456 486 383 386 392
1 3600 99
12
493 494 475 231 226 550 455 452 189 190 383 384
