427
1 3600 279
8
15 10 42 53 54 541 542 630
1 3600 279
11
592 351 352 43 40 570 163 158 866 861 864
1 3600 279
6
159 162 571 41 11 14
1 3600 279
14
147 152 166 588 592 609 349 352 53 56 554 163 158 868
1 3600 279
3
161 158 870
1 3600 297
14
540 55 52 353 350 9 12 72 377 189 190 773 727 559
1 3600 297
10
873 867 159 160 164 141 136 707 253 256
1 3600 297
4
590 15 12 70
1 3600 297
17
343 340 873 867 159 162 555 57 54 541 538 633 630 545 193 190 773
1 3600 297
11
959 297 83 80 193 188 376 797 795 790 800
1 3600 297
9
159 160 164 141 136 707 231 228 319
1 3600 297
11
631 543 540 55 52 43 11 12 70 685 135
1 3600 297
15
343 338 865 860 867 159 162 571 41 11 12 72 377 195 196
1 3600 297
16
42 353 348 608 593 589 167 153 146 807 131 134 199 175 168 425
1 3600 297
9
608 9 12 70 796 377 195 175 172
1 3600 297
9
41 11 12 72 683 199 175 172 910
1 3600 297
14
879 865 862 873 867 159 162 571 41 11 12 70 796 377
1 3600 297
8
799 791 794 685 135 130 3 4
1 3600 297
9
160 164 141 136 778 557 558 724 816
1 3600 297
4
146 807 808 281
1 3600 297
15
869 159 162 555 57 54 541 542 630 545 193 190 773 169 172
1 3600 297
5
12 72 377 195 196
1 3600 297
9
350 9 12 70 685 682 377 189 190
1 3600 297
10
632 539 540 55 52 43 11 12 70 795
1 3600 297
3
83 80 193
1 3600 297
8
807 131 134 682 377 189 190 773
1 3600 189
25
871 159 160 164 141 138 397 394 619 615 612 495 415 412 928 321 322 709 233 230 253 254 269 270 746
1 3600 436
15
348 608 9 12 72 683 199 196 179 176 184 370 999 477 474
1 3600 284
12
436 555 57 54 541 538 633 630 959 359 356 360
1 3600 284
7
160 164 141 138 397 393 390
1 3600 284
8
340 873 867 159 162 437 141 138
1 3600 284
8
588 590 15 10 40 570 437 141
1 3600 284
7
873 867 159 160 164 141 115
1 3600 284
6
56 554 437 141 115 118
1 3600 284
11
296 958 631 543 540 55 56 554 437 141 115
1 3600 284
13
70 685 135 130 3 6 625 259 252 706 137 115 118
1 3600 284
19
807 808 281 282 261 264 278 306 449 446 365 368 313 310 421 422 456 121 118
1 3600 295
12
607 608 593 589 167 153 146 807 3 6 281 282
1 3600 295
13
541 542 630 545 193 190 773 727 724 623 624 281 282
1 3600 295
5
164 141 136 778 935
1 3600 295
9
545 193 190 773 727 559 556 935 815
1 3600 189
19
55 52 43 11 12 72 377 195 175 168 425 426 373 370 1007 979 980 997 994
1 3600 436
19
52 353 350 593 589 167 153 146 807 808 625 259 252 231 232 708 697 694 744
1 3600 242
18
11 12 70 796 377 189 190 773 727 724 816 947 941 687 690 765 762 834
1 3600 272
16
877 865 860 867 159 160 164 141 115 120 457 423 420 311 312 369
1 3600 436
30
957 363 151 146 807 131 134 199 196 179 176 186 1001 998 223 220 979 693 696 323 320 929 413 414 494 613 614 620 896 920
1 3600 436
12
437 141 138 397 394 209 214 435 432 33 30 731
1 3600 436
12
554 437 141 115 116 461 423 420 301 304 315 316
1 3600 436
28
41 11 12 72 377 189 190 773 727 724 623 259 252 231 97 94 218 294 289 284 754 826 309 303 304 315 107 108
1 3600 436
32
542 630 959 297 83 80 193 190 773 425 426 373 370 223 224 478 473 465 466 498 846 31 23 20 24 483 488 671 647 644 802 661
1 3600 436
28
159 160 164 141 136 707 231 232 708 519 514 453 450 820 994 885 125 122 881 882 851 825 803 804 907 79 76 787
1 3600 170
13
376 73 13 10 40 570 163 158 866 872 863 864 876
1 3600 170
6
134 684 71 13 8 351
1 3600 170
15
544 631 632 539 540 55 56 554 163 158 866 872 341 338 878
1 3600 170
12
686 940 946 817 725 726 772 191 188 376 73 13
1 3600 170
8
188 376 797 71 13 14 591 589
1 3600 170
8
911 173 174 194 374 378 790 798
1 3600 170
7
173 168 772 191 192 81 82
1 3600 170
8
280 809 806 147 152 166 588 590
1 3600 170
7
4 558 726 772 191 192 544
1 3600 170
4
7 2 806 147
1 3600 170
14
197 198 684 71 13 10 40 570 163 158 866 872 341 342
1 3600 176
3
557 5 6
1 3600 176
4
557 558 726 169
1 3600 176
3
797 795 790
1 3600 176
4
911 173 174 194
1 3600 166
7
4 558 726 425 345 179 182
1 3600 166
8
269 272 318 229 232 708 697 692
1 3600 166
4
195 196 179 180
1 3600 166
7
173 168 425 426 373 370 999
1 3600 166
4
174 196 179 176
1 3600 166
5
683 199 196 179 182
1 3600 166
6
913 173 168 425 345 179
1 3600 166
8
171 168 425 426 373 185 186 1002
1 3600 272
8
377 195 196 179 176 186 1001 477
1 3600 147
9
280 625 622 725 559 556 779 137 138
1 3600 147
7
727 559 556 779 137 138 397
1 3600 161
8
198 135 130 808 281 282 617 99
1 3600 161
3
556 935 815
1 3600 161
15
193 190 773 727 724 816 947 275 270 748 758 249 227 217 95
1 3600 161
8
773 727 724 623 259 252 231 97
1 3600 161
8
773 727 559 556 935 689 690 776
1 3600 161
9
683 135 130 3 6 281 282 617 99
1 3600 183
16
911 173 168 425 426 373 370 1007 979 980 453 454 502 1008 491 492
1 3600 183
11
252 231 232 708 323 103 104 386 722 766 597
1 3600 183
16
791 379 375 189 190 773 425 426 373 370 223 220 979 693 696 519
1 3600 183
22
193 190 773 425 345 179 176 186 1001 205 202 469 465 466 498 848 39 36 431 434 215 210
1 3600 436
17
791 794 685 135 130 808 625 259 256 318 229 232 708 323 103 100 404
1 3600 290
26
793 794 685 135 130 3 6 625 622 816 947 275 270 746 757 758 235 236 238 547 535 533 530 429 421 418
1 3600 189
13
791 794 685 135 130 808 281 282 617 267 264 278 306
1 3600 256
26
724 623 259 252 231 232 708 519 516 929 413 414 494 613 614 618 209 212 840 831 828 915 918 785 780 881
1 3600 436
24
625 259 252 231 232 708 323 320 389 386 722 768 601 598 923 924 893 888 431 432 636 965 509 510
1 3600 436
15
273 274 941 687 688 815 445 446 365 368 313 303 300 421 416
1 3600 436
15
275 270 748 758 561 562 576 580 553 548 565 568 653 111 106
1 3600 436
25
318 229 232 708 697 694 744 329 324 497 498 848 39 35 23 16 732 972 665 487 484 655 523 524 882
1 3600 436
27
945 939 936 747 271 272 318 229 232 708 519 514 997 994 983 87 90 985 643 638 782 509 512 485 486 668 649
1 3600 161
22
1007 979 980 453 450 818 1008 823 613 614 618 395 396 139 140 165 161 158 866 861 864 878
1 3600 97
8
372 427 424 727 559 5 6 281
1 3600 97
8
268 255 258 624 809 131 134 682
1 3600 97
9
271 272 257 258 624 7 2 131 128
1 3600 97
7
749 271 268 255 258 624 281
1 3600 97
6
187 177 178 197 194 376
1 3600 97
9
1003 187 177 178 344 424 169 172 910
1 3600 87
4
181 178 344 426
1 3600 80
5
481 475 478 473 468
1 3600 80
5
978 1006 999 205 200
1 3600 363
13
205 202 469 465 466 498 848 886 890 894 395 393 390
1 3600 85
6
693 696 709 233 97 98
1 3600 90
6
1001 998 223 220 979 980
1 3600 90
19
181 176 184 370 1007 979 693 696 323 103 100 402 722 766 854 927 923 924 893
1 3600 90
10
951 949 946 954 255 252 231 232 708 323
1 3600 90
15
728 373 370 223 220 979 980 453 450 820 992 823 613 614 620
1 3600 140
17
951 949 275 272 318 229 232 708 519 516 389 105 100 404 677 441 438
1 3600 436
8
271 272 257 252 706 137 115 116
1 3600 311
10
728 427 424 727 559 556 935 815 445 446
1 3600 242
12
477 478 473 465 466 498 846 31 32 634 917 914
1 3600 436
20
183 176 184 370 1007 979 980 997 994 983 87 92 125 122 843 655 656 671 672 63
1 3600 436
23
181 178 344 424 727 724 623 624 281 282 261 264 276 286 753 754 826 309 303 304 315 316 968
1 3600 436
16
270 746 757 758 235 236 240 294 333 336 704 721 567 568 653 111
1 3600 436
29
272 318 229 232 708 519 516 929 413 414 494 613 614 618 209 212 840 831 828 985 643 127 124 67 68 626 662 905 906
1 3600 436
25
693 694 744 329 324 497 498 848 39 35 30 731 732 972 665 668 673 647 644 804 907 79 76 243 246
1 3600 436
14
471 472 479 225 222 371 372 427 345 197 198 684 71 13
1 3600 167
6
480 221 222 371 372 427
1 3600 95
4
201 204 998 371
1 3600 95
7
629 203 204 1000 187 177 182
1 3600 95
7
207 204 998 371 185 177 182
1 3600 167
4
478 473 468 628
1 3600 436
11
465 466 496 506 601 598 923 611 614 618 395
1 3600 396
11
479 474 480 979 693 696 709 233 97 94 216
1 3600 70
19
465 466 496 439 442 769 723 387 388 517 518 709 233 97 94 216 226 248 235
1 3600 68
14
225 220 979 980 453 454 504 411 414 492 923 924 681 678
1 3600 436
19
479 474 480 979 693 696 709 233 97 98 267 264 278 306 449 446 698 700 760
1 3600 436
14
225 220 979 693 696 709 233 230 706 778 935 689 690 765
1 3600 396
13
202 469 465 466 498 846 731 17 20 24 511 512 842
1 3600 436
13
471 465 466 498 848 39 35 23 20 24 483 488 671
1 3600 436
23
204 998 1007 979 693 696 709 233 97 94 218 294 333 334 753 754 741 313 303 304 315 316 968
1 3600 436
21
629 203 204 998 371 372 427 424 727 724 816 947 941 687 690 765 762 367 368 740 826
1 3600 436
18
466 498 848 886 890 896 920 917 918 785 780 881 882 851 659 660 803 804
1 3600 436
21
629 469 465 466 496 506 601 598 493 490 993 994 885 67 64 583 584 905 79 76 787
1 3600 52
10
603 391 392 396 139 140 165 161 158 868
1 3600 52
12
357 358 958 631 543 540 55 52 353 350 593 589
1 3600 55
5
139 136 778 935 689
1 3600 335
15
603 391 392 394 619 615 612 822 1009 503 455 452 981 978 1006
1 3600 436
16
357 358 297 83 80 193 190 773 425 345 179 176 186 1001 205 202
1 3600 94
5
119 120 770 605 602
1 3600 51
12
380 85 80 193 190 773 727 724 623 259 252 231
1 3600 51
5
396 139 136 778 935
1 3600 145
6
397 394 619 615 612 495
1 3600 436
10
114 138 397 394 895 891 887 849 499 500
1 3600 33
5
393 390 604 857 858
1 3600 72
12
393 390 604 771 457 423 420 428 703 337 332 295
1 3600 272
11
136 778 935 815 445 448 307 279 276 288 346
1 3600 436
16
392 394 895 896 920 635 636 965 509 512 485 486 666 61 62 673
1 3600 436
10
119 116 461 423 420 301 304 315 316 968
1 3600 436
10
115 120 457 423 420 311 303 304 315 107
1 3600 436
13
603 391 392 394 209 212 838 917 918 785 780 881 882
1 3600 436
26
119 114 138 397 394 209 212 840 831 828 985 975 976 29 26 972 665 668 649 644 804 293 75 76 243 246
1 3600 63
10
381 361 357 358 958 631 543 540 55 52
1 3600 42
7
707 253 254 955 947 941 938
1 3600 42
9
774 813 814 934 557 5 2 131 132
1 3600 85
14
813 445 448 307 279 265 262 219 95 96 232 708 697 692
1 3600 436
11
708 323 103 104 386 722 768 507 497 467 464
1 3600 54
15
261 264 276 284 750 705 702 429 421 422 460 572 856 605 391
1 3600 54
17
691 686 940 946 817 725 726 772 191 192 81 82 296 359 356 360 382
1 3600 83
5
934 779 707 231 97
1 3600 50
20
85 80 193 190 773 425 426 373 370 223 220 979 980 453 454 502 1008 491 492 599
1 3600 50
9
99 96 232 708 519 516 929 413 414
1 3600 50
16
358 297 83 80 193 190 773 425 426 373 370 1007 979 980 453 454
1 3600 363
25
358 958 631 632 539 540 55 52 43 11 12 70 685 199 196 179 176 184 370 223 220 979 693 694 744
1 3600 80
8
96 230 706 137 138 397 398 406
1 3600 55
4
617 267 264 276
1 3600 55
9
765 701 699 365 368 740 755 752 335
1 3600 70
22
99 96 232 708 323 320 929 413 408 1008 823 613 610 924 893 888 431 432 636 965 509 512
1 3600 436
30
381 361 357 358 958 631 543 540 55 56 554 437 141 138 397 394 895 891 888 37 35 23 16 732 27 24 483 486 666 900
1 3600 436
11
778 935 815 777 765 762 367 368 313 310 421
1 3600 311
14
267 262 241 238 547 535 536 702 719 716 567 568 653 650
1 3600 311
19
813 814 934 779 707 231 232 708 519 514 997 994 983 87 92 67 68 626 662
1 3600 436
27
85 80 193 190 773 425 426 373 370 1007 979 980 453 450 820 994 885 67 68 587 584 908 735 736 79 76 787
1 3600 198
22
321 322 697 692 978 221 222 371 185 177 178 197 194 376 73 13 14 591 589 167 153 150
1 3600 179
14
926 855 767 723 403 101 102 322 709 233 230 253 254 955
1 3600 179
8
993 996 981 978 1006 371 372 427
1 3600 179
13
1009 409 412 928 517 518 709 233 228 319 273 274 946
1 3600 179
22
925 922 599 600 443 438 497 467 464 472 479 476 1000 187 177 178 197 198 684 795 790 800
1 3600 169
7
505 455 452 981 978 221 222
1 3600 169
13
759 756 747 271 268 955 817 725 726 425 345 179 182
1 3600 169
17
621 615 612 822 1009 819 451 452 515 518 709 233 228 319 273 270 746
1 3600 169
12
504 411 412 928 321 322 709 233 230 253 256 273
1 3600 169
7
248 759 749 271 274 948 950
1 3600 169
13
853 597 600 443 440 676 327 328 745 695 692 978 1006
1 3600 111
18
236 240 263 260 283 280 7 4 558 726 425 345 179 176 186 1001 205 206
1 3600 189
7
997 992 823 613 614 618 395
1 3600 186
26
430 37 38 849 499 496 325 326 405 101 102 322 709 233 97 94 218 294 289 277 278 306 449 444 812 775
1 3600 186
5
249 227 217 95 96
1 3600 186
7
319 273 270 746 937 687 690
1 3600 186
8
518 709 233 230 706 778 935 815
1 3600 186
8
612 495 415 412 928 517 518 709
1 3600 186
19
215 210 995 996 981 978 221 222 371 372 427 424 772 191 192 81 82 296 359
1 3600 186
11
505 455 452 515 518 709 233 230 706 778 935
1 3600 186
18
599 596 767 723 387 105 102 322 709 233 230 253 254 955 947 941 687 688
1 3600 186
12
922 493 415 412 928 321 322 709 233 97 94 216
1 3600 140
5
1008 491 492 926 855
1 3600 140
5
769 766 854 927 493
1 3600 140
10
320 929 413 414 494 613 614 620 896 435
1 3600 170
5
722 768 507 497 500
1 3600 170
8
615 610 922 599 600 443 440 676
1 3600 170
4
403 404 677 441
1 3600 170
8
409 414 492 923 924 681 678 849
1 3600 170
6
214 435 430 889 887 679
1 3600 256
16
402 722 766 854 927 923 611 614 618 395 393 390 604 857 573 461
1 3600 174
20
517 518 697 692 978 481 475 476 1000 187 177 178 344 424 772 191 192 81 84 810
1 3600 174
7
235 236 238 347 289 286 753
1 3600 174
15
887 849 499 496 325 326 405 101 102 322 709 233 97 98 267
1 3600 185
6
431 432 636 965 783 780
1 3600 185
10
209 212 840 831 828 985 643 127 122 881
1 3600 185
10
823 613 614 620 896 920 917 918 974 643
1 3600 185
10
452 515 518 709 233 97 94 218 241 238
1 3600 185
26
493 490 993 821 451 452 981 978 1006 371 372 427 424 727 724 816 954 269 270 748 758 561 529 526 532 534
1 3600 185
9
323 320 929 413 408 819 820 994 983
1 3600 185
17
389 105 100 404 327 324 497 498 846 731 732 27 28 977 785 639 640
1 3600 185
13
385 386 722 766 597 598 923 924 893 888 431 434 920
1 3600 96
23
251 227 217 95 96 232 708 323 103 100 404 677 441 438 497 498 846 731 17 20 26 972 665
1 3600 436
14
454 502 1008 823 613 614 618 395 393 390 604 771 457 423
1 3600 363
12
395 393 390 604 857 573 461 423 420 311 308 966
1 3600 189
19
502 819 820 994 983 87 92 125 122 843 655 656 671 672 63 58 644 804 907
1 3600 436
21
768 507 497 498 848 39 35 23 20 24 483 488 671 647 644 804 907 79 76 787 788
1 3600 436
15
501 467 464 472 479 476 1000 187 177 178 197 194 376 73 13
1 3600 256
14
676 327 328 745 695 692 978 221 222 371 185 177 178 197
1 3600 109
8
678 849 499 467 464 472 479 476
1 3600 67
7
845 499 467 464 468 203 206
1 3600 436
14
675 441 442 601 598 923 611 614 618 395 396 139 115 118
1 3600 272
19
680 925 922 926 855 767 723 387 388 321 322 709 233 230 253 258 624 281 282
1 3600 85
7
849 499 496 325 328 745 695
1 3600 85
9
36 889 892 925 922 493 415 410 505
1 3600 85
3
325 328 745
1 3600 85
3
745 695 696
1 3600 174
6
441 438 497 498 848 679
1 3600 436
10
848 886 890 894 395 393 390 604 857 573
1 3600 335
21
38 849 499 496 439 442 769 723 387 388 517 518 709 233 97 94 218 294 333 334 753
1 3600 88
7
845 846 31 32 634 917 914
1 3600 58
8
35 30 731 732 972 665 487 488
1 3600 436
20
676 405 101 102 322 709 233 97 98 267 264 276 284 754 826 309 303 300 421 416
1 3600 436
25
497 467 464 472 479 225 222 371 372 427 424 727 559 5 6 281 282 261 264 276 286 753 754 826 966
1 3600 396
13
680 893 888 431 432 636 965 509 512 655 523 524 882
1 3600 436
14
35 23 20 24 483 486 668 649 644 804 293 75 76 787
1 3600 207
12
739 369 366 763 764 691 688 934 779 137 140 165
1 3600 242
7
835 763 764 691 686 938 942
1 3600 436
21
835 367 364 447 448 307 279 265 266 616 283 280 625 622 725 726 425 426 373 370 223
1 3600 436
22
739 740 755 285 277 265 260 283 280 7 4 558 726 425 345 179 176 186 1001 205 202 628
1 3600 70
10
835 367 368 313 310 421 422 460 117 118
1 3600 70
17
761 701 699 447 444 814 934 557 558 726 772 191 192 544 959 359 356
1 3600 82
8
739 740 755 752 287 277 265 266
1 3600 207
11
399 394 619 615 612 495 415 412 928 389 105
1 3600 436
14
407 399 394 619 615 610 922 599 600 443 440 676 327 328
1 3600 79
5
770 605 391 392 398
1 3600 81
11
461 423 420 301 302 312 369 364 447 448 307
1 3600 81
16
407 399 396 139 136 707 253 254 269 270 748 758 235 236 238 347
1 3600 81
4
761 701 699 365
1 3600 81
7
419 420 311 308 827 741 369
1 3600 174
7
770 605 391 392 394 209 212
1 3600 436
14
419 422 456 770 605 391 392 394 895 896 920 635 33 23
1 3600 87
5
572 856 771 457 423
1 3600 92
4
459 423 420 301
1 3600 256
7
859 573 461 423 420 428 531
1 3600 436
25
859 856 771 121 114 138 397 394 209 212 840 831 828 915 918 785 780 881 882 851 659 662 905 906 293
1 3600 256
19
364 447 448 307 279 265 266 616 283 280 809 806 147 152 166 588 592 609 606
1 3600 167
13
699 447 448 307 279 265 260 283 280 809 131 134 684
1 3600 363
12
763 764 776 814 934 557 558 726 425 345 179 176
1 3600 436
16
276 288 295 219 95 96 232 708 697 692 978 221 224 478 473 470
1 3600 83
23
330 546 239 237 234 759 756 747 271 274 946 817 725 726 772 191 192 81 82 296 359 356 360
1 3600 60
7
263 264 278 306 449 444 777
1 3600 60
6
262 219 95 96 230 706
1 3600 51
14
279 265 266 99 96 232 708 519 516 389 386 722 766 597
1 3600 436
14
287 288 295 219 95 96 232 708 323 103 100 404 677 674
1 3600 66
6
741 313 303 300 421 422
1 3600 66
9
279 276 286 335 336 702 429 421 422
1 3600 66
9
346 547 535 533 530 429 421 422 458
1 3600 64
5
751 285 277 278 306
1 3600 77
8
762 367 368 740 755 750 705 537
1 3600 77
18
335 332 295 219 95 96 232 708 519 514 997 994 983 87 90 985 975 976
1 3600 77
8
367 368 740 755 752 335 330 546
1 3600 77
22
369 364 447 444 814 934 779 707 231 232 708 519 516 929 413 414 494 613 614 620 896 920
1 3600 272
20
307 279 265 266 99 96 232 708 697 694 744 329 324 497 498 846 731 732 972 665
1 3600 207
6
751 754 826 309 310 421
1 3600 68
7
701 699 365 368 313 303 304
1 3600 68
10
367 368 740 755 750 721 567 568 653 650
1 3600 64
7
333 336 702 719 715 712 549
1 3600 436
28
366 763 764 691 686 940 946 954 255 252 231 232 708 519 514 453 450 820 994 885 67 64 583 584 905 79 76 243
1 3600 436
16
126 642 984 829 830 841 213 208 395 396 139 140 165 161 158 870
1 3600 218
8
239 237 234 759 756 937 938 944
1 3600 272
8
836 982 995 996 981 978 1006 999
1 3600 436
18
546 239 240 263 260 283 280 625 622 725 726 425 426 373 370 999 205 202
1 3600 311
17
237 234 759 749 271 268 955 817 725 726 772 191 192 81 84 381 382
1 3600 76
13
89 86 982 995 821 451 452 515 518 709 233 230 706
1 3600 103
12
884 995 996 515 518 709 233 97 94 216 226 248
1 3600 103
5
533 527 528 560 235
1 3600 103
23
508 783 784 919 916 921 897 621 615 612 822 1009 409 412 928 321 322 709 233 97 94 216 226
1 3600 103
10
93 86 982 995 821 818 409 412 928 389
1 3600 103
12
964 29 21 16 730 847 499 496 325 328 745 695
1 3600 128
12
125 126 638 782 964 637 33 34 38 849 499 496
1 3600 189
9
919 916 839 213 208 395 393 390 604
1 3600 96
22
641 642 984 91 86 982 995 996 981 978 1006 371 372 427 424 727 559 5 6 281 282 261
1 3600 96
27
841 213 208 619 615 612 495 415 412 928 517 518 709 233 228 319 273 270 746 757 758 561 529 526 532 536 704
1 3600 96
5
240 263 264 278 306
1 3600 96
32
654 513 510 25 26 733 17 22 30 847 499 467 464 468 203 204 1000 187 177 178 344 424 727 559 556 935 815 445 446 698 700 762
1 3600 96
21
982 995 821 451 452 981 978 221 222 371 372 427 424 727 559 556 935 689 690 765 762
1 3600 65
4
641 638 784 919
1 3600 96
21
331 332 295 219 95 96 232 708 323 103 104 386 722 768 507 497 498 848 39 35 23
1 3600 96
4
964 29 21 18
1 3600 96
28
239 237 234 249 227 217 95 96 232 708 323 320 929 413 414 492 923 924 893 888 431 432 636 965 509 512 485 486
1 3600 436
10
921 897 894 395 396 139 115 120 457 423
1 3600 87
37
880 781 784 976 637 433 430 889 892 925 922 599 596 767 723 403 101 102 322 709 233 97 94 216 226 248 561 562 576 580 710 712 565 568 653 111 108
1 3600 101
33
641 642 984 829 830 841 213 208 619 615 612 495 415 412 928 321 322 709 233 97 94 218 241 238 547 535 533 527 528 562 576 580 553
1 3600 101
8
524 882 851 659 627 587 582 932
1 3600 101
6
881 882 851 659 662 585
1 3600 101
21
546 239 237 234 249 227 217 95 96 232 708 519 514 997 994 885 67 68 626 662 908
1 3600 229
37
533 527 528 560 759 749 271 272 318 229 232 708 323 320 929 413 414 494 613 614 620 896 920 917 918 785 780 881 882 851 825 803 804 907 79 76 787
1 3600 436
25
22 34 38 849 499 467 464 472 479 476 1000 187 177 178 197 198 684 71 13 10 40 570 163 158 868
1 3600 436
21
27 28 637 433 434 897 621 615 612 822 1009 503 455 452 981 978 1006 371 372 427 424
1 3600 436
13
989 973 733 730 847 499 467 464 468 203 204 1000 187
1 3600 436
9
62 669 664 973 733 730 847 499 467
1 3600 436
12
991 973 27 28 977 919 916 921 215 208 395 396
1 3600 363
26
971 27 21 22 34 36 889 892 925 922 926 855 767 723 387 388 517 518 709 233 230 253 258 624 281 282
1 3600 132
4
19 22 34 36
1 3600 132
9
670 657 654 842 123 124 884 995 821
1 3600 128
7
973 733 730 847 499 496 325
1 3600 128
11
903 667 487 482 25 21 22 34 38 849 499
1 3600 436
13
511 508 964 637 433 434 897 894 395 393 390 604 771
1 3600 207
27
32 634 839 836 982 995 996 981 978 221 222 371 185 177 178 344 424 727 724 623 624 281 282 261 264 276 286
1 3600 147
5
903 667 487 484 842
1 3600 147
9
667 487 484 513 508 783 784 919 916
1 3600 147
5
511 508 964 977 919
1 3600 147
21
16 730 847 499 496 506 769 723 387 105 102 322 709 233 97 94 218 294 333 336 537
1 3600 147
25
487 484 842 123 124 884 995 821 451 452 515 518 709 233 228 319 273 270 748 758 235 236 238 547 535
1 3600 147
34
28 637 634 921 897 621 615 612 822 1009 503 455 452 981 978 1006 371 372 427 424 727 559 5 6 281 282 617 267 264 276 284 750 705 537
1 3600 136
3
17 20 24
1 3600 436
18
511 508 783 639 642 984 829 830 841 213 208 395 396 139 115 116 461 423
1 3600 436
34
667 487 482 25 21 22 34 38 679 680 925 922 599 596 767 723 403 101 102 322 709 233 97 94 218 294 289 284 750 721 567 568 653 650
1 3600 161
11
731 732 972 665 668 63 58 644 802 661 627
1 3600 161
27
25 26 733 730 847 499 496 439 440 676 405 101 102 322 709 233 228 319 273 270 746 757 758 561 562 576 580
1 3600 117
8
58 644 804 907 79 76 243 246
1 3600 436
11
422 460 117 114 140 165 161 158 866 872 863
1 3600 436
21
317 107 110 652 569 566 720 751 285 277 265 266 616 283 280 7 2 131 134 199 196
1 3600 436
11
417 420 428 531 527 528 560 759 756 747 271
1 3600 436
23
317 314 305 302 312 369 364 447 444 814 934 557 558 726 425 426 373 370 999 477 478 473 465
1 3600 436
5
417 422 456 121 114
1 3600 436
11
969 317 314 305 302 312 369 366 763 764 776
1 3600 436
27
969 317 107 110 652 569 564 713 714 718 703 337 332 295 219 95 96 232 708 323 103 100 402 722 766 854 927
1 3600 436
13
417 422 460 572 856 605 391 392 394 895 891 888 37
1 3600 50
9
317 314 305 300 421 422 456 770 857
1 3600 111
11
317 314 305 302 308 827 755 752 287 288 295
1 3600 436
10
422 460 572 856 605 391 392 394 209 212
1 3600 436
19
422 456 121 114 138 397 394 209 212 840 831 828 985 643 127 122 843 485 486
1 3600 363
7
417 420 301 304 315 316 968
1 3600 44
6
420 311 303 304 315 107
1 3600 272
8
417 420 428 719 715 711 553 550
1 3600 436
21
417 422 460 117 114 138 397 394 209 210 983 87 92 67 68 626 660 803 804 293 290
1 3600 436
16
302 308 827 755 285 277 265 260 283 280 809 131 134 682 73 13
1 3600 436
15
967 827 741 369 366 763 764 691 688 934 557 558 726 425 345
1 3600 436
18
720 751 752 287 277 265 266 616 283 280 625 622 725 726 425 345 179 176
1 3600 436
20
833 751 285 277 265 260 283 280 7 2 131 134 199 196 179 176 186 1001 205 202
1 3600 436
6
310 421 422 456 121 118
1 3600 290
8
305 302 312 369 364 447 444 812
1 3600 272
17
110 652 569 566 717 579 577 563 560 249 227 217 95 96 232 708 697
1 3600 436
22
569 564 713 714 718 703 337 332 295 219 95 96 232 708 697 694 744 329 324 497 498 844
1 3600 85
7
302 312 369 364 698 700 760
1 3600 87
31
314 305 302 312 369 364 447 444 814 934 557 558 726 425 426 373 370 1007 979 980 453 450 820 994 983 837 840 831 828 985 986
1 3600 87
36
717 579 577 563 529 526 532 534 546 239 237 234 759 749 271 272 318 229 232 708 519 516 929 413 408 1008 823 613 614 620 896 920 917 918 974 986
1 3600 87
9
899 569 566 720 751 752 287 277 278
1 3600 73
33
312 369 366 763 764 691 686 940 946 954 255 252 231 232 708 323 103 104 386 722 768 601 598 923 924 893 888 431 432 636 965 509 512
1 3600 436
31
899 569 566 720 751 285 277 265 266 616 283 280 625 622 725 726 425 426 373 370 223 224 478 473 465 466 498 846 31 23 20
1 3600 70
5
833 705 702 429 421
1 3600 99
7
967 309 303 304 315 107 108
1 3600 109
19
302 312 369 364 447 444 814 934 779 707 231 232 708 519 514 997 994 885 67
1 3600 109
6
899 569 564 549 552 581
1 3600 109
4
564 549 552 581
1 3600 109
9
299 302 308 827 755 750 721 717 715
1 3600 109
34
113 109 110 652 569 564 713 711 581 577 563 560 249 227 217 95 96 232 708 519 514 453 450 820 994 983 87 92 125 122 881 882 851 825
1 3600 436
44
717 718 703 337 332 295 263 260 283 280 7 4 558 726 169 174 196 179 176 186 1001 477 478 473 465 466 498 848 39 35 30 731 732 27 24 483 488 671 647 644 804 907 79 76
1 3600 436
28
552 581 577 563 529 526 532 534 331 334 287 277 278 306 449 444 814 934 779 137 140 165 161 158 866 861 864 878
1 3600 436
18
627 69 66 93 86 982 995 996 981 978 221 222 371 185 177 178 197 194
1 3600 436
13
802 824 850 883 880 123 124 884 995 996 981 978 1006
1 3600 436
17
658 850 883 880 781 784 919 916 635 433 430 889 887 849 499 467 464
1 3600 436
17
532 534 546 239 237 234 759 756 747 271 272 257 252 706 137 138 397
1 3600 335
22
521 522 654 513 508 964 637 433 430 889 892 925 922 493 415 412 928 517 518 709 233 97
1 3600 174
15
904 585 586 69 66 93 88 830 841 213 208 619 615 612 822
1 3600 436
15
65 66 884 211 208 619 615 610 922 599 600 443 440 676 327
1 3600 272
16
658 850 883 880 781 639 642 984 829 830 841 213 208 395 398 406
1 3600 128
34
645 648 669 664 973 733 730 31 34 38 849 499 467 464 472 479 476 1000 187 177 178 344 424 727 724 623 624 281 282 261 262 294 333 336
1 3600 128
26
65 66 93 86 982 995 821 451 452 981 978 221 222 371 372 427 424 727 559 556 935 815 445 446 698 700
1 3600 178
26
575 563 560 249 227 217 95 96 232 708 323 320 929 413 414 494 613 614 620 896 920 917 918 785 780 881
1 3600 178
10
906 805 645 646 670 657 654 842 123 124
1 3600 178
9
824 850 883 880 781 784 974 984 829
1 3600 178
30
703 337 332 295 263 266 616 283 280 625 622 725 726 425 426 373 370 223 220 979 980 997 994 983 837 840 831 828 985 643
1 3600 178
25
532 534 546 239 240 219 95 96 232 708 519 516 929 413 408 1008 823 613 614 618 209 212 840 831 89
1 3600 178
30
645 646 670 489 482 25 21 22 32 634 921 897 621 615 612 495 415 412 928 517 518 709 233 97 94 218 241 238 547 535
1 3600 178
32
703 337 334 287 277 265 260 283 280 809 131 134 199 196 179 176 184 370 1007 979 980 453 454 502 1008 823 613 614 620 896 920 917
1 3600 109
6
736 906 805 645 648 673
1 3600 436
7
551 548 713 714 718 429 421
1 3600 178
28
645 59 62 669 664 973 733 730 847 499 496 506 769 723 387 388 321 322 709 233 97 98 267 264 276 284 750 832
1 3600 178
21
69 66 93 88 830 841 213 208 395 396 139 136 778 935 815 445 446 365 368 740 826
1 3600 178
41
850 883 880 781 784 919 916 921 897 621 615 612 822 1009 503 455 452 981 978 1006 371 185 177 178 197 198 135 130 3 6 281 282 617 267 264 276 286 753 750 721 567
1 3600 178
4
565 568 653 650
1 3600 178
38
658 850 883 525 522 654 513 508 964 637 433 430 889 892 925 922 926 855 767 723 387 105 102 322 709 233 230 253 256 273 270 748 758 561 562 576 578 716
1 3600 178
7
712 565 568 653 111 106 314
1 3600 178
3
716 567 568
1 3600 189
35
581 577 563 560 759 749 271 268 955 817 725 726 425 426 373 370 223 220 979 693 694 744 329 324 497 498 846 731 732 972 665 668 649 644 802
1 3600 189
3
659 627 69
1 3600 189
18
65 66 884 995 996 515 518 709 233 97 94 218 294 333 336 702 719 715
1 3600 136
6
735 736 79 76 787 788
1 3600 136
36
718 703 337 332 295 219 95 96 232 708 323 103 104 386 722 766 854 927 923 924 893 888 431 432 636 965 509 512 655 656 671 647 644 804 293 290
1 3600 436
32
292 805 645 646 670 489 482 25 21 22 34 38 849 499 496 325 328 745 695 692 978 221 222 371 372 427 424 772 191 192 544 959
1 3600 436
32
789 786 77 78 906 805 645 648 669 664 973 733 730 847 499 467 464 468 203 204 1000 187 177 178 344 424 727 724 816 947 941 938
1 3600 436
23
786 77 78 904 663 658 850 883 880 123 126 642 984 91 86 982 995 821 451 452 981 978 1006
1 3600 436
17
292 805 645 646 670 489 482 25 21 22 34 38 849 499 467 464 472
1 3600 436
22
291 75 78 737 734 909 663 658 850 883 880 781 784 919 916 921 897 894 395 393 390 602
1 3600 436
31
648 673 670 657 654 513 508 964 637 433 430 889 892 925 922 493 415 412 928 517 518 709 233 230 253 254 955 947 941 687 690
1 3600 436
19
77 78 906 805 645 59 62 669 664 973 733 730 847 499 496 439 442 769 723
1 3600 436
17
77 74 292 805 645 646 670 489 482 25 21 22 34 38 849 499 496
1 3600 436
20
646 670 489 484 842 123 126 642 984 829 830 841 213 208 395 393 390 604 857 573
1 3600 436
27
77 78 904 585 582 65 66 884 995 996 981 978 221 222 371 372 427 424 727 724 623 624 281 282 261 264 276
1 3600 117
11
77 78 904 663 627 69 66 93 88 830 841
1 3600 77
10
247 242 77 78 906 805 645 648 669 664
1 3600 436
41
291 292 805 802 824 850 883 880 781 784 919 916 921 897 621 615 612 495 415 412 928 321 322 709 233 230 706 778 935 689 690 765 701 699 365 368 313 303 304 315 316
1 3600 396
42
789 786 77 78 737 734 909 663 658 850 883 525 522 654 513 508 964 637 433 430 889 892 925 922 926 855 767 723 403 101 102 322 709 233 97 94 218 294 289 284 750 832
1 3600 69
3
644 802 661
1 3600 69
10
786 77 78 904 663 658 850 883 525 520
1 3600 436
6
644 804 907 79 76 243
