697
1 3600 148
3
479 480 620
1 3600 84
20
479 480 473 470 1335 1336 141 142 1913 1910 1947 1937 783 786 2135 177 172 1523 1524 1864
1 3600 34
19
479 482 1698 1317 1314 1323 553 554 1562 747 748 1761 1762 1753 1345 1346 1093 1075 1071
1 3600 364
28
479 482 1700 1796 1325 1328 559 369 370 808 1308 2097 1307 1295 1296 1289 903 869 872 1391 1386 843 839 817 812 820 828 1368
1 3600 801
28
621 473 474 1039 1036 1322 1774 2168 307 304 3 4 1715 1716 1207 1204 2190 1279 1276 347 350 910 1781 1778 1786 845 840 833
1 3600 801
30
479 482 1700 1796 2166 2197 2031 103 100 106 2037 35 36 711 423 424 1271 1268 1312 443 444 2191 943 940 1188 2062 915 912 924 1579
1 3600 801
25
621 473 465 462 468 487 488 497 492 506 1704 1814 1902 399 396 1784 2085 2080 2118 2183 1615 1616 1618 797 794
1 3600 200
9
621 473 470 1335 1336 1575 1135 1130 985
1 3600 178
15
479 482 1698 1317 1318 1327 1328 559 369 366 93 86 810 1759 1760
1 3600 471
20
621 473 474 1039 1036 553 550 181 178 1066 2068 2017 1679 1680 807 808 1308 2097 2100 1263
1 3600 445
29
621 473 474 1317 1314 1323 1320 1324 1181 1182 1969 1970 27 30 63 59 33 36 55 52 3 4 1715 1716 1207 1204 2190 1279 1276
1 3600 801
13
621 473 465 462 468 2154 1335 235 232 519 514 1817 1818
1 3600 801
15
621 473 470 485 488 2211 1709 1706 719 713 523 520 2203 1883 211
1 3600 801
18
621 473 465 462 468 487 488 497 494 499 500 506 391 392 285 282 288 2131
1 3600 801
11
621 481 482 1700 1796 1181 1182 21 24 2022 1993
1 3600 801
15
479 482 1700 1796 1181 1179 1176 2031 103 63 60 212 334 1730 1954
1 3600 801
15
621 473 474 1317 1314 1774 2168 307 304 3 4 163 164 1203 1200
1 3600 801
21
479 482 1698 1039 1036 553 299 183 178 1066 2068 2017 1929 303 304 3 4 163 157 158 1198
1 3600 801
19
479 480 473 470 1335 1336 1575 1135 1130 1330 509 281 286 400 1169 131 132 1827 1824
1 3600 801
19
621 473 474 1317 1318 1327 1324 1181 1182 21 22 1877 71 74 1060 1122 337 333 330
1 3600 114
19
1749 1513 1514 1533 1530 39 44 609 606 1909 1912 143 140 1337 1334 471 472 481 478
1 3600 64
6
2011 1515 1510 1517 1015 1016
1 3600 124
11
1014 1516 1511 1512 1748 2041 1003 1000 763 431 432
1 3600 124
7
993 988 723 726 1537 1407 1402
1 3600 124
7
722 2039 1003 1000 1932 2141 1423
1 3600 124
8
2010 2150 2039 1003 1000 1932 2141 1427
1 3600 124
13
725 722 2039 1003 1000 763 760 1069 1070 1074 1090 1103 1108
1 3600 124
10
1012 1384 1512 1750 2067 2041 1003 998 1767 1349
1 3600 728
52
1513 1385 1382 1546 1745 1746 1802 2134 41 44 1509 195 185 190 1560 1562 747 750 91 92 807 808 1308 2097 1307 1295 1298 1302 347 352 928 923 920 932 2063 951 952 1860 949 946 937 938 927 924 901 887 879 876 865 831 828 1368
1 3600 801
37
1010 173 170 737 738 1948 1958 1962 1978 1996 1999 1989 1986 1449 663 664 555 550 1558 559 369 370 808 1273 1268 1312 1263 1266 1296 1289 1286 907 893 894 1386 843 839
1 3600 801
62
1517 1518 1525 1522 173 176 2134 787 782 1936 1946 1964 2000 2002 1805 1806 1133 1134 1574 491 496 83 84 541 542 544 1993 1994 1879 1876 1976 27 30 100 106 2037 35 36 711 423 424 1271 1268 1310 2097 2100 443 444 2191 943 944 923 918 889 855 856 845 839 817 812 820 828
1 3600 364
32
1751 1513 1514 1533 1526 1541 1542 43 40 787 782 1938 1960 1964 2000 2002 1851 517 514 1840 2129 2126 1783 1784 2085 1605 1606 2216 1721 1621 797 790
1 3600 121
9
1529 1530 39 44 1509 1504 193 196 149
1 3600 121
17
2014 1429 731 728 737 738 1948 1956 1974 1978 1996 2002 1845 1846 1343 1340 1869
1 3600 121
16
1528 1546 1745 175 170 785 782 1938 1962 1980 2000 2002 1845 1846 247 248
1 3600 121
14
1513 1385 1382 1546 1745 1746 1802 2134 41 44 1509 1504 1951 1952
1 3600 121
7
2015 1865 1525 1522 173 176 2134
1 3600 121
22
1524 1862 2013 2014 1429 731 728 737 738 1941 1936 1946 1911 1912 1998 2002 1851 517 512 245 248 256
1 3600 121
9
1517 1518 1525 1522 173 170 737 738 1948
1 3600 121
10
1529 1530 39 44 609 604 1944 1909 1912 1989
1 3600 121
14
1018 1429 731 728 785 782 1938 1962 1978 1996 2002 1845 1846 1839
1 3600 126
16
1516 1511 1514 2010 2152 1537 1407 1408 1538 39 44 1509 195 185 188 1872
1 3600 126
11
1003 1000 1932 1769 1455 1456 1777 1553 753 746 1563
1 3600 126
14
995 996 1003 998 1767 1349 1344 1752 1763 1760 749 750 1548 1929
1 3600 321
23
1003 1000 763 431 432 1072 1081 1077 1074 1092 1347 1344 1752 1763 1758 811 805 808 1308 2097 1307 1295 1296
1 3600 445
36
1429 731 728 737 734 782 1936 1944 1507 1504 193 196 322 1450 1560 555 299 183 178 1064 2168 2258 2035 35 36 711 423 424 1271 1268 1312 1263 1266 1298 1302 1277
1 3600 801
39
1533 1526 1541 1542 43 44 1509 195 196 322 663 664 1562 747 750 1550 1678 1929 303 304 3 4 163 164 1203 1200 2094 329 324 934 938 927 924 901 887 879 876 865 866
1 3600 190
28
1533 1530 1801 1802 2134 787 735 738 1948 1853 1854 1974 1980 2000 1999 143 140 1575 1576 499 504 709 706 2122 2209 2147 209 206
1 3600 163
19
1546 1745 1746 1802 2134 787 782 1936 1946 1964 2000 2002 1851 517 518 509 510 2126 1783
1 3600 235
30
726 1537 1534 1541 1538 39 44 609 606 1909 1912 1989 1984 139 140 491 496 2211 2125 529 81 84 541 542 544 2023 2024 1879 71 74
1 3600 401
19
1511 1512 1748 2041 1003 1000 1932 1769 1455 1456 1777 1553 1554 749 750 1548 1929 303 304
1 3600 801
28
1750 993 990 996 1003 998 1767 1349 1344 1752 1763 1758 811 805 808 1308 2097 2100 443 444 2191 943 940 1188 951 954 956 1184
1 3600 801
27
1382 1544 173 176 2134 41 44 1509 1504 193 185 190 1560 555 550 181 178 1064 2168 307 304 3 4 163 157 158 1198
1 3600 801
25
1515 1385 1382 1546 1745 175 170 737 738 1948 1956 1974 1978 1996 2002 1805 1806 1133 503 504 717 525 526 1668 1808
1 3600 801
35
1863 1525 1522 173 170 785 782 1938 1960 1911 1912 1989 1986 1449 663 664 555 552 1320 1324 2166 1175 1176 1967 1970 1977 1877 71 72 78 1934 1743 339 333 330
1 3600 136
22
1403 1408 1542 43 40 787 782 1936 1946 1964 2000 1999 143 140 1337 1334 2155 469 463 464 472 620
1 3600 136
19
1077 1074 1092 1347 1344 799 800 447 450 757 754 1563 555 552 1037 1038 1699 483 478
1 3600 136
20
1074 1092 1347 1344 1752 1763 1758 811 87 92 367 368 558 1329 1326 1319 1316 475 472 620
1 3600 140
10
1943 999 1002 2038 2151 2011 1515 1510 1517 1015
1 3600 140
18
1098 1353 1354 1095 1075 1076 1080 1073 433 430 762 1001 1002 2038 723 724 2152 1537
1 3600 140
10
1071 1068 1419 1422 2140 1933 1001 1002 2040 1749
1 3600 140
8
761 762 1001 1002 997 991 992 1751
1 3600 140
8
1348 1766 999 1002 2038 2151 2011 1533
1 3600 140
16
1109 1102 1091 1075 1076 1078 1083 1073 1068 1425 1426 2140 1933 1001 1002 2040
1 3600 140
16
1422 2140 1933 1001 1002 2040 2066 1751 1513 1385 1013 1010 1523 1524 1864 2014
1 3600 139
9
2042 1353 1354 1095 1092 1347 1348 1766 1942
1 3600 139
4
1424 1069 1072 1082
1 3600 86
39
1082 1079 1077 1074 1092 1347 1344 1752 1553 1554 1761 1758 811 805 808 1308 2097 1307 1295 1296 1289 903 904 908 910 899 883 884 1786 845 840 849 837 834 817 812 820 828 1368
1 3600 668
31
765 760 1069 1070 1074 1092 1347 1344 1752 1553 753 750 1550 1680 807 808 1308 2097 2100 1263 1266 1296 1289 1286 907 893 894 1386 843 840 833
1 3600 801
35
1773 1091 1092 1347 1344 799 800 447 448 759 757 754 747 750 91 86 805 808 1273 1268 1312 443 444 1279 1276 347 350 910 1781 1778 1786 845 839 817 814
1 3600 801
28
1408 1538 39 44 1509 195 196 149 144 1990 139 140 491 492 506 391 394 2075 1915 1793 1171 1172 1606 2214 1087 1088 797 790
1 3600 142
4
1404 1527 1528 1544
1 3600 142
20
1425 1426 2140 1769 1455 803 800 447 450 757 754 1563 665 662 1448 1987 1988 1998 1997 1979
1 3600 142
31
1081 1077 1074 1092 1347 1348 1455 1456 1777 1553 753 746 1563 1561 1451 1448 1990 139 140 1575 1135 1130 237 232 509 510 2128 253 254 1833 1836
1 3600 142
15
1092 1347 1344 1752 1553 1554 749 746 1563 665 662 1448 1987 1988 1913
1 3600 134
7
1077 1074 1092 1347 1344 1752 1553
1 3600 134
13
1353 1351 1105 1102 1091 1092 1347 1344 799 800 447 448 759
1 3600 134
8
1943 1767 1455 803 800 447 450 757
1 3600 134
9
1455 1456 1777 1763 1760 749 746 1563 1561
1 3600 134
16
1082 1079 1077 1074 1092 1347 1344 1752 1763 1758 811 87 92 367 368 558
1 3600 134
20
1943 999 1002 2038 723 726 1537 1534 1541 1542 43 44 609 606 1909 1912 143 140 1337 1334
1 3600 134
6
1070 1074 1092 1347 1344 799
1 3600 134
11
1419 1422 2140 1769 1455 1456 1777 1553 753 750 91
1 3600 85
34
1403 1408 1538 39 44 1509 1504 193 185 190 1560 555 299 183 178 1064 2168 2258 2035 35 36 711 423 424 1271 1268 1310 2097 1307 1295 1296 1795 1431 1432
1 3600 157
22
1353 1354 1095 1092 1347 1344 1752 1763 1758 811 805 808 1308 2097 1307 1295 1298 1302 347 352 928 923
1 3600 801
30
1767 1455 1456 1777 1553 1554 749 750 1550 1678 1929 303 304 3 4 1715 1716 1207 1204 943 940 1188 951 952 1860 949 917 912 924 901
1 3600 382
32
761 762 1001 1002 2038 2151 2011 1533 1530 1801 1802 2134 787 735 738 1948 1958 1962 1978 1996 2002 1851 517 514 1840 2129 2126 2131 2115 2110 2081 1605
1 3600 229
38
1421 1418 761 762 1001 1002 2040 1749 1513 1385 1382 1546 1745 175 170 737 738 1948 1853 1854 1974 1978 1996 2002 1805 1806 1133 503 504 717 525 520 2201 2179 297 294 2204 2147
1 3600 178
24
1426 2140 1769 1455 803 800 447 448 759 757 754 1563 555 552 1320 1324 1181 1182 21 24 2024 1879 71 74
1 3600 210
20
1092 1347 1344 1752 1553 753 750 1548 2016 2069 1067 1064 2168 2258 2137 2037 35 36 55 47
1 3600 801
26
1107 1102 1091 1092 1347 1344 1752 1763 1758 811 805 808 1308 2097 2100 443 444 2191 943 940 1188 951 952 1860 1195 1190
1 3600 801
19
1455 1456 1777 1553 1554 749 750 1550 1678 1929 303 304 3 4 163 164 1203 1197 1198
1 3600 801
38
1083 1073 433 430 762 1001 1002 2038 723 724 2152 1537 1534 1541 1542 43 40 787 782 1938 1960 1964 2000 2002 1845 1848 517 518 509 291 283 286 400 1169 131 132 1361 1358
1 3600 801
25
1077 1074 1092 1347 1344 799 800 447 450 757 754 1563 555 552 1320 1324 2166 2197 2031 103 63 60 167 95 96
1 3600 229
35
1369 829 830 864 877 878 886 900 925 926 939 936 947 948 1861 953 950 1189 941 942 1205 1206 1717 1714 5 2 305 306 2169 1775 1315 1316 475 472 620
1 3600 334
39
1369 829 821 813 816 838 842 1387 1390 873 868 902 1288 1297 1294 1306 2096 1309 809 371 368 558 301 298 554 1561 191 184 194 1506 1945 1937 1940 739 736 729 730 1428 1019
1 3600 40
33
1369 829 821 813 816 838 844 1787 1779 1780 911 351 346 1303 1299 1267 1262 2101 2096 1309 809 806 1681 1551 751 752 1552 1776 1457 1454 1768 2141 1423
1 3600 148
5
1369 829 821 813 816
1 3600 445
4
1369 829 821 818
1 3600 801
58
1369 829 830 864 877 878 886 900 925 913 914 933 921 922 929 353 346 1277 1278 445 442 1313 1269 1270 425 422 710 37 34 2036 107 101 31 26 1977 1877 1878 1995 1992 545 543 540 2057 1671 527 520 2206 2073 2070 2083 2080 2118 1727 1613 1616 1618 797 790
1 3600 258
40
1369 829 830 864 877 878 886 900 925 926 939 935 325 328 2095 1201 1202 165 162 5 2 305 306 2169 1065 179 180 551 554 665 662 323 197 192 1505 1508 45 40 2135 1803
1 3600 83
28
1369 829 821 813 816 835 832 841 842 1387 895 892 906 1287 1288 1297 1294 1306 2096 1309 809 806 93 90 751 746 755 756
1 3600 64
21
1369 829 821 818 1141 1138 1458 1572 815 816 838 844 857 854 881 882 898 911 909 906 1290
1 3600 80
13
1369 829 830 864 877 878 886 900 925 913 914 933 921
1 3600 728
8
1369 829 821 818 1460 1578 925 913
1 3600 801
58
1369 829 830 864 877 878 886 900 925 913 916 948 1861 953 950 1189 941 942 1205 1206 1717 1714 5 2 53 47 48 67 64 335 213 214 336 1123 1061 75 70 1878 1995 1992 545 543 540 535 530 1906 719 713 714 716 389 394 2009 399 396 1784 2115 2110
1 3600 801
37
1369 829 821 813 816 838 842 1387 895 892 905 902 1288 1297 1267 1262 1313 1269 1270 425 422 710 37 32 58 62 31 26 1977 23 24 2022 545 543 540 535 532
1 3600 471
32
1369 829 830 864 877 878 886 900 925 926 939 935 325 328 2095 1201 1197 159 156 162 5 2 53 54 37 34 2036 107 101 102 2030 1177
1 3600 308
33
1369 829 821 813 816 835 836 848 841 844 1787 1779 1780 911 351 346 1277 1278 445 442 2101 2096 1311 1269 1270 425 422 710 37 32 58 60 167
1 3600 801
16
1369 829 821 818 1460 1578 925 926 939 936 947 948 1861 953 954 956
1 3600 801
18
1369 829 830 864 877 878 886 900 925 926 939 935 325 328 2095 1201 1197 1198
1 3600 801
50
1369 829 821 813 816 838 842 1387 1390 873 868 902 1288 1297 1294 1306 2096 1309 809 371 368 558 1329 1321 1037 1038 475 465 462 468 487 488 497 494 499 500 506 1704 1814 1902 2008 2075 1915 1857 1858 209 206 1826 1361 1358
1 3600 801
28
1369 829 830 864 877 878 886 900 925 913 914 2063 1189 941 942 1205 1206 1717 1714 5 2 53 47 48 99 94 168 330
1 3600 801
27
844 1787 885 880 888 919 922 929 353 346 1303 1299 1267 1262 1313 1269 1272 809 371 368 558 1329 1326 1446 1701 483 478
1 3600 801
39
844 857 854 888 919 922 945 942 1205 1206 1717 1714 5 2 305 302 1928 2016 2069 1067 179 182 298 554 1561 191 184 194 1506 607 604 1937 783 784 729 730 1428 1905 1017
1 3600 321
26
832 841 842 1387 895 892 906 1287 1288 1297 1294 1306 2096 1309 809 804 810 1759 1762 1753 1345 1346 1093 1094 1355 1351
1 3600 157
6
839 817 812 820 828 1368
1 3600 49
7
817 814 1573 1459 1139 1140 819
1 3600 801
46
838 844 1787 1779 897 898 911 351 346 1277 1278 445 442 1313 1269 1270 425 422 710 37 34 2034 2259 2169 1775 1315 1316 475 470 1335 235 232 509 291 288 2131 2085 2080 2118 2212 2214 2218 1721 1621 797 794
1 3600 728
39
836 848 841 842 1387 1390 873 868 902 1288 1297 1267 1262 2101 2096 1309 809 806 1681 1678 2016 2069 1571 1035 1038 475 465 462 468 2154 1335 235 232 519 512 1838 1343 1340 1869
1 3600 296
27
832 841 844 857 854 888 919 922 945 942 1205 1206 1717 1714 5 2 305 306 2258 2137 107 101 102 2030 2196 2167 1325
1 3600 157
12
836 848 841 844 1787 1779 1780 911 351 346 1303 1304
1 3600 29
16
834 838 842 1387 1388 885 880 888 919 920 932 2063 951 952 1860 1195
1 3600 182
13
832 841 844 857 854 888 919 920 932 915 912 926 939
1 3600 801
46
836 848 841 842 1387 895 892 906 1287 1288 1297 1294 1306 2096 1311 1269 1270 425 422 710 37 32 58 62 31 26 1971 1968 1183 1180 1797 1447 1319 1316 475 470 1335 1336 1575 1135 1130 1330 519 514 1817 1820
1 3600 801
43
834 838 844 1787 885 882 898 911 351 346 1277 1278 445 442 1313 1269 1270 425 422 710 55 47 48 67 68 1731 335 213 214 338 1742 1935 79 73 70 1878 2025 2022 545 543 540 2057 2054
1 3600 801
23
832 841 842 1387 1390 873 868 902 1288 1297 1294 1306 2096 1309 809 804 87 90 1548 2016 2069 1067 1064
1 3600 382
17
834 838 844 857 854 888 919 922 945 942 1205 1206 1717 1714 5 2 53
1 3600 668
13
838 842 1387 895 890 1780 911 351 346 1277 1278 2191 1205
1 3600 801
20
844 1787 885 880 888 919 920 932 2063 951 952 1860 949 946 937 935 325 328 2095 2092
1 3600 801
40
842 1387 895 892 908 351 346 1303 1299 1267 1262 2101 2096 1309 809 371 368 558 1559 551 554 665 662 1448 1990 139 140 1575 1576 499 504 709 706 2122 2207 2203 1883 211 206 1824
1 3600 801
22
844 1787 1779 891 871 868 902 1288 1297 1267 1262 1313 1269 1270 425 422 710 55 47 48 99 96
1 3600 801
31
1139 1136 1578 925 926 939 935 325 328 2095 1201 1202 165 162 5 2 305 306 2258 2137 107 101 102 2030 1177 1178 1180 1797 1701 483 478
1 3600 801
41
1578 925 913 916 948 1861 953 950 1189 941 942 2190 445 442 2101 2096 1309 809 806 367 368 558 1559 551 554 1561 1451 323 197 192 1505 1508 45 40 2135 177 172 1523 1524 1864 2014
1 3600 728
28
1460 1578 925 913 914 2063 1189 941 942 2190 445 442 2101 2096 1309 809 804 810 1759 1762 1753 1345 1346 1093 1094 1355 1352 2052
1 3600 801
4
819 820 828 1368
1 3600 86
3
1572 815 816
1 3600 99
4
827 821 818 1460
1 3600 801
50
829 830 864 877 878 886 900 925 926 939 935 325 328 2095 1201 1202 165 162 5 2 305 306 2169 1775 1315 1316 475 465 462 468 487 488 2211 1709 1706 719 713 523 520 2206 2209 1917 1793 1171 1172 1606 2214 1087 1088 797
1 3600 801
34
815 816 838 842 1387 895 892 906 1287 1288 1297 1294 1306 2096 1309 809 371 368 558 301 298 554 665 662 1448 1987 1988 1998 2001 1965 1961 1939 783 786
1 3600 534
29
1139 1136 1578 925 926 939 936 947 948 1861 953 950 1189 941 942 1205 1206 1717 1714 5 2 305 306 2169 1065 179 180 551 554
1 3600 364
20
829 830 864 877 878 886 900 925 913 914 933 921 922 929 353 346 1303 1299 1267 1264
1 3600 93
7
827 821 813 816 838 844 1787
1 3600 93
52
829 830 864 877 878 886 900 925 926 939 935 325 328 2095 1201 1197 159 156 162 5 2 53 54 37 32 58 60 214 336 1935 1063 75 70 1878 1995 1992 545 543 540 85 82 497 494 1577 1135 1132 1807 1804 1851 517 514 1817
1 3600 86
46
1458 1572 815 816 838 842 1387 1390 873 868 902 1288 1297 1294 1306 2096 1311 1269 1270 425 422 710 37 34 2036 107 101 31 26 1971 1966 2196 2167 1325 1321 1037 1038 475 470 1335 235 232 519 514 1817 1818
1 3600 86
6
1139 1136 1578 925 926 939
1 3600 801
46
1572 815 816 838 844 1787 1779 1780 911 351 346 1303 1299 1294 1306 2096 1309 809 371 368 558 1329 1326 1319 1316 475 465 462 468 487 488 497 492 506 391 392 285 286 400 1169 131 132 1167 1162 1610 2221
1 3600 801
46
1572 815 816 838 844 857 854 881 882 898 911 909 906 1287 1288 1297 1267 1262 1313 1269 1270 425 422 710 37 34 2036 107 101 31 26 1977 23 24 2022 545 543 540 85 80 528 2124 1709 1706 719 720
1 3600 801
28
1459 1139 1136 1578 925 913 916 948 1861 953 950 1189 941 942 1205 1206 1717 1714 5 2 305 306 2169 1775 1315 1316 1699 483
1 3600 471
26
816 835 836 848 841 842 1387 1388 1779 1780 911 351 346 1277 1278 445 442 1313 1269 1270 425 422 710 37 32 58
1 3600 534
12
1139 1136 1578 925 913 916 948 1861 953 954 956 1184
1 3600 801
19
815 812 820 830 864 877 878 886 900 925 926 939 935 325 328 2095 1201 1197 1198
1 3600 801
46
815 816 838 842 1387 1390 873 868 902 1288 1297 1294 1306 2096 1309 809 806 1681 1551 751 746 1563 1561 1451 1448 1990 139 140 1575 1135 1130 985 986 1814 393 394 2075 2070 2083 1605 1608 1583 129 132 1361 1358
1 3600 801
27
829 830 864 877 878 886 900 925 913 914 2063 1189 941 942 1205 1206 1717 1714 5 2 53 47 48 99 94 168 330
1 3600 801
25
795 796 1619 1617 1614 2182 2119 2111 2114 1785 397 398 1903 1815 1705 507 493 496 489 486 469 463 464 472 620
1 3600 143
27
796 1620 1720 2217 1607 1604 2084 2130 2127 2128 1841 515 516 1850 2003 2001 1981 1963 1959 1949 739 736 171 174 1744 1547 1383
1 3600 572
38
795 796 1089 1086 2215 1607 1173 1168 401 287 280 508 233 236 1131 1132 1807 1804 2003 2001 1965 1947 605 608 45 38 1539 1540 1535 1536 2153 2150 2039 1003 1000 763 431 428
1 3600 801
58
796 1619 1617 1612 1726 2119 2081 2082 2071 2072 2207 521 522 712 718 1907 531 534 541 542 544 1993 1994 1879 71 72 78 1934 337 215 212 334 65 66 49 46 52 3 4 163 164 1203 1200 2094 329 324 934 938 927 924 901 887 879 876 865 831 828 1368
1 3600 801
49
795 796 1620 1720 2220 1611 1357 1360 133 130 1170 1792 1916 2205 2202 521 526 1670 2056 541 542 544 2023 25 22 1976 27 30 63 59 33 36 711 423 424 1271 1268 1312 1263 1266 1296 1289 903 869 872 1391 1386 843 839
1 3600 801
48
795 796 1089 1086 2218 2220 1611 1163 1166 1827 207 208 2146 2208 2123 707 708 505 498 495 496 489 484 471 474 1317 1314 1774 2168 307 304 3 4 1715 1716 1207 1204 943 940 1188 2062 915 912 924 1579 1137 1138 1458
1 3600 24
15
791 796 1619 1617 1614 2182 2119 2111 2114 1785 1782 289 290 508 1331
1 3600 243
33
791 796 1620 1720 2219 2215 1607 1173 1170 1792 1914 2074 395 390 507 501 502 1134 1574 1337 1334 471 474 1317 1318 1327 1328 559 369 366 93 86 810
1 3600 801
35
791 796 1619 1617 1612 1726 2119 2081 2084 2130 2127 511 508 233 234 1334 2155 469 463 464 474 1039 1036 553 299 300 559 369 370 808 1308 2097 1307 1295 1298
1 3600 801
50
791 796 1089 1086 2218 2220 1611 1357 1360 1827 207 210 1882 295 296 2178 2200 521 524 715 712 718 1907 531 534 541 542 544 2023 25 22 1976 27 30 100 106 2037 35 36 711 423 424 1271 1268 1312 443 444 2191 943 940
1 3600 801
16
791 796 1620 1720 2217 1607 1604 2082 401 396 1782 2127 2128 1841 1817 1818
1 3600 38
9
791 796 1089 1086 2215 1607 1608 1583 1580
1 3600 113
23
795 796 1619 1617 1614 2182 2119 2111 2114 1785 397 287 284 393 388 717 715 712 718 1707 1708 2125 529
1 3600 471
27
796 1620 1720 2220 1611 1357 1360 133 130 1168 2071 2074 395 390 507 493 496 83 84 541 542 544 1993 1994 1879 71 74
1 3600 801
38
791 796 1619 1617 1612 1726 2119 2111 2112 2065 1837 1834 1341 257 249 244 513 518 233 234 1334 471 474 1317 1318 1446 1796 1181 1179 1176 2031 103 63 60 212 334 65 66
1 3600 801
39
791 796 1089 1086 2215 1607 1173 1170 1792 1916 2208 2123 707 708 505 498 495 490 141 138 1991 1449 663 664 555 550 181 178 1064 2168 307 304 3 4 163 157 158 1196 1200
1 3600 801
42
795 796 1620 1720 2220 1611 1163 1166 1827 207 210 1882 2202 521 526 1670 2056 541 542 544 1993 1994 1879 71 74 1060 1122 1743 339 333 169 95 98 49 46 52 3 4 163 157 158 1198
1 3600 801
9
791 796 1089 1086 2218 2220 1611 1357 1358
1 3600 801
40
795 796 1619 1617 1614 2182 2119 2081 2082 401 398 1903 1815 1705 507 501 498 495 496 489 486 469 463 464 474 1039 1036 1320 1324 1181 1182 1969 1970 27 30 63 60 167 95 96
1 3600 382
18
2133 2065 1871 1868 1341 1342 1847 1844 1805 1806 1133 1134 1574 1337 1334 471 472 620
1 3600 205
20
2127 2128 259 251 246 1847 1844 2003 1997 1979 1975 1957 1949 739 736 171 172 1523 1524 1862
1 3600 205
10
2003 2001 1981 1963 1939 783 784 729 730 1428
1 3600 205
14
1850 2003 2001 1965 1947 605 608 45 38 1531 1532 1515 1512 1750
1 3600 205
8
1945 1937 1940 739 736 171 172 1523
1 3600 205
14
1985 1988 1913 1908 607 608 45 42 1543 1409 1406 1536 727 722
1 3600 205
8
1543 1540 1527 1532 1515 1510 1517 1520
1 3600 205
23
289 283 284 1815 987 984 1131 1132 1807 1804 2003 1997 1979 1975 1855 1852 1949 739 736 729 730 1428 1905
1 3600 205
11
1852 1949 739 734 786 2135 1803 1747 1744 1547 1383
1 3600 205
12
2051 733 728 171 174 1744 1547 1383 1384 1512 1748 2041
1 3600 205
18
1982 1339 1342 1847 1844 2003 1999 1913 1908 1507 1508 45 40 2135 177 172 1523 1524
1 3600 202
23
1134 1574 141 138 1991 1449 1450 1560 1562 755 756 451 446 801 798 1345 1346 1093 1090 1103 1104 1350 1352
1 3600 202
15
1682 1511 1514 2010 2150 2039 1003 1000 763 431 432 1070 1074 1090 1772
1 3600 202
27
1972 255 252 2129 511 508 1331 1131 1134 1574 141 138 1991 1449 663 664 1562 747 748 1555 1552 1776 1457 1454 1768 2141 1423
1 3600 202
16
2000 1999 1989 1986 1449 1450 1560 1562 755 756 758 449 446 801 798 1345
1 3600 801
41
1867 1868 1341 257 249 244 513 518 233 234 1334 471 474 1039 1034 1570 2068 2017 1679 1680 807 808 1308 2097 2100 1263 1266 1296 1289 1286 907 893 894 1386 843 839 817 812 820 828 1368
1 3600 801
33
1746 1800 39 44 1509 195 196 322 663 664 555 550 1558 559 369 370 808 1308 2097 1307 1295 1298 1302 347 350 910 899 883 880 855 856 845 839
1 3600 801
33
606 1507 1504 193 185 190 1560 555 552 1322 1774 2168 307 304 3 4 163 164 1203 1200 2094 329 324 934 938 927 924 901 887 879 876 865 831
1 3600 165
24
737 738 1941 1938 1962 1978 1996 2002 1845 1846 1343 1340 1835 1836 2064 2113 2110 2118 2183 1615 1616 1618 797 794
1 3600 165
21
1960 1964 2000 2002 1845 1846 247 250 258 2129 2126 1783 1784 2115 2110 2118 1727 1613 1616 1618 797
1 3600 208
14
738 1948 1956 1974 1978 1996 2002 1851 1849 1846 1839 245 248 256
1 3600 208
14
1802 2134 787 782 1936 1946 1964 2000 2002 1845 1846 1343 1338 1983
1 3600 208
17
1832 255 249 246 1847 1848 1850 2003 1997 1979 1963 1939 783 786 2135 177 172
1 3600 208
11
2049 733 728 785 782 1936 1944 1507 195 196 322
1 3600 208
10
252 1841 515 518 233 236 1131 1134 1574 141
1 3600 208
14
1834 1341 1342 1847 1844 2003 2001 1965 1947 605 608 45 38 1801
1 3600 208
5
519 516 1850 2003 2001
1 3600 208
16
1867 1868 1341 1342 1847 1844 2003 1997 1979 1975 1957 1949 739 736 729 730
1 3600 213
13
1941 1936 1946 1911 1912 1989 1986 1449 663 664 555 552 1320
1 3600 213
20
173 176 2134 41 44 609 606 1909 1912 143 140 491 496 489 486 469 463 464 474 1039
1 3600 213
27
1972 255 252 2129 511 281 284 393 388 717 715 712 718 1707 1708 2210 489 486 469 463 464 474 1317 1314 1323 553 550
1 3600 213
12
737 738 1941 1936 1944 1507 1504 193 185 190 1560 1562
1 3600 213
20
244 513 518 233 234 1334 471 472 481 482 1700 1796 1325 1328 559 369 366 93 86 810
1 3600 213
15
2134 787 782 1938 1960 1911 1912 143 140 1337 1334 2155 469 463 460
1 3600 213
11
1952 147 148 322 663 664 1562 747 752 1552 1776
1 3600 213
10
289 283 284 393 390 507 493 496 489 484
1 3600 213
8
495 496 489 486 469 463 460 2148
1 3600 213
14
289 290 508 233 234 1334 471 474 1039 1034 1570 2068 2017 1549
1 3600 213
16
515 516 1850 2003 1999 1989 1986 1449 1450 1560 1562 755 756 451 446 801
1 3600 213
17
508 1331 1131 1134 1574 141 138 1991 1449 663 664 1562 747 748 1555 1552 1776
1 3600 213
24
2064 2113 2114 1785 397 398 2008 2120 707 708 505 498 495 490 141 138 1991 1449 1450 1560 1562 747 752 1552
1 3600 213
14
1746 1800 1539 1409 1406 1536 727 722 2039 1003 998 1767 1455 1456
1 3600 213
19
1958 1960 1911 1912 1989 1986 1449 663 664 555 299 300 559 369 366 93 86 810 1397
1 3600 213
13
1804 2003 1999 1989 1984 1991 1449 1450 1560 1562 755 756 758
1 3600 213
12
1682 1511 1512 1748 2041 1003 1000 1932 1769 1455 803 800
1 3600 213
17
173 170 737 738 1948 1853 1854 1974 1978 1996 1999 143 140 1337 1334 471 472
1 3600 213
26
2129 511 281 284 1815 1705 507 493 496 489 486 469 463 464 474 1317 1318 1327 1328 559 369 370 804 810 1397 1398
1 3600 213
11
606 1507 195 185 190 1560 1562 747 748 1761 1758
1 3600 213
17
1746 1802 2134 41 44 1509 1504 1951 1952 147 144 1990 139 140 1337 1334 471
1 3600 213
12
175 176 2134 41 44 1509 195 196 322 663 664 1562
1 3600 160
35
986 1705 391 388 717 715 712 718 1907 531 534 541 542 544 2023 25 22 1976 27 30 100 106 2037 35 36 711 423 424 1271 1268 1312 1263 1266 1298 1304
1 3600 267
35
244 513 518 233 234 1334 2155 469 463 464 472 481 482 1700 1796 2166 2197 2031 103 63 59 33 36 711 423 424 1271 1268 1310 2097 1307 1295 1296 1289 903
1 3600 801
42
236 1131 1134 1576 495 496 83 84 541 542 544 1993 1994 1879 71 74 1062 1934 337 215 212 334 1730 69 66 49 46 52 3 4 1715 1716 1207 1204 943 940 1188 2062 915 912 924 901
1 3600 196
19
1984 139 140 491 492 506 1704 1814 1902 399 400 2083 1605 1606 2216 1721 1621 797 792
1 3600 196
23
1951 1952 147 144 1990 139 140 1575 1576 499 504 709 706 2122 2209 1917 1793 1171 1172 1606 2216 1721 1718
1 3600 196
16
1575 1135 503 500 506 391 394 2075 1915 1793 1171 131 132 1361 1356 1610
1 3600 196
7
1870 2064 2113 2110 2118 2183 1615
1 3600 196
11
504 709 706 2122 2207 2203 1883 1880 209 206 1822
1 3600 196
18
1974 1980 2000 2002 1805 1806 1133 1130 1330 509 281 286 400 1169 131 132 1167 1162
1 3600 220
14
604 1946 1961 1962 1978 1996 2002 1805 1806 1133 503 500 506 391
1 3600 220
20
193 196 149 144 1990 139 140 491 494 499 504 717 525 520 2201 2179 297 294 2204 2147
1 3600 220
14
1987 1988 1998 2002 1805 1806 1133 1130 985 986 1814 1902 2008 2075
1 3600 220
17
731 728 737 738 1948 1958 1962 1980 2000 2002 1805 1806 1133 503 500 506 391
1 3600 220
17
250 258 2129 2126 289 283 284 393 388 717 715 712 718 1907 531 536 2054
1 3600 220
8
1576 499 504 709 706 2122 2209 2205
1 3600 220
16
1854 1974 1978 1996 2002 1851 517 514 1840 2129 2126 2131 2085 2082 2071 2072
1 3600 220
20
604 1946 1964 2000 2002 1851 517 518 509 291 283 286 398 2008 2120 2122 2207 2201 2179 2176
1 3600 220
14
247 250 258 2129 2126 1783 397 400 2071 1915 1916 2205 295 292
1 3600 220
14
1832 255 252 2129 511 281 284 393 388 717 525 526 1670 2054
1 3600 220
17
43 44 609 606 1909 1912 143 140 491 492 506 391 394 2075 2072 2207 2201
1 3600 220
7
985 986 1814 393 388 717 715
1 3600 220
14
733 728 785 782 1938 1960 1911 1912 143 140 491 496 2211 1709
1 3600 220
16
728 785 782 1936 1944 1909 1912 143 140 491 496 83 84 535 536 2054
1 3600 220
14
257 252 2129 2126 289 283 284 393 388 717 715 712 718 1907
1 3600 200
22
733 728 737 738 1948 1958 1962 1978 1996 1999 1989 1984 139 140 491 496 2211 2125 529 81 84 541
1 3600 200
18
1944 1507 1504 193 185 190 1560 555 552 1320 1324 2166 1175 1176 1967 1970 27 28
1 3600 200
18
728 737 734 782 1936 1944 1507 195 196 322 663 664 555 552 1320 1324 1181 1179
1 3600 200
18
1746 1800 39 44 1509 1504 193 185 190 1560 555 552 1320 1324 1181 1182 1969 1970
1 3600 200
22
1941 1938 1960 1911 1912 143 140 1337 1334 471 474 1317 1318 1446 1796 1181 1182 21 24 2024 1879 71
1 3600 133
29
2133 2113 2114 1785 397 398 2008 2120 707 708 717 525 526 1670 2056 541 542 544 2023 2024 1879 71 72 78 1934 1743 339 215 212
1 3600 801
19
289 290 508 233 234 1334 471 474 1317 1314 1774 2168 307 304 3 4 1715 1716 1207
1 3600 801
24
782 1936 1944 1507 195 196 322 663 664 555 299 183 178 1064 2168 307 304 3 4 163 164 1203 1200 2092
1 3600 801
13
1839 513 518 509 281 284 393 388 717 525 526 1668 1808
1 3600 801
28
1342 1847 1844 1805 1806 1133 1134 1574 1337 1334 2155 469 463 464 472 481 482 1700 1796 2166 2197 2031 103 63 60 214 333 330
1 3600 308
5
1037 1038 1699 483 478
1 3600 105
9
187 184 194 1508 45 38 1531 1532 2010
1 3600 105
14
554 665 662 323 197 192 1505 1508 45 38 1531 1528 1544 1523
1 3600 151
11
810 1759 1762 1753 1345 1346 1093 1075 1071 1068 1425
1 3600 151
10
1562 747 752 1552 1753 1345 1346 1093 1075 1071
1 3600 151
10
446 801 802 1454 1768 2141 1427 1424 761 431
1 3600 151
10
748 1555 1552 1753 1345 1346 1093 1094 1355 1351
1 3600 151
10
1551 751 748 1761 1762 1776 1457 1454 1768 1933
1 3600 151
22
194 1508 45 42 1543 1540 1535 1536 2153 2150 2039 1003 1000 763 760 1069 1070 1074 1094 1355 1352 2052
1 3600 151
14
90 751 752 1552 1753 1345 1346 1093 1090 1103 1108 2026 2042 2052
1 3600 229
31
461 464 474 1317 1318 1327 1328 559 369 370 808 1308 2097 2100 443 444 1279 1276 347 350 910 1781 1778 1786 845 839 817 812 820 828 1368
1 3600 801
28
1875 189 190 1560 555 550 1558 559 369 366 807 808 1273 1268 1312 1263 1266 1296 1289 903 869 872 1391 1386 843 840 849 837
1 3600 801
31
759 757 754 747 750 91 92 807 808 1308 2097 1307 1295 1298 1302 347 352 928 923 920 932 915 912 924 901 887 879 876 865 831 828
1 3600 801
27
811 87 92 367 368 558 1329 1321 1037 1038 475 470 1335 235 232 509 291 288 2131 2085 1605 1606 2214 1087 1088 797 790
1 3600 149
12
759 757 754 1563 1561 1451 1448 1987 1988 1998 2002 1845
1 3600 149
13
1329 1326 1319 1316 475 470 485 488 497 494 1577 1135 1130
1 3600 149
18
2229 1347 1344 1752 1553 753 746 1563 665 662 1448 1987 1988 1998 2002 1845 1846 1343
1 3600 149
16
751 746 1563 1561 191 184 192 1505 1506 1945 1937 783 786 2135 1803 1747
1 3600 149
12
1321 1322 1315 1316 475 465 462 468 2154 1335 1336 141
1 3600 149
16
1681 1678 2016 2069 1571 1035 1038 475 470 1335 235 232 519 512 245 248
1 3600 149
13
1399 1396 811 87 92 367 368 558 301 298 554 665 662
1 3600 149
11
465 462 468 2154 1335 1336 141 142 1998 1997 1979
1 3600 149
16
1396 1759 1760 749 746 1563 1561 1451 1448 1987 1988 1998 2002 1851 1849 1846
1 3600 149
14
1759 1762 1776 1457 1454 1766 999 1002 2038 2151 2011 1533 1530 39
1 3600 149
12
465 462 468 487 488 497 492 506 1704 1814 285 282
1 3600 149
10
2016 2069 1067 179 182 298 554 665 662 323
1 3600 149
18
1552 1776 1457 1454 1766 999 1002 997 991 988 723 726 1537 1407 1408 1538 1801 1802
1 3600 149
7
1335 1336 141 142 1913 1910 1947
1 3600 149
18
2149 461 462 468 487 488 497 490 141 142 1913 1910 1961 1939 783 786 2135 1803
1 3600 149
10
558 1559 551 554 1561 1451 1448 1987 1988 1913
1 3600 149
11
1873 189 184 196 149 144 1990 139 140 491 496
1 3600 138
11
187 190 1560 1562 755 756 758 449 446 801 802
1 3600 138
6
664 555 552 1037 1038 475
1 3600 138
15
1317 1314 1774 1065 1066 2068 2017 1549 751 748 1555 1552 1753 1345 1346
1 3600 138
5
89 92 367 368 558
1 3600 146
14
1777 1763 1758 811 805 808 1308 2097 1307 1295 1296 1289 1286 1290
1 3600 146
13
1752 1763 1758 811 805 808 1308 2097 2100 1263 1266 1298 1300
1 3600 146
17
555 299 183 178 1064 2168 2258 2035 35 36 711 423 424 1271 1268 1310 2097
1 3600 146
13
1679 1680 807 808 1273 1268 1312 1263 1266 1296 1795 1431 1432
1 3600 146
10
747 750 1550 1680 807 808 1308 2097 2100 1263
1 3600 146
6
370 808 1273 1268 1312 1263
1 3600 146
24
450 757 754 747 750 1548 1929 303 306 2258 2035 35 36 711 423 424 1271 1268 1310 2097 1307 1295 1296 1795
1 3600 85
22
1875 189 190 1560 555 550 181 178 1064 2168 307 304 3 4 1715 1716 1207 1204 943 940 1188 951
1 3600 728
17
1553 753 750 1548 1929 303 304 3 4 163 157 158 1196 1200 2094 329 326
1 3600 135
28
1873 189 190 1451 1448 1990 139 140 1575 1135 1130 237 232 509 291 288 2131 2085 2080 2118 1727 1613 1616 1618 797 792 1723 1724
1 3600 124
36
2229 1093 1075 1076 1080 1073 433 430 762 1001 1002 2040 1749 1513 1514 1533 1530 39 44 609 604 1946 1964 2000 2002 1805 1806 1133 503 504 709 706 2122 2207 2201 2198
1 3600 124
22
1550 1678 2016 2069 1067 1064 1775 1315 1316 475 470 485 488 2211 1709 1706 719 713 714 716 389 392
1 3600 124
10
1451 1448 1990 139 140 1575 1135 1130 985 986
1 3600 153
14
447 448 759 757 754 1563 555 552 1320 1324 2166 1175 1176 1967
1 3600 153
4
1039 1036 1322 1774
1 3600 153
15
1553 1554 749 750 1548 2016 2069 1067 179 182 300 1329 1326 1446 1798
1 3600 153
17
2229 1347 1344 1752 1763 1758 811 87 92 367 368 558 1329 1324 1181 1182 21
1 3600 153
12
800 447 450 757 754 1563 555 552 1320 1324 1181 1182
1 3600 153
10
1329 1324 1181 1182 21 24 2022 545 543 538
1 3600 153
13
2149 461 464 472 481 482 1700 1796 1181 1182 21 24 2024
1 3600 153
10
1315 1318 1446 1796 2166 2197 1967 1970 1977 1877
1 3600 153
10
661 664 555 552 1320 1324 1181 1182 21 24
1 3600 154
10
474 1317 1318 1446 1796 1181 1179 1176 2031 2032
1 3600 154
13
486 469 463 464 474 1699 1700 1796 2166 1175 1176 2031 103
1 3600 154
13
463 464 474 1317 1314 1774 2168 2258 2035 35 36 55 56
1 3600 154
13
811 87 90 1550 1678 1929 303 306 2258 2137 107 101 102
1 3600 334
11
1314 1774 2168 307 304 3 4 163 164 1203 1200
1 3600 801
12
178 1064 2168 307 304 3 4 163 164 1203 1200 2092
1 3600 801
26
1752 1553 753 746 1563 665 662 1448 1990 139 140 1575 1576 499 500 506 1704 1814 1902 399 400 1169 131 132 1361 1358
1 3600 801
18
1777 1763 1760 749 750 1548 1929 303 306 2258 2035 35 32 58 60 167 168 330
1 3600 572
20
1313 1269 1270 425 422 710 37 34 2036 107 101 102 2030 1177 1178 1180 1797 1701 483 478
1 3600 276
26
1291 1287 1288 1297 1267 1262 2101 2096 1309 809 804 810 1759 1762 1753 1345 1348 1766 999 1002 2040 2066 1751 1513 1385 1013
1 3600 76
11
804 810 1759 1762 1753 1345 1346 1093 1075 1071 433
1 3600 121
21
443 444 2191 943 940 1188 951 952 1860 949 917 912 924 901 887 879 876 865 831 828 1368
1 3600 276
10
1266 1298 1302 347 350 910 1781 1778 1786 845
1 3600 364
9
1293 907 893 894 1386 843 839 817 814
1 3600 801
45
1299 1294 1306 2096 1311 1269 1270 425 422 710 55 47 48 67 64 335 213 214 338 1742 1123 1061 75 70 1878 1995 1992 545 543 540 2057 1671 527 520 2203 2204 1917 1793 1171 1172 1606 2214 1087 1088 797
1 3600 100
15
2099 2096 1309 809 371 368 558 1329 1326 1319 1316 475 470 485 488
1 3600 58
10
1306 2096 1309 809 806 1681 1551 751 746 755
1 3600 58
10
809 371 368 558 1559 551 554 1561 191 188
1 3600 58
5
2101 2096 1309 809 804
1 3600 58
21
1262 1313 1269 1270 425 422 710 37 34 2034 2259 2169 1065 179 182 298 554 1561 191 188 1872
1 3600 94
5
1308 2097 2100 1263 1260
1 3600 70
10
1430 1794 1289 1286 907 908 351 352 928 923
1 3600 70
6
1298 1302 347 350 910 899
1 3600 70
20
1794 1289 903 904 908 351 352 928 945 940 1188 951 952 1860 949 946 937 935 325 328
1 3600 70
14
808 1308 2097 2100 443 444 1279 1276 347 352 928 923 918 2186
1 3600 70
5
1305 1302 347 350 910
1 3600 286
39
1305 1299 1267 1262 1313 1269 1270 425 422 710 37 32 58 62 31 26 1977 23 24 2022 545 543 540 535 530 1906 719 713 714 716 389 392 285 280 510 2128 1841 1817 1818
1 3600 534
36
1433 1430 1794 1297 1294 1306 2096 1311 1269 1270 425 422 710 37 34 2036 107 101 31 26 1977 1877 1878 1995 1992 545 543 540 2057 1671 527 520 2206 2073 1915 1793
1 3600 216
24
2099 2096 1309 809 371 368 558 1329 1324 1797 1701 483 480 473 465 462 468 487 488 497 492 506 391 392
1 3600 60
20
1501 1433 1430 1794 1297 1267 1262 1313 1269 1270 425 422 710 37 32 58 62 31 26 1971
1 3600 62
14
1305 1302 1277 1278 2191 1205 1206 1717 1714 5 2 53 47 48
1 3600 62
16
1262 1313 1269 1270 425 422 710 55 47 48 67 64 335 213 214 338
1 3600 62
16
1302 1277 1278 2191 1205 1206 1717 1714 5 2 305 306 2258 2137 107 101
1 3600 119
12
1302 1277 1278 2191 1205 1206 1717 1714 163 157 158 1196
1 3600 801
21
1501 1433 1430 1794 1289 1286 907 908 351 346 1277 1278 2191 1205 1206 1717 1714 163 157 158 1198
1 3600 801
30
1297 1294 1306 2096 1309 809 806 367 368 558 1329 1321 1037 1038 475 470 485 488 2211 1709 1706 719 713 523 520 2203 1883 211 206 1824
1 3600 801
15
806 1681 1678 1929 303 306 2258 2035 35 32 58 60 167 95 96
1 3600 801
20
919 922 945 942 1205 1206 1717 1714 5 2 305 306 2169 1775 1315 1316 1699 483 480 620
1 3600 572
28
885 882 898 911 351 346 1277 1278 445 442 2101 2096 1309 809 804 810 1759 1762 1776 1457 1454 1768 1933 1001 1002 997 994 1749
1 3600 205
26
2187 919 922 945 942 1205 1206 1717 1714 5 2 305 302 1928 1549 751 752 1552 1753 1345 1346 1093 1090 1103 1108 1101
1 3600 222
11
869 872 1391 1386 843 839 817 812 820 828 1368
1 3600 152
15
948 1861 953 950 2062 933 921 918 889 855 856 845 840 833 834
1 3600 152
7
883 884 1786 845 840 849 837
1 3600 139
13
923 920 932 915 912 924 901 887 879 876 865 831 826
1 3600 139
3
845 839 817
1 3600 801
43
942 1205 1206 1717 1714 5 2 53 47 48 99 94 168 332 336 1935 79 73 70 1878 1995 1992 545 543 540 535 530 1906 719 713 523 520 2206 2073 2070 2083 2080 2118 2183 1615 1616 1618 797
1 3600 250
24
955 950 1189 941 942 1205 1206 1717 1714 5 2 305 306 2169 1775 1315 1316 475 470 1335 235 232 519 514
1 3600 172
25
854 881 882 896 891 892 906 1287 1288 1297 1294 1306 2096 1309 809 806 93 90 751 746 1563 1561 191 188 1874
1 3600 172
32
946 937 935 325 328 2095 1201 1202 165 162 5 2 53 54 37 34 2036 107 101 102 2030 1177 1174 2167 1797 1701 483 480 473 465 462 468
1 3600 185
13
1861 953 950 1189 941 944 929 353 350 909 905 902 1288
1 3600 185
8
898 911 351 346 1303 1299 1267 1260
1 3600 185
4
349 346 1303 1304
1 3600 185
3
442 1263 1264
1 3600 185
14
851 848 841 844 1787 1389 895 892 906 1287 1288 1795 1431 1432
1 3600 185
5
911 351 346 1303 1300
1 3600 185
7
1279 1276 347 350 909 906 1292
1 3600 185
5
353 346 1303 1299 1294
1 3600 163
12
931 932 2063 951 952 1860 949 946 937 935 325 328
1 3600 163
10
904 908 351 352 928 945 940 1188 951 954
1 3600 163
4
441 444 2191 943
1 3600 163
6
1387 1388 885 880 888 2186
1 3600 163
3
896 1778 1389
1 3600 168
9
920 932 915 912 924 901 887 879 876
1 3600 168
8
880 888 919 920 932 915 912 924
1 3600 168
4
949 946 937 938
1 3600 168
9
949 917 912 924 901 887 879 876 865
1 3600 168
8
932 915 912 924 901 887 879 876
1 3600 168
8
856 845 839 817 812 820 830 866
1 3600 168
12
851 848 841 844 857 854 888 919 920 932 915 912
1 3600 801
45
1194 1861 953 950 1189 941 942 1205 1206 1717 1714 5 2 53 47 48 67 68 1731 335 213 214 336 1123 1061 75 70 1878 2025 2022 545 543 540 2057 1671 527 520 2206 2209 2147 209 206 1826 1361 1356
1 3600 445
31
445 442 1313 1269 1270 425 422 710 37 34 2036 107 101 31 26 1977 23 24 2022 545 543 540 85 80 528 2124 1709 1706 719 713 714
1 3600 163
13
942 2190 445 442 2101 2096 1309 809 371 368 558 1329 1324
1 3600 152
13
931 921 922 945 942 1205 1206 1717 1714 5 2 53 56
1 3600 152
25
2189 889 881 882 896 891 871 868 902 1288 1297 1294 1306 2096 1311 1269 1270 425 422 710 37 32 58 60 167
1 3600 152
20
841 842 1387 1390 873 868 902 1288 1297 1267 1262 1313 1269 1270 425 422 710 37 32 58
1 3600 152
14
442 2101 2096 1311 1269 1270 425 422 710 55 47 48 67 64
1 3600 165
13
899 883 880 888 919 920 932 2063 951 952 1860 1195 1192
1 3600 165
7
931 932 2063 951 954 956 1186
1 3600 165
12
1188 951 952 1860 949 946 937 935 325 328 2095 1201
1 3600 165
8
919 920 932 2063 951 954 956 1186
1 3600 165
13
848 841 844 857 854 888 919 920 932 2063 951 954 956
1 3600 205
20
1387 1388 885 880 888 919 920 932 2063 951 952 1860 949 946 937 935 325 328 2095 2092
1 3600 801
17
1816 1840 2129 511 281 284 393 388 717 715 712 718 1907 531 532 1764 1808
1 3600 801
17
950 1189 941 942 1205 1206 1717 1714 5 2 53 47 48 99 94 168 330
1 3600 801
13
1819 1816 515 518 1331 1131 1134 1574 1337 1334 471 472 620
1 3600 801
42
875 878 886 900 925 926 939 935 325 328 2095 1201 1197 159 156 162 5 2 305 302 1928 2016 2069 1067 179 180 551 554 665 662 323 197 194 1508 45 40 2135 1803 1747 1744 1547 1383
1 3600 801
32
877 878 886 900 925 913 914 933 921 922 929 353 346 1277 1278 445 442 2101 2096 1309 809 804 810 1759 1762 1753 1345 1346 1093 1075 1071 433
1 3600 801
11
324 934 938 927 924 1579 1461 819 820 828 1368
1 3600 296
7
879 876 865 831 821 813 816
1 3600 81
7
927 924 1579 1461 819 820 828
1 3600 81
4
876 865 831 828
1 3600 801
35
937 935 325 328 2095 1201 1202 165 162 5 2 305 306 2169 1775 1315 1316 475 470 1335 235 232 509 510 2126 1783 1784 2115 2110 2118 2212 2216 1721 1621 797
1 3600 801
41
878 886 900 925 926 939 936 947 948 1861 953 950 1189 941 942 2190 445 442 2101 2096 1309 809 806 1681 1678 2016 2069 1571 1035 1038 475 465 462 468 2154 1335 1336 1575 1135 1130 985
1 3600 471
22
878 886 900 925 913 914 933 921 922 929 353 346 1303 1299 1294 1306 2096 1309 809 806 1681 1678
1 3600 258
15
936 947 948 1861 953 950 1189 941 944 929 353 350 909 906 1292
1 3600 105
7
913 914 933 921 918 889 855
1 3600 105
38
1819 1816 515 518 1331 1131 503 498 495 496 83 84 541 542 544 2023 25 22 1976 27 30 100 106 2037 35 36 711 423 424 1271 1272 1308 2097 1307 1295 1296 1289 903
1 3600 105
13
947 948 1861 953 950 1189 941 944 929 353 350 909 906
1 3600 105
8
913 914 933 921 918 889 881 882
1 3600 105
9
875 878 886 900 925 913 914 933 930
1 3600 105
11
865 831 821 813 816 838 842 1387 895 892 906
1 3600 105
15
327 324 934 936 947 948 1861 953 950 1189 941 942 2190 445 440
1 3600 118
5
878 886 900 925 926
1 3600 801
37
937 935 325 328 2095 1201 1202 165 162 5 2 305 306 2169 1775 1315 1316 475 465 462 468 487 488 497 494 499 500 506 391 394 2009 399 396 1784 2115 2110 2118
1 3600 801
42
867 864 877 878 886 900 925 926 939 935 325 328 2095 1201 1197 159 156 162 5 2 305 306 2258 2137 107 101 31 26 1977 1877 1878 1995 1992 545 543 540 535 530 1906 719 713 523
1 3600 728
28
886 900 925 926 939 935 325 328 2095 1201 1202 165 162 5 2 53 47 48 67 68 1731 335 213 214 338 1742 1935 1063
1 3600 216
16
900 925 913 916 948 1861 953 950 1189 941 942 1205 1206 1717 1714 5
1 3600 129
7
324 934 936 947 948 1195 1190
1 3600 119
11
878 886 900 925 926 939 935 325 328 2095 2092
1 3600 801
30
328 2095 1201 1197 159 156 162 5 2 53 54 37 34 2036 107 101 31 26 1977 23 24 2022 545 543 540 2057 537 532 1764 1808
1 3600 801
31
867 831 821 813 816 838 844 1787 1779 1780 911 909 905 902 1288 1297 1267 1262 1313 1269 1270 425 422 710 37 32 58 60 214 333 330
1 3600 801
22
1729 1726 2212 1607 1173 1170 1792 1914 2072 2207 521 522 712 718 1707 1708 2210 489 484 471 472 620
1 3600 235
25
1612 1728 2182 2119 2081 2084 2130 2127 2128 1841 515 516 1850 2003 2001 1981 1975 1855 1852 1949 739 736 729 730 1428
1 3600 471
40
1789 793 796 1620 1720 2217 1607 1173 1170 1792 1914 2074 395 390 507 501 502 1132 1807 1804 2003 2001 1965 1947 605 608 45 38 1539 1409 1406 1536 727 722 989 990 996 1003 998 1942
1 3600 801
54
1357 1360 1827 207 208 1881 1882 2202 521 522 712 718 1907 531 534 541 542 544 1993 1994 1879 71 74 1060 1122 337 215 61 59 33 36 711 423 424 1271 1268 1312 443 444 1279 1276 347 350 909 893 894 1386 843 839 817 812 820 828 1368
1 3600 801
38
2117 2081 2082 401 398 1903 1815 1705 507 493 496 489 486 469 463 464 474 1039 1036 553 299 300 559 369 370 808 1308 2097 1307 1295 1296 1289 903 869 870 894 1386 843
1 3600 801
44
1685 1686 1904 2015 1865 1525 1522 1011 1012 1384 1512 1750 2067 2041 1003 998 1767 1455 1456 1777 1763 1758 811 805 808 1308 2097 1307 1295 1296 1289 1286 907 893 890 1778 1786 845 840 833 834 817 814 1573
1 3600 115
33
1927 1521 1518 1525 1522 173 170 737 738 1948 1956 1974 1978 1996 2002 1845 1846 247 248 254 1973 1835 1836 2064 2113 2110 2118 1727 1613 1616 1618 797 794
1 3600 174
10
1843 515 516 1850 2003 2001 1965 1911 1908 1507
1 3600 174
24
1720 2217 1607 1604 2084 2130 2127 2128 259 251 246 1847 1844 2003 1997 1979 1963 1959 1949 739 736 729 732 2050
1 3600 174
9
128 1582 1609 1604 2080 2111 2112 2065 1871
1 3600 174
18
1669 527 524 716 505 502 1132 1807 1804 2003 1997 1979 1963 1939 783 784 171 172
1 3600 174
10
2081 2082 2071 2074 395 390 507 501 498 1577
1 3600 174
20
793 796 1089 1086 2215 1607 1173 1168 401 287 280 508 519 516 1850 2003 2001 1981 1975 1957
1 3600 133
18
2117 2081 2084 1785 397 398 1903 1815 1705 507 493 496 489 484 471 474 1317 1318
1 3600 801
35
1614 1729 1726 2119 2081 2082 2071 2072 2207 521 526 1670 2056 541 542 544 2023 25 22 1976 27 30 100 106 2037 35 36 711 423 424 1271 1268 1312 1263 1264
1 3600 801
17
1791 793 796 1619 1617 1612 1728 2182 2119 2111 2114 1785 1782 2127 2128 1841 1817
1 3600 801
52
129 130 1170 1792 1916 2205 295 296 2178 2200 521 522 712 718 1707 1708 2125 529 81 84 541 542 544 1993 1994 1879 71 74 1060 1122 337 215 212 334 65 66 49 46 52 3 4 163 164 1203 1200 2094 329 324 934 938 927 924
1 3600 182
6
208 1859 1856 1793 1171 1172
1 3600 182
12
1089 1086 2215 1607 1604 2084 2130 2127 2128 1841 1817 1820
1 3600 182
34
2220 1611 1163 1166 1827 207 208 2146 2208 2123 707 708 505 498 1577 1574 141 138 1991 145 146 1953 1950 1505 1508 45 38 1531 1532 1515 1510 1517 1520 1926
1 3600 182
6
1619 1617 1612 1726 2119 2116
1 3600 182
6
1583 129 130 1170 1792 1857
1 3600 193
5
2117 2111 2114 1785 397
1 3600 193
8
207 208 2146 2208 2123 2121 395 390
1 3600 193
4
1168 2071 2074 2120
1 3600 193
5
1607 1173 1170 1792 1914
1 3600 193
19
1791 793 796 1620 1720 2220 1611 1357 1360 1827 207 210 1882 2202 521 522 712 718 1907
1 3600 193
5
1086 2215 1607 1173 1168
1 3600 193
18
1789 793 796 1620 1720 2220 1611 1357 1360 133 130 1170 1792 1916 2208 2123 707 708
1 3600 193
9
2119 2081 2082 401 398 2008 2120 707 708
1 3600 193
10
2220 1611 1163 1166 133 130 1170 1792 1914 2072
1 3600 193
7
1792 1857 1858 1881 1882 295 292
1 3600 193
6
1607 1604 2082 2071 2074 395
1 3600 193
6
1168 401 398 1903 393 388
1 3600 193
11
2213 2119 2111 2114 1785 397 287 284 1815 1705 507
1 3600 193
19
1685 1686 1904 1429 731 728 737 738 1948 1958 1962 1980 2000 1999 143 140 491 496 2211
1 3600 193
8
1614 2182 2119 2081 2084 1785 397 398
1 3600 114
24
1789 793 796 1620 1720 2220 1611 1357 1360 1827 207 210 1882 295 296 2178 2200 521 526 1670 537 534 541 538
1 3600 348
31
1582 1609 1604 2084 2130 289 290 508 233 234 1334 471 472 481 482 1700 1796 2166 2197 2031 103 100 106 2136 2259 307 304 3 4 163 157
1 3600 801
36
1858 2146 2205 2202 521 526 1670 2056 541 542 544 1993 1994 1879 1876 1976 27 30 63 59 33 36 55 52 3 4 1715 1716 1207 1204 943 940 1188 951 954 956
1 3600 801
33
1085 1086 2215 1607 1173 1168 401 287 280 508 233 234 1334 2155 469 463 464 474 1039 1034 1570 1067 1064 2168 307 304 3 4 163 164 1203 1200 2092
1 3600 154
4
129 132 1361 1358
1 3600 154
10
1722 793 796 1089 1086 2218 2220 1611 1357 1358
1 3600 801
30
2119 2081 2082 2071 2072 2207 521 522 712 718 1707 1708 2125 529 81 84 541 542 544 1993 1994 1879 71 72 78 1934 1743 339 333 330
1 3600 801
16
2084 1785 1782 289 290 508 1331 1131 1134 1574 1337 1334 471 472 481 478
1 3600 186
23
533 530 1906 1707 1708 2210 497 490 141 142 1913 1908 1945 1937 1940 739 736 171 172 1523 1524 1519 1516
1 3600 267
34
713 714 716 505 502 1132 1807 1804 2003 1997 1979 1963 1939 783 786 41 42 1543 1540 1535 1536 2153 2150 2039 1003 1000 1932 2141 1423 1418 1069 1070 1074 1090
1 3600 801
39
708 505 498 495 496 489 486 469 463 464 474 1039 1036 1320 1328 559 369 370 808 1308 2097 2100 443 444 1279 1276 347 350 910 1781 1778 1786 845 839 817 812 820 828 1368
1 3600 801
37
401 398 1903 1815 987 984 1131 1134 1574 141 138 1991 1449 663 664 555 550 1558 559 369 370 808 1308 2097 1307 1295 1296 1289 903 869 872 1391 1386 843 840 849 837
1 3600 801
42
717 715 712 718 1907 531 534 541 542 544 2023 25 22 1976 27 30 100 106 2037 35 36 711 423 424 1271 1268 1312 443 444 1279 1276 347 350 910 1781 891 894 1386 843 839 817 812
1 3600 321
10
2121 2075 2070 2083 1605 1606 2214 1087 1088 797
1 3600 132
5
2121 2009 399 287 280
1 3600 132
12
714 716 505 502 1132 1807 1804 2003 2001 1965 1961 1959
1 3600 132
5
2124 2210 497 494 499
1 3600 132
16
1903 1815 987 984 1131 1132 1807 1804 2003 2001 1965 1947 1937 783 786 2135
1 3600 132
13
714 716 505 498 495 490 141 138 1991 145 146 1953 1950
1 3600 132
7
2074 395 390 507 501 498 1577
1 3600 132
12
2208 2123 2121 2009 399 396 1782 2127 2128 259 251 244
1 3600 132
10
1705 507 493 490 141 142 1913 1908 607 608
1 3600 132
6
1782 2127 511 508 233 234
1 3600 132
12
1708 2210 497 490 141 142 1913 1908 607 608 45 38
1 3600 132
12
2130 2127 2128 253 249 246 1847 1844 2003 1997 1979 1963
1 3600 112
25
2121 395 390 507 493 496 489 486 469 463 464 474 1039 1036 553 299 300 559 369 366 93 86 810 1397 1398
1 3600 112
16
280 508 233 236 1131 1134 1574 141 138 1991 1449 663 664 1562 747 748
1 3600 112
20
708 505 498 495 496 489 484 471 474 1317 1318 1327 1328 559 369 366 93 86 810 1397
1 3600 286
27
721 718 1907 531 534 541 542 544 2023 25 22 1976 27 30 63 59 33 36 711 423 424 1271 1268 1312 1263 1266 1296
1 3600 401
41
1903 1815 987 984 1131 1134 1574 1337 1334 471 472 481 482 1700 1796 1181 1179 1176 2031 103 100 106 2136 2259 307 304 3 4 1715 1716 1207 1204 943 944 923 918 889 881 884 1389 1386
1 3600 801
27
541 542 544 1993 1994 1879 71 74 1062 1934 337 333 169 95 98 49 46 52 3 4 163 164 1203 1200 2094 329 326
1 3600 131
12
713 523 520 2206 2073 2070 1169 1172 1606 2213 2183 1615
1 3600 131
10
1709 1706 719 713 523 520 2203 1883 1880 1859
1 3600 131
20
528 2124 1709 1706 719 713 714 716 389 392 285 282 288 2131 2085 1605 1606 2216 1721 1718
1 3600 131
12
297 294 1883 211 206 1826 1167 1162 1610 2221 1721 1621
1 3600 131
15
389 392 285 286 400 2083 2080 2118 1727 1613 1616 1618 797 792 1723
1 3600 131
11
520 2206 2209 2147 209 206 1826 1361 1356 1610 2221
1 3600 131
9
297 294 2204 1917 1793 1171 131 128 1580
1 3600 131
10
1814 1902 399 396 1784 2085 2080 2118 2183 1615
1 3600 131
13
721 713 714 716 389 394 2075 1915 1793 1171 1172 1606 2216
1 3600 131
10
1880 1859 1856 1793 1171 1172 1606 2213 1727 1728
1 3600 131
16
1709 1706 719 713 714 716 709 706 2122 2073 2070 2083 1605 1606 2214 1087
1 3600 135
7
1671 527 520 2206 2073 2070 2083
1 3600 135
6
716 389 392 285 286 400
1 3600 135
7
982 391 394 2075 1915 1857 1858
1 3600 132
18
287 280 508 233 234 1334 471 472 481 482 1700 1796 1181 1182 1969 1970 27 28
1 3600 132
15
2072 2207 521 526 1670 2056 541 542 544 2023 2024 1879 71 72 76
1 3600 132
24
1785 397 398 2008 2120 707 708 717 715 712 718 1707 1708 2125 529 81 84 541 542 544 1993 1994 1879 71
1 3600 132
13
712 718 1907 531 534 541 542 544 1993 1994 1879 71 72
1 3600 132
9
526 1670 2056 541 542 544 2023 2024 1879
1 3600 132
14
533 534 85 82 489 486 469 463 464 474 1317 1318 1446 1796
1 3600 132
15
2082 2071 2074 395 390 507 493 496 489 486 469 463 464 472 481
1 3600 132
5
533 536 2056 541 542
1 3600 132
22
2146 2205 2202 521 524 715 712 718 1707 1708 2125 529 81 84 541 542 544 1993 1994 1879 71 74
1 3600 108
48
395 390 507 501 498 1577 1574 141 138 1991 1449 1450 1560 555 550 181 178 1066 2068 2017 1679 1680 807 808 1308 2097 2100 443 444 2191 943 940 1188 951 952 1860 949 917 912 924 901 887 879 876 865 831 828 1370
1 3600 801
19
2210 489 486 469 463 464 474 1317 1314 1774 2168 307 304 3 4 163 157 158 1196
1 3600 801
29
295 296 2178 2200 2206 2123 707 708 505 498 495 496 489 484 471 474 1317 1314 1774 2168 307 304 3 4 163 164 1203 1200 2092
1 3600 210
9
1814 1902 399 400 1169 131 132 1827 1824
1 3600 801
24
712 718 1707 1708 2210 489 486 469 463 464 474 1039 1036 1320 1324 2166 2197 2031 103 63 60 167 168 330
1 3600 801
8
20 1183 1180 1797 1701 483 480 620
1 3600 258
27
73 70 1876 23 20 1183 1180 1325 1321 553 554 665 662 323 197 192 1505 1508 45 40 2135 1803 1747 1744 1547 1383 1013
1 3600 200
20
1183 1180 1325 1321 553 554 1562 755 756 451 446 801 798 1345 1346 1093 1094 1355 1352 2043
1 3600 801
36
542 544 2023 25 22 1976 27 30 100 106 2037 35 36 711 423 424 1271 1268 1310 2097 1307 1295 1296 1289 903 869 872 1391 1386 843 839 817 812 820 828 1368
1 3600 801
25
2031 103 63 59 33 36 711 423 424 1271 1268 1312 1263 1266 1296 1289 1286 907 893 890 1778 1786 845 840 833
1 3600 801
28
78 1934 1743 339 215 212 334 1730 69 66 49 46 52 3 4 1715 1716 1207 1204 943 940 1188 2062 915 912 924 1579 1461
1 3600 801
22
1797 1447 1319 1316 475 470 1335 235 232 509 291 288 1783 1784 2115 2110 2118 1727 1613 1616 1618 797
1 3600 96
14
1701 483 480 473 470 1335 1336 1575 1135 1130 1330 519 514 1840
1 3600 96
19
73 70 1876 23 20 1183 1180 1325 1321 553 554 665 662 1448 1987 1988 1998 1997 1979
1 3600 96
9
1325 1321 553 554 1561 191 184 194 1506
1 3600 104
11
2196 2167 1325 1328 559 369 366 93 86 810 1397
1 3600 104
13
477 482 1698 1039 1034 1570 2068 2017 1549 91 86 810 1397
1 3600 104
5
1799 1447 1327 1328 1559
1 3600 104
12
467 463 464 474 1039 1036 553 554 1562 755 756 758
1 3600 104
15
1971 1968 1183 1180 1325 1328 301 183 178 1066 2068 2017 1549 751 752
1 3600 104
17
1698 1317 1314 1323 553 299 183 178 1066 2068 2017 1679 1551 751 748 1555 1552
1 3600 104
16
542 544 2023 25 20 1183 1180 1325 1321 553 554 1562 755 756 451 446
1 3600 76
15
1876 1976 27 30 100 106 2037 35 36 711 423 424 1271 1268 1312
1 3600 140
20
1176 2031 103 100 106 2136 2259 307 304 3 4 1715 1716 1207 1204 943 944 923 918 2188
1 3600 801
29
1993 1994 1879 71 74 1060 1122 337 215 212 334 65 66 49 46 52 3 4 163 157 158 1196 1200 2094 329 324 934 938 927
1 3600 102
26
480 473 465 462 468 487 488 497 492 506 1704 1814 285 282 288 2131 2085 1605 1606 2214 1087 1088 797 792 1723 1724
1 3600 99
15
1180 1797 1447 1319 1316 475 465 462 468 487 488 497 492 506 983
1 3600 99
13
1877 1878 1995 1992 545 543 540 535 536 1671 527 520 2203
1 3600 99
9
1968 21 24 2022 545 543 540 535 532
1 3600 99
10
1447 1319 1316 475 470 1335 235 232 509 281
1 3600 99
13
70 1878 1995 1992 545 543 540 2057 1671 527 520 2201 2198
1 3600 99
12
545 543 540 85 82 497 494 499 500 506 1704 1814
1 3600 99
16
480 473 465 462 468 487 488 497 494 499 504 709 706 2122 2209 2205
1 3600 98
13
542 544 2023 25 20 1183 1180 1325 1328 301 183 178 1064
1 3600 98
10
1703 1700 1796 1181 1182 21 24 2022 545 543
1 3600 106
12
2168 2258 2035 35 32 58 60 214 336 1935 357 354
1 3600 106
8
1966 1177 1174 2167 1325 1321 1037 1034
1 3600 106
9
2168 2258 2035 35 32 58 60 214 336
1 3600 106
16
591 592 1993 1994 1879 71 74 1060 1122 1743 339 215 212 334 1730 1954
1 3600 106
16
1796 2166 1175 1176 2031 103 63 59 33 36 55 52 3 4 1715 1716
1 3600 106
15
1176 1967 1970 27 30 100 106 2136 2259 307 304 3 4 163 157
1 3600 106
15
592 2023 25 22 1976 27 30 63 59 33 36 711 423 424 1271
1 3600 106
10
1065 1066 2068 2017 1679 1680 807 808 1273 1268
1 3600 250
22
542 544 1993 1994 1879 71 72 78 1934 337 333 169 95 98 49 46 52 3 4 163 164 1203
1 3600 801
20
591 592 2023 25 22 1976 27 30 100 106 2136 2259 307 304 3 4 163 157 158 1198
1 3600 801
24
1065 179 182 298 552 1037 1038 475 470 1335 1336 1575 1135 1130 1330 509 281 286 400 1169 131 132 1361 1358
1 3600 801
10
1181 1179 1176 2031 103 63 60 167 168 330
1 3600 801
10
107 101 102 2030 2196 2167 1797 1701 483 478
1 3600 471
19
30 100 106 2037 2034 2259 307 302 1928 1549 751 752 1552 1776 1457 1454 1766 999 1002
1 3600 258
17
2136 2259 307 302 1928 1679 1551 751 748 1555 1552 1753 1345 1346 1093 1090 1772
1 3600 801
25
1268 1312 443 444 1279 1276 347 350 910 899 883 884 1786 845 839 817 814 1573 1459 1139 1140 819 820 828 1368
1 3600 801
21
2035 35 36 711 423 424 1271 1272 1308 2097 1307 1295 1296 1289 1286 907 893 894 1386 843 839
1 3600 616
29
61 59 33 36 711 423 424 1271 1268 1310 2097 1307 1295 1296 1289 903 869 872 1391 1386 843 840 849 837 834 817 814 1573 1459
1 3600 801
35
46 54 37 34 2034 2259 2169 1065 179 180 551 554 1561 1451 1448 1987 1988 1998 2002 1845 1846 1343 1340 1869 1870 2064 2113 2110 2118 2183 1615 1616 1618 797 790
1 3600 114
17
1569 1570 1067 179 182 298 554 1561 191 184 192 1505 1508 45 40 2135 1803
1 3600 146
9
2034 2259 307 302 1928 1549 751 748 1761
1 3600 146
12
1269 1272 809 804 87 90 751 746 1563 1561 191 188
1 3600 146
12
335 213 61 62 102 2030 1177 1178 1180 1325 1328 559
1 3600 146
16
422 710 37 34 2034 2259 307 302 1928 1679 1551 91 86 810 1397 1398
1 3600 168
7
2259 307 302 1928 1679 1680 807
1 3600 168
11
98 49 46 54 711 423 424 1271 1272 1308 2097
1 3600 168
12
57 54 711 423 424 1271 1268 1312 1263 1266 1298 1304
1 3600 168
17
61 59 33 36 711 423 424 1271 1268 1310 2097 1307 1295 1296 1795 1431 1432
1 3600 168
11
2037 35 36 711 423 424 1271 1268 1312 1263 1260
1 3600 168
11
166 61 59 33 36 711 423 424 1271 1272 1308
1 3600 176
15
46 52 3 4 1715 1716 1207 1204 2190 1279 1276 347 350 910 899
1 3600 176
6
1271 1268 1312 443 444 2191
1 3600 176
9
1715 1716 1207 1204 2190 1279 1276 347 350
1 3600 176
22
339 215 212 334 65 66 49 46 52 3 4 1715 1716 1207 1204 2190 1279 1276 347 350 909 905
1 3600 176
17
65 66 49 46 52 3 4 1715 1716 1207 1204 943 944 923 918 889 855
1 3600 321
13
98 49 46 52 3 4 163 164 1203 1200 2094 329 324
1 3600 334
21
2033 2030 2196 2167 1797 1447 1319 1316 475 470 1335 235 232 509 510 2126 1783 1784 2085 1605 1608
1 3600 111
24
26 1971 1968 1183 1180 1797 1701 483 480 473 465 462 468 2154 1335 1336 1575 1135 1130 1330 509 510 2126 1783
1 3600 170
9
1123 1061 75 70 1876 23 20 1183 1180
1 3600 170
9
355 356 79 73 70 1878 2025 25 20
1 3600 170
9
48 99 94 168 332 338 1742 1123 1061
1 3600 170
13
356 1934 337 215 61 59 33 34 2034 2259 2169 1065 1066
1 3600 170
4
105 101 31 28
1 3600 170
8
2258 2137 107 101 31 26 1977 23
1 3600 170
9
49 46 54 37 34 2034 2259 2169 1065
1 3600 170
6
37 32 58 62 31 26
1 3600 170
6
94 168 332 336 1935 79
1 3600 170
7
1569 1035 1038 475 465 462 466
1 3600 170
13
64 335 213 214 338 1742 1123 1061 75 70 1878 2025 25
1 3600 170
12
57 47 48 67 64 335 213 214 336 1935 1063 75
1 3600 163
9
48 67 68 1731 335 213 61 62 31
1 3600 163
9
1714 5 2 53 47 48 67 64 335
1 3600 163
7
1207 1204 2190 445 442 1313 1269
1 3600 163
6
335 213 61 59 33 34
1 3600 168
11
1715 1716 1207 1204 943 940 1188 951 954 956 1186
1 3600 168
15
337 215 212 334 1730 69 66 49 46 52 3 4 163 164 1203
1 3600 168
15
1934 1743 339 333 169 95 98 49 46 52 3 4 1715 1716 1207
1 3600 168
21
106 2037 35 36 711 423 424 1271 1272 1308 2097 2100 443 444 2191 943 940 1188 951 954 956
1 3600 168
14
339 215 61 59 33 36 55 52 3 4 1715 1716 1207 1208
1 3600 168
16
1268 1310 2097 2100 443 444 2191 1205 1206 1717 1714 163 157 158 1196 1200
1 3600 572
14
2033 103 100 106 2136 2259 307 304 3 4 163 157 158 1198
1 3600 801
27
58 62 102 2030 1177 1174 2167 1797 1447 1319 1316 475 470 485 488 497 494 499 504 709 706 2122 2209 2147 209 206 1824
1 3600 801
16
1201 1202 165 162 5 2 305 306 2169 1775 1315 1316 1699 483 480 620
1 3600 801
20
162 5 2 305 306 2169 1065 179 180 551 554 665 662 323 197 194 1508 45 38 1531
1 3600 728
25
1185 957 955 950 1189 941 942 2190 445 442 2101 2096 1309 809 804 810 1759 1762 1753 1345 1346 1093 1090 1103 1104
1 3600 801
18
164 1203 1200 2094 329 324 934 938 927 924 901 887 879 876 865 831 828 1368
1 3600 801
20
1200 2094 329 324 934 936 947 948 1861 953 950 2062 933 921 918 889 855 856 845 839
1 3600 471
12
1185 957 955 952 1860 949 917 912 924 1579 1137 1138
1 3600 801
43
1187 957 955 950 1189 941 942 2190 445 442 2101 2096 1309 809 371 368 558 301 298 554 665 662 1448 1987 1988 1998 2002 1851 517 514 1840 2129 2126 2131 2115 2110 2118 2212 2216 1721 1621 797 790
1 3600 471
20
159 156 162 5 2 305 306 2169 1775 1323 1037 1038 475 470 1335 235 232 509 291 288
1 3600 200
22
1187 957 955 950 2062 933 921 922 929 353 346 1303 1299 1294 1306 2096 1309 809 371 368 558 1559
1 3600 105
13
1187 957 955 950 1189 941 942 2190 445 442 2101 2096 1309
1 3600 60
12
957 955 950 2062 933 921 918 889 881 882 896 891
1 3600 60
3
1191 1194 1861
1 3600 60
7
1209 1204 943 944 923 918 2188
1 3600 123
10
1196 1200 2094 329 324 934 938 927 924 901
1 3600 801
41
1187 957 955 950 1189 941 942 2190 445 442 2101 2096 1309 809 806 93 90 751 746 1563 665 662 1448 1990 1985 1988 1998 2002 1845 1846 1839 245 248 254 1833 1836 2064 2113 2110 2118 2183
1 3600 572
38
1185 957 955 950 1189 941 944 929 353 346 1303 1299 1294 1306 2096 1309 809 371 368 558 1329 1321 1037 1038 475 465 462 468 487 488 497 492 506 391 394 2075 2070 2083
1 3600 174
16
1202 165 162 5 2 305 306 2258 2137 107 101 31 26 1977 23 24
1 3600 54
17
957 955 950 1189 941 942 2190 445 442 1313 1269 1270 425 422 710 55 47
1 3600 54
24
1185 957 955 950 2062 933 921 922 929 353 346 1303 1299 1294 1306 2096 1309 809 806 1681 1678 2016 2069 1571
1 3600 54
15
1185 957 955 950 1189 941 942 1205 1206 1717 1714 5 2 53 56
1 3600 133
7
1201 1202 165 162 1715 1716 1207
1 3600 97
12
1193 1194 949 946 937 935 325 328 2095 1201 1197 1198
1 3600 801
38
1201 1197 159 156 162 5 2 305 306 2258 2137 107 101 31 26 1977 1877 1878 1995 1992 545 543 540 535 530 1906 719 713 523 520 2201 2179 297 294 1883 211 206 1824
1 3600 801
8
162 5 2 53 47 48 99 96
1 3600 801
15
1199 159 156 162 5 2 305 306 2169 1775 1315 1316 1699 483 478
1 3600 801
27
2093 1201 1202 165 162 5 2 305 302 1928 1549 751 752 1552 1776 1457 1454 1768 1933 1001 1002 997 991 992 1751 1513 1385
1 3600 801
21
2093 1201 1202 165 162 5 2 305 302 1928 1549 751 748 1555 1552 1753 1345 1346 1093 1090 1103
1 3600 801
16
2093 2094 329 324 934 938 927 924 901 887 879 876 865 831 828 1368
1 3600 801
18
1199 159 156 162 1715 1716 1207 1204 2190 1279 1276 347 350 910 1781 1778 1786 845
1 3600 534
11
2093 2094 329 324 934 938 927 924 1579 1461 819
1 3600 801
36
1199 159 156 162 5 2 305 306 2169 1065 179 180 551 554 1561 1451 1448 1987 1988 1998 2002 1851 517 514 1840 2129 2126 2131 2085 1605 1606 2214 1087 1088 797 790
1 3600 801
21
1199 1196 1202 165 162 5 2 305 306 2169 1065 179 182 298 554 665 662 323 149 146 1953
1 3600 801
13
2093 1201 1202 165 162 5 2 305 302 1928 1679 1680 367
1 3600 616
13
1199 159 156 162 1715 1716 1207 1204 2190 1279 1276 1303 1299
1 3600 76
13
2093 2094 329 324 934 938 927 913 914 933 921 918 2186
1 3600 72
9
2093 2094 329 324 934 938 927 924 901
1 3600 801
37
1199 159 156 162 5 2 53 54 37 34 2036 107 101 102 2030 1177 1178 1180 1797 1701 1698 475 470 1335 1336 1575 1135 1130 985 986 1814 1902 399 400 1169 1172 1606
1 3600 801
35
1199 1196 1202 165 162 5 2 53 54 37 32 58 62 31 26 1977 1877 1878 1995 1992 545 543 540 85 80 528 2124 1709 1706 719 713 523 520 2201 2179
1 3600 801
19
1199 159 156 162 5 2 53 54 37 34 2036 107 101 102 2030 2196 2167 1797 1701
1 3600 229
7
1199 1196 1202 165 162 5 2
1 3600 61
12
1199 1196 1200 2094 329 324 934 936 947 948 1195 1192
1 3600 501
4
2093 1201 1197 1198
1 3600 801
30
1199 159 156 162 5 2 305 306 2169 1775 1315 1316 475 465 462 468 487 488 497 492 506 391 394 2075 1915 1857 1858 209 206 1824
1 3600 801
12
2093 1201 1202 165 162 5 2 53 47 48 99 96
1 3600 801
15
1359 1360 133 130 1168 401 287 280 508 233 234 1334 471 472 620
1 3600 801
27
1825 1826 133 128 1582 1609 1604 2084 2130 2127 2128 1841 515 516 1850 2003 2001 1965 1947 1937 783 786 41 42 1543 1409 1406
1 3600 801
45
1825 1826 133 128 1582 1609 1604 2080 2111 2112 2065 1837 1834 1341 1342 1847 1844 2003 1997 1979 1975 1855 1852 1949 739 736 171 174 1744 1547 1383 1384 1512 1748 2041 1003 1000 763 431 432 1072 1081 1077 1074 1094
1 3600 801
37
1809 1765 533 534 85 82 489 484 471 474 1039 1036 553 550 1558 559 369 370 808 1308 2097 1307 1295 1296 1289 903 869 870 894 1386 843 839 817 812 820 828 1368
1 3600 801
37
1825 207 208 1859 1856 1914 2074 395 390 507 493 490 141 138 1991 1449 663 664 555 299 300 559 369 370 808 1308 2097 1307 1295 1296 1289 1286 907 893 894 1386 843
1 3600 801
43
1809 1765 533 530 1906 1707 1708 2210 489 486 469 463 464 474 1317 1318 1327 1328 559 369 370 808 1308 2097 2100 1263 1266 1298 1302 347 350 910 1781 1778 1786 845 840 833 834 817 812 820 828
1 3600 801
8
1359 1356 1610 2221 1721 1621 797 790
1 3600 286
14
1359 1360 133 130 1168 401 287 282 290 508 519 516 1850 2003
1 3600 668
21
1359 1360 133 130 1170 1792 1914 2074 2009 1903 1815 987 984 1131 1134 1574 1337 1334 2155 469 463
1 3600 801
31
1825 207 208 2146 2208 2123 707 708 505 502 1134 1574 141 138 1991 1449 1450 1560 1562 747 750 91 92 807 808 1308 2097 1307 1295 1298 1304
1 3600 801
38
1825 1826 133 128 1582 1609 1604 2084 2130 2127 2128 259 251 246 1847 1844 2003 1999 1989 1986 1449 663 664 555 550 1558 559 369 370 808 1308 2097 2100 1263 1266 1296 1289 1286
1 3600 801
13
1825 1826 133 130 1168 401 396 1782 2127 2128 1841 1817 1818
1 3600 31
10
1825 1826 1167 1162 1610 2221 2217 2213 1727 1728
1 3600 93
6
1825 207 208 1859 1856 1914
1 3600 382
14
1359 1360 1827 207 210 1882 2202 521 526 1670 2056 541 542 544
1 3600 801
43
1825 207 208 2146 2208 2123 707 708 505 498 1577 1574 141 138 1991 1449 1450 1560 1562 747 750 91 86 805 808 1308 2097 1307 1295 1296 1289 903 869 872 1391 1386 843 839 817 812 820 828 1370
1 3600 801
23
1809 1765 533 534 541 542 544 2023 25 22 1976 27 30 100 106 2136 2259 307 304 3 4 163 164
1 3600 801
41
1359 1356 1610 2221 2217 2213 2119 2111 2112 2065 1837 1832 1982 1339 257 249 244 1838 1847 1844 2003 1999 1989 1986 1449 663 664 1562 747 750 1548 1929 303 304 3 4 163 164 1203 1200 2092
1 3600 445
12
1825 207 210 1882 295 296 2178 2200 521 526 1668 1808
1 3600 801
27
1825 1826 133 130 1168 401 287 280 508 233 234 1334 471 472 481 482 1700 1796 2166 2197 2031 103 63 60 167 95 96
1 3600 801
15
331 169 166 61 62 102 2030 1177 1178 1180 1797 1701 483 480 620
1 3600 801
27
331 332 338 1742 1123 1061 75 70 1876 23 20 1183 1180 1325 1321 553 554 1561 191 184 192 1505 1508 45 38 1539 1540
1 3600 801
22
97 94 166 61 59 33 34 2034 2259 307 302 1928 1679 1551 751 752 1552 1753 1345 1346 1093 1090
1 3600 801
34
331 169 166 61 59 33 36 711 423 424 1271 1268 1312 443 444 2191 943 940 1188 951 952 1860 949 917 912 924 901 887 879 876 865 831 828 1368
1 3600 801
25
97 98 49 46 54 711 423 424 1271 1268 1312 1263 1266 1298 1302 347 350 910 899 883 880 855 856 845 839
1 3600 801
21
97 98 49 46 52 3 4 1715 1716 1207 1204 943 940 1188 2062 915 912 924 1579 1137 1138
1 3600 801
30
97 94 168 332 336 1935 1063 75 70 1878 1995 1992 545 543 540 2057 1671 527 520 2203 2204 1917 1793 1171 1172 1606 2214 1087 1088 797
1 3600 801
19
97 94 166 61 62 102 2030 2196 2167 1325 1321 553 554 665 662 1448 1987 1988 1913
1 3600 801
16
331 169 166 61 62 100 106 2136 2259 307 302 1928 1549 751 748 1761
1 3600 801
13
97 98 49 46 54 711 423 424 1271 1268 1312 1263 1260
1 3600 801
12
97 98 49 46 52 3 4 163 164 1203 1200 2094
1 3600 801
22
97 98 49 46 52 3 4 1715 1716 1207 1204 943 940 1188 2062 915 912 924 901 887 879 874
1 3600 801
26
331 332 336 1935 79 73 70 1878 2025 2022 545 543 540 535 530 1906 719 713 714 716 709 706 2122 2209 2147 209
1 3600 801
24
97 94 168 332 338 1742 1123 1061 75 70 1878 1995 1992 545 543 540 85 80 528 2124 1709 1706 719 720
1 3600 222
9
97 94 168 332 336 1123 1061 75 70
1 3600 76
9
331 169 166 61 59 33 36 711 423
1 3600 445
17
331 169 166 212 334 65 66 49 46 52 3 4 163 157 158 1196 1200
1 3600 801
11
97 98 49 46 52 3 4 163 157 158 1198
1 3600 801
25
97 94 168 332 338 1742 1935 79 73 70 1878 2025 2022 545 543 540 2057 1671 527 520 2203 1883 211 206 1824
1 3600 801
4
331 169 95 96
