1042
1 3600 638
3
84 1204 2205
1 3600 638
11
2339 215 216 1743 1744 2121 1189 177 174 189 190
1 3600 638
17
1619 1241 1242 1231 1228 231 228 93 94 1196 1204 2205 1145 31 34 1132 1134
1 3600 638
3
91 86 1208
1 3600 638
11
1619 1241 1236 1253 1251 227 223 220 93 89 90
1 3600 694
16
7 2 2209 1329 1324 1336 1207 87 84 1204 2205 1145 31 34 1130 1123
1 3600 694
9
216 1756 1749 261 262 1775 239 232 1169
1 3600 694
22
1619 1241 1242 1231 203 204 1221 175 176 1188 2120 1745 1742 1758 271 272 1147 31 34 1132 1117 1118
1 3600 694
18
30 1144 2204 1205 1197 95 92 229 230 1250 199 187 188 1217 1218 1183 243 244
1 3600 694
17
33 30 1144 2204 1205 85 88 92 221 222 226 1229 203 206 191 188 1217
1 3600 694
5
273 270 1759 1743 1746
1 3600 694
12
1141 1138 2204 1205 1197 1198 2120 265 260 1748 2127 99
1 3600 694
7
1147 1144 2204 1205 1197 1200 2123
1 3600 694
12
1209 1206 2299 2296 2155 1081 1074 1190 1321 1322 1732 2289
1 3600 694
12
2505 2213 1335 1325 1328 2206 1261 1266 2153 2150 2149 1181
1 3600 694
6
200 1223 1221 175 176 1188
1 3600 694
10
1204 2205 1139 1136 1146 273 270 1759 217 101
1 3600 694
13
88 92 221 218 225 226 1250 199 187 188 175 178 247
1 3600 694
9
1143 1136 31 34 1130 1125 1126 1121 1118
1 3600 694
3
204 1221 175
1 3600 694
12
33 30 1144 2204 1205 1197 1198 1189 1190 1321 1322 1736
1 3600 694
7
2123 2120 265 262 1733 1736 239
1 3600 694
26
1141 1138 2204 1205 85 86 1206 1337 1325 1326 1631 1591 1313 1310 1318 2303 2155 2153 1079 1076 1181 243 244 1923 1773 1774
1 3600 694
9
270 1759 1743 1740 261 266 243 240 1175
1 3600 694
8
1131 35 30 1146 273 270 1759 1756
1 3600 694
21
1133 35 30 1144 2204 1205 1197 95 92 229 230 1229 203 206 191 188 175 178 247 244 1735
1 3600 597
12
88 94 1200 2123 2120 1745 1740 1750 2295 2095 2083 2086
1 3600 597
26
1147 1144 2204 1205 85 88 92 1048 1331 1326 1631 1591 1313 1275 1273 369 366 384 1288 1299 1302 2119 1053 1050 1864 1873
1 3600 1096
17
273 270 39 40 301 296 289 284 1988 63 66 104 661 662 783 786 1025
1 3600 1316
47
91 86 1206 2299 2296 2302 1319 1315 1255 1258 407 391 388 437 434 1299 1300 1308 601 598 1657 1662 1887 1888 2488 2167 2165 869 870 1974 1843 591 592 2142 637 521 524 1530 2133 1607 1604 941 935 925 922 928 938
1 3600 1316
30
216 1743 1744 2121 1189 1075 1080 1267 1264 2116 2146 1715 1712 1009 1010 157 154 149 146 51 48 1504 1215 1193 1194 1374 2349 2350 1511 1506
1 3600 652
7
1197 95 92 1048 1331 1326 1696
1 3600 652
18
1135 1133 35 30 1137 1138 2204 1205 85 86 1206 1337 1325 1328 2206 1317 1315 277
1 3600 652
8
1619 1241 1236 1253 1251 227 224 219
1 3600 652
11
1231 203 206 1223 1221 175 176 1075 1078 2152 2154
1 3600 652
11
1138 2204 1205 1197 95 92 1048 2296 2302 1319 1316
1 3600 652
8
30 1144 2204 1205 85 88 92 221
1 3600 701
17
1211 1206 1337 1334 1351 1352 19 20 1684 1716 1722 1265 1262 1257 1258 407 404
1 3600 701
21
1206 2299 1331 1328 2208 2216 2218 1719 1685 849 846 2228 143 123 126 2097 467 464 1711 1714 2147
1 3600 701
15
2341 215 101 96 2124 2291 255 258 1164 1303 1300 1308 1946 1948 1953
1 3600 701
14
1133 35 30 1144 2204 1205 1197 1198 1189 1075 1078 1271 1268 1273
1 3600 454
19
215 216 1756 2127 37 40 1966 2082 2091 1155 1158 1053 539 540 1831 1815 1812 1824 1834
1 3600 1195
32
1206 1337 1334 2212 1355 9 12 23 20 1684 115 112 2224 151 147 148 2250 485 480 1692 2342 1305 1306 1939 1940 1901 1898 1835 1825 1813 1814 885
1 3600 1316
31
188 1217 1218 1321 237 238 1772 1039 1040 2119 1053 539 536 1866 2306 1755 865 771 453 454 1524 1541 1544 509 495 469 472 498 2417 2275 2272
1 3600 1316
24
2341 215 101 96 287 284 585 586 726 937 929 923 709 695 696 1608 803 804 812 1600 1612 1622 2022 2457
1 3600 877
15
2293 265 266 1180 2148 2151 1271 1263 1264 1723 1717 1685 21 22 13
1 3600 1012
17
2341 215 216 1743 1744 2121 1189 1075 1080 1267 1264 1723 1720 2188 2477 507 483
1 3600 1316
27
215 216 1756 1749 261 262 1733 1734 1923 1179 1171 1172 1167 1164 1303 1300 1304 2343 2325 1101 1098 1104 677 680 1385 1382 1371
1 3600 1316
29
1205 1197 95 92 1048 1331 1328 2208 3 4 14 26 1719 1685 849 846 2226 2244 143 140 45 42 1356 1361 1364 2346 2263 1935 55
1 3600 1316
43
2505 1355 1352 11 12 23 20 1684 1716 1720 2190 461 462 1008 1713 1689 1686 2343 1955 1952 1949 1947 601 598 1657 1660 2175 2159 893 890 1564 1580 1584 1821 1575 1572 1291 763 764 1703 1698 1724 1669
1 3600 1316
50
229 225 226 1250 199 200 1223 1221 1217 1218 1183 243 240 1175 1176 1167 1157 1158 1053 539 540 1831 1815 1816 855 609 610 1808 1906 2141 2138 2199 2200 361 358 430 2265 1277 309 310 251 248 989 990 996 1648 1465 515 516 578
1 3600 1316
19
199 187 188 175 176 1075 1080 1267 1264 2116 2146 1715 1710 465 466 2096 127 124 1342
1 3600 1316
18
1138 2204 1205 85 86 1206 1337 1325 1328 2208 2216 17 14 28 151 147 144 1345
1 3600 1316
29
1236 1253 199 200 191 188 175 178 247 244 1043 1040 1303 1300 1306 1939 1940 1901 1547 1548 423 420 1045 111 108 1372 1392 1640 1652
1 3600 1316
40
33 30 1146 273 270 39 40 1966 2084 287 284 1988 63 64 713 665 666 722 784 773 774 641 133 130 602 1542 595 596 1579 1576 963 964 581 57 54 1934 1909 1910 1924 1917
1 3600 1316
35
1203 1197 1200 2123 1189 1075 1078 1271 1263 1264 2116 1963 1964 2406 1691 505 483 486 1094 1110 677 680 1385 1379 1376 209 210 1396 1400 1404 1410 1426 1438 2065 2062
1 3600 1316
51
1241 1242 1231 203 204 1221 1217 1218 1321 237 234 1148 1158 1053 1050 1866 1841 1831 1815 1812 1822 2172 2403 2169 2166 2489 1889 875 819 820 889 843 757 754 1636 1646 1435 1432 1429 1430 1438 2069 2070 2074 2350 2285 2011 2012 2221 417 418
1 3600 343
9
1170 241 242 1182 1219 1216 1220 1222 201
1 3600 343
6
266 1182 1191 177 174 189
1 3600 343
5
2126 1757 217 214 2340
1 3600 343
5
2126 1757 1758 271 268
1 3600 343
7
2121 1189 177 174 1220 205 202
1 3600 343
9
1735 1323 1320 1191 1188 1199 1196 1204 2205
1 3600 343
16
2124 2291 2288 1775 1772 1922 245 242 1180 1077 1080 2154 2297 2298 1207 1210
1 3600 343
13
1732 263 264 2121 2122 1201 1196 1204 2205 1145 31 34 1130
1 3600 343
6
1733 1734 245 246 179 174
1 3600 343
6
1188 1199 1196 1204 2205 1139
1 3600 343
4
1745 1742 217 214
1 3600 302
4
238 1774 2289 2290
1 3600 302
6
1174 241 242 267 260 1748
1 3600 339
6
1749 1750 2295 2095 2091 2079
1 3600 339
3
1966 2082 2091
1 3600 339
3
255 256 2091
1 3600 339
14
1743 1740 1750 2295 2095 257 258 1164 1303 1300 1306 1553 1089 1084
1 3600 339
11
1167 1157 1154 2079 289 284 1988 63 66 104 703
1 3600 339
12
36 99 96 287 284 1988 63 66 104 703 700 1676
1 3600 339
19
247 240 1171 1163 1151 1148 1158 1053 1050 1864 2214 2308 2313 793 663 660 703 653 650
1 3600 339
7
1172 1167 1164 2119 1053 539 536
1 3600 337
10
40 301 296 289 284 585 588 721 718 2321
1 3600 1316
15
2129 99 96 287 284 585 586 726 751 748 707 695 692 857 858
1 3600 1316
34
2129 99 96 2085 2082 2091 1155 1158 2118 1303 1300 1308 601 598 1657 1660 873 876 1890 1921 1918 2198 2415 2412 2275 2276 1797 1794 1892 2353 2109 2106 1855 1856
1 3600 239
10
266 1180 2148 2151 2152 2154 2302 1319 1311 1312
1 3600 350
19
1127 1124 1131 35 30 1144 2204 1205 85 88 92 1048 1331 1326 1631 1591 1313 1275 1273
1 3600 350
3
2121 1189 1075
1 3600 350
10
2124 2291 255 258 1164 1303 1298 1289 389 390
1 3600 350
7
1176 1167 1164 1303 1298 1283 1286
1 3600 292
14
1966 2082 2091 1155 1158 1053 539 540 1831 1815 1810 1903 1904 1899
1 3600 292
35
1216 175 176 1075 1078 1271 1257 1258 369 364 383 384 1288 1283 1286 2035 2032 2146 2178 2404 2343 2325 2287 1961 1959 1945 1942 1937 1940 1901 1896 1657 1658 1833 1836
1 3600 469
11
1772 1039 1040 2119 1053 1050 1866 2306 1755 865 823
1 3600 1195
27
1178 1922 1043 1036 1739 1167 1157 1158 1053 539 540 1840 2304 2308 2313 2310 785 786 1026 1032 931 923 709 710 903 900 1004
1 3600 1316
27
2127 99 96 287 284 1988 63 66 102 665 662 783 786 1025 1020 2135 647 642 1387 631 634 1680 1129 1069 1070 2372 2384
1 3600 1096
16
98 2126 1749 261 266 1180 2148 2151 2152 1267 1260 2207 1329 1324 1334 2212
1 3600 877
11
1743 1744 2121 1189 1075 1080 1267 1264 2116 1963 1964
1 3600 822
17
40 1966 2082 257 258 1164 1303 1300 1308 629 626 1944 1097 1098 1102 1106 1095
1 3600 1316
36
40 301 296 289 284 1988 63 64 713 665 662 792 2310 2314 451 454 1524 1541 1542 1906 2301 2143 2138 2199 1587 1581 1565 1562 1683 83 80 1639 1423 1419 1413 1407
1 3600 1316
43
1922 245 242 1180 1077 1078 1271 1263 1264 1723 1720 2190 461 466 2098 157 154 149 146 51 52 1767 1768 1643 1389 839 840 185 180 1398 283 280 1422 1636 1644 1931 73 68 542 2110 2114 1247 1248
1 3600 1316
49
1075 1078 1271 1268 1273 407 404 387 388 437 438 458 1296 1300 1306 1939 1936 1083 1086 1098 1104 677 680 1385 1382 845 757 758 81 82 583 580 968 1695 1589 327 322 344 535 532 397 400 1234 1724 1669 1670 1515 1512 117
1 3600 1316
18
255 258 1157 1158 2118 1303 1300 1304 2343 1693 481 482 502 153 156 2099 2096 127
1 3600 1316
10
1075 1080 1267 1264 1723 1720 2188 2477 1009 1010
1 3600 1316
26
40 1966 2082 2091 1155 1156 1164 1303 1298 1283 1286 2035 2032 2146 2178 2404 1687 505 483 484 2251 149 144 163 159 45
1 3600 1316
25
265 262 1775 1737 1734 1043 1040 2119 1053 539 540 1831 1828 1557 429 426 1045 1046 1066 1973 1968 1980 1363 1364 2346
1 3600 1316
37
247 244 1923 1773 239 234 1148 1158 1053 1050 1864 1873 1876 2308 2313 863 823 811 808 129 130 602 1544 617 614 917 911 912 1034 683 684 2051 2052 1651 1461 1458 1708
1 3600 1316
32
1180 2148 2151 2152 1267 1264 2116 1963 1964 2404 2343 1693 481 484 2251 149 146 51 52 1767 1770 1359 1356 1227 715 716 1366 2472 2465 2466 1987 193
1 3600 269
12
2087 1967 41 38 271 272 1147 1144 2204 1205 85 90
1 3600 325
10
107 67 62 1989 285 288 2078 2090 2094 2294
1 3600 325
7
258 1166 1177 233 236 1320 1183
1 3600 325
9
1879 1872 1865 1051 1052 1159 1156 259 254
1 3600 325
4
259 254 2290 2125
1 3600 325
11
537 538 1052 2118 1041 1038 1773 1774 263 260 1741
1 3600 325
7
2078 2090 2094 2294 1751 1741 1742
1 3600 325
5
257 254 2288 1775 1772
1 3600 325
3
2090 2083 2084
1 3600 325
14
658 1829 1830 541 538 1052 2118 1165 1166 1173 1168 233 236 1320
1 3600 337
14
651 652 700 791 792 2312 1753 1754 2307 1867 1051 1052 1159 1149
1 3600 337
29
1679 1029 787 784 773 774 810 826 880 882 1761 1764 2173 2170 1063 1064 1837 1832 1659 1656 599 600 1309 1301 1302 1165 1157 1149 1152
1 3600 331
12
299 296 289 284 1988 63 64 768 721 722 784 2314
1 3600 331
6
1866 2306 1755 865 862 793
1 3600 331
8
1755 865 771 772 785 786 1026 1030
1 3600 331
10
585 586 726 751 748 707 708 924 934 940
1 3600 331
12
1148 1158 1053 539 536 1864 2214 2308 2313 793 783 723
1 3600 331
10
2079 289 284 1988 63 66 104 661 666 718
1 3600 331
7
107 102 665 662 792 863 771
1 3600 331
5
2091 2079 289 284 585
1 3600 365
29
1164 2119 1053 539 540 1831 885 781 778 609 605 606 1808 1906 2301 637 511 495 496 1800 2424 441 442 915 910 645 648 711 708
1 3600 1316
31
2081 289 284 1988 63 66 104 703 700 1674 1029 1025 1013 1016 671 672 1605 927 649 642 943 944 970 979 976 2362 1627 1628 2106 1855 1856
1 3600 822
28
1675 701 657 658 1557 1549 1546 1900 1941 1938 1307 1301 1297 459 439 436 385 367 368 1272 1274 1312 1590 1630 1327 1330 1049 221
1 3600 190
23
2305 1841 1831 1815 1812 1824 1832 1659 1656 599 600 1946 1948 1953 1954 2342 2405 1965 1962 2117 1265 1262 1270
1 3600 291
9
1164 1303 1300 1308 601 598 1657 1662 1869
1 3600 291
21
1675 791 792 863 823 826 878 777 778 852 1974 2144 493 488 877 819 816 2159 1665 1666 2490
1 3600 291
5
2078 1155 1158 2118 1303
1 3600 291
9
2078 2090 257 258 1164 1303 1300 1308 601
1 3600 295
13
651 654 656 700 1674 1029 1025 1013 1016 671 672 1605 1606
1 3600 295
16
1153 1148 1158 1053 539 540 1831 885 882 1761 1762 1977 1974 1843 591 592
1 3600 454
35
1148 1156 1164 1303 1300 1306 1939 1940 1901 1547 1550 1664 2158 817 818 876 489 490 2137 1921 1918 2200 737 734 337 334 353 354 331 328 1570 687 682 413 410
1 3600 1316
28
1679 1029 1025 1020 1803 1804 1533 1530 1529 917 911 912 897 409 412 137 134 1184 983 986 2361 2353 1995 1992 2002 2008 2459 2451
1 3600 1316
38
1988 63 64 768 721 722 784 773 774 808 777 778 852 871 868 2164 2166 1057 1058 1868 1663 1656 1897 1547 1548 429 425 420 1045 1046 1066 2196 2410 53 50 150 2225 113
1 3600 1195
22
2214 2305 1841 1831 1815 1812 1826 1904 1899 1900 1941 1936 1943 1944 1958 1960 2286 2324 2342 2405 2179 2180
1 3600 692
32
2081 289 284 585 588 769 713 665 662 792 863 823 826 880 882 1761 1762 2030 2164 2166 2489 1889 875 819 820 889 843 844 1391 1388 1642 1769
1 3600 822
33
2087 2084 287 284 1988 63 66 104 661 666 718 2321 2318 451 454 1524 1541 1542 595 596 1579 1576 1729 969 581 582 83 80 1639 1636 1417 1414 1911
1 3600 1316
34
296 289 284 585 586 726 937 929 923 709 710 903 898 943 946 981 978 1853 1850 2362 2364 2367 1997 1998 975 961 956 1465 515 516 578 1486 2359 2357
1 3600 1316
38
1148 1158 2118 1303 1300 1308 629 626 1944 1097 1098 1102 1108 677 680 1385 1379 1376 1380 1373 183 180 1398 283 278 1407 1402 1432 1425 447 448 1451 1446 1456 1478 1484 1499 1497
1 3600 1316
23
285 286 97 98 2126 1749 261 266 1180 1077 1080 2154 2302 1319 1316 2207 2208 3 4 14 28 2236 2240
1 3600 1316
33
2493 1153 235 238 1737 1734 245 246 179 174 189 186 198 1251 231 228 1048 2298 1337 1334 1351 9 12 24 2228 143 123 126 2097 2098 157 152 2252
1 3600 1316
13
654 658 1557 423 420 1045 79 74 1376 1380 1392 1640 1654
1 3600 1316
26
1875 1876 2308 1753 865 771 774 641 638 1541 1542 1906 2141 2138 2199 1587 1584 1731 969 581 57 54 1934 2262 2347 1365
1 3600 1316
34
1164 1303 1298 1283 1286 2035 2032 2146 1715 1712 507 502 153 154 149 146 51 48 1504 1982 2344 1225 715 716 1366 2472 2435 2436 2466 2283 2011 1883 1880 2231
1 3600 1316
45
284 1988 63 64 768 721 722 786 1026 1032 931 923 709 710 649 644 911 912 1034 683 686 399 394 1702 1704 2054 2037 1593 1594 2049 1445 477 478 1452 513 516 578 1486 415 416 2222 197 194 551 546
1 3600 1012
17
1752 2313 2310 785 723 667 664 712 65 62 1989 285 286 97 100 214 2340
1 3600 313
12
1754 2307 1867 537 538 1052 2118 1041 1042 245 246 179
1 3600 321
9
1031 1027 1028 1675 701 702 105 67 62
1 3600 321
7
588 769 713 103 104 703 657
1 3600 321
7
2317 2318 451 452 770 864 1754
1 3600 321
4
662 790 1674 1678
1 3600 321
7
2423 589 584 285 286 2085 2086
1 3600 321
9
2312 2309 2215 1865 1051 1052 1159 1154 2092
1 3600 321
10
102 665 666 722 784 2311 2312 2309 1877 1872
1 3600 321
3
2309 1877 1878
1 3600 185
5
1027 787 784 773 770
1 3600 315
23
2318 451 454 1524 1541 1544 617 612 2133 647 642 1387 1001 1002 633 634 1680 291 294 1599 813 814 860
1 3600 315
3
720 589 586
1 3600 315
9
662 783 786 1025 1013 1016 671 674 709
1 3600 315
13
719 722 786 1026 1032 931 923 709 695 692 857 858 860
1 3600 315
15
786 1025 1013 1016 671 668 933 925 709 695 696 1608 803 804 812
1 3600 315
11
454 1526 1538 1541 1544 1535 1530 2133 1607 1604 941
1 3600 315
8
1031 1032 931 923 709 695 692 1611
1 3600 469
35
665 662 792 863 823 811 808 129 130 606 1808 595 596 1579 1580 1582 1819 1575 1572 1291 1245 1248 2483 2039 1593 1596 1441 1438 2065 2066 2077 2074 2350 1511 1506
1 3600 1316
32
773 774 808 879 880 882 1761 1764 2403 2177 1063 1055 1060 2163 1659 1656 599 600 1309 1301 1298 435 436 385 382 405 406 1259 1254 1314 1318 2303
1 3600 657
20
66 104 703 653 654 658 1829 1815 1810 1903 1904 1899 1900 1941 1938 1307 1301 1298 1289 389
1 3600 313
24
773 770 823 826 878 777 778 852 1976 867 868 2164 2166 2489 1871 1868 1663 1656 599 600 629 626 1942 1083
1 3600 313
4
1754 2307 1841 1838
1 3600 289
5
863 771 774 808 879
1 3600 289
22
586 726 751 748 707 708 675 672 1605 1606 2132 1531 525 520 636 2143 593 590 1844 2137 1891 877
1 3600 289
7
1605 1606 2132 613 616 1545 1540
1 3600 289
12
2310 773 453 454 1524 1541 1542 1906 2301 637 521 518
1 3600 282
25
588 721 722 786 1025 1020 1803 1806 523 524 1534 509 495 469 470 2478 315 316 2417 2275 2276 1797 1281 1276 2264
1 3600 282
8
1605 927 903 898 943 944 895 409
1 3600 822
21
1012 1020 2135 2132 613 618 1798 2427 441 442 915 912 897 894 970 979 976 2362 1627 1628 2005
1 3600 1316
39
588 769 713 665 662 792 863 823 826 880 781 778 852 1974 2144 493 488 877 819 820 889 843 844 1383 1384 681 676 1111 1095 1090 2258 163 159 141 142 2229 25 13 8
1 3600 1316
25
774 808 777 780 882 1817 1812 1824 1834 1899 1547 1548 429 426 1045 1046 679 676 1109 1106 1095 487 482 506 2476
1 3600 877
14
66 104 703 657 658 1557 423 420 1045 79 74 1378 1384 681
1 3600 657
18
784 773 774 641 133 130 602 1542 1906 2141 2138 2199 1587 1581 1576 963 964 581
1 3600 773
22
792 2310 2314 451 454 1524 1541 1542 595 596 1918 2200 737 738 733 730 527 528 1568 1707 1704 2054
1 3600 1316
26
1031 1032 931 923 709 710 903 900 1002 633 634 1680 291 292 2363 985 986 953 954 253 248 1669 1670 2269 2270 2428
1 3600 1316
39
586 726 751 748 707 710 649 644 911 912 1034 683 347 350 1571 529 530 534 345 342 762 1245 1246 2115 2111 543 69 72 1928 1917 1912 2345 1365 1360 1357 43 44 141 123
1 3600 1316
30
1027 1025 1020 1803 1804 519 520 636 2143 593 596 1579 1565 1562 1683 83 80 759 756 837 838 1388 1642 1769 1766 53 50 147 144 163
1 3600 1316
31
666 722 784 2311 863 823 826 880 882 1761 1764 2403 2169 2166 2489 1889 875 872 2175 2159 1665 1635 887 843 757 760 841 838 1388 1640 1652
1 3600 1316
31
1605 1606 2132 613 618 1798 315 316 2417 2275 2276 1797 1281 309 312 401 394 1700 2051 2047 1445 1442 2069 2070 2076 2460 1375 1195 1192 1212 1225
1 3600 1316
28
792 863 823 811 641 133 130 606 1808 1906 2141 2138 2199 2200 361 341 334 362 376 371 374 2059 2054 2045 1441 1438 2065 2062
1 3600 1316
31
2310 2314 451 454 1524 1541 1544 617 614 917 911 912 897 409 410 2195 1187 1184 983 986 2361 2353 1995 1998 1673 1670 1475 1470 1518 557 560
1 3600 1316
22
2027 2028 921 749 750 727 587 584 285 288 297 300 41 36 2126 1749 1741 1744 2121 2122 1201 1196
1 3600 1096
22
935 932 669 670 1017 1012 1024 787 782 663 664 712 65 62 1989 285 288 297 300 41 38 1759
1 3600 345
17
1599 813 805 802 1609 697 694 708 922 928 936 727 587 584 285 288 2080
1 3600 394
11
753 750 937 929 930 1033 1027 787 784 2311 2312
1 3600 394
27
295 290 1681 999 947 944 895 896 913 914 443 440 2425 1801 497 494 510 636 2300 1907 1543 1540 1525 455 450 2315 2311
1 3600 394
8
753 748 707 708 675 670 1017 1018
1 3600 394
10
919 707 708 924 932 669 670 1017 1012 1024
1 3600 394
4
694 708 675 670
1 3600 394
8
750 937 929 923 924 934 940 1605
1 3600 394
10
813 805 806 856 693 694 708 922 930 1033
1 3600 394
18
795 796 984 977 980 998 635 630 1386 643 646 2134 1021 1024 787 723 720 769
1 3600 394
24
1608 835 801 798 2367 2355 2352 1893 1795 433 359 360 2201 1919 597 594 1809 607 131 132 640 775 772 785
1 3600 398
7
1610 693 694 706 920 2029 2026
1 3600 398
6
935 925 709 706 920 2029
1 3600 394
14
931 923 709 695 692 857 807 804 812 1600 1612 1622 2019 2014
1 3600 394
21
802 835 801 796 982 1185 135 136 1035 913 910 916 1528 1531 1532 1805 1802 1021 1022 2028 2040
1 3600 394
18
753 748 707 710 649 642 943 946 998 1680 1129 1069 1072 1863 1621 1622 2019 2014
1 3600 394
12
750 937 929 923 709 695 696 1608 803 804 812 1600
1 3600 394
5
939 936 751 748 920
1 3600 394
6
725 726 751 748 920 2040
1 3600 394
25
726 937 929 923 709 710 903 898 943 944 895 409 412 683 684 2051 2047 1445 1442 2069 2070 2074 2350 1511 1506
1 3600 1316
35
926 1606 2132 1529 615 616 1545 603 604 608 854 883 884 1830 541 538 1052 1159 1156 1166 1738 1037 1042 1735 1323 1320 1219 1216 1220 1222 207 202 1228 227 223
1 3600 1316
42
856 833 828 801 798 2367 2355 2352 949 954 993 990 996 1461 1462 1453 449 446 1411 1405 1401 1397 211 208 1377 1378 1384 681 676 1105 1099 1100 2324 2342 2405 2179 2147 2117 1265 1266 2153 2150
1 3600 526
42
857 858 815 812 1598 295 292 2363 985 986 953 950 1279 1276 303 304 350 1571 529 526 731 325 326 1588 1694 1728 963 966 1563 891 892 2158 2174 1661 1656 599 600 1309 1301 1297 459 456
1 3600 309
19
812 1598 295 292 2363 1851 1852 971 895 896 913 914 443 319 320 473 468 494 508
1 3600 309
14
726 937 929 923 924 934 940 1605 1606 2132 1531 1534 1545 603
1 3600 344
11
699 692 1611 835 801 798 2367 2355 2352 1893 1894
1 3600 344
9
2027 1023 1020 2135 647 644 911 912 897
1 3600 344
13
2027 1023 1020 1803 1806 523 520 511 495 469 472 321 318
1 3600 344
6
903 898 1387 631 634 999
1 3600 344
13
919 707 710 649 642 1387 631 634 1680 1129 905 906 1114
1 3600 263
10
857 807 804 812 1600 1616 2104 2387 2390 2395
1 3600 1316
39
748 707 710 649 644 911 912 1034 683 686 399 396 1707 1704 2056 1249 1246 2182 2185 2186 2418 1645 1637 1423 1420 1537 1503 49 50 147 148 155 156 2099 2096 127 122 142 2245
1 3600 1316
37
812 795 796 986 2361 949 954 253 248 1669 973 961 956 1649 1461 1449 1450 479 474 1428 1433 1434 1647 1637 755 756 844 1383 1384 681 676 1105 1099 1100 2324 2342 2405
1 3600 1316
30
828 801 798 2367 1997 1998 1673 1668 1725 1699 1702 765 762 1245 1246 2115 2111 2112 1933 1930 1645 1417 1418 281 282 1399 181 182 1372 1381
1 3600 877
22
1598 295 292 2364 2367 2355 2352 949 950 2060 311 312 1234 1699 1702 1704 2056 1249 1246 2182 553 554
1 3600 626
23
923 709 710 903 898 943 944 895 409 412 683 686 1571 1568 397 394 1700 2051 2052 1595 1596 1441 1431
1 3600 877
37
729 726 937 929 923 709 710 903 898 943 944 970 1853 1727 983 986 2361 2353 1995 1998 975 961 958 1467 1455 1456 1480 1489 579 577 572 1493 1494 1783 1776 1784 1788
1 3600 1316
26
801 796 986 953 954 993 990 996 1650 1595 1596 1441 1427 1424 1436 1927 1911 1908 2262 2347 1365 1360 1357 43 44 141
1 3600 1316
31
2027 1023 1020 1803 1804 519 520 636 2143 593 590 1846 2337 493 488 877 874 1886 1663 1656 1897 1900 1941 1938 1307 1304 1687 505 483 484 2254
1 3600 1316
35
699 696 1608 803 804 812 1600 1614 1628 2005 2002 2006 2428 2438 2089 1485 1482 1477 1472 2331 419 416 2220 2013 2010 2282 2467 2464 2473 1367 717 714 1226 1357 43
1 3600 1316
34
729 726 751 748 707 708 924 932 669 672 1605 1606 2132 613 618 1798 2479 501 498 2417 2413 2414 2199 1587 1584 1731 969 581 57 54 1934 2262 2347 1983
1 3600 1316
17
2028 921 707 710 649 644 911 912 1034 683 684 2051 2052 2049 1445 1442 2065
1 3600 1316
26
804 812 1598 295 292 2364 2367 1997 1998 1673 973 961 956 1465 515 516 578 1486 415 416 2222 197 192 1984 571 566
1 3600 1316
46
2019 2016 2453 2450 2458 2009 2006 2271 2268 1475 1472 2332 2359 2357 1885 1882 2010 2284 2351 2348 1375 1195 1192 1214 1505 49 50 150 29 15 16 2217 2209 1329 1330 1049 93 89 84 1204 2205 1145 31 34 1132 1134
1 3600 1316
43
1507 1510 2351 2075 2071 2068 1439 1440 1597 1592 2038 2482 1249 1244 1290 1573 1574 1820 1585 1586 1919 1920 2136 491 492 2145 1975 853 779 780 884 1830 541 538 1052 2118 1165 259 256 2094 2294 1751 1748
1 3600 1316
34
569 570 1985 1986 2467 2437 2434 2473 1367 717 714 1224 2345 1365 1362 1981 1969 1972 1067 1047 1044 421 422 1556 659 656 702 105 67 62 1989 285 288 297
1 3600 398
19
2015 2018 1623 1620 1862 1073 1068 1128 1681 635 632 1003 901 902 926 1604 673 670 1017
1 3600 203
5
2043 921 707 708 922
1 3600 203
9
1857 1854 2107 2108 2354 2366 799 800 829
1 3600 203
4
2043 921 749 752
1 3600 203
6
921 707 695 692 833 830
1 3600 269
3
2025 1623 1613
1 3600 1316
32
2041 2029 1023 1024 787 782 792 2312 2309 2215 1865 1051 1052 1159 1149 1150 1162 1170 241 242 1182 1219 1216 1220 205 202 1228 231 219 220 1048 2298
1 3600 1316
25
2029 1023 1020 1803 1806 523 520 636 2300 1907 1809 611 608 854 1817 1812 1824 1832 1659 1656 599 600 1309 1301 1298
1 3600 1316
35
1507 1510 2351 2075 2076 2067 2064 1439 1431 1428 1433 1403 1406 1412 1416 1637 1638 759 756 842 888 821 818 874 1888 2488 2167 2168 2402 2173 1823 1813 1814 1830 1840
1 3600 548
20
2025 2022 2470 2453 2449 2446 2009 2003 1993 1994 2352 1893 1795 1796 2277 2274 2413 2414 2139 2140
1 3600 158
23
2043 921 707 708 924 934 940 1605 1606 2132 613 618 1798 315 316 2417 2275 2276 1797 433 359 341 334
1 3600 138
20
569 570 1990 195 196 2223 417 414 1487 579 517 514 1464 957 960 974 1999 1994 2109 1629
1 3600 1316
43
2015 2016 2471 2457 2458 2009 2006 2428 2438 2089 1485 1479 1457 1447 1450 449 446 1424 1433 1409 1405 1406 279 282 1397 211 208 1377 1378 1384 681 676 1111 1095 487 482 506 2476 2189 1721 1717 1685 849
1 3600 1316
31
569 570 1990 195 196 2230 1881 1882 2010 2282 2467 2464 2473 1367 717 714 1226 1357 1358 1771 1766 53 50 147 148 155 156 1011 463 460 2191
1 3600 1316
16
2029 1023 1024 1028 1675 701 653 654 658 1557 429 426 1045 1046 1066 1973
1 3600 1316
23
2021 2016 2453 2449 2446 2009 2006 2271 2268 1671 1668 1725 1235 401 396 533 534 345 323 326 1588 1694 1728
1 3600 877
20
1616 2100 1625 1626 2363 985 986 953 950 1279 1276 2264 349 350 1571 529 526 705 345 323
1 3600 773
11
2022 2457 2458 2009 2006 2428 2438 2089 1499 1497 1490
1 3600 1316
46
1616 2102 2377 1073 1068 1128 1681 635 630 1386 643 644 916 615 616 509 510 636 2143 593 590 1844 2137 1891 877 872 1661 1656 599 600 1946 1948 1953 1954 2342 1687 1688 1710 2189 1721 1717 115 112 2224 2236 2240
1 3600 1316
42
1623 1613 1614 1628 2108 2352 1893 1894 2060 251 248 989 990 994 1459 1462 1453 479 476 1442 1439 1427 1411 1405 1401 1399 181 184 841 838 1390 1383 1384 681 676 1109 1106 1095 1090 2258 145 148
1 3600 1316
33
1854 2107 2108 2352 949 950 2060 311 312 401 396 1707 765 762 1245 1246 2115 555 545 69 70 2193 1647 1637 755 756 844 1371 77 78 1046 169 170
1 3600 1316
34
2043 921 707 708 675 672 1605 1606 2132 613 618 1798 315 316 2417 2413 2414 2199 1587 1581 1565 1562 1683 83 80 1639 1423 1419 1414 1924 1917 1912 2345 1983
1 3600 1316
28
2041 921 707 710 903 898 943 944 895 409 412 683 686 1571 329 332 374 2059 2054 2045 1441 1438 2069 2070 2074 2350 2285 2011
1 3600 1316
12
1854 2107 2005 1993 1998 1673 1670 1475 1470 1522 565 562
1 3600 240
17
2503 1317 1311 1312 1590 1630 1327 1324 1336 1207 87 84 1204 2205 1145 31 34
1 3600 240
7
2303 2297 1049 93 94 1196 1202
1 3600 240
13
2503 2207 1329 1324 1336 1207 87 84 1204 2205 1145 31 32
1 3600 188
12
218 230 1229 203 204 1221 1217 1218 1321 1322 1736 1772
1 3600 657
25
2302 1319 1316 1261 1264 2116 1963 1964 2404 2343 1955 1952 1949 1947 601 598 1897 1898 1905 1902 1811 1814 1830 1840 2306
1 3600 1316
47
1331 1324 1334 1351 1352 11 12 24 2226 2244 143 140 158 162 2259 1091 1094 1110 677 678 1047 1044 427 428 1549 1546 1896 1657 1658 2162 2487 1065 1062 2171 2172 1765 1760 883 881 827 822 862 793 783 786 1026 1030
1 3600 1316
35
1261 1262 1257 1258 369 366 384 437 434 1299 1300 1306 1939 1940 1901 1896 1657 1660 873 876 489 492 2336 1847 591 592 2142 637 521 522 1807 1802 1021 1022 2026
1 3600 1316
39
1328 2208 2216 2218 1719 1685 849 846 2228 143 140 45 42 1356 1361 1364 2344 1913 1916 1925 1926 1437 1429 475 478 1451 1446 1456 1478 1484 2088 2439 2429 2007 2008 2447 2448 2452 2017
1 3600 298
4
2302 1319 1311 1312
1 3600 318
5
1310 1315 1255 1256 1263
1 3600 318
5
1275 1273 407 391 388
1 3600 318
12
224 228 1048 1331 1328 2206 1261 1262 1268 1273 369 364
1 3600 318
16
222 226 1250 199 187 188 175 176 1075 1078 1271 1257 1258 407 404 383
1 3600 318
11
1337 1325 1326 1631 1591 1313 1275 1269 1263 1264 2116
1 3600 318
9
2503 1261 1264 2116 2146 2178 2404 2343 1955
1 3600 356
21
2503 1261 1264 1723 1720 2188 2477 507 504 1686 2343 2325 2287 1957 1949 1947 601 598 1897 1898 1905
1 3600 1195
29
1261 1264 1723 1720 2190 461 462 1008 507 483 486 1094 1107 1108 677 680 1385 1382 845 757 758 81 61 56 580 965 962 1577 1578
1 3600 1316
45
223 220 1048 1331 1328 2208 3 4 14 28 151 51 52 2411 1979 1643 1389 839 840 213 210 1396 283 280 1422 1636 1644 2419 2187 2184 2183 1247 1248 2057 1705 1703 395 398 351 346 682 413 408 894 945
1 3600 1316
47
1327 1324 1334 2212 1355 1352 19 20 1684 115 112 2224 151 51 48 1502 1536 1910 1415 1413 1407 1404 1408 1432 1425 1426 1440 1597 1594 2053 2050 685 347 305 302 1277 1278 951 952 987 984 2362 1627 1624 2372 2384 2395
1 3600 263
13
275 276 1314 1316 2207 2208 2216 17 14 26 1719 1685 21
1 3600 263
6
1697 1327 1324 1334 1351 9
1 3600 269
13
1328 2208 3 4 14 26 1719 1716 1720 2188 1711 1689 1690
1 3600 657
23
1334 2212 1355 9 12 24 2226 2244 143 123 126 2097 2098 157 152 503 483 486 1094 1110 677 678 1047
1 3600 1316
26
276 1255 1258 369 364 387 388 1288 1299 1300 1306 1939 1940 1901 1547 1550 1635 887 843 757 754 1636 1417 1413 1407 1404
1 3600 1316
44
218 230 1250 199 200 1223 1221 1217 1218 1183 243 244 1923 1039 1040 2119 1053 1050 1866 1841 1831 1815 1812 1822 2170 1063 1055 1058 1870 1889 875 819 820 890 1562 967 962 1729 1695 1291 1245 1248 2483 2480
1 3600 1316
33
2503 1261 1264 2116 2146 2178 2404 2343 2325 1101 1098 1104 677 680 1385 1379 1376 209 210 1394 1398 1400 1404 1410 447 448 1452 1463 1460 1648 1465 1455 1456
1 3600 1316
12
1324 1334 1351 1352 11 12 24 2228 143 123 124 1342
1 3600 1316
16
1697 1327 1328 2208 2216 2218 1719 1716 1720 2190 461 462 1010 157 152 2252
1 3600 1316
11
2208 3 4 14 28 151 51 52 1767 1770 2408
1 3600 1316
25
224 219 220 1048 2298 1337 1334 2212 1355 1352 19 20 849 846 2226 2244 143 140 45 42 1356 1361 1364 2346 2462
1 3600 1316
33
1275 1273 369 366 384 437 438 458 1296 1300 1308 601 598 1897 1547 1548 423 420 1045 1046 1066 1973 1968 1980 1363 1364 2344 1213 1193 1194 1374 2461 2077
1 3600 1316
30
2296 2155 1267 1264 1723 1720 2188 465 466 2098 157 154 149 144 163 159 45 42 1356 1227 715 716 1366 2472 2465 2466 2283 2284 1511 1508
1 3600 147
16
436 389 386 365 368 1272 1269 1270 1079 1074 177 174 189 190 207 202
1 3600 236
8
368 1259 1256 1270 2152 1081 1074 1190
1 3600 236
5
2149 1181 243 244 1735
1 3600 236
12
1954 2342 2405 1965 1962 2117 1265 1266 1081 1076 1181 243
1 3600 180
11
2150 2149 1181 267 262 2289 2290 2095 2091 2079 2080
1 3600 626
26
437 434 1299 1300 1308 601 598 1657 1660 873 876 1890 1921 1918 2198 2415 2412 2416 317 314 1799 619 612 2133 1607 1604
1 3600 1316
38
1262 1268 1273 407 391 388 1288 1299 1302 2119 1053 539 540 1831 1815 1816 855 609 610 1808 1906 2301 637 511 495 496 1800 2424 441 442 915 910 645 648 711 708 922 930
1 3600 1316
16
1739 1167 1157 1158 1053 1050 1866 2304 2308 2313 793 783 786 1025 1022 2028
1 3600 244
13
1293 459 439 436 385 382 405 406 1272 1269 1263 1260 2207
1 3600 244
8
389 390 406 1259 1256 1263 1260 2502
1 3600 244
16
1954 2342 2405 2179 2147 2117 1265 1262 1268 1274 1312 1590 1630 1327 1324 1332
1 3600 244
11
435 436 385 367 368 1272 1274 1312 1590 1630 1696
1 3600 202
7
437 434 1283 1286 2035 2032 1963
1 3600 260
14
1964 2404 1305 1306 1939 1940 1901 1898 1835 1836 1065 1062 2176 2402
1 3600 260
17
1964 2404 2343 1955 1952 1949 1947 601 598 1657 1658 1833 1825 1813 1814 1830 1840
1 3600 260
6
383 384 1288 1299 1302 2119
1 3600 260
10
2116 2033 2034 1287 1282 1299 1302 2119 1053 539
1 3600 260
15
1074 1190 1321 237 232 1169 1172 1167 1157 1158 1053 539 540 1831 1815
1 3600 260
12
1181 243 244 1043 1040 2119 1053 539 540 1831 1815 1812
1 3600 260
10
1299 1300 1306 1939 1940 1901 1896 1657 1662 1869
1 3600 298
18
2146 2178 2404 2343 2325 2287 1961 1951 1947 601 598 1657 1662 1887 875 876 489 490
1 3600 1012
26
1181 243 240 1175 1176 1167 1157 1158 1053 1050 1866 1841 1831 885 781 778 609 605 602 1544 509 495 469 470 2478 2427
1 3600 1316
51
364 387 388 437 438 458 1296 1300 1306 1939 1940 1901 1547 1550 1664 893 890 1564 1580 1582 1819 1575 1572 1589 327 322 344 535 531 528 1570 351 348 431 432 1794 1892 2353 2354 2366 2365 293 290 1129 1069 1072 2374 2389 2386 2379 2380
1 3600 244
20
2032 2146 1715 1710 465 466 2096 2247 1341 125 122 142 2245 2227 847 848 21 18 1353 1350
1 3600 227
6
1263 1264 1723 1720 2188 2477
1 3600 227
10
1739 1167 1164 1303 1300 1304 2343 1693 481 482
1 3600 180
20
2148 2151 1271 1263 1264 2116 1963 1964 2404 2343 2325 1101 1098 1104 677 680 1385 1379 75 76
1 3600 548
20
407 404 383 384 437 434 1299 1300 1308 601 598 1657 1660 2175 2159 893 890 1564 1580 1584
1 3600 1316
31
1256 1263 1264 2116 2146 1715 1689 505 483 486 1094 1107 1108 677 680 1385 1382 845 757 754 1636 1644 1931 1932 2113 2110 2114 1247 1244 763 764
1 3600 1316
31
1263 1264 1723 1720 2190 461 462 1010 157 154 149 146 51 48 1504 1215 1193 1194 1374 2349 2350 2285 2011 1883 1884 2356 2358 2333 1521 1522 2328
1 3600 1316
15
2151 2152 2154 2297 2298 1337 1334 1351 9 12 24 2228 143 123 124
1 3600 1195
17
1739 1167 1164 1303 1298 1283 1286 2035 2032 2146 1715 1712 1009 463 466 2096 2248
1 3600 1316
17
1283 1286 2035 2032 1963 1964 2406 1691 505 483 484 2251 149 144 163 159 45
1 3600 1316
18
391 388 1288 1299 1300 1306 1553 1089 1086 1098 1104 677 678 1066 1973 1968 1980 1363
1 3600 1316
41
369 366 384 437 438 458 1296 1300 1306 1939 1940 1901 1547 1548 429 426 1045 111 108 183 180 1395 1396 283 280 1420 1910 1924 1917 1912 1225 715 716 1366 2472 2435 2436 2466 2283 2011 1883
1 3600 1316
56
2153 1079 1074 1190 1321 1322 1734 1923 1179 1171 1163 1151 1148 1158 1053 539 540 1831 1815 1816 855 852 1974 1843 1844 2137 1921 1918 2200 737 734 2211 393 357 354 331 328 1568 1707 1704 2054 2037 1593 1594 1651 1648 1465 515 516 578 1486 2333 1521 1522 565 562
1 3600 438
13
458 1296 1302 1041 1038 1773 1737 1323 1320 1219 1216 189 186
1 3600 298
15
2131 1295 1296 1302 1165 1166 1177 1174 1178 1922 1735 1732 263 264 2121
1 3600 298
9
1052 1159 1156 1166 1173 1168 1174 241 242
1 3600 382
10
1814 1828 659 655 652 702 105 67 62 2156
1 3600 382
24
1059 1056 2167 2165 2031 1763 1760 855 779 776 809 775 772 785 782 663 664 712 65 62 1989 285 288 2080
1 3600 382
10
1833 1825 1813 1814 1830 541 538 1052 2118 1165
1 3600 382
5
1165 1157 1149 1152 2492
1 3600 382
7
1307 1301 1302 2119 1159 1149 1150
1 3600 342
18
1657 1658 2162 1061 1054 1062 2171 2172 1765 1760 883 881 827 822 862 793 663 664
1 3600 342
26
1949 1947 601 598 1657 1658 2162 1061 1056 2167 2165 869 866 1977 1974 1843 591 592 2142 637 521 518 1805 1802 1021 1013
1 3600 597
19
875 876 1890 1921 1918 2200 361 358 430 2265 1277 1278 951 948 2360 987 797 800 829
1 3600 1316
22
885 781 776 129 130 602 1544 617 614 917 911 912 897 894 945 946 981 976 2362 1627 1615 1612
1 3600 469
13
1298 1289 389 386 365 368 1259 1254 1314 1318 2303 2297 2298
1 3600 420
3
1303 1298 1283
1 3600 420
14
2491 1667 1551 1546 1900 1941 1938 1307 1301 1297 459 439 436 385
1 3600 420
10
1057 1060 2163 1659 1656 599 600 1309 1301 1298
1 3600 420
15
1837 1825 1813 1814 1830 541 538 1052 2118 1041 1042 245 242 1180 2148
1 3600 420
18
1667 1551 1546 1900 1941 1936 1943 1944 1958 1960 2286 2324 2342 2405 1965 1962 2033 2034
1 3600 420
12
1054 1064 1837 1834 1899 1900 1941 1938 1307 1301 1298 435
1 3600 420
11
1663 1656 599 600 1309 1301 1298 1289 385 382 405
1 3600 420
13
1958 1960 2286 2324 2342 2405 2179 2147 2117 1265 1262 1257 1258
1 3600 420
10
1958 1951 1948 1953 1954 2342 2405 1965 1962 2033
1 3600 420
7
1656 599 600 1309 1301 1298 1283
1 3600 289
6
1812 1824 1836 2486 1061 1058
1 3600 289
7
1899 1900 1941 1938 1307 1301 1297
1 3600 421
15
598 1657 1662 1869 1870 2488 2167 2165 2031 1977 853 779 776 809 810
1 3600 421
12
1552 1939 1940 1901 1898 1905 1827 1822 2172 1765 1760 883
1 3600 421
22
1295 1296 1302 2119 1053 539 536 1866 2306 1755 865 771 453 454 1524 1541 1542 1906 2301 637 521 518
1 3600 421
11
2131 1295 1296 1300 1308 601 598 1657 1662 1887 1888
1 3600 421
5
540 1831 1815 1816 855
1 3600 421
13
2162 1061 1056 2167 2165 869 870 853 609 610 1808 1906 2301
1 3600 421
10
2491 1667 1664 2158 817 818 876 489 492 2145
1 3600 421
17
1050 1864 2214 2308 1753 865 771 774 641 133 130 606 1808 1906 2301 637 511
1 3600 421
16
1901 1898 1835 1836 1065 1062 2176 2402 1765 1760 855 779 780 881 878 809
1 3600 421
33
2131 1295 1296 1300 1308 1946 1950 1959 1097 1098 1102 1108 677 680 1385 1382 845 757 758 81 82 583 580 968 1730 1585 1586 2198 2415 2412 2416 317 314
1 3600 421
17
1062 2171 2172 1765 1762 1977 1974 1843 591 592 2142 637 511 495 469 472 321
1 3600 421
4
1822 2170 2176 2169
1 3600 421
19
2119 1053 539 540 1831 885 882 1761 1762 1977 1974 2144 493 490 2137 1921 1918 2200 737
1 3600 253
22
598 1657 1660 2175 817 820 890 1562 967 962 1729 1695 1291 763 343 344 535 532 397 400 313 310
1 3600 1316
43
1295 1296 1300 1306 1939 1940 1901 1547 1548 423 420 1045 79 76 1370 1391 839 840 213 210 1396 283 278 1407 1402 1432 1429 475 478 1451 1448 1460 997 991 988 1669 1672 1999 1992 2002 2008 2459 2456
1 3600 731
23
2403 2169 2166 2489 1889 875 819 820 889 843 837 838 1388 1642 1978 2410 53 50 150 2225 113 114 1685
1 3600 215
17
2486 2163 1659 1656 599 600 1946 1948 1956 2286 2324 2342 1687 1688 1710 2189 1721
1 3600 384
11
2491 1667 1551 1548 429 426 1045 1046 1066 2196 2410
1 3600 384
14
1061 1058 1868 1887 875 819 820 889 843 844 1383 1384 681 676
1 3600 384
6
626 1944 1097 1098 1104 677
1 3600 384
7
1959 1945 1942 1937 1940 1901 1547
1 3600 384
12
1810 1903 1904 1899 1547 1548 423 420 1045 79 76 1369
1 3600 306
12
2163 1659 1660 2175 2159 893 889 843 757 760 185 180
1 3600 306
18
1053 1050 1866 1841 1831 1828 1557 429 425 420 1045 111 108 183 180 1398 283 280
1 3600 454
29
1161 1151 1148 1158 1053 539 536 1866 2306 1755 865 771 453 454 1524 1541 1542 595 596 1579 1580 1582 1819 1575 1572 1291 763 764 1703
1 3600 1316
35
2161 1659 1660 2175 2159 893 890 1562 1683 583 57 60 80 1639 1636 1646 1435 1432 1425 1426 1438 1443 445 448 1452 513 516 578 1486 2333 2331 557 558 564 2326
1 3600 1316
19
1841 1831 1828 1557 423 420 1045 1046 679 676 1111 1095 1090 2258 145 146 150 2236 2238
1 3600 1316
18
1058 1868 1663 1656 1897 1900 1941 1936 1083 1086 1098 1102 1106 1095 1090 2258 1345 1346
1 3600 1316
15
539 540 1831 1828 1557 429 426 1045 1046 1066 1973 1970 1769 1770 2408
1 3600 1316
21
1831 885 781 778 609 610 1808 595 596 1579 1576 963 964 581 57 54 1934 2262 2347 1365 1360
1 3600 1316
15
2491 1667 1635 887 843 757 754 1423 1419 1414 1924 1917 1912 1225 715
1 3600 1316
31
1063 1055 1058 1870 1889 875 819 820 889 843 757 758 1639 1636 1646 1435 1432 1429 1430 1438 2065 2066 2077 2074 2350 2285 2011 2012 2231 197 192
1 3600 1195
27
2031 1763 1760 883 881 827 811 775 772 785 723 667 660 105 67 62 1989 285 286 97 98 2126 1757 1758 271 272 1147
1 3600 469
11
1760 883 884 1830 1840 1867 1051 1052 1159 1156 1166
1 3600 475
11
638 1525 455 450 2319 2320 719 720 769 65 62
1 3600 475
12
825 822 864 1754 2307 1867 537 538 1052 1159 1154 2092
1 3600 475
16
597 594 1543 1540 1525 455 452 770 864 1752 2309 2215 1865 1051 1052 1159
1 3600 481
8
809 810 822 862 2310 2314 2319 2320
1 3600 481
13
1845 1842 1975 853 779 776 809 775 772 785 786 1026 1030
1 3600 481
9
609 605 602 1544 1535 1530 2133 1607 1604
1 3600 481
7
881 827 822 862 793 663 660
1 3600 481
6
1545 1540 1525 455 450 2319
1 3600 481
11
2136 1845 1842 1975 853 779 776 809 775 772 2311
1 3600 533
12
318 442 915 910 645 648 711 706 749 750 727 724
1 3600 533
9
130 602 1544 1535 1530 2133 1607 1604 941
1 3600 533
15
1890 1921 1918 2200 361 358 432 1794 1892 2360 987 797 800 834 1609
1 3600 731
13
468 496 619 614 917 645 642 899 902 711 706 920 2040
1 3600 1316
30
2174 1661 1656 599 600 1946 1948 1953 1954 1693 481 482 506 1009 463 460 2191 1721 1717 1685 21 22 13 10 1353 1354 2213 1335 1325 1326
1 3600 345
25
494 510 636 2300 1907 1809 611 608 854 1761 1764 2173 1823 1826 1904 1899 1900 1941 1938 1307 1304 2405 2179 2147 2117
1 3600 527
14
616 1545 603 604 608 854 1817 1810 1903 1904 1899 1900 1941 1938
1 3600 527
8
1661 1658 1833 1825 1813 1814 1830 1838
1 3600 527
13
1538 639 133 128 777 778 852 1976 2030 2164 2166 2489 1889
1 3600 527
10
2143 593 590 1846 2337 493 488 877 874 1886
1 3600 527
19
1804 1533 1534 1545 603 131 128 879 880 884 1830 541 538 1052 2118 1303 1297 1294 2130
1 3600 527
22
2300 2141 593 590 1842 1975 871 868 2164 2166 2489 1871 1868 1663 1656 599 600 1309 1301 1297 459 456
1 3600 527
5
826 880 882 1761 1764
1 3600 527
10
2300 1907 1809 611 608 852 1976 2030 2164 2166
1 3600 527
29
1603 1606 2132 1531 525 520 636 2143 2138 2199 1587 1584 1731 969 581 582 83 80 759 756 844 1383 1384 681 676 1105 1099 1087 1088
1 3600 527
8
2140 1907 1809 611 608 854 1817 1810
1 3600 527
6
2201 1919 1920 1891 877 874
1 3600 527
12
2203 491 488 877 874 1888 1871 1059 1060 2487 1837 1834
1 3600 527
20
2132 1529 615 618 1798 2479 501 498 2417 2413 2414 2199 1587 1581 1565 891 892 1665 1551 1546
1 3600 527
22
2412 2416 499 500 471 468 494 510 636 2300 1907 1543 1540 639 640 810 822 864 1754 2307 1867 537
1 3600 527
14
607 131 128 777 780 884 1830 541 538 1052 2118 1303 1297 1294
1 3600 527
8
775 770 864 1754 2307 1867 1051 1052
1 3600 415
5
1567 1564 1578 597 592
1 3600 415
6
2139 593 594 1543 1540 1539
1 3600 415
6
2203 2137 1921 1918 2200 737
1 3600 506
9
317 318 442 915 912 897 894 945 942
1 3600 506
13
492 2336 1847 591 592 2142 637 511 508 617 612 2133 647
1 3600 506
16
1921 1918 2198 2415 2412 2416 317 314 1799 619 614 917 645 642 899 900
1 3600 506
16
1803 1806 523 524 1534 509 495 469 472 498 2417 2275 2276 1797 433 359
1 3600 506
9
2415 2412 2416 317 318 442 915 912 897
1 3600 506
5
917 911 912 1034 137
1 3600 506
6
496 1800 2424 441 442 915
1 3600 506
17
1538 1541 1542 1906 2141 2138 2199 2200 2235 2232 1561 1558 393 357 354 403 371
1 3600 506
17
1760 855 609 605 602 1544 1535 1530 2133 647 642 1387 1001 1002 633 634 999
1 3600 506
6
737 734 337 334 362 378
1 3600 506
22
1762 1977 1974 1843 591 596 1579 1580 1584 1821 1575 1572 1589 327 324 730 527 528 1570 351 348 431
1 3600 506
7
738 733 730 527 528 1570 687
1 3600 506
12
2336 1847 591 592 2142 637 511 508 617 612 2133 647
1 3600 506
8
734 337 340 358 432 1281 1278 951
1 3600 506
9
317 318 442 915 912 897 409 410 2322
1 3600 506
10
647 642 943 944 970 1853 1850 2362 2364 2367
1 3600 506
21
1890 1921 1579 1576 1729 1695 1291 763 764 1703 1698 1724 249 252 955 948 2353 2354 2366 2365 293
1 3600 454
16
495 496 619 614 917 645 642 1387 631 634 1680 1129 905 908 2396 2398
1 3600 1316
30
133 130 606 1808 595 592 2138 2199 1587 1581 1576 963 964 581 57 54 1934 2262 2347 1365 1360 1357 43 44 141 142 2229 847 848 1684
1 3600 692
11
1891 877 872 1661 1656 599 600 1309 1304 1687 1688
1 3600 481
12
316 2417 2413 2414 2199 1587 1581 1565 891 892 1665 1551
1 3600 481
9
854 1761 1764 2173 1823 1826 1904 1899 1547
1 3600 481
17
2132 1531 1532 519 520 636 2143 593 590 1844 491 488 877 819 820 889 886
1 3600 500
10
2159 893 889 843 757 754 1423 1420 1910 1924
1 3600 500
6
595 596 1579 1576 963 966
1 3600 500
8
519 520 636 2143 593 596 1579 1576
1 3600 500
16
1542 1906 2141 2138 2199 1587 1584 1731 969 581 582 83 80 1639 1636 1644
1 3600 500
12
615 618 1798 315 316 2417 2413 2414 2199 1587 1581 1565
1 3600 500
31
509 495 469 470 501 498 2417 2275 2276 1797 433 430 349 350 399 396 533 534 345 342 762 1245 1246 2182 2185 2186 2418 1645 1417 1418 281
1 3600 500
7
2164 2166 2489 1889 875 819 820
1 3600 415
11
1561 733 325 322 344 535 532 397 394 1700 2051
1 3600 415
18
2175 2159 893 890 1562 967 964 968 1695 1589 327 322 344 704 527 528 329 330
1 3600 415
21
1844 2137 1921 1579 1580 1582 1819 1575 1572 1291 1245 1248 2483 2039 1593 1594 2049 1445 445 448 1452
1 3600 487
28
1977 1974 2144 493 490 2137 1921 1918 2200 361 341 334 362 380 373 333 328 1568 397 400 1234 1724 1669 1670 2269 2270 2428 2442
1 3600 1316
26
604 608 854 1817 1812 1824 1832 1659 1656 599 600 1946 1948 1956 2286 2324 1693 481 482 502 153 156 2099 2096 2247 1341
1 3600 1316
24
2232 1561 733 325 322 342 762 1245 1246 2115 2111 2112 1933 1928 1917 1912 2345 1365 1360 1357 43 44 158 162
1 3600 1316
30
316 2417 2275 2276 1797 1281 309 312 1234 1699 1702 1704 2054 2045 1441 1431 1428 1433 1403 1406 279 282 1397 211 212 841 838 1388 1640 1652
1 3600 1195
22
315 316 2417 2275 2276 1797 1281 1276 303 304 346 684 2051 2047 1445 1442 2065 2066 2460 1375 1195 1192
1 3600 1316
24
614 917 911 912 1034 137 134 1184 983 986 953 954 993 990 996 1648 1465 515 516 578 1486 415 416 2222
1 3600 1316
22
1567 1562 1683 583 57 54 1934 2262 2347 2344 1225 715 716 1366 2472 2465 2466 1987 193 194 551 546
1 3600 1316
28
1186 2194 411 408 894 945 942 899 902 711 708 922 928 936 727 587 584 285 286 2124 2291 2288 263 264 2121 1199 95 89
1 3600 1316
26
982 1726 1852 971 945 942 899 902 711 706 749 750 727 587 584 285 288 2078 2090 257 254 2288 1733 1734 245 242
1 3600 506
14
135 136 1035 913 910 645 646 2134 1021 1024 1028 1675 701 657
1 3600 487
19
2264 431 359 360 2201 2198 2139 2140 1907 1543 1540 1525 455 450 2315 785 723 667 660
1 3600 487
17
789 373 333 328 1570 687 682 413 408 894 945 942 643 648 926 1604 673
1 3600 487
21
980 947 944 895 896 913 914 443 440 2425 1801 497 494 508 1545 1540 1525 455 450 2315 2311
1 3600 575
6
901 902 711 708 922 930
1 3600 575
6
1386 643 648 711 708 924
1 3600 575
22
381 376 402 331 328 1570 351 305 302 1277 1278 1895 1892 2353 2354 2366 799 794 813 805 806 856
1 3600 575
8
800 834 1609 697 694 706 749 752
1 3600 575
9
340 358 432 1794 1892 2360 987 797 800
1 3600 575
22
690 373 333 328 1570 399 400 313 310 2061 951 952 987 984 2362 293 294 1599 813 805 802 835
1 3600 575
16
1996 2366 799 794 813 805 802 1610 693 694 708 922 928 936 751 752
1 3600 418
11
946 998 1680 1129 1069 1072 2376 1859 1621 1622 2024
1 3600 418
18
341 338 357 354 331 328 1570 687 682 1035 913 910 645 648 711 706 920 2042
1 3600 1316
37
442 915 912 1034 683 686 399 394 1700 2051 2052 1595 1596 1441 1427 1424 1436 1927 1911 1537 1503 49 50 147 148 155 156 2099 467 460 2191 1721 1722 1265 1260 1317 1315
1 3600 1195
45
337 334 362 376 371 374 2059 2056 1249 1246 2182 553 545 69 72 1930 1645 1417 1418 281 282 1399 1395 211 208 1377 1378 1384 681 676 1111 1095 487 482 506 1713 1714 2147 2033 2034 1287 1282 435 436 389
1 3600 537
23
379 363 335 336 735 736 2201 1919 1920 1891 877 872 1661 1656 1897 1900 1941 1938 1307 1301 1297 1294 2130
1 3600 537
19
1386 643 644 916 615 616 1545 603 604 608 854 1761 1764 2173 2170 1063 1064 2486 2163
1 3600 618
16
292 2363 1851 1727 1185 1186 2194 411 408 896 913 914 443 440 2426 1799
1 3600 618
14
375 370 377 363 335 336 735 736 2201 1919 597 594 1809 607
1 3600 618
23
303 304 350 1571 529 526 705 345 323 326 1588 1573 1574 1818 1583 1581 1578 1920 2136 1845 1842 1975 853
1 3600 618
8
1681 635 632 1003 901 902 926 1602
1 3600 618
7
2194 411 408 896 913 910 916
1 3600 618
10
646 2132 1531 1534 1545 603 131 128 777 780
1 3600 618
10
985 986 2361 1893 1795 433 359 360 2201 1919
1 3600 618
20
136 683 686 1571 529 530 534 345 342 762 1290 1694 969 965 966 1563 891 821 816 2174
1 3600 618
26
2371 1115 907 904 1128 1681 999 981 978 971 895 896 913 914 443 319 320 473 468 494 510 636 2143 593 590 1842
1 3600 618
7
363 353 356 392 1559 1560 2233
1 3600 618
9
335 336 735 736 2201 2198 2139 2140 1907
1 3600 618
17
2323 2195 139 136 683 686 1571 1568 1707 765 762 1290 1573 1574 1818 1583 1586
1 3600 618
14
350 1571 329 330 355 356 392 1559 739 736 2201 1919 1920 1891
1 3600 618
9
1893 1795 1796 2277 2274 2413 2414 2199 1919
1 3600 618
4
643 646 1607 1602
1 3600 618
10
913 914 443 440 2426 2479 471 468 494 510
1 3600 618
9
1000 1386 643 644 916 615 618 497 494
1 3600 618
4
2277 2274 2416 317
1 3600 618
21
2371 1115 1112 2103 2100 1625 1626 2363 977 980 947 944 895 896 913 914 443 319 320 473 468
1 3600 618
10
2363 977 978 971 895 896 913 914 443 319
1 3600 496
6
308 1276 2264 349 346 682
1 3600 496
6
137 134 1184 1726 1852 979
1 3600 496
7
944 895 896 913 914 443 440
1 3600 496
5
682 1035 913 910 645
1 3600 576
7
1627 1624 2101 1617 1612 1622 2022
1 3600 576
8
986 2361 2353 1995 1992 2002 2008 2447
1 3600 576
9
134 1184 1726 1850 2362 1627 1624 1071 1072
1 3600 576
10
1001 1002 633 634 1680 1129 905 908 2396 2398
1 3600 576
15
894 970 979 980 998 1680 1129 1069 1072 1863 1621 1622 2019 2016 2471
1 3600 576
13
305 302 1277 1278 951 948 2353 2109 1629 1624 2101 2102 1859
1 3600 576
11
2279 2276 1797 1794 1892 2353 2109 1629 1624 1071 1068
1 3600 576
8
1002 633 634 1680 1129 1069 1072 1863
1 3600 576
11
348 2265 1277 1280 1794 1892 2353 2109 1629 1624 2101
1 3600 576
7
1999 1996 2366 2365 1627 1624 2372
1 3600 576
16
689 690 373 333 328 1568 397 394 1698 1724 1669 1672 1999 1992 2004 2106
1 3600 1316
33
1801 497 494 510 636 2143 593 596 1579 1576 963 966 1683 83 80 759 756 837 838 1388 1642 1769 1766 53 50 150 2225 113 114 1685 21 22 13
1 3600 1316
34
253 248 1669 973 961 956 1649 1461 1449 1450 479 474 1428 1433 1409 1405 1401 1399 181 182 1372 1381 1377 1378 1384 681 676 1109 1103 1099 1100 2324 2342 2405
1 3600 506
27
912 897 409 412 683 686 399 396 1707 1704 2056 1249 1246 2182 2185 2186 2193 1647 1637 755 756 844 1383 1384 681 676 1109
1 3600 578
9
2059 2054 2045 1441 1427 1411 1405 1406 1412
1 3600 578
12
1801 497 494 510 636 2300 2141 2138 2199 1587 1584 1731
1 3600 578
20
2364 2367 1997 1998 975 961 956 1649 1461 1462 1453 449 446 1424 1433 1434 2192 71 68 544
1 3600 578
13
374 2059 2056 1249 1246 2115 555 545 69 70 2418 1645 1637
1 3600 574
15
981 976 2362 2364 2367 2355 2352 949 954 253 248 1725 1699 1702 1704
1 3600 574
6
983 986 953 950 2060 251
1 3600 574
10
2323 411 412 683 686 1571 529 526 705 345
1 3600 574
19
634 999 981 976 985 986 2361 1893 1894 1279 1276 303 304 350 1571 329 330 355 356
1 3600 574
21
1115 907 908 2394 2385 2373 1625 1628 2005 1993 1998 1673 1668 989 990 994 1459 1449 1450 449 444
1 3600 574
8
412 683 684 2051 2052 1595 1596 1441
1 3600 574
12
943 944 895 409 412 683 686 399 394 1702 1704 2056
1 3600 574
12
134 1184 983 986 953 950 2060 311 312 401 396 533
1 3600 574
10
319 316 2417 2275 2276 1797 1281 309 310 251
1 3600 584
4
2367 1997 1992 2000
1 3600 584
12
430 2265 1277 309 310 251 248 1669 1670 1515 1512 621
1 3600 584
13
949 954 253 248 1669 1670 1515 1512 1516 1793 1783 1776 1786
1 3600 584
20
981 976 2362 2364 2367 2355 1995 1998 975 961 958 1467 1455 1456 1478 1482 1477 1470 1522 2328
1 3600 1316
29
789 373 374 2059 2054 2037 1593 1594 2049 1445 1442 2069 2070 2076 2460 1375 1195 1192 1212 2345 1365 1360 1357 43 44 141 123 124 1340
1 3600 1316
33
633 634 999 981 978 1853 1727 983 986 2361 949 954 993 990 996 1650 2049 1445 1442 2065 2066 2460 1375 1195 1192 1214 1505 49 50 147 148 155 156
1 3600 1316
22
2367 1997 1998 975 961 956 1649 1461 1462 1453 479 474 1428 1436 1927 1911 1908 2262 2347 1365 1362 2400
1 3600 1316
13
684 2051 2047 1445 1442 2069 2070 2076 2460 1375 1195 1192 1214
1 3600 1096
12
954 993 990 996 1461 1449 1450 449 444 1442 2069 2072
1 3600 1316
16
2355 1995 1998 1673 1670 1475 1472 1521 1518 419 416 2222 197 194 551 548
1 3600 1316
29
2376 2103 1617 1601 813 814 859 856 693 694 708 922 928 936 727 587 584 285 288 2078 1155 1149 235 236 1320 1191 177 174 1220
1 3600 1316
26
2004 1629 1626 293 290 1681 635 630 1386 643 646 2134 1021 1024 787 723 667 664 103 67 62 1989 285 288 297 300
1 3600 1316
23
2389 2386 2105 1617 1601 813 805 802 1609 697 694 708 922 930 1033 1027 787 723 720 769 65 62 2156
1 3600 692
25
2471 2023 1623 1620 1858 2377 1073 1068 1128 1681 635 632 1003 1000 1386 643 644 916 615 616 1545 1540 1525 455 450
1 3600 227
13
2445 2448 2452 2017 2018 1623 1613 1601 813 805 806 856 833
1 3600 398
6
2378 2105 1617 1612 1622 2024
1 3600 398
8
2394 2391 2388 2375 2376 1859 1621 1622
1 3600 398
13
1071 1068 1128 1681 635 632 1003 901 902 711 706 920 2040
1 3600 1316
43
2385 2373 1625 1628 2108 2352 949 954 253 248 989 990 996 1650 1595 1596 1441 1427 1411 1405 1406 1412 1418 1420 1537 1503 49 50 147 148 155 156 1011 463 464 2189 1721 1722 1265 1262 1257 1254 277
1 3600 1316
38
1861 1862 1073 1068 1128 1681 999 947 942 643 644 916 1528 1531 1534 1545 603 131 132 640 810 822 864 1752 2309 2215 1865 1051 1052 2118 1165 1166 1173 1170 241 242 1180 1077
1 3600 1316
26
1112 2377 1073 1070 1625 1628 2108 2352 1893 1795 1796 2277 2274 2413 2414 2139 593 590 1842 1975 1976 1763 1764 2173 1823 1826
1 3600 345
30
2373 1625 1626 2363 985 986 953 950 1279 309 312 401 396 533 534 345 323 326 1588 1573 1574 1820 1585 1581 1565 891 821 818 874 1888
1 3600 381
10
2471 2023 1623 1620 1858 1113 907 904 1128 1681
1 3600 381
9
2107 1629 1626 2363 977 980 998 635 630
1 3600 381
18
2457 2451 2449 2446 2009 2006 2271 2268 1671 1668 249 250 311 308 1280 1796 2277 2278
1 3600 381
10
1993 1994 2352 1893 1894 1279 1276 2264 349 346
1 3600 381
11
2105 2100 1625 1628 2108 2352 1893 1795 433 430 2266
1 3600 381
12
2388 2392 2399 2397 909 904 1128 291 292 2363 1851 1852
1 3600 381
9
2397 909 904 1128 1681 999 981 978 971
1 3600 381
10
2009 2003 1993 1994 2352 2360 987 982 1185 135
1 3600 381
14
2387 2383 2373 1625 1626 2364 2367 2355 2352 1893 1795 1796 2277 2278
1 3600 381
10
2377 1073 1068 1128 1681 635 630 1386 643 644
1 3600 298
7
1861 1862 1073 1070 1625 1628 2005
1 3600 1316
33
2445 2446 2009 2006 2428 2438 2089 1485 1482 1477 1472 2332 2359 2357 1885 1882 2010 2282 2467 2437 2434 2473 1367 717 714 1226 1357 43 44 141 142 2245 2227
1 3600 1316
31
1993 1998 975 961 958 1467 515 512 1453 449 446 1424 1433 1403 1406 279 282 1397 211 208 1377 1378 1384 681 676 1111 1095 487 482 504 1688
1 3600 1316
27
2009 2006 2428 2438 2089 1485 1479 1457 1447 1450 479 474 1428 1433 1409 1405 1401 1399 181 182 109 110 1046 679 676 1111 1095
1 3600 626
17
1626 2364 2367 1997 1998 1673 1668 1725 1699 1702 765 762 1290 1694 969 581 582
1 3600 356
17
1617 1601 795 796 986 953 954 993 990 994 1459 1462 1453 449 446 1424 1433
1 3600 356
21
909 904 1128 291 292 2363 985 986 2361 949 954 253 248 1669 973 961 956 1649 1650 1595 1596
1 3600 368
5
2002 2006 2428 2438 2494
1 3600 368
11
1628 2005 2002 2006 2271 2268 1515 1501 1497 1494 1783
1 3600 368
12
1625 1626 2364 2367 1997 1998 1673 1670 1515 1512 1516 1491
1 3600 368
7
2373 1625 1628 2005 2002 2006 2428
1 3600 1316
36
2446 2009 2006 2271 2268 1475 1470 1518 419 416 2220 2013 2010 2282 2467 2464 2473 1367 717 714 1226 1357 1358 1771 1766 53 50 147 148 155 156 2099 2096 127 124 1342
1 3600 1316
36
1858 2103 1617 1601 795 798 2367 2355 2352 949 950 2060 311 312 1234 1699 1702 765 762 1245 1246 2115 2111 2112 1933 1928 1917 1912 2345 1365 1360 1357 43 44 158 162
1 3600 1316
30
2009 2006 2428 2438 2089 1499 1497 1492 573 576 517 512 1453 479 474 1428 1433 1434 1647 1637 1638 759 756 844 1371 77 78 1046 169 172
1 3600 1316
20
2009 2006 2271 2268 1475 1472 2332 2359 2357 1885 1882 2010 2284 2351 2348 1375 1195 1192 1212 2345
1 3600 1316
18
1626 2363 985 986 953 954 993 990 996 1461 1449 1450 449 444 1442 2069 2070 2074
1 3600 1316
16
2107 2108 1995 1998 975 961 956 1465 1455 1456 1480 1489 1486 415 418 557
1 3600 657
20
1718 27 15 5 2 2209 2206 1317 1318 2303 2155 1081 1074 1188 2120 1745 1742 217 214 2338
1 3600 940
13
1718 2219 2217 2209 1329 1330 2296 2155 2153 1079 1076 1181 267
1 3600 1316
18
25 13 8 1350 1335 1336 2299 1049 93 94 1198 2120 1745 1740 1750 2295 2125 2085
1 3600 1316
21
1684 115 112 2224 151 51 52 2411 2197 1067 1047 1044 421 424 428 1556 1829 1830 1840 2304 2308
1 3600 1316
29
143 140 45 42 1356 1361 1364 2344 1213 1193 1194 1374 2461 2067 2064 1443 1444 2048 1651 997 991 992 955 952 987 797 800 829 830
1 3600 1316
23
2216 17 14 28 151 51 52 2411 2197 1067 1047 1044 421 422 1556 659 656 700 1674 1029 1025 1022 2028
1 3600 274
7
1685 21 18 1353 1354 2213 1335
1 3600 274
4
8 1350 1335 1336
1 3600 219
11
1718 27 15 5 2 2209 2206 1317 1318 2303 2155
1 3600 571
17
1352 19 20 1684 1716 1720 2188 2477 507 483 480 1692 1955 1952 1949 1947 629
1 3600 1316
36
846 2226 2244 143 123 126 2097 2098 157 154 149 146 51 52 1767 1768 1643 1389 839 836 757 758 81 82 1682 967 962 1577 1580 1586 2198 2415 2412 2416 499 321
1 3600 1316
23
846 2228 143 140 45 42 1356 1361 1364 2344 1913 1916 1929 73 68 544 552 2183 1247 1248 2057 2058 375
1 3600 1316
41
847 848 1684 1716 1720 2190 461 462 1008 507 483 486 1094 1110 677 680 1385 1379 1376 209 210 1394 1398 1400 1404 1410 447 448 1452 513 516 577 574 1483 1484 2088 2439 2429 2007 2008 2447
1 3600 263
8
12 23 20 1684 1718 27 15 5
1 3600 358
7
115 112 2224 151 147 148 2250
1 3600 358
5
12 23 20 1684 1716
1 3600 358
10
16 2218 1719 1716 1720 2188 2477 507 483 480
1 3600 358
12
3 4 14 26 1719 1716 1720 2190 461 464 1711 1714
1 3600 358
7
151 147 148 2250 485 482 504
1 3600 358
12
11 12 24 2226 2244 143 123 126 2097 2098 157 152
1 3600 376
13
2244 143 123 124 1340 2246 2097 2098 157 154 149 144 2259
1 3600 1316
20
1355 1352 19 20 1684 115 112 2224 151 51 52 2411 1979 1643 1389 839 836 842 888 892
1 3600 1316
28
1355 9 12 24 2228 143 140 45 42 1356 1361 1364 2346 2263 1909 1910 1926 1437 1425 1426 1440 2044 2055 1705 1706 1569 329 330
1 3600 1316
29
1684 115 112 2224 151 51 48 1504 1982 2344 1213 1193 1194 1374 2349 2350 2285 2011 2012 2221 417 418 1519 1471 1474 2269 2270 2428 2440
1 3600 269
11
2213 1351 1352 19 20 1684 115 112 2224 2236 2238
1 3600 313
10
1685 849 846 2226 2244 143 140 158 160 166
1 3600 1316
15
2218 1719 1716 1720 2188 2477 507 483 486 1094 1110 677 678 169 170
1 3600 1316
7
2244 143 140 45 42 1356 1361
1 3600 1316
10
2216 17 14 28 151 51 48 1504 1215 1193
1 3600 1316
34
1716 1720 2190 461 462 1010 157 154 149 144 2259 1091 1094 1107 1108 677 678 1066 2196 2410 1767 1770 1359 1356 1227 715 716 1366 2472 2435 2436 2466 1987 1984
1 3600 822
10
2191 1721 1722 1265 1266 1081 1074 177 174 1220
1 3600 731
7
504 1686 1305 1301 1302 1041 1038
1 3600 1012
12
480 1692 2342 1305 1301 1302 1165 259 256 2091 2079 289
1 3600 1316
34
462 1008 1713 1689 1690 2407 2404 2343 2325 1101 1096 1945 1942 1937 1940 1901 1898 1905 1902 1811 1816 883 881 827 811 775 770 862 793 783 786 1025 1013 1018
1 3600 1316
37
2178 2404 2343 1955 1952 1949 1947 601 598 1657 1662 1869 1059 1056 2167 2165 869 870 853 609 610 1808 1906 2301 637 521 524 1530 2133 1607 1604 673 674 922 928 936 2420
1 3600 1316
21
2190 461 466 2098 157 154 149 146 51 48 1504 1982 2344 1213 1193 1194 1374 2349 2350 1511 1506
1 3600 285
7
1717 1718 2219 2217 2209 1329 1326
1 3600 206
6
1721 1722 1265 1262 1270 2150
1 3600 206
6
2188 1711 1714 2147 2033 2034
1 3600 172
18
464 2477 1713 1689 1686 1305 1306 1939 1940 1901 1898 1905 1902 1811 1814 1830 541 538
1 3600 548
27
1692 2325 2287 1961 1959 1945 627 628 601 598 1657 1660 873 876 489 492 2336 1847 591 592 2142 637 521 522 1807 1802 2135
1 3600 1316
34
462 1008 507 483 486 1094 1110 677 680 1385 1379 1376 209 210 1396 283 278 1407 1404 1408 1432 1429 1430 1440 1597 1594 2053 2050 685 682 1035 913 910 645
1 3600 1316
36
2178 2404 2343 2325 1101 1098 1104 677 680 1385 1382 1391 839 840 185 180 1398 1400 1402 1432 1429 475 478 1451 1446 1456 1478 1484 2088 2439 2429 2007 2008 2459 2456 2470
1 3600 181
8
483 484 2251 149 146 150 2225 113
1 3600 181
10
1691 1688 1712 2476 2189 1721 1717 1685 21 22
1 3600 181
12
1715 1712 1009 1010 2099 2096 127 122 142 2229 25 23
1 3600 257
4
2406 1691 505 483
1 3600 224
6
1691 505 483 486 1090 2260
1 3600 224
5
486 1094 1107 1108 677
1 3600 224
11
484 2251 149 146 51 52 1767 1768 1643 1389 1390
1 3600 224
17
2476 465 466 2098 157 154 149 144 2259 1091 1094 1110 677 678 1047 1044 427
1 3600 224
7
503 483 486 1094 1110 677 680
1 3600 356
16
2404 2343 2325 1101 1098 1104 677 680 1385 1382 845 757 754 1636 1644 2419
1 3600 1195
21
481 484 2251 149 146 51 48 1502 1536 1421 1419 1416 1646 2192 2187 2184 2183 1247 1244 763 343
1 3600 1316
32
2178 2404 2343 1955 1952 1949 1947 601 598 1897 1547 1548 423 420 1045 111 108 183 180 1395 1396 283 278 1407 1404 1410 447 448 1452 513 516 577
1 3600 571
7
153 156 2099 2096 2247 1341 1342
1 3600 149
7
481 482 502 153 154 149 144
1 3600 469
14
461 462 1010 157 154 149 146 51 52 1767 1768 1643 1640 1654
1 3600 1195
15
2404 2343 2325 1101 1098 1104 677 678 1066 1973 1968 1980 1363 1364 2346
1 3600 1316
23
505 502 153 154 149 144 163 159 45 42 1356 1227 715 716 1366 2472 2465 2466 2283 2011 1883 1880 2221
1 3600 1316
21
153 154 149 144 163 159 45 42 1356 1227 715 716 1366 2472 2435 2436 2466 1987 193 194 551
1 3600 1195
30
1768 1971 1972 1067 679 676 1105 1099 1100 2324 2342 2405 1965 1962 2117 1265 1266 2153 1079 1074 177 174 189 190 201 198 1252 1237 1240 1618
1 3600 773
22
1385 1379 75 78 1044 427 428 1556 1829 1830 541 538 1052 1159 1156 1166 1177 1174 1178 1922 245 242
1 3600 692
11
1047 1044 421 422 1556 1829 1830 1840 2304 1877 1878
1 3600 940
26
2261 1091 1094 1107 1103 1099 1087 1082 1937 1940 1901 1898 1905 1827 1813 1814 1828 659 655 652 700 1674 1029 1025 1013 1018
1 3600 1316
28
1067 1047 79 76 1370 845 757 758 81 61 56 580 968 1728 1577 1578 597 592 2142 637 511 508 617 612 2133 1607 1604 941
1 3600 1316
15
1047 1044 421 424 428 1556 659 656 700 791 783 786 1025 1022 2028
1 3600 822
13
1388 1642 1978 2410 53 50 150 29 15 16 2217 2209 1329
1 3600 381
13
487 482 506 2476 465 460 2191 1721 1722 1265 1262 1270 2150
1 3600 381
16
1641 1393 1373 109 110 1044 421 422 1549 1546 1900 1941 1938 1307 1301 1298
1 3600 363
4
1961 1959 1945 1942
1 3600 363
8
1633 887 888 821 818 874 1888 2488
1 3600 363
14
1107 1103 1099 1096 1945 627 628 601 598 1657 1658 1833 1825 1813
1 3600 363
10
676 1105 1099 1096 1945 627 628 1309 1301 1302
1 3600 363
13
845 842 888 821 818 874 1888 2488 2167 2168 2177 2171 1823
1 3600 295
29
1771 1768 1643 1389 839 840 761 758 81 61 56 580 968 1730 1585 1586 2198 2415 2412 2416 499 500 2478 1799 619 612 2133 1607 1602
1 3600 295
18
1363 1364 2346 2263 1935 55 56 580 965 962 1577 1578 1918 2198 2415 2412 2416 499
1 3600 454
16
1363 1364 2344 1913 1916 1929 1932 2113 2110 2114 1247 1248 2057 2058 375 372
1 3600 1316
38
2261 1091 1094 1107 1108 677 680 1385 1379 1376 209 210 1394 1398 1400 1404 1408 1432 1429 475 478 1451 1448 1460 1648 957 960 974 1999 1996 2366 2365 293 290 1129 905 908 2396
1 3600 454
13
420 1045 1046 1066 2196 2410 53 50 150 29 15 5 2
1 3600 365
11
1384 681 676 1109 1106 1095 487 482 506 1009 463
1 3600 365
10
1771 1766 53 50 147 148 155 156 1011 1008
1 3600 365
13
1634 1551 1546 1896 599 600 1946 1948 1953 1954 2342 1687 1690
1 3600 365
13
1044 427 428 1549 1546 1900 1941 1938 1307 1304 2405 2179 2180
1 3600 365
8
2197 1067 679 676 1105 1099 1100 2324
1 3600 365
14
78 1044 421 422 1549 1546 1896 599 600 1946 1948 1953 1954 1693
1 3600 365
11
1641 1642 1769 1766 53 50 147 148 155 156 1011
1 3600 342
4
1110 677 678 169
1 3600 342
7
1548 429 426 1045 79 76 1370
1 3600 408
13
2261 1091 1094 1107 1108 677 680 1385 1379 1376 209 210 1394
1 3600 408
10
1635 887 843 757 760 213 210 1396 283 280
1 3600 408
9
111 108 183 180 1398 283 278 1407 1404
1 3600 408
13
1550 1635 887 843 757 754 1636 1644 2419 71 68 544 554
1 3600 408
16
1094 1110 677 680 1385 1382 845 757 758 1639 1636 1644 1931 1932 2113 2110
1 3600 408
10
1981 1969 1970 1643 1389 839 840 213 210 1396
1 3600 408
8
845 757 758 81 82 583 580 968
1 3600 408
12
1372 1392 1389 839 840 761 758 81 82 583 580 968
1 3600 408
9
1979 1643 1389 839 836 842 888 890 1564
1 3600 408
9
1392 1389 1390 845 757 758 81 61 54
1 3600 408
12
1091 1094 1107 1108 677 680 1385 1382 1391 839 840 185
1 3600 285
19
420 1045 111 108 183 180 1398 283 280 1419 1413 1407 1404 1410 1426 1440 1597 1594 1651
1 3600 1096
25
1110 677 678 1066 1973 1970 1769 1770 1359 1356 1227 715 716 1366 2472 2465 2466 2283 2011 1883 1884 2356 2358 2333 1473
1 3600 1316
5
53 50 150 2236 2240
1 3600 274
11
426 1045 1046 679 676 1111 1095 1090 2258 163 160
1 3600 386
5
1969 1970 1769 1770 2408
1 3600 386
10
1045 1046 1066 2196 2410 1767 1770 1359 43 46
1 3600 306
7
2197 1973 1968 1980 1363 1364 2346
1 3600 1012
16
1359 1356 1361 1364 2344 1213 1193 1194 1374 2461 2077 2074 2350 2285 2011 1883
1 3600 1316
17
1379 1376 209 210 1396 1400 1402 1432 1425 447 448 1452 513 516 578 1486 415
1 3600 1316
30
1728 1577 1578 597 594 1543 1540 1539 1527 455 452 770 864 1754 2307 1867 1051 1052 2118 1041 1042 245 246 179 174 1220 205 202 1230 1243
1 3600 1316
23
891 821 818 874 1886 1869 1059 1054 1064 1837 1825 1813 1814 1830 541 538 1052 1159 1149 1150 1162 1170 241
1 3600 822
30
1405 1406 1412 1418 1422 1638 81 82 1682 1563 1564 1580 1586 2198 2139 2140 1907 1809 607 131 132 640 810 822 862 793 663 664 103 106
1 3600 692
26
280 1419 1416 1646 2192 2187 2184 2183 1247 1248 2057 1705 1703 395 398 687 682 413 408 894 945 942 899 902 926 1604
1 3600 940
23
283 278 1407 1404 1410 1426 1438 1443 477 478 1451 1448 1458 995 991 992 955 948 2353 2354 2366 799 800
1 3600 1316
24
757 754 1636 1646 1435 1432 1425 447 448 1451 1446 1456 1478 1484 2088 2439 2429 2007 2008 2447 2448 2452 2017 2020
1 3600 1316
24
181 184 761 756 842 886 1634 1551 1546 1900 1941 1938 1307 1301 1297 459 439 436 389 390 406 1272 1274 1312
1 3600 597
30
59 56 580 965 962 1577 1578 597 594 1543 1540 1525 455 450 2319 2320 719 720 769 65 62 1989 285 286 2124 2294 1751 261 266 1180
1 3600 295
14
1536 1421 1422 755 756 842 888 892 2158 2174 1661 1656 599 600
1 3600 295
20
841 838 1388 1393 1373 109 110 1044 427 428 1549 1546 1900 1941 1938 1307 1301 1297 1294 2130
1 3600 411
20
68 544 552 2183 1247 1248 2057 1705 1703 1698 1235 313 308 1280 1796 2277 2274 2416 317 314
1 3600 411
18
1420 1908 1935 55 56 580 968 1730 1585 1586 2198 2139 2142 637 511 495 469 472
1 3600 411
16
1395 211 212 841 836 842 888 821 818 876 489 490 1845 591 594 1543
1 3600 411
16
68 542 2110 2114 1247 1244 1290 1573 1574 1818 1583 1581 1578 1920 2136 1845
1 3600 411
19
1416 1637 1638 81 82 1682 1563 1564 1578 1920 2136 491 492 2145 1975 853 779 776 879
1 3600 411
16
2113 2110 2114 1247 1244 763 764 1706 1569 1570 687 682 1035 913 910 916
1 3600 403
21
55 56 580 968 1695 1589 327 322 344 535 532 397 400 313 310 2061 951 952 987 984 1851
1 3600 403
8
1577 1580 1586 2198 2415 2412 2275 2278
1 3600 403
13
2110 2114 1247 1248 2057 1705 1703 395 398 351 305 302 1277
1 3600 822
23
580 968 1730 1821 1575 1572 1291 763 764 1703 1698 1724 249 252 955 952 987 984 2362 293 290 1129 1069
1 3600 1316
21
583 57 54 1934 2262 2347 1365 1360 1357 43 44 141 142 2245 2227 847 848 1684 1718 27 15
1 3600 424
17
184 841 838 1390 1383 1384 681 676 1109 1106 1095 487 482 506 2476 465 460
1 3600 421
7
838 1390 1371 77 78 1044 427
1 3600 421
14
582 1682 1563 891 821 816 2174 1661 1656 599 600 1946 1950 1960
1 3600 421
5
184 761 756 842 886
1 3600 421
3
843 844 1371
1 3600 421
8
1909 1421 281 282 1399 181 182 109
1 3600 421
7
1665 1551 1548 423 420 1045 1046
1 3600 421
12
838 1388 1393 1381 1377 1378 1384 681 676 1105 1099 1100
1 3600 421
9
756 844 1383 1384 681 676 1111 1095 1090
1 3600 421
20
543 69 72 1930 1645 1637 755 756 842 886 1634 1551 1546 1900 1941 1936 1943 1944 1958 1960
1 3600 421
4
1563 891 889 886
1 3600 421
8
892 1665 1551 1548 429 426 1045 111
1 3600 313
4
1418 1422 1638 81
1 3600 313
6
279 282 1397 211 212 841
1 3600 399
13
1926 1437 1429 1430 1438 1443 1444 2046 2050 1701 1698 1235 1232
1 3600 399
11
1909 1910 1926 1437 1429 475 478 1452 1463 1460 1648
1 3600 399
16
59 60 80 1639 1636 1646 1435 1432 1425 1426 1440 1597 1594 1651 1648 1465
1 3600 399
13
80 1639 1423 1419 1413 1407 1404 1410 1426 1438 1443 1444 2046
1 3600 399
13
82 1682 967 962 1729 1695 1589 327 322 344 535 532 397
1 3600 399
8
1423 1419 1413 1407 1402 1432 1425 447
1 3600 399
8
2114 1247 1248 2057 1705 1703 1698 1724
1 3600 399
10
1910 1415 1416 1644 2419 2187 2184 2183 1247 1244
1 3600 399
17
1564 1580 1582 1819 1575 1572 1291 1245 1248 2483 2039 1593 1594 1651 1648 1465 1455
1 3600 399
10
1929 73 68 544 552 2183 1247 1244 763 343
1 3600 399
10
552 2183 1247 1244 763 343 323 324 732 1558
1 3600 399
12
1636 1646 1435 1432 1429 1430 1438 1443 445 448 1452 513
1 3600 306
17
545 69 70 2193 1435 1432 1429 475 478 1452 513 516 577 572 623 624 2496
1 3600 1316
12
2193 1647 1417 1414 1911 1537 1503 49 50 150 2236 2242
1 3600 877
14
1683 83 80 759 756 837 838 1388 1642 1978 2410 53 50 147
1 3600 398
8
80 759 756 844 1391 1388 1640 1654
1 3600 424
12
1396 283 280 1419 1414 1924 1917 1912 2345 1365 1360 1357
1 3600 424
6
1406 1412 1414 1911 1908 2262
1 3600 424
9
969 581 57 54 1934 2262 2347 1983 1505
1 3600 298
9
1924 1917 1912 1213 1193 1194 1374 2461 2067
1 3600 877
20
962 1729 1695 1291 1245 1248 2483 2039 1593 1594 2049 1445 1442 2065 2066 2077 2074 2350 1511 1508
1 3600 1316
33
323 324 732 739 736 2201 1919 597 592 2140 1907 1809 607 131 132 640 775 772 785 782 663 660 105 67 62 1989 285 286 97 100 216 1758 271
1 3600 1316
31
1588 1573 1574 1818 1583 1586 1919 597 594 1543 1540 1525 455 450 2315 785 723 667 664 712 65 62 1989 285 286 97 98 2126 1757 1743 1746
1 3600 1316
24
731 732 1560 2233 2234 2201 1919 1920 2136 491 492 2145 1975 1976 1763 1760 883 884 1830 541 538 1052 2118 1165
1 3600 877
12
328 1570 687 682 413 408 894 945 942 899 902 926
1 3600 731
22
528 1570 351 348 2265 1277 1278 1895 1892 2353 2354 2366 2365 293 294 1599 813 805 802 1610 693 698
1 3600 1096
19
327 322 344 535 532 397 400 1234 1724 1669 1670 2269 2270 2007 2008 2459 2456 2023 2024
1 3600 1316
28
534 345 323 326 1588 1694 1728 963 966 1563 891 892 2158 2174 1661 1656 599 600 1309 1301 1298 1289 385 367 368 1259 1254 277
1 3600 1316
30
956 1649 1650 1595 1596 1441 1427 1411 1405 1401 1397 211 208 1377 1378 1384 681 676 1105 1099 1100 2324 2342 2405 1965 1962 2117 1265 1262 1257
1 3600 469
18
1433 1403 1406 279 282 1399 181 182 109 110 1044 421 422 1549 1546 1900 1941 1936
1 3600 554
14
339 340 358 432 1796 2277 2274 2416 499 473 468 494 508 1535
1 3600 554
21
1466 959 960 972 1668 1725 1235 401 396 1569 329 330 355 352 335 340 360 2201 1919 1920 2136
1 3600 554
23
444 1444 2048 1595 1592 2038 2482 1249 1244 1290 1573 1574 1820 1585 1581 1578 1920 2136 491 492 2145 1975 871
1 3600 554
14
1463 1460 997 991 988 249 250 311 308 1280 1796 2277 2274 2413
1 3600 553
7
328 1570 687 682 137 138 1187
1 3600 553
6
397 398 351 305 302 1277
1 3600 553
10
476 1444 2046 2050 685 682 1035 913 914 443
1 3600 553
13
1558 393 339 340 358 432 1796 2277 2274 2416 317 314 2427
1 3600 553
18
2481 2039 2036 2055 1705 1706 397 400 313 310 2061 951 948 2360 987 984 977 980
1 3600 553
5
327 324 732 1558 2210
1 3600 553
10
991 988 249 250 2061 1279 1276 303 304 346
1 3600 553
7
2048 2053 2050 685 347 348 431
1 3600 553
14
2183 1247 1248 2057 1705 1703 1698 1724 1669 1672 1999 1996 2366 799
1 3600 469
13
351 348 431 432 1794 1892 2353 1995 1992 2002 2008 2447 2444
1 3600 469
10
1570 351 305 302 1277 1278 951 948 2353 2109
1 3600 1316
22
1461 1449 1450 479 476 1442 2065 2066 2460 1375 1195 1192 1212 2345 1365 1360 1357 43 44 141 142 2245
1 3600 1316
19
2039 2036 2045 1441 1431 1428 1436 1927 1911 1537 1503 49 50 147 148 2250 485 482 504
1 3600 306
15
356 392 1559 733 325 326 1588 1694 1730 1585 1581 1565 891 892 1665
1 3600 592
7
1588 1291 1245 1246 2182 2185 2186
1 3600 592
10
1427 1424 1433 1434 1647 1637 755 756 842 888
1 3600 592
12
1702 1704 2056 1249 1246 2115 2111 2112 1933 1928 1925 1911
1 3600 592
10
1246 2182 2185 2186 2418 1645 1417 1418 1420 1908
1 3600 592
10
474 1428 1433 1409 1405 1401 1397 211 212 841
1 3600 592
11
2481 2039 1593 1596 1441 1431 1428 1436 1927 1911 1908
1 3600 592
10
2210 735 736 2201 1919 1920 1891 877 819 820
1 3600 592
11
1445 1442 1439 1427 1411 1405 1406 1412 1418 1422 755
1 3600 592
5
1704 2056 1249 1246 2115
1 3600 592
4
765 762 1290 1694
1 3600 592
3
1411 1405 1406
1 3600 592
11
526 705 345 342 762 1245 1246 2182 553 545 69
1 3600 592
9
326 1588 1573 1574 1818 1583 1581 1565 891
1 3600 592
7
733 325 326 1588 1694 969 965
1 3600 592
6
1596 1441 1427 1424 1433 1403
1 3600 592
12
988 1725 1699 1702 765 762 1290 1573 1574 1820 1585 1581
1 3600 592
13
1568 1707 1704 2056 1249 1246 2115 2111 2112 1933 1930 1645 1417
1 3600 554
4
959 960 972 1668
1 3600 554
3
1559 733 325
1 3600 554
7
990 996 1650 1595 1592 2038 2480
1 3600 554
8
399 394 1700 2051 2052 1651 1461 1458
1 3600 559
13
344 535 532 397 400 1234 1724 1669 1670 2269 2270 2428 2440
1 3600 559
9
1445 445 448 1451 1446 1456 1480 1489 579
1 3600 559
14
1430 1438 2069 2070 2074 2350 2285 2011 2012 2231 2223 417 418 2330
1 3600 559
15
357 354 331 328 1568 397 400 1234 1724 1669 1670 1515 1512 621 624
1 3600 559
13
2356 2358 1487 579 517 514 1464 957 960 974 1999 1992 2000
1 3600 559
10
478 1451 1446 1456 1478 1484 2088 2439 2429 2007
1 3600 559
16
357 354 403 371 374 2059 2054 2037 1593 1594 1651 1648 1465 1455 1456 1478
1 3600 559
8
2052 1651 1648 1465 515 516 577 574
1 3600 559
11
513 516 578 1486 415 416 2222 197 194 1991 571
1 3600 559
11
1594 1651 1648 1465 515 516 577 572 623 624 2498
1 3600 559
15
1445 445 448 1451 1446 1456 1478 1482 575 572 1493 1490 1517 117 120
1 3600 559
13
328 1570 351 305 302 1277 1278 1895 1892 2353 2109 2005 2000
1 3600 559
10
399 400 313 310 251 248 1669 1670 2269 2270
1 3600 559
13
327 322 342 764 1703 1698 1724 1669 1670 1515 1512 621 624
1 3600 559
12
1703 1700 2051 2047 1445 477 478 1452 513 516 578 1486
1 3600 559
6
988 1669 1670 2269 2270 2428
1 3600 1316
25
444 1442 2065 2066 2460 1375 1195 1192 1212 2345 1365 1360 1357 43 44 141 142 2229 847 848 1684 115 112 2224 2236
1 3600 1316
19
2357 1885 1882 2010 2282 2467 2437 2434 2473 1367 717 714 1226 1357 43 44 158 160 166
1 3600 1316
25
1233 401 396 1707 1704 2056 1249 1246 2182 553 545 69 72 1928 1917 1912 2345 1365 1362 1981 1969 1972 1067 169 170
1 3600 571
13
530 534 345 342 762 1245 1246 2115 2111 2112 1933 1928 1917
1 3600 571
14
705 345 342 762 1245 1246 2182 553 545 69 72 1928 1917 1914
1 3600 543
13
354 331 332 374 2059 2054 2045 1441 1438 2069 2070 2074 2350
1 3600 543
6
1432 1425 1426 1438 2065 2066
1 3600 543
17
1572 1291 763 764 1703 1700 2051 2047 1445 1442 2069 2070 2074 2350 2285 2282 2467
1 3600 543
6
1724 1669 973 961 958 1468
1 3600 526
14
973 961 958 1467 515 516 578 1486 415 416 2222 197 194 551
1 3600 526
12
1467 515 516 578 1486 415 416 2222 197 194 551 548
1 3600 1316
35
1488 1481 1457 1454 1464 1649 997 991 992 955 952 987 797 800 834 1609 697 694 706 749 750 727 587 584 285 288 297 300 41 38 271 272 1147 1137 1140
1 3600 1316
32
2334 2001 2004 1629 1615 1601 813 814 859 856 693 694 708 675 670 1017 1012 1024 787 784 2311 2312 2309 2215 1865 537 538 1052 2118 1165 1166 1173
1 3600 1316
37
2329 1523 1520 1473 1474 1671 1668 249 252 955 948 2360 987 982 1185 1186 2194 411 408 894 945 942 643 646 2134 1021 1024 1028 1675 701 702 105 67 62 1989 285 288
1 3600 1316
21
2429 2007 2003 2004 1629 1615 1601 813 805 802 1609 697 694 708 922 930 1033 1027 787 723 720
1 3600 940
21
2327 1523 1471 1474 1671 1672 1999 1996 2366 2365 2363 977 980 947 942 643 648 711 708 922 930
1 3600 940
13
1787 121 116 1513 1514 1671 1672 1999 1994 2109 2106 1855 1856
1 3600 1316
34
2359 2357 1885 1882 2010 2282 2467 2464 2473 1367 717 714 1224 2345 1983 1505 49 50 147 148 155 156 2099 467 464 1711 1714 2147 2117 1265 1260 1317 1311 1312
1 3600 1316
28
1485 1479 1457 1447 1450 449 446 1411 1405 1406 279 282 1397 211 208 1377 75 78 1044 421 424 428 1549 1546 1896 599 600 1309
1 3600 1316
24
575 576 517 512 1453 449 446 1424 1433 1434 1647 1637 1638 759 756 842 888 821 818 874 1888 2488 1057 1060
1 3600 469
18
1474 1671 1668 249 250 311 308 1280 1796 2277 2274 2416 499 500 471 468 494 510
1 3600 537
21
1520 2332 1487 579 517 514 1464 957 960 972 1668 249 252 955 952 987 982 1185 135 138 2194
1 3600 537
6
1500 1514 1671 1672 1999 1996
1 3600 537
14
1498 1485 1479 1457 1454 1464 1649 1650 2053 2050 1701 395 398 687
1 3600 537
11
517 514 1464 957 960 972 1668 249 250 2061 1279
1 3600 581
14
1481 1457 1454 1466 959 960 974 1999 1994 2354 2366 2365 1627 1624
1 3600 581
3
2003 2004 2106
1 3600 581
13
579 577 574 1483 1484 2088 2439 2429 2007 2008 2447 2448 2452
1 3600 581
25
565 559 556 419 414 1487 579 517 514 1464 1649 997 991 992 955 948 2360 987 984 2362 293 290 1129 905 906
1 3600 581
12
577 572 1493 1496 1498 2088 2439 2429 2007 2008 2447 2444
1 3600 1316
37
2089 1485 1482 1477 1470 1520 2331 419 416 2222 197 192 1986 2467 2437 2434 2473 1367 717 714 1226 1357 43 44 158 162 145 148 155 156 2099 467 460 2191 1721 1717 1685
1 3600 1316
24
2331 419 416 2222 2230 2013 2010 2284 2351 2348 1375 1195 1192 1214 1505 49 50 147 148 2250 485 482 504 1690
1 3600 1096
28
2329 565 559 556 419 416 2220 2013 2010 2284 2351 2075 2071 2068 1439 1431 1428 1433 1403 1406 1412 1418 281 282 1399 181 182 1372
1 3600 306
12
579 517 512 1453 479 474 1428 1433 1434 2192 2418 1931
1 3600 568
15
2499 625 622 573 576 517 512 1453 479 476 1444 2048 1595 1592 2036
1 3600 568
18
1785 1777 1782 1792 1517 1513 1514 1671 1668 1725 1235 401 396 1569 329 330 355 356
1 3600 568
12
2443 2438 2089 1485 1479 1457 1447 1450 449 446 1424 1433
1 3600 568
20
570 1990 195 196 2230 2013 2010 2284 2351 2075 2071 2068 1439 1440 2044 2055 1705 1706 533 531
1 3600 568
12
1791 119 116 1513 1514 1671 1668 1725 1699 1702 765 762
1 3600 568
12
2431 2007 2003 1993 1994 2352 1893 1795 433 430 349 350
1 3600 568
14
1781 1782 1495 1492 573 576 517 514 1464 1649 1650 1595 1592 2036
1 3600 568
8
1476 1483 1479 1457 1454 1464 957 960
1 3600 568
8
2495 2089 1485 1479 1457 1454 1466 959
1 3600 568
7
1487 579 517 512 1453 449 444
1 3600 568
14
118 1785 1777 1782 1495 1492 573 576 517 512 1453 479 476 1442
1 3600 568
21
564 1523 1520 2332 2359 2357 1885 1882 2010 2284 2351 2075 2071 2068 1439 1431 1428 1433 1434 2192 2187
1 3600 568
12
1491 1492 573 576 517 514 1464 1649 1650 1595 1592 2036
1 3600 568
16
578 1488 1481 1457 1447 1450 449 444 1444 2046 2050 1701 395 396 533 534
1 3600 568
14
2327 1523 1471 1474 1671 1668 1725 1235 401 396 1569 329 330 355
1 3600 568
4
1514 1671 1668 249
1 3600 568
10
2271 2268 1671 1668 1725 1699 1700 2051 2052 1595
1 3600 469
8
579 577 572 1493 1494 1783 1776 1786
1 3600 469
3
1499 1497 1494
1 3600 469
4
1512 1516 1793 1783
1 3600 1316
30
1791 1785 1777 1782 1495 1492 573 574 1477 1470 1518 419 416 2222 197 192 1986 2467 2464 2473 1367 717 714 1226 1357 43 44 141 123 124
1 3600 1316
40
1787 1777 1782 1495 1496 1498 1485 1482 1477 1472 2332 2359 2357 1885 1882 2010 2282 2467 2437 2434 2473 1367 717 714 1224 2345 1365 1362 1981 1969 1972 1067 679 676 1109 1106 1095 1090 2258 1345
1 3600 1316
18
1457 1447 1450 449 446 1411 1405 1401 1397 211 208 1377 1378 1384 681 678 169 170
1 3600 1012
18
1492 573 574 1477 1472 2331 419 416 2222 197 192 1986 2467 2464 2473 1367 717 714
1 3600 298
18
625 622 573 574 1477 1470 1520 2332 2359 2357 1885 1882 2010 2282 2467 2437 2434 2473
1 3600 520
8
1518 419 416 2220 2013 2010 2284 1511
1 3600 520
18
1781 1782 1495 1496 1498 1485 1482 1477 1472 2331 419 416 2222 197 192 1984 571 566
1 3600 520
13
2429 2271 2268 1475 1470 1518 419 416 2222 197 194 551 546
1 3600 520
12
574 1477 1472 2332 2359 2357 1885 1882 2010 2284 1511 1508
1 3600 1316
23
1339 125 122 142 2245 2227 25 13 10 1353 1354 2213 1335 1336 1207 87 84 1204 2205 1145 1146 273 270
1 3600 1316
15
1340 2246 2097 467 464 2189 1721 1722 1265 1266 1081 1074 1190 1321 237
1 3600 1316
36
2243 2237 2225 113 114 1718 2219 2217 2209 1329 1330 1049 229 225 226 1229 203 206 191 188 175 178 247 244 1735 1732 2289 2290 2125 287 284 1988 63 66 104 703
1 3600 1316
32
126 2097 2098 1011 1008 1713 1689 1686 1305 1308 601 598 1657 1658 2162 2487 1065 1062 2176 2402 1765 1760 883 881 827 822 862 793 663 664 712 766
1 3600 1316
32
2237 2225 113 114 1685 21 18 1353 1350 1335 1325 1330 1049 93 94 1200 2123 2120 265 260 1748 2127 99 96 287 284 585 586 726 751 748 918
1 3600 1316
34
1339 125 122 140 45 42 1356 1227 715 716 1366 2472 2435 2436 2466 2283 2011 1883 1884 2356 2358 2333 1473 1476 1483 1484 2088 2439 2429 2007 2008 2459 2456 2023
1 3600 1316
12
142 2229 847 848 1684 1718 27 15 5 2 2209 2206
1 3600 1316
11
123 126 2097 2098 157 152 503 504 1690 2407 1965
1 3600 1316
17
1340 2246 2097 2098 157 152 503 483 480 1692 1955 1952 1949 1947 601 598 1657
1 3600 1316
42
2243 2237 29 15 16 2217 2209 1329 1330 1049 221 218 230 1229 203 204 1221 175 178 247 244 1923 1039 1040 2119 1053 1050 1864 1873 1876 2308 1753 865 823 811 641 638 1541 1544 509 495 469
1 3600 1316
54
2239 2237 2225 113 114 1685 21 18 1353 1354 2213 1335 1325 1326 1631 1591 1313 1310 1318 2303 2155 2153 1079 1076 1181 267 260 1750 2295 2125 287 284 1988 63 64 768 721 718 2321 2318 451 454 1524 1541 1544 509 495 469 470 501 498 2417 2275 2272
1 3600 1316
44
2241 2237 29 15 5 2 2209 1329 1324 1336 1207 87 88 94 1198 2120 265 262 2289 255 256 2091 2079 289 284 585 586 726 937 929 923 709 695 692 857 858 815 812 1600 1616 2104 2387 2388 2392
1 3600 180
10
122 142 2245 2227 847 848 1684 115 112 2224
1 3600 376
9
125 126 2097 467 464 1711 1689 1690 2407
1 3600 940
10
126 2097 2098 1011 1008 1713 1689 1686 2343 2325
1 3600 1316
22
2239 2237 151 147 148 2250 485 480 1692 2342 1305 1306 1939 1940 1901 1547 1550 1664 893 890 1564 1580
1 3600 1316
15
2243 2237 151 51 48 1502 1536 1908 1935 55 56 580 968 1695 1589
1 3600 1316
23
125 122 140 45 42 1356 1227 715 716 1366 2472 2465 2466 2283 2011 2012 2221 417 418 2330 1473 1474 2269
1 3600 822
12
2237 2225 113 114 1685 849 846 2228 143 123 124 1342
1 3600 206
5
122 140 158 160 164
1 3600 206
6
1339 1340 2246 2097 2098 157
1 3600 1316
15
123 126 2097 2098 157 154 149 146 51 52 2411 1979 1643 1640 1654
1 3600 1316
8
1339 125 122 140 45 42 1356 1361
1 3600 1316
15
2239 2237 151 51 48 1504 1982 2344 1225 715 716 1366 2472 2435 2436
1 3600 1316
17
2243 2237 151 51 48 1504 1982 2344 1225 715 716 1366 2472 2465 2466 1987 193
1 3600 1316
21
145 148 2250 485 482 506 1713 1714 2147 2117 1265 1262 1270 1079 1074 177 174 189 186 198 1252
1 3600 1316
17
145 148 2250 485 480 1692 2342 1305 1301 1302 1165 1157 1154 2090 2083 1967 41
1 3600 1316
21
165 161 162 145 148 155 152 503 504 1690 2407 1965 1962 2033 2034 1287 1282 1299 1302 1165 259
1 3600 1316
26
1349 1344 2259 1091 1094 1107 1103 1099 1087 1088 1552 1939 1940 1901 1898 1905 1902 1811 1816 855 779 776 809 775 772 2314
1 3600 1316
34
161 162 2259 1091 1094 1107 1103 1099 1096 1945 627 628 601 598 1657 1662 1869 1870 2488 2167 2165 2031 1977 853 779 776 809 775 772 785 786 1026 1032 931
1 3600 1316
32
167 161 159 45 42 1356 1361 1364 2344 1213 1193 1194 1374 2461 2067 2064 1443 445 448 1451 1448 1458 995 991 992 955 948 2353 2109 2106 1855 1856
1 3600 1316
13
2253 503 506 2476 2189 1721 1722 1265 1260 1317 1315 277 274
1 3600 940
17
155 156 1011 463 460 2191 1721 1722 1265 1266 1081 1074 1190 1321 1322 1734 1043
1 3600 940
20
167 161 162 2259 1091 1094 1107 1103 1099 1087 1082 1937 1940 1901 1898 1905 1827 1813 1814 1828
1 3600 1316
29
467 464 1711 1689 1686 2343 1955 1952 1949 1947 601 598 1657 1658 2162 2487 1065 1062 2171 2172 1765 1760 855 609 605 131 132 638 1539
1 3600 1316
41
148 2250 485 480 1692 1955 1952 1949 1947 601 598 1657 1662 1869 1059 1056 2167 2165 869 866 1763 1760 855 609 605 602 1544 1535 1530 1529 917 645 642 943 946 998 1680 1129 905 906 1114
1 3600 1316
37
2257 167 161 159 45 42 1356 1361 1364 2344 1213 1193 1194 1374 2349 2350 2285 2011 2012 2231 2223 417 418 1519 1471 1476 1483 1484 2088 2439 2429 2007 2008 2447 2448 2450 2456
1 3600 285
8
155 156 1011 463 460 2191 1721 1717
1 3600 403
10
1347 1344 145 148 155 156 2099 467 464 2189
1 3600 403
6
147 148 155 156 1011 1008
1 3600 403
5
2097 467 462 1008 507
1 3600 212
13
165 161 162 2259 1091 1094 1110 677 680 1385 1379 1376 1380
1 3600 657
14
1347 1344 145 146 51 52 2411 2197 1067 1047 79 76 1370 845
1 3600 1316
24
159 45 42 1356 1361 1364 2344 1913 1916 1925 1926 1437 1429 1430 1440 2044 2055 2058 375 370 402 355 356 392
1 3600 1316
28
2255 2251 149 146 51 48 1504 1215 1193 1194 1374 2349 2350 2285 2011 1883 1884 2356 2358 2333 1473 1476 575 572 1493 1494 1783 1776
1 3600 282
7
1347 1344 145 146 150 2236 2242
1 3600 282
4
149 146 150 2236
1 3600 345
4
2249 127 122 140
1 3600 352
16
1349 1344 2259 1091 1094 1107 1108 677 680 1385 1379 1376 1380 1392 1640 1654
1 3600 352
13
2097 2098 157 154 149 146 51 52 1767 1768 1643 1640 1654
1 3600 352
10
2253 153 154 149 146 51 52 1767 1770 2408
1 3600 773
7
149 146 51 48 1504 1982 2344
1 3600 1316
14
2253 153 154 149 146 51 48 1504 1982 2344 1225 715 716 1366
1 3600 1316
15
1344 163 159 45 42 1356 1227 715 716 1366 2472 2435 2436 2466 1987
1 3600 1316
30
2401 1981 1969 1972 1067 1047 1044 421 422 1556 1829 1830 541 538 1052 1159 1156 1166 1177 233 236 1320 1219 1216 1220 1222 201 198 1251 231
1 3600 1316
28
2409 1771 1768 1971 1972 1067 1047 1044 427 428 1556 659 655 652 702 105 67 62 1989 285 288 2078 2090 2094 2294 1751 1741 1746
1 3600 1316
19
44 158 162 145 148 2250 485 482 504 1686 1305 1301 1302 1165 1157 1154 2079 297 298
1 3600 1316
17
2401 1981 1969 1972 1067 1047 1044 421 422 1556 1829 885 881 827 822 771 453
1 3600 1316
31
1655 1641 1389 839 836 842 888 821 818 876 489 492 2336 1847 591 592 2142 637 521 518 1805 1802 1021 1013 1016 671 668 933 925 922 928
1 3600 1316
31
2401 1363 1364 2344 1913 1916 1925 1415 1413 1407 1404 1410 447 448 1452 1463 1460 1648 957 960 974 1999 1996 2366 799 794 1600 1612 1622 2019 2020
1 3600 1316
31
1653 1641 1393 1381 1377 75 78 1044 427 428 1549 1546 1900 1941 1938 1307 1301 1298 1289 389 386 405 406 1272 1274 1312 1590 1630 1327 1324 1332
1 3600 1316
17
2401 1981 1969 1972 1067 679 676 1105 1099 1100 2324 2342 2405 2179 2147 2117 1265
1 3600 940
15
2409 1771 1766 2411 2197 1067 1047 1044 421 422 1549 1546 1898 1905 1902
1 3600 1096
22
42 1356 1361 1364 2346 2263 1935 55 56 580 965 962 1577 1580 1586 2198 2139 2142 637 511 495 496
1 3600 1316
19
47 42 1356 1361 1364 2344 1213 1193 1194 1374 2461 2067 2064 1443 1444 2046 2050 685 347
1 3600 1316
27
48 1502 1536 1910 1926 1437 1425 1426 1440 2044 2055 1705 1706 397 398 687 682 137 134 1184 1726 1850 2362 1627 1624 1071 1072
1 3600 1195
21
1653 1641 1393 1381 1377 1378 1384 681 676 1111 1095 487 482 506 2476 2189 1721 1717 1718 2219 17
1 3600 337
11
2401 1981 1969 1972 2196 2410 53 50 147 148 2250
1 3600 121
11
52 2411 2197 1067 1047 1044 427 428 1549 1550 1635
1 3600 244
10
2409 1771 1768 1643 1389 839 840 185 180 1398
1 3600 731
18
47 42 1356 1361 1364 2344 1913 1916 1929 1932 2113 2110 2114 1247 1244 763 343 344
1 3600 1316
22
48 1504 1215 1193 1194 1374 2349 2350 2285 2011 2012 2221 417 418 1519 1471 1476 575 572 1493 1494 1783
1 3600 1316
14
2409 1771 1766 53 50 147 148 155 156 2099 2096 127 124 1338
1 3600 94
5
50 147 144 1345 1346
1 3600 626
4
2409 1359 43 46
1 3600 106
5
2401 1363 1364 2344 1913
1 3600 877
12
2409 1359 1356 1361 1364 2344 1213 1193 1194 1374 2349 2350
1 3600 1316
20
173 168 1066 1973 1968 1980 1363 1360 1227 715 716 1366 2472 2465 2466 1987 1984 1990 551 546
1 3600 1316
42
1916 1925 1415 1416 1637 755 756 842 888 821 818 874 1888 2488 2167 2168 2177 2171 1823 1813 1814 1830 1840 1867 1051 1052 1159 1149 235 238 1737 1323 1320 1191 1188 2122 1201 1196 1204 2205 1145 31
1 3600 1316
35
1915 1916 1925 1911 1421 1422 1638 759 756 842 888 821 818 874 1886 1869 1059 1054 1064 1837 1825 1813 1814 1830 541 538 1052 2118 1041 1038 1773 1737 1323 1320 1191
1 3600 1316
26
1915 1916 1925 1911 1908 1935 55 56 580 965 962 1577 1578 597 594 1543 1540 1525 455 452 770 864 1752 2309 1877 1878
1 3600 1316
25
2345 2346 2263 1935 55 56 580 968 1730 1585 1586 2198 2139 2140 1907 1543 1540 1525 455 450 2319 2320 719 667 664
1 3600 1316
23
2463 2263 1909 1910 1926 1437 1429 1430 1440 1597 1594 2053 2050 685 682 1035 913 910 645 648 711 706 749
1 3600 1316
30
1915 1916 1929 73 68 544 554 2114 1247 1244 763 343 344 704 527 528 1570 351 348 431 432 1794 1892 2360 987 797 794 1600 1612 1622
1 3600 1316
34
2263 1909 1421 281 282 1399 181 182 109 110 1044 421 422 1549 1546 1896 599 600 1309 1301 1297 459 439 436 385 382 365 368 1272 1274 1312 1590 1630 1696
1 3600 1316
18
1365 1362 1981 1969 1972 1067 679 676 1105 1099 1100 2324 2342 2405 1965 1962 2117 1265
1 3600 1012
19
1982 2346 2263 1935 55 60 82 1682 1563 891 821 816 2174 1661 1658 1833 1825 1813 1814
1 3600 773
21
1224 1913 1916 1925 1415 1416 1637 1638 81 82 1682 967 962 1577 1580 1586 2198 2415 2412 2416 499
1 3600 940
17
1215 1193 1194 1374 2461 2067 2064 1439 1440 2044 2055 2058 375 372 381 363 335
1 3600 1316
28
2263 1909 1910 1415 1413 1407 1404 1410 447 448 1451 1448 1460 997 991 988 249 252 955 952 987 984 2362 1627 1624 2372 2382 2388
1 3600 1316
12
49 50 147 148 155 156 2099 2096 127 122 142 2229
1 3600 1012
17
1226 1357 1358 1771 1768 1971 1972 1067 679 676 1109 1106 1095 487 482 506 2476
1 3600 227
8
1362 1981 1969 1972 1067 1047 1044 421
1 3600 200
7
1361 1364 2344 1913 1916 1929 1932
1 3600 200
9
1505 1502 1536 1421 281 282 1399 181 184
1 3600 196
12
1356 1361 1364 2346 2263 1909 1421 1419 1416 1644 2419 2187
1 3600 692
15
2463 2263 1909 1910 1926 1437 1429 475 478 1451 1446 1456 1478 1484 2088
1 3600 1316
8
1360 1357 43 44 141 123 124 1340
1 3600 692
6
43 44 158 160 166 2256
1 3600 124
9
1357 1358 1771 1766 2411 2197 1067 169 170
1 3600 411
4
1912 2345 2346 2462
1 3600 185
7
1227 715 716 1366 2472 2435 2432
1 3600 185
8
2347 2344 1213 1193 1194 1374 2461 2077
1 3600 731
7
1215 1193 1194 1374 2349 2350 1511
1 3600 1316
53
1882 2010 2284 2351 2075 2071 2068 1443 1444 2048 1595 1592 2036 2055 2058 375 370 377 363 335 336 735 736 2201 2198 2139 2140 1907 1809 607 131 132 640 810 822 862 793 663 660 105 67 62 1989 285 286 97 100 216 1758 271 272 1147 31
1 3600 1316
36
2351 2075 2071 2068 1439 1440 1597 1592 2038 2482 1249 1244 1290 1573 1574 1818 1583 1581 1578 597 594 1809 611 608 779 780 884 1830 541 538 1052 1159 1156 1166 1173 1168
1 3600 1316
27
2068 1443 1444 2046 2050 1701 395 398 687 682 1035 913 910 916 1528 1531 525 522 1807 1802 1021 1024 1028 1675 701 653 650
1 3600 1316
31
1883 1880 2231 2223 417 414 1487 579 517 514 1464 1649 997 991 992 955 952 987 982 1726 1852 971 945 942 899 902 926 1604 673 670 1848
1 3600 1316
20
2076 2067 2064 1443 1444 2048 2053 2050 685 682 413 408 894 945 942 899 902 711 708 922
1 3600 1316
16
1884 2356 2358 1487 579 517 514 1464 957 960 974 1999 1992 2004 2106 1855
1 3600 1316
54
2284 2351 2075 2071 2068 1439 1440 2044 2055 2058 375 372 691 379 363 335 340 360 2201 2198 2139 2140 1907 1543 603 131 128 809 775 770 864 1754 2307 1867 1051 1052 1159 1156 1166 1738 1037 1042 245 242 1182 1191 1075 1080 2154 2302 1319 1311 1312 1590
1 3600 1316
38
2013 2010 2284 2351 2075 2076 2067 2064 1443 1444 2046 2050 1701 1702 1706 533 531 526 731 732 739 736 2201 1919 597 594 1809 611 608 854 1817 1814 1830 541 538 1052 2118 1041
1 3600 1316
32
2351 2075 2071 2068 1439 1440 1597 1592 2038 2482 1249 1244 1290 1573 1574 1820 1585 1581 1578 1920 2136 1845 1842 1975 1976 867 868 2164 2168 2177 1063 1064
1 3600 1012
21
2435 2436 2466 2283 2284 2351 2075 2071 2068 1439 1440 2044 2055 2058 375 370 377 363 335 336 735
1 3600 731
12
2461 2067 2064 1443 1444 2048 2053 2050 685 682 413 410
1 3600 1316
22
2433 2436 2466 2283 2011 2012 2221 417 414 1487 1488 1481 1457 1454 1466 959 960 972 1672 1999 1994 2109
1 3600 1316
35
1709 995 991 988 249 250 311 308 1276 2264 431 359 360 2201 1919 1920 1891 877 872 1661 1656 599 600 1946 1948 1953 1954 2342 1687 1688 1710 2189 1721 1717 115
1 3600 1316
18
2434 2473 1367 717 714 1224 2345 1983 1505 49 50 147 148 155 152 503 504 1688
1 3600 731
14
2076 2460 1375 1195 1192 1212 2345 1365 1362 1981 1969 1972 1067 169
1 3600 424
10
2434 2473 1367 717 714 1224 2345 2346 2263 1935
1 3600 424
17
2230 2013 2010 2282 2467 2464 2473 1367 717 714 1224 2345 2346 2263 1935 55 58
1 3600 463
7
2064 1439 1440 2044 2055 1705 765
1 3600 463
8
2283 2284 2351 2075 2071 2068 1443 477
1 3600 463
9
2063 2064 1439 1427 1424 1433 1434 2192 2187
1 3600 463
14
2433 2436 2466 2283 2284 2351 2075 2071 2068 1443 1444 2048 1595 1592
1 3600 463
17
1882 2010 2284 2351 2348 2461 2067 2064 1443 1444 2046 2050 1701 395 396 533 531
1 3600 424
14
1374 2349 2350 2285 2011 1883 1884 2356 2358 2333 1473 1476 575 572
1 3600 424
17
2074 2350 2285 2011 1883 1880 2231 2223 417 418 2330 1521 1471 1474 2269 2270 2007
1 3600 1316
10
2473 1367 717 714 1226 1357 43 44 141 123
1 3600 1316
14
1882 2010 2282 2467 2464 2473 1367 717 714 1226 1357 43 44 158
1 3600 1096
15
2351 2348 1375 1195 1192 1212 2345 1365 1362 1981 1969 1972 1067 169 172
1 3600 466
10
2076 2460 1375 1195 1192 1212 2345 1365 1360 1357
1 3600 466
8
2434 2473 1367 717 714 1224 2345 2346
1 3600 466
7
2351 2348 1375 1195 1192 1212 1913
1 3600 466
14
2222 197 192 1986 2467 2464 2473 1367 717 714 1224 2345 2346 2462
1 3600 466
9
2434 2473 1367 717 714 1224 2345 1983 1505
1 3600 398
4
2284 2351 2348 1375
1 3600 427
5
2436 2466 2283 2284 1511
1 3600 427
3
2221 417 418
1 3600 427
7
2281 2011 2012 2231 197 194 551
1 3600 427
4
2221 417 418 557
1 3600 427
5
2220 2013 2010 2284 1511
1 3600 1316
41
1509 1510 2351 2075 2071 2068 1439 1440 1597 1592 2036 2055 1705 1706 1569 1570 687 682 1035 913 910 645 648 711 706 749 750 727 587 584 285 288 297 300 41 38 271 272 1147 1137 1142
1 3600 1316
42
547 550 195 196 2223 417 414 1487 579 517 514 1464 957 960 974 1999 1996 2366 2365 293 294 1599 813 805 806 856 693 694 708 922 928 936 727 587 584 285 286 2124 2291 2288 1733 1323
1 3600 1316
31
550 1991 1985 1986 2467 2437 2434 2473 1367 717 714 1224 1913 1916 1925 1415 1418 1422 755 756 842 886 1634 1551 1546 1900 1941 1938 1553 1089 1084
1 3600 1316
34
547 550 195 196 2223 417 414 1487 579 517 514 1464 1649 997 991 992 955 948 2360 987 984 977 980 947 942 643 646 2134 1021 1024 787 782 663 664
1 3600 1316
28
1985 193 196 2223 417 414 1487 579 517 514 1466 959 960 972 1672 1999 1994 2354 2366 799 800 834 1610 693 694 706 749 750
1 3600 1316
16
2330 1473 1474 1671 1668 249 252 955 948 2353 2354 2366 2365 1627 1615 1612
1 3600 1316
37
1510 2351 2075 2076 2067 2064 1439 1427 1411 1405 1401 1397 211 208 1377 75 78 1044 427 428 1549 1546 1900 1941 1938 1307 1301 1298 435 436 389 390 406 1259 1256 1263 1260
1 3600 1316
39
195 196 2223 417 414 1487 1488 1481 1457 1454 1464 1649 1650 1595 1592 2038 2482 1249 1244 1290 1694 1728 963 966 1563 891 892 2158 2174 1661 1656 599 600 1309 1301 1298 1289 385 367
1 3600 1316
23
1985 1986 2467 2464 2473 1367 717 714 1224 1913 1916 1925 1415 1418 1422 1638 759 756 842 886 1634 1666 2490
1 3600 1316
35
549 550 195 196 2223 417 414 1487 579 517 514 1464 1649 997 991 988 249 250 2061 1279 1280 1796 2277 2274 2416 317 314 1799 619 616 1545 603 604 608 779
1 3600 877
16
1509 1510 2351 2075 2071 2068 1443 1444 2048 2053 2050 685 682 1035 913 914
1 3600 1316
14
1990 195 196 2223 417 418 1519 1471 1474 2269 2270 2007 2003 2004
1 3600 1316
22
195 196 2230 1881 1882 2010 2284 2351 2348 1375 1195 1192 1214 1505 49 50 150 2225 113 114 1685 21
1 3600 1316
29
547 550 1991 1985 1986 2467 2437 2434 2473 1367 717 714 1226 1357 1358 1771 1766 2411 2197 1067 679 676 1111 1095 487 482 506 1009 463
1 3600 1316
22
1510 2351 2075 2076 2067 2064 1439 1431 1428 1433 1409 1405 1406 279 282 1399 181 182 109 110 1046 169
1 3600 657
14
556 2330 2332 1487 579 517 512 1453 479 474 1428 1433 1434 1647
1 3600 188
21
547 550 195 196 2223 417 418 1519 1471 1474 1671 1668 1725 1235 401 396 533 534 704 731 732
1 3600 292
15
1510 2285 2011 1883 1884 2356 2358 2333 1473 1476 575 572 623 624 2496
1 3600 292
7
550 195 196 2223 417 418 2330
1 3600 292
13
550 195 196 2223 417 418 1519 1471 1476 1483 1484 1499 1497
1 3600 1316
17
416 2220 2013 2010 2284 2351 2348 1375 1195 1192 1214 1505 49 50 150 2236 2242
1 3600 1316
33
1985 1986 2467 2464 2473 1367 717 714 1224 1913 1916 1925 1911 1421 281 282 1397 211 212 841 838 1390 1383 1384 681 676 1109 1106 1095 1090 2258 1345 1348
1 3600 1316
14
1991 1985 1986 2467 2437 2434 2473 1367 717 714 1226 1361 1362 2400
1 3600 773
19
563 564 1523 1520 2332 1487 1488 1481 1457 1447 1450 449 446 1424 1436 1927 1924 1917 1912
1 3600 267
3
1986 2467 2464
1 3600 267
4
1509 1510 2285 2280
1 3600 267
12
550 195 196 2223 417 414 1487 579 517 514 1466 1468
1 3600 356
5
193 196 2223 417 418
