160
1 3600 96
3
327 185 186
1 3600 96
6
343 344 245 240 235 238
1 3600 96
4
189 184 271 268
1 3600 106
8
273 270 295 296 165 160 374 373
1 3600 106
3
342 331 193
1 3600 106
8
241 242 279 274 280 207 195 167
1 3600 106
9
293 231 228 169 174 277 187 177 182
1 3600 106
8
345 342 175 172 285 213 197 194
1 3600 106
4
269 270 326 301
1 3600 106
9
381 333 239 236 270 295 298 359 165
1 3600 106
6
369 301 296 165 162 209
1 3600 106
11
369 327 185 177 180 282 193 190 373 201 199
1 3600 141
13
43 44 242 279 274 280 207 210 159 133 130 13 14
1 3600 99
5
333 43 40 246 360
1 3600 99
9
335 239 234 241 244 356 353 350 259
1 3600 99
10
381 333 239 234 291 231 232 336 363 347
1 3600 99
7
338 243 244 356 229 219 222
1 3600 99
4
293 231 219 222
1 3600 99
7
383 333 43 40 246 347 348
1 3600 99
6
231 219 222 224 348 364
1 3600 77
14
385 333 239 234 241 244 345 342 175 170 305 85 82 91
1 3600 77
18
342 331 328 379 376 253 256 306 308 7 4 56 109 106 69 66 265 266
1 3600 170
23
338 279 276 175 170 305 302 255 256 306 308 217 214 79 39 36 74 325 27 30 115 112 21
1 3600 170
9
185 186 276 175 170 259 81 86 226
1 3600 170
14
273 237 234 241 244 356 169 172 379 376 253 93 94 98
1 3600 170
16
342 331 328 285 213 137 35 32 318 73 25 30 115 110 118 312
1 3600 54
6
179 176 188 338 243 45
1 3600 54
8
281 275 278 243 240 235 238 332
1 3600 54
8
211 206 161 164 297 294 271 272
1 3600 54
4
282 330 343 344
1 3600 54
4
183 180 282 330
1 3600 42
8
166 198 200 372 191 192 283 181
1 3600 54
6
190 375 161 162 151 148
1 3600 54
6
159 133 127 121 122 138
1 3600 54
3
151 148 17
1 3600 40
4
372 287 284 173
1 3600 48
10
199 196 137 77 74 321 318 73 65 70
1 3600 48
7
190 287 288 7 2 53 56
1 3600 48
10
298 359 165 160 374 287 288 7 2 105
1 3600 49
10
280 207 210 159 133 127 121 122 140 317
1 3600 170
16
209 195 196 203 204 216 309 307 257 254 303 85 86 224 348 366
1 3600 170
11
195 196 212 288 7 4 54 59 47 48 98
1 3600 170
21
328 379 376 253 93 96 100 102 104 53 56 109 106 69 64 25 30 115 110 118 312
1 3600 106
9
135 132 158 211 206 281 275 276 343
1 3600 75
3
150 163 160
1 3600 75
9
153 15 12 131 132 158 211 195 198
1 3600 75
6
16 149 150 163 164 183
1 3600 75
14
139 19 20 113 114 31 26 324 75 76 136 212 286 191
1 3600 75
8
129 126 132 158 211 195 198 200
1 3600 68
5
157 15 12 131 127
1 3600 170
13
158 211 206 374 287 284 173 168 229 232 336 363 247
1 3600 49
17
133 127 128 125 122 19 20 117 111 114 31 24 65 68 107 108 57
1 3600 64
12
132 158 211 195 196 203 204 214 79 39 32 320
1 3600 64
11
146 166 196 137 77 74 325 27 30 115 112
1 3600 64
16
146 166 196 203 204 214 79 39 32 318 323 27 30 115 112 21
1 3600 170
26
121 122 140 23 20 113 114 31 24 65 68 107 108 57 52 105 103 101 97 89 90 83 86 224 348 366
1 3600 170
16
15 16 149 150 163 160 374 191 192 328 379 376 253 93 94 98
1 3600 170
11
157 15 16 135 127 121 122 140 317 311 312
1 3600 78
7
351 352 357 245 45 42 332
1 3600 78
7
223 218 230 290 235 236 272
1 3600 78
7
362 337 233 228 169 174 277
1 3600 78
3
251 41 44
1 3600 78
9
171 168 357 245 240 235 238 332 380
1 3600 78
3
249 41 44
1 3600 83
12
249 246 362 337 233 219 220 258 171 172 329 193
1 3600 83
10
305 302 255 252 377 378 329 283 181 178
1 3600 170
22
249 246 347 225 87 82 91 88 96 100 102 104 3 6 217 205 202 197 194 210 159 133
1 3600 79
4
233 228 353 350
1 3600 79
6
249 246 347 225 87 82
1 3600 75
19
361 362 337 233 219 220 81 82 91 88 96 100 102 104 53 56 109 106 69
1 3600 75
11
246 347 225 87 82 91 88 94 49 46 58
1 3600 75
9
349 225 87 84 302 255 252 377 378
1 3600 75
13
361 362 337 233 219 220 81 82 91 88 94 49 46
1 3600 75
18
337 233 228 353 350 305 302 255 256 306 308 7 4 56 109 106 69 66
1 3600 75
6
220 258 171 172 285 213
1 3600 121
16
169 172 285 213 137 35 36 74 325 27 30 115 110 116 21 18
1 3600 113
3
224 348 366
1 3600 170
7
225 87 82 91 88 94 98
1 3600 170
26
246 362 337 233 228 169 170 305 302 255 256 306 308 217 214 79 39 32 318 73 25 30 115 110 118 312
1 3600 104
8
254 303 304 259 221 218 230 290
1 3600 104
8
289 286 375 281 275 278 243 240
1 3600 104
14
254 303 304 351 352 229 232 336 363 247 41 42 332 382
1 3600 113
8
97 92 252 377 378 329 283 181
1 3600 113
6
6 289 286 373 201 199
1 3600 113
10
101 97 92 252 377 378 329 283 181 178
1 3600 113
5
197 198 200 372 375
1 3600 113
9
57 5 6 217 205 202 197 194 208
1 3600 113
9
57 5 6 289 286 375 161 164 358
1 3600 113
6
286 375 161 164 358 299
1 3600 59
15
69 64 25 30 115 112 21 22 141 123 120 126 134 17 14
1 3600 111
14
67 68 107 108 57 52 105 103 101 97 89 90 83 84
1 3600 111
13
64 72 319 33 38 78 215 216 309 307 257 254 303
1 3600 111
5
95 89 90 83 84
1 3600 111
12
205 202 212 284 173 168 229 232 336 363 247 250
1 3600 111
15
107 108 57 54 59 47 48 95 89 90 83 80 221 218 232
1 3600 111
10
55 52 105 103 101 97 89 90 83 80
1 3600 111
12
203 204 216 309 307 257 254 303 85 86 224 348
1 3600 111
9
105 103 101 97 89 90 83 80 258
1 3600 111
6
48 95 89 90 83 80
1 3600 83
3
285 213 203
1 3600 83
5
379 376 253 93 96
1 3600 104
13
104 53 56 109 106 69 64 25 30 115 112 21 18
1 3600 104
12
308 217 214 79 39 36 74 325 27 30 115 110
1 3600 104
4
64 72 319 33
1 3600 104
15
377 378 285 213 137 35 32 318 73 25 30 115 112 21 22
1 3600 104
5
71 64 25 30 115
1 3600 104
16
100 102 104 53 56 109 106 69 64 25 30 115 112 21 22 141
1 3600 104
7
55 56 109 106 69 64 72
1 3600 170
7
378 173 170 259 221 222 226
1 3600 170
8
216 7 4 54 59 47 48 98
1 3600 170
12
53 56 109 106 69 64 25 30 115 110 118 312
1 3600 141
17
29 26 324 75 37 34 136 197 198 200 372 191 192 330 277 278 339
1 3600 134
10
39 34 136 197 194 208 163 164 183 178
1 3600 134
8
37 38 78 215 205 202 197 198
1 3600 134
12
311 119 111 114 31 26 324 75 76 136 197 198
1 3600 119
11
39 36 74 325 27 30 115 112 21 18 138
1 3600 119
9
110 116 21 22 141 123 120 126 130
1 3600 119
9
29 30 115 112 21 18 123 124 340
1 3600 119
7
22 141 123 120 126 134 17
1 3600 119
15
72 319 33 38 78 215 205 202 197 194 208 151 13 14 156
1 3600 113
9
60 72 319 33 34 136 212 284 173
1 3600 123
6
8 77 37 38 78 215
1 3600 123
4
31 24 65 70
1 3600 123
9
32 318 73 65 68 107 108 57 54
1 3600 123
8
24 65 68 107 108 57 54 59
1 3600 123
8
77 74 325 322 73 65 68 107
1 3600 123
6
32 318 73 65 66 265
1 3600 123
11
145 146 166 198 200 372 287 288 7 2 105
1 3600 123
10
60 65 68 107 108 57 52 105 103 101
1 3600 123
8
20 113 114 31 24 65 70 260
1 3600 103
11
8 35 36 74 325 27 30 115 110 118 310
1 3600 103
5
29 30 115 110 118
1 3600 170
17
29 26 324 75 37 38 78 215 216 309 307 257 254 303 85 86 226
1 3600 170
10
38 78 215 216 309 307 257 93 94 98
1 3600 170
7
323 27 30 115 110 118 312
1 3600 170
11
227 223 218 228 357 245 242 339 189 184 326
1 3600 170
11
227 223 220 258 171 174 277 187 177 182 297
1 3600 170
13
227 87 84 304 171 174 277 274 280 207 210 159 133
1 3600 39
4
367 349 225 223
1 3600 106
12
367 349 225 87 82 91 88 92 256 306 308 217
1 3600 170
19
367 349 346 362 337 233 228 357 345 342 331 193 190 373 201 199 196 137 35
1 3600 170
4
367 349 225 226
1 3600 170
7
227 87 82 91 88 94 98
1 3600 170
21
227 87 82 91 88 96 100 102 104 53 56 109 106 69 64 25 30 115 110 118 312
1 3600 170
10
99 95 89 90 83 86 224 346 247 41
1 3600 170
11
99 95 92 252 377 378 329 283 181 182 297
1 3600 170
15
99 49 46 58 55 5 6 289 286 375 161 162 151 13 14
1 3600 170
9
99 95 89 90 83 86 224 348 364
1 3600 89
9
99 49 46 58 55 52 3 6 309
1 3600 170
13
99 49 46 58 55 5 6 217 214 79 39 32 320
1 3600 170
9
99 95 89 90 83 86 224 348 366
1 3600 170
16
99 49 46 58 55 56 109 106 69 64 25 30 115 110 118 312
1 3600 170
20
313 310 316 141 123 120 126 130 150 163 164 358 299 300 327 271 237 238 332 382
1 3600 170
13
313 119 111 114 31 26 324 75 76 136 212 286 191
1 3600 170
11
313 310 316 23 18 123 124 129 126 134 149
1 3600 170
20
313 119 111 114 31 26 322 319 33 38 78 215 216 309 307 257 254 303 85 86
1 3600 170
10
313 119 111 114 31 24 65 68 107 108
1 3600 85
6
313 119 111 114 31 28
1 3600 170
18
313 119 111 114 31 26 324 75 76 136 212 284 173 170 259 221 222 226
1 3600 170
16
313 119 111 114 31 24 65 68 107 108 57 54 59 47 48 98
