501
1 3600 593
6
392 485 17 20 1334 337
1 3600 593
14
1097 1100 353 350 745 746 467 463 459 460 751 335 338 1340
1 3600 696
8
778 499 496 487 483 17 18 407
1 3600 696
16
462 468 774 303 306 508 968 978 921 517 477 478 957 947 944 327
1 3600 696
9
1100 353 350 745 746 766 465 463 459
1 3600 696
11
767 747 744 778 499 493 494 519 477 478 1062
1 3600 696
17
350 778 499 496 487 488 973 974 393 394 407 408 957 947 944 327 328
1 3600 696
5
350 778 499 493 494
1 3600 696
13
779 771 571 161 162 777 539 536 315 281 286 967 509
1 3600 696
7
392 975 43 40 501 504 508
1 3600 696
14
1342 1335 1332 475 472 583 584 630 740 959 947 944 327 324
1 3600 566
27
1097 1100 353 350 745 746 467 463 459 460 752 313 283 284 295 298 565 549 552 557 355 356 589 586 1164 925 928
1 3600 1245
21
1335 21 16 482 486 491 33 28 920 979 976 1022 923 926 345 340 382 742 661 662 665
1 3600 1245
32
334 750 752 311 301 304 297 298 565 187 184 961 964 269 270 265 259 256 1123 385 388 735 729 723 720 1191 1031 1032 1217 1212 793 790
1 3600 664
18
1244 1259 779 745 748 571 566 135 127 124 1071 231 232 91 88 51 52 103
1 3600 664
7
767 768 163 155 156 135 127
1 3600 664
8
1244 1259 779 771 571 566 541 145
1 3600 664
3
468 539 536
1 3600 664
8
1351 767 768 163 158 145 146 143
1 3600 664
8
337 334 750 461 458 462 468 539
1 3600 664
6
1207 353 350 745 748 772
1 3600 664
6
748 571 566 135 130 1081
1 3600 541
10
1099 1100 353 350 745 746 768 777 774 303
1 3600 541
13
1209 353 350 771 571 566 157 152 145 148 1083 1086 167
1 3600 1132
14
1209 353 350 778 499 493 33 34 38 979 561 562 361 356
1 3600 1245
20
1259 499 493 494 515 512 525 522 1365 1349 825 826 373 370 413 416 663 660 743 727
1 3600 1245
34
746 766 465 463 459 460 752 311 308 283 286 967 953 551 552 557 109 104 266 1160 1155 1158 1131 999 1000 1002 1056 1172 1232 25 22 1252 1027 1032
1 3600 1245
23
336 1335 21 16 484 975 43 40 506 529 526 534 564 1077 169 166 1087 1084 1194 209 210 1314 1320
1 3600 1245
14
334 750 752 311 301 304 297 298 565 187 182 1272 1145 293
1 3600 1245
24
1244 1259 499 496 487 488 31 28 918 525 520 433 434 361 358 575 572 1168 1159 543 544 909 910 1358
1 3600 1245
28
336 1335 1332 481 471 472 583 579 433 425 428 454 587 590 347 342 1124 933 934 401 396 988 1024 1309 1175 1170 1199 1204
1 3600 1245
31
394 407 408 1062 739 631 585 580 1338 1346 785 782 948 415 416 665 666 599 592 245 248 1029 1026 1253 1254 1267 15 9 10 639 633
1 3600 752
4
498 779 351 352
1 3600 752
14
326 945 946 956 479 476 518 495 492 498 779 351 352 1206
1 3600 752
8
479 476 516 29 32 492 498 779
1 3600 752
8
458 462 466 747 744 351 352 1206
1 3600 752
8
496 487 483 17 20 1334 1343 1340
1 3600 752
7
497 498 779 351 352 1101 1096
1 3600 752
8
1063 409 406 19 20 1334 1343 1340
1 3600 752
19
481 476 516 920 39 36 40 501 504 307 302 775 776 769 747 744 351 352 1208
1 3600 752
9
941 325 326 945 946 956 409 406 395
1 3600 718
14
325 326 945 946 623 624 585 582 473 474 1333 21 16 484
1 3600 718
5
36 42 974 393 390
1 3600 718
7
460 752 313 309 301 306 508
1 3600 813
13
1059 323 326 945 946 958 629 626 447 431 426 419 422
1 3600 813
14
481 476 511 512 525 522 1365 1349 825 826 365 366 368 376
1 3600 813
15
625 626 447 448 1113 1110 1289 1107 1108 785 782 948 819 816 822
1 3600 813
4
1062 739 631 625
1 3600 813
10
37 38 979 561 558 925 926 423 420 1110
1 3600 813
11
19 20 1332 475 472 583 579 433 425 430 448
1 3600 813
11
329 326 945 946 623 626 437 440 442 698 1176
1 3600 813
14
460 752 313 283 286 967 968 976 1022 923 928 1177 699 700
1 3600 813
3
979 976 577
1 3600 813
7
515 512 525 522 1365 1349 825
1 3600 813
16
739 631 585 580 1338 1346 1109 609 607 602 802 948 970 411 412 371
1 3600 813
12
1332 481 476 516 918 525 520 433 425 430 445 441
1 3600 813
13
519 516 920 979 561 558 925 926 345 340 375 369 367
1 3600 691
8
19 20 1332 475 472 1336 1338 1346
1 3600 1245
27
529 526 532 551 552 1300 1121 961 962 1094 1143 1140 1167 1037 1038 401 396 990 985 719 724 595 592 915 916 903 904
1 3600 803
16
34 36 40 506 529 526 534 187 175 172 180 1196 1282 255 250 274
1 3600 803
26
1063 479 476 518 495 33 30 973 43 40 506 529 530 287 280 314 537 538 776 163 155 156 135 127 122 1068
1 3600 803
32
21 16 484 975 43 40 501 502 529 526 534 564 1077 169 166 1087 1082 119 116 150 133 130 1081 275 272 278 1069 229 232 99 96 47
1 3600 803
24
631 585 579 433 434 576 977 969 509 307 302 775 776 163 160 566 135 127 124 1071 231 232 99 96
1 3600 791
13
21 16 482 488 31 34 36 40 506 529 530 287 280
1 3600 791
17
325 326 945 946 958 629 626 447 431 428 452 456 357 354 556 553 554
1 3600 791
13
488 973 43 40 501 504 508 953 551 548 187 175 176
1 3600 791
11
491 33 34 36 40 501 504 508 953 551 554
1 3600 791
21
623 626 437 440 442 700 704 421 418 929 924 1165 587 588 263 264 271 268 965 960 185
1 3600 791
9
583 579 433 434 563 560 969 966 531
1 3600 791
14
631 585 579 433 434 361 354 556 1300 1121 185 175 170 165
1 3600 791
9
43 40 506 529 526 532 551 552 1300
1 3600 812
10
493 33 28 920 979 976 577 361 356 589
1 3600 812
10
476 511 512 525 520 433 434 361 358 575
1 3600 812
8
512 525 520 433 425 428 452 456
1 3600 1132
20
945 946 958 629 626 447 431 426 419 422 345 346 938 1123 385 388 736 1047 987 988
1 3600 1245
29
493 33 28 918 525 522 1365 1349 825 823 817 818 949 803 795 798 870 809 804 812 1189 789 792 1213 1216 1033 1026 1298 885
1 3600 1245
17
501 504 307 302 775 776 163 158 540 135 127 122 229 232 91 86 1318
1 3600 1245
12
583 579 433 434 361 358 271 266 1162 1095 1092 1138
1 3600 1245
26
326 945 946 623 626 447 448 1176 929 924 1165 587 261 256 755 758 936 931 934 765 760 193 194 996 1368 913
1 3600 1245
24
40 506 529 526 534 187 182 1139 1093 1090 1133 1136 1157 1158 1131 1128 761 403 404 1004 1051 1052 1199 1204
1 3600 1245
37
752 311 308 283 284 295 298 1077 169 164 171 174 184 961 962 1090 1360 993 547 544 1366 997 195 196 1002 1056 1172 1232 25 26 656 658 647 7 10 639 633
1 3600 655
21
621 614 707 704 421 418 427 424 432 521 524 919 29 32 490 497 498 779 351 352 1208
1 3600 744
6
446 627 628 741 738 1063
1 3600 744
15
826 373 368 374 341 344 927 922 1023 977 969 966 531 528 507
1 3600 744
8
1111 1112 1176 929 924 559 560 969
1 3600 744
15
611 612 1288 1257 707 701 443 441 436 627 622 947 944 327 328
1 3600 744
12
444 431 424 432 521 524 513 514 495 490 487 483
1 3600 744
5
576 977 978 39 35
1 3600 744
8
429 430 446 627 622 947 944 327
1 3600 744
9
582 473 470 480 1333 21 18 395 390
1 3600 744
13
697 692 611 608 1108 1347 1339 581 584 630 738 1063 409
1 3600 744
9
441 436 627 624 585 579 521 524 513
1 3600 744
6
521 524 919 29 30 489
1 3600 766
5
618 703 698 449 446
1 3600 766
6
700 704 421 418 427 424
1 3600 766
6
577 435 432 521 522 1365
1 3600 766
5
577 435 432 578 580
1 3600 746
10
378 417 414 949 950 865 862 868 872 841
1 3600 746
7
702 619 620 692 605 602 802
1 3600 746
12
1338 1346 785 782 803 795 796 868 872 847 839 844
1 3600 746
7
370 413 410 971 949 950 1326
1 3600 746
3
1017 413 410
1 3600 746
7
419 422 345 340 375 376 1017
1 3600 746
6
362 817 818 949 783 784
1 3600 746
13
1177 1113 705 706 1256 1289 613 607 602 795 798 872 847
1 3600 746
8
1107 1108 785 782 948 415 416 665
1 3600 746
4
1346 1109 609 607
1 3600 655
10
615 620 692 605 602 795 796 866 874 829
1 3600 732
21
345 342 1122 755 758 5 2 572 1166 1141 1142 1095 1092 1138 1193 1085 1082 149 144 159 160
1 3600 704
25
621 618 703 698 1176 929 922 451 452 456 263 264 271 268 980 1126 1301 553 548 564 299 294 285 282 312
1 3600 704
12
626 447 431 428 452 456 263 264 271 105 106 981
1 3600 704
15
1337 473 470 476 516 920 979 969 953 533 534 564 1077 169 164
1 3600 791
10
419 422 927 924 1165 587 261 258 264 271
1 3600 791
7
361 358 575 3 4 936 931
1 3600 791
7
454 587 590 938 1123 1124 933
1 3600 791
9
741 631 585 579 433 434 361 358 575
1 3600 791
11
1339 581 579 433 425 428 452 456 263 264 271
1 3600 791
9
374 380 386 400 1039 1036 1166 1161 267
1 3600 791
5
579 433 425 428 452
1 3600 791
13
1357 1103 717 703 700 704 421 422 345 342 1122 755 758
1 3600 541
16
1107 1108 785 782 948 970 411 416 665 666 599 592 1014 1031 1026 1253
1 3600 541
7
368 374 382 331 332 736 1047
1 3600 1038
25
613 607 602 795 798 872 847 811 804 812 1185 1180 1186 1221 1222 1211 321 318 1238 1029 1026 1253 1254 1267 15
1 3600 1245
22
924 1165 587 588 357 354 556 1300 1121 185 175 176 179 180 1196 1282 255 250 274 1080 223 224
1 3600 1245
26
440 442 698 1176 929 926 345 346 938 1123 1124 933 934 1039 1034 1129 1130 1159 1156 1137 1132 1091 1092 1138 1272 1362
1 3600 1245
14
1108 785 782 948 415 412 1016 377 374 380 386 398 402 760
1 3600 1245
14
563 558 925 926 345 340 382 727 723 724 730 1231 1203 1204
1 3600 1245
37
431 428 454 587 261 256 1123 385 388 735 729 723 720 1191 1031 1026 1298 885 882 1376 1383 897 898 23 26 654 691 673 670 688 1279 1265 15 9 10 639 636
1 3600 1245
20
906 597 598 667 664 379 369 372 827 824 1348 1364 523 524 513 514 495 492 498 779
1 3600 655
17
948 970 411 416 663 660 743 383 341 346 591 588 357 360 563 560 969
1 3600 655
13
871 799 794 603 606 612 1288 1111 1112 449 446 627 628
1 3600 655
8
949 783 784 1109 1106 1288 1257 615
1 3600 655
11
840 873 869 797 794 603 604 693 621 614 707
1 3600 655
18
914 593 594 725 722 728 734 389 384 1122 257 260 586 455 429 424 432 578
1 3600 655
6
603 606 608 1106 1288 1257
1 3600 655
13
846 873 869 863 864 951 783 784 1109 1106 1288 1111 1112
1 3600 655
13
1009 1010 1012 813 805 810 846 873 799 794 603 604 693
1 3600 655
4
971 819 816 363
1 3600 655
12
951 948 415 412 1016 377 374 341 344 927 922 1023
1 3600 655
7
794 802 783 784 1109 1106 1288
1 3600 553
4
838 846 873 799
1 3600 553
11
914 245 246 348 876 1187 1188 813 805 810 846
1 3600 697
14
413 416 665 666 599 592 245 248 1239 319 320 1210 1223 1220
1 3600 697
3
1012 1185 1182
1 3600 697
11
901 902 917 914 1014 1031 1032 1217 1212 793 790
1 3600 697
14
411 414 949 950 865 860 874 829 807 804 812 1189 1186 877
1 3600 697
14
817 818 949 950 865 860 867 868 870 809 804 812 1185 1182
1 3600 697
13
414 949 950 865 860 874 1178 809 804 814 1352 1249 859
1 3600 697
10
843 838 811 804 812 1189 1186 1221 1224 1229
1 3600 697
6
602 795 798 870 1179 829
1 3600 1245
28
869 863 864 951 948 819 816 822 824 1348 1364 523 524 513 510 477 480 1333 1334 337 334 750 461 458 462 464 767 768
1 3600 1038
19
864 951 948 970 411 416 663 660 743 331 332 389 384 1122 257 258 264 271 105
1 3600 579
13
597 594 725 718 984 991 397 400 935 932 757 754 257
1 3600 579
15
1011 1008 917 914 593 594 725 722 728 734 389 384 1122 257 258
1 3600 704
10
951 948 415 416 663 660 743 331 332 736
1 3600 704
6
1016 377 378 663 660 743
1 3600 704
11
411 416 665 666 599 592 1014 1031 1026 1253 23
1 3600 704
9
602 802 948 970 411 416 663 660 743
1 3600 704
11
411 412 371 368 374 380 388 735 732 1040 1042
1 3600 704
15
794 802 948 819 816 363 366 368 374 380 386 396 988 1019 1020
1 3600 607
22
411 416 663 660 743 727 723 724 730 1191 1031 1026 1253 1254 1268 1271 675 676 1292 681 669 651
1 3600 607
14
901 902 917 914 245 248 1029 1026 1298 885 880 893 889 886
1 3600 1245
22
914 1014 1190 1231 1173 1057 1003 1001 996 1367 545 546 992 1361 1091 1092 1138 1193 1194 237 217 214
1 3600 1245
24
801 802 948 819 816 363 366 368 374 341 346 938 755 758 5 2 572 1166 1141 1142 1095 1092 1138 1272
1 3600 1245
18
847 811 804 812 1185 1180 1186 1221 1222 1201 1198 1053 1050 1003 197 194 996 1367
1 3600 1245
16
782 948 415 416 663 660 743 331 332 736 1047 987 397 398 404 1004
1 3600 1245
27
795 796 868 870 809 804 812 1189 789 792 1213 1216 1033 1026 1253 23 26 656 653 649 645 7 10 639 633 61 58
1 3600 1245
42
832 1180 789 792 1226 1235 1233 1173 1057 1005 405 402 760 1129 1130 1159 1154 1161 267 268 980 1126 1301 553 548 564 299 296 305 300 310 753 461 458 462 466 747 744 351 352 1101 1098
1 3600 1245
21
791 788 1186 877 349 247 244 593 598 667 664 417 410 971 949 783 784 1347 1339 1337 473
1 3600 566
18
850 1248 1353 815 805 806 828 875 867 797 794 603 606 608 1108 1347 1339 581
1 3600 853
4
855 831 807 808
1 3600 853
7
837 832 1184 813 805 810 846
1 3600 853
8
905 902 1009 1010 1012 813 805 808
1 3600 853
8
792 1213 1216 1033 1030 1015 593 598
1 3600 853
14
349 317 318 1238 1029 1030 1190 721 722 726 742 661 662 665
1 3600 853
16
1221 1222 1211 321 318 1238 249 244 593 598 667 664 417 414 949 783
1 3600 853
10
852 858 1248 1353 815 812 1013 1011 1008 903
1 3600 853
14
791 788 1181 1184 813 805 806 828 875 861 864 951 783 784
1 3600 853
8
1353 815 805 808 871 799 794 802
1 3600 853
8
858 1248 1353 815 805 810 839 844
1 3600 869
5
814 1352 1249 851 848
1 3600 869
9
857 858 1248 1353 815 812 1189 1186 877
1 3600 869
4
1184 813 805 806
1 3600 1245
26
781 784 1109 1106 1288 1111 421 418 929 922 451 452 456 357 354 556 1300 1121 185 175 172 180 1087 1082 119 120
1 3600 1245
25
832 1180 1186 1221 1224 1229 1201 1198 1053 1050 1003 1001 998 1130 1159 1156 1137 1132 1091 963 960 1120 1301 553 550
1 3600 1132
26
1248 1353 815 812 1189 789 792 1213 1214 1324 1237 1033 1030 1190 731 725 718 982 1025 989 397 400 1039 1036 1166 1161
1 3600 622
6
1226 1235 1233 1173 1174 1308
1 3600 622
13
1297 1229 1211 321 318 1238 1029 1030 1190 721 722 728 732
1 3600 838
12
835 832 1180 789 792 1213 1216 1033 1026 1298 885 882
1 3600 838
16
804 812 1189 1186 877 349 317 318 1238 1029 1026 1298 885 882 1376 1384
1 3600 838
8
792 1213 1216 1033 1026 1253 1254 1267
1 3600 838
19
837 832 1180 1186 1221 1222 1211 321 318 1238 1029 1026 1253 1254 1268 1271 685 686 1294
1 3600 838
16
1186 877 349 317 318 1238 1029 1026 1298 885 882 75 76 894 896 1380
1 3600 838
19
781 782 948 970 411 416 665 666 599 592 245 248 1029 1026 1298 885 880 893 889
1 3600 838
20
858 1248 1353 815 812 1189 789 792 1213 1216 1033 1026 1253 23 26 654 691 673 676 1290
1 3600 1245
30
1229 1201 1198 1171 1057 1003 197 192 1129 1130 1159 1156 1137 1134 1361 1091 1092 1138 1193 1194 209 206 1304 1317 1314 1261 1262 133 130 223
1 3600 1245
31
1248 1353 815 812 1013 1011 1008 917 914 593 594 725 718 984 991 397 400 935 930 937 5 2 574 271 268 965 960 185 182 1272 1362
1 3600 1245
21
1007 1008 917 914 593 594 725 722 728 732 1040 1044 987 397 398 402 762 1001 998 1130 1159
1 3600 1245
6
1226 1235 1233 1173 1170 1378
1 3600 1245
19
1185 1180 1186 1221 1222 1211 321 318 1238 1029 1026 1253 1254 1267 15 9 10 639 633
1 3600 1078
7
569 570 770 351 352 1101 1098
1 3600 1078
16
45 46 97 98 233 230 1070 125 126 134 567 570 770 351 352 1206
1 3600 1078
23
71 68 111 112 279 273 251 254 1283 1197 181 173 174 186 535 527 528 503 500 41 42 974 393
1 3600 1078
5
749 744 351 352 1101
1 3600 1078
15
112 1069 123 126 134 157 154 162 777 469 463 459 460 751 335
1 3600 1078
5
570 770 351 352 1206
1 3600 1078
19
72 97 98 233 228 123 126 134 567 161 162 769 467 463 459 460 751 335 338
1 3600 1078
9
153 154 160 570 749 744 778 1258 1245
1 3600 1078
19
1065 45 46 97 81 82 89 90 233 230 1070 125 128 1080 131 134 567 570 770
1 3600 1078
29
279 273 274 1080 131 132 151 117 118 1083 1086 167 168 1076 565 549 550 952 968 978 921 517 477 478 957 947 944 327 322
1 3600 1078
33
188 87 90 233 228 123 126 132 1263 1260 1315 211 208 1195 1192 183 186 535 527 528 507 41 37 38 921 517 477 478 957 947 944 327 322
1 3600 1092
20
121 118 1083 1086 181 178 177 174 184 1120 1127 981 269 270 359 360 435 432 578 582
1 3600 1092
4
315 305 306 508
1 3600 1092
21
188 87 90 233 230 1070 125 126 132 151 147 144 159 162 777 774 303 306 505 500 41
1 3600 1092
20
1070 125 128 275 251 254 1283 1197 167 168 1076 565 535 527 528 507 41 42 972 489
1 3600 1092
18
131 134 157 154 162 777 774 303 306 505 500 41 37 35 32 494 519 477
1 3600 732
39
55 50 89 90 233 228 123 126 132 1263 1260 1315 1312 215 216 236 1195 1192 1139 1093 1094 1163 1160 1167 573 3 4 759 756 1125 343 344 423 420 705 701 702 716 1102
1 3600 1245
31
97 98 233 228 1068 279 273 251 254 1283 1280 1344 1363 1273 1139 1093 1094 1143 1140 1167 1037 1038 401 387 381 375 369 367 362 817 818
1 3600 1245
29
230 1070 125 126 132 1263 1260 1315 1316 1305 207 208 1195 1192 1139 1093 1090 1133 1136 1157 1158 1131 999 1000 1002 1051 1052 1199 1200
1 3600 1098
6
126 132 151 143 141 138
1 3600 1098
11
1247 1244 1259 779 771 571 566 135 127 124 1071
1 3600 1098
10
89 90 233 228 123 126 132 151 117 120
1 3600 1098
16
773 571 566 135 130 1081 275 272 278 113 110 69 72 47 44 1064
1 3600 1098
4
121 116 143 141
1 3600 1098
4
151 143 141 138
1 3600 1139
7
1075 121 118 1083 1086 167 168
1 3600 1139
9
73 68 111 112 279 273 251 254 1089
1 3600 1139
12
1075 121 116 147 144 153 154 162 777 539 536 315
1 3600 1139
13
1317 211 208 1195 1192 183 186 564 299 294 285 282 309
1 3600 1139
10
145 148 1083 1086 181 173 174 184 1120 1127
1 3600 1139
16
85 80 98 233 228 1068 279 273 251 254 1283 1197 181 178 177 174
1 3600 1139
24
102 53 50 89 90 233 230 1070 125 128 1080 131 134 567 161 162 777 774 303 304 281 286 967 953
1 3600 1139
4
536 315 281 284
1 3600 1139
7
536 315 297 298 1077 169 164
1 3600 1139
18
87 90 233 230 1070 125 126 134 541 145 148 1083 1086 181 173 174 184 1120
1 3600 1139
15
279 273 251 254 1283 1197 167 168 1076 565 549 552 557 109 106
1 3600 1139
15
274 1080 131 132 151 117 118 1083 1086 167 168 1076 565 549 552
1 3600 1139
4
538 774 303 300
1 3600 1139
12
132 1263 1260 1315 1312 215 216 236 1195 1192 183 186
1 3600 1139
13
1070 125 126 134 157 154 162 777 774 303 306 508 953
1 3600 1139
12
569 161 155 152 145 148 1083 1086 181 178 177 174
1 3600 655
29
45 46 97 98 233 228 123 126 132 1263 1260 1315 211 208 1195 1192 1139 1093 1090 1360 1135 1136 1157 1158 1131 1128 761 403 399
1 3600 1245
27
139 140 142 117 118 1083 1088 1283 1280 1344 1363 1273 1139 1093 1094 1163 1160 1167 1037 1038 401 396 986 1045 1041 733 729
1 3600 1245
33
273 251 254 1089 1084 1192 1139 1093 1090 1360 993 67 64 544 1366 997 195 196 1002 1056 1172 1232 25 26 654 691 673 674 1270 1276 1265 15 12
1 3600 1038
11
71 68 111 112 1069 123 126 132 1263 1260 1315
1 3600 1038
14
97 98 233 230 1070 125 128 1080 131 132 1263 1260 1315 1312
1 3600 1038
10
155 156 135 127 122 229 232 91 86 1318
1 3600 1038
9
68 111 112 279 273 274 1080 223 224
1 3600 1038
4
95 55 48 1318
1 3600 1038
8
228 123 126 132 1263 1260 1315 1312
1 3600 996
17
45 46 97 98 233 228 1068 279 273 251 254 1283 1280 1251 1119 289 292
1 3600 996
12
68 111 112 279 273 251 254 1283 1280 1251 1119 1114
1 3600 1245
35
69 72 97 98 233 230 1070 125 126 134 567 570 749 746 766 465 468 539 536 315 297 298 565 549 552 557 109 104 266 1160 1155 1158 1131 1128 761
1 3600 1245
32
233 230 1070 125 126 132 151 147 148 1083 1086 181 173 174 184 961 964 269 270 575 3 4 936 931 934 765 403 404 1004 1051 1052 1378
1 3600 1245
44
273 274 1080 131 134 157 154 162 777 774 303 304 297 298 565 549 552 557 355 356 589 590 347 342 385 388 736 1047 1045 1042 1310 1309 1175 1172 1232 25 26 656 658 647 7 10 639 633
1 3600 566
15
553 550 952 509 505 500 41 42 972 489 486 497 498 1258 1245
1 3600 566
4
753 751 335 338
1 3600 570
9
313 283 286 531 528 507 41 37 35
1 3600 570
16
303 300 310 753 751 335 336 1335 21 18 407 408 957 947 944 327
1 3600 570
14
281 286 967 968 978 921 517 477 478 957 947 944 327 328
1 3600 570
8
1120 1301 553 550 952 968 978 921
1 3600 570
9
528 507 41 37 35 32 494 519 477
1 3600 570
18
285 286 967 968 561 562 435 432 578 584 630 740 959 947 944 327 322 1058
1 3600 422
15
1127 981 269 270 265 262 457 453 429 430 445 441 438 1103 1104
1 3600 422
11
355 356 457 453 450 923 928 1177 1113 1110 1289
1 3600 1038
23
961 964 269 270 265 259 256 939 347 340 382 742 661 662 417 410 971 949 803 795 798 872 847
1 3600 1245
19
565 549 552 557 109 104 266 1160 1167 1037 1034 193 196 1002 1056 1172 1232 1234 1227
1 3600 563
11
308 283 284 295 298 1077 169 166 1196 1282 255
1 3600 563
19
296 314 537 538 776 163 155 156 135 127 124 1071 231 232 99 96 47 44 1064
1 3600 563
9
775 776 163 158 145 146 117 120 1074
1 3600 563
10
955 533 534 187 175 176 179 180 1087 1082
1 3600 563
12
1121 185 175 170 165 166 1087 1082 149 144 540 567
1 3600 563
14
965 960 185 175 172 180 1196 1282 255 250 272 278 113 110
1 3600 563
8
175 170 165 166 1087 1082 119 120
1 3600 563
5
182 1193 1085 1088 255
1 3600 563
15
1121 185 182 1193 1194 209 210 1314 1261 1262 133 130 1081 129 124
1 3600 519
7
303 304 297 298 565 549 554
1 3600 519
10
1283 1197 167 168 1076 299 294 285 282 312
1 3600 515
12
552 1300 1127 107 104 266 1162 1143 1140 1167 1037 1038
1 3600 515
6
961 964 269 270 575 3
1 3600 515
6
355 358 265 259 256 1123
1 3600 515
11
530 967 968 976 1022 923 926 345 342 1124 757
1 3600 515
10
309 301 306 508 968 561 558 1165 587 590
1 3600 515
5
1094 1143 1140 1167 1037
1 3600 778
11
549 552 557 355 356 589 261 256 1123 385 388
1 3600 1245
29
304 297 298 565 187 184 961 962 1090 1360 993 547 544 909 912 1369 997 1000 1002 1056 1172 1232 25 26 656 658 647 7 10
1 3600 497
13
556 553 548 564 1077 169 166 1087 1084 1194 237 217 213
1 3600 429
5
169 166 1196 1280 1344
1 3600 429
6
1280 1251 1119 289 201 198
1 3600 415
9
284 295 298 565 187 184 961 962 1090
1 3600 1245
19
109 104 266 1160 1155 1158 1131 1128 761 403 399 396 990 1310 1309 1175 1172 1232 1234
1 3600 1245
23
552 557 355 356 589 590 347 340 382 727 723 720 1191 1031 1026 1253 1254 1267 15 9 10 639 633
1 3600 1132
15
574 359 360 576 977 969 966 287 282 312 753 461 458 462 464
1 3600 253
15
1125 343 344 423 420 1112 449 446 627 622 947 944 327 324 940
1 3600 426
10
262 457 453 450 923 928 1177 1113 1110 1289
1 3600 426
9
1142 1163 267 270 265 262 457 453 429
1 3600 426
17
402 764 935 932 757 754 939 347 344 423 420 705 701 702 619 620 692
1 3600 426
4
356 457 453 450
1 3600 426
10
343 346 591 586 455 429 430 446 627 628
1 3600 283
14
1143 1140 1167 1037 1038 401 396 990 985 719 724 595 596 907
1 3600 1132
21
265 259 256 1123 385 388 735 729 723 724 730 1191 1031 1028 1239 319 320 1210 1228 1225 1220
1 3600 541
11
1142 1095 1092 1138 1272 1362 1345 1281 1282 255 252
1 3600 495
5
560 969 966 287 284
1 3600 495
12
588 357 354 556 553 548 564 1077 169 166 1196 1282
1 3600 495
7
260 586 1164 559 560 969 953
1 3600 495
7
267 105 108 556 553 548 564
1 3600 495
7
930 937 5 2 574 271 268
1 3600 495
11
757 758 5 2 572 1166 1161 1162 1095 963 960
1 3600 290
5
456 263 259 256 755
1 3600 468
4
1034 761 403 404
1 3600 468
18
1143 1140 1155 1158 1131 999 195 196 1002 1051 1052 1199 1202 1230 1191 1031 1028 249
1 3600 468
5
399 396 988 1024 983
1 3600 468
15
1140 1155 543 544 1366 997 1000 763 764 401 396 990 985 719 724
1 3600 468
10
590 938 755 756 933 934 401 396 988 1024
1 3600 778
11
590 347 340 382 727 723 720 1191 1031 1032 1217
1 3600 1245
9
271 268 965 962 1092 1138 1193 1194 237
1 3600 566
12
572 1166 1141 1142 1095 1092 1138 1272 1362 1147 293 288
1 3600 497
7
572 1168 1131 999 996 1368 1372
1 3600 497
9
765 762 197 194 996 1368 913 910 1358
1 3600 497
11
756 933 934 765 760 193 194 996 1367 909 910
1 3600 429
11
931 934 401 396 988 1019 1020 1307 1175 1172 1232
1 3600 1245
26
936 931 934 765 403 404 1004 1056 1172 1232 25 26 654 691 679 682 1279 1265 15 9 10 639 636 640 1287 1284
1 3600 1245
18
737 333 330 383 375 369 372 827 824 1348 1364 523 524 919 29 32 492 498
1 3600 1038
15
1046 737 389 384 1122 939 347 344 927 922 1023 977 978 921 517
1 3600 453
15
1043 1044 1046 737 333 330 383 341 344 423 418 1177 699 702 716
1 3600 453
17
982 1311 1043 1041 733 734 333 330 742 661 662 417 414 949 783 784 1109
1 3600 445
17
1044 1046 737 333 330 742 661 662 417 410 971 949 950 865 862 868 872
1 3600 445
14
333 330 742 661 662 417 414 949 803 795 798 872 841 844
1 3600 445
8
593 598 667 664 379 369 367 362
1 3600 445
7
1308 983 719 724 595 592 915
1 3600 297
12
733 729 723 724 730 1191 1031 1032 1236 1325 1215 1212
1 3600 1245
21
1042 991 397 400 1039 1036 1166 1161 1162 1095 963 960 185 175 176 179 180 1087 1082 149 146
1 3600 732
12
722 726 383 341 346 591 588 357 354 556 553 554
1 3600 454
5
982 1025 989 397 400
1 3600 454
7
1041 733 734 389 384 343 346
1 3600 454
12
24 1233 1173 1057 1005 405 402 760 1035 1036 573 574
1 3600 454
5
389 384 1124 933 930
1 3600 454
14
23 24 1233 1173 1174 1306 1021 1018 989 397 400 935 930 937
1 3600 319
5
594 725 718 982 1025
1 3600 483
7
1043 1041 733 729 723 720 1191
1 3600 483
11
985 719 724 595 592 1014 1031 1032 1236 711 708
1 3600 483
6
22 1252 1027 1032 1217 1218
1 3600 483
14
1042 1310 1309 1175 1170 1199 1202 1232 25 26 654 691 673 676
1 3600 1245
18
389 386 398 402 760 1129 1130 1159 1156 1137 1132 1091 1092 1138 1193 1194 209 210
1 3600 1245
22
24 1233 1203 1198 1053 1050 1003 1001 996 1367 545 65 66 992 1361 1091 1092 1138 1272 1145 203 198
1 3600 445
12
736 1047 987 397 400 1039 1036 1168 1159 1156 1137 1134
1 3600 341
5
730 1231 1232 1234 1240
1 3600 341
7
728 732 1040 1042 1310 1309 1175
1 3600 1245
10
26 656 653 649 645 7 10 639 636 640
1 3600 1245
23
884 1299 1027 1030 1190 731 725 722 726 383 341 346 591 586 1164 559 560 969 509 307 302 775 469
1 3600 1245
26
655 27 24 1233 1173 1057 1003 197 192 1129 1130 1169 573 574 359 360 435 432 578 584 630 740 959 947 944 327
1 3600 890
19
316 247 244 593 598 667 664 417 410 971 949 803 603 604 693 621 616 1105 1102
1 3600 1448
16
883 884 1299 1027 1028 1239 319 316 348 876 1187 1188 813 805 810 839
1 3600 1448
12
1269 1255 1252 1027 1030 1015 593 598 667 664 417 414
1 3600 1448
19
883 884 1299 1027 1028 1239 319 320 1210 1223 1220 1187 1188 813 805 808 1179 875 861
1 3600 1448
20
891 888 892 881 884 1299 1027 1028 1239 319 320 879 876 1187 1181 1184 813 805 810 839
1 3600 1448
10
657 27 22 1252 1027 1030 1015 915 916 1009
1 3600 1513
14
1377 883 884 1299 1027 1032 1217 1212 793 788 1188 813 814 1352
1 3600 1513
11
1210 1223 1220 1187 1181 1184 813 805 806 830 854
1 3600 1513
8
898 1252 1027 1028 249 246 348 876
1 3600 1513
8
1033 1028 249 244 915 916 1009 1006
1 3600 1513
16
691 673 674 1270 1269 1255 1252 1027 1028 1239 319 320 1210 1228 1225 1220
1 3600 1513
12
11 8 14 1266 1255 1252 1027 1032 1217 1212 793 788
1 3600 1513
20
684 1270 1269 1255 1252 1027 1028 1239 319 316 348 876 1187 1188 813 814 1352 1249 859 856
1 3600 1513
14
1031 1032 1217 1212 793 788 1181 1184 813 814 1352 1249 851 848
1 3600 1513
6
1215 1212 793 788 1181 833
1 3600 1513
12
1381 1382 1377 883 884 1299 1027 1032 1217 1212 793 790
1 3600 1513
16
74 883 884 1299 1027 1028 1239 319 320 1210 1223 1220 1187 1188 813 814
1 3600 1513
17
892 881 884 1299 1027 1028 1239 319 316 348 876 1187 1188 813 805 806 830
1 3600 1513
10
690 655 27 22 1252 1027 1028 249 246 348
1 3600 1245
30
79 76 894 898 23 24 1233 1173 1057 1003 1001 998 1130 1159 1154 1161 267 268 980 1126 1121 185 175 172 180 1087 1082 119 116 150
1 3600 1245
20
1371 881 884 1299 1027 1030 1190 721 722 726 383 341 344 927 922 1023 977 969 509 307
1 3600 1557
24
1264 1278 689 671 672 690 655 27 24 1233 1173 1174 1306 1021 1018 989 397 387 384 1122 257 258 264 359
1 3600 1557
9
1027 1030 1190 731 725 722 726 383 341
1 3600 1545
10
1238 1029 1030 1190 721 718 982 1025 1019 1020
1 3600 1545
11
1383 897 898 23 24 1233 1173 1174 1306 1021 1018
1 3600 1545
14
1271 675 672 690 655 27 24 1233 1203 1198 1171 1174 1308 1025
1 3600 1545
4
1238 249 244 593
1 3600 1545
13
1382 1377 883 884 1299 1027 1030 1190 731 725 722 726 742
1 3600 1545
12
1264 1278 683 669 659 657 27 24 1233 1173 1174 1306
1 3600 1545
6
1027 1030 1190 721 718 984
1 3600 1545
8
1237 1033 1030 1190 731 725 722 726
1 3600 1545
13
1268 1271 675 672 690 655 27 24 1233 1173 1174 1308 983
1 3600 1545
11
1270 1269 1255 1252 1027 1030 1190 721 722 728 732
1 3600 1545
12
887 888 894 898 23 24 1233 1203 1198 1053 1050 1005
1 3600 1545
9
1275 655 27 24 1233 1173 1174 1308 983
1 3600 1545
13
677 674 1270 1269 1255 1252 1027 1030 1015 593 594 725 722
1 3600 1545
3
1026 1253 23
1 3600 1545
6
320 1210 1201 1198 1171 1174
1 3600 1545
9
1324 1237 1033 1030 1190 1231 1173 1174 1306
1 3600 1277
13
317 318 1238 1029 1026 1253 1254 1268 1276 1278 683 669 651
1 3600 1277
12
691 673 674 1270 1269 1255 1252 1027 1028 1239 319 316
1 3600 1277
15
321 318 1238 1029 1026 1253 1254 1268 1271 685 686 1294 681 669 651
1 3600 1277
3
11 8 12
1 3600 1245
26
677 672 690 655 27 24 1233 1173 1057 1003 197 194 996 1367 545 546 992 1361 1091 1092 1138 1193 1194 237 217 214
1 3600 1245
26
1271 675 672 690 655 27 24 1233 1203 1198 1053 1050 1005 405 402 760 1035 1036 1166 1141 1142 1095 1092 1138 1272 1145
1 3600 1245
13
881 884 1299 1027 1030 1190 1231 1173 1057 1003 197 192 1129
1 3600 1334
6
1027 1032 1217 1212 1226 1240
1 3600 1334
5
1210 1201 1198 1053 1054
1 3600 1334
5
1325 1215 1212 1226 1240
1 3600 1334
12
1031 1026 1253 1254 1267 15 9 10 639 633 61 58
1 3600 1334
5
10 639 633 61 58
1 3600 1334
4
10 639 633 634
1 3600 1245
22
221 222 131 134 567 570 749 744 778 499 496 487 483 17 18 407 408 957 947 944 327 322
1 3600 1245
10
208 1195 1192 183 186 535 527 528 503 500
1 3600 1245
16
221 222 131 134 567 570 770 778 499 493 494 515 512 525 522 1365
1 3600 1245
29
215 216 236 1195 1192 1139 1093 1094 1163 1160 1167 573 3 4 759 754 1123 385 381 375 369 372 827 823 817 818 949 950 1326
1 3600 1245
29
222 131 134 567 570 770 778 499 496 491 494 519 477 471 472 1336 1338 1346 1109 609 610 605 602 795 796 866 874 829 830
1 3600 644
6
1313 1314 1261 1262 133 127
1 3600 644
16
235 217 214 1313 1314 1261 1262 133 127 122 229 232 99 96 47 44
1 3600 644
12
206 1304 1317 1314 1261 1262 133 130 1081 275 251 252
1 3600 644
9
213 210 1314 1261 1262 133 127 124 1078
1 3600 644
14
219 214 1313 1314 1261 1262 133 127 124 1071 231 232 99 96
1 3600 644
7
222 1081 275 272 278 113 110
1 3600 711
14
277 273 251 254 1089 1086 181 178 177 174 184 1120 1127 107
1 3600 711
19
1319 87 90 233 228 123 126 134 541 159 162 769 467 463 459 460 752 311 308
1 3600 1245
12
1321 1315 1316 1305 207 208 1195 1192 1139 1093 1094 1143
1 3600 1245
21
1260 1315 211 208 1195 1192 1139 1093 1090 1133 1136 1157 1158 1131 1128 761 403 399 396 986 1046
1 3600 1245
32
227 222 131 132 151 117 118 1083 1084 1192 1139 1093 1090 1360 993 67 64 544 1366 997 195 196 1002 1056 1172 1232 25 26 654 691 679 680
1 3600 691
10
1261 1262 133 127 122 229 232 91 86 1318
1 3600 679
9
219 216 236 1195 1192 1272 1362 1147 203
1 3600 679
7
277 273 251 254 1089 1084 1192
1 3600 679
11
227 222 131 132 151 147 148 1083 1084 1192 1139
1 3600 1245
7
211 208 1195 1192 1139 1093 1090
1 3600 1245
25
1316 1305 207 212 216 236 1195 1192 1139 1093 1090 1133 1136 1157 1158 1131 999 1000 1002 1051 1052 1199 1202 1232 1234
1 3600 1245
43
1315 211 208 1195 1085 1086 167 164 171 174 184 1120 1127 981 269 270 265 259 260 590 347 340 375 378 665 666 599 592 245 248 1029 1026 1253 1254 1267 15 9 10 639 636 640 1287 57
1 3600 1245
16
288 1118 1250 1281 1197 167 168 1076 299 296 314 537 538 469 466 747
1 3600 1132
16
1273 183 186 535 527 528 507 41 37 38 921 918 525 520 578 584
1 3600 1245
9
1363 1273 183 186 535 532 952 968 976
1 3600 1245
18
1273 183 186 535 532 952 968 976 1022 923 928 419 420 1110 1289 1107 1108 785
1 3600 1245
24
1139 1093 1094 1163 1160 1155 1158 1131 1128 761 403 404 1004 1051 1052 1199 1200 1228 1225 1220 1187 1181 833 834
1 3600 290
8
1115 1118 1250 1281 1282 255 250 274
1 3600 434
11
199 202 1146 1345 1281 1197 167 168 1076 299 294
1 3600 434
5
183 186 535 532 954
1 3600 434
7
1344 1363 1273 183 186 549 550
1 3600 402
8
1093 963 964 269 270 265 262 589
1 3600 1245
18
199 202 1144 1273 183 184 961 964 269 270 265 259 256 1123 385 388 735 732
1 3600 1245
24
1250 1281 1197 181 173 174 184 1120 1301 557 355 356 589 590 347 340 375 378 665 666 599 592 245 248
1 3600 429
3
1194 209 206
1 3600 429
8
202 1144 1273 1193 1194 209 210 1314
1 3600 778
4
1251 1119 289 201
1 3600 355
13
292 1144 1273 1139 1093 1090 1360 993 547 544 909 912 1372
1 3600 355
13
199 202 1146 1363 1273 1139 1093 1094 1143 1140 1167 1037 1034
1 3600 1245
13
1093 1090 1133 1136 1157 1158 1131 999 195 196 1002 1056 1170
1 3600 1245
30
1115 289 292 1144 1273 1139 1093 1090 1360 993 67 64 544 1366 997 1000 1002 1056 1172 1232 25 26 656 658 647 7 10 639 636 640
1 3600 1245
20
913 908 545 542 1154 1161 267 105 108 556 553 550 952 966 287 282 309 310 753 751
1 3600 1245
11
1136 1157 1158 1169 573 574 359 360 576 977 978
1 3600 890
12
1373 1369 997 195 196 763 403 399 387 381 375 376
1 3600 1245
22
64 542 1158 1169 573 3 4 759 756 1125 385 381 375 376 1017 413 410 971 949 950 865 862
1 3600 1245
18
1136 1157 1158 1131 1128 761 403 404 1004 1051 1052 1199 1200 1223 1220 1187 1188 813
1 3600 958
32
908 545 65 66 992 1361 1091 963 960 185 175 176 179 180 1087 1082 119 116 150 133 130 1081 129 124 1071 231 232 91 88 83 84 136
1 3600 655
17
63 64 542 1154 1161 267 105 108 556 553 548 564 299 296 305 300 310
1 3600 655
10
1137 1132 1091 963 960 1120 1301 553 550 954
1 3600 677
6
998 1130 1159 1154 1161 267
1 3600 677
8
1158 1169 573 3 4 759 754 1123
1 3600 677
11
911 912 1369 997 1000 763 764 935 932 1125 1122
1 3600 677
8
912 1369 997 998 1130 1169 573 574
1 3600 677
8
547 544 1366 997 195 196 763 403
1 3600 366
9
1366 997 195 192 1035 1038 401 396 988
1 3600 1245
13
196 1002 1056 1172 1232 25 26 654 691 673 670 688 1279
1 3600 1245
32
998 1130 1159 1154 1161 267 268 980 1126 1301 553 548 564 299 296 314 537 538 776 163 155 156 135 127 122 229 232 91 88 51 48 1318
1 3600 622
13
1130 1159 1156 1137 1132 1091 1092 1138 1272 1145 293 288 1114
1 3600 622
16
1373 913 908 545 546 992 1361 1091 1092 1138 1272 1362 1147 203 200 290
1 3600 622
12
63 66 992 1361 1091 1092 1138 1272 1145 293 288 1114
1 3600 519
5
762 1001 996 1367 545
1 3600 622
5
1000 1002 1051 1052 1199
1 3600 622
8
761 403 404 1004 1056 1170 1199 1204
1 3600 622
9
1373 1369 997 1000 1002 1056 1172 1232 1234
1 3600 622
6
403 404 1004 1051 1052 1199
1 3600 1245
26
542 1158 1131 1128 1035 1038 401 396 988 1019 1020 1307 1175 1172 1232 25 26 656 653 649 645 7 10 639 633 61
1 3600 1245
28
1050 1005 405 402 764 935 932 757 754 939 591 586 455 429 424 432 521 524 513 510 518 495 492 498 779 351 352 1208
1 3600 1245
16
1230 731 595 598 667 664 379 369 367 364 827 824 1348 1364 523 524
1 3600 1132
18
1005 405 402 764 935 932 1125 343 344 423 418 1177 699 443 441 438 1103 1104
1 3600 1132
5
1230 731 595 596 907
1 3600 1245
8
1232 1234 1227 793 788 1186 1221 1224
1 3600 1245
26
1173 1174 1308 1311 991 397 387 384 1122 257 260 586 1164 559 560 969 509 307 302 775 776 163 158 145 146 143
1 3600 1245
17
1379 1171 1057 1005 405 402 764 935 930 937 5 2 574 359 354 556 553
1 3600 346
7
1174 1308 1311 991 397 400 935
1 3600 286
3
1233 1230 731
1 3600 286
9
1055 1052 1171 1174 1308 1311 1043 1041 733
1 3600 366
7
1241 1235 25 22 1254 1268 1276
1 3600 1245
23
1003 197 192 1035 1036 1166 1141 1142 1095 963 960 185 175 172 180 1087 1082 149 144 540 135 130 223
1 3600 1245
17
1205 1198 1053 1050 1003 197 192 1035 1036 1166 1141 1142 1095 1092 1138 1193 1194
1 3600 311
5
1205 1198 1053 1050 1003
1 3600 311
9
1055 1050 1005 405 402 760 1129 1130 1159
1 3600 519
3
1198 1171 1057
1 3600 415
11
1241 1235 25 26 656 658 647 7 10 639 636
1 3600 1245
31
637 638 11 8 14 1266 1255 1252 1027 1030 1015 593 598 667 664 379 369 372 827 824 1348 1364 523 524 513 510 477 480 1333 1334 1343
1 3600 1245
30
641 637 638 11 8 14 1266 1255 1252 1027 1030 1015 593 598 667 664 417 412 371 367 364 827 824 1348 1364 523 524 919 920 39
1 3600 1245
29
59 60 632 638 11 6 646 668 682 1279 1277 1269 1255 1252 1027 1028 249 244 593 598 667 664 417 414 949 803 603 606 610
1 3600 1245
25
59 60 632 638 11 6 644 648 652 657 27 22 1252 1027 1030 1015 593 598 667 664 417 410 971 949 803
1 3600 1245
22
641 637 638 11 8 14 1266 1255 899 895 77 74 883 884 1299 1027 1028 1239 319 320 879 876
1 3600 1245
39
641 637 638 11 8 14 1266 1255 1252 1027 1030 1190 721 722 728 734 389 384 1122 257 258 262 357 360 563 560 969 966 287 282 312 753 461 458 462 464 767 747 748
1 3600 1245
25
60 632 638 11 6 646 659 657 27 22 1252 1027 1030 1190 721 722 726 383 341 346 591 588 357 354 556
1 3600 1245
22
59 60 632 638 11 6 644 650 659 657 27 24 1233 1173 1174 1306 1021 1018 989 397 400 1039
1 3600 593
21
1286 641 637 638 11 8 14 1266 1255 899 895 892 881 884 1299 1027 1028 249 244 593 594
1 3600 226
7
1285 1286 641 637 638 11 8
1 3600 1245
37
641 637 638 11 8 14 1266 1255 1252 1027 1030 1190 721 722 728 734 389 384 343 344 927 922 1023 977 969 509 307 302 775 776 163 160 566 135 130 223 226
1 3600 1245
37
635 632 638 11 6 646 659 657 27 22 1252 1027 1030 1015 593 594 725 722 728 734 389 384 1122 257 258 264 271 268 980 1126 1121 185 182 1272 1362 1345 1251
1 3600 1245
18
637 638 11 6 644 648 652 657 27 24 1233 1173 1057 1003 1001 998 1130 1159
1 3600 244
18
1285 57 60 632 638 11 6 646 668 678 690 655 27 24 1233 1203 1198 1053
