531
1 3600 171
6
649 403 400 667 573 177
1 3600 171
4
729 726 303 298
1 3600 198
5
719 716 167 168 187
1 3600 198
6
572 161 164 43 40 186
1 3600 198
7
578 575 570 173 174 45 40
1 3600 198
10
302 727 728 669 161 164 43 19 14 510
1 3600 198
11
837 275 272 646 704 401 398 717 163 158 174
1 3600 198
12
277 274 701 363 364 549 203 200 455 21 22 460
1 3600 198
14
301 302 806 824 707 647 403 398 167 168 926 33 28 128
1 3600 198
11
607 559 549 550 185 180 546 219 25 26 467
1 3600 198
6
177 174 45 19 16 32
1 3600 188
18
572 666 719 716 914 201 198 206 217 218 541 538 751 752 925 835 355 356
1 3600 642
14
177 159 164 43 19 14 510 833 834 921 917 69 64 93
1 3600 642
23
401 398 167 168 926 467 462 748 750 481 478 469 472 474 149 146 446 919 69 62 417 111 106
1 3600 642
26
402 648 367 364 281 282 284 763 651 581 582 894 767 764 869 870 891 887 617 614 263 260 654 770 773 677
1 3600 642
24
367 362 607 565 279 282 286 243 244 531 534 698 769 603 604 543 143 140 863 83 78 360 678 777
1 3600 202
8
570 173 159 162 716 914 201 202
1 3600 202
6
272 646 704 719 716 914
1 3600 202
7
703 363 364 549 550 205 200
1 3600 202
5
669 161 162 716 914
1 3600 203
7
836 649 403 398 167 168 453
1 3600 203
10
274 701 607 559 549 191 192 183 180 546
1 3600 356
18
825 807 727 575 177 174 45 40 31 28 130 464 753 750 539 333 330 533
1 3600 642
16
669 161 164 43 19 14 510 671 672 818 357 352 881 149 144 610
1 3600 642
22
364 281 282 284 683 680 692 734 740 585 582 894 767 764 869 37 34 891 313 310 617 614
1 3600 642
18
272 646 704 719 716 167 168 926 467 464 925 921 917 69 66 88 420 798
1 3600 642
28
806 824 707 647 403 398 914 455 21 22 460 481 478 469 472 474 882 769 519 520 543 103 87 88 418 213 208 269
1 3600 458
14
277 272 648 837 701 607 559 549 550 195 188 284 683 686
1 3600 583
15
177 174 725 171 168 453 456 217 218 541 241 242 288 652 738
1 3600 642
12
914 201 198 206 545 546 541 333 330 155 156 582
1 3600 642
15
161 164 43 40 31 28 128 384 925 922 537 155 156 582 892
1 3600 642
22
728 707 647 648 367 364 558 565 279 282 286 288 581 582 894 767 764 869 597 598 529 526
1 3600 642
29
163 164 724 45 19 14 510 833 355 352 917 69 64 73 76 106 132 83 78 360 676 721 489 492 830 799 215 212 853
1 3600 642
34
577 578 575 570 173 174 45 19 16 32 27 22 460 481 327 328 531 534 698 769 611 608 517 522 562 919 69 66 88 418 859 854 876 906
1 3600 109
4
927 169 166 399
1 3600 109
9
749 459 23 20 454 915 717 718 705
1 3600 109
5
17 18 44 175 176
1 3600 109
3
165 160 666
1 3600 109
6
511 15 18 42 165 160
1 3600 86
7
725 171 168 926 467 462 748
1 3600 113
3
672 820 834
1 3600 113
5
31 28 128 382 833
1 3600 113
7
670 383 384 753 750 481 478
1 3600 113
6
127 130 464 925 922 469
1 3600 113
8
467 464 385 382 671 672 818 357
1 3600 214
14
750 539 333 330 533 534 477 474 149 146 446 919 69 64
1 3600 642
10
539 241 244 531 534 698 769 603 604 543
1 3600 642
18
833 834 921 917 69 62 417 137 138 135 132 83 78 360 676 772 731 732
1 3600 642
36
168 926 27 24 218 541 241 242 288 581 582 894 767 764 869 37 38 591 586 643 644 656 664 689 663 660 339 340 420 798 793 790 796 715 708 776
1 3600 112
7
27 24 216 207 179 184 551
1 3600 91
5
466 927 453 456 207
1 3600 91
3
750 539 241
1 3600 102
4
459 460 481 327
1 3600 377
9
672 818 357 352 881 882 884 291 294
1 3600 642
20
675 670 383 384 925 922 537 155 156 582 894 767 764 869 870 891 637 627 623 624
1 3600 642
13
481 478 469 472 474 149 146 446 919 69 66 88 418
1 3600 642
26
14 510 833 355 352 917 69 62 71 76 106 132 862 864 81 78 360 676 721 711 714 797 415 412 267 270
1 3600 583
9
166 914 201 204 195 188 283 278 9
1 3600 458
10
27 24 218 541 241 242 288 652 740 896
1 3600 642
16
453 456 545 181 182 193 188 284 763 695 692 734 740 585 582 894
1 3600 642
19
40 31 28 130 462 459 460 539 333 330 155 156 582 894 767 764 869 37 34
1 3600 642
25
186 453 456 207 199 202 191 188 284 763 651 581 582 894 767 764 869 597 593 594 846 613 449 450 307
1 3600 642
21
481 478 469 472 476 698 769 519 520 543 103 104 91 88 341 338 661 658 53 46 235
1 3600 642
20
31 32 467 464 925 921 917 69 66 88 341 334 376 661 662 690 53 50 743 746
1 3600 188
15
480 461 458 463 131 29 30 41 44 175 172 571 574 579 576
1 3600 44
5
832 383 129 29 30
1 3600 44
5
473 468 923 924 385
1 3600 90
4
474 880 353 356
1 3600 52
7
469 472 474 149 144 608 445
1 3600 52
3
917 69 64
1 3600 178
17
470 534 698 769 519 522 562 919 69 62 417 137 138 135 132 83 84
1 3600 642
12
149 144 610 603 604 543 143 101 96 83 78 360
1 3600 642
14
357 352 917 69 62 417 111 106 132 83 78 247 250 494
1 3600 401
9
354 834 922 479 480 461 23 20 454
1 3600 103
11
881 475 476 535 532 331 332 540 547 181 182
1 3600 46
5
834 922 537 155 150
1 3600 110
7
357 352 881 882 884 291 294
1 3600 321
21
470 532 155 156 582 894 767 764 869 597 567 441 437 438 524 844 867 483 423 345 346
1 3600 642
8
149 146 446 919 69 66 88 420
1 3600 642
21
474 149 144 608 517 520 543 143 140 864 81 78 360 676 721 489 492 795 233 228 270
1 3600 642
19
819 673 670 511 127 130 462 459 23 24 216 545 181 184 551 548 281 11 12
1 3600 583
7
476 535 530 245 242 288 650
1 3600 642
7
327 328 245 242 288 581 582
1 3600 493
9
352 881 882 884 151 156 582 894 767
1 3600 642
14
476 698 884 151 152 585 582 894 767 764 869 597 598 529
1 3600 642
7
917 69 66 88 418 859 856
1 3600 642
29
820 834 922 537 155 156 582 894 767 764 869 870 891 313 314 487 484 630 826 783 501 502 658 53 46 875 872 861 743
1 3600 642
21
119 124 139 136 416 63 68 916 920 924 465 466 927 169 166 399 402 273 274 836 367
1 3600 200
12
447 147 148 475 473 468 479 480 751 749 463 131
1 3600 97
3
556 359 354
1 3600 97
5
148 880 920 835 821
1 3600 97
4
555 556 359 356
1 3600 97
4
556 359 352 881
1 3600 108
6
556 359 352 917 69 64
1 3600 112
13
553 556 359 352 917 69 64 73 76 106 132 97 94
1 3600 112
4
62 417 137 109
1 3600 112
3
69 66 90
1 3600 112
15
553 556 359 352 881 149 146 444 517 520 543 103 99 96 83
1 3600 112
12
555 556 359 352 917 69 62 71 76 106 132 83
1 3600 246
15
446 919 69 62 417 137 138 135 132 83 78 360 676 772 731
1 3600 642
9
111 106 132 83 78 349 249 250 496
1 3600 642
16
563 523 518 768 699 535 530 329 332 540 547 181 184 551 548 558
1 3600 377
20
124 139 136 416 63 68 918 563 297 290 151 152 741 735 693 694 762 285 189 192
1 3600 108
12
123 124 139 109 77 72 65 68 918 563 297 290
1 3600 103
6
68 918 447 444 609 610
1 3600 103
6
144 608 517 522 297 294
1 3600 100
18
121 124 135 132 97 98 87 88 341 336 323 324 370 393 390 427 422 486
1 3600 337
11
123 124 135 132 97 94 91 88 420 798 831
1 3600 642
28
555 556 359 352 881 882 769 603 604 543 143 140 864 81 78 360 678 777 709 712 225 222 812 267 268 802 840 842
1 3600 642
21
553 556 359 354 832 511 15 18 42 165 162 718 705 647 273 274 701 607 565 9 4
1 3600 642
18
553 556 359 356 819 673 670 383 384 753 750 539 241 242 287 284 683 680
1 3600 642
6
144 610 768 884 151 152
1 3600 401
16
879 359 354 834 922 537 155 156 582 894 767 764 869 37 34 891
1 3600 428
18
123 124 135 132 97 98 87 88 341 336 621 509 506 782 431 434 59 60
1 3600 642
29
553 556 359 356 819 820 834 922 537 155 156 582 894 767 764 869 870 589 586 867 639 640 644 656 664 689 690 53 46
1 3600 642
12
66 88 418 853 850 53 46 235 236 899 861 743
1 3600 642
14
136 416 63 68 916 920 924 465 466 927 169 166 399 402
1 3600 642
18
100 142 542 605 602 768 699 535 532 331 332 540 547 544 457 452 169 170
1 3600 183
8
107 77 70 63 68 916 353 356
1 3600 100
9
139 136 416 63 68 916 353 358 557
1 3600 100
6
113 85 82 133 107 110
1 3600 100
6
117 85 82 133 107 77
1 3600 100
7
139 136 416 63 68 918 447
1 3600 80
4
96 83 84 116
1 3600 78
7
78 360 676 772 771 655 261
1 3600 78
7
96 83 78 360 676 721 722
1 3600 78
9
104 91 88 420 800 759 756 409 406
1 3600 246
5
81 78 360 678 777
1 3600 642
16
102 542 521 516 609 145 148 475 473 468 479 480 461 23 20 454
1 3600 642
19
80 865 141 142 542 605 602 768 699 535 530 245 240 540 219 216 207 179 182
1 3600 337
10
136 416 63 68 918 563 523 518 768 699
1 3600 105
10
141 101 94 91 67 68 918 563 297 294
1 3600 80
12
81 78 360 676 772 771 409 410 615 616 625 622
1 3600 80
9
87 88 341 334 380 504 387 390 427
1 3600 86
7
132 97 98 87 88 341 336
1 3600 428
10
106 132 83 78 360 678 259 254 786 788
1 3600 642
11
542 521 518 768 884 151 156 580 650 695 696
1 3600 642
12
101 94 91 67 68 918 563 297 290 151 152 896
1 3600 642
19
115 85 78 360 676 721 722 732 758 265 262 615 616 886 890 871 868 765 766
1 3600 458
22
85 78 360 676 772 771 655 261 262 375 319 316 370 514 618 628 632 638 866 587 590 592
1 3600 292
17
115 85 78 360 676 772 731 732 756 409 410 375 319 316 370 512 829
1 3600 401
8
141 142 103 87 88 341 334 378
1 3600 642
9
88 418 859 854 874 47 50 743 744
1 3600 642
24
406 261 262 615 347 344 424 624 311 312 890 35 36 868 765 766 895 583 580 289 287 283 280 365
1 3600 642
33
678 777 709 714 797 415 231 211 212 853 850 691 688 823 451 448 527 528 599 596 868 765 766 895 583 157 154 536 923 924 385 129 29
1 3600 642
24
262 375 319 320 324 370 393 388 429 432 645 642 845 595 39 36 868 765 766 895 583 157 154 536
1 3600 237
15
351 348 79 82 133 107 77 72 65 68 916 353 358 557 552
1 3600 68
9
408 757 754 830 799 421 89 86 104
1 3600 68
7
731 732 758 801 421 89 86
1 3600 68
9
757 733 723 720 677 361 79 84 112
1 3600 116
4
408 757 733 723
1 3600 66
9
264 759 754 493 490 797 789 787 255
1 3600 66
5
730 773 677 361 349
1 3600 642
27
756 409 410 615 347 344 422 482 635 636 890 871 868 765 766 895 583 584 741 735 693 681 682 285 283 278 564
1 3600 642
27
489 492 795 792 799 421 341 338 785 782 827 631 485 486 315 312 890 35 36 868 765 766 895 583 580 289 243
1 3600 642
13
264 801 421 89 67 68 918 447 147 148 475 473 470
1 3600 428
12
770 773 677 361 79 80 865 141 142 542 521 522
1 3600 102
5
772 771 409 410 615
1 3600 43
3
490 797 791
1 3600 133
5
754 830 799 215 208
1 3600 642
34
721 489 492 795 233 211 212 853 850 659 503 498 665 657 57 60 448 527 439 436 440 566 596 868 765 766 895 583 584 741 735 693 681 684
1 3600 642
12
262 615 616 886 890 871 868 765 766 895 583 580
1 3600 642
21
732 758 265 262 375 319 316 370 514 618 628 632 640 642 587 588 35 36 868 765 766
1 3600 642
18
754 830 799 215 212 859 854 874 47 52 691 305 306 451 448 527 528 443
1 3600 428
22
721 711 714 797 791 792 799 421 341 336 621 509 504 829 827 631 485 482 866 845 525 528
1 3600 356
6
758 801 215 212 853 850
1 3600 642
16
360 678 259 256 227 220 231 211 212 859 854 872 861 743 744 781
1 3600 642
23
395 257 258 679 361 79 82 133 107 110 416 63 68 916 920 835 832 511 15 18 42 165 162
1 3600 642
22
497 251 246 79 82 862 141 142 542 605 602 611 145 148 475 473 468 479 480 751 752 465
1 3600 642
13
774 786 788 791 792 799 421 89 67 68 916 920 835
1 3600 642
7
348 79 82 133 107 77 70
1 3600 207
6
497 251 246 79 80 865
1 3600 125
9
251 248 348 360 676 772 771 655 407
1 3600 125
5
254 786 713 710 720
1 3600 125
5
777 709 710 722 730
1 3600 125
9
397 227 220 231 232 794 755 756 409
1 3600 139
6
715 708 776 679 361 349
1 3600 642
17
251 246 79 82 97 98 102 542 605 602 768 699 535 530 245 242 287
1 3600 642
24
397 227 222 812 267 268 209 212 419 89 67 68 918 447 147 148 475 473 470 532 331 332 540 547
1 3600 642
14
248 348 79 82 97 100 142 542 521 518 768 699 535 530
1 3600 642
9
497 251 246 79 80 865 141 142 542
1 3600 377
15
709 714 491 492 755 756 409 410 375 319 320 324 370 512 387
1 3600 103
15
497 251 248 348 360 676 721 489 492 830 799 421 341 336 621
1 3600 127
7
714 797 415 412 267 270 842
1 3600 127
4
712 225 222 812
1 3600 642
29
786 788 791 792 799 421 341 338 785 501 498 665 657 645 641 638 866 845 595 592 596 868 765 766 895 583 580 650 762
1 3600 642
23
225 220 231 211 214 800 265 262 615 616 311 312 890 871 868 765 766 895 583 584 741 735 693
1 3600 642
21
788 415 231 211 212 853 850 659 662 688 665 657 645 642 587 590 39 36 868 765 766
1 3600 642
21
497 251 246 360 676 772 771 655 407 410 615 347 344 424 622 626 636 890 589 590 592
1 3600 642
19
497 251 248 348 360 676 772 771 655 261 262 375 319 316 370 393 388 631 485
1 3600 493
16
251 246 360 676 721 489 492 795 233 211 212 859 854 874 235 238
1 3600 642
13
786 225 220 231 211 212 859 854 876 899 861 743 746
1 3600 43
8
189 190 548 558 606 700 275 272
1 3600 97
5
194 205 200 915 167
1 3600 356
11
204 185 180 546 541 333 330 533 534 698 883
1 3600 642
13
191 188 284 683 680 692 734 740 153 150 291 296 562
1 3600 642
18
194 185 178 206 217 218 541 333 328 531 534 698 769 519 520 543 143 140
1 3600 642
26
281 282 286 288 581 582 894 767 764 869 37 38 594 844 643 641 633 629 391 392 371 317 318 374 411 406
1 3600 642
27
284 763 651 581 582 894 767 764 869 597 598 529 526 449 61 54 307 304 690 851 852 213 210 230 221 226 394
1 3600 128
3
189 190 203
1 3600 58
5
549 550 195 192 196
1 3600 58
3
549 550 185
1 3600 246
16
549 203 200 455 21 22 460 481 327 330 533 534 698 769 603 600
1 3600 642
11
201 204 195 188 286 288 652 740 153 150 291
1 3600 642
23
551 191 188 284 763 695 692 734 740 585 582 894 767 764 869 870 891 887 625 425 426 391 386
1 3600 642
27
188 284 763 651 581 582 894 767 764 869 37 34 891 637 634 639 640 644 433 430 828 513 371 325 321 318 372
1 3600 642
25
286 288 581 582 894 767 764 869 597 567 441 437 438 526 449 450 822 499 502 658 53 50 743 744 804
1 3600 61
5
188 284 683 680 696
1 3600 133
6
202 191 188 284 763 760
1 3600 642
9
455 21 22 460 481 327 330 155 156
1 3600 642
17
550 185 180 546 541 241 242 288 581 582 894 767 764 869 597 567 568
1 3600 642
25
565 279 282 284 683 680 692 734 740 585 582 894 767 764 869 37 38 594 846 613 449 61 54 307 308
1 3600 642
27
201 198 206 217 218 541 333 330 155 156 582 894 767 764 869 870 891 313 314 487 484 630 389 386 505 381 378
1 3600 642
25
455 21 22 460 481 478 469 472 474 149 146 446 919 69 66 88 341 334 376 661 658 53 50 743 744
1 3600 92
9
457 452 187 41 44 175 176 574 726
1 3600 42
6
183 178 206 217 25 26
1 3600 95
3
460 481 478
1 3600 377
11
544 457 452 187 31 28 128 382 833 355 358
1 3600 642
18
179 180 546 541 241 244 531 534 698 769 603 604 543 143 140 864 81 84
1 3600 642
17
22 458 748 752 925 921 917 69 66 88 420 798 831 493 488 720 677
1 3600 642
26
179 182 193 188 284 763 651 581 582 894 767 764 869 37 34 891 887 617 614 263 260 654 757 733 723 711
1 3600 62
4
20 456 207 199
1 3600 62
6
23 24 216 207 199 202
1 3600 110
3
217 25 22
1 3600 56
7
546 541 333 330 533 534 698
1 3600 56
5
541 241 244 531 534
1 3600 256
13
21 26 467 464 925 921 881 149 144 608 517 522 560
1 3600 642
24
21 22 460 539 241 242 288 652 740 585 582 894 767 764 869 37 38 591 586 867 483 423 426 391
1 3600 642
17
21 22 460 481 478 469 472 474 149 146 446 919 69 66 88 420 798
1 3600 642
21
541 333 330 533 534 698 769 519 520 543 103 104 91 88 420 798 793 233 228 266 813
1 3600 131
4
287 283 11 12
1 3600 56
9
216 545 181 182 193 188 284 763 760
1 3600 183
4
242 288 652 740
1 3600 377
11
333 330 155 156 582 894 767 764 869 870 891
1 3600 642
12
241 242 288 581 582 894 767 764 869 870 891 637
1 3600 642
23
199 204 195 188 286 288 581 582 894 767 764 869 597 593 591 586 643 644 656 664 689 690 53
1 3600 642
15
25 26 467 464 925 921 917 69 66 88 418 859 854 872 900
1 3600 321
12
329 326 480 461 458 463 466 33 30 41 44 175
1 3600 92
15
601 602 611 145 148 880 920 924 465 131 126 15 18 42 724
1 3600 42
5
533 471 472 474 880
1 3600 108
6
477 474 880 353 358 557
1 3600 305
8
533 534 698 769 603 604 543 143
1 3600 642
21
328 531 471 472 474 149 146 446 919 69 64 73 76 106 132 83 78 360 676 721 489
1 3600 642
19
769 519 522 562 919 69 62 417 137 138 135 132 83 78 360 678 777 709 714
1 3600 267
7
245 240 540 547 181 184 205
1 3600 28
8
535 532 331 332 540 219 216 207
1 3600 110
5
601 602 768 699 535
1 3600 29
5
601 604 521 522 560
1 3600 214
14
601 604 543 103 87 88 341 334 380 504 387 390 427 424
1 3600 642
24
155 156 582 894 767 764 869 37 34 891 313 310 625 425 345 342 515 371 368 620 337 340 420 215
1 3600 642
14
531 471 472 474 149 146 446 919 69 66 88 418 213 210
1 3600 458
16
883 475 473 468 479 480 461 23 20 454 201 202 548 281 11 12
1 3600 125
8
601 602 768 884 151 152 741 735
1 3600 81
3
156 582 894
1 3600 107
3
150 291 292
1 3600 305
15
156 582 894 767 764 869 597 598 529 526 449 61 58 435 428
1 3600 642
25
329 330 155 156 582 894 767 764 869 37 38 594 844 867 639 633 630 826 783 784 661 658 53 46 875
1 3600 642
20
698 769 519 520 543 103 104 91 88 418 853 850 53 46 235 236 899 861 743 746
1 3600 642
20
561 523 516 609 145 148 475 473 468 923 924 465 466 927 169 166 717 718 667 573
1 3600 337
12
602 768 699 535 532 331 332 538 751 749 463 466
1 3600 98
5
516 445 147 148 880
1 3600 49
9
602 611 145 148 880 353 358 557 552
1 3600 90
11
561 562 919 69 62 71 76 106 132 83 84
1 3600 401
16
295 296 562 919 69 62 417 111 106 132 83 78 360 676 721 489
1 3600 642
11
519 520 543 143 140 864 81 78 360 678 777
1 3600 642
11
145 148 475 473 468 479 480 461 23 20 454
1 3600 246
9
602 768 699 535 532 331 332 540 547
1 3600 28
6
609 610 768 699 535 530
1 3600 121
3
608 517 520
1 3600 52
17
445 446 919 69 66 88 341 336 621 369 370 514 343 344 422 486 315
1 3600 52
9
543 103 87 88 341 336 323 324 370
1 3600 214
13
604 543 143 140 864 81 78 360 676 772 731 732 758
1 3600 642
25
604 521 522 562 919 69 64 73 76 106 132 83 78 360 678 777 709 714 797 415 412 267 268 802 838
1 3600 642
14
602 768 884 151 152 741 653 650 762 285 283 278 9 4
1 3600 458
7
610 768 884 151 152 741 738
1 3600 188
5
561 297 290 151 152
1 3600 48
11
768 884 151 156 582 894 767 764 869 597 567
1 3600 88
10
562 919 69 66 88 341 338 785 782 431
1 3600 337
11
604 543 103 104 91 88 418 859 854 876 899
1 3600 642
15
445 446 919 69 66 88 418 853 850 53 46 235 236 899 900
1 3600 642
19
616 886 890 871 868 765 766 895 583 580 650 762 285 189 194 205 200 915 717
1 3600 642
13
342 515 371 325 322 337 340 89 67 68 916 920 924
1 3600 321
10
375 319 320 322 337 340 89 67 68 916
1 3600 103
10
381 335 340 89 67 68 916 353 358 878
1 3600 75
10
368 620 337 340 89 90 95 96 133 134
1 3600 75
8
505 381 335 340 89 90 95 96
1 3600 108
9
371 317 318 374 411 408 757 754 493
1 3600 428
13
508 369 317 318 374 263 260 654 770 773 677 361 247
1 3600 642
27
370 512 829 827 429 434 59 60 448 527 439 436 442 599 596 868 765 766 895 583 580 289 287 189 190 203 200
1 3600 642
18
626 636 890 35 36 868 765 766 895 583 157 154 331 332 540 547 181 182
1 3600 228
18
618 628 632 638 866 845 595 39 36 868 765 766 895 583 157 154 331 328
1 3600 85
13
311 312 890 871 868 765 766 895 583 157 150 291 294
1 3600 85
11
320 322 337 340 89 67 68 918 447 444 609
1 3600 85
21
343 346 614 411 408 770 773 677 361 79 82 133 107 77 72 65 68 918 563 297 294
1 3600 95
4
388 631 485 486
1 3600 70
7
487 484 630 826 783 784 339
1 3600 70
7
347 342 515 371 368 620 337
1 3600 70
3
325 322 337
1 3600 267
6
614 263 264 801 215 208
1 3600 642
25
427 422 482 866 845 525 528 599 596 868 765 766 895 583 584 741 735 693 681 682 285 283 11 3 4
1 3600 642
17
512 829 431 432 645 642 587 588 35 36 868 765 766 895 583 580 652
1 3600 642
14
387 390 427 424 624 886 890 871 868 765 766 895 583 584
1 3600 102
14
316 368 509 506 501 498 823 451 448 527 439 436 440 566
1 3600 74
11
319 320 324 370 393 388 429 432 57 60 448
1 3600 74
6
319 316 370 514 618 628
1 3600 88
9
386 505 506 501 502 662 690 53 48
1 3600 642
8
505 506 784 661 658 53 50 743
1 3600 642
18
809 337 340 89 67 68 916 353 354 832 511 15 18 42 165 160 666 401
1 3600 642
19
493 488 720 677 361 79 82 133 107 110 416 63 68 916 920 835 832 511 15
1 3600 642
14
421 89 86 102 542 521 516 445 147 148 475 473 468 923
1 3600 356
22
793 790 796 715 708 776 679 361 79 82 133 134 139 136 416 63 68 916 353 358 557 552
1 3600 83
12
809 323 321 318 374 411 408 770 773 677 361 79
1 3600 48
12
369 317 318 374 263 264 759 733 723 720 677 361
1 3600 121
9
420 798 793 790 789 787 255 256 394
1 3600 642
24
376 661 662 305 306 55 60 448 612 847 595 592 596 868 765 766 895 583 580 650 762 285 189 194
1 3600 642
24
509 506 782 827 631 632 638 635 636 890 35 36 868 765 766 895 583 580 289 243 240 540 547 181
1 3600 642
8
419 89 67 68 918 563 297 290
1 3600 237
10
801 421 89 90 105 102 542 521 518 611
1 3600 72
8
800 265 262 375 319 320 324 370
1 3600 72
6
792 799 421 341 334 380
1 3600 72
6
798 831 755 756 409 410
1 3600 90
5
809 323 321 318 372
1 3600 63
9
373 374 263 264 801 215 208 802 838
1 3600 63
11
809 337 340 420 798 793 233 228 266 813 814
1 3600 642
23
509 504 387 390 427 424 622 315 312 890 871 868 765 766 895 583 580 289 287 283 278 9 6
1 3600 642
22
621 509 504 829 431 432 645 642 587 590 39 36 868 765 766 895 583 584 741 735 693 694
1 3600 642
12
755 756 409 410 615 616 886 890 871 868 765 766
1 3600 337
13
853 850 659 503 498 823 451 448 527 439 436 440 568
1 3600 81
7
809 621 369 370 393 388 429
1 3600 38
7
621 509 381 376 661 662 690
1 3600 188
8
418 859 854 872 861 743 744 781
1 3600 642
34
839 840 271 229 230 414 796 715 708 776 679 361 79 82 133 107 77 72 65 68 916 353 356 819 673 670 383 129 29 30 41 44 175 176
1 3600 642
23
817 223 224 787 775 776 679 361 79 82 133 134 139 136 416 63 68 916 920 924 385 129 29
1 3600 642
17
805 745 742 860 873 855 858 419 89 67 68 918 447 147 148 475 473
1 3600 642
18
223 224 713 710 720 677 361 79 82 133 107 77 74 92 65 68 918 447
1 3600 337
10
843 841 803 209 212 419 89 86 99 100
1 3600 125
8
843 271 229 232 794 755 756 409
1 3600 124
4
415 221 226 396
1 3600 124
3
221 226 396
1 3600 642
29
817 812 413 414 796 491 488 720 677 361 79 80 865 141 142 542 521 518 768 699 535 530 245 240 540 547 181 182 193
1 3600 642
20
791 792 799 421 89 86 102 542 521 516 609 145 148 475 473 468 479 480 461 23
1 3600 642
24
224 713 710 722 732 756 655 261 262 615 616 311 312 890 35 36 868 765 766 895 583 157 154 331
1 3600 642
13
223 226 257 258 679 361 79 80 865 141 142 542 605
1 3600 237
9
839 803 209 214 421 341 336 323 324
1 3600 133
5
211 212 419 341 336
1 3600 133
5
231 232 792 799 800
1 3600 133
5
211 214 421 341 334
1 3600 133
9
268 209 212 853 850 691 663 660 377
1 3600 133
3
211 212 419
1 3600 145
3
812 267 268
1 3600 642
27
803 209 214 800 265 262 615 347 344 422 482 866 845 525 528 599 596 868 765 766 895 583 580 650 695 681 684
1 3600 642
23
779 747 742 51 52 691 305 306 451 448 527 528 599 596 868 765 766 895 583 584 741 735 736
1 3600 642
18
220 414 791 794 755 756 409 410 615 616 886 890 871 868 765 766 895 583
1 3600 642
19
817 812 267 268 209 212 853 850 659 662 688 665 657 645 642 845 525 439 436
1 3600 321
12
812 413 231 232 792 799 421 341 338 785 782 827
1 3600 102
10
220 231 211 212 859 854 874 47 52 659
1 3600 97
9
231 211 212 859 854 876 899 861 743
1 3600 377
16
697 681 682 285 189 190 548 365 366 837 275 276 807 303 300 576
1 3600 493
10
564 606 700 836 649 403 398 167 168 187
1 3600 642
10
697 692 734 653 289 243 244 329 326 478
1 3600 642
18
685 680 692 734 740 153 150 291 296 562 919 69 62 417 137 138 125 120
1 3600 642
31
7 2 10 280 365 366 649 646 704 719 163 164 43 19 14 127 128 384 925 921 917 69 62 417 137 138 135 132 83 84 112
1 3600 642
22
13 3 8 279 282 284 763 651 581 582 894 767 764 869 870 891 887 617 614 411 408 770
1 3600 642
31
282 286 288 581 582 894 767 764 869 37 34 891 637 634 639 640 644 656 664 689 690 851 852 213 210 230 414 796 715 708 776
1 3600 118
3
285 189 190
1 3600 118
6
685 682 285 283 280 558
1 3600 118
6
285 189 192 183 180 546
1 3600 428
8
697 694 651 289 243 244 329 330
1 3600 642
9
10 282 286 243 244 531 534 698 769
1 3600 642
15
697 692 734 740 585 582 894 767 764 869 870 891 313 310 617
1 3600 642
22
683 680 692 734 740 585 582 894 767 764 869 597 598 529 526 449 450 822 499 500 784 377
1 3600 642
28
279 282 284 763 651 581 582 894 767 764 869 37 34 589 586 643 644 656 664 499 502 658 53 50 743 744 804 810
1 3600 142
5
7 8 279 282 284
1 3600 105
7
7 2 10 282 284 763 760
1 3600 105
6
3 8 279 282 286 288
1 3600 105
3
282 286 288
1 3600 428
7
687 680 692 734 740 585 582
1 3600 642
15
7 2 10 282 284 763 651 581 582 894 767 764 869 37 38
1 3600 642
18
3 8 279 282 286 288 581 582 894 767 764 869 597 598 443 437 438 526
1 3600 642
26
683 680 692 734 740 585 582 894 767 764 869 870 891 637 634 639 640 644 656 664 689 690 53 46 875 855
1 3600 642
25
680 694 651 581 582 894 767 764 869 37 38 594 846 613 449 450 307 304 663 658 53 46 235 236 906
1 3600 493
16
693 694 762 285 189 194 205 200 915 399 400 667 668 729 579 301
1 3600 377
9
694 651 289 243 240 538 751 749 463
1 3600 493
6
289 243 244 531 471 472
1 3600 642
22
761 762 285 189 192 183 178 206 457 452 926 33 28 126 510 671 672 818 357 358 557 552
1 3600 642
11
737 734 740 153 150 885 883 880 917 69 66
1 3600 642
19
739 653 289 243 244 329 326 478 923 921 917 69 64 73 76 106 132 83 78
1 3600 642
18
739 740 153 150 291 296 562 919 69 62 417 111 106 132 83 78 360 678
1 3600 131
13
897 153 154 536 479 480 461 23 20 454 201 204 195
1 3600 52
7
737 734 653 289 243 240 540
1 3600 118
4
289 243 244 531
1 3600 428
9
737 734 740 153 150 885 769 611 608
1 3600 642
21
694 651 581 582 894 767 764 869 870 891 313 314 623 425 426 619 515 371 325 321 318
1 3600 642
20
581 582 894 767 764 869 597 593 591 586 867 483 484 630 826 783 507 508 620 808
1 3600 642
20
581 157 150 885 769 519 520 543 143 140 864 81 78 360 676 721 489 492 795 233
1 3600 71
6
897 741 735 693 681 682
1 3600 71
6
897 741 653 289 287 283
1 3600 136
3
739 653 650
1 3600 49
7
695 692 734 740 585 582 894
1 3600 246
9
897 585 582 894 767 764 869 37 38
1 3600 642
14
734 740 585 582 894 767 764 869 597 598 529 524 844 643
1 3600 642
21
761 651 581 582 894 767 764 869 597 567 441 437 438 526 449 61 54 307 304 690 53
1 3600 642
25
692 734 740 585 582 894 767 764 869 870 891 637 634 639 640 644 656 664 499 502 658 53 50 743 746
1 3600 642
13
583 157 154 536 923 924 465 466 927 169 170 165 160
1 3600 583
13
153 154 331 332 538 751 749 463 131 29 30 186 169
1 3600 458
8
583 157 154 536 923 835 821 818
1 3600 642
8
157 150 885 883 149 146 446 919
1 3600 642
13
157 150 291 296 562 919 69 62 71 76 106 132 83
1 3600 642
14
153 150 885 769 603 604 543 143 140 864 81 78 360 676
1 3600 642
18
157 150 291 296 562 919 69 62 417 137 138 135 132 83 78 360 678 259
1 3600 535
4
580 289 287 189
1 3600 139
7
895 583 157 154 331 328 245
1 3600 62
3
153 150 885
1 3600 148
3
157 150 291
1 3600 458
15
585 582 894 767 764 869 37 34 891 887 625 425 426 391 386
1 3600 642
18
582 894 767 764 869 870 891 313 314 487 484 629 391 386 505 508 620 808
1 3600 642
20
767 764 869 37 34 891 887 617 614 263 260 654 757 733 723 711 712 225 222 816
1 3600 356
5
741 735 693 681 686
1 3600 41
3
741 653 650
1 3600 34
5
582 894 767 764 902
1 3600 237
10
894 767 764 869 597 598 529 526 449 61
1 3600 642
16
767 764 869 870 589 586 643 644 656 664 689 690 53 46 235 238
1 3600 642
22
585 582 894 767 764 869 37 38 594 846 613 449 450 822 499 502 658 53 46 875 872 861
1 3600 642
21
868 765 766 895 583 157 154 536 923 835 832 511 15 18 44 175 172 571 574 726 303
1 3600 642
19
890 35 36 868 765 766 895 583 157 154 536 479 480 751 752 385 129 29 17
1 3600 458
9
868 765 766 895 583 157 154 536 923
1 3600 401
22
437 438 524 844 643 641 633 630 826 783 507 381 335 340 89 90 95 96 133 134 125 118
1 3600 428
19
593 594 844 867 483 484 630 826 783 784 339 340 89 90 105 99 96 133 107
1 3600 642
10
593 591 586 867 483 423 345 346 614 411
1 3600 642
17
569 441 437 438 526 449 450 307 304 690 851 852 213 210 230 221 226
1 3600 642
12
868 765 766 895 583 580 289 287 283 278 564 559
1 3600 377
15
440 566 596 868 765 766 895 583 580 289 243 240 538 461 23
1 3600 108
20
441 442 529 526 449 61 56 433 430 828 505 381 335 340 89 86 102 542 605 600
1 3600 51
18
637 627 623 425 426 391 386 505 381 335 340 89 67 68 918 447 444 609
1 3600 98
10
441 437 438 524 844 867 639 633 629 619
1 3600 321
13
869 37 34 891 313 314 487 484 630 826 783 784 377
1 3600 642
17
764 869 870 891 887 617 614 263 260 654 757 754 795 233 228 266 813
1 3600 642
5
893 583 580 650 762
1 3600 267
9
566 596 868 765 766 895 583 584 741
1 3600 92
3
765 766 895
1 3600 92
8
569 566 596 868 765 766 895 583
1 3600 103
4
442 599 593 39
1 3600 87
8
34 589 586 643 644 433 428 826
1 3600 87
9
569 441 442 529 526 449 450 307 308
1 3600 87
11
764 869 597 598 529 526 449 61 54 307 308
1 3600 87
3
566 593 591
1 3600 194
15
870 891 637 634 639 640 644 656 664 689 663 658 53 46 875
1 3600 642
19
905 869 37 38 594 844 643 644 656 664 499 502 658 53 46 875 876 899 900
1 3600 642
25
389 392 371 325 322 337 340 89 67 68 916 353 356 819 673 670 511 15 18 42 165 160 668 825 807
1 3600 642
17
528 599 596 868 765 766 895 583 157 154 331 326 480 751 752 465 466
1 3600 642
12
500 784 339 340 89 67 68 918 447 147 148 475
1 3600 458
30
449 61 58 435 430 828 513 371 317 318 374 411 408 770 773 677 361 79 82 133 107 110 416 63 68 916 353 358 557 552
1 3600 292
10
309 304 663 660 339 340 89 90 95 100
1 3600 493
9
423 345 346 614 263 260 654 757 733
1 3600 642
15
438 526 449 450 822 689 690 851 852 213 210 230 414 789 787
1 3600 642
14
847 595 39 36 868 765 766 895 583 580 650 762 285 189
1 3600 642
14
638 635 636 890 871 868 765 766 895 583 157 154 331 332
1 3600 337
27
389 392 371 317 318 374 411 408 770 773 677 361 79 82 133 107 77 72 65 68 918 563 523 518 768 699 535
1 3600 105
15
629 619 515 371 368 620 337 340 89 67 68 918 563 297 294
1 3600 120
4
500 507 508 369
1 3600 120
6
55 56 433 428 389 386
1 3600 120
7
847 844 867 483 423 345 342
1 3600 85
7
639 633 630 826 783 784 377
1 3600 401
12
643 644 656 664 499 502 658 53 50 743 744 804
1 3600 642
20
498 665 657 645 642 587 588 35 36 868 765 766 895 583 584 741 735 693 681 682
1 3600 642
10
587 588 871 868 765 766 895 583 580 650
1 3600 356
8
590 39 36 868 765 766 895 583
1 3600 145
8
638 866 845 525 439 436 440 568
1 3600 145
29
847 844 867 483 423 345 346 614 263 264 759 733 730 773 677 361 79 82 133 134 139 136 416 63 68 918 563 297 292
1 3600 145
12
631 485 486 626 636 890 871 868 765 766 895 892
1 3600 145
8
55 60 448 612 847 595 39 36
1 3600 145
9
306 451 448 527 528 599 596 868 902
1 3600 145
15
822 499 500 507 381 335 340 89 86 102 542 521 522 297 292
1 3600 78
5
485 482 866 845 846
1 3600 149
7
449 450 822 689 690 53 46
1 3600 149
8
526 449 61 54 307 304 690 53
1 3600 149
6
450 822 499 502 658 851
1 3600 149
4
307 304 690 851
1 3600 149
10
61 58 664 689 663 658 53 46 875 855
1 3600 149
15
438 524 844 643 644 656 664 499 502 658 53 46 235 236 899
1 3600 149
5
826 783 501 502 662
1 3600 377
7
784 661 662 690 53 50 743
1 3600 642
32
857 858 213 214 798 831 493 488 720 677 361 79 82 133 107 110 416 63 68 916 920 924 465 466 927 169 166 717 718 705 706 825
1 3600 642
13
898 877 855 858 419 89 67 68 916 353 354 821 673
1 3600 642
24
239 234 875 855 858 213 210 232 794 493 488 720 677 361 79 82 133 107 77 70 63 68 916 353
1 3600 642
11
663 660 339 340 89 86 102 542 521 516 445
1 3600 401
13
877 855 858 213 214 798 831 493 488 720 677 361 79
1 3600 401
12
503 500 782 828 513 371 325 321 318 374 263 260
1 3600 583
13
851 852 213 210 232 790 796 715 708 776 679 361 247
1 3600 642
20
660 377 335 340 89 67 68 918 447 147 148 475 473 468 479 480 461 23 20 454
1 3600 642
23
688 665 657 645 641 638 635 636 890 35 36 868 765 766 895 583 157 154 331 332 538 461 23
1 3600 642
13
52 851 852 419 89 90 105 102 542 605 602 768 699
1 3600 377
17
852 213 214 798 831 493 488 720 677 361 79 80 865 141 142 542 605
1 3600 92
8
52 691 688 665 435 428 389 390
1 3600 78
6
663 660 339 340 420 800
1 3600 78
5
855 858 213 214 798
1 3600 123
6
855 858 213 210 230 414
1 3600 642
22
379 380 504 387 390 427 424 624 311 312 890 871 868 765 766 895 583 580 289 287 283 11
1 3600 642
17
663 503 498 665 657 645 642 587 590 592 596 868 765 766 895 583 580
1 3600 642
15
52 691 305 306 451 448 527 528 599 596 868 765 766 895 583
1 3600 214
14
237 234 47 52 659 503 498 823 55 60 448 612 847 595
1 3600 102
8
849 850 691 688 823 451 448 612
1 3600 102
8
237 234 47 52 659 662 305 306
1 3600 102
8
503 498 665 657 645 641 638 635
1 3600 102
6
850 659 660 785 782 827
1 3600 102
8
785 782 431 434 59 60 448 612
1 3600 86
5
239 234 875 855 856
1 3600 93
7
661 658 53 46 235 236 906
1 3600 93
8
850 53 46 875 872 861 743 746
1 3600 642
20
901 873 855 858 419 89 67 68 916 920 835 832 511 15 18 44 175 176 572 668
1 3600 642
30
907 877 855 858 213 208 269 266 813 223 224 787 775 776 679 361 79 82 133 134 139 136 416 63 68 916 920 924 753 749
1 3600 642
14
901 873 874 47 52 851 852 419 89 67 68 916 353 356
1 3600 642
30
907 877 855 858 213 210 232 794 493 488 720 677 361 79 82 133 107 77 72 65 68 918 447 147 148 880 353 358 557 554
1 3600 642
10
907 237 234 47 52 851 852 419 89 86
1 3600 642
14
51 52 851 852 213 210 230 414 796 715 708 776 679 361
1 3600 642
12
780 745 742 860 873 855 858 213 210 232 790 789
1 3600 642
25
745 742 51 52 851 852 419 89 90 105 102 542 521 518 768 699 535 530 245 240 540 219 216 207 199
1 3600 642
22
51 52 691 688 665 657 645 642 587 588 35 36 868 765 766 895 583 157 154 331 332 540
1 3600 642
25
860 873 855 858 213 214 798 831 493 488 720 677 361 79 80 865 141 142 542 605 602 768 699 535 530
1 3600 642
12
747 742 860 898 877 855 858 419 89 86 102 542
1 3600 458
11
747 742 51 52 659 503 500 507 508 369 317
1 3600 125
11
780 745 742 860 898 237 234 47 52 851 852
1 3600 77
8
907 877 855 858 213 210 230 221
1 3600 642
29
778 805 745 742 51 52 691 688 665 435 430 827 631 485 486 315 312 890 871 868 765 766 895 583 584 741 735 693 681
1 3600 642
25
901 898 237 234 47 52 659 503 498 665 657 645 641 638 635 636 890 35 36 868 765 766 895 583 580
1 3600 642
15
742 51 52 691 305 306 451 448 527 528 599 596 868 765 766
1 3600 642
15
747 742 860 873 874 47 52 691 688 665 657 645 642 845 595
1 3600 246
11
901 898 237 234 47 52 659 660 785 782 827
1 3600 62
6
51 52 659 660 377 378
1 3600 62
5
907 237 234 47 52
1 3600 267
6
780 745 742 860 898 906
