945
1 3600 306
3
817 701 696
1 3600 40
8
811 814 701 698 631 632 1215 1216
1 3600 244
18
811 814 701 698 1048 1261 1258 121 109 106 1995 187 185 180 538 1176 1322 2054
1 3600 490
23
697 698 1048 1265 1253 1197 1202 1266 1268 1505 173 101 104 1846 2012 613 616 907 902 1161 1162 1289 1284
1 3600 490
30
814 701 698 631 632 625 626 1129 1126 201 202 1727 1722 833 830 1782 1784 1693 1694 1677 1674 1854 1839 1836 641 642 2093 2090 1895 1896
1 3600 490
30
817 701 698 1048 1261 1258 1505 161 156 607 610 1783 845 842 1799 747 315 310 330 527 513 514 1299 1105 1102 479 476 2084 299 302
1 3600 66
15
698 631 632 625 626 1337 1334 1512 1583 1584 575 547 548 551 556
1 3600 222
7
701 698 631 634 1123 1124 717
1 3600 377
19
701 698 1048 949 779 782 1205 1201 1202 1266 1268 1505 165 168 923 920 1734 1764 827
1 3600 490
20
698 1048 1265 1263 1258 121 118 170 204 210 578 1097 1093 1094 1664 1666 1668 1674 1854 1839
1 3600 490
34
817 701 698 631 632 625 626 895 847 848 929 930 1744 1729 1723 1724 885 882 1803 1804 289 286 757 407 408 762 1312 1629 461 456 1620 2152 2163 487
1 3600 490
27
814 701 698 1048 1261 1258 1505 173 101 102 1994 125 130 1105 1102 999 459 462 1003 1000 1401 1373 1370 1781 489 486 2166
1 3600 444
24
817 701 698 631 632 625 626 1337 1338 891 888 1508 177 178 1535 803 798 719 722 754 776 685 195 192
1 3600 490
33
701 698 1048 1265 1253 1197 1202 1266 1268 1505 165 166 1863 1501 1497 1494 1521 1343 1340 2018 1593 1583 1581 1578 1549 537 534 755 723 720 1610 1614 1643
1 3600 490
18
817 701 698 631 632 625 626 1337 1334 1512 1583 1586 1541 1407 1185 1188 1553 1556
1 3600 490
22
811 814 701 698 1048 1261 1258 1505 161 158 206 1848 1850 579 580 610 1783 845 840 1795 1796 1441
1 3600 490
46
813 814 701 698 1048 949 950 785 786 1136 1205 1201 1202 1266 1268 121 118 170 204 212 1850 1661 1662 1095 1090 1687 1690 1790 1792 1683 1684 1800 313 308 1826 411 412 761 469 466 1612 461 462 2022 2152 2027
1 3600 490
39
701 698 1048 1265 1263 1258 121 109 99 102 1996 1575 1573 1569 905 902 1169 1172 1167 295 292 306 1658 1668 1674 1856 1911 333 334 1824 1899 1843 1844 1976 1393 267 264 277 278
1 3600 490
30
697 698 631 632 1215 1216 1254 629 626 1337 1334 1514 2018 2021 177 174 576 1428 7 4 2039 2034 2041 1239 1236 621 197 190 2121 49
1 3600 490
34
814 701 698 1048 1261 1258 1505 165 166 1525 1522 933 928 1737 1731 1732 1519 1511 1512 1583 1581 1576 1271 1276 1005 1006 1046 809 804 353 15 12 18 688
1 3600 490
27
814 701 698 631 632 625 626 1129 1126 201 202 1778 885 882 1605 1555 1552 953 954 87 88 1601 561 564 1638 2050 2079
1 3600 490
30
698 1048 1265 1253 1197 1202 1266 1268 1505 161 162 1394 1526 935 930 1744 827 828 885 880 1807 1795 1796 1804 243 244 403 404 1059 1053
1 3600 490
51
698 1048 1261 1258 121 122 1841 97 94 1995 187 185 180 235 232 1014 1653 1650 1285 1288 1151 1147 319 316 133 134 1654 1701 1698 1704 1706 1943 639 636 965 968 331 334 1824 1899 1843 1844 1978 917 911 271 268 2047 1657 821 824
1 3600 490
44
817 701 698 631 632 625 626 895 896 2058 1521 887 888 1508 177 178 1535 803 800 1273 1274 957 954 1385 1295 387 390 1971 1965 1968 491 371 372 1466 1471 1474 2174 2045 1657 821 824 980 441 438
1 3600 120
8
1267 1203 1196 1252 1264 1049 699 700
1 3600 120
6
635 630 699 700 815 812
1 3600 98
5
1262 1253 1250 1205 771
1 3600 165
5
949 779 780 786 1138
1 3600 165
18
1197 1202 1266 1268 1505 173 119 109 110 97 92 898 1992 2000 151 141 144 2052
1 3600 165
4
1261 1258 1505 161
1 3600 165
19
947 779 782 1251 1197 1202 1266 1268 1505 173 101 98 106 1995 187 185 180 538 1176
1 3600 165
25
734 711 714 629 626 895 892 2113 1527 1395 163 158 206 1846 1997 1994 125 128 154 151 141 142 1388 2052 2054
1 3600 165
13
947 950 1140 2178 1869 1257 1207 1201 1202 1266 1268 121 122
1 3600 165
3
1203 1200 1206
1 3600 165
11
1048 1265 1263 1258 121 109 99 104 1846 1575 1573
1 3600 148
19
632 625 626 1129 851 852 935 932 1734 609 581 578 1097 1098 1662 1085 1082 1173 1170
1 3600 490
45
632 625 626 895 896 2060 2132 1865 167 168 923 918 209 212 615 616 907 902 1157 1153 1154 321 316 322 588 1021 1022 1714 1451 1446 2092 1331 1332 1299 1105 1102 475 472 476 2071 2069 927 924 961 962
1 3600 490
28
1201 1202 1266 1268 1505 161 156 607 610 1786 1691 1688 1694 1677 1678 1684 1800 313 308 1826 411 408 469 464 476 2084 299 302
1 3600 116
23
1216 1254 629 626 1337 1338 1340 1507 1508 177 174 547 542 1485 1482 669 555 552 991 992 1328 1912 1914
1 3600 125
5
624 633 634 1673 1121
1 3600 125
20
1881 1878 1143 785 781 782 1251 1252 1263 1258 1505 165 166 1864 893 894 1337 1334 1512 1592
1 3600 138
6
1214 625 626 1129 1126 201
1 3600 138
6
1261 1258 1505 165 166 1863
1 3600 244
26
635 632 1215 1218 1199 1202 1266 1268 1505 173 170 204 210 578 1097 1093 1094 1085 1079 1076 297 292 113 116 1654 1716
1 3600 490
17
711 714 629 626 1337 1334 1512 1583 1586 1590 1604 865 661 664 529 507 508
1 3600 490
20
1265 1263 1258 121 122 1841 97 92 900 127 130 1105 1102 999 459 456 1620 2152 2163 2166
1 3600 407
22
1202 1266 1268 1505 165 166 1863 1860 1499 1494 1521 887 888 1508 177 178 1535 1353 1350 7 2 2037
1 3600 288
31
1263 1258 121 109 106 125 128 154 151 148 364 794 1617 11 16 1938 1183 1180 1960 63 64 2104 2120 191 196 620 1213 1210 1231 1232 1365
1 3600 288
15
631 632 625 626 1337 1334 1512 1583 1581 1578 1549 1039 1036 1044 1398
1 3600 490
21
1263 1258 1505 161 156 919 920 1734 1764 1729 833 828 885 882 1803 1804 243 246 1971 395 385
1 3600 490
22
770 1201 1202 1266 1268 1505 161 156 607 610 1784 1683 1684 751 315 308 1826 1899 1843 1844 1978 917
1 3600 490
44
947 779 782 1251 1197 1198 739 736 1254 629 626 1337 1338 1340 2018 1593 1583 1586 1588 1403 1185 1188 953 954 1385 1386 1426 1031 393 390 247 248 1813 1816 1363 1358 1374 1393 267 268 1033 1034 277 278
1 3600 490
39
782 1205 1201 1202 1266 1268 1505 173 101 102 1994 95 92 898 1992 2002 2073 1607 147 141 138 807 804 1623 355 75 72 571 566 1951 1929 1930 1459 673 67 68 1946 1465 55
1 3600 490
21
2176 735 736 1254 629 626 1337 1334 1514 2018 2021 177 178 1535 803 798 719 720 21 22 1955
1 3600 490
32
1048 1261 1258 1505 165 168 1394 1522 933 930 1744 1729 1723 1724 885 882 865 862 1552 1193 1194 1738 2025 1551 1005 1006 1037 1042 797 794 1622 353
1 3600 490
20
626 1129 1126 201 202 1778 829 830 845 842 1799 1796 1804 289 286 1811 1816 403 404 1059
1 3600 490
35
1197 1202 1266 1268 121 118 101 104 1848 1850 1661 1662 1664 1666 1668 1674 1854 1906 333 334 1824 411 412 761 762 1310 913 914 267 268 2047 1657 821 824 976
1 3600 490
53
950 785 786 1136 1251 1252 1263 1258 121 109 106 1995 187 188 1573 1569 541 538 1175 231 236 2057 729 730 653 658 694 605 602 585 586 1721 1718 1897 1894 2091 2092 1331 1332 1299 1105 1102 479 465 466 1612 909 271 268 2047 1657 821 822
1 3600 444
10
105 100 172 1504 1259 1260 1049 699 700 816
1 3600 221
3
1872 1141 951
1 3600 221
13
126 901 93 96 1840 1503 1500 1860 2061 897 894 627 624
1 3600 221
10
103 98 108 120 1269 1267 1203 1200 1204 783
1 3600 221
11
213 205 159 160 1504 1269 1267 1203 1200 771 766
1 3600 221
7
1259 1262 1253 1250 1205 771 768
1 3600 221
8
153 129 124 107 108 120 1259 1262
1 3600 221
5
1883 1143 951 948 1049
1 3600 221
22
1177 539 540 1568 1572 1574 1847 207 159 162 1394 1526 853 850 1128 627 628 1255 737 738 769 770
1 3600 221
9
899 93 96 1840 123 120 1269 1267 1203
1 3600 181
6
1315 1318 1177 539 181 184
1 3600 181
10
2003 2000 151 141 144 1315 1320 2056 237 230
1 3600 181
4
1505 173 101 98
1 3600 225
22
1207 1201 1202 1266 1268 121 109 99 102 187 185 180 235 232 1014 1653 1011 1012 221 218 1647 871
1 3600 225
14
1573 1569 541 538 1176 1319 1314 145 140 146 1608 1991 1859 601
1 3600 225
12
158 206 1848 615 616 907 902 1157 1158 1162 1289 1284
1 3600 225
12
1323 1319 1316 727 724 215 218 1647 871 868 1026 1309
1 3600 225
6
1996 1575 619 616 907 902
1 3600 225
14
2002 2073 1989 1561 1562 703 706 745 742 870 857 858 878 1145
1 3600 225
20
1140 2178 1139 1136 1251 1252 1263 1258 1505 173 101 102 1994 125 128 154 151 141 138 227
1 3600 225
29
1875 1872 2178 1869 1866 773 733 738 1219 1214 625 626 895 892 2133 1861 1501 1502 1841 111 106 1995 187 185 180 538 1176 1319 1316
1 3600 225
7
235 232 1014 1653 1650 1117 1118
1 3600 225
4
1570 907 902 1161
1 3600 225
15
210 578 1097 1093 1094 1085 1082 1173 1168 1157 1158 1162 1289 1286 1119
1 3600 225
7
2073 1989 1561 709 705 706 745
1 3600 225
4
2002 2073 1607 1608
1 3600 225
15
1573 1569 905 902 1161 1162 1151 1147 1144 879 859 856 871 743 740
1 3600 225
11
99 104 1848 1850 1661 1662 1085 1082 1173 1168 1157
1 3600 188
19
97 92 898 153 154 151 146 1608 1991 1859 601 602 585 586 839 433 430 1422 1891
1 3600 490
35
613 614 1850 1097 1093 1090 1687 1688 1694 1742 1681 1684 1800 1911 967 964 1831 509 506 513 514 1299 1105 1102 475 472 476 2071 2069 1757 1754 961 962 1243 1244
1 3600 377
23
166 1864 2133 2061 2058 1521 887 888 1508 177 174 547 542 1486 9 2 1061 1062 671 517 518 497 494
1 3600 135
11
1866 2176 711 714 629 626 1337 1338 1340 2018 2122
1 3600 215
9
899 93 96 1840 1503 1497 1498 2132 2113
1 3600 215
11
100 170 204 208 919 920 933 928 1737 201 202
1 3600 215
4
614 213 208 607
1 3600 215
13
231 234 181 182 1572 1574 1847 207 159 162 1394 1526 2112
1 3600 215
27
1315 1320 729 724 215 220 1114 1285 1288 1163 1160 1169 1172 1083 1084 1663 1660 579 580 608 1747 931 928 1737 1731 1732 1455
1 3600 215
17
1871 1872 2178 1869 1257 1207 1201 1202 1266 1268 1505 165 168 923 920 1734 1764
1 3600 215
10
129 124 1995 1996 1847 207 204 208 919 920
1 3600 215
20
1871 1872 2178 1869 1257 775 767 768 1219 1214 625 626 1337 1334 1512 1583 1586 1541 1538 1603
1 3600 215
25
1883 1143 785 786 1136 1251 1252 1263 1258 1505 165 166 1864 893 847 848 1737 1731 1732 1519 1511 1512 1583 1586 1541
1 3600 230
8
182 1570 617 614 213 210 580 610
1 3600 230
14
616 907 902 1169 1172 1167 1164 297 292 306 115 116 1654 1701
1 3600 230
26
2003 2000 151 141 142 1388 1315 1316 2005 653 654 217 218 1327 1287 875 878 321 316 322 590 117 112 293 296 1077
1 3600 230
15
170 204 210 578 1097 1093 1090 1687 1688 1694 1677 1674 1856 1911 967
1 3600 203
29
1883 1143 785 781 782 1205 1201 1202 1266 1268 121 122 1841 97 92 900 127 130 1105 1102 479 476 2086 1829 1401 1373 1370 2009 1777
1 3600 490
34
141 144 2052 1323 1324 2057 729 724 657 658 694 745 740 1019 1022 1709 1706 1943 639 642 1331 1332 1299 1105 1102 475 472 476 2084 2011 481 482 486 2166
1 3600 490
15
148 364 796 1432 1438 685 682 1611 329 324 1643 1644 623 35 32
1 3600 326
14
171 119 122 1503 1497 1494 1521 887 888 1508 177 174 576 1430
1 3600 188
10
154 151 141 138 807 808 1047 1007 1004 1277
1 3600 288
13
208 607 610 1783 845 840 1795 1796 1804 243 246 1971 395
1 3600 490
19
2002 2073 1989 1561 1562 601 602 585 586 839 836 649 646 665 662 1823 1824 411 408
1 3600 490
11
130 1105 1102 999 459 460 909 271 264 277 274
1 3600 490
35
165 166 1525 1522 1734 1747 1744 827 828 885 882 1605 1555 1556 959 956 1275 1272 1549 1039 1040 1439 1436 11 16 1936 1921 1922 1959 1463 1460 1751 1748 2107 1945
1 3600 490
17
1322 2053 1389 143 140 148 364 794 355 15 12 18 686 1935 1459 673 67
1 3600 490
35
617 612 2013 1847 207 159 162 1394 1526 853 850 1126 201 198 971 974 1452 1517 1511 1512 1583 1581 1576 1271 1276 1005 1006 1046 809 804 353 75 72 571 572
1 3600 490
27
93 94 1995 103 104 1848 1850 1661 1662 1664 1666 1668 1674 1854 1906 333 334 1820 1826 1899 1815 1816 403 404 1059 1056 1391
1 3600 490
36
96 1840 1503 1500 1860 2132 2113 935 930 1744 1729 1723 1724 885 882 1803 1804 289 290 377 374 764 357 349 346 1050 1054 945 942 2082 2045 1657 821 824 978 437
1 3600 490
42
2055 1323 1177 1175 1017 1014 1653 1650 1117 1118 861 856 871 868 1026 1309 1306 1704 1706 1763 1760 1902 1837 1838 1906 1910 313 308 1826 1899 1843 1844 1976 1393 267 268 2047 1657 821 824 980 2184
1 3600 490
23
1305 877 878 1155 1152 1156 903 906 1571 183 184 186 103 100 172 1504 1259 1260 1049 699 700 815 810
1 3600 188
15
234 181 184 186 1994 107 108 120 1269 1267 1203 1200 1206 775 772
1 3600 279
6
225 226 139 140 150 2001
1 3600 279
8
1321 1314 145 140 150 155 152 899
1 3600 279
8
1321 1314 1389 143 140 150 2001 1993
1 3600 279
7
1168 903 904 1568 1572 189 186
1 3600 279
18
1149 1150 1163 1159 1156 1169 1172 1083 1084 1095 1092 1096 579 580 606 919 922 169
1 3600 279
32
703 706 745 740 1019 1020 589 137 134 117 114 1658 1670 1692 1785 1783 831 832 1723 1726 203 200 1127 1128 627 628 715 710 2177 1867 1868 1139
1 3600 279
14
655 656 1009 1010 1652 1015 1016 1174 539 540 1568 1572 619 614
1 3600 279
24
1025 1026 1309 1303 1300 1700 1655 117 114 307 293 296 1073 1074 1665 1663 1099 1096 1851 1849 105 98 110 1840
1 3600 279
10
652 2004 1317 1318 1177 539 540 905 906 617
1 3600 279
9
222 1609 147 150 155 129 124 107 99
1 3600 279
10
743 744 707 702 1858 1988 2072 2003 1993 899
1 3600 279
10
1027 869 870 1646 219 214 725 726 1317 1314
1 3600 279
18
1651 1652 1015 233 234 181 184 186 103 100 172 1504 1259 1262 1253 1250 1205 1206
1 3600 279
8
728 2056 237 230 1174 539 181 184
1 3600 279
15
1026 589 323 317 318 1146 1150 1163 1160 903 906 617 618 1574 1997
1 3600 279
16
858 874 1288 1163 1159 1156 1169 1172 1083 1084 1663 1660 1851 1849 105 98
1 3600 279
15
1289 1284 1651 1652 1015 233 236 1325 1322 2053 145 140 146 1606 2072
1 3600 237
3
855 860 1326
1 3600 237
5
1153 1154 879 876 1304
1 3600 237
16
139 144 1315 1316 2005 653 656 1009 1012 1114 1285 1288 1163 1160 1169 1172
1 3600 237
6
1173 1168 1161 1162 1289 1284
1 3600 237
5
217 218 1327 861 854
1 3600 272
40
877 878 321 316 322 588 1021 1022 1714 1451 1446 2092 1331 511 512 528 665 662 1823 1824 411 412 761 762 1312 1629 461 462 1547 1544 1401 1373 1368 299 302 281 282 962 1243 1246
1 3600 272
28
1326 1647 871 868 1024 583 586 839 834 1417 1418 1131 1132 1292 651 644 1331 1332 1299 1105 1102 479 476 2071 1819 1759 1754 415
1 3600 272
23
1171 1172 1167 295 292 113 116 1654 1701 1698 1704 1706 1887 1888 1980 2090 789 792 1492 1890 1423 431 432
1 3600 272
28
321 316 322 590 1654 1716 2088 1703 1704 1706 1943 639 636 1831 509 506 513 514 1299 1105 1102 475 472 476 2071 2069 927 924
1 3600 272
8
657 658 694 605 602 585 586 839
1 3600 272
3
1649 585 586
1 3600 272
32
807 808 1445 1397 1398 89 86 1385 1386 1297 387 388 1963 1811 1816 1363 1360 1978 917 911 908 461 462 1547 1542 2087 2084 299 300 1248 1759 1754
1 3600 272
10
1118 861 856 871 868 1024 1019 1022 1712 1984
1 3600 272
23
1172 1083 1079 1080 1666 1668 1678 1684 751 315 308 1826 1899 759 407 408 469 464 476 2071 2069 927 924
1 3600 272
13
1316 727 730 653 658 694 745 740 1019 1022 1714 1451 1448
1 3600 272
9
149 146 1608 1991 1859 601 602 585 586
1 3600 272
16
1653 1650 1285 875 878 321 316 133 134 1654 1701 1698 1704 1706 1887 1884
1 3600 272
12
1287 1288 1151 1147 319 316 322 588 1021 1022 1714 1451
1 3600 490
35
878 321 316 322 590 117 114 1658 1670 1694 1677 1674 1856 313 310 334 1824 411 412 761 762 1312 1629 461 462 1003 1000 1401 1373 1370 2009 2006 2010 299 300
1 3600 490
27
1306 1699 1700 1655 117 114 1658 1670 1689 1690 1787 1783 845 840 1806 881 882 1605 1591 1587 1584 575 576 1428 545 548 551
1 3600 490
33
659 656 215 220 1114 1285 1288 1163 1159 1156 1169 1172 1083 1084 1095 1090 1687 1690 1787 1783 831 828 1779 203 198 2062 2067 1519 1511 1514 1507 1508 177
1 3600 275
18
855 858 878 321 316 133 134 117 114 1658 1668 1678 1684 751 746 1796 1802 1605
1 3600 275
16
601 602 585 586 1721 1718 1897 1894 1109 1110 1983 651 646 665 660 864
1 3600 275
15
1709 1706 1763 1753 1415 1408 1909 1853 1675 1676 1695 1692 1785 611 608
1 3600 275
12
1083 1084 1095 1092 1096 579 580 608 1735 933 934 853
1 3600 275
17
1990 1609 147 150 155 129 124 1995 1996 1847 207 159 162 923 920 1734 1747
1 3600 279
18
149 146 1608 1991 1561 709 705 706 745 740 1019 1022 1709 1706 1763 1760 1902 641
1 3600 279
6
1157 1153 1154 321 316 133
1 3600 279
14
215 218 1647 871 868 1026 1309 1306 1704 1706 1943 1901 1413 1410
1 3600 279
17
218 1327 1287 1288 1163 1160 1169 1172 1167 1164 1077 1080 1666 1670 1694 1742 1681
1 3600 279
21
232 1014 1653 1011 1008 657 658 694 745 740 583 586 1721 1718 1897 1894 2091 2092 1331 511 512
1 3600 279
11
1859 601 604 745 742 868 1026 1309 1303 1300 1700
1 3600 279
15
1159 1156 1169 1172 1167 1164 1073 1074 1666 1668 1674 1854 1839 1836 641
1 3600 279
21
659 656 1009 1010 1650 1285 1288 1163 1160 1169 1172 1083 1084 1095 1090 1687 1690 1787 1783 845 840
1 3600 279
11
585 586 839 836 649 644 643 636 965 966 1910
1 3600 279
7
1164 1077 1080 1666 1670 1692 1793
1 3600 279
13
232 1014 1653 1650 1285 1288 1163 1159 1156 1169 1172 1083 1079
1 3600 279
19
225 226 139 140 150 155 129 124 107 99 104 1848 213 208 607 610 1784 1693 1694
1 3600 279
9
1118 1287 1288 1163 1160 1169 1172 1167 295
1 3600 255
12
2004 1317 1314 145 140 150 155 129 130 1105 1102 999
1 3600 255
12
1649 585 586 1721 1718 435 430 1422 1891 1493 793 788
1 3600 255
17
906 617 614 213 210 580 610 1784 1683 1684 1800 1911 967 968 527 513 514
1 3600 255
21
316 322 588 1021 1022 1714 1451 1446 2092 1331 1332 1299 1105 1102 999 459 456 1620 2023 1547 1544
1 3600 255
23
1607 147 148 364 796 1043 1036 1007 1004 1537 1385 1386 1426 2048 1029 393 388 1963 757 407 408 469 470
1 3600 490
22
215 218 1647 871 868 1026 1309 1306 1704 1706 1943 639 642 1331 1332 1299 1105 1102 479 476 2084 299
1 3600 490
35
1649 585 586 839 834 1417 1418 1488 1291 1292 651 646 665 666 867 862 1552 1189 1186 1271 1272 801 802 1353 1347 1348 1594 2039 2036 1061 1062 337 338 263 260
1 3600 490
22
731 728 2056 237 234 181 184 186 1994 95 96 1840 1503 1497 1494 1521 1343 1340 2018 1593 1583 1581
1 3600 233
9
1317 1314 1389 143 138 807 808 1047 1044
1 3600 203
18
1309 1306 1704 1706 1763 1753 1415 1408 1905 1906 333 334 1824 1899 1815 1812 249 246
1 3600 326
26
694 745 740 1019 1022 1714 1451 1448 1886 1763 1760 1902 1837 1838 1855 1856 313 308 1826 1899 1843 1844 1978 917 912 1311
1 3600 490
15
1714 1451 1446 2092 1331 1332 1299 1105 1102 999 459 456 1620 2152 2168
1 3600 490
13
807 808 1435 1432 1438 685 682 1614 691 692 63 64 2104
1 3600 490
39
858 878 321 316 322 590 117 114 1658 1668 1678 1684 751 746 1796 1441 867 862 1556 959 954 87 88 1601 1598 1627 1623 1617 11 16 1936 1951 1952 2146 2145 1379 1380 1748 2110
1 3600 490
24
1709 1706 1943 639 636 965 968 331 334 1824 1899 759 756 1962 389 386 1294 1384 87 88 1601 1598 1630 1636
1 3600 490
33
1606 2072 2003 1993 899 93 96 111 108 118 170 159 156 607 608 1764 1729 833 830 845 842 1799 1796 1804 243 246 1971 1965 1966 363 345 350 371
1 3600 490
35
1650 1285 875 878 321 316 133 134 117 114 1658 1668 1674 1856 1911 333 311 308 1826 1899 1815 1816 403 404 1466 1471 1472 2115 995 996 2047 1657 821 824 976
1 3600 490
25
1300 1698 1704 1706 1763 1753 1415 1408 1905 1906 333 334 1824 1899 1843 1844 1361 1358 1374 1393 267 268 2047 1657 821
1 3600 490
28
836 649 644 1331 511 512 526 331 311 314 746 1794 1806 881 884 1725 1726 203 200 1127 1128 627 624 633 630 699 700 815
1 3600 490
34
1493 793 788 2091 1981 1889 1886 1943 1901 1413 1410 1838 1855 1675 1676 1695 1692 1785 611 606 157 160 1504 1269 1267 1203 1196 1250 1137 787 784 1142 1879 1880
1 3600 169
24
1715 1712 1986 1711 1705 1702 2089 1717 1655 117 112 293 296 1073 1074 1665 1663 1099 1096 579 211 205 171 119
1 3600 185
8
582 741 742 870 857 860 1119 1116
1 3600 185
27
421 414 925 926 2068 2070 477 478 1103 1104 1298 1333 1330 643 638 1942 1707 1705 1699 1700 1655 135 132 317 320 879 876
1 3600 185
27
427 423 424 924 1755 1758 1249 301 298 2085 477 473 474 1103 1104 1298 1333 1330 2093 1447 1450 1715 1023 1020 1027 869 872
1 3600 185
12
1491 1419 1416 835 838 587 584 603 604 695 659 656
1 3600 185
33
1758 1249 301 298 1369 1372 1400 1001 1002 463 460 1628 1313 763 409 410 1827 309 312 1801 1685 1679 1669 1659 115 116 591 323 317 320 879 859 854
1 3600 185
16
2068 2070 477 478 1103 1104 1298 515 510 1330 645 648 837 838 587 584
1 3600 185
34
429 423 424 926 2068 2070 477 465 468 760 413 410 1825 335 332 1907 1904 1409 1414 1752 1762 1707 1708 1023 1018 741 744 707 704 708 1560 1990 223 224
1 3600 185
13
1885 1886 1707 1705 1702 2089 1717 1655 117 112 293 294 1166
1 3600 185
13
1489 1490 1891 1892 1896 1719 1720 587 582 1025 869 870 1646
1 3600 185
9
838 587 582 1025 1026 589 323 317 318
1 3600 185
15
1448 1886 1763 1753 1415 1408 1909 1853 1675 1669 1667 1075 1072 1165 1166
1 3600 174
3
1719 1720 587
1 3600 174
21
421 414 961 283 280 303 298 2085 477 473 474 1103 1104 1298 1333 1330 2093 2090 1895 1896 1719
1 3600 125
15
1897 1894 2091 2092 1331 1332 1299 1105 1102 475 472 476 2071 1819 1249
1 3600 490
33
1718 1897 1893 1493 1135 1132 1292 651 646 665 666 1440 1802 1605 1602 1539 1540 1587 1584 575 547 542 1485 1482 669 555 552 991 992 1283 1278 1912 1918
1 3600 490
34
926 2068 2070 2086 1543 1546 463 460 1628 1634 913 916 1979 1361 1362 245 246 391 392 1030 1427 1387 1384 955 952 1193 1190 1577 1580 1582 1592 2019 1341 1342
1 3600 244
38
2033 1247 1242 963 283 280 303 298 2011 481 482 486 2162 2153 1621 457 460 1613 467 468 409 406 756 287 288 1805 1797 1798 843 844 831 826 1745 931 928 849 846 896
1 3600 128
13
1985 1986 1711 1705 1699 1700 1655 117 114 1658 1670 1694 1742
1 3600 128
17
1756 2068 2070 477 478 1103 1104 1298 515 512 526 969 966 1910 1801 1685 1682
1 3600 175
23
283 280 303 298 1369 1372 1400 1545 1546 463 460 909 910 914 1392 1977 1845 1842 1898 1825 1822 663 664
1 3600 175
17
926 2068 2070 477 473 474 1103 1104 1298 1333 1330 645 650 1982 1111 1108 2091
1 3600 175
22
963 283 280 303 298 2011 2007 2008 1371 1372 1400 1001 1002 463 458 998 1103 1104 1298 515 512 528
1 3600 175
9
1721 1718 1897 1894 2091 2092 1331 1332 1089
1 3600 175
23
963 960 1755 1758 1249 301 298 2085 477 465 468 760 413 410 1827 1821 1822 663 664 647 650 1982 1111
1 3600 175
16
435 430 1421 1418 1488 649 644 1331 1332 1299 1105 1102 999 459 462 1547
1 3600 175
26
1985 1986 1711 1706 1763 1760 1902 1837 1838 1906 1910 313 308 1826 411 412 761 762 1312 1629 461 456 1620 2152 2163 487
1 3600 407
8
1451 1446 2092 1331 1332 1089 1086 1106
1 3600 490
22
1417 1418 1131 1132 1292 651 646 665 660 862 1552 953 956 1275 1272 801 802 1431 1428 7 2 1069
1 3600 490
36
926 2068 2070 2086 1543 1546 2022 1621 457 460 1628 1634 913 914 1392 401 253 250 384 394 1970 391 386 1296 1387 1384 1536 1277 1272 801 802 1353 1350 545 542 1486
1 3600 490
23
427 419 414 1755 1758 1818 2070 477 465 468 409 406 756 1962 389 392 1028 2049 1427 1387 1384 955 958
1 3600 326
15
1420 1422 1491 1488 649 646 665 662 1823 1824 1899 1843 1844 1361 1358
1 3600 306
22
1985 1713 1709 1706 1943 639 636 965 968 331 334 1820 1826 1899 1815 1816 403 404 1059 1056 1529 1469
1 3600 490
14
1291 1292 651 644 1331 1332 1299 1105 1102 999 459 456 1618 2094
1 3600 490
38
434 1897 1894 2091 1981 1889 1886 1943 1901 1413 1408 1909 1853 1856 1801 751 746 1794 1806 881 882 1605 1602 1941 1405 1185 1186 1577 1578 1549 537 534 776 685 195 190 2121 2119
1 3600 490
41
1757 1758 1249 301 298 2011 481 482 486 2162 2153 1621 457 460 909 910 916 1979 1361 1362 1817 1810 287 290 389 386 1294 1384 87 88 1399 1396 1444 1435 797 794 355 15 12 22 1955
1 3600 490
24
649 646 665 660 862 1552 1193 1194 1738 2025 1551 1005 1006 1037 1042 1434 809 804 353 75 72 571 568 1925
1 3600 490
26
1897 1894 2091 2092 1331 511 512 526 331 311 314 746 1796 1804 289 290 377 378 396 395 385 382 491 371 366 1054
1 3600 490
26
1897 1894 2091 1447 1448 1886 1763 1753 1415 1410 1838 1906 333 311 308 1826 1899 1843 1844 1976 401 404 1059 1056 1529 1530
1 3600 490
19
1291 1292 651 646 665 662 1823 1824 1899 1843 1844 1976 1393 267 268 2047 1657 821 818
1 3600 490
19
280 303 298 2085 477 478 1103 1104 131 124 107 108 120 1259 1262 1264 1049 699 696
1 3600 490
35
1245 1242 963 283 280 303 298 1369 1372 1400 1545 1546 463 460 1628 1313 763 760 413 406 756 287 288 1805 1802 883 884 1779 203 200 1736 849 846 894 627
1 3600 490
21
303 298 2085 477 465 468 409 410 1827 309 312 1857 1675 1676 1695 1689 1686 1091 1092 1096 1851
1 3600 306
33
285 280 303 298 2011 2007 1777 1774 1780 1371 1372 1400 1001 1002 463 458 998 1103 1104 1298 1333 1330 643 638 1942 1707 1705 1307 1308 1027 869 870 857
1 3600 52
17
303 298 2085 477 473 474 1103 1104 1298 1333 1330 2093 2090 789 792 1492 1890
1 3600 490
3
280 303 300
1 3600 490
55
285 282 960 1755 1756 2068 2070 2086 1829 1545 1546 463 460 909 271 268 997 994 2116 1475 1470 1467 373 370 490 1969 1964 1970 391 392 1030 1427 1387 1384 87 90 1006 1037 1038 447 442 454 799 802 1431 1428 545 548 551 552 991 992 1328 1912 1914
1 3600 490
41
285 280 303 298 2011 481 482 486 2162 2153 1621 457 460 1628 1634 913 916 1979 1361 1362 245 242 1805 1797 1798 843 844 831 832 1728 1765 1735 1523 1524 1864 893 894 627 628 715 716
1 3600 490
17
1248 1818 2070 477 465 468 760 413 410 1825 335 311 314 746 1794 1806 881
1 3600 490
22
303 298 1369 1372 1400 1001 1002 463 460 909 271 266 1392 1375 1359 1362 1817 1812 249 242 1805 1797
1 3600 132
4
1818 2070 2086 1829
1 3600 349
8
1249 301 298 2011 481 482 486 2166
1 3600 490
28
285 280 303 298 2085 477 465 468 409 406 756 1962 389 386 1294 1384 1536 1277 1272 801 802 1353 1350 7 2 1061 1062 337
1 3600 490
38
303 298 1369 1372 1400 1545 1546 463 460 1628 1313 1310 913 916 1979 1845 1842 1815 1812 249 246 391 392 1028 2049 1427 1387 1384 87 88 1399 1045 1037 1038 447 444 453 448
1 3600 490
31
303 298 2011 481 482 486 2162 2153 1621 457 460 909 271 268 997 994 2114 1473 1468 1528 1057 1058 405 253 250 384 394 1970 391 386 1296
1 3600 490
7
1248 1818 2070 477 465 468 760
1 3600 490
14
285 282 960 1755 1756 2068 2070 2086 1543 1546 463 460 1628 1634
1 3600 490
15
1245 1242 963 960 1755 1758 1249 301 298 2011 481 482 486 2162 2168
1 3600 490
39
303 298 2085 477 478 1103 1104 1298 515 512 528 665 666 867 862 1556 959 956 1275 1272 1549 537 532 753 723 720 329 326 686 1960 677 67 68 1946 1065 1066 59 52 2140
1 3600 490
33
303 298 1369 1372 1400 1001 1002 463 460 909 910 914 1392 401 402 245 246 391 386 1294 1384 1536 1005 1006 1037 1040 1439 1436 11 16 1938 1955 1952
1 3600 490
26
1248 1818 2070 477 465 468 760 413 406 756 1962 389 392 1030 1427 1387 1384 87 88 1601 1598 1632 1638 2050 2079 2076
1 3600 490
24
303 298 2011 2007 2008 1371 1372 1400 1001 1002 2022 1621 457 460 909 271 268 2047 2044 2083 943 944 1055 367
1 3600 490
18
285 282 960 925 926 2068 2070 2086 1543 1546 463 460 909 271 268 2047 2044 2083
1 3600 490
13
303 298 2085 477 465 466 1612 909 271 268 2047 1657 821
1 3600 177
20
2187 553 550 549 546 175 176 1509 889 890 1339 1336 627 624 633 630 699 700 815 812
1 3600 177
20
516 668 1483 1484 543 544 1429 577 574 1585 1582 1513 1335 1336 627 624 633 630 699 700
1 3600 106
33
1281 1282 993 990 553 554 670 1063 1060 3 6 1351 1352 1534 179 176 1509 889 886 1520 1495 1496 1500 1862 167 164 1504 1269 1267 1203 1200 1204 783
1 3600 288
22
1915 1913 1329 993 990 553 550 549 546 175 176 2020 2019 1515 1335 1336 627 628 1255 737 732 774
1 3600 490
30
554 668 1483 1484 543 546 574 1585 1586 1590 1604 883 884 829 830 1782 1786 1691 1688 1671 1659 115 116 135 132 317 320 879 859 856
1 3600 490
25
31 28 42 339 336 1063 1060 3 6 1351 1352 803 800 1273 1270 1191 1192 1553 863 866 667 664 647 648 837
1 3600 490
34
2187 553 550 549 544 1429 1430 803 800 1273 1276 1537 1385 1295 387 390 247 244 1363 1360 1978 917 911 908 461 462 1003 1000 1401 1373 1368 299 300 1248
1 3600 125
9
1913 1279 1282 993 990 553 556 503 498
1 3600 147
16
670 1063 1060 2037 2038 1595 1349 1346 1352 1534 179 176 1509 889 886 1520
1 3600 147
17
1282 993 990 553 554 668 1483 1484 543 546 175 176 1509 1506 1341 1342 1520
1 3600 147
22
492 25 28 42 263 260 2016 2040 2035 2038 5 6 1429 577 574 1585 1582 1513 1335 1336 627 628
1 3600 181
21
499 502 557 550 549 546 175 176 2020 2019 1515 1510 1518 1733 1730 1736 929 932 1523 1524 1863
1 3600 490
41
519 27 28 42 263 260 2016 1239 1236 621 197 194 684 777 535 536 1548 1579 1576 1187 1184 1404 1940 1603 1604 883 880 1807 1795 747 750 1685 1679 1669 1659 115 116 1654 1716 2088 1703
1 3600 490
37
559 493 496 557 554 670 1063 1060 3 6 1429 1430 803 798 455 443 446 1039 1036 1007 91 86 1385 1386 1426 1031 393 388 291 286 757 407 408 469 464 473 474
1 3600 490
24
553 550 1483 1484 543 544 1351 1352 803 800 1273 1274 957 958 1557 863 661 664 529 513 514 1299 1105 1100
1 3600 160
13
669 670 341 342 263 260 2016 1239 1236 621 197 192 238
1 3600 160
10
519 27 28 42 263 260 2016 1239 1236 621
1 3600 160
8
501 498 25 28 42 263 260 2014
1 3600 160
6
501 502 519 516 670 1063
1 3600 185
9
993 990 553 554 668 549 544 1429 1430
1 3600 185
5
516 670 1063 1060 3
1 3600 257
22
1329 993 990 553 550 1483 1484 543 544 1351 1352 803 798 719 722 754 776 1041 1036 1044 1398 89
1 3600 490
27
1919 1913 1329 993 990 553 554 668 549 546 574 1585 1586 1588 1403 1185 1188 953 954 1385 1295 387 390 247 248 1813 1814
1 3600 490
46
1915 1913 1279 1282 993 990 553 554 670 1063 1060 2037 2038 1595 1349 1346 1352 803 800 1273 1276 1537 1385 1386 1426 2048 1029 393 390 1971 1965 1597 381 251 252 400 1393 915 912 1635 1629 461 456 1620 2152 2027
1 3600 490
37
550 1483 1484 543 546 574 1585 1581 1576 1191 1194 957 954 1385 1295 387 390 1971 397 398 764 363 361 349 346 1050 1052 1058 1466 1471 1474 2117 995 996 1033 1034 2160
1 3600 377
15
28 42 263 260 2016 1239 1236 621 622 2101 2102 1949 1944 2108 2126
1 3600 444
22
1329 993 990 553 554 670 1063 1060 2037 2034 2041 1239 1236 621 622 1645 1642 691 692 677 674 1461
1 3600 490
15
557 550 549 544 1429 1430 803 798 719 722 754 776 1439 1436 1616
1 3600 490
35
28 42 343 340 1063 1060 3 6 1429 1430 803 798 449 452 445 446 1039 1036 1007 91 86 1385 1386 1297 387 390 1971 395 385 251 254 491 371 366 1054
1 3600 490
26
501 502 557 554 668 1483 1484 543 546 574 1585 1586 1590 1604 1803 1804 243 244 403 404 1466 1471 1474 2174 2045 1657
1 3600 490
35
668 549 544 1351 1352 803 800 1273 1276 1537 1385 1386 1426 1031 393 388 377 374 764 357 360 345 346 1050 1054 525 522 2082 2045 1657 821 824 980 441 438
1 3600 257
16
1341 1342 1520 2059 2060 1861 1862 167 164 1504 1259 1260 1049 699 700 815
1 3600 48
11
886 1520 1495 1498 2132 1865 167 164 1504 1259 1262
1 3600 87
23
1515 1510 1518 1733 1730 1127 851 852 1527 1395 163 160 1504 1269 1267 1203 1196 1250 1137 1138 2179 1873 1870
1 3600 272
17
1520 1495 1496 1502 1841 111 106 1995 187 185 180 538 1175 1017 1014 1653 1011
1 3600 490
34
1506 1515 1510 1516 1453 975 970 199 202 1778 885 880 1807 1795 747 750 1800 1857 1852 1908 1409 1412 1761 1762 1887 1888 1980 2090 1895 1893 1890 1423 431 432
1 3600 490
24
1586 1588 1403 1185 1188 1553 863 866 1440 1804 289 286 757 407 412 761 469 464 476 2084 299 302 281 284
1 3600 83
18
1521 887 888 1508 177 174 547 542 1485 1482 551 552 991 992 1283 1278 1912 1918
1 3600 83
15
1343 1340 2018 2021 177 174 547 548 669 555 552 991 992 1283 1280
1 3600 195
6
889 890 1339 1336 627 628
1 3600 75
8
717 714 629 626 1337 1334 1510 1516
1 3600 75
7
629 626 1129 1126 201 198 2062
1 3600 75
6
890 1339 1334 1510 1518 1733
1 3600 203
20
1484 543 546 175 176 2020 1593 1513 1510 1518 2066 2063 199 202 1727 1722 833 830 1782 1786
1 3600 490
31
2020 1593 1583 1586 1541 1407 1185 1188 953 954 1385 1386 1426 2048 1029 393 390 247 244 1363 1360 1978 917 911 908 461 462 1547 1544 1828 2087
1 3600 490
26
1672 635 632 625 626 895 847 848 929 930 1744 827 830 845 842 1799 747 315 310 330 527 513 514 1089 1086 1106
1 3600 116
18
1122 635 632 625 626 1337 1338 891 888 1508 177 178 1535 1353 1347 1348 1594 2039
1 3600 85
3
1584 575 547
1 3600 85
4
888 1508 177 174
1 3600 78
16
1484 543 546 574 1585 1581 1576 1271 1274 957 954 1385 1295 387 388 377
1 3600 349
30
717 712 1217 1218 1199 1196 1252 1263 1258 1505 161 156 919 920 1734 1764 1729 1723 1724 885 882 1803 1804 243 248 1813 1816 1363 1358 1374
1 3600 490
25
1484 543 544 1429 1430 803 800 1273 1276 1537 1385 1295 387 390 1971 1965 1968 491 371 366 1052 1056 1529 1469 1474
1 3600 490
19
2020 1593 1583 1586 1541 1538 1603 1604 1803 1804 243 244 403 400 1393 267 264 277 272
1 3600 490
19
1340 2018 2021 177 178 1535 803 798 719 720 329 326 688 692 63 60 68 1946 1065
1 3600 377
23
1125 1120 1672 635 632 625 626 1337 1334 1512 1583 1581 1578 1549 537 534 776 685 682 1614 691 692 63
1 3600 490
19
1122 635 632 625 626 1337 1334 1512 1583 1581 1578 1549 1039 1042 797 794 355 75 72
1 3600 490
21
2059 897 847 848 1737 201 202 1778 885 882 1803 1804 289 290 377 374 764 357 349 346 1050
1 3600 490
32
890 1340 1515 1510 1518 2066 2063 199 202 1727 1724 885 882 865 866 667 662 1823 1824 1899 1843 1844 1976 1393 267 268 2047 1657 821 824 978 2182
1 3600 490
35
1506 2018 1593 1583 1586 1588 1403 1185 1188 953 954 1385 1386 1426 1031 393 390 1971 395 385 382 491 371 372 1059 1056 941 942 523 520 936 2045 1657 821 818
1 3600 490
10
1335 1336 627 624 633 630 699 700 815 810
1 3600 82
16
884 829 826 1745 1746 1735 921 922 169 164 1504 1269 1267 1203 1200 771
1 3600 145
9
1746 609 581 211 212 615 618 1573 183
1 3600 145
14
211 205 171 172 1504 1259 1262 1253 1250 1137 1138 2179 1873 1870
1 3600 145
9
2060 1861 1501 1502 1841 97 92 898 1992
1 3600 145
18
1782 1786 1691 1686 1091 1094 1085 1082 1173 1168 1161 1162 1289 1284 1651 1652 1015 1016
1 3600 145
5
921 918 157 160 1504
1 3600 145
16
883 884 1725 1722 1728 1765 609 606 157 160 1504 1269 1267 1203 1200 1206
1 3600 152
21
1453 1454 1733 1730 1736 929 932 921 918 209 212 615 616 907 902 1157 1158 1162 1289 1286 1326
1 3600 152
22
1335 1336 895 892 1865 1525 1395 163 158 206 1846 1575 1573 1569 541 235 236 2057 729 724 657 654
1 3600 152
9
1782 1784 1693 1671 1667 1081 1078 1082 1173
1 3600 288
25
2132 2113 935 930 1746 609 610 1784 1683 1679 1674 1852 1908 1409 1414 1752 1762 1887 1888 1980 2090 789 792 1492 1890
1 3600 490
25
1732 2066 2063 199 202 1778 885 880 1807 1795 747 315 310 330 527 513 514 1299 1105 1102 479 476 2071 1819 1249
1 3600 244
20
2133 2061 2058 1521 887 888 1508 177 178 575 576 1428 7 2 1061 1062 341 342 43 29
1 3600 154
12
1723 1726 203 198 971 974 1452 1517 1511 1514 2018 2122
1 3600 154
8
203 198 2062 2067 1519 1511 1512 1592
1 3600 154
3
1511 1514 1507
1 3600 154
5
1452 1517 1511 1512 1583
1 3600 118
6
970 199 200 1127 851 846
1 3600 118
3
1583 1586 1590
1 3600 149
16
1129 1126 201 202 1727 1722 833 830 845 842 1799 747 315 310 330 527
1 3600 149
13
1746 609 581 578 1097 1098 1662 1664 1081 1076 297 292 306
1 3600 149
9
923 918 209 212 1850 1661 1662 1664 1075
1 3600 149
10
1525 1522 921 918 209 210 578 1097 1093 1090
1 3600 149
14
1734 609 610 1786 1691 1688 1694 1677 1674 1854 1839 1411 1412 1900
1 3600 149
12
970 199 202 1727 1724 885 880 1807 1795 747 750 1800
1 3600 149
4
609 610 1786 1788
1 3600 149
9
833 830 1782 1784 1693 1671 1659 115 116
1 3600 149
11
830 1782 1784 1683 1684 1800 1911 1907 1904 1409 1414
1 3600 135
11
830 845 842 1799 747 750 1800 1911 967 964 1831
1 3600 490
16
828 885 882 865 661 662 1823 1820 1826 411 408 469 464 476 2084 299
1 3600 288
24
897 847 848 1737 1731 1732 1519 1511 1512 1583 1581 1578 1549 537 530 2170 2065 753 754 776 685 195 196 620
1 3600 146
14
1737 1731 1732 1519 1511 1514 1507 1508 177 178 1535 803 798 455
1 3600 146
18
608 1747 931 934 2112 2133 1499 1494 1521 887 888 1508 177 174 547 542 1486 9
1 3600 152
15
580 608 1764 827 828 885 882 1605 1555 1556 959 954 1385 1386 1297
1 3600 152
19
1452 1517 1511 1512 1583 1581 1576 1191 1194 1738 2025 1551 1005 1006 1046 809 804 1626 1599
1 3600 152
10
1519 1511 1512 1583 1586 1541 1538 1603 1555 1556
1 3600 152
12
1519 1511 1512 1583 1581 1576 1271 1276 1005 1006 1046 1435
1 3600 152
6
1511 1512 1583 1586 1588 1403
1 3600 152
8
2067 1519 1511 1512 1583 1581 1576 1271
1 3600 152
7
1407 1185 1188 953 954 1385 1295
1 3600 125
12
202 1778 885 882 1803 1804 289 286 1811 1816 403 404
1 3600 125
14
607 610 1786 1790 1792 1683 1684 1800 313 308 1821 1824 1899 759
1 3600 288
17
845 840 1795 747 315 310 334 1820 1826 411 412 761 762 1310 913 914 267
1 3600 490
15
1803 1804 243 244 403 404 1466 1471 1472 2115 995 996 1033 1034 2160
1 3600 490
23
1519 1511 1514 2018 2021 177 178 1535 803 798 719 720 21 22 1183 1178 1930 1932 1956 1379 1380 1748 2107
1 3600 349
22
580 608 1747 1744 827 828 885 882 1605 1555 1552 1193 1194 1738 2025 1551 1005 1006 1037 1040 685 682
1 3600 306
17
1602 1941 1405 1185 1186 1271 1272 1549 1039 1042 797 794 1622 353 75 72 678
1 3600 490
14
833 830 845 842 1799 1796 1804 243 248 1813 1816 403 404 1059
1 3600 490
20
1744 827 830 845 840 1795 747 315 308 1826 1899 1843 1844 1978 917 911 271 268 2047 1657
1 3600 490
29
1583 1586 1541 1407 1185 1188 953 954 1385 1386 1426 2048 1029 393 390 1971 1965 1966 363 345 346 1050 1054 525 522 2082 2045 1657 821
1 3600 490
18
526 969 966 1910 1801 1685 1682 1785 611 606 157 160 1504 1259 1260 1049 699 696
1 3600 306
14
1789 1787 611 581 211 205 171 119 120 1269 1267 1203 1200 771
1 3600 177
11
112 293 294 1166 1173 1168 903 904 1568 1572 189
1 3600 177
6
1085 1082 1173 1168 903 906
1 3600 177
14
1999 1837 1838 1855 1675 1669 1667 1665 1663 1660 1851 1849 105 100
1 3600 202
24
1091 1094 1664 1075 1072 297 292 113 116 1654 1701 1301 1302 1308 1021 1018 583 584 603 600 1563 1560 1990 223
1 3600 202
16
637 638 1942 1707 1708 1023 1018 741 744 695 659 652 731 728 2056 237
1 3600 202
12
1412 1761 1762 1707 1705 1307 1308 589 323 317 320 1145
1 3600 202
8
117 114 307 293 296 1165 1166 1173
1 3600 202
9
1655 591 323 317 320 879 874 1286 1326
1 3600 202
9
1693 1671 1659 115 116 1654 1701 1301 1302
1 3600 202
22
843 844 1782 1786 1691 1686 1091 1094 1085 1082 1173 1168 1161 1162 1289 1284 1115 1013 1008 725 726 1317
1 3600 202
13
310 332 1907 1839 1836 1903 1900 1942 1707 1708 1023 1020 1027
1 3600 202
13
1092 1096 1851 1849 1846 1997 1994 125 128 152 1992 2002 2073
1 3600 202
4
1903 1761 1762 1707
1 3600 150
18
1807 1795 1796 1441 667 664 529 513 514 1299 1105 1102 475 472 476 2071 2069 1757
1 3600 150
16
1902 641 642 1331 1332 1299 1105 1102 479 476 2071 2069 927 425 417 420
1 3600 490
26
1681 1684 1800 1911 333 334 1824 411 408 762 1312 1629 461 462 1003 1000 1401 1373 1370 1781 1775 485 480 2010 299 302
1 3600 490
24
1665 1095 1090 1687 1690 1787 1783 831 828 885 882 1605 1591 1587 1584 575 547 542 1485 1482 551 556 497 494
1 3600 326
23
640 1837 1838 1855 1675 1676 1695 1689 1690 1787 1783 831 832 1723 1726 203 198 971 974 1452 1517 1511 1514
1 3600 203
8
841 844 831 826 1745 931 934 853
1 3600 203
14
296 1077 1080 1666 1668 1678 1684 751 746 1796 1802 1605 1602 1539
1 3600 203
8
1685 1682 1785 611 608 1735 1523 1524
1 3600 203
11
1408 1905 1855 1856 1801 751 746 1796 1802 1605 1602
1 3600 203
10
1855 1675 1676 1695 1692 1785 1783 831 832 1728
1 3600 203
16
1699 1700 1655 117 114 1658 1670 1689 1690 1787 1783 831 828 1779 203 198
1 3600 203
15
1835 1838 1855 1675 1669 1667 1665 1663 1660 579 211 208 919 920 933
1 3600 203
11
1801 1685 1682 1785 611 606 919 922 1394 1526 2112
1 3600 203
8
1096 579 580 608 1747 931 928 849
1 3600 203
17
1711 1705 1702 2089 1717 1655 117 114 1658 1670 1692 1785 1783 831 828 1725 1726
1 3600 203
19
1999 1837 1838 1855 1675 1676 1695 1689 1690 1787 611 606 157 162 1394 1524 1863 1860 2061
1 3600 203
19
1987 1713 1023 1020 589 323 317 320 1155 1152 1156 903 906 617 614 213 208 919 920
1 3600 169
4
1674 1854 1839 1834
1 3600 169
9
134 1654 1701 1698 1704 1706 1943 639 636
1 3600 169
8
113 116 1654 1716 2088 1703 1704 1710
1 3600 205
15
588 1021 1022 1714 1451 1446 2092 1331 1332 1299 1105 1102 475 472 476
1 3600 205
17
1799 747 315 308 1826 411 412 761 469 466 1612 461 462 1547 1544 1401 1373
1 3600 205
11
1831 509 506 513 514 1299 1105 1102 479 476 2084
1 3600 205
11
1668 1674 1852 1908 1409 1414 1752 1762 1887 1449 1446
1 3600 205
7
1795 1796 1441 667 664 647 650
1 3600 205
14
1687 1688 1694 1677 1674 1854 1839 1836 641 642 645 650 1293 1133
1 3600 205
17
747 315 310 334 1824 411 408 762 1312 1629 461 456 1620 2152 2163 487 483
1 3600 205
22
1681 1684 1800 313 308 1826 411 412 761 469 466 1612 461 462 1003 1000 1401 1373 1370 1781 1775 1772
1 3600 205
9
1703 1704 1706 1943 639 636 1831 1832 505
1 3600 205
12
1674 1856 1911 967 968 527 513 514 1299 1105 1102 475
1 3600 205
9
590 1654 1701 1698 1704 1706 1943 639 642
1 3600 205
13
1668 1674 1854 1839 1836 641 642 1331 1332 1299 1105 1102 999
1 3600 205
10
1904 1409 1412 1900 1942 1887 1888 1980 2090 789
1 3600 490
12
1807 1795 747 315 310 330 527 513 514 1299 1105 1100
1 3600 490
28
135 132 317 320 879 859 860 1326 219 214 725 728 1321 1314 145 140 148 364 794 1617 11 12 20 329 324 1643 1644 623
1 3600 272
19
1987 1713 1023 1018 583 584 603 600 1858 1990 223 226 807 808 1435 1432 1438 777 755
1 3600 212
15
1763 1760 1902 641 636 1831 509 506 528 665 660 862 1552 1193 1190
1 3600 212
16
968 527 528 665 666 867 862 1556 959 954 87 88 1399 1396 1444 809
1 3600 212
11
1690 1787 1783 845 840 1806 881 882 865 862 1552
1 3600 212
15
1809 881 882 1605 1555 1556 959 956 1738 2025 1551 1005 1006 1046 809
1 3600 201
11
1664 1666 1668 1678 1684 751 746 1796 1804 243 246
1 3600 201
9
1080 1666 1668 1678 1684 751 746 1796 1804
1 3600 201
13
1696 1908 1905 1906 333 334 1824 1899 1815 1816 403 253 254
1 3600 201
18
1097 1093 1090 1687 1688 1694 1677 1674 1856 313 308 1826 1899 1815 1812 249 246 1971
1 3600 201
15
1090 1687 1688 1694 1677 1674 1854 1906 333 334 1824 1899 1843 1844 1976
1 3600 201
13
1666 1668 1674 1856 313 308 1826 1899 1815 1816 403 253 254
1 3600 201
11
1742 1681 1684 1800 1911 333 334 1824 1899 1815 1816
1 3600 201
11
1687 1690 1787 1783 845 842 1799 1796 1804 243 244
1 3600 150
15
965 968 331 334 1824 1899 1843 1844 1976 1393 267 268 997 994 2116
1 3600 150
15
1658 1668 1674 1856 313 308 1826 1899 1843 1844 1978 917 914 267 264
1 3600 490
18
1681 1684 1800 1911 967 968 527 513 514 1299 1105 1102 999 459 456 1620 2152 2168
1 3600 490
34
1987 1713 1023 1018 741 744 707 702 1563 1560 1990 1609 147 148 364 794 355 15 16 1938 1183 1180 1935 1459 673 67 61 64 2104 49 50 55 56 2135
1 3600 490
30
1078 1084 1663 1660 1851 1849 105 98 110 1840 1503 1497 1494 1521 1343 891 888 1508 177 178 1535 803 798 719 720 21 22 1955 1952 2146
1 3600 377
29
306 1658 1670 1692 1785 1783 831 828 885 882 865 862 1552 1189 1186 1577 1578 1549 537 534 776 1439 1436 11 16 1936 1921 1926 2154
1 3600 444
14
1696 1853 1854 1906 333 334 1824 1899 1815 1816 403 404 1059 1056
1 3600 490
19
1807 1795 1796 1804 289 290 377 374 764 363 361 349 350 371 366 1052 1056 1529 1530
1 3600 490
28
1093 1090 1687 1690 1790 1792 1683 1684 1800 313 308 1826 1899 1843 1844 1361 1358 1374 1393 267 268 2047 1657 821 824 978 437 438
1 3600 490
15
471 464 478 1103 1104 131 124 107 108 120 1259 1262 1264 1049 699
1 3600 490
28
1088 515 512 526 969 966 1910 1801 1685 1680 1743 1695 1689 1686 1091 1092 1096 579 211 205 171 172 1504 1259 1262 1253 1250 1205
1 3600 212
10
1546 463 458 998 1103 1104 131 128 154 151
1 3600 195
15
529 507 508 1830 637 638 1942 1707 1705 1699 1700 1655 591 323 317
1 3600 195
11
1111 1108 2091 1447 1450 1715 1023 1020 1027 869 870
1 3600 195
19
481 482 486 2162 2153 1621 457 458 998 1103 1104 131 128 154 151 141 138 227 228
1 3600 195
19
791 792 1135 1130 1419 1416 835 838 587 582 741 742 870 857 858 878 1145 1146 1150
1 3600 210
6
2071 2069 1757 1754 415 420
1 3600 210
3
1293 1290 837
1 3600 210
19
788 2091 2092 1331 1332 1299 1105 1102 475 472 476 2084 299 302 281 282 962 1243 1246
1 3600 210
13
1292 651 644 1331 1332 1299 1105 1102 479 476 2071 2069 927
1 3600 210
6
2093 2090 1895 1896 1719 1720
1 3600 210
17
1983 651 644 1331 1332 1299 1105 1102 475 472 476 2071 2069 927 425 422 426
1 3600 210
18
505 506 513 514 1299 1105 1102 479 476 2084 299 302 281 282 962 1243 1246 2032
1 3600 377
19
788 2091 2092 1331 1332 1299 1105 1102 475 472 476 2084 299 302 281 282 962 1243 1244
1 3600 490
19
665 660 864 1605 1591 1587 1584 575 576 1428 7 2 1061 1062 337 338 43 29 30
1 3600 490
17
1104 131 126 901 93 96 1840 123 120 1269 1267 1203 1198 739 736 713 716
1 3600 140
19
474 1103 1104 1298 515 512 526 331 311 314 746 1794 841 844 831 826 1745 931 934
1 3600 210
7
474 1103 1104 1298 1333 1330 643
1 3600 210
11
1889 1449 1450 1715 1709 1705 1699 1700 1655 117 112
1 3600 210
7
1331 511 512 528 665 666 1440
1 3600 210
19
2007 2008 1371 1372 1400 1545 1546 463 460 1628 1313 763 409 410 1827 309 312 1857 1852
1 3600 210
7
1830 965 966 1910 1857 1675 1676
1 3600 210
25
1371 1372 1400 1001 1002 2022 1621 457 460 1613 467 468 760 413 410 1825 335 332 1910 1801 1685 1682 1793 1791 1691
1 3600 210
15
1002 463 460 1628 1634 913 916 1979 1845 1842 1898 1827 309 314 748
1 3600 210
15
1372 1400 1828 2087 477 473 474 1103 1104 1298 515 512 507 508 1830
1 3600 210
6
1108 2091 2092 1331 511 512
1 3600 210
16
486 2162 2153 1621 457 460 1613 467 468 409 410 1825 335 332 1910 1801
1 3600 210
14
1546 463 458 998 1103 1104 1298 1333 1330 643 640 1837 1838 1855
1 3600 210
16
2087 477 478 1103 1104 1298 1333 1330 2093 1447 1450 1715 1709 1705 1702 2089
1 3600 210
9
1087 1088 1333 1330 643 638 1942 1707 1705
1 3600 212
12
1134 793 788 2091 1981 1889 1886 1943 639 636 1831 1832
1 3600 212
3
1371 1372 1400
1 3600 212
15
1773 1776 2006 2010 2085 477 473 474 1103 1104 1298 515 512 507 504
1 3600 212
4
1087 1088 1333 1330
1 3600 195
6
529 513 514 1089 1086 1106
1 3600 195
7
1980 2092 1331 1332 1089 1086 1106
1 3600 490
25
1980 2090 1895 1896 1719 1720 587 584 603 600 1858 1990 223 226 807 808 1435 1043 1040 685 195 196 620 1229 1226
1 3600 490
18
2090 1109 1110 1983 651 646 665 666 867 862 1552 1193 1194 1275 1272 1549 537 534
1 3600 195
25
1400 1545 1546 463 460 1628 1313 1310 913 916 1979 1361 1362 245 246 391 392 1028 2049 1427 1387 1384 955 952 1553
1 3600 183
11
511 512 526 331 334 1824 1899 1843 1844 1976 401
1 3600 183
13
515 512 526 331 311 308 1826 1899 1815 1812 249 246 1972
1 3600 183
10
472 465 468 762 1310 913 914 1392 401 253
1 3600 210
5
1621 457 460 1613 467
1 3600 210
9
471 466 1612 909 271 268 997 994 2116
1 3600 210
16
509 506 528 665 662 1823 1824 1899 1843 1844 1978 917 911 271 268 997
1 3600 210
21
2091 1447 1448 1886 1763 1753 1415 1408 1905 1906 333 334 1820 1826 1899 1815 1816 403 404 1466 1471
1 3600 210
6
1002 463 460 1628 1634 913
1 3600 210
7
479 465 466 1612 909 271 268
1 3600 210
6
480 2010 2085 477 465 466
1 3600 326
14
505 506 513 514 1299 1105 1102 999 459 456 1620 2152 2027 2028
1 3600 490
30
512 528 665 660 862 1556 959 954 87 88 1601 1598 1630 1636 2050 2079 2076 1925 1922 1959 1463 1460 1383 1380 1748 2107 2108 2125 81 76
1 3600 490
23
998 479 465 468 760 413 406 756 1962 389 386 1294 1384 87 88 1601 1598 1627 353 15 12 18 686
1 3600 490
30
489 486 2162 2153 1621 457 460 1628 1313 763 409 406 756 287 290 389 386 1296 1387 1384 87 88 1399 1396 1444 1435 1432 1436 11 16
1 3600 490
21
1981 1889 1886 1763 1760 1413 1408 1909 1853 1856 313 308 1821 1824 1899 1815 1816 403 404 1059 1053
1 3600 407
19
646 665 662 1823 1820 1826 1899 1843 1844 1976 1393 267 268 2047 1657 821 824 980 441
1 3600 490
14
1780 1371 1372 1400 1545 1546 463 460 909 271 268 2047 1657 821
1 3600 490
24
1107 1087 1088 515 512 526 331 311 314 746 1794 1806 881 884 1779 203 200 1127 1128 627 624 633 630 699
1 3600 490
23
298 2085 477 478 1103 1104 131 124 1995 103 100 172 1504 1259 1262 1253 1250 783 780 784 1142 1879 1880
1 3600 490
18
2167 2162 2153 1621 457 458 998 1103 1104 131 128 154 151 141 142 1388 2052 2054
1 3600 444
23
2165 2162 2153 1621 457 458 998 1103 1104 1298 1333 1330 645 648 837 838 587 584 603 600 1563 1560 1988
1 3600 174
9
2165 487 483 480 2010 299 300 1248 1759
1 3600 349
7
2167 487 483 480 2010 299 302
1 3600 490
35
2167 2162 2153 2023 463 460 909 910 916 1979 1361 1362 245 246 391 392 1030 1427 1387 1384 1536 1277 1272 801 802 1431 1428 545 548 669 555 552 991 992 1328
1 3600 490
24
298 2085 477 465 468 760 413 406 756 287 288 1805 1802 883 884 1725 1726 203 200 1736 849 846 896 2058
1 3600 490
26
2167 2162 2153 1621 457 460 1628 1634 913 914 1392 1375 1359 1362 1817 1810 1962 389 386 1294 1384 955 952 1189 1184 1406
1 3600 326
13
1101 1104 1298 1333 1330 2093 1447 1450 1715 1023 1020 589 323
1 3600 36
3
2165 2162 2153
1 3600 490
11
1107 1087 1088 1299 1105 1102 475 472 476 2084 299
1 3600 490
46
2165 2162 2153 2023 463 460 909 271 268 997 994 2114 1473 1470 1467 373 370 351 348 356 1967 1964 1970 391 392 1028 2049 1427 1387 1384 1536 1277 1272 801 802 1353 1347 1348 1594 2039 2034 2041 2017 261 258 2042
1 3600 490
25
2167 2162 2153 1621 457 460 1628 1313 763 409 406 756 287 288 1805 1802 1605 1602 1539 1540 1587 1584 575 547 542
1 3600 490
27
2165 487 488 1780 1371 1372 1400 1001 1002 463 460 909 910 916 1979 1361 1362 245 246 391 386 1294 1384 955 956 1275 1272
1 3600 490
17
2165 2162 2153 1621 457 460 1628 1634 913 914 1392 1375 1359 1362 1817 1812 1974
1 3600 174
13
1101 1102 479 465 466 1612 909 271 264 1035 1032 2047 2044
1 3600 306
11
2165 2162 2153 2023 463 460 909 271 264 277 278
1 3600 490
34
1101 1104 1298 515 512 528 665 666 867 862 1552 1193 1190 1577 1578 1549 447 444 453 450 454 719 720 1610 1614 1643 1644 2101 2098 2130 1355 1356 55 56
1 3600 490
32
1101 1104 1298 515 512 528 665 660 862 1552 953 956 1738 2025 1551 1005 1006 1037 1042 797 794 355 75 72 571 566 1951 1929 1930 1932 1956 1379
1 3600 490
27
2167 487 488 1780 1371 1372 1400 1828 2087 477 465 468 760 413 406 756 1962 389 392 1030 1427 1387 1384 87 88 1601 1598
1 3600 490
17
298 1369 1372 1400 1545 1546 463 460 909 271 268 2047 2044 937 521 524 945
1 3600 490
20
1107 1087 1088 515 512 526 331 334 1824 1899 1843 1844 1976 1393 267 268 2047 1657 821 824
1 3600 490
14
300 1248 1818 2070 477 465 466 1612 909 271 268 2047 1657 821
1 3600 490
20
1060 3 6 1429 577 175 176 1509 1506 1341 1339 1336 627 624 633 630 699 700 815 810
1 3600 444
34
239 240 45 48 2105 65 62 693 690 1615 683 684 777 535 536 1548 1579 1580 1582 1513 1335 1336 627 628 715 710 2177 1867 1868 1139 787 784 1142 1879
1 3600 490
19
32 240 1355 1356 1464 1947 69 66 672 1458 1934 687 19 13 14 354 795 365 149
1 3600 490
24
190 2099 2102 65 62 1961 1181 1182 1939 17 14 352 805 806 139 144 1315 1320 729 724 1009 1012 1114 1117
1 3600 490
26
1241 37 32 193 194 684 1041 1036 1044 1398 89 86 1385 1295 387 388 1963 757 407 408 469 464 476 2071 1819 1759
1 3600 490
34
2037 2038 1595 1349 1346 1352 803 800 1273 1276 1537 1385 1386 1297 387 388 1963 757 407 412 761 762 1312 1629 461 462 1547 1544 1401 1373 1368 299 302 281
1 3600 179
14
1477 1478 1233 1230 1211 1212 1237 1238 2017 261 262 43 29 30
1 3600 179
7
2036 1061 1062 671 555 552 991
1 3600 179
11
2036 1061 1062 671 555 552 991 992 1328 1912 1918
1 3600 179
16
623 620 1237 1238 2017 261 262 339 336 671 555 552 991 992 1283 1278
1 3600 152
23
622 1645 1642 325 328 721 718 449 452 445 446 1548 1579 1580 1582 1513 1335 1336 627 624 633 634 1673
1 3600 257
23
39 34 197 194 684 777 755 752 533 536 1548 1273 1270 1577 1580 1582 1513 1510 1516 1453 975 972 2063
1 3600 490
35
1060 3 8 1487 543 546 175 176 1509 889 886 1520 2059 897 847 852 1527 1395 163 158 206 1846 2012 613 616 907 902 1157 1153 1149 1147 319 316 322 590
1 3600 490
30
2015 2016 1239 1236 621 622 1645 1642 691 689 19 13 10 1437 1433 1434 1047 1007 1004 1550 2024 1739 1195 1192 1553 863 661 664 647 650
1 3600 490
22
1060 3 6 1351 1352 1534 179 176 1509 889 886 1520 1495 1496 1502 1841 97 94 125 130 1105 1100
1 3600 181
6
1068 1061 1062 341 342 263
1 3600 181
5
1220 1227 1228 621 622
1 3600 194
15
2043 259 260 2016 2040 2035 2038 1595 1349 1346 1352 803 798 455 451
1 3600 194
17
197 190 2121 2105 1949 69 66 676 1961 687 327 328 721 718 799 802 1431
1 3600 194
16
42 343 340 1063 1060 3 6 1429 1430 803 798 719 722 752 2064 2171
1 3600 194
11
260 2016 2040 2035 2038 5 8 1487 543 546 574
1 3600 194
7
2015 2016 1239 1236 621 622 1645
1 3600 194
7
260 2016 1239 1236 621 197 194
1 3600 194
8
37 32 240 2131 2099 2100 1645 1640
1 3600 194
19
190 2121 2119 1947 1944 2106 1749 1381 1378 1957 1958 1953 1954 23 20 721 718 799 802
1 3600 152
26
622 2101 2102 65 60 66 672 1458 1931 1928 1950 567 570 73 74 354 795 796 1043 1036 1007 1004 1550 2024 1739 1195
1 3600 490
40
260 2016 1239 1236 621 35 32 240 45 50 55 58 2124 2109 2106 1749 1750 1461 1462 1958 1923 1924 2077 2078 2051 1639 565 560 1600 89 86 1385 1386 1426 1031 393 390 1971 1965 1597
1 3600 490
28
340 1063 1060 3 6 1429 1430 803 800 1273 1276 1537 1385 1295 387 390 1971 395 385 382 491 371 372 1466 1471 1472 2115 995
1 3600 490
33
1220 1227 1209 1212 621 197 194 684 1041 1036 1007 91 86 1385 1386 1426 2048 1029 393 390 247 244 1363 1360 1978 917 912 1635 1629 461 456 1618 2094
1 3600 193
9
621 197 190 2121 2119 1065 1066 2124 2126
1 3600 193
4
2101 2102 1949 1946
1 3600 193
7
1220 1227 1228 621 197 190 2099
1 3600 193
11
260 2016 1239 1236 621 197 190 2130 1355 47 50
1 3600 193
6
2016 1239 1236 621 622 2101
1 3600 174
10
37 32 240 1355 1356 1464 1947 69 66 674
1 3600 174
12
240 45 48 2105 1949 1944 2106 1749 1381 1378 2144 2147
1 3600 377
28
190 2099 2102 65 62 1961 1181 1182 1939 17 10 1616 1622 1626 1599 1600 89 86 1385 1295 387 390 1971 397 398 764 357 360
1 3600 490
25
29 26 516 668 549 544 1351 1352 803 800 1273 1274 957 954 1385 1386 1426 1031 393 390 1971 1965 1966 363 345
1 3600 490
28
1068 3 8 1487 543 546 574 1585 1586 1590 1604 1803 1804 289 286 1811 1816 403 404 1466 1471 1474 2174 2045 1657 821 824 980
1 3600 490
38
42 339 336 1063 1060 2037 2038 1595 1349 1346 1352 803 800 1273 1276 1537 1385 1386 1297 387 390 1971 1965 1968 491 371 366 1054 945 942 2082 2045 1657 821 824 978 437 438
1 3600 490
15
802 1534 179 176 2020 2019 1341 1339 1336 627 624 633 630 699 696
1 3600 306
21
1642 1615 683 684 777 535 536 1548 1579 1580 1582 1513 1335 1336 895 892 1865 167 164 1504 1269
1 3600 306
22
5 6 1429 577 175 176 1509 889 890 1339 1336 627 628 1255 737 732 774 1256 1868 2179 1873 1874
1 3600 490
21
1589 1587 1582 1513 1510 1518 1733 1730 1736 929 932 921 918 209 212 615 618 189 185 180 235
1 3600 490
26
684 1041 1036 1044 1398 89 86 1385 1386 1426 2048 1029 393 388 291 286 757 407 408 469 464 476 2071 2069 1757 1754
1 3600 490
32
446 1039 1036 1007 91 86 1385 1295 387 390 247 244 1363 1360 1978 917 911 908 461 462 1003 1000 1401 1373 1368 299 302 281 282 962 1243 1244
1 3600 108
13
718 799 802 1353 1350 545 542 1485 1482 669 517 27 30
1 3600 118
17
777 535 536 1548 1273 1270 1187 1184 1402 1589 1587 1582 1592 2019 1341 1342 1520
1 3600 118
8
1433 1043 1038 1548 1579 1580 1582 1592
1 3600 130
5
574 1585 1586 1541 1538
1 3600 130
13
443 446 1548 1579 1580 1582 1513 1510 1518 1733 1730 1736 929
1 3600 233
20
800 1273 1274 1195 1192 1553 1554 1604 883 884 829 830 1782 1784 1693 1671 1667 1081 1076 297
1 3600 490
15
533 536 1548 1273 1274 957 958 1557 863 866 667 664 529 507 504
1 3600 490
31
1433 1434 1445 1397 1398 89 86 1385 1386 1426 1031 393 388 1963 1811 1814 1898 411 412 761 762 1312 1629 461 462 1547 1544 1401 1373 1368 299
1 3600 152
8
723 718 799 802 1431 1428 7 2
1 3600 152
12
542 1486 9 4 2039 2034 2041 1239 1236 1213 1208 1226
1 3600 152
11
803 798 719 720 329 324 1643 1644 623 620 1213
1 3600 152
8
1594 2039 2034 2041 1239 1236 621 622
1 3600 152
7
576 1428 7 4 2039 2034 2041
1 3600 152
11
542 1486 9 2 1061 1062 337 338 263 258 2042
1 3600 80
5
1578 1549 537 532 2064
1 3600 139
4
1576 1191 1192 1553
1 3600 139
11
753 754 776 1439 1436 1616 1622 1626 1599 561 562
1 3600 139
12
1487 543 546 574 1585 1586 1588 1403 1185 1188 953 958
1 3600 139
7
1439 1436 1616 1622 1626 1599 561
1 3600 139
16
1641 1642 325 326 19 13 14 352 1623 795 796 1434 1047 1007 1004 1550
1 3600 139
10
2064 2171 531 536 1548 1273 1270 1187 1184 1404
1 3600 139
13
574 1585 1581 1576 1191 1194 957 954 1385 1386 1426 2048 1029
1 3600 139
22
1478 1223 1220 1211 1212 621 197 194 684 1041 1036 1044 1398 89 86 1385 1295 387 388 377 374 764
1 3600 169
10
1487 543 546 574 1585 1586 1590 1604 1803 1804
1 3600 490
23
2171 531 536 1039 1036 1007 91 86 1385 1386 1297 387 390 1971 395 385 251 252 400 1393 915 912 1635
1 3600 490
32
533 536 1039 1036 1044 1398 89 86 1385 1386 1426 1031 393 390 1971 1965 1966 357 349 346 1050 1052 1056 1529 1469 1474 2117 995 996 1033 1034 2160
1 3600 92
9
1230 1227 1228 621 197 190 2121 2119 1947
1 3600 135
12
682 1611 329 326 686 1935 1459 1456 1460 1751 1748 2110
1 3600 135
11
1346 1352 803 798 719 720 21 22 1955 1952 2146
1 3600 135
11
6 1429 1430 803 798 719 720 21 22 1955 1952
1 3600 135
5
754 776 685 682 1614
1 3600 96
18
543 544 1429 1430 803 798 719 722 754 776 1439 1436 11 16 1936 1921 1926 2158
1 3600 490
35
1230 1211 1212 621 622 1645 1642 691 689 686 1181 1178 1928 1950 567 570 73 70 2051 1637 1631 1599 1600 89 86 1385 1295 387 390 1971 395 385 382 491 351
1 3600 490
21
1352 1534 1585 1586 1541 1538 1603 1604 1803 1804 243 248 1813 1816 403 404 1059 1056 1529 1530 523
1 3600 490
31
449 452 445 446 1039 1036 1007 1004 1537 1385 1386 1426 2048 1029 393 388 377 374 764 363 345 346 1050 1054 525 520 936 2045 1657 821 818
1 3600 490
27
1427 1387 1384 955 952 1189 1184 1402 1589 1587 1582 1513 1335 1336 895 896 2060 1861 1862 167 164 1504 1259 1260 1049 699 696
1 3600 377
20
955 958 1557 863 864 883 884 829 832 1728 1765 1735 921 922 169 164 1504 1259 1262 1264
1 3600 195
12
1294 1384 87 90 1006 1046 1435 797 365 149 150 155
1 3600 222
17
88 1399 1396 1444 809 806 139 142 1388 1315 1316 727 724 215 220 1114 1117
1 3600 490
22
1967 1597 381 251 252 400 1393 915 911 908 461 462 1547 1542 2087 2071 2069 1757 1754 961 962 1243
1 3600 490
20
563 560 1600 89 86 1385 1295 387 388 291 286 757 407 408 469 464 476 2084 299 302
1 3600 349
18
563 564 1633 1627 1623 795 796 1043 1038 447 442 454 799 802 1353 1350 545 548
1 3600 128
18
796 1434 1047 1007 1004 1277 1270 1577 1580 1582 1513 1335 1336 627 624 1215 1216 713
1 3600 160
19
1739 1195 1192 1189 1184 1406 1540 1587 1582 1513 1510 1518 1733 1730 1736 929 932 921 918
1 3600 160
12
1387 1384 955 952 1189 1184 1402 1589 1587 1582 1513 1510
1 3600 160
8
1425 1387 1384 955 952 1189 1184 1406
1 3600 160
17
536 447 444 453 448 799 802 1534 179 176 1509 889 886 1520 1495 1496 1500
1 3600 160
11
958 1557 1554 1591 1587 1582 1513 1510 1516 1453 975
1 3600 160
6
1577 1580 1582 1513 1510 1516
1 3600 160
10
536 1548 1579 1580 1582 1513 1510 1518 1733 1730
1 3600 165
21
1047 1007 1004 1550 2024 1739 1195 1192 1553 863 866 1440 1797 747 750 1800 1911 1907 1904 1909 1697
1 3600 165
20
393 390 247 248 1813 1814 1898 1827 309 312 1911 1907 1839 1411 1414 1752 1762 1707 1705 1699
1 3600 165
17
1444 809 806 227 222 1991 1561 1562 703 706 745 740 1025 1026 1309 1303 1300
1 3600 195
8
1404 1940 1603 1604 865 661 664 647
1 3600 490
23
1297 387 390 247 244 1363 1360 1978 917 912 1635 1629 461 462 1003 1000 1401 1373 1370 2009 2006 2010 299
1 3600 188
11
1384 1536 1277 1272 801 802 1353 1350 7 2 1061
1 3600 163
7
959 956 1275 1272 1549 447 442
1 3600 163
11
1427 1387 1384 955 952 1189 1184 1406 1540 1587 1584
1 3600 163
10
90 1004 1277 1272 801 802 1353 1347 1348 1594
1 3600 163
8
560 1600 1399 1045 1037 1038 1548 1579
1 3600 163
11
1037 1038 447 444 453 448 799 802 1353 1347 1348
1 3600 163
17
563 564 1633 1627 1623 1617 1437 1438 777 755 723 718 799 802 1431 1428 1351
1 3600 163
6
1184 1402 1589 1587 1584 575
1 3600 163
12
1040 777 755 723 718 799 802 1431 577 547 542 1486
1 3600 156
6
1273 1270 1187 1184 1404 1741
1 3600 156
4
1385 1386 1426 1031
1 3600 156
3
1005 1006 1044
1 3600 159
15
1445 1397 1398 89 86 1385 1386 1426 2048 1029 393 388 1963 757 407
1 3600 159
7
1029 393 390 247 244 1363 1358
1 3600 159
6
86 1385 1295 387 390 247
1 3600 159
14
1398 89 86 1385 1295 387 388 291 286 1811 1814 1898 411 412
1 3600 159
5
1566 1031 393 388 291
1 3600 159
5
376 1963 1811 1814 1898
1 3600 159
7
863 866 1440 1804 243 246 1971
1 3600 159
14
89 86 1385 1386 1297 387 390 247 248 1813 1816 1363 1358 1374
1 3600 159
9
1625 1557 863 866 1440 1804 289 286 757
1 3600 181
13
89 86 1385 1295 387 388 1963 757 407 412 761 469 466
1 3600 490
19
1029 393 390 1971 1965 1968 491 371 372 1466 1471 1472 2115 995 996 1033 1034 277 272
1 3600 306
25
959 956 1738 2025 1551 1005 1006 1046 809 804 353 15 16 1938 1183 1180 1960 63 64 2104 49 50 55 52 2136
1 3600 146
19
378 396 1970 391 386 1294 1384 87 88 1601 1598 1627 353 15 12 18 688 692 63
1 3600 146
8
1272 1549 537 534 776 685 682 1611
1 3600 167
12
1377 445 446 1039 1042 797 794 355 75 70 2079 2074
1 3600 167
13
1273 1276 1005 1006 1046 809 804 1626 1632 1638 2050 2079 2074
1 3600 167
10
564 1638 2050 71 72 571 568 1925 1926 2156
1 3600 167
19
1964 1970 391 392 1028 2049 1427 1387 1384 87 88 1399 1045 1037 1042 797 794 355 75
1 3600 167
5
1434 809 804 1626 1632
1 3600 125
19
808 1047 1007 1004 1537 1385 1386 1297 387 390 1971 395 385 251 254 491 371 366 1052
1 3600 444
17
1940 1603 1604 1803 1804 243 244 403 404 1466 1471 1474 2174 2045 1657 821 824
1 3600 490
18
661 662 1823 1820 1826 1899 1843 1844 1976 1393 267 268 2047 1657 821 824 980 2184
1 3600 490
20
1825 335 311 314 746 1798 843 844 1782 611 606 157 160 1504 1259 1260 1049 699 700 816
1 3600 490
19
666 1440 1797 1798 843 844 831 826 1765 1735 1523 1395 169 164 1504 1269 1267 1203 1200
1 3600 288
22
1827 309 312 1857 1675 1669 1667 1075 1072 1165 1166 1173 1168 903 904 1568 1572 1574 1997 1994 95 92
1 3600 181
13
1821 335 332 1910 1857 1675 1669 1667 1081 1078 1082 1173 1168
1 3600 377
8
1898 411 408 469 464 476 2071 2069
1 3600 490
16
286 757 407 412 761 469 464 476 2071 2069 927 924 961 962 1243 1244
1 3600 490
17
413 406 756 287 288 1805 1802 1605 1591 1587 1584 575 547 548 551 552 2186
1 3600 490
31
1979 1845 1842 1898 1825 335 332 1910 1801 1685 1680 1743 1695 1689 1686 1091 1092 1096 1851 1849 105 100 119 120 1269 1267 1203 1198 739 734 711
1 3600 122
8
1362 245 242 1805 1802 1605 1602 1539
1 3600 122
20
250 380 1596 1966 765 375 376 291 288 1805 1797 1794 841 844 831 832 1728 1765 1735 921
1 3600 119
9
1467 405 402 1817 1814 1898 1827 309 314
1 3600 119
15
381 251 252 402 1817 1814 1898 1825 1820 309 312 1857 1675 1669 1659
1 3600 119
12
1973 247 248 1813 1814 1898 1825 335 330 969 964 637
1 3600 119
11
1596 1964 1970 247 242 1805 1797 747 750 1685 1680
1 3600 119
7
1440 1797 1798 843 844 1782 1786
1 3600 114
17
381 251 252 402 1817 1814 1898 1827 1821 1822 663 664 647 650 1982 1111 1112
1 3600 114
9
400 1393 915 911 908 461 456 1620 2152
1 3600 490
12
1374 1393 915 912 1635 1629 461 456 1620 2152 2163 2166
1 3600 490
17
249 246 391 386 1296 1387 1384 1536 1277 1272 801 802 1431 1428 7 2 1069
1 3600 181
18
369 370 490 383 384 394 1970 391 386 1294 1384 87 90 1006 1037 1038 447 442
1 3600 130
6
389 392 1030 1427 1387 1384
1 3600 130
13
394 1970 391 386 1294 1384 87 88 1399 1396 1444 1435 797
1 3600 130
14
369 370 351 344 362 765 375 376 389 392 1028 2049 1427 1387
1 3600 130
10
373 370 490 255 250 384 394 1970 391 386
1 3600 130
8
1825 1822 663 660 862 1552 1193 1190
1 3600 130
7
402 1817 1810 287 290 389 392
1 3600 130
10
1969 1964 1970 391 386 1296 1387 1384 87 84
1 3600 130
10
1973 391 392 1030 1427 1387 1384 87 88 1399
1 3600 130
5
247 244 1363 1360 1978
1 3600 130
9
369 370 351 348 356 765 399 396 1970
1 3600 115
9
403 404 1059 1056 941 942 523 520 938
1 3600 115
6
1977 1978 917 911 908 461
1 3600 115
10
252 400 1393 915 912 1635 1629 461 456 1618
1 3600 115
8
1811 1816 403 404 1466 1471 1472 2115
1 3600 115
7
248 1813 1814 1898 411 408 469
1 3600 490
10
1813 1816 1363 1358 1374 1393 267 264 277 272
1 3600 490
28
250 384 394 1970 391 386 1294 1384 1536 1005 1006 1037 1042 1432 1436 11 12 18 686 1960 677 67 68 1946 1465 55 56 2142
1 3600 288
16
1822 663 666 867 862 1552 1193 1190 1271 1272 1549 537 532 753 723 720
1 3600 89
15
392 1028 2049 1427 1387 1384 87 88 1601 1598 1630 1636 2050 2079 2080
1 3600 108
6
382 491 371 366 1054 945
1 3600 108
15
761 762 1310 913 914 267 268 997 994 2114 1473 1468 1528 1057 1053
1 3600 128
10
250 380 1596 1966 357 349 346 1050 1054 525
1 3600 490
16
254 491 371 372 1059 1056 1529 1530 2082 2045 1657 821 824 980 441 438
1 3600 490
28
521 522 1531 1528 1057 1058 405 402 245 242 1805 1797 1794 841 844 1782 611 606 157 160 1504 1259 1260 1049 699 700 815 812
1 3600 490
25
1613 467 468 409 410 1827 309 312 1801 1685 1682 1785 611 581 211 205 171 119 120 1269 1267 1203 1200 1204 783
1 3600 490
20
467 468 409 410 1825 335 332 1907 1855 1675 1676 1695 1689 1686 1091 1092 1096 1851 615 618
1 3600 257
28
276 265 266 1392 1977 1845 1842 1898 1827 309 312 1857 1675 1669 1667 1075 1072 1165 1166 1173 1168 1161 1162 1289 1284 1651 1652 1015
1 3600 306
18
266 1392 1977 1845 1842 1898 1825 335 330 527 513 510 1330 2093 2090 1895 1896 1719
1 3600 490
21
1474 2117 995 996 269 270 908 461 462 1003 1000 1401 1373 1368 299 302 281 282 962 1243 1244
1 3600 490
20
760 413 406 756 287 288 1805 1802 1605 1591 1587 1584 575 547 542 1485 1482 669 517 27
1 3600 490
23
1032 997 994 2116 1475 1470 1467 405 402 245 242 1805 1802 1605 1602 1539 1540 1587 1584 575 547 542 1485
1 3600 244
18
1619 457 458 998 1103 1104 131 126 901 93 96 1840 1503 1500 1862 1864 893 894
1 3600 128
14
996 269 266 1392 1977 1845 1842 1898 1827 309 314 746 1798 843
1 3600 128
10
468 409 410 1825 335 330 969 964 637 638
1 3600 125
16
939 936 2045 2046 269 270 908 461 462 1547 1544 1401 1373 1370 2009 2006
1 3600 125
8
466 1612 461 462 1003 1000 1401 1373
1 3600 125
17
265 266 1392 1977 1845 1842 1898 1827 1821 1822 663 664 647 650 1982 1111 1112
1 3600 125
15
2046 269 270 910 916 1979 1845 1842 1898 1825 335 330 527 507 508
1 3600 125
9
2117 995 996 269 270 908 461 462 1547
1 3600 407
15
995 996 269 270 908 461 456 1620 2152 2163 487 483 480 2010 299
1 3600 490
29
468 760 413 410 1827 309 314 746 1794 1806 881 884 1779 203 198 2062 2067 1519 1511 1514 2018 2021 177 174 576 1428 7 4 2039
1 3600 490
16
910 916 1979 1361 1362 1817 1812 249 242 1805 1802 1605 1591 1587 1584 1535
1 3600 148
16
521 524 1055 1051 347 344 362 765 375 376 389 386 1294 1384 955 952
1 3600 125
12
996 2047 2044 2083 943 944 1055 367 370 490 1969 1964
1 3600 125
6
409 406 758 1815 1812 249
1 3600 125
9
460 909 271 268 997 994 2114 1473 1470
1 3600 125
6
467 468 760 413 410 1827
1 3600 125
6
460 1628 1313 763 409 410
1 3600 125
7
266 915 912 1311 763 760 413
1 3600 87
8
1612 909 271 268 2047 2044 937 938
1 3600 110
5
996 1033 1034 277 272
1 3600 490
26
460 1628 1634 913 916 1979 1361 1362 1817 1810 1962 389 392 1030 1427 1387 1384 87 90 1006 1037 1040 685 195 192 240
1 3600 490
32
997 994 2116 1475 1468 1528 1057 1053 1051 347 348 356 765 399 396 1970 391 386 1296 1387 1384 87 88 1601 1598 1627 353 15 16 1936 1951 1929
1 3600 377
27
1473 1470 1467 373 370 490 383 384 394 1970 391 392 1028 2049 1427 1387 1384 1536 1005 1006 1046 809 804 353 75 72 678
1 3600 148
12
276 1035 1032 2047 2044 2083 943 944 1055 1051 347 350
1 3600 112
6
1032 2047 1657 821 824 978
1 3600 112
10
1310 913 914 267 268 2047 1657 821 824 978
1 3600 490
6
271 268 2047 1657 821 822
1 3600 490
27
275 276 265 266 1392 1375 1359 1362 245 242 1805 1802 883 884 1725 1726 203 200 1127 1128 627 624 633 630 699 700 815
1 3600 490
25
273 276 265 266 1392 1977 1845 1842 1898 1825 335 332 1910 1801 1685 1682 1785 611 606 157 160 1504 1259 1262 1264
1 3600 490
32
2161 1035 1032 269 266 1392 1977 1845 1842 1898 1825 335 332 1907 1839 1836 1903 1761 1762 1707 1708 1023 1018 741 744 695 659 652 2004 1317 1318 1322
1 3600 490
26
2161 265 270 910 916 1979 1845 1842 1898 1827 309 312 1911 1907 1904 1409 1414 1752 1762 1707 1705 1307 1308 1027 869 743
1 3600 490
25
279 276 1035 1032 997 994 2116 1475 1470 1467 405 402 1817 1814 1898 1825 1822 663 664 647 648 1489 1490 1423 431
1 3600 490
14
273 276 1035 1032 269 270 908 1613 467 464 476 2071 1819 1249
1 3600 490
36
279 276 1035 1032 2047 2044 2175 1475 1468 1528 1057 1058 405 402 1817 1810 287 288 1805 1802 1605 1602 1539 1540 1587 1584 575 547 548 551 552 991 992 1328 1912 1914
1 3600 490
22
2169 2153 1621 457 458 998 1103 1104 131 126 901 93 96 1840 1503 1497 1494 1521 1343 1340 2018 2122
1 3600 490
20
275 276 265 266 1392 1977 1845 1842 1898 1827 309 312 1857 1675 1669 1667 1665 1663 1660 579
1 3600 490
25
279 276 1035 1032 997 994 2114 1473 1470 1467 405 402 245 242 1805 1797 1794 841 844 1782 1786 1691 1686 1091 1092
1 3600 125
6
2169 2163 487 483 484 1772
1 3600 326
8
2029 2026 2163 487 483 480 2010 299
1 3600 490
33
2161 1035 1032 2047 2044 2083 523 524 1055 1051 347 344 362 765 375 376 389 386 1294 1384 87 88 1399 1045 1037 1040 685 195 196 620 1229 1226 1221
1 3600 490
23
2029 2026 2153 2023 463 458 998 1103 1104 1298 515 512 528 665 660 862 1552 1189 1186 1271 1272 1549 447
1 3600 490
20
275 276 1035 1032 997 994 2116 1475 1468 1528 1057 1053 367 370 490 1969 1964 1970 391 392
1 3600 349
14
2029 2026 2153 1621 457 458 998 1103 1104 1298 515 512 528 665
1 3600 50
6
2029 2026 2153 1621 457 460
1 3600 490
3
2169 2027 2028
1 3600 490
38
273 276 265 266 1392 1375 1359 1362 245 246 391 386 1294 1384 1536 1005 1006 1037 1042 1432 1436 11 16 1936 1921 1922 1959 1463 1460 1383 1380 1748 2107 2108 2125 59 52 2136
1 3600 490
34
275 276 1035 1032 2047 2044 2083 943 944 1055 1051 347 348 356 1967 1964 1970 391 386 1296 1387 1384 87 88 1601 561 564 1638 2050 2079 2076 1925 1922 2146
1 3600 490
31
2169 2153 2023 463 458 998 1103 1104 1298 1333 1330 645 648 1489 1419 1416 835 838 587 584 603 600 1858 1988 1607 147 148 364 794 1617 11
1 3600 490
11
273 276 1035 1032 997 994 2114 1473 1468 1528 1057
1 3600 288
10
275 276 1035 1032 2047 1657 821 824 978 2180
1 3600 490
8
275 276 1035 1032 2047 1657 821 818
1 3600 490
34
2134 57 58 1067 1064 1947 69 66 672 1458 1931 1928 1950 1937 17 14 354 795 365 149 150 155 129 124 107 108 120 1259 1260 1049 699 700 815 810
1 3600 490
30
2139 53 54 51 48 2105 65 62 693 690 325 328 721 718 799 802 1534 179 176 2020 2019 1341 1339 1336 627 624 1215 1218 769 766
1 3600 490
13
2105 65 62 693 689 19 13 14 352 805 806 139 140
1 3600 490
31
53 58 2124 2109 2106 1749 1381 1382 1461 1462 1958 1923 1924 569 570 73 74 354 795 365 149 141 144 2052 1323 1324 237 232 1014 1653 1011
1 3600 490
32
1355 1356 1464 1947 69 66 672 1458 1931 1179 1182 1939 17 10 1616 1622 805 806 227 222 1991 1859 703 706 745 740 1019 1022 1714 1451 1448 1884
1 3600 490
26
2099 2102 65 62 1961 1181 1182 23 13 14 352 1623 795 365 149 150 155 129 130 1105 1102 475 472 476 2071 1819
1 3600 407
19
1357 1354 241 33 34 620 1237 1238 2017 261 262 343 340 671 555 552 991 992 1283
1 3600 490
23
2100 1645 1642 1615 1611 721 718 799 802 1534 179 176 1509 1506 1515 1335 1336 627 624 633 634 1123 1120
1 3600 490
19
65 62 693 690 1615 683 684 777 535 536 1548 1579 1580 1582 1513 1510 1518 2066 2063
1 3600 490
36
1464 1947 1944 2106 1749 1381 1378 2144 2147 1923 1920 1937 17 10 1437 1433 1043 1036 1007 1004 1550 2024 1739 1195 1192 1553 1554 1604 883 884 829 830 1782 1786 1691 1686
1 3600 490
35
51 44 2131 191 194 684 1041 1036 1007 1004 1550 2024 1739 957 958 1557 863 866 667 664 529 513 514 1299 1105 1102 999 459 462 1547 1544 1401 1373 1370 1781
1 3600 490
37
2102 1949 69 66 672 1458 1934 687 327 328 721 722 752 533 536 1548 1273 1274 1195 1192 1553 863 661 664 529 513 514 1299 1105 1102 999 459 456 1620 2152 2163 2166
1 3600 186
11
1357 1354 241 193 196 620 1237 1238 2017 261 262
1 3600 186
3
48 2120 191
1 3600 186
10
2138 57 54 51 44 241 33 34 620 1229
1 3600 186
10
2143 57 54 1357 1354 2131 191 196 620 1213
1 3600 186
12
2143 2139 53 58 1067 1064 2118 2120 191 196 620 1237
1 3600 172
14
1064 1947 69 66 676 693 689 327 328 721 718 455 451 452
1 3600 172
17
77 80 2124 2109 2106 1749 1750 1461 1462 1933 1931 1928 1954 23 20 721 718
1 3600 233
16
2129 2109 2106 1749 1381 1378 1957 1958 1953 1950 1937 17 10 1437 1433 1043
1 3600 490
28
1064 2118 2105 65 60 66 672 1456 1462 1958 1923 1924 2077 2078 2051 1639 565 560 1600 89 86 1385 1386 1426 1031 393 388 1963
1 3600 490
28
65 62 1961 687 19 13 10 1437 1433 1434 1047 1007 1004 1550 2024 1739 957 958 1557 863 866 667 662 1823 1824 411 408 469
1 3600 490
34
79 80 1067 1064 1947 69 66 672 1458 1931 1928 1950 567 570 73 74 352 805 806 139 140 150 155 129 130 1105 1102 999 459 456 1620 2152 2027 2028
1 3600 199
4
2125 59 56 2142
1 3600 199
4
57 58 2124 2128
1 3600 184
7
53 54 1464 1947 69 66 672
1 3600 184
9
53 54 51 48 2105 65 62 693 689
1 3600 184
9
57 58 2124 2109 2106 1749 1381 1382 675
1 3600 184
9
47 48 2105 65 62 693 690 325 328
1 3600 184
10
53 58 2124 2109 2106 1749 1381 1378 2144 2148
1 3600 184
5
1064 1947 1944 2106 2110
1 3600 184
9
1067 1064 2118 2105 2103 2100 1645 1642 1615
1 3600 257
14
77 80 1067 1064 1947 69 61 62 1961 1181 1182 1939 17 14
1 3600 490
28
2138 57 54 1357 1354 241 193 194 684 1041 1036 1007 91 86 1385 1295 387 390 1971 397 398 764 363 345 346 1050 1054 945
1 3600 490
42
57 54 1464 1947 69 66 674 1461 1462 1958 1923 1924 2077 2078 2051 1637 1631 1599 1600 89 86 1385 1386 1426 2048 1029 393 388 377 374 764 357 349 346 1050 1052 1056 1529 1530 2082 2045 1657
1 3600 490
27
2120 191 194 684 1041 1036 1007 1004 1537 1385 1295 387 390 1971 1965 1968 491 371 372 1466 1471 1474 2174 2045 1657 821 818
1 3600 490
22
1179 1182 23 20 721 718 799 802 1534 179 176 2020 2019 1341 1339 1336 627 624 633 630 699 696
1 3600 490
32
1182 23 20 721 718 799 802 1534 179 176 1509 889 886 1520 1495 1498 2132 1865 167 164 1504 1269 1267 1203 1200 1204 1137 787 784 1142 1879 1880
1 3600 490
21
683 684 777 535 536 1548 1579 1580 1582 1592 2019 1341 1342 1520 1495 1496 1502 123 118 101 102
1 3600 490
17
21 13 14 354 795 365 149 146 1606 1989 1561 1562 601 602 585 582 1019
1 3600 490
18
21 13 10 1616 1622 805 806 227 222 1991 1859 601 602 585 586 839 433 430
1 3600 490
30
1182 1939 17 10 1437 1438 777 535 536 1548 1273 1270 1187 1188 1553 863 661 662 1823 1820 1826 411 412 761 469 464 476 2084 299 302
1 3600 490
26
1929 1930 1459 673 67 61 64 2103 2100 623 620 1237 1238 2017 261 262 339 336 671 555 552 991 992 1328 1912 1918
1 3600 490
7
1611 721 718 799 802 1534 179
1 3600 306
19
62 693 690 1615 683 684 777 535 536 1548 1579 1580 1582 1513 1335 1336 895 892 1865
1 3600 490
35
2147 1923 1920 567 570 73 74 352 805 808 1047 1007 1004 1550 2024 1739 1195 1192 1553 1554 1604 883 884 829 830 1782 1784 1693 1671 1659 115 116 1654 1701 1698
1 3600 490
30
21 13 10 1437 1433 1434 1445 1397 1398 89 86 1385 1386 1426 1031 393 390 247 244 1363 1360 1978 917 912 1635 1629 461 462 1547 1542
1 3600 490
23
683 684 777 755 752 533 536 1548 1273 1270 1191 1192 1553 863 866 667 664 529 513 514 1299 1105 1100
1 3600 89
7
1614 1643 1644 623 620 1237 1238
1 3600 165
22
1750 1461 1457 1458 1931 1928 1950 567 570 73 74 354 795 796 1043 1038 1548 1273 1270 1187 1184 1402
1 3600 165
11
1954 23 20 721 718 799 802 1353 1350 545 542
1 3600 165
12
2107 1945 1948 2103 2098 191 196 620 1213 1210 1221 1224
1 3600 165
10
1378 1957 1933 1934 687 19 13 10 1437 1438
1 3600 165
9
327 324 1643 1644 623 620 1229 1226 1231
1 3600 122
14
2149 2147 1923 1924 2077 2078 2051 1639 565 560 1600 89 86 1385
1 3600 122
11
676 1961 1181 1182 1939 17 14 352 805 808 1047
1 3600 272
26
66 672 1458 1931 1928 1950 1937 17 14 352 1626 1599 1600 89 86 1385 1295 387 388 291 286 757 758 1843 1844 1978
1 3600 490
25
13 10 1616 795 796 1434 1445 1397 1398 89 86 1385 1386 1426 2048 1029 393 388 1963 757 407 408 762 1312 1629
1 3600 490
21
325 326 19 13 14 354 795 365 149 150 155 129 130 1105 1102 999 459 456 1620 2152 2168
1 3600 165
12
1959 1463 1460 675 67 68 1946 1465 55 52 2138 2142
1 3600 165
6
1930 1459 673 67 68 1946
1 3600 165
5
1751 1748 2107 2108 2126
1 3600 165
8
1929 1179 1180 1960 63 64 2104 2119
1 3600 165
10
1180 1935 1932 1956 1379 1380 1748 2107 2108 2126
1 3600 165
6
1930 1459 673 67 68 1944
1 3600 85
3
1462 1956 2144
1 3600 143
4
2147 1923 1924 569
1 3600 143
5
691 689 19 22 1939
1 3600 143
25
1458 1931 1928 1950 567 570 73 74 352 1626 1599 1600 89 86 1385 1386 1297 387 390 1971 397 398 764 363 361
1 3600 143
6
2147 1953 1954 1939 17 14
1 3600 143
22
1950 1937 17 10 1437 1433 1043 1036 1007 1004 1537 1385 1386 1426 1031 393 390 1971 1965 1966 357 358
1 3600 377
21
690 1615 683 684 1041 1036 1007 91 86 1385 1295 387 390 1971 395 385 251 252 404 1059 1056
1 3600 490
28
1933 1934 687 327 328 721 718 455 443 446 1548 1273 1274 957 958 1557 1554 1604 1803 1804 243 244 403 404 1059 1056 1529 1532
1 3600 490
31
1950 567 570 73 70 2051 1637 1631 1599 1600 89 86 1385 1295 387 388 377 374 764 363 345 346 1050 1054 945 942 2082 2045 1657 821 822
1 3600 490
29
360 362 765 375 376 291 288 1805 1797 1798 843 844 831 826 1745 931 934 1527 1395 169 164 1504 1259 1262 1264 1049 699 700 815
1 3600 490
28
2189 569 570 73 74 354 795 796 1043 1038 1548 1579 1580 1582 1513 1335 1336 627 628 1255 737 732 767 770 1204 783 778 946
1 3600 490
27
73 74 352 805 808 1047 1007 1004 1277 1270 1577 1580 1582 1513 1510 1516 1453 975 970 199 200 1736 929 932 921 918 209
1 3600 490
16
681 73 74 352 805 806 227 222 1991 1561 709 705 706 745 742 872
1 3600 490
24
2078 71 74 354 795 365 149 141 144 1315 1316 2005 653 654 217 218 1647 871 868 1024 1019 1022 1712 1984
1 3600 490
29
573 570 73 74 352 805 808 1047 1007 1004 1550 2024 1739 957 952 1553 863 661 664 529 513 514 1299 1105 1102 479 476 2071 1819
1 3600 490
25
571 566 1951 1929 1179 1180 1960 63 64 2103 2098 191 196 620 1237 1238 2017 261 262 343 340 671 555 552 2186
1 3600 490
17
2157 1927 1920 1937 17 10 1437 1438 777 755 723 718 799 802 1534 179 176
1 3600 244
12
354 795 796 1043 1038 1548 1273 1270 1187 1184 1404 1940
1 3600 306
28
2081 2078 2051 1639 565 560 1600 89 86 955 958 1557 1554 1604 883 884 1725 1722 1728 1745 1746 609 581 578 1661 1662 1085 1079
1 3600 490
20
573 570 73 74 352 805 806 227 222 1991 1859 601 602 585 586 1721 1718 1897 1894 1109
1 3600 490
29
2078 2051 1637 1631 1599 1600 89 86 1385 1386 1426 2048 1029 393 388 1963 757 407 412 761 762 1312 1629 461 462 2022 2152 2163 2164
1 3600 349
19
2075 2076 1925 1922 1959 1463 1457 673 67 61 64 2103 2100 623 620 1237 1238 2040 2035
1 3600 174
11
2189 569 566 1951 1954 23 18 688 690 1643 1640
1 3600 174
9
679 73 74 354 795 796 1043 1038 447
1 3600 156
10
566 1937 1938 23 20 721 718 449 452 1376
1 3600 156
6
2078 71 74 352 805 808
1 3600 156
11
356 765 399 379 376 291 288 1805 1441 867 862
1 3600 156
8
573 566 1937 17 10 1437 1433 1434
1 3600 156
13
1927 1920 1937 17 10 1437 1438 777 535 536 1548 1273 1274
1 3600 156
14
73 74 354 795 796 1434 1047 1007 1004 1277 1270 1187 1184 1404
1 3600 150
24
2155 1927 1920 1937 17 10 1437 1438 1041 1036 1007 1004 1550 2024 1739 1195 1192 1553 1554 1604 1803 1804 289 286
1 3600 150
19
2075 2078 2051 1639 565 560 1600 89 86 1385 1386 1297 387 390 1971 395 385 251 252
1 3600 349
24
74 352 805 808 1445 1397 1398 89 86 1385 1386 1426 1031 393 390 1971 1965 1968 491 371 372 1466 1471 1474
1 3600 490
22
2078 2051 1639 1633 1599 1600 89 86 1385 1295 387 390 247 244 1363 1358 1374 1393 267 264 277 272
1 3600 244
13
1921 1922 2146 2145 1379 1380 1748 2107 2108 2125 59 56 2135
1 3600 160
5
2078 71 74 354 1617
1 3600 160
8
1633 1627 1623 355 15 12 18 327
1 3600 160
4
1951 1954 23 20
1 3600 160
12
1631 1627 353 15 12 18 688 692 677 674 1383 1380
1 3600 160
9
1617 11 16 1938 1183 1178 1930 1459 673
1 3600 160
7
1927 1922 1959 1463 1460 675 676
1 3600 104
3
2157 1927 1924
1 3600 137
23
74 352 805 808 1047 1007 1004 1537 1385 1386 1426 2048 1029 393 390 1971 395 385 382 491 371 366 1054
1 3600 137
24
681 73 74 354 795 796 1434 1445 1397 1398 89 86 1385 1295 387 388 377 374 764 357 349 346 1050 1054
1 3600 137
28
2155 1927 1920 1937 17 10 1437 1438 777 535 536 1548 1273 1274 957 952 1553 863 866 1440 1804 289 286 1811 1816 403 404 1059
1 3600 377
27
2081 2078 2051 1637 1631 1599 1600 89 86 1385 1386 1426 1031 393 390 1971 1965 1966 363 345 350 371 366 1052 1056 1391 525
1 3600 490
32
795 796 1043 1036 1007 1004 1550 2024 1739 1195 1192 1553 863 866 667 662 1823 1824 1899 1843 1844 1978 917 914 267 268 2047 1657 821 824 980 2184
1 3600 490
28
347 344 362 1967 1964 1970 247 242 1805 1797 1794 841 844 831 826 1765 1735 1523 1524 167 164 1504 1259 1260 1049 699 700 816
1 3600 490
27
370 490 255 250 384 394 1970 247 242 1805 1797 1798 843 844 1782 611 581 211 205 171 172 1504 1269 1267 1203 1196 1250
1 3600 490
22
1058 405 402 1817 1814 1898 1825 335 332 1907 1855 1675 1669 1667 1081 1078 1082 1173 1168 903 906 617
1 3600 490
27
940 1057 1058 405 402 1817 1814 1898 1827 309 312 1801 1685 1679 1669 1659 115 116 135 132 317 320 879 874 1284 1651 1652
1 3600 490
20
1390 1057 1058 405 402 1817 1814 1898 1825 335 330 527 513 510 1330 2093 2090 1895 1893 1890
1 3600 490
21
1056 1529 1469 1472 2115 995 996 269 270 908 461 462 1003 1000 1401 1373 1368 299 302 281 284
1 3600 490
32
350 490 383 384 394 1970 391 392 1030 1427 1387 1384 955 956 1275 1272 801 802 1431 1428 545 542 1485 1482 551 552 991 992 1283 1278 1912 1918
1 3600 490
24
370 351 348 356 765 375 376 291 288 1805 1802 883 884 1779 203 198 971 974 1452 1517 1511 1514 2018 2122
1 3600 407
16
940 1057 1058 405 402 1817 1810 287 288 1805 1802 883 884 1725 1722 1728
1 3600 288
13
371 372 405 402 1817 1814 1898 1827 309 310 332 1907 1839
1 3600 377
20
350 371 372 405 400 1977 1845 1842 1898 1825 335 330 969 964 637 638 1942 1887 1449 1446
1 3600 490
18
1050 1052 1056 1529 1469 1472 2115 995 996 269 270 908 461 456 1620 2152 2163 2164
1 3600 490
29
944 1055 367 370 490 255 250 384 394 1970 391 386 1294 1384 955 956 1275 1272 801 802 1353 1347 1348 1594 2039 2034 2041 2017 2014
1 3600 407
19
1051 347 344 362 1967 1964 1970 391 392 1028 2049 1427 1387 1384 1536 1277 1272 801 802
1 3600 78
10
367 370 490 1969 1964 1970 391 392 1030 1567
1 3600 36
11
1052 1058 405 402 1817 1814 1898 1827 1821 1822 663
1 3600 110
6
350 371 372 1466 1471 1474
1 3600 490
11
1050 1054 945 942 2082 2045 2046 1033 1034 277 278
1 3600 490
28
1055 1051 347 348 360 362 765 375 376 389 386 1294 1384 87 90 1006 1037 1040 685 682 1614 691 692 63 60 68 1944 2108
1 3600 272
28
344 361 356 1967 1964 1970 391 386 1296 1387 1384 87 88 1399 1396 1444 1435 797 794 355 75 72 571 568 1925 1922 2146 2148
1 3600 36
4
1051 347 348 358
1 3600 195
3
944 1055 367
1 3600 52
3
1054 525 522
1 3600 490
12
1052 1056 941 942 2082 2045 1657 821 824 980 441 438
1 3600 490
34
2181 979 825 820 1656 2046 269 266 915 912 1311 763 409 410 1827 309 314 750 1685 1682 1793 1791 1787 611 606 157 160 1504 1259 1262 1264 1049 699 696
1 3600 490
22
1533 1469 1470 1467 405 402 245 242 1805 1441 867 864 883 884 1779 203 200 1127 1128 627 628 1255
1 3600 490
39
825 820 1656 2046 269 270 910 916 1979 1845 1842 1898 1825 335 332 1910 1857 1675 1676 1695 1689 1686 1091 1092 1096 1851 1849 105 98 108 120 1269 1267 1203 1196 1250 1137 787 784
1 3600 490
33
440 981 825 820 1656 2046 269 266 1392 1375 1359 1360 1845 1842 1898 1827 309 312 1911 967 964 637 638 1942 1707 1708 1023 1018 741 744 707 704 708
1 3600 490
18
979 825 820 1656 2046 269 270 908 1613 467 464 476 2071 2069 1757 1754 415 420
1 3600 490
16
981 825 820 1656 2046 269 270 908 461 462 1547 1542 2087 2084 299 302
1 3600 490
19
1528 1057 1058 405 402 245 242 1805 1802 1605 1591 1587 1584 575 547 548 551 552 991
1 3600 490
37
825 820 1656 2046 269 266 915 912 1311 763 760 413 410 1825 1820 309 314 746 1794 1806 881 884 1779 203 198 2062 2067 1519 1511 1514 1507 1508 177 174 547 542 1485
1 3600 490
21
977 825 820 1656 2046 269 270 910 916 1979 1845 1842 1898 1825 335 311 314 746 1798 843 844
1 3600 377
20
825 820 1656 2046 269 266 1392 1977 1845 1842 1898 1827 309 312 1801 1685 1680 1743 1695 1689
1 3600 272
14
2082 2175 2117 995 996 269 270 908 1613 467 464 473 474 999
1 3600 490
14
2082 2045 2046 269 270 908 461 462 1003 1000 1401 1373 1368 299
1 3600 490
34
2183 979 825 820 1656 2044 2175 1475 1470 1467 373 370 490 383 384 394 1970 391 392 1028 2049 1427 1387 1384 1536 1005 1006 1037 1040 685 195 192 33 36
1 3600 490
26
1528 1057 1058 405 402 1817 1810 1962 389 386 1294 1384 87 88 1399 1045 1037 1040 685 195 196 620 1213 1210 1221 1222
1 3600 288
22
2181 979 825 820 1656 2046 269 266 1392 1375 1359 1362 1817 1812 249 242 1805 1802 1605 1602 1941 1741
1 3600 89
10
1469 1470 1467 373 370 490 255 250 384 394
1 3600 87
6
981 825 820 1656 2046 997
1 3600 87
12
520 936 2045 2046 269 270 908 461 456 1620 2152 2027
1 3600 490
9
981 825 820 1656 2046 1033 1034 277 278
1 3600 490
38
979 825 820 1656 2044 2175 1475 1470 1467 405 253 250 384 394 1970 391 392 1030 1427 1387 1384 87 90 1006 1046 1435 1432 1436 11 12 22 1183 1180 1960 63 64 2104 2119
1 3600 490
30
2181 979 825 820 1656 2044 2083 523 524 1055 1051 347 344 362 765 375 376 389 386 1294 1384 1536 1005 1006 1037 1040 685 682 1614 691
1 3600 306
29
1533 1528 1057 1053 367 370 490 1969 1964 1970 391 392 1028 2049 1427 1387 1384 87 88 1601 1598 1630 1636 2050 2079 2076 1925 1926 2158
1 3600 108
7
1656 2044 2083 943 944 1055 1051
1 3600 108
7
1656 2044 2175 1475 1470 1467 373
1 3600 174
5
1656 2044 2083 1531 1532
1 3600 212
5
821 824 980 441 438
1 3600 490
32
820 1656 2046 269 266 915 912 1311 763 409 410 1825 335 332 1907 1855 1675 1669 1667 1665 1663 1660 579 211 205 171 172 1504 1259 1260 1049 699
1 3600 490
32
823 820 1656 2046 269 266 915 916 1979 1845 1842 1898 1827 309 312 1801 1685 1682 1785 611 606 157 160 1504 1269 1267 1203 1200 1204 783 778 948
1 3600 490
30
820 1656 2046 269 270 910 912 1311 763 760 413 410 1825 335 332 1910 1857 1675 1669 1659 307 293 294 1166 1173 1168 903 904 541 538
1 3600 490
35
823 820 1656 2046 269 266 1392 1977 1845 1842 1898 1827 1821 335 330 969 964 637 640 1903 1761 1762 1707 1705 1307 1308 1027 869 870 1646 219 214 725 728 2056
1 3600 490
29
439 440 981 825 820 1656 2046 269 270 910 912 1311 763 409 410 1827 309 312 1857 1852 1908 1409 1412 1900 1942 1707 1710 1987 1984
1 3600 490
12
820 1656 2046 269 270 908 1613 467 464 476 2071 1819
1 3600 490
34
823 820 1656 2044 2175 1475 1470 1467 405 402 1817 1810 287 288 1805 1441 867 864 1605 1602 1539 1540 1587 1584 575 547 548 551 552 991 992 1328 1912 1918
1 3600 490
34
2185 981 825 820 1656 2046 269 266 1392 1375 1359 1362 245 242 1805 1797 1794 841 844 831 832 1728 1745 931 934 2112 893 894 627 624 633 634 1673 1121
1 3600 490
28
820 1656 2046 269 266 915 916 1979 1845 1842 1898 1825 335 311 314 746 1794 1806 881 884 1725 1726 203 198 971 974 1452 1517
1 3600 490
17
823 820 1656 2046 269 266 1392 1977 1845 1842 1898 1825 335 332 1907 1855 1675
1 3600 490
21
820 1656 2046 269 270 910 912 1311 763 760 413 410 1827 1821 1822 663 664 647 650 1982 2096
1 3600 490
20
439 440 981 825 820 1656 2046 269 270 908 1613 467 464 478 1103 1104 1298 1089 1086 1106
1 3600 490
40
2185 981 825 820 1656 2044 937 521 524 1055 1051 347 348 356 765 399 379 376 389 386 1296 1387 1384 955 956 1275 1272 801 802 1431 1428 7 2 1061 1062 341 342 263 258 2042
1 3600 490
25
2185 981 825 820 1656 2044 2083 1531 1528 1057 1058 405 402 1817 1810 287 288 1805 1441 867 862 1552 1193 1190 1577
1 3600 490
23
823 820 1656 2044 2175 1475 1470 1467 373 370 490 1969 1964 1970 391 386 1294 1384 87 88 1399 1045 1037
1 3600 490
12
820 1656 2046 269 266 1392 1375 1359 1362 245 246 391
1 3600 212
5
819 820 1656 2046 997
1 3600 377
7
820 1656 2046 1033 1034 277 274
1 3600 490
40
820 1656 2044 2083 943 940 1057 1053 367 370 490 383 384 394 1970 391 392 1030 1427 1387 1384 87 88 1601 1598 1627 353 15 16 1938 1183 1178 1930 1932 1956 1379 1380 1748 2107 2108
1 3600 490
33
2185 981 825 820 1656 2044 2175 1475 1470 1467 405 402 1817 1810 1962 389 386 1294 1384 1536 1005 1006 1046 1435 1432 1436 11 16 1936 1951 1952 2146 2150
1 3600 490
35
819 820 1656 2044 937 521 524 1055 1051 347 344 362 765 375 376 389 392 1028 2049 1427 1387 1384 87 88 1399 1396 1444 809 804 353 75 72 571 568 2188
1 3600 490
6
823 820 1656 2044 2083 943
1 3600 99
4
819 824 978 2180
1 3600 490
4
819 824 980 2184
