545
1 3600 394
8
594 1152 957 954 1024 937 665 662
1 3600 239
6
95 96 995 992 353 354
1 3600 239
11
957 954 1024 961 959 19 16 135 136 508 1028
1 3600 239
13
591 594 1152 1154 1007 995 992 963 939 935 573 574 658
1 3600 239
20
594 1152 1154 733 729 719 257 258 991 893 345 346 496 251 254 941 944 507 137 138
1 3600 591
21
589 586 594 1152 957 954 1024 937 938 962 85 82 354 951 23 20 98 135 136 504 989
1 3600 827
19
664 935 932 19 22 949 497 498 952 1097 143 25 26 132 627 628 369 37 30
1 3600 827
24
961 962 993 893 896 417 413 407 404 395 389 390 900 1070 737 633 5 6 313 314 796 1161 807 808
1 3600 204
9
586 594 1152 1154 733 723 724 357 263
1 3600 204
5
586 594 1152 1154 733
1 3600 217
8
594 1152 957 954 1009 995 893 894
1 3600 827
19
1152 1154 733 729 730 1068 1119 259 260 269 266 918 431 428 393 390 902 1078 739
1 3600 827
18
937 938 959 351 354 951 949 497 335 338 340 151 148 625 622 628 369 370
1 3600 827
26
663 664 936 961 962 993 990 259 260 418 1004 409 410 787 790 927 924 1031 1032 837 838 821 818 641 329 326
1 3600 827
15
663 664 938 962 993 990 1118 715 716 882 771 774 1167 673 670
1 3600 827
10
594 1152 1154 733 723 724 357 358 453 450
1 3600 827
16
1009 995 893 894 1101 1098 403 401 398 510 582 915 911 277 274 1078
1 3600 827
28
594 1152 957 95 96 995 893 896 417 414 916 976 1011 1012 1121 1037 489 486 813 299 300 879 876 829 824 699 531 534
1 3600 827
31
585 586 594 1152 1154 733 729 719 257 260 269 264 450 454 743 57 58 746 751 752 495 11 14 299 223 226 827 645 519 522 524
1 3600 827
19
936 961 962 993 990 259 262 358 778 125 120 1089 1086 1156 423 420 443 435 436
1 3600 827
26
661 664 935 932 19 20 100 250 497 347 342 1099 409 410 787 784 457 63 60 57 58 746 751 285 282 870
1 3600 827
20
593 594 1152 1154 733 723 724 882 771 774 129 126 1087 463 458 858 53 50 287 288
1 3600 827
30
589 586 594 1152 957 95 96 995 893 894 1101 1098 403 404 428 890 1127 1124 1031 1034 489 490 157 154 217 218 906 1038 1151 759
1 3600 827
26
1024 961 959 351 354 951 949 497 335 336 398 512 387 390 900 145 146 840 833 830 691 385 205 199 193 188
1 3600 318
8
575 572 934 936 1025 955 956 1153
1 3600 318
6
134 17 18 958 960 1025
1 3600 318
12
953 499 347 344 892 994 1006 1155 1153 595 587 588
1 3600 318
13
21 22 950 355 352 993 994 97 94 956 1153 595 590
1 3600 352
3
350 19 16
1 3600 352
4
657 654 99 21
1 3600 366
4
253 254 941 944
1 3600 366
4
941 944 507 504
1 3600 366
5
255 101 98 135 136
1 3600 366
6
135 136 508 969 966 972
1 3600 366
6
136 506 617 612 620 149
1 3600 366
9
577 574 654 135 136 504 965 966 972
1 3600 366
19
659 654 99 100 250 497 498 952 1097 143 25 28 621 613 361 364 570 975 967
1 3600 551
6
136 504 989 571 365 362
1 3600 827
11
1029 509 506 617 614 628 5 6 35 32 87
1 3600 359
8
577 572 934 936 1025 955 95 92
1 3600 359
10
100 250 497 335 332 1099 1005 419 261 262
1 3600 369
7
347 342 403 406 412 414 267
1 3600 369
15
501 139 134 17 22 949 497 335 336 398 397 394 430 919 267
1 3600 369
7
949 497 335 336 398 397 389
1 3600 369
9
255 250 497 347 348 895 896 417 414
1 3600 369
13
501 139 134 99 100 250 497 347 342 1099 409 410 919
1 3600 376
11
1029 509 506 617 614 626 898 911 277 273 270
1 3600 376
17
574 654 17 22 949 497 498 952 1097 143 25 26 132 898 911 277 274
1 3600 752
17
659 654 99 100 254 941 944 617 612 618 622 628 632 740 817 635 638
1 3600 827
24
84 993 990 259 260 269 266 916 785 788 393 390 900 1072 1081 1082 1084 1165 643 325 328 563 321 247
1 3600 827
9
18 351 83 84 993 990 259 262 358
1 3600 636
10
993 893 896 417 414 916 457 454 743 43
1 3600 752
14
1097 341 339 332 403 404 428 890 927 924 1031 1032 813 15
1 3600 827
16
22 949 497 335 336 398 510 580 793 387 390 902 1078 1081 1082 1084
1 3600 827
22
250 497 498 952 1097 151 148 625 622 628 632 740 1026 637 638 329 330 558 596 379 372 608
1 3600 827
21
139 134 17 22 949 497 347 348 1101 1005 419 269 264 452 778 125 122 1167 673 668 1179
1 3600 827
18
993 990 259 260 269 264 450 63 60 742 873 853 850 109 49 54 1074 113
1 3600 827
24
946 497 335 332 1099 409 410 787 790 1127 1124 1031 1034 489 490 157 158 160 172 178 280 1067 1064 1043
1 3600 827
28
99 100 250 497 347 342 403 404 428 789 784 976 909 749 746 751 285 288 754 279 179 180 215 211 208 979 517 514
1 3600 827
21
932 351 352 993 893 896 417 414 916 976 1014 1031 1032 813 293 231 207 201 202 479 482
1 3600 752
10
945 940 255 250 948 950 355 350 958 960
1 3600 146
11
973 974 571 365 366 711 153 150 1096 953 499
1 3600 146
4
509 137 138 500
1 3600 146
5
509 137 134 655 658
1 3600 212
9
973 967 964 989 571 365 360 612 620
1 3600 136
5
989 571 365 366 711
1 3600 136
4
974 571 365 362
1 3600 551
17
973 967 964 505 506 617 614 628 369 37 34 305 302 316 801 798 1146
1 3600 689
19
618 624 29 26 132 898 914 583 511 399 400 406 412 416 419 261 256 716 725
1 3600 179
8
506 945 940 255 250 497 347 348
1 3600 174
11
971 974 988 505 506 617 612 620 29 24 142
1 3600 174
12
973 967 964 989 571 365 360 614 626 898 911 277
1 3600 217
11
968 509 506 617 612 618 622 628 5 8 370
1 3600 827
19
974 571 365 366 711 153 148 625 622 628 369 9 6 305 306 323 247 237 242
1 3600 827
23
509 506 945 940 255 250 948 950 355 83 84 993 990 1118 715 716 882 771 774 129 130 673 670
1 3600 827
15
945 940 255 250 497 335 336 398 397 389 392 789 784 457 454
1 3600 591
12
973 967 964 505 506 617 614 628 632 736 1071 145
1 3600 752
12
971 974 571 365 360 614 628 632 740 817 818 643
1 3600 827
32
505 137 134 17 22 949 497 335 336 398 512 387 390 900 145 146 840 878 225 220 381 382 543 540 695 696 653 650 687 647 648 601
1 3600 827
24
968 509 137 134 17 18 351 352 993 990 259 262 358 778 125 120 1089 1086 1156 1158 1180 1141 1142 1172
1 3600 827
23
506 945 940 255 250 497 347 344 896 417 414 267 264 450 63 60 43 44 853 850 858 865 866
1 3600 827
26
509 506 617 612 618 622 626 898 912 793 387 392 890 927 924 1031 1034 489 492 165 166 294 885 75 76 80
1 3600 827
17
614 626 898 911 277 274 1078 1073 145 146 836 813 15 12 213 211 208
1 3600 827
20
625 622 628 632 738 1081 1082 1084 829 824 699 693 549 550 545 187 190 707 485 480
1 3600 827
14
366 711 153 150 341 339 334 496 948 23 18 933 934 665
1 3600 459
8
365 360 616 945 940 255 250 948
1 3600 121
3
364 570 975
1 3600 121
8
710 367 364 570 988 965 966 972
1 3600 285
3
363 364 566
1 3600 71
17
569 365 366 711 153 148 625 622 628 5 8 37 32 87 90 803 798
1 3600 827
14
711 153 148 29 24 140 339 332 1099 1005 419 261 256 716
1 3600 689
7
153 150 341 339 332 403 406
1 3600 223
8
360 612 620 29 26 132 898 914
1 3600 103
5
360 614 628 369 370
1 3600 243
6
31 34 313 310 318 247
1 3600 827
18
711 153 148 621 618 622 626 898 912 581 511 397 394 430 919 267 264 452
1 3600 827
19
31 34 305 306 565 562 640 1164 877 878 301 298 812 487 488 1036 1120 745 748
1 3600 827
10
360 612 618 622 626 898 911 277 274 903
1 3600 636
15
1163 1149 241 236 244 603 600 649 646 686 651 525 526 532 548
1 3600 827
20
711 153 148 625 622 628 632 740 817 818 643 519 522 524 650 687 647 379 372 610
1 3600 827
18
31 34 305 306 630 634 820 839 836 487 490 494 753 111 108 459 460 425
1 3600 827
28
1163 1160 803 249 244 327 324 519 520 698 881 857 229 230 290 297 169 170 174 278 755 289 282 868 867 862 1090 1129
1 3600 827
20
711 153 150 143 140 339 336 400 404 428 890 1127 1124 1015 909 749 746 751 752 165
1 3600 827
27
153 148 29 26 132 898 912 793 387 392 789 784 976 1011 1012 1121 1037 489 490 157 154 217 218 906 1038 765 761
1 3600 827
20
367 360 614 628 632 740 817 818 643 519 522 528 538 551 547 197 194 554 707 485
1 3600 827
25
239 236 246 322 630 636 1027 741 736 1080 1073 901 391 388 394 430 411 408 1100 895 892 992 963 939 665
1 3600 827
14
315 312 7 4 629 615 616 945 940 255 101 98 655 575
1 3600 517
9
312 35 36 368 629 623 619 613 616
1 3600 295
7
811 806 1160 91 86 33 30
1 3600 295
3
86 33 30
1 3600 295
11
33 36 368 629 623 624 149 152 710 367 364
1 3600 266
3
805 806 1160
1 3600 827
37
799 249 244 814 822 605 599 559 556 651 652 697 694 701 189 192 198 200 210 214 216 155 158 162 164 753 750 834 852 874 1088 121 124 779 359 356 725
1 3600 827
15
1149 241 236 246 320 562 640 1164 1085 1083 1080 1079 903 391 388
1 3600 752
8
312 7 4 629 626 133 27 24
1 3600 236
7
806 1160 797 315 312 7 2
1 3600 310
4
806 1149 241 242
1 3600 310
6
794 317 318 320 562 329
1 3600 310
6
88 794 801 249 237 242
1 3600 827
38
1147 799 249 244 603 599 559 560 683 680 677 674 701 704 706 555 515 516 980 986 1134 1150 1045 1023 1018 1046 185 182 1111 985 843 848 1001 998 465 462 1088 121
1 3600 827
19
800 317 318 322 630 634 820 839 840 878 301 298 812 1033 1034 1036 1120 745 59
1 3600 827
12
798 241 236 244 327 324 644 826 227 222 298 15
1 3600 827
6
249 246 320 562 639 634
1 3600 752
10
33 34 305 306 630 638 329 330 558 596
1 3600 827
45
805 806 1160 803 798 241 236 244 814 822 605 600 649 646 686 679 684 537 538 545 542 383 205 202 516 978 1055 1041 1042 1065 79 80 103 106 117 118 71 68 1129 1063 1058 433 434 439 440
1 3600 827
22
239 236 246 322 565 562 640 1164 877 841 836 813 15 10 494 165 166 294 755 105 106 117
1 3600 827
19
315 310 303 306 630 638 329 324 644 824 881 857 229 207 210 214 181 178 278
1 3600 827
24
88 315 310 318 320 562 329 330 556 651 652 697 694 541 542 197 194 515 516 980 233 234 757 758
1 3600 827
20
803 249 244 603 599 559 560 683 680 688 553 551 547 543 187 190 555 515 479 480
1 3600 133
8
724 717 714 1119 991 992 963 960
1 3600 179
11
715 257 260 418 1004 1098 333 338 141 142 1096
1 3600 689
16
1068 1119 991 992 353 354 951 949 251 254 941 944 507 508 969 966
1 3600 827
18
883 357 358 453 265 266 918 431 395 396 510 580 913 899 627 615 361 362
1 3600 827
40
721 724 357 358 778 125 120 1089 463 464 1128 1091 1092 1094 1116 107 102 184 1047 1019 1022 1044 1039 1040 1054 209 206 228 856 880 699 521 518 325 328 639 631 323 319 311
1 3600 183
5
1006 733 729 730 1068
1 3600 227
8
96 995 893 894 1101 409 410 919
1 3600 227
6
721 722 729 719 257 260
1 3600 227
6
715 257 260 418 417 413
1 3600 227
9
357 358 453 265 266 415 416 897 894
1 3600 227
4
263 260 418 897
1 3600 435
10
96 995 893 345 342 333 338 141 25 26
1 3600 827
38
727 724 882 771 774 129 126 473 474 860 1062 999 1000 849 842 984 1110 183 81 78 1066 281 175 171 168 296 291 292 812 837 838 821 635 631 307 304 35 36
1 3600 827
24
721 724 357 358 776 783 125 120 1089 875 853 835 751 752 493 486 813 299 300 879 876 1165 641 563
1 3600 190
7
731 719 716 357 358 778 780
1 3600 190
3
883 357 358
1 3600 179
12
733 729 719 257 260 269 264 450 454 743 57 58
1 3600 551
16
723 724 882 771 774 1167 131 126 1087 875 45 46 58 744 1121 1037
1 3600 827
16
893 894 1101 409 410 787 790 927 924 1031 1032 837 840 833 830 691
1 3600 827
41
723 724 882 771 774 129 126 473 427 424 461 464 1128 69 70 119 116 1115 1112 1051 1047 1019 1022 1044 1151 1135 987 981 517 514 195 196 546 550 539 536 685 682 647 379 372
1 3600 551
12
990 259 262 358 778 125 120 1089 463 460 860 1060
1 3600 752
13
771 774 1167 131 126 1156 423 424 461 458 109 49 54
1 3600 827
21
1119 259 260 269 264 450 63 60 57 58 746 751 285 288 73 74 886 1067 1064 1049 1019
1 3600 827
21
724 357 358 453 450 454 873 853 850 858 865 866 869 283 288 73 74 886 905 906 1040
1 3600 827
23
735 729 719 257 260 269 266 918 787 790 1127 1124 1031 1032 813 293 231 207 201 199 193 188 702
1 3600 295
6
343 344 892 992 963 939
1 3600 150
11
405 402 343 346 496 948 23 16 135 138 500
1 3600 150
9
894 349 346 496 251 101 98 655 658
1 3600 197
10
401 398 510 582 915 899 133 27 28 621
1 3600 827
15
269 266 918 431 395 389 390 900 1070 737 633 5 8 37 30
1 3600 827
7
402 333 338 340 151 152 712
1 3600 141
6
416 419 261 256 718 728
1 3600 141
4
261 256 716 882
1 3600 141
5
452 359 356 725 726
1 3600 165
3
411 407 401
1 3600 147
3
401 398 512
1 3600 147
9
916 785 788 393 386 792 913 899 133
1 3600 147
8
403 404 395 396 510 582 915 911
1 3600 459
8
404 395 389 390 902 1078 739 633
1 3600 827
21
264 450 456 976 1011 1012 1121 1037 489 490 11 14 299 300 879 876 1165 641 563 321 319
1 3600 212
10
1099 1005 417 414 267 264 452 778 125 120
1 3600 150
4
787 784 976 909
1 3600 150
6
389 392 890 927 924 1015
1 3600 150
4
389 390 900 145
1 3600 517
13
916 785 790 1127 1124 1031 1032 813 299 223 220 381 382
1 3600 827
17
390 900 1072 1081 1082 1084 829 645 519 522 524 650 687 647 379 372 610
1 3600 689
11
417 414 916 457 63 60 43 44 874 1086 1156
1 3600 551
17
394 428 789 784 457 454 873 853 850 858 865 862 855 71 66 1001 996
1 3600 636
15
403 404 428 890 927 924 1015 909 749 746 751 285 282 870 1116
1 3600 827
14
404 428 890 1127 1124 1031 1034 489 490 11 12 213 211 201
1 3600 827
23
342 1099 409 410 787 788 393 390 900 145 146 840 833 830 691 385 382 543 540 701 704 485 480
1 3600 827
13
513 399 337 334 496 948 950 355 350 958 939 665 660
1 3600 183
11
923 583 511 399 337 334 496 251 101 21 16
1 3600 177
6
923 915 899 627 623 619
1 3600 177
5
921 915 899 627 615
1 3600 258
9
633 369 9 6 313 314 796 1161 1162
1 3600 827
9
740 1026 637 631 307 302 316 795 89
1 3600 413
18
898 914 583 511 399 400 406 412 416 419 261 258 1118 1069 731 728 723 720
1 3600 185
4
399 400 402 343
1 3600 185
4
921 583 511 399
1 3600 185
7
912 581 511 399 400 406 408
1 3600 185
7
623 624 29 24 140 339 332
1 3600 197
4
910 914 583 511
1 3600 167
7
25 28 625 622 628 5 6
1 3600 167
10
792 913 911 277 274 1078 739 633 369 9
1 3600 167
6
25 26 132 627 628 5
1 3600 486
10
387 390 902 1078 1081 1082 821 635 631 307
1 3600 827
10
339 332 1099 1005 419 261 262 356 882 771
1 3600 183
12
1078 1081 1071 145 146 836 487 492 753 750 747 748
1 3600 137
9
511 397 389 392 890 927 924 1031 1034
1 3600 137
4
271 272 274 1078
1 3600 150
12
921 583 580 793 387 390 900 145 146 840 833 830
1 3600 689
21
132 898 911 277 274 1078 1081 1082 1084 829 824 699 531 534 536 685 678 687 647 379 376
1 3600 827
25
738 1073 145 146 840 878 301 298 293 290 297 169 170 174 280 887 75 72 289 286 51 52 859 459 460
1 3600 752
13
793 387 392 789 784 457 63 60 43 44 853 850 858
1 3600 517
16
921 583 511 397 394 430 919 916 976 1011 1012 745 746 751 285 288
1 3600 827
15
911 277 274 1078 1081 1082 1084 829 824 699 693 385 205 202 516
1 3600 827
18
583 511 397 389 390 900 145 146 840 878 225 220 381 382 197 193 188 702
1 3600 827
22
7 4 632 736 1071 901 391 388 394 405 406 408 1100 895 892 994 1008 955 956 1153 595 587
1 3600 689
17
368 629 623 624 149 150 1096 953 499 496 948 950 355 350 933 573 578
1 3600 212
11
35 36 368 629 615 616 507 508 969 966 972
1 3600 114
9
9 4 629 623 619 613 361 364 568
1 3600 250
5
32 87 88 794 801
1 3600 827
18
3 4 632 738 1079 903 391 392 429 430 919 267 268 261 256 718 728 734
1 3600 413
13
1027 817 820 839 836 1033 1030 925 926 791 786 919 267
1 3600 107
7
371 368 632 738 1079 275 276
1 3600 107
6
629 626 133 27 24 140
1 3600 217
7
637 638 563 564 307 304 7
1 3600 58
9
3 8 37 34 313 310 318 247 244
1 3600 827
32
1027 817 818 1164 877 878 301 298 15 10 157 158 39 40 166 294 755 105 106 1117 1095 1093 1090 1129 1063 861 475 472 127 128 775 768
1 3600 689
12
634 820 839 836 487 488 1036 1120 745 59 56 742
1 3600 165
9
9 6 305 306 630 638 640 1164 877
1 3600 67
12
3 8 37 34 305 306 565 562 329 324 519 522
1 3600 197
11
3 6 305 306 630 638 329 330 556 679 684
1 3600 827
26
34 305 306 565 562 329 324 644 826 227 224 301 298 15 10 494 753 111 108 459 460 425 420 467 445 435
1 3600 827
26
638 329 330 560 686 651 525 526 532 547 383 380 229 207 208 1055 1056 1150 1045 1023 1018 1046 1050 1109 1106 985
1 3600 689
20
371 368 632 740 817 818 643 519 520 693 690 857 229 207 208 1132 1077 757 760 764
1 3600 689
26
371 37 34 313 310 318 247 244 814 822 605 600 649 646 686 651 525 528 538 545 187 192 198 200 208 1132
1 3600 827
15
4 632 740 817 818 643 519 522 526 532 547 197 194 515 479
1 3600 827
24
318 322 630 634 820 839 836 1033 1030 1125 1126 791 786 411 412 416 897 892 994 97 92 1155 1153 595
1 3600 827
20
303 304 35 36 368 629 623 624 149 150 1096 953 499 496 948 23 18 933 573 576
1 3600 752
21
815 327 324 644 826 832 841 147 144 901 391 386 513 399 337 334 496 251 254 941 944
1 3600 266
8
307 304 7 4 629 615 361 362
1 3600 108
14
240 799 802 91 86 33 36 368 629 623 624 149 152 712
1 3600 827
30
243 236 244 603 599 596 646 683 684 537 535 530 698 881 831 227 222 298 812 1033 1030 1015 977 917 415 416 897 892 994 97
1 3600 827
11
320 562 639 636 1027 741 736 1071 901 391 388
1 3600 459
9
322 630 638 640 819 820 1083 1080 1079
1 3600 174
10
598 602 245 248 800 317 311 312 7 2
1 3600 174
4
320 564 630 636
1 3600 174
7
318 322 565 562 640 819 816
1 3600 223
6
558 598 604 823 815 245
1 3600 827
35
236 244 814 822 605 600 649 646 686 651 652 697 694 701 189 192 198 200 210 214 218 904 887 75 72 289 284 750 834 852 874 1088 121 124 780
1 3600 827
25
815 603 599 559 556 679 680 677 674 541 542 383 380 229 230 290 13 10 491 492 753 750 747 59 56
1 3600 591
10
243 236 244 327 324 644 828 877 841 147
1 3600 156
12
306 565 562 329 330 560 683 680 688 553 545 542
1 3600 172
9
630 638 329 330 556 651 652 697 694
1 3600 172
10
244 814 822 605 600 649 646 686 679 680
1 3600 827
26
324 519 520 693 385 205 202 516 978 1055 1041 1042 1049 1046 1050 1113 1111 985 843 848 67 68 1129 1063 1058 433
1 3600 827
25
320 562 639 634 818 1164 877 878 301 298 293 290 297 169 172 178 280 1067 79 80 182 1111 985 843 846
1 3600 827
15
560 686 651 525 528 535 530 698 881 857 229 207 210 214 181
1 3600 827
17
322 630 634 818 643 519 522 528 538 545 187 190 555 515 516 980 986
1 3600 827
11
562 329 330 560 683 684 697 694 701 704 485
1 3600 827
11
671 672 1166 775 770 883 725 722 732 1155 1153
1 3600 827
11
769 770 883 717 714 1119 991 893 345 346 498
1 3600 827
15
773 770 883 717 257 260 418 1004 1098 333 338 141 25 28 625
1 3600 827
13
779 453 265 266 415 413 407 402 333 338 340 151 152
1 3600 827
18
1089 875 872 455 456 785 788 393 386 792 913 899 133 27 28 149 152 712
1 3600 86
3
773 770 883
1 3600 188
6
124 779 453 265 268 418
1 3600 752
9
777 453 450 456 785 788 393 390 902
1 3600 827
17
125 120 1089 463 458 109 110 752 493 486 837 838 821 635 631 307 304
1 3600 827
45
1123 783 125 122 1167 673 668 1183 1159 423 426 474 860 1062 1128 1091 1092 113 114 984 1107 1108 1051 1047 1048 1043 1040 1054 979 517 514 554 191 186 544 552 689 681 682 561 331 328 563 564 307
1 3600 236
4
123 124 782 1122
1 3600 102
6
453 450 456 785 790 927
1 3600 102
7
779 453 265 266 918 787 790
1 3600 376
26
671 666 1168 1143 1139 471 466 476 1059 1062 1128 69 70 119 116 107 104 754 295 167 163 159 156 11 14 812
1 3600 827
23
1089 463 464 999 1000 849 842 984 1110 183 81 78 1066 905 219 215 211 206 228 856 880 825 828
1 3600 827
33
125 122 129 126 473 474 461 458 858 53 50 287 288 754 295 177 171 168 296 291 231 228 856 691 549 533 527 524 650 687 647 379 376
1 3600 139
7
783 125 122 1167 673 668 1183
1 3600 139
6
1123 783 125 120 1089 463
1 3600 172
8
120 1089 463 464 1128 1091 855 119
1 3600 517
17
671 666 1170 1176 1181 1159 423 424 860 1062 999 1000 849 842 984 1107 1102
1 3600 827
29
125 120 1089 875 853 850 109 49 54 1074 1094 1116 107 102 184 1047 1019 1022 1044 765 761 756 235 232 981 517 514 554 707
1 3600 827
26
125 122 129 126 473 474 461 458 851 835 751 752 165 41 38 160 172 180 218 906 1040 1054 979 517 479 480
1 3600 827
11
1010 977 457 451 452 359 356 725 722 732 1155
1 3600 636
10
1126 891 429 405 402 343 346 496 948 950
1 3600 827
13
1010 1014 925 926 891 393 386 792 913 899 627 623 619
1 3600 827
15
977 917 415 413 408 1098 333 338 340 151 148 621 613 361 362
1 3600 827
16
1127 1124 1031 1032 813 299 223 226 827 645 325 326 245 237 240 1146
1 3600 179
10
743 61 62 451 265 268 261 256 718 728
1 3600 147
8
872 455 456 917 415 416 1004 1100
1 3600 147
6
1126 891 429 405 402 333
1 3600 188
15
47 42 61 62 456 785 786 431 395 396 510 582 915 899 627
1 3600 752
12
1011 1012 1121 1037 489 486 837 838 1084 1165 641 639
1 3600 827
23
57 58 744 1121 1037 489 490 157 154 217 215 211 201 199 193 188 700 675 676 681 678 557 558
1 3600 113
7
451 452 359 356 882 771 772
1 3600 113
7
791 784 457 451 452 778 780
1 3600 176
3
42 61 64
1 3600 121
5
788 393 390 900 145
1 3600 121
8
454 743 57 58 744 1121 1037 1035
1 3600 121
7
976 1014 1031 1034 489 490 11
1 3600 318
17
63 60 57 58 746 751 752 165 163 159 154 296 291 231 228 381 382
1 3600 827
19
1124 1031 1032 813 299 300 225 226 827 824 699 531 534 536 653 650 687 647 379
1 3600 145
9
749 59 47 44 874 1086 1156 423 424
1 3600 135
10
454 873 853 850 858 865 862 855 71 66
1 3600 135
5
873 853 850 858 865
1 3600 135
4
749 746 751 285
1 3600 636
16
60 57 58 746 751 285 288 73 76 78 1064 1043 1038 1151 1135 1133
1 3600 827
23
63 60 57 58 746 751 285 288 754 279 280 905 906 1040 1056 1135 987 981 517 514 554 707 485
1 3600 827
15
1035 1030 1125 1126 791 786 411 408 1100 895 892 994 1008 955 956
1 3600 827
12
1030 925 926 891 429 405 402 343 346 496 251 254
1 3600 689
10
1080 1079 275 276 910 899 133 27 28 149
1 3600 827
15
495 11 14 299 223 226 827 645 325 326 245 248 798 1148 1162
1 3600 827
7
1070 737 633 369 37 32 87
1 3600 591
11
753 111 108 459 462 1088 121 124 779 359 356
1 3600 159
4
901 391 388 394
1 3600 154
4
1072 1079 275 273
1 3600 154
14
300 879 841 147 144 1072 1079 275 276 910 899 133 27 24
1 3600 192
10
292 299 300 879 876 1165 819 816 741 633
1 3600 689
12
291 231 228 856 880 699 531 534 529 524 650 557
1 3600 459
27
841 836 487 490 157 158 160 170 176 294 755 289 282 870 1095 1093 1090 1129 1063 861 475 427 422 1158 1182 669 670
1 3600 130
10
145 146 836 487 488 1036 1120 745 59 56
1 3600 130
6
391 392 789 784 457 63
1 3600 130
10
840 878 301 298 812 1033 1030 1125 1126 791
1 3600 145
5
300 879 841 147 144
1 3600 143
6
1032 837 840 833 830 880
1 3600 143
5
491 486 837 838 821
1 3600 143
4
840 833 830 691
1 3600 143
5
833 830 691 549 550
1 3600 376
14
165 166 177 174 179 180 215 211 201 204 382 543 544 552
1 3600 486
23
1080 1073 145 146 840 878 301 298 15 10 494 753 750 834 850 459 460 425 420 443 435 436 448
1 3600 147
13
301 298 293 290 297 169 170 176 294 755 289 282 868
1 3600 111
3
12 297 217
1 3600 111
8
1082 839 836 487 490 157 158 39
1 3600 165
14
145 146 840 878 301 298 293 290 213 211 208 1132 1077 235
1 3600 827
10
489 490 11 12 213 211 201 199 193 188
1 3600 827
32
383 205 200 210 214 218 904 887 75 72 289 284 750 747 59 56 742 455 451 265 268 261 258 1118 1069 731 728 732 1155 1153 595 587
1 3600 827
16
224 879 841 147 144 901 391 388 396 399 337 334 496 251 101 98
1 3600 827
16
1085 1083 1080 1079 275 276 910 899 627 615 616 507 504 965 966 972
1 3600 827
12
521 518 642 819 816 741 633 629 623 619 613 361
1 3600 827
14
529 523 518 642 819 816 741 633 629 623 624 149 152 712
1 3600 827
14
690 857 221 222 298 812 1033 1030 1015 977 917 267 268 261
1 3600 551
16
520 698 825 826 227 224 301 298 812 1033 1030 925 926 791 786 411
1 3600 172
12
551 548 690 831 832 841 147 144 901 391 386 792
1 3600 162
5
692 521 518 325 328
1 3600 162
8
546 533 527 523 518 642 819 816
1 3600 188
5
645 325 328 563 321
1 3600 827
32
535 532 547 197 194 515 516 980 986 1134 1150 1045 1023 1018 1046 185 182 1114 117 112 1075 867 864 859 851 852 874 1086 127 128 775 768
1 3600 359
12
227 222 298 15 10 491 488 1036 1120 1013 1010 977
1 3600 148
7
542 383 380 229 230 290 13
1 3600 148
4
1085 839 836 813
1 3600 148
5
832 841 836 1033 1030
1 3600 148
3
857 229 230
1 3600 131
3
542 383 384
1 3600 176
6
524 650 687 647 379 372
1 3600 176
4
532 550 552 689
1 3600 176
5
880 699 531 534 536
1 3600 176
4
382 543 540 695
1 3600 827
26
547 543 187 190 555 515 516 978 1055 1041 1042 1049 1046 1050 1109 1106 985 843 848 1001 998 1063 1058 433 436 446
1 3600 517
18
824 881 857 229 207 210 214 181 178 280 1067 79 80 182 1111 985 843 846
1 3600 123
14
857 229 207 208 1132 1134 1150 1045 1023 1018 1046 1050 1109 1102
1 3600 139
8
643 519 520 693 385 205 202 514
1 3600 139
8
1084 877 878 301 298 293 290 213
1 3600 331
8
534 538 545 187 190 707 485 482
1 3600 827
37
649 646 686 651 652 537 535 530 698 825 828 1085 1083 1080 1079 275 276 910 912 581 511 399 337 334 496 948 950 355 83 84 963 960 1025 955 956 1153 595
1 3600 827
23
684 537 535 530 698 825 828 1085 1083 1071 901 391 388 396 399 337 334 496 948 23 16 655 658
1 3600 827
13
684 537 529 523 518 642 819 816 741 633 629 615 616
1 3600 827
15
678 651 525 523 518 642 819 816 741 633 629 615 361 364 566
1 3600 827
21
609 373 378 648 601 602 245 246 319 311 312 35 36 9 4 629 623 624 149 152 708
1 3600 827
36
931 605 599 596 646 686 679 680 677 674 701 189 192 198 200 210 214 181 178 278 755 289 286 51 52 859 459 460 425 422 1157 127 130 1166 775 770
1 3600 827
16
680 688 553 551 548 690 831 832 841 147 144 901 391 386 513 399
1 3600 689
13
604 823 815 245 248 800 795 89 86 33 36 368 629
1 3600 206
10
688 553 539 535 527 523 518 642 819 816
1 3600 275
3
602 245 237
1 3600 275
9
378 597 559 331 328 639 631 323 319
1 3600 275
9
373 378 597 598 604 823 815 245 246
1 3600 827
36
607 373 378 646 686 651 652 697 694 701 704 706 555 515 516 978 1055 1041 907 904 1067 79 80 103 106 1117 1095 1093 1090 1129 1063 861 475 472 127 128
1 3600 827
23
373 378 646 686 651 525 526 532 547 197 198 200 210 212 297 155 158 162 164 753 750 747 59
1 3600 344
12
378 646 686 651 525 526 530 698 825 826 227 224
1 3600 273
11
611 373 378 646 686 651 525 523 518 644 828
1 3600 273
6
599 559 556 651 525 523
1 3600 273
7
929 605 599 559 331 328 640
1 3600 273
5
378 646 683 684 537
1 3600 273
10
646 686 679 684 537 535 530 698 881 831
1 3600 273
8
607 373 378 646 686 651 652 537
1 3600 188
6
373 378 648 601 604 930
1 3600 827
36
373 378 646 683 680 677 674 541 542 197 194 515 516 980 233 234 757 760 764 1045 1023 1018 1046 185 103 106 117 118 854 1090 1129 1063 1058 433 436 448
1 3600 827
22
674 701 704 706 555 515 516 978 1055 1041 1042 1065 79 80 182 1114 117 118 71 66 1001 996
1 3600 486
15
679 684 697 694 541 542 383 205 202 516 980 986 1134 1150 1039
1 3600 179
13
600 649 646 686 651 525 528 538 545 187 192 194 515
1 3600 162
8
651 652 697 694 701 704 485 482
1 3600 827
15
1171 667 672 1166 775 770 883 725 722 732 1155 1153 595 587 584
1 3600 827
21
1138 1144 1178 669 672 1166 123 124 779 359 263 258 991 992 85 82 350 933 573 574 658
1 3600 827
22
421 422 1157 1087 875 45 42 61 62 456 917 415 416 1004 1100 349 346 496 251 254 941 944
1 3600 827
21
426 472 1087 875 872 455 456 917 415 413 408 1098 333 338 340 151 152 710 367 364 568
1 3600 827
24
1061 1062 1128 1091 863 866 55 48 110 752 493 486 837 840 876 1165 641 563 321 319 316 795 89 86
1 3600 636
19
889 441 438 444 470 1138 1142 1169 667 672 131 128 775 770 883 725 722 732 93
1 3600 752
15
1181 1159 1157 1087 875 45 42 61 62 451 265 266 918 431 395
1 3600 827
18
421 424 461 458 851 835 747 748 908 1014 1125 1126 891 429 405 401 337 338
1 3600 827
32
1061 1062 1128 69 70 119 116 1115 183 81 77 74 884 279 179 173 168 296 291 292 299 300 879 876 1085 821 635 631 307 304 7 2
1 3600 827
39
1145 1139 471 445 442 476 1059 1062 999 1000 849 842 984 1110 1112 1051 1047 1019 1022 1044 1151 1135 987 981 517 514 554 707 705 700 695 696 685 682 561 558 598 602 814
1 3600 426
3
1166 123 124
1 3600 426
8
1173 1143 1140 1181 1159 1157 1087 1088
1 3600 426
9
437 432 477 421 426 472 127 128 775
1 3600 426
10
442 421 424 461 462 1088 121 124 782 1122
1 3600 426
8
1131 1059 1062 465 462 1088 121 124
1 3600 324
10
1144 1178 1183 1159 1157 1087 875 872 455 456
1 3600 324
10
421 426 474 461 458 851 852 45 42 61
1 3600 486
25
438 444 466 476 1059 1062 1128 1091 1092 1075 869 283 288 754 295 167 41 38 159 156 11 14 299 300 879
1 3600 827
22
445 435 432 1059 1062 1128 69 70 119 116 107 104 73 74 886 905 219 215 211 206 228 856
1 3600 827
33
1181 1159 423 424 461 464 1128 1091 1092 1094 1116 107 102 184 1047 1048 1043 1040 1054 979 517 203 199 196 543 540 675 676 681 682 647 379 376
1 3600 400
4
434 442 421 424
1 3600 400
7
126 473 427 420 467 445 439
1 3600 400
7
1061 1058 477 443 439 440 888
1 3600 453
10
449 437 432 1059 1062 1128 1091 863 864 53
1 3600 453
4
1061 1062 999 1002
1 3600 453
9
131 126 473 474 461 458 109 110 750
1 3600 453
6
1183 1159 423 424 461 458
1 3600 453
10
441 438 444 466 476 1059 1062 1128 1091 1092
1 3600 453
8
423 426 474 461 464 1128 69 70
1 3600 453
6
860 1062 999 1000 67 70
1 3600 453
6
423 424 461 458 109 49
1 3600 453
9
1175 1169 667 672 131 126 1087 875 853
1 3600 453
12
1143 1140 1181 1159 423 426 474 461 458 851 835 751
1 3600 453
6
1087 875 853 850 858 53
1 3600 453
10
1181 1159 423 424 860 1062 999 1000 849 844
1 3600 275
9
464 1128 69 66 849 842 984 1107 1108
1 3600 827
20
438 435 432 1059 1062 1128 1091 1092 113 114 984 1110 1112 1051 1047 1019 1022 1044 765 761
1 3600 827
19
423 424 461 458 109 49 50 287 288 754 279 179 180 215 211 201 199 193 188
1 3600 827
20
1075 55 48 110 750 747 748 908 977 917 415 416 897 892 992 963 960 937 665 660
1 3600 827
18
1129 465 462 1088 121 124 779 359 263 258 991 992 353 350 19 16 655 656
1 3600 827
25
287 284 750 747 744 1013 1010 1014 925 926 891 429 405 402 343 346 496 251 254 941 944 507 508 969 966
1 3600 827
30
1000 67 70 854 863 864 859 851 852 45 46 56 61 62 451 265 268 418 1004 1098 333 338 141 25 28 621 613 361 364 566
1 3600 827
18
1091 863 866 55 48 110 752 495 491 486 837 838 821 635 631 323 319 311
1 3600 827
9
465 462 1088 121 124 779 359 356 725
1 3600 591
14
871 283 284 750 747 748 908 977 785 786 411 408 1100 349
1 3600 827
25
116 1115 183 81 78 1066 281 175 171 161 159 156 491 488 1035 1030 1125 1126 891 429 395 396 510 582 920
1 3600 827
9
751 752 493 486 837 838 821 816 1026
1 3600 827
28
845 842 984 1107 1108 1051 1047 1019 1022 1044 1151 759 756 235 232 981 517 514 195 193 186 544 539 536 653 650 557 558
1 3600 201
8
1129 465 462 1088 121 124 782 1122
1 3600 215
8
863 864 859 851 835 747 744 1013
1 3600 215
3
750 747 59
1 3600 215
12
849 842 115 112 1094 871 283 284 750 747 744 1013
1 3600 145
8
835 751 752 495 11 14 299 300
1 3600 486
18
1128 1091 863 866 869 283 288 754 295 177 171 168 296 291 231 228 856 880
1 3600 827
20
997 1000 849 842 984 1110 183 81 78 1064 1043 1040 1054 979 517 514 554 707 705 700
1 3600 254
13
55 52 859 459 460 425 422 1158 1180 1177 1171 1168 1172
1 3600 254
11
1003 998 1063 861 475 427 422 1158 1182 1179 1171
1 3600 254
9
108 459 460 425 420 467 445 439 440
1 3600 254
4
852 874 1086 1156
1 3600 254
6
847 848 1001 998 1063 1060
1 3600 254
6
51 48 108 851 852 874
1 3600 254
5
1093 1090 1129 1063 1058
1 3600 147
6
67 70 119 112 1075 55
1 3600 238
7
53 54 869 870 1116 107 102
1 3600 238
9
1128 69 70 119 116 107 104 754 295
1 3600 238
10
999 1000 849 842 984 1110 183 184 1047 1019
1 3600 238
15
1000 849 842 984 1110 183 81 77 74 886 281 179 173 161 39
1 3600 238
9
1128 1091 1092 1094 1116 1115 1112 1051 1047
1 3600 238
6
70 119 116 107 102 81
1 3600 238
9
997 1000 849 842 984 1110 183 81 78
1 3600 376
14
70 119 116 107 102 184 1047 1019 1022 1044 765 761 756 235
1 3600 827
17
1137 1091 863 866 869 283 288 73 74 886 905 906 1040 1054 979 517 479
1 3600 827
23
1039 907 219 216 155 156 491 488 1035 1030 925 926 791 786 411 412 416 897 892 994 97 94 956
1 3600 827
21
1108 1113 1114 1117 871 283 284 750 747 59 56 742 455 451 265 268 261 258 991 992 85
1 3600 827
20
281 175 171 161 159 156 491 488 1035 1030 1125 1126 891 393 386 792 913 899 627 615
1 3600 827
20
74 884 295 167 164 493 488 1035 1030 925 926 891 429 405 402 333 338 340 151 152
1 3600 827
27
1108 1051 1047 1048 1065 1066 281 179 173 168 296 291 292 299 300 879 876 1165 641 563 321 247 237 240 1148 807 810
1 3600 827
19
167 164 495 491 488 1036 1120 745 59 56 61 62 451 265 268 261 256 714 1069
1 3600 752
16
77 74 884 295 167 164 493 488 1035 1030 1125 1126 891 429 405 402
1 3600 636
15
156 11 14 812 837 147 144 1070 1080 1079 275 276 910 899 627
1 3600 827
16
104 754 279 179 180 215 211 206 228 381 384 692 521 518 325 328
1 3600 827
17
177 171 168 296 291 292 299 300 225 226 827 645 325 326 245 237 242
1 3600 689
16
1113 1114 1117 871 868 867 864 859 851 852 872 455 451 452 776 1122
1 3600 312
9
155 156 491 488 1035 1030 925 926 791
1 3600 312
9
219 216 155 156 491 488 1035 1030 1125
1 3600 354
10
1017 1022 1044 1039 907 219 216 296 13 14
1 3600 354
11
1066 281 175 171 161 159 156 491 486 837 840
1 3600 354
6
295 167 164 495 11 14
1 3600 354
7
74 884 295 167 164 493 486
1 3600 354
15
1103 1108 1051 1047 1048 1065 1066 281 179 173 168 296 291 292 812
1 3600 354
8
281 175 171 161 159 156 491 486
1 3600 258
10
1022 1044 1151 1135 1133 209 206 228 221 226
1 3600 258
12
1038 1151 1135 987 981 517 203 204 384 692 521 518
1 3600 591
13
1108 1051 1047 1048 1043 1040 1054 209 201 199 196 543 540
1 3600 285
14
294 755 289 286 51 52 859 459 460 425 422 1158 1180 1177
1 3600 366
6
40 164 753 111 49 52
1 3600 366
6
1049 1046 185 103 106 1117
1 3600 366
7
80 182 1111 985 115 118 71
1 3600 366
5
40 164 753 750 834
1 3600 366
7
294 885 75 72 289 284 750
1 3600 366
3
72 289 286
1 3600 366
6
1050 1109 1106 985 843 846
1 3600 366
8
1106 985 115 112 1075 867 864 859
1 3600 366
9
170 174 278 755 105 106 117 118 71
1 3600 366
9
282 868 1074 113 114 843 848 1001 1002
1 3600 365
5
1044 1039 907 219 216
1 3600 365
8
172 178 280 1067 1064 1049 1019 1020
1 3600 365
3
1105 1108 1113
1 3600 370
7
217 218 906 1038 765 761 756
1 3600 370
9
288 73 76 78 1064 1043 1040 1056 759
1 3600 370
4
1038 765 761 756
1 3600 370
9
1021 1022 1044 1151 1135 987 981 517 203
1 3600 370
5
1064 1043 1040 1054 979
1 3600 370
6
154 217 215 211 201 199
1 3600 370
12
77 74 886 905 906 1040 1054 979 517 514 554 707
1 3600 370
10
74 884 279 179 180 215 211 201 202 514
1 3600 370
10
1022 1044 1151 1135 987 981 517 514 554 707
1 3600 752
7
219 215 211 201 199 193 188
1 3600 827
26
1057 1054 209 210 212 13 10 491 488 1036 1120 1013 1010 977 917 415 416 897 892 994 1006 1155 1153 595 587 584
1 3600 827
24
191 186 542 546 548 690 831 832 841 147 144 901 391 388 396 399 337 334 496 251 101 21 18 958
1 3600 827
24
517 203 204 384 692 698 825 828 1085 1083 1080 1079 275 276 910 899 133 27 28 621 613 616 507 508
1 3600 827
22
756 1076 1133 209 206 230 292 299 300 879 841 147 144 1072 739 633 629 623 624 149 152 710
1 3600 827
18
195 196 546 550 552 696 685 678 687 561 558 598 604 823 815 245 237 240
1 3600 827
21
195 198 204 380 221 222 298 812 1033 1030 925 926 791 786 411 408 1100 895 892 994 97
1 3600 827
14
1133 209 210 212 13 10 491 488 1035 1030 1125 1126 891 429
1 3600 827
17
517 514 554 191 186 544 551 533 527 523 518 642 819 816 741 633 629
1 3600 752
16
188 700 695 696 653 650 557 331 328 563 564 307 304 7 8 370
1 3600 827
13
705 700 675 676 681 682 561 331 328 639 631 323 319
1 3600 827
21
233 234 757 758 1057 1041 907 904 887 75 72 289 286 51 48 108 851 852 874 1088 121
1 3600 636
13
204 384 692 698 825 828 1085 1083 1080 1079 903 391 392
1 3600 153
10
195 196 546 533 530 698 825 828 1085 1083
1 3600 188
4
204 384 692 698
1 3600 188
10
234 1076 1133 209 206 230 292 812 837 838
1 3600 188
5
186 544 539 535 530
1 3600 183
19
235 232 981 517 514 554 707 705 700 695 696 653 650 687 647 648 601 604 928
1 3600 827
24
516 980 986 1134 1150 1045 1023 1018 1046 185 103 106 1117 1095 1093 1090 1129 1063 1058 477 443 439 440 888
1 3600 344
10
1134 1150 1045 1023 1018 1046 1050 1109 1106 985
1 3600 179
8
208 1055 1041 1042 1049 1046 1050 1109
1 3600 179
3
759 760 766
1 3600 179
5
760 764 1039 907 219
1 3600 179
8
198 200 210 212 297 155 158 39
1 3600 179
6
210 214 181 173 161 39
1 3600 176
6
232 981 517 514 554 707
1 3600 192
5
517 203 199 193 188
1 3600 192
5
228 381 205 202 479
1 3600 827
29
189 192 196 383 380 221 224 301 298 812 1033 1034 1036 1120 745 59 56 61 62 451 265 268 261 256 718 728 732 1155 1153
1 3600 827
24
481 484 706 191 186 544 551 548 690 831 832 841 147 144 901 391 388 396 399 337 334 496 251 254
1 3600 827
19
189 192 196 546 550 539 529 523 518 642 819 816 741 633 629 615 616 507 508
1 3600 827
23
703 189 192 198 204 384 692 698 825 828 1085 1083 1080 1079 275 276 910 899 627 623 619 613 361
1 3600 827
16
700 695 689 681 678 687 647 597 598 602 245 248 802 797 89 86
1 3600 827
18
189 186 542 383 380 221 222 298 812 1033 1030 1015 977 917 267 268 261 258
1 3600 827
18
481 478 203 204 384 690 831 832 841 147 144 901 391 388 394 430 411 408
1 3600 827
14
703 700 541 544 551 533 530 698 825 828 1085 1083 1080 1079
1 3600 827
15
700 695 696 685 682 561 331 328 563 564 307 304 35 36 9
1 3600 827
13
481 484 705 700 675 676 681 678 557 331 328 639 631
1 3600 827
24
703 189 192 198 200 210 214 181 178 278 755 289 282 868 867 864 859 459 462 1086 127 128 775 768
1 3600 827
18
481 478 516 978 1055 1041 907 904 887 75 72 289 284 750 747 59 56 61
1 3600 752
7
189 192 198 200 210 212 13
1 3600 201
9
484 706 191 192 196 546 548 690 831
1 3600 111
14
481 484 705 700 695 696 653 650 687 647 648 601 604 930
1 3600 827
23
703 704 706 555 515 516 978 1055 1041 1042 1065 79 80 182 1114 117 118 71 68 1129 1063 1058 1130
1 3600 827
17
481 478 516 980 233 234 757 760 764 1045 1023 1018 1046 185 103 106 117
1 3600 435
11
703 189 192 198 200 206 230 290 297 155 158
1 3600 65
5
483 484 706 191 192
1 3600 517
3
483 484 705
