584
24.528023 118.16682 1 0
24.452309 118.15047 2 0
24.452375 118.16513 3 0
24.453821 118.157196 4 0
24.453989 118.159424 5 1
24.45402 118.153824 6 0
24.459955 118.17152 7 1
24.47423 118.177025 8 1
24.483122 118.08914 9 1
24.483618 118.09086 10 0
24.48541 118.182304 11 0
24.486404 118.10164 12 1
24.486504 118.1014 13 1
24.486595 118.101974 14 1
24.486763 118.100716 15 1
24.487383 118.09182 16 1
24.488789 118.172104 17 0
24.491123 118.10565 18 1
24.49257 118.1405 19 0
24.492645 118.14059 20 1
24.495152 118.12284 21 0
24.497383 118.10672 22 0
24.50034 118.18632 23 0
24.500465 118.18362 24 1
24.508387 118.18713 25 0
24.512924 118.17808 26 0
24.51333 118.17785 27 0
24.51563 118.13243 28 1
24.516584 118.17724 29 1
24.516733 118.17699 30 1
24.518948 118.187416 31 0
24.519485 118.18735 32 0
24.52128 118.1123 33 1
24.524353 118.10715 34 0
24.525085 118.106895 35 0
24.525822 118.1511 36 1
24.526894 118.15647 37 1
24.527956 118.18568 38 0
24.528172 118.1817 39 0
24.499496 118.15351 40 1
24.48672 118.08936 41 0
24.452217 118.11827 42 0
24.459303 118.0822 43 1
24.502314 118.14988 44 1
24.463858 118.08472 45 0
24.487473 118.124855 46 0
24.468296 118.08466 47 1
24.467192 118.08089 48 1
24.459606 118.070404 49 1
24.475662 118.094894 50 0
24.506853 118.09908 51 1
24.452932 118.07876 52 0
24.462486 118.07378 53 1
24.458239 118.07123 54 1
24.512026 118.10758 55 1
24.45989 118.171 56 1
24.486403 118.10718 57 1
24.456161 118.07149 58 1
24.452204 118.07629 59 0
24.46602 118.076385 60 1
24.463787 118.07896 61 1
24.51133 118.100586 62 1
24.49876 118.152756 63 1
24.507195 118.092476 64 1
24.457537 118.166985 65 1
24.501568 118.14935 66 0
24.465292 118.08551 67 0
24.498302 118.15247 68 0
24.517885 118.148125 69 1
24.482582 118.14769 70 1
24.511316 118.0925 71 1
24.454088 118.153366 72 0
24.516987 118.14375 73 1
24.458675 118.070946 74 1
24.488 118.11977 75 1
24.4665 118.07812 76 1
24.453928 118.15788 77 0
24.467691 118.082664 78 1
24.51648 118.08994 79 1
24.516153 118.136795 80 1
24.459005 118.06792 81 1
24.502094 118.14965 82 1
24.47631 118.11505 83 1
24.488947 118.11856 84 1
24.505463 118.154884 85 1
24.510746 118.10925 86 0
24.452297 118.14971 87 0
24.481176 118.1089 88 1
24.51998 118.1075 89 1
24.495117 118.12263 90 1
24.51634 118.10056 91 1
24.491575 118.089005 92 1
24.494131 118.11689 93 1
24.516962 118.14357 94 0
24.47348 118.112114 95 1
24.516344 118.10753 96 1
24.516739 118.09315 97 1
24.482801 118.15621 98 1
24.496508 118.16322 99 1
24.487495 118.18701 100 0
24.48742 118.187225 101 0
24.500887 118.17807 102 0
24.452238 118.07395 103 0
24.457499 118.068855 104 1
24.468157 118.0744 105 0
24.47374 118.095116 106 0
24.473915 118.095215 107 1
24.452513 118.165504 108 0
24.457994 118.07143 109 0
24.454588 118.161545 110 0
24.456055 118.14715 111 1
24.459284 118.16122 112 0
24.474724 118.179924 113 1
24.482578 118.1475 114 1
24.472599 118.14816 115 0
24.50112 118.104744 116 0
24.477762 118.07319 117 0
24.495146 118.116554 118 0
24.50016 118.11909 119 0
24.502747 118.12363 120 0
24.468157 118.15933 121 0
24.474861 118.16578 122 0
24.479105 118.12589 123 1
24.479319 118.123634 124 1
24.527735 118.15745 125 0
24.522722 118.09639 126 1
24.466896 118.0889 127 1
24.469536 118.08867 128 1
24.469954 118.10362 129 0
24.472681 118.10274 130 1
24.51729 118.132126 131 1
24.52579 118.12501 132 1
24.452412 118.089035 133 0
24.525517 118.15123 134 1
24.452843 118.07282 135 0
24.467947 118.07318 136 1
24.526236 118.09244 137 0
24.461267 118.07448 138 1
24.486067 118.15493 139 1
24.488596 118.15532 140 1
24.508825 118.16479 141 0
24.510899 118.16888 142 0
24.527756 118.10356 143 0
24.527899 118.103264 144 0
24.452566 118.078804 145 0
24.493298 118.087296 146 0
24.491947 118.09159 147 0
24.527767 118.11148 148 0
24.472174 118.0836 149 1
24.474335 118.168945 150 1
24.476414 118.073395 151 0
24.468248 118.07436 152 0
24.514036 118.13248 153 0
24.475004 118.11094 154 1
24.48441 118.161 155 0
24.485453 118.15693 156 1
24.48957 118.16968 157 1
24.452538 118.16575 158 0
24.454496 118.07075 159 1
24.454819 118.07074 160 0
24.468052 118.068565 161 1
24.46916 118.07385 162 0
24.47054 118.1634 163 1
24.471176 118.1845 164 0
24.47329 118.11224 165 1
24.473919 118.07331 166 1
24.47495 118.11379 167 1
24.474953 118.18719 168 0
24.478935 118.114395 169 0
24.479233 118.11484 170 1
24.488918 118.07531 171 1
24.491982 118.14343 172 0
24.492819 118.139465 173 1
24.493258 118.077354 174 1
24.493845 118.12559 175 0
24.49432 118.13208 176 0
24.500854 118.081245 177 1
24.501215 118.0812 178 1
24.508856 118.17013 179 1
24.508938 118.170334 180 1
24.519815 118.09048 181 1
24.519854 118.09373 182 1
24.520195 118.096794 183 0
24.521406 118.10495 184 1
24.521399 118.11236 185 1
24.521824 118.112045 186 1
24.526392 118.12367 187 1
24.527153 118.111046 188 0
24.528025 118.11956 189 0
24.528187 118.11139 190 0
24.524883 118.17537 191 1
24.524994 118.17546 192 1
24.528023 118.16885 193 0
24.528109 118.16827 194 0
24.452251 118.11871 195 0
24.471268 118.086 196 0
24.471485 118.086876 197 0
24.47168 118.08711 198 1
24.471989 118.086266 199 0
24.474106 118.09642 200 0
24.474213 118.09643 201 0
24.476738 118.10606 202 0
24.47685 118.10607 203 0
24.477087 118.1074 204 0
24.477125 118.10716 205 0
24.509817 118.11069 206 0
24.511086 118.08846 207 1
24.511116 118.088234 208 1
24.511148 118.116035 209 0
24.51268 118.118935 210 0
24.516472 118.089645 211 1
24.522684 118.0915 212 1
24.52745 118.09839 213 0
24.527536 118.09359 214 0
24.527687 118.09363 215 0
24.52792 118.0936 216 0
24.472008 118.08642 217 0
24.480688 118.07882 218 0
24.483572 118.09116 219 0
24.485998 118.10002 220 0
24.486588 118.10168 221 1
24.502079 118.15526 222 0
24.502098 118.15011 223 1
24.50417 118.172386 224 1
24.50546 118.15477 225 0
24.508514 118.17032 226 1
24.518572 118.1764 227 1
24.525572 118.151474 228 1
24.525923 118.15138 229 1
24.488497 118.12024 230 1
24.494667 118.12294 231 1
24.50056 118.12174 232 0
24.504421 118.101326 233 1
24.505459 118.103134 234 1
24.520405 118.13291 235 1
24.525515 118.101265 236 0
24.518408 118.13189 237 1
24.520187 118.13085 238 0
24.491287 118.12851 239 1
24.452208 118.1318 240 0
24.475754 118.1424 241 1
24.477402 118.14783 242 0
24.510702 118.13277 243 0
24.48047 118.18734 244 0
24.503551 118.16934 245 0
24.520628 118.102425 246 0
24.45668 118.14515 247 0
24.475142 118.17893 248 0
24.475086 118.17889 249 0
24.516592 118.18072 250 0
24.516748 118.17943 251 0
24.452257 118.160576 252 0
24.481968 118.18336 253 1
24.524036 118.1078 254 0
24.527882 118.122246 255 0
24.477114 118.14498 256 0
24.527254 118.10406 257 1
24.527328 118.1041 258 1
24.479 118.12487 259 0
24.475874 118.18737 260 0
24.48951 118.11277 261 0
24.467257 118.133095 262 0
24.47785 118.083206 263 0
24.486076 118.15569 264 0
24.479574 118.1176 265 0
24.5139523 118.1584317 266 1
24.52081 118.1618117 267 1
24.520835 118.1620617 268 1
24.4530679 118.1496889 269 0
24.4528355 118.1502265 270 0
24.454235 118.16724 271 1
24.4564725 118.165925 272 1
24.4590575 118.168638 273 1
24.4655985 118.1800391 274 1
24.4709952 118.1754377 275 1
24.4711489 118.184059 276 1
24.475402 118.18708 277 0
24.4828835 118.18137 278 1
24.482837 118.18166 279 1
24.483396 118.0900769 280 1
24.4847463 118.101805 281 1
24.4861829 118.1009057 282 1
24.4878653 118.18294 283 1
24.4879375 118.1067325 284 1
24.487912 118.183342 285 1
24.488114 118.119575 286 1
24.488356 118.1137783 287 1
24.4885573 118.1096144 288 1
24.489437 118.09942 289 1
24.489663 118.1130985 290 1
24.4904048 118.183383 291 1
24.4914165 118.0912115 292 1
24.4917274 118.1834963 293 1
24.4919973 118.1230017 294 1
24.4915045 118.0907235 295 0
24.4923708 118.1408335 296 1
24.4925374 118.1707416 297 1
24.4931025 118.0864241 298 1
24.4933112 118.170438 299 0
24.4931487 118.0978917 300 1
24.4955565 118.1073025 301 1
24.498107 118.080225 302 1
24.5012605 118.1436978 303 1
24.5047548 118.1849431 304 1
24.5074469 118.1847381 305 1
24.512091 118.144422 306 1
24.5141646 118.103582 307 1
24.516043 118.1036282 308 1
24.5185632 118.1761492 309 1
24.5189635 118.13609 310 1
24.5218375 118.1420591 311 1
24.524826 118.1865214 312 1
24.5243853 118.1465617 313 1
24.5263998 118.1860025 314 1
24.4895665 118.169883 315 1
24.489168 118.1772264 316 1
24.4965441 118.1700643 317 1
24.478543 118.085197 318 1
24.478919 118.0863 319 1
24.5072988 118.0868764 320 1
24.491287 118.1463965 321 1
24.518892 118.153027 322 1
24.5101145 118.15111 323 1
24.455735 118.070027 324 1
24.5099823 118.1095969 325 1
24.45724 118.07098 326 1
24.46486 118.08336 327 1
24.4572367 118.0761743 328 1
24.4583945 118.075335 329 1
24.4753475 118.1006965 330 1
24.5013542 118.153845 331 1
24.4577966 118.072521 332 1
24.4534585 118.0783468 333 1
24.5066363 118.10962 334 1
24.4711145 118.16736 335 1
24.474892 118.1141033 336 1
24.510604 118.13319 337 0
24.5014542 118.149724 338 1
24.463682 118.0671385 339 1
24.4687303 118.09906 340 1
24.4724115 118.10171 341 1
24.5101472 118.1304335 342 1
24.4949567 118.1293883 343 1
24.4872715 118.176478 344 1
24.5138215 118.1541405 345 1
24.4588487 118.168082 346 1
24.4775715 118.1606517 347 1
24.513806 118.0923995 348 1
24.463457 118.078785 349 1
24.4595415 118.074557 350 1
24.4744532 118.09537 351 0
24.4633 118.07724 352 1
24.456519 118.08342 353 0
24.5100572 118.1553336 354 1
24.4800293 118.104715 355 1
24.4850152 118.1753 356 1
24.4794694 118.147542 357 1
24.4853184 118.1171758 358 1
24.4927377 118.1114662 359 1
24.5110105 118.1157315 360 1
24.5023669 118.1281988 361 1
24.45395 118.1497 362 1
24.4577503 118.0873049 363 1
24.4909335 118.117847 364 1
24.504151 118.100962 365 0
24.4752338 118.16566 366 1
24.5057513 118.103698 367 1
24.4920005 118.1084325 368 1
24.487084 118.169044 369 1
24.458849 118.08042 370 1
24.5141635 118.10061 371 1
24.4683338 118.1740416 372 1
24.519823 118.09394 373 1
24.4706875 118.083825 374 1
24.4738925 118.168774 375 1
24.5144559 118.1137715 376 1
24.4603025 118.078875 377 1
24.513024 118.14934 378 1
24.4952135 118.147675 379 1
24.478712 118.0997175 380 1
24.4546347 118.0711033 381 1
24.4770232 118.170414 382 1
24.4643125 118.08185 383 1
24.4724267 118.1642735 384 1
24.4627845 118.0669011 385 1
24.4779065 118.109945 386 1
24.5048903 118.0924467 387 1
24.471458 118.098027 388 1
24.4695637 118.1025647 389 1
24.487519 118.114255 390 0
24.4590981 118.0848949 391 1
24.5047317 118.0987667 392 1
24.4564535 118.073705 393 1
24.4962703 118.109527 394 1
24.51133 118.0918 395 1
24.4951925 118.1496275 396 0
24.4820912 118.112066 397 1
24.474101 118.17727 398 1
24.478609 118.0859867 399 0
24.4922675 118.123395 400 1
24.4740075 118.095834 401 1
24.462573 118.083797 402 1
24.4946055 118.167897 403 1
24.4971035 118.16805 404 1
24.4885635 118.157715 405 1
24.5197003 118.1830847 406 1
24.4750538 118.1866371 407 1
24.4803878 118.1866283 408 0
24.4761476 118.1845372 409 1
24.4738396 118.1824714 410 1
24.4721983 118.1816463 411 1
24.4682357 118.1742727 412 1
24.456808 118.0690825 413 1
24.4685083 118.0758 414 1
24.4689443 118.0773613 415 1
24.4697978 118.080036 416 1
24.470181 118.081826 417 1
24.471407 118.08629 418 1
24.473015 118.092275 419 1
24.4809592 118.0830588 420 1
24.481901 118.0858712 421 1
24.4818172 118.0863062 422 1
24.482813 118.08873 423 0
24.4872451 118.1103424 424 0
24.4838455 118.116665 425 0
24.479303 118.115663 426 1
24.4945639 118.1272186 427 1
24.4559996 118.0696618 428 0
24.470393 118.081665 429 1
24.4588883 118.14577 430 0
24.4589587 118.1453647 431 1
24.4613372 118.1601228 432 1
24.4774534 118.1611002 433 1
24.4786245 118.1550975 434 1
24.479484 118.1444217 435 0
24.480958 118.16258 436 1
24.5242876 118.11637 437 1
24.5225557 118.111951 438 1
24.5242017 118.11613 439 1
24.4712727 118.1091447 440 0
24.47468 118.1483225 441 1
24.4731837 118.1235818 442 0
24.4791089 118.1251479 443 1
24.5019446 118.154284 444 1
24.4588324 118.1123777 445 0
24.454688 118.115825 446 0
24.4678731 118.0738419 447 1
24.501451 118.121425 448 1
24.5015305 118.1216075 449 1
24.5054115 118.0845435 450 1
24.509168 118.1218667 451 0
24.462545 118.1639652 452 1
24.4760265 118.1247595 453 1
24.4786133 118.1290333 454 0
24.4790915 118.1239475 455 0
24.4590373 118.0851157 456 0
24.481274 118.12542 457 1
24.4829431 118.1251797 458 0
24.476362 118.114723 459 1
24.4804845 118.1383557 460 1
24.4657463 118.074022 461 1
24.462859 118.0744587 462 1
24.4666835 118.08786 463 1
24.4668475 118.09138 464 0
24.4717435 118.0879 465 1
24.464445 118.1044 466 0
24.4713003 118.11448 467 1
24.4718946 118.109709 468 1
24.5276975 118.1505855 469 0
24.470049 118.10546 470 0
24.469515 118.1126006 471 1
24.472696 118.115035 472 1
24.470373 118.11372 473 1
24.4687891 118.1116254 474 1
24.4839495 118.07225 475 0
24.498126 118.0798375 476 1
24.485961 118.074315 477 1
24.4908023 118.076198 478 0
24.5210206 118.10181 479 1
24.5227785 118.10189 480 1
24.5229433 118.1020183 481 1
24.504561 118.175805 482 1
24.4735081 118.1159528 483 1
24.5111593 118.1371067 484 1
24.4713555 118.085805 485 0
24.4527027 118.0892733 486 0
24.510393 118.1549795 487 1
24.4632213 118.068364 488 1
24.469017 118.0871475 489 1
24.4606285 118.06734 490 0
24.4769113 118.1066717 491 1
24.5108497 118.135258 492 0
24.485959 118.154127 493 0
24.4919617 118.0908827 494 1
24.495735 118.0786014 495 0
24.4954346 118.078861 496 1
24.4723768 118.086396 497 1
24.489196 118.170808 498 0
24.4736453 118.168435 499 1
24.475355 118.166103 500 0
24.5211622 118.10213 501 1
24.4742565 118.10827 502 1
24.485511 118.1563875 503 0
24.4899065 118.1655425 504 1
24.4898703 118.1486328 505 1
24.509655 118.173765 506 1
24.462801 118.074795 507 1
24.465853 118.0881112 508 1
24.4671665 118.16346 509 1
24.4756955 118.187418 510 0
24.4793413 118.0730233 511 1
24.4802398 118.07311 512 1
24.4803824 118.0729219 513 1
24.481955 118.116088 514 1
24.4829625 118.0732583 515 0
24.4875995 118.165155 516 1
24.505706 118.084325 517 1
24.508493 118.170568 518 1
24.513493 118.08914 519 1
24.5137462 118.0889125 520 1
24.519798 118.090735 521 1
24.5209423 118.1326267 522 0
24.5208885 118.129265 523 0
24.522227 118.1074325 524 0
24.523132 118.11099 525 1
24.524482 118.1085733 526 0
24.527095 118.1243333 527 1
24.5278243 118.12424 528 0
24.4708455 118.08381 529 1
24.473405 118.0834125 530 0
24.4777555 118.1099975 531 1
24.509075 118.103615 532 1
24.5134543 118.121175 533 1
24.4782274 118.0834614 534 1
24.478489 118.085783 535 0
24.4807593 118.0785933 536 1
24.486102 118.099895 537 0
24.5021125 118.15732 538 0
24.5128365 118.167715 539 1
24.4676448 118.1350137 540 1
24.5089728 118.1177267 541 1
24.5164828 118.119886 542 1
24.518477 118.1035191 543 1
24.5199625 118.12796 544 1
24.5203625 118.1358028 545 1
24.5205193 118.1355717 546 1
24.5250075 118.1016845 547 1
24.4745788 118.1216558 548 1
24.492958 118.09772 549 1
24.5181058 118.1822625 550 0
24.518896 118.18073 551 0
24.4526825 118.1301985 552 0
24.4658215 118.1599275 553 0
24.4739183 118.14516 554 1
24.4765155 118.140975 555 0
24.4626275 118.1567735 556 0
24.507225 118.1867825 557 1
24.4743262 118.12155 558 1
24.4744732 118.1230517 559 1
24.4747187 118.1233553 560 1
24.4745476 118.123274 561 1
24.4735855 118.1216225 562 1
24.4743915 118.1217507 563 1
24.473904 118.1179683 564 1
24.4788525 118.1129725 565 1
24.4789328 118.11317 566 1
24.4744568 118.1190354 567 1
24.4764976 118.1188634 568 1
24.5081995 118.1868475 569 1
24.5081004 118.1866671 570 0
24.5141975 118.107544 571 1
24.458587 118.0808675 572 1
24.478036 118.1154033 573 0
24.4802535 118.0746408 574 1
24.452936 118.14829 575 0
24.455434 118.1464725 576 1
24.452317 118.14679 577 0
24.4808995 118.130135 578 0
24.4720055 118.11047 579 1
24.478669 118.1665825 580 0
24.5113775 118.103595 581 1
24.513842 118.15443 582 1
24.466469 118.070177 583 1
24.479457 118.118622 584 1
802
235 546 296.2116090022363 16.67 3 3 2 3
1 0 0 0 1 0 0 0 1
1 0 0 0 1 0 0 0 1
235 28 486.0403532184875 16.67 3 3 4 5
1 0 0 0 1 0 0 0 1
1 0 0 0 1 0 0 0 1
235 544 552.266411014208 16.67 3 3 6 7
1 0 0 0 1 0 0 0 1
1 0 0 0 1 0 0 0 1
228 37 571.4361150420266 16.67 3 3 8 9
1 0 0 0 1 0 0 0 1
1 0 0 0 1 0 0 0 1
228 134 27.697900511846893 16.67 3 3 10 11
1 0 0 0 1 0 0 0 1
1 0 0 0 1 0 0 0 1
228 322 697.5236662043791 16.67 3 3 12 13
1 0 0 0 1 0 0 0 1
1 0 0 0 1 0 0 0 1
228 229 37.01675939822141 16.67 3 3 14 15
1 0 0 0 1 0 0 0 1
1 0 0 0 1 0 0 0 1
229 125 699.4449491327565 16.67 3 3 16 17
1 0 0 0 1 0 0 0 1
1 0 0 0 1 0 0 0 1
229 36 32.77025205265643 16.67 3 3 18 19
1 0 0 0 1 0 0 0 1
1 0 0 0 1 0 0 0 1
229 469 200.08583879129986 16.67 3 3 20 21
1 0 0 0 1 0 0 0 1
1 0 0 0 1 0 0 0 1
99 403 554.5787413245711 16.67 3 3 22 23
1 0 0 0 1 0 0 0 1
1 0 0 0 1 0 0 0 1
99 404 540.474454207695 16.67 3 3 24 25
1 0 0 0 1 0 0 0 1
1 0 0 0 1 0 0 0 1
99 405 1010.4631431026528 16.67 3 3 26 27
1 0 0 0 1 0 0 0 1
1 0 0 0 1 0 0 0 1
131 237 116.11858637006144 16.67 3 3 28 29
1 0 0 0 1 0 0 0 1
1 0 0 0 1 0 0 0 1
131 255 1534.7693958172881 16.67 3 3 30 31
1 0 0 0 1 0 0 0 1
1 0 0 0 1 0 0 0 1
131 176 2324.0045174571924 16.67 3 3 32 33
1 0 0 0 1 0 0 0 1
1 0 0 0 1 0 0 0 1
172 321 337.29413993986986 16.67 3 3 34 35
1 0 0 0 1 0 0 0 1
1 0 0 0 1 0 0 0 1
172 296 291.4038003339374 16.67 3 3 36 37
1 0 0 0 1 0 0 0 1
1 0 0 0 1 0 0 0 1
173 20 126.33508005776987 16.67 3 3 38 39
1 0 0 0 1 0 0 0 1
1 0 0 0 1 0 0 0 1
173 427 1373.2213142986175 16.67 3 3 40 41
1 0 0 0 1 0 0 0 1
1 0 0 0 1 0 0 0 1
173 343 1141.2370738687032 16.67 3 3 42 43
1 0 0 0 1 0 0 0 1
1 0 0 0 1 0 0 0 1
173 19 117.81982817753408 16.67 3 3 44 45
1 0 0 0 1 0 0 0 1
1 0 0 0 1 0 0 0 1
70 114 21.13221700193622 16.67 3 3 46 47
1 0 0 0 1 0 0 0 1
1 0 0 0 1 0 0 0 1
70 505 745.0139403309518 16.67 3 3 48 49
1 0 0 0 1 0 0 0 1
1 0 0 0 1 0 0 0 1
70 357 315.43513099675226 16.67 3 3 50 51
1 0 0 0 1 0 0 0 1
1 0 0 0 1 0 0 0 1
70 98 947.6984161747935 16.67 3 3 52 53
1 0 0 0 1 0 0 0 1
1 0 0 0 1 0 0 0 1
71 64 416.97218089667786 16.67 3 3 54 55
1 0 0 0 1 0 0 0 1
1 0 0 0 1 0 0 0 1
71 395 77.85413763409231 16.67 3 3 56 57
1 0 0 0 1 0 0 0 1
1 0 0 0 1 0 0 0 1
71 62 899.1787556483094 16.67 3 3 58 59
1 0 0 0 1 0 0 0 1
1 0 0 0 1 0 0 0 1
174 495 286.4811535875638 16.67 3 3 60 61
1 0 0 0 1 0 0 0 1
1 0 0 0 1 0 0 0 1
174 496 276.7636193844565 16.67 3 3 62 63
1 0 0 0 1 0 0 0 1
1 0 0 0 1 0 0 0 1
174 171 494.5172455991002 16.67 3 3 64 65
1 0 0 0 1 0 0 0 1
1 0 0 0 1 0 0 0 1
175 400 291.6537585596004 16.67 3 3 66 67
1 0 0 0 1 0 0 0 1
1 0 0 0 1 0 0 0 1
175 427 195.16847226267842 16.67 3 3 68 69
1 0 0 0 1 0 0 0 1
1 0 0 0 1 0 0 0 1
72 77 502.22608311558935 16.67 3 3 70 71
1 0 0 0 1 0 0 0 1
1 0 0 0 1 0 0 0 1
72 362 407.9050136559782 16.67 3 3 72 73
1 0 0 0 1 0 0 0 1
1 0 0 0 1 0 0 0 1
154 531 297.54747666457826 16.67 3 3 74 75
1 0 0 0 1 0 0 0 1
1 0 0 0 1 0 0 0 1
154 502 306.3957429560262 16.67 3 3 76 77
1 0 0 0 1 0 0 0 1
1 0 0 0 1 0 0 0 1
154 95 202.0754585867512 16.67 3 3 78 79
1 0 0 0 1 0 0 0 1
1 0 0 0 1 0 0 0 1
236 547 69.3704719343926 16.67 3 3 80 81
1 0 0 0 1 0 0 0 1
1 0 0 0 1 0 0 0 1
236 213 374.8786029494778 16.67 3 3 82 83
1 0 0 0 1 0 0 0 1
1 0 0 0 1 0 0 0 1
123 460 1393.2210621629326 16.67 3 3 84 85
1 0 0 0 1 0 0 0 1
1 0 0 0 1 0 0 0 1
123 457 225.6522298656607 16.67 3 3 86 87
1 0 0 0 1 0 0 0 1
1 0 0 0 1 0 0 0 1
123 443 82.52378915540561 16.67 3 3 88 89
1 0 0 0 1 0 0 0 1
1 0 0 0 1 0 0 0 1
124 584 557.5183146301064 16.67 3 3 90 91
1 0 0 0 1 0 0 0 1
1 0 0 0 1 0 0 0 1
124 443 169.6859133760874 16.67 3 3 92 93
1 0 0 0 1 0 0 0 1
1 0 0 0 1 0 0 0 1
124 457 280.3429076609816 16.67 3 3 94 95
1 0 0 0 1 0 0 0 1
1 0 0 0 1 0 0 0 1
73 69 494.9187963245795 16.67 3 3 96 97
1 0 0 0 1 0 0 0 1
1 0 0 0 1 0 0 0 1
73 306 500.96080083854787 16.67 3 3 98 99
1 0 0 0 1 0 0 0 1
1 0 0 0 1 0 0 0 1
73 94 20.17550354101159 16.67 3 3 100 101
1 0 0 0 1 0 0 0 1
1 0 0 0 1 0 0 0 1
73 311 525.5413041546528 16.67 3 3 102 103
1 0 0 0 1 0 0 0 1
1 0 0 0 1 0 0 0 1
140 505 754.7273932464998 16.67 3 3 104 105
1 0 0 0 1 0 0 0 1
1 0 0 0 1 0 0 0 1
140 139 259.5795008330055 16.67 3 3 106 107
1 0 0 0 1 0 0 0 1
1 0 0 0 1 0 0 0 1
140 405 266.34858420713743 16.67 3 3 108 109
1 0 0 0 1 0 0 0 1
1 0 0 0 1 0 0 0 1
74 350 411.0170906737349 16.67 3 3 110 111
1 0 0 0 1 0 0 0 1
1 0 0 0 1 0 0 0 1
74 54 54.2688083029103 16.67 3 3 112 113
1 0 0 0 1 0 0 0 1
1 0 0 0 1 0 0 0 1
74 104 261.22192495143247 16.67 3 3 114 115
1 0 0 0 1 0 0 0 1
1 0 0 0 1 0 0 0 1
74 49 111.8636466718109 16.67 3 3 116 117
1 0 0 0 1 0 0 0 1
1 0 0 0 1 0 0 0 1
75 230 72.53475032110472 16.67 3 3 118 119
1 0 0 0 1 0 0 0 1
1 0 0 0 1 0 0 0 1
75 358 396.06186916497234 16.67 3 3 120 121
1 0 0 0 1 0 0 0 1
1 0 0 0 1 0 0 0 1
75 46 567.9705283368905 16.67 3 3 122 123
1 0 0 0 1 0 0 0 1
1 0 0 0 1 0 0 0 1
253 408 397.06970454603874 16.67 3 3 124 125
1 0 0 0 1 0 0 0 1
1 0 0 0 1 0 0 0 1
253 113 826.7151596762008 16.67 3 3 126 127
1 0 0 0 1 0 0 0 1
1 0 0 0 1 0 0 0 1
253 279 208.49889766487746 16.67 3 3 128 129
1 0 0 0 1 0 0 0 1
1 0 0 0 1 0 0 0 1
28 153 161.37153059381163 16.67 3 3 130 131
1 0 0 0 1 0 0 0 1
1 0 0 0 1 0 0 0 1
28 80 488.27156454495946 16.67 3 3 132 133
1 0 0 0 1 0 0 0 1
1 0 0 0 1 0 0 0 1
29 192 873.6094677637802 16.67 3 3 134 135
1 0 0 0 1 0 0 0 1
1 0 0 0 1 0 0 0 1
29 305 1244.9268503884803 16.67 3 3 136 137
1 0 0 0 1 0 0 0 1
1 0 0 0 1 0 0 0 1
29 227 221.76960529157736 16.67 3 3 138 139
1 0 0 0 1 0 0 0 1
1 0 0 0 1 0 0 0 1
30 309 207.43829086475316 16.67 3 3 140 141
1 0 0 0 1 0 0 0 1
1 0 0 0 1 0 0 0 1
30 56 5789.58401825298 16.67 3 3 142 143
1 0 0 0 1 0 0 0 1
1 0 0 0 1 0 0 0 1
30 191 844.0321507340185 16.67 3 3 144 145
1 0 0 0 1 0 0 0 1
1 0 0 0 1 0 0 0 1
76 415 261.39298944162357 16.67 3 3 146 147
1 0 0 0 1 0 0 0 1
1 0 0 0 1 0 0 0 1
76 61 290.0523101206997 16.67 3 3 148 149
1 0 0 0 1 0 0 0 1
1 0 0 0 1 0 0 0 1
76 48 315.89185699224504 16.67 3 3 150 151
1 0 0 0 1 0 0 0 1
1 0 0 0 1 0 0 0 1
76 60 198.95813234887953 16.67 3 3 152 153
1 0 0 0 1 0 0 0 1
1 0 0 0 1 0 0 0 1
177 215 3044.5123048152145 16.67 3 3 154 155
1 0 0 0 1 0 0 0 1
1 0 0 0 1 0 0 0 1
177 302 300.21667559597955 16.67 3 3 156 157
1 0 0 0 1 0 0 0 1
1 0 0 0 1 0 0 0 1
177 450 589.25100409806 16.67 3 3 158 159
1 0 0 0 1 0 0 0 1
1 0 0 0 1 0 0 0 1
178 137 2823.552883262907 16.67 3 3 160 161
1 0 0 0 1 0 0 0 1
1 0 0 0 1 0 0 0 1
178 517 572.0777631860175 16.67 3 3 162 163
1 0 0 0 1 0 0 0 1
1 0 0 0 1 0 0 0 1
178 476 347.356462576254 16.67 3 3 164 165
1 0 0 0 1 0 0 0 1
1 0 0 0 1 0 0 0 1
77 65 1076.3845182133325 16.67 3 3 166 167
1 0 0 0 1 0 0 0 1
1 0 0 0 1 0 0 0 1
33 89 549.7339434069106 16.67 3 3 168 169
1 0 0 0 1 0 0 0 1
1 0 0 0 1 0 0 0 1
33 376 709.5355001936116 16.67 3 3 170 171
1 0 0 0 1 0 0 0 1
1 0 0 0 1 0 0 0 1
33 526 526.009629757092 16.67 3 3 172 173
1 0 0 0 1 0 0 0 1
1 0 0 0 1 0 0 0 1
241 540 1161.1347216276524 16.67 3 3 174 175
1 0 0 0 1 0 0 0 1
1 0 0 0 1 0 0 0 1
241 555 176.21079145629727 16.67 3 3 176 177
1 0 0 0 1 0 0 0 1
1 0 0 0 1 0 0 0 1
241 554 358.76951889644215 16.67 3 3 178 179
1 0 0 0 1 0 0 0 1
1 0 0 0 1 0 0 0 1
202 330 612.8087311341103 16.67 3 3 180 181
1 0 0 0 1 0 0 0 1
1 0 0 0 1 0 0 0 1
202 491 70.24698827172696 16.67 3 3 182 183
1 0 0 0 1 0 0 0 1
1 0 0 0 1 0 0 0 1
78 47 230.25084192481813 16.67 3 3 184 185
1 0 0 0 1 0 0 0 1
1 0 0 0 1 0 0 0 1
78 327 296.8091739896935 16.67 3 3 186 187
1 0 0 0 1 0 0 0 1
1 0 0 0 1 0 0 0 1
78 417 268.70243076553226 16.67 3 3 188 189
1 0 0 0 1 0 0 0 1
1 0 0 0 1 0 0 0 1
78 48 203.63479470005345 16.67 3 3 190 191
1 0 0 0 1 0 0 0 1
1 0 0 0 1 0 0 0 1
79 519 315.0345213766556 16.67 3 3 192 193
1 0 0 0 1 0 0 0 1
1 0 0 0 1 0 0 0 1
79 521 347.1475785881937 16.67 3 3 194 195
1 0 0 0 1 0 0 0 1
1 0 0 0 1 0 0 0 1
79 182 542.361713638672 16.67 3 3 196 197
1 0 0 0 1 0 0 0 1
1 0 0 0 1 0 0 0 1
79 211 32.814510829649784 16.67 3 3 198 199
1 0 0 0 1 0 0 0 1
1 0 0 0 1 0 0 0 1
203 330 616.5883042634675 16.67 3 3 200 201
1 0 0 0 1 0 0 0 1
1 0 0 0 1 0 0 0 1
203 491 67.19712509632323 16.67 3 3 202 203
1 0 0 0 1 0 0 0 1
1 0 0 0 1 0 0 0 1
80 484 506.4317173119981 16.67 3 3 204 205
1 0 0 0 1 0 0 0 1
1 0 0 0 1 0 0 0 1
80 310 294.96522088708167 16.67 3 3 206 207
1 0 0 0 1 0 0 0 1
1 0 0 0 1 0 0 0 1
80 94 757.8254053489134 16.67 3 3 208 209
1 0 0 0 1 0 0 0 1
1 0 0 0 1 0 0 0 1
204 531 296.66462878611424 16.67 3 3 210 211
1 0 0 0 1 0 0 0 1
1 0 0 0 1 0 0 0 1
204 491 82.91745932486661 16.67 3 3 212 213
1 0 0 0 1 0 0 0 1
1 0 0 0 1 0 0 0 1
205 491 58.44866152006309 16.67 3 3 214 215
1 0 0 0 1 0 0 0 1
1 0 0 0 1 0 0 0 1
205 386 319.6373725764394 16.67 3 3 216 217
1 0 0 0 1 0 0 0 1
1 0 0 0 1 0 0 0 1
81 104 184.52292741204644 16.67 3 3 218 219
1 0 0 0 1 0 0 0 1
1 0 0 0 1 0 0 0 1
81 488 429.62999570159826 16.67 3 3 220 221
1 0 0 0 1 0 0 0 1
1 0 0 0 1 0 0 0 1
81 49 282.84488479975994 16.67 3 3 222 223
1 0 0 0 1 0 0 0 1
1 0 0 0 1 0 0 0 1
4 5 248.34053909117787 16.67 3 3 224 225
1 0 0 0 1 0 0 0 1
1 0 0 0 1 0 0 0 1
4 6 375.5131160661378 16.67 3 3 226 227
1 0 0 0 1 0 0 0 1
1 0 0 0 1 0 0 0 1
243 484 484.46341143071663 16.67 3 3 228 229
1 0 0 0 1 0 0 0 1
1 0 0 0 1 0 0 0 1
243 342 265.8178348568969 16.67 3 3 230 231
1 0 0 0 1 0 0 0 1
1 0 0 0 1 0 0 0 1
136 166 604.6294231357524 16.67 3 3 232 233
1 0 0 0 1 0 0 0 1
1 0 0 0 1 0 0 0 1
136 583 365.91552252831605 16.67 3 3 234 235
1 0 0 0 1 0 0 0 1
1 0 0 0 1 0 0 0 1
136 447 73.98353989558001 16.67 3 3 236 237
1 0 0 0 1 0 0 0 1
1 0 0 0 1 0 0 0 1
5 272 765.3869060856341 16.67 3 3 238 239
1 0 0 0 1 0 0 0 1
1 0 0 0 1 0 0 0 1
5 252 217.13878221046298 16.67 3 3 240 241
1 0 0 0 1 0 0 0 1
1 0 0 0 1 0 0 0 1
6 2 411.2235667358899 16.67 3 3 242 243
1 0 0 0 1 0 0 0 1
1 0 0 0 1 0 0 0 1
36 134 34.07491862942385 16.67 3 3 244 245
1 0 0 0 1 0 0 0 1
1 0 0 0 1 0 0 0 1
36 313 525.1810406275389 16.67 3 3 246 247
1 0 0 0 1 0 0 0 1
1 0 0 0 1 0 0 0 1
82 223 51.15442274753984 16.67 3 3 248 249
1 0 0 0 1 0 0 0 1
1 0 0 0 1 0 0 0 1
82 303 667.2470044889618 16.67 3 3 250 251
1 0 0 0 1 0 0 0 1
1 0 0 0 1 0 0 0 1
82 44 33.90748205246521 16.67 3 3 252 253
1 0 0 0 1 0 0 0 1
1 0 0 0 1 0 0 0 1
237 238 213.9417787362571 16.67 3 3 254 255
1 0 0 0 1 0 0 0 1
1 0 0 0 1 0 0 0 1
237 544 464.46181960705 16.67 3 3 256 257
1 0 0 0 1 0 0 0 1
1 0 0 0 1 0 0 0 1
150 500 332.4691176722885 16.67 3 3 258 259
1 0 0 0 1 0 0 0 1
1 0 0 0 1 0 0 0 1
150 382 317.34603943530493 16.67 3 3 260 261
1 0 0 0 1 0 0 0 1
1 0 0 0 1 0 0 0 1
150 375 48.655136806089004 16.67 3 3 262 263
1 0 0 0 1 0 0 0 1
1 0 0 0 1 0 0 0 1
37 267 855.3882479024663 16.67 3 3 264 265
1 0 0 0 1 0 0 0 1
1 0 0 0 1 0 0 0 1
37 268 873.1449806223172 16.67 3 3 266 267
1 0 0 0 1 0 0 0 1
1 0 0 0 1 0 0 0 1
7 272 715.0940605146966 16.67 3 3 268 269
1 0 0 0 1 0 0 0 1
1 0 0 0 1 0 0 0 1
7 412 892.3309828620088 16.67 3 3 270 271
1 0 0 0 1 0 0 0 1
1 0 0 0 1 0 0 0 1
7 291 3352.619495496368 16.67 3 3 272 273
1 0 0 0 1 0 0 0 1
1 0 0 0 1 0 0 0 1
132 187 160.97617706457993 16.67 3 3 274 275
1 0 0 0 1 0 0 0 1
1 0 0 0 1 0 0 0 1
132 544 674.6809422330707 16.67 3 3 276 277
1 0 0 0 1 0 0 0 1
1 0 0 0 1 0 0 0 1
132 523 685.4038496574125 16.67 3 3 278 279
1 0 0 0 1 0 0 0 1
1 0 0 0 1 0 0 0 1
146 496 962.5838291394421 16.67 3 3 280 281
1 0 0 0 1 0 0 0 1
1 0 0 0 1 0 0 0 1
146 494 421.14782315113484 16.67 3 3 282 283
1 0 0 0 1 0 0 0 1
1 0 0 0 1 0 0 0 1
83 336 177.98563785854628 16.67 3 3 284 285
1 0 0 0 1 0 0 0 1
1 0 0 0 1 0 0 0 1
83 573 179.04913829721622 16.67 3 3 286 287
1 0 0 0 1 0 0 0 1
1 0 0 0 1 0 0 0 1
83 568 424.4817314630255 16.67 3 3 288 289
1 0 0 0 1 0 0 0 1
1 0 0 0 1 0 0 0 1
191 309 645.2142818412971 16.67 3 3 290 291
1 0 0 0 1 0 0 0 1
1 0 0 0 1 0 0 0 1
191 194 854.3304985225834 16.67 3 3 292 293
1 0 0 0 1 0 0 0 1
1 0 0 0 1 0 0 0 1
192 193 796.3640979691778 16.67 3 3 294 295
1 0 0 0 1 0 0 0 1
1 0 0 0 1 0 0 0 1
192 227 658.0635659399269 16.67 3 3 296 297
1 0 0 0 1 0 0 0 1
1 0 0 0 1 0 0 0 1
147 549 689.3017831485403 16.67 3 3 298 299
1 0 0 0 1 0 0 0 1
1 0 0 0 1 0 0 0 1
147 494 78.66708924307319 16.67 3 3 300 301
1 0 0 0 1 0 0 0 1
1 0 0 0 1 0 0 0 1
206 360 573.4823718848752 16.67 3 3 302 303
1 0 0 0 1 0 0 0 1
1 0 0 0 1 0 0 0 1
206 325 122.69993298640121 16.67 3 3 304 305
1 0 0 0 1 0 0 0 1
1 0 0 0 1 0 0 0 1
207 320 421.71765793603805 16.67 3 3 306 307
1 0 0 0 1 0 0 0 1
1 0 0 0 1 0 0 0 1
207 395 372.2335707456686 16.67 3 3 308 309
1 0 0 0 1 0 0 0 1
1 0 0 0 1 0 0 0 1
207 519 255.01035876890265 16.67 3 3 310 311
1 0 0 0 1 0 0 0 1
1 0 0 0 1 0 0 0 1
207 208 25.3142494218394 16.67 3 3 312 313
1 0 0 0 1 0 0 0 1
1 0 0 0 1 0 0 0 1
208 520 276.613578442195 16.67 3 3 314 315
1 0 0 0 1 0 0 0 1
1 0 0 0 1 0 0 0 1
208 517 698.9883265461525 16.67 3 3 316 317
1 0 0 0 1 0 0 0 1
1 0 0 0 1 0 0 0 1
209 360 36.504754484990094 16.67 3 3 318 319
1 0 0 0 1 0 0 0 1
1 0 0 0 1 0 0 0 1
209 210 357.8047785270969 16.67 3 3 320 321
1 0 0 0 1 0 0 0 1
1 0 0 0 1 0 0 0 1
8 275 371.94488301444824 16.67 3 3 322 323
1 0 0 0 1 0 0 0 1
1 0 0 0 1 0 0 0 1
8 398 30.21127318052709 16.67 3 3 324 325
1 0 0 0 1 0 0 0 1
1 0 0 0 1 0 0 0 1
8 278 1000.2587932097423 16.67 3 3 326 327
1 0 0 0 1 0 0 0 1
1 0 0 0 1 0 0 0 1
210 533 261.12151934330217 16.67 3 3 328 329
1 0 0 0 1 0 0 0 1
1 0 0 0 1 0 0 0 1
211 520 287.5634136126286 16.67 3 3 330 331
1 0 0 0 1 0 0 0 1
1 0 0 0 1 0 0 0 1
211 181 350.74543068069914 16.67 3 3 332 333
1 0 0 0 1 0 0 0 1
1 0 0 0 1 0 0 0 1
84 286 140.87500170848523 16.67 3 3 334 335
1 0 0 0 1 0 0 0 1
1 0 0 0 1 0 0 0 1
84 364 216.10083135493363 16.67 3 3 336 337
1 0 0 0 1 0 0 0 1
1 0 0 0 1 0 0 0 1
84 390 500.0598085243826 16.67 3 3 338 339
1 0 0 0 1 0 0 0 1
1 0 0 0 1 0 0 0 1
134 322 699.398094931758 16.67 3 3 340 341
1 0 0 0 1 0 0 0 1
1 0 0 0 1 0 0 0 1
134 313 531.5990735161913 16.67 3 3 342 343
1 0 0 0 1 0 0 0 1
1 0 0 0 1 0 0 0 1
239 427 361.3696712446785 16.67 3 3 344 345
1 0 0 0 1 0 0 0 1
1 0 0 0 1 0 0 0 1
239 343 383.98895618843216 16.67 3 3 346 347
1 0 0 0 1 0 0 0 1
1 0 0 0 1 0 0 0 1
239 46 560.5022857187851 16.67 3 3 348 349
1 0 0 0 1 0 0 0 1
1 0 0 0 1 0 0 0 1
179 142 249.10399390400963 16.67 3 3 350 351
1 0 0 0 1 0 0 0 1
1 0 0 0 1 0 0 0 1
179 180 24.154831500863065 16.67 3 3 352 353
1 0 0 0 1 0 0 0 1
1 0 0 0 1 0 0 0 1
179 226 40.544603906869575 16.67 3 3 354 355
1 0 0 0 1 0 0 0 1
1 0 0 0 1 0 0 0 1
179 222 1790.1106420878787 16.67 3 3 356 357
1 0 0 0 1 0 0 0 1
1 0 0 0 1 0 0 0 1
180 539 490.3231407403183 16.67 3 3 358 359
1 0 0 0 1 0 0 0 1
1 0 0 0 1 0 0 0 1
180 27 946.5904367660148 16.67 3 3 360 361
1 0 0 0 1 0 0 0 1
1 0 0 0 1 0 0 0 1
180 518 52.0043122925509 16.67 3 3 362 363
1 0 0 0 1 0 0 0 1
1 0 0 0 1 0 0 0 1
212 521 304.1199081097088 16.67 3 3 364 365
1 0 0 0 1 0 0 0 1
1 0 0 0 1 0 0 0 1
212 126 543.7903226387217 16.67 3 3 366 367
1 0 0 0 1 0 0 0 1
1 0 0 0 1 0 0 0 1
212 214 543.1208906963599 16.67 3 3 368 369
1 0 0 0 1 0 0 0 1
1 0 0 0 1 0 0 0 1
9 536 1196.9387129929285 16.67 3 3 370 371
1 0 0 0 1 0 0 0 1
1 0 0 0 1 0 0 0 1
9 280 107.812034779031 16.67 3 3 372 373
1 0 0 0 1 0 0 0 1
1 0 0 0 1 0 0 0 1
9 421 383.92559709375314 16.67 3 3 374 375
1 0 0 0 1 0 0 0 1
1 0 0 0 1 0 0 0 1
156 155 464.7367228610655 16.67 3 3 376 377
1 0 0 0 1 0 0 0 1
1 0 0 0 1 0 0 0 1
156 503 60.611847558057136 16.67 3 3 378 379
1 0 0 0 1 0 0 0 1
1 0 0 0 1 0 0 0 1
156 98 280.0732390063479 16.67 3 3 380 381
1 0 0 0 1 0 0 0 1
1 0 0 0 1 0 0 0 1
156 405 326.6653135165171 16.67 3 3 382 383
1 0 0 0 1 0 0 0 1
1 0 0 0 1 0 0 0 1
10 280 89.9336389441916 16.67 3 3 384 385
1 0 0 0 1 0 0 0 1
1 0 0 0 1 0 0 0 1
10 537 1035.6803868063732 16.67 3 3 386 387
1 0 0 0 1 0 0 0 1
1 0 0 0 1 0 0 0 1
261 288 363.9117682025757 16.67 3 3 388 389
1 0 0 0 1 0 0 0 1
1 0 0 0 1 0 0 0 1
261 290 39.67564196277179 16.67 3 3 390 391
1 0 0 0 1 0 0 0 1
1 0 0 0 1 0 0 0 1
85 40 622.8032524653827 16.67 3 3 392 393
1 0 0 0 1 0 0 0 1
1 0 0 0 1 0 0 0 1
85 444 362.2072996041203 16.67 3 3 394 395
1 0 0 0 1 0 0 0 1
1 0 0 0 1 0 0 0 1
85 354 467.5445981245966 16.67 3 3 396 397
1 0 0 0 1 0 0 0 1
1 0 0 0 1 0 0 0 1
12 288 913.1502460653245 16.67 3 3 398 399
1 0 0 0 1 0 0 0 1
1 0 0 0 1 0 0 0 1
12 282 84.6656571124464 16.67 3 3 400 401
1 0 0 0 1 0 0 0 1
1 0 0 0 1 0 0 0 1
12 14 41.87007535094808 16.67 3 3 402 403
1 0 0 0 1 0 0 0 1
1 0 0 0 1 0 0 0 1
181 216 890.3878907477811 16.67 3 3 404 405
1 0 0 0 1 0 0 0 1
1 0 0 0 1 0 0 0 1
181 521 28.408568774307994 16.67 3 3 406 407
1 0 0 0 1 0 0 0 1
1 0 0 0 1 0 0 0 1
13 282 63.853937365820435 16.67 3 3 408 409
1 0 0 0 1 0 0 0 1
1 0 0 0 1 0 0 0 1
13 15 80.4514733365418 16.67 3 3 410 411
1 0 0 0 1 0 0 0 1
1 0 0 0 1 0 0 0 1
13 221 32.27608229214042 16.67 3 3 412 413
1 0 0 0 1 0 0 0 1
1 0 0 0 1 0 0 0 1
182 373 23.56205119433954 16.67 3 3 414 415
1 0 0 0 1 0 0 0 1
1 0 0 0 1 0 0 0 1
182 521 333.0975363547126 16.67 3 3 416 417
1 0 0 0 1 0 0 0 1
1 0 0 0 1 0 0 0 1
14 284 546.3166529027526 16.67 3 3 418 419
1 0 0 0 1 0 0 0 1
1 0 0 0 1 0 0 0 1
14 221 32.70099895348594 16.67 3 3 420 421
1 0 0 0 1 0 0 0 1
1 0 0 0 1 0 0 0 1
15 282 62.38112353488029 16.67 3 3 422 423
1 0 0 0 1 0 0 0 1
1 0 0 0 1 0 0 0 1
15 289 306.5924597444322 16.67 3 3 424 425
1 0 0 0 1 0 0 0 1
1 0 0 0 1 0 0 0 1
159 381 41.72094616066609 16.67 3 3 426 427
1 0 0 0 1 0 0 0 1
1 0 0 0 1 0 0 0 1
159 135 284.57777459616415 16.67 3 3 428 429
1 0 0 0 1 0 0 0 1
1 0 0 0 1 0 0 0 1
159 490 727.42282833575 16.67 3 3 430 431
1 0 0 0 1 0 0 0 1
1 0 0 0 1 0 0 0 1
111 576 98.11952187696069 16.67 3 3 432 433
1 0 0 0 1 0 0 0 1
1 0 0 0 1 0 0 0 1
111 87 475.1280173123753 16.67 3 3 434 435
1 0 0 0 1 0 0 0 1
1 0 0 0 1 0 0 0 1
111 431 354.69155715727777 16.67 3 3 436 437
1 0 0 0 1 0 0 0 1
1 0 0 0 1 0 0 0 1
16 41 281.6644681530448 16.67 3 3 438 439
1 0 0 0 1 0 0 0 1
1 0 0 0 1 0 0 0 1
16 289 870.3206751551045 16.67 3 3 440 441
1 0 0 0 1 0 0 0 1
1 0 0 0 1 0 0 0 1
16 292 413.75865279846073 16.67 3 3 442 443
1 0 0 0 1 0 0 0 1
1 0 0 0 1 0 0 0 1
160 381 44.49910702668355 16.67 3 3 444 445
1 0 0 0 1 0 0 0 1
1 0 0 0 1 0 0 0 1
160 324 121.99961747497059 16.67 3 3 446 447
1 0 0 0 1 0 0 0 1
1 0 0 0 1 0 0 0 1
183 479 564.0076551675194 16.67 3 3 448 449
1 0 0 0 1 0 0 0 1
1 0 0 0 1 0 0 0 1
183 126 259.58148203322577 16.67 3 3 450 451
1 0 0 0 1 0 0 0 1
1 0 0 0 1 0 0 0 1
184 501 314.55759863477937 16.67 3 3 452 453
1 0 0 0 1 0 0 0 1
1 0 0 0 1 0 0 0 1
184 190 991.7245052722062 16.67 3 3 454 455
1 0 0 0 1 0 0 0 1
1 0 0 0 1 0 0 0 1
184 479 351.3439374258436 16.67 3 3 456 457
1 0 0 0 1 0 0 0 1
1 0 0 0 1 0 0 0 1
185 376 719.7707583998902 16.67 3 3 458 459
1 0 0 0 1 0 0 0 1
1 0 0 0 1 0 0 0 1
185 438 125.55316329327405 16.67 3 3 460 461
1 0 0 0 1 0 0 0 1
1 0 0 0 1 0 0 0 1
185 186 55.46025622753912 16.67 3 3 462 463
1 0 0 0 1 0 0 0 1
1 0 0 0 1 0 0 0 1
86 55 226.40726205664004 16.67 3 3 464 465
1 0 0 0 1 0 0 0 1
1 0 0 0 1 0 0 0 1
86 325 86.36557132004333 16.67 3 3 466 467
1 0 0 0 1 0 0 0 1
1 0 0 0 1 0 0 0 1
266 582 445.13610283505454 16.67 3 3 468 469
1 0 0 0 1 0 0 0 1
1 0 0 0 1 0 0 0 1
266 539 1038.4742647377082 16.67 3 3 470 471
1 0 0 0 1 0 0 0 1
1 0 0 0 1 0 0 0 1
266 267 789.1125697886416 16.67 3 3 472 473
1 0 0 0 1 0 0 0 1
1 0 0 0 1 0 0 0 1
267 539 1040.0482776763556 16.67 3 3 474 475
1 0 0 0 1 0 0 0 1
1 0 0 0 1 0 0 0 1
267 268 27.915269159947346 16.67 3 3 476 477
1 0 0 0 1 0 0 0 1
1 0 0 0 1 0 0 0 1
268 1 899.3558839500605 16.67 3 3 478 479
1 0 0 0 1 0 0 0 1
1 0 0 0 1 0 0 0 1
268 539 1024.7246413703895 16.67 3 3 480 481
1 0 0 0 1 0 0 0 1
1 0 0 0 1 0 0 0 1
271 272 269.59709718524 16.67 3 3 482 483
1 0 0 0 1 0 0 0 1
1 0 0 0 1 0 0 0 1
271 3 300.8380323480856 16.67 3 3 484 485
1 0 0 0 1 0 0 0 1
1 0 0 0 1 0 0 0 1
271 274 1829.9958683023394 16.67 3 3 486 487
1 0 0 0 1 0 0 0 1
1 0 0 0 1 0 0 0 1
186 525 176.84856367902697 16.67 3 3 488 489
1 0 0 0 1 0 0 0 1
1 0 0 0 1 0 0 0 1
186 258 1044.3419839407188 16.67 3 3 490 491
1 0 0 0 1 0 0 0 1
1 0 0 0 1 0 0 0 1
273 346 65.34081663427926 16.67 3 3 492 493
1 0 0 0 1 0 0 0 1
1 0 0 0 1 0 0 0 1
273 56 275.8451819386091 16.67 3 3 494 495
1 0 0 0 1 0 0 0 1
1 0 0 0 1 0 0 0 1
273 452 628.193183662771 16.67 3 3 496 497
1 0 0 0 1 0 0 0 1
1 0 0 0 1 0 0 0 1
274 158 2066.9721279661376 16.67 3 3 498 499
1 0 0 0 1 0 0 0 1
1 0 0 0 1 0 0 0 1
274 108 2089.6778321511433 16.67 3 3 500 501
1 0 0 0 1 0 0 0 1
1 0 0 0 1 0 0 0 1
274 412 694.5734954718434 16.67 3 3 502 503
1 0 0 0 1 0 0 0 1
1 0 0 0 1 0 0 0 1
275 398 374.606028820497 16.67 3 3 504 505
1 0 0 0 1 0 0 0 1
1 0 0 0 1 0 0 0 1
275 372 310.9034598573742 16.67 3 3 506 507
1 0 0 0 1 0 0 0 1
1 0 0 0 1 0 0 0 1
275 412 307.8792794460819 16.67 3 3 508 509
1 0 0 0 1 0 0 0 1
1 0 0 0 1 0 0 0 1
276 407 488.2554724685178 16.67 3 3 510 511
1 0 0 0 1 0 0 0 1
1 0 0 0 1 0 0 0 1
276 411 288.55522389079556 16.67 3 3 512 513
1 0 0 0 1 0 0 0 1
1 0 0 0 1 0 0 0 1
276 164 49.11663318264082 16.67 3 3 514 515
1 0 0 0 1 0 0 0 1
1 0 0 0 1 0 0 0 1
276 510 592.6899202875283 16.67 3 3 516 517
1 0 0 0 1 0 0 0 1
1 0 0 0 1 0 0 0 1
277 407 60.56084991031757 16.67 3 3 518 519
1 0 0 0 1 0 0 0 1
1 0 0 0 1 0 0 0 1
277 260 57.63685044793552 16.67 3 3 520 521
1 0 0 0 1 0 0 0 1
1 0 0 0 1 0 0 0 1
278 283 533.5461785204451 16.67 3 3 522 523
1 0 0 0 1 0 0 0 1
1 0 0 0 1 0 0 0 1
278 356 708.632106942287 16.67 3 3 524 525
1 0 0 0 1 0 0 0 1
1 0 0 0 1 0 0 0 1
278 279 32.5900722814203 16.67 3 3 526 527
1 0 0 0 1 0 0 0 1
1 0 0 0 1 0 0 0 1
279 398 1009.9341882209375 16.67 3 3 528 529
1 0 0 0 1 0 0 0 1
1 0 0 0 1 0 0 0 1
279 244 675.5255247941384 16.67 3 3 530 531
1 0 0 0 1 0 0 0 1
1 0 0 0 1 0 0 0 1
280 298 1062.9942395829294 16.67 3 3 532 533
1 0 0 0 1 0 0 0 1
1 0 0 0 1 0 0 0 1
280 423 160.9797876373881 16.67 3 3 534 535
1 0 0 0 1 0 0 0 1
1 0 0 0 1 0 0 0 1
281 355 576.710729343479 16.67 3 3 536 537
1 0 0 0 1 0 0 0 1
1 0 0 0 1 0 0 0 1
281 282 176.45935024473147 16.67 3 3 538 539
1 0 0 0 1 0 0 0 1
1 0 0 0 1 0 0 0 1
281 57 620.779241663152 16.67 3 3 540 541
1 0 0 0 1 0 0 0 1
1 0 0 0 1 0 0 0 1
88 397 364.04471752083913 16.67 3 3 542 543
1 0 0 0 1 0 0 0 1
1 0 0 0 1 0 0 0 1
88 355 479.6310307858708 16.67 3 3 544 545
1 0 0 0 1 0 0 0 1
1 0 0 0 1 0 0 0 1
88 57 562.5118444913292 16.67 3 3 546 547
1 0 0 0 1 0 0 0 1
1 0 0 0 1 0 0 0 1
88 386 350.70025275770837 16.67 3 3 548 549
1 0 0 0 1 0 0 0 1
1 0 0 0 1 0 0 0 1
40 68 167.24978338904108 16.67 3 3 550 551
1 0 0 0 1 0 0 0 1
1 0 0 0 1 0 0 0 1
40 444 262.296805422824 16.67 3 3 552 553
1 0 0 0 1 0 0 0 1
1 0 0 0 1 0 0 0 1
283 285 44.952239075841455 16.67 3 3 554 555
1 0 0 0 1 0 0 0 1
1 0 0 0 1 0 0 0 1
283 305 1991.7022107315174 16.67 3 3 556 557
1 0 0 0 1 0 0 0 1
1 0 0 0 1 0 0 0 1
283 316 648.8953876283442 16.67 3 3 558 559
1 0 0 0 1 0 0 0 1
1 0 0 0 1 0 0 0 1
284 288 326.5528599671838 16.67 3 3 560 561
1 0 0 0 1 0 0 0 1
1 0 0 0 1 0 0 0 1
284 221 578.2066398793478 16.67 3 3 562 563
1 0 0 0 1 0 0 0 1
1 0 0 0 1 0 0 0 1
284 18 344.11110882226586 16.67 3 3 564 565
1 0 0 0 1 0 0 0 1
1 0 0 0 1 0 0 0 1
285 101 434.65766312246143 16.67 3 3 566 567
1 0 0 0 1 0 0 0 1
1 0 0 0 1 0 0 0 1
285 100 410.0653402644333 16.67 3 3 568 569
1 0 0 0 1 0 0 0 1
1 0 0 0 1 0 0 0 1
285 291 252.31017632807416 16.67 3 3 570 571
1 0 0 0 1 0 0 0 1
1 0 0 0 1 0 0 0 1
286 90 785.9137158854056 16.67 3 3 572 573
1 0 0 0 1 0 0 0 1
1 0 0 0 1 0 0 0 1
286 294 547.3944945624953 16.67 3 3 574 575
1 0 0 0 1 0 0 0 1
1 0 0 0 1 0 0 0 1
286 358 388.86850790630336 16.67 3 3 576 577
1 0 0 0 1 0 0 0 1
1 0 0 0 1 0 0 0 1
287 390 99.92346025404993 16.67 3 3 578 579
1 0 0 0 1 0 0 0 1
1 0 0 0 1 0 0 0 1
287 290 152.34525290967088 16.67 3 3 580 581
1 0 0 0 1 0 0 0 1
1 0 0 0 1 0 0 0 1
287 424 398.27425747900145 16.67 3 3 582 583
1 0 0 0 1 0 0 0 1
1 0 0 0 1 0 0 0 1
288 368 372.4094957501054 16.67 3 3 584 585
1 0 0 0 1 0 0 0 1
1 0 0 0 1 0 0 0 1
89 96 367.880995195859 16.67 3 3 586 587
1 0 0 0 1 0 0 0 1
1 0 0 0 1 0 0 0 1
89 543 468.0722949538291 16.67 3 3 588 589
1 0 0 0 1 0 0 0 1
1 0 0 0 1 0 0 0 1
289 549 403.36019025530993 16.67 3 3 590 591
1 0 0 0 1 0 0 0 1
1 0 0 0 1 0 0 0 1
289 18 713.4879272625096 16.67 3 3 592 593
1 0 0 0 1 0 0 0 1
1 0 0 0 1 0 0 0 1
290 359 360.22684002562715 16.67 3 3 594 595
1 0 0 0 1 0 0 0 1
1 0 0 0 1 0 0 0 1
290 364 543.4691078610157 16.67 3 3 596 597
1 0 0 0 1 0 0 0 1
1 0 0 0 1 0 0 0 1
291 293 134.43489989049735 16.67 3 3 598 599
1 0 0 0 1 0 0 0 1
1 0 0 0 1 0 0 0 1
292 295 54.99230601525105 16.67 3 3 600 601
1 0 0 0 1 0 0 0 1
1 0 0 0 1 0 0 0 1
292 494 66.18786460656393 16.67 3 3 602 603
1 0 0 0 1 0 0 0 1
1 0 0 0 1 0 0 0 1
292 549 740.3769721683506 16.67 3 3 604 605
1 0 0 0 1 0 0 0 1
1 0 0 0 1 0 0 0 1
293 305 1596.7325854937876 16.67 3 3 606 607
1 0 0 0 1 0 0 0 1
1 0 0 0 1 0 0 0 1
293 24 884.3169473816617 16.67 3 3 608 609
1 0 0 0 1 0 0 0 1
1 0 0 0 1 0 0 0 1
294 400 51.5795787612972 16.67 3 3 610 611
1 0 0 0 1 0 0 0 1
1 0 0 0 1 0 0 0 1
294 364 583.233043352156 16.67 3 3 612 613
1 0 0 0 1 0 0 0 1
1 0 0 0 1 0 0 0 1
294 90 318.3947584355281 16.67 3 3 614 615
1 0 0 0 1 0 0 0 1
1 0 0 0 1 0 0 0 1
295 92 191.23339513265407 16.67 3 3 616 617
1 0 0 0 1 0 0 0 1
1 0 0 0 1 0 0 0 1
296 460 1233.994732569159 16.67 3 3 618 619
1 0 0 0 1 0 0 0 1
1 0 0 0 1 0 0 0 1
296 19 42.21026707829737 16.67 3 3 620 621
1 0 0 0 1 0 0 0 1
1 0 0 0 1 0 0 0 1
296 20 38.770328986174526 16.67 3 3 622 623
1 0 0 0 1 0 0 0 1
1 0 0 0 1 0 0 0 1
297 299 85.27285429924399 16.67 3 3 624 625
1 0 0 0 1 0 0 0 1
1 0 0 0 1 0 0 0 1
297 315 315.43801924754 16.67 3 3 626 627
1 0 0 0 1 0 0 0 1
1 0 0 0 1 0 0 0 1
297 316 797.6683772188035 16.67 3 3 628 629
1 0 0 0 1 0 0 0 1
1 0 0 0 1 0 0 0 1
90 119 644.5058003729289 16.67 3 3 630 631
1 0 0 0 1 0 0 0 1
1 0 0 0 1 0 0 0 1
90 93 646.0495452712622 16.67 3 3 632 633
1 0 0 0 1 0 0 0 1
1 0 0 0 1 0 0 0 1
298 496 873.5137175601548 16.67 3 3 634 635
1 0 0 0 1 0 0 0 1
1 0 0 0 1 0 0 0 1
298 92 325.9798710173793 16.67 3 3 636 637
1 0 0 0 1 0 0 0 1
1 0 0 0 1 0 0 0 1
299 224 1120.0011841849628 16.67 3 3 638 639
1 0 0 0 1 0 0 0 1
1 0 0 0 1 0 0 0 1
300 367 1429.4498660229071 16.67 3 3 640 641
1 0 0 0 1 0 0 0 1
1 0 0 0 1 0 0 0 1
300 549 27.14706376655708 16.67 3 3 642 643
1 0 0 0 1 0 0 0 1
1 0 0 0 1 0 0 0 1
300 301 1074.4888395994046 16.67 3 3 644 645
1 0 0 0 1 0 0 0 1
1 0 0 0 1 0 0 0 1
41 92 492.90938535189144 16.67 3 3 646 647
1 0 0 0 1 0 0 0 1
1 0 0 0 1 0 0 0 1
301 22 195.85070620655276 16.67 3 3 648 649
1 0 0 0 1 0 0 0 1
1 0 0 0 1 0 0 0 1
301 368 381.1510904967195 16.67 3 3 650 651
1 0 0 0 1 0 0 0 1
1 0 0 0 1 0 0 0 1
301 394 257.69846636325144 16.67 3 3 652 653
1 0 0 0 1 0 0 0 1
1 0 0 0 1 0 0 0 1
142 141 500.89253560834845 16.67 3 3 654 655
1 0 0 0 1 0 0 0 1
1 0 0 0 1 0 0 0 1
302 478 864.2359978339076 16.67 3 3 656 657
1 0 0 0 1 0 0 0 1
1 0 0 0 1 0 0 0 1
302 496 310.05623379323475 16.67 3 3 658 659
1 0 0 0 1 0 0 0 1
1 0 0 0 1 0 0 0 1
303 306 1098.8748503359627 16.67 3 3 660 661
1 0 0 0 1 0 0 0 1
1 0 0 0 1 0 0 0 1
303 361 1727.1487814795937 16.67 3 3 662 663
1 0 0 0 1 0 0 0 1
1 0 0 0 1 0 0 0 1
303 66 629.3044411997262 16.67 3 3 664 665
1 0 0 0 1 0 0 0 1
1 0 0 0 1 0 0 0 1
304 305 273.3536719722889 16.67 3 3 666 667
1 0 0 0 1 0 0 0 1
1 0 0 0 1 0 0 0 1
304 24 458.32350014244486 16.67 3 3 668 669
1 0 0 0 1 0 0 0 1
1 0 0 0 1 0 0 0 1
304 557 322.9747384124378 16.67 3 3 670 671
1 0 0 0 1 0 0 0 1
1 0 0 0 1 0 0 0 1
306 484 818.9183633031288 16.67 3 3 672 673
1 0 0 0 1 0 0 0 1
1 0 0 0 1 0 0 0 1
306 378 554.9779768403362 16.67 3 3 674 675
1 0 0 0 1 0 0 0 1
1 0 0 0 1 0 0 0 1
307 571 440.59405008652993 16.67 3 3 676 677
1 0 0 0 1 0 0 0 1
1 0 0 0 1 0 0 0 1
307 308 190.12202155080598 16.67 3 3 678 679
1 0 0 0 1 0 0 0 1
1 0 0 0 1 0 0 0 1
307 371 330.49172610330703 16.67 3 3 680 681
1 0 0 0 1 0 0 0 1
1 0 0 0 1 0 0 0 1
307 581 281.99667182801005 16.67 3 3 682 683
1 0 0 0 1 0 0 0 1
1 0 0 0 1 0 0 0 1
308 96 434.95458577560424 16.67 3 3 684 685
1 0 0 0 1 0 0 0 1
1 0 0 0 1 0 0 0 1
308 91 342.51002530085026 16.67 3 3 686 687
1 0 0 0 1 0 0 0 1
1 0 0 0 1 0 0 0 1
308 543 246.5620247265857 16.67 3 3 688 689
1 0 0 0 1 0 0 0 1
1 0 0 0 1 0 0 0 1
309 227 27.903615664688225 16.67 3 3 690 691
1 0 0 0 1 0 0 0 1
1 0 0 0 1 0 0 0 1
310 546 167.62675477497356 16.67 3 3 692 693
1 0 0 0 1 0 0 0 1
1 0 0 0 1 0 0 0 1
310 545 145.10086105798726 16.67 3 3 694 695
1 0 0 0 1 0 0 0 1
1 0 0 0 1 0 0 0 1
311 313 563.1523955056348 16.67 3 3 696 697
1 0 0 0 1 0 0 0 1
1 0 0 0 1 0 0 0 1
311 544 1579.279330694551 16.67 3 3 698 699
1 0 0 0 1 0 0 0 1
1 0 0 0 1 0 0 0 1
311 545 711.5362976612212 16.67 3 3 700 701
1 0 0 0 1 0 0 0 1
1 0 0 0 1 0 0 0 1
187 527 102.4635395904986 16.67 3 3 702 703
1 0 0 0 1 0 0 0 1
1 0 0 0 1 0 0 0 1
187 189 485.9819544157285 16.67 3 3 704 705
1 0 0 0 1 0 0 0 1
1 0 0 0 1 0 0 0 1
312 406 644.1738753684582 16.67 3 3 706 707
1 0 0 0 1 0 0 0 1
1 0 0 0 1 0 0 0 1
312 314 169.35374467356783 16.67 3 3 708 709
1 0 0 0 1 0 0 0 1
1 0 0 0 1 0 0 0 1
312 32 548.1452721081777 16.67 3 3 710 711
1 0 0 0 1 0 0 0 1
1 0 0 0 1 0 0 0 1
313 69 680.222387041855 16.67 3 3 712 713
1 0 0 0 1 0 0 0 1
1 0 0 0 1 0 0 0 1
314 551 959.1986415268977 16.67 3 3 714 715
1 0 0 0 1 0 0 0 1
1 0 0 0 1 0 0 0 1
314 251 1219.6879090923485 16.67 3 3 716 717
1 0 0 0 1 0 0 0 1
1 0 0 0 1 0 0 0 1
314 38 161.4706306738959 16.67 3 3 718 719
1 0 0 0 1 0 0 0 1
1 0 0 0 1 0 0 0 1
91 371 220.28010087672592 16.67 3 3 720 721
1 0 0 0 1 0 0 0 1
1 0 0 0 1 0 0 0 1
91 97 824.9935169451281 16.67 3 3 722 723
1 0 0 0 1 0 0 0 1
1 0 0 0 1 0 0 0 1
315 498 109.48196628095148 16.67 3 3 724 725
1 0 0 0 1 0 0 0 1
1 0 0 0 1 0 0 0 1
315 369 267.9883049144002 16.67 3 3 726 727
1 0 0 0 1 0 0 0 1
1 0 0 0 1 0 0 0 1
315 157 22.5767410314136 16.67 3 3 728 729
1 0 0 0 1 0 0 0 1
1 0 0 0 1 0 0 0 1
316 344 209.1894334333024 16.67 3 3 730 731
1 0 0 0 1 0 0 0 1
1 0 0 0 1 0 0 0 1
43 391 300.39454636775054 16.67 3 3 732 733
1 0 0 0 1 0 0 0 1
1 0 0 0 1 0 0 0 1
43 402 375.6279519500768 16.67 3 3 734 735
1 0 0 0 1 0 0 0 1
1 0 0 0 1 0 0 0 1
43 370 203.2037475115515 16.67 3 3 736 737
1 0 0 0 1 0 0 0 1
1 0 0 0 1 0 0 0 1
317 404 231.0357978445375 16.67 3 3 738 739
1 0 0 0 1 0 0 0 1
1 0 0 0 1 0 0 0 1
317 157 707.0165344669226 16.67 3 3 740 741
1 0 0 0 1 0 0 0 1
1 0 0 0 1 0 0 0 1
317 226 1211.5930146962419 16.67 3 3 742 743
1 0 0 0 1 0 0 0 1
1 0 0 0 1 0 0 0 1
318 534 195.62698383969743 16.67 3 3 744 745
1 0 0 0 1 0 0 0 1
1 0 0 0 1 0 0 0 1
318 319 128.42301554741917 16.67 3 3 746 747
1 0 0 0 1 0 0 0 1
1 0 0 0 1 0 0 0 1
318 535 65.3930190592119 16.67 3 3 748 749
1 0 0 0 1 0 0 0 1
1 0 0 0 1 0 0 0 1
113 248 118.35395640785629 16.67 3 3 750 751
1 0 0 0 1 0 0 0 1
1 0 0 0 1 0 0 0 1
113 410 297.0807565787585 16.67 3 3 752 753
1 0 0 0 1 0 0 0 1
1 0 0 0 1 0 0 0 1
319 422 293.31684680542566 16.67 3 3 754 755
1 0 0 0 1 0 0 0 1
1 0 0 0 1 0 0 0 1
319 399 46.88407648440872 16.67 3 3 756 757
1 0 0 0 1 0 0 0 1
1 0 0 0 1 0 0 0 1
320 64 622.774089156331 16.67 3 3 758 759
1 0 0 0 1 0 0 0 1
1 0 0 0 1 0 0 0 1
320 450 322.1291235345571 16.67 3 3 760 761
1 0 0 0 1 0 0 0 1
1 0 0 0 1 0 0 0 1
321 505 287.04615517412174 16.67 3 3 762 763
1 0 0 0 1 0 0 0 1
1 0 0 0 1 0 0 0 1
321 379 422.01620609979926 16.67 3 3 764 765
1 0 0 0 1 0 0 0 1
1 0 0 0 1 0 0 0 1
322 582 534.218791006082 16.67 3 3 766 767
1 0 0 0 1 0 0 0 1
1 0 0 0 1 0 0 0 1
322 69 554.5504292293476 16.67 3 3 768 769
1 0 0 0 1 0 0 0 1
1 0 0 0 1 0 0 0 1
323 378 354.1248652795233 16.67 3 3 770 771
1 0 0 0 1 0 0 0 1
1 0 0 0 1 0 0 0 1
323 44 801.0278172824183 16.67 3 3 772 773
1 0 0 0 1 0 0 0 1
1 0 0 0 1 0 0 0 1
323 487 431.2170074899811 16.67 3 3 774 775
1 0 0 0 1 0 0 0 1
1 0 0 0 1 0 0 0 1
324 428 48.648054885823576 16.67 3 3 776 777
1 0 0 0 1 0 0 0 1
1 0 0 0 1 0 0 0 1
324 58 168.30610607634404 16.67 3 3 778 779
1 0 0 0 1 0 0 0 1
1 0 0 0 1 0 0 0 1
325 532 671.5027144887192 16.67 3 3 780 781
1 0 0 0 1 0 0 0 1
1 0 0 0 1 0 0 0 1
325 334 338.56231634842334 16.67 3 3 782 783
1 0 0 0 1 0 0 0 1
1 0 0 0 1 0 0 0 1
326 54 104.87431129600678 16.67 3 3 784 785
1 0 0 0 1 0 0 0 1
1 0 0 0 1 0 0 0 1
326 332 180.38636241892604 16.67 3 3 786 787
1 0 0 0 1 0 0 0 1
1 0 0 0 1 0 0 0 1
326 413 215.48890463142695 16.67 3 3 788 789
1 0 0 0 1 0 0 0 1
1 0 0 0 1 0 0 0 1
326 58 123.06683263258732 16.67 3 3 790 791
1 0 0 0 1 0 0 0 1
1 0 0 0 1 0 0 0 1
327 383 176.82292768417008 16.67 3 3 792 793
1 0 0 0 1 0 0 0 1
1 0 0 0 1 0 0 0 1
327 67 243.04947017392482 16.67 3 3 794 795
1 0 0 0 1 0 0 0 1
1 0 0 0 1 0 0 0 1
328 329 149.81952702264678 16.67 3 3 796 797
1 0 0 0 1 0 0 0 1
1 0 0 0 1 0 0 0 1
328 393 285.80596033699544 16.67 3 3 798 799
1 0 0 0 1 0 0 0 1
1 0 0 0 1 0 0 0 1
328 370 499.5411948016617 16.67 3 3 800 801
1 0 0 0 1 0 0 0 1
1 0 0 0 1 0 0 0 1
328 333 452.3568310305932 16.67 3 3 802 803
1 0 0 0 1 0 0 0 1
1 0 0 0 1 0 0 0 1
329 350 144.79171242313015 16.67 3 3 804 805
1 0 0 0 1 0 0 0 1
1 0 0 0 1 0 0 0 1
329 377 438.47930846391375 16.67 3 3 806 807
1 0 0 0 1 0 0 0 1
1 0 0 0 1 0 0 0 1
329 332 318.72068038626554 16.67 3 3 808 809
1 0 0 0 1 0 0 0 1
1 0 0 0 1 0 0 0 1
330 341 317.8051764937399 16.67 3 3 810 811
1 0 0 0 1 0 0 0 1
1 0 0 0 1 0 0 0 1
330 380 357.4976378598774 16.67 3 3 812 813
1 0 0 0 1 0 0 0 1
1 0 0 0 1 0 0 0 1
331 63 289.0890339279296 16.67 3 3 814 815
1 0 0 0 1 0 0 0 1
1 0 0 0 1 0 0 0 1
331 444 77.15054707159354 16.67 3 3 816 817
1 0 0 0 1 0 0 0 1
1 0 0 0 1 0 0 0 1
331 338 458.3742616808969 16.67 3 3 818 819
1 0 0 0 1 0 0 0 1
1 0 0 0 1 0 0 0 1
332 393 189.25731133495606 16.67 3 3 820 821
1 0 0 0 1 0 0 0 1
1 0 0 0 1 0 0 0 1
333 59 261.60840106709696 16.67 3 3 822 823
1 0 0 0 1 0 0 0 1
1 0 0 0 1 0 0 0 1
333 145 103.66797502787574 16.67 3 3 824 825
1 0 0 0 1 0 0 0 1
1 0 0 0 1 0 0 0 1
333 52 70.36847809005214 16.67 3 3 826 827
1 0 0 0 1 0 0 0 1
1 0 0 0 1 0 0 0 1
334 367 664.5974420137449 16.67 3 3 828 829
1 0 0 0 1 0 0 0 1
1 0 0 0 1 0 0 0 1
334 541 931.9645996419855 16.67 3 3 830 831
1 0 0 0 1 0 0 0 1
1 0 0 0 1 0 0 0 1
335 372 794.5232243585024 16.67 3 3 832 833
1 0 0 0 1 0 0 0 1
1 0 0 0 1 0 0 0 1
335 499 282.6702023975577 16.67 3 3 834 835
1 0 0 0 1 0 0 0 1
1 0 0 0 1 0 0 0 1
335 375 322.1489045826997 16.67 3 3 836 837
1 0 0 0 1 0 0 0 1
1 0 0 0 1 0 0 0 1
335 384 368.024075398742 16.67 3 3 838 839
1 0 0 0 1 0 0 0 1
1 0 0 0 1 0 0 0 1
18 368 321.90917933480114 16.67 3 3 840 841
1 0 0 0 1 0 0 0 1
1 0 0 0 1 0 0 0 1
336 165 263.09960883001855 16.67 3 3 842 843
1 0 0 0 1 0 0 0 1
1 0 0 0 1 0 0 0 1
336 483 248.83144124937112 16.67 3 3 844 845
1 0 0 0 1 0 0 0 1
1 0 0 0 1 0 0 0 1
336 167 35.330593008895505 16.67 3 3 846 847
1 0 0 0 1 0 0 0 1
1 0 0 0 1 0 0 0 1
337 342 309.99270293780575 16.67 3 3 848 849
1 0 0 0 1 0 0 0 1
1 0 0 0 1 0 0 0 1
337 492 231.30512632061667 16.67 3 3 850 851
1 0 0 0 1 0 0 0 1
1 0 0 0 1 0 0 0 1
338 379 671.3344097627214 16.67 3 3 852 853
1 0 0 0 1 0 0 0 1
1 0 0 0 1 0 0 0 1
338 66 43.15418784587092 16.67 3 3 854 855
1 0 0 0 1 0 0 0 1
1 0 0 0 1 0 0 0 1
339 488 144.03513763631577 16.67 3 3 856 857
1 0 0 0 1 0 0 0 1
1 0 0 0 1 0 0 0 1
339 161 469.9091922574714 16.67 3 3 858 859
1 0 0 0 1 0 0 0 1
1 0 0 0 1 0 0 0 1
339 385 94.60173495301501 16.67 3 3 860 861
1 0 0 0 1 0 0 0 1
1 0 0 0 1 0 0 0 1
340 363 1715.7523117268736 16.67 3 3 862 863
1 0 0 0 1 0 0 0 1
1 0 0 0 1 0 0 0 1
340 508 1251.871192729609 16.67 3 3 864 865
1 0 0 0 1 0 0 0 1
1 0 0 0 1 0 0 0 1
340 388 299.02694289396317 16.67 3 3 866 867
1 0 0 0 1 0 0 0 1
1 0 0 0 1 0 0 0 1
340 464 875.0327908060079 16.67 3 3 868 869
1 0 0 0 1 0 0 0 1
1 0 0 0 1 0 0 0 1
341 130 117.74091991535894 16.67 3 3 870 871
1 0 0 0 1 0 0 0 1
1 0 0 0 1 0 0 0 1
341 388 420.7725171127313 16.67 3 3 872 873
1 0 0 0 1 0 0 0 1
1 0 0 0 1 0 0 0 1
341 389 303.4963066632539 16.67 3 3 874 875
1 0 0 0 1 0 0 0 1
1 0 0 0 1 0 0 0 1
342 451 957.7816703585287 16.67 3 3 876 877
1 0 0 0 1 0 0 0 1
1 0 0 0 1 0 0 0 1
342 361 825.5110007970887 16.67 3 3 878 879
1 0 0 0 1 0 0 0 1
1 0 0 0 1 0 0 0 1
343 20 1267.4242348427226 16.67 3 3 880 881
1 0 0 0 1 0 0 0 1
1 0 0 0 1 0 0 0 1
343 427 244.5267985514821 16.67 3 3 882 883
1 0 0 0 1 0 0 0 1
1 0 0 0 1 0 0 0 1
344 17 510.0642218106608 16.67 3 3 884 885
1 0 0 0 1 0 0 0 1
1 0 0 0 1 0 0 0 1
344 356 263.2441123849701 16.67 3 3 886 887
1 0 0 0 1 0 0 0 1
1 0 0 0 1 0 0 0 1
344 11 674.6946018152595 16.67 3 3 888 889
1 0 0 0 1 0 0 0 1
1 0 0 0 1 0 0 0 1
345 582 32.25966544212399 16.67 3 3 890 891
1 0 0 0 1 0 0 0 1
1 0 0 0 1 0 0 0 1
345 378 539.8880069788542 16.67 3 3 892 893
1 0 0 0 1 0 0 0 1
1 0 0 0 1 0 0 0 1
345 487 359.21699274651695 16.67 3 3 894 895
1 0 0 0 1 0 0 0 1
1 0 0 0 1 0 0 0 1
346 452 591.2391728040388 16.67 3 3 896 897
1 0 0 0 1 0 0 0 1
1 0 0 0 1 0 0 0 1
346 65 180.3051464826692 16.67 3 3 898 899
1 0 0 0 1 0 0 0 1
1 0 0 0 1 0 0 0 1
347 436 404.2897926209967 16.67 3 3 900 901
1 0 0 0 1 0 0 0 1
1 0 0 0 1 0 0 0 1
347 433 51.28625901333219 16.67 3 3 902 903
1 0 0 0 1 0 0 0 1
1 0 0 0 1 0 0 0 1
347 434 626.7638038465386 16.67 3 3 904 905
1 0 0 0 1 0 0 0 1
1 0 0 0 1 0 0 0 1
348 519 363.84306091165035 16.67 3 3 906 907
1 0 0 0 1 0 0 0 1
1 0 0 0 1 0 0 0 1
348 395 259.2357393300658 16.67 3 3 908 909
1 0 0 0 1 0 0 0 1
1 0 0 0 1 0 0 0 1
348 371 913.7384787654702 16.67 3 3 910 911
1 0 0 0 1 0 0 0 1
1 0 0 0 1 0 0 0 1
348 97 308.2677232990056 16.67 3 3 912 913
1 0 0 0 1 0 0 0 1
1 0 0 0 1 0 0 0 1
349 383 351.6613939872615 16.67 3 3 914 915
1 0 0 0 1 0 0 0 1
1 0 0 0 1 0 0 0 1
349 377 319.45123141862985 16.67 3 3 916 917
1 0 0 0 1 0 0 0 1
1 0 0 0 1 0 0 0 1
349 352 172.54013172738982 16.67 3 3 918 919
1 0 0 0 1 0 0 0 1
1 0 0 0 1 0 0 0 1
350 377 486.308710969433 16.67 3 3 920 921
1 0 0 0 1 0 0 0 1
1 0 0 0 1 0 0 0 1
350 138 174.86807399670445 16.67 3 3 922 923
1 0 0 0 1 0 0 0 1
1 0 0 0 1 0 0 0 1
351 401 68.53582065135984 16.67 3 3 924 925
1 0 0 0 1 0 0 0 1
1 0 0 0 1 0 0 0 1
351 107 57.13313943419764 16.67 3 3 926 927
1 0 0 0 1 0 0 0 1
1 0 0 0 1 0 0 0 1
352 507 276.5399824048408 16.67 3 3 928 929
1 0 0 0 1 0 0 0 1
1 0 0 0 1 0 0 0 1
352 61 197.51695875494812 16.67 3 3 930 931
1 0 0 0 1 0 0 0 1
1 0 0 0 1 0 0 0 1
352 60 291.2700011829928 16.67 3 3 932 933
1 0 0 0 1 0 0 0 1
1 0 0 0 1 0 0 0 1
353 391 308.31160224049717 16.67 3 3 934 935
1 0 0 0 1 0 0 0 1
1 0 0 0 1 0 0 0 1
353 572 352.68457474369546 16.67 3 3 936 937
1 0 0 0 1 0 0 0 1
1 0 0 0 1 0 0 0 1
354 582 395.91394241637585 16.67 3 3 938 939
1 0 0 0 1 0 0 0 1
1 0 0 0 1 0 0 0 1
354 487 52.00890231648537 16.67 3 3 940 941
1 0 0 0 1 0 0 0 1
1 0 0 0 1 0 0 0 1
355 380 571.4984783430815 16.67 3 3 942 943
1 0 0 0 1 0 0 0 1
1 0 0 0 1 0 0 0 1
356 369 726.5000138434297 16.67 3 3 944 945
1 0 0 0 1 0 0 0 1
1 0 0 0 1 0 0 0 1
356 382 974.3558247516638 16.67 3 3 946 947
1 0 0 0 1 0 0 0 1
1 0 0 0 1 0 0 0 1
357 114 314.64312706621973 16.67 3 3 948 949
1 0 0 0 1 0 0 0 1
1 0 0 0 1 0 0 0 1
357 460 1026.6858730669164 16.67 3 3 950 951
1 0 0 0 1 0 0 0 1
1 0 0 0 1 0 0 0 1
357 434 844.5251603236641 16.67 3 3 952 953
1 0 0 0 1 0 0 0 1
1 0 0 0 1 0 0 0 1
358 425 159.51514621073196 16.67 3 3 954 955
1 0 0 0 1 0 0 0 1
1 0 0 0 1 0 0 0 1
358 573 762.8895473432635 16.67 3 3 956 957
1 0 0 0 1 0 0 0 1
1 0 0 0 1 0 0 0 1
359 368 345.5029243214905 16.67 3 3 958 959
1 0 0 0 1 0 0 0 1
1 0 0 0 1 0 0 0 1
359 93 619.3972739854181 16.67 3 3 960 961
1 0 0 0 1 0 0 0 1
1 0 0 0 1 0 0 0 1
359 394 417.48663671498116 16.67 3 3 962 963
1 0 0 0 1 0 0 0 1
1 0 0 0 1 0 0 0 1
360 376 411.1344512056212 16.67 3 3 964 965
1 0 0 0 1 0 0 0 1
1 0 0 0 1 0 0 0 1
360 541 302.8770545321612 16.67 3 3 966 967
1 0 0 0 1 0 0 0 1
1 0 0 0 1 0 0 0 1
361 449 737.8343177993751 16.67 3 3 968 969
1 0 0 0 1 0 0 0 1
1 0 0 0 1 0 0 0 1
362 270 127.10413283912712 16.67 3 3 970 971
1 0 0 0 1 0 0 0 1
1 0 0 0 1 0 0 0 1
362 430 663.9843454452136 16.67 3 3 972 973
1 0 0 0 1 0 0 0 1
1 0 0 0 1 0 0 0 1
363 133 573.5880636782689 16.67 3 3 974 975
1 0 0 0 1 0 0 0 1
1 0 0 0 1 0 0 0 1
363 456 276.1084643462541 16.67 3 3 976 977
1 0 0 0 1 0 0 0 1
1 0 0 0 1 0 0 0 1
363 486 555.8479372749478 16.67 3 3 978 979
1 0 0 0 1 0 0 0 1
1 0 0 0 1 0 0 0 1
93 364 340.61922480311483 16.67 3 3 980 981
1 0 0 0 1 0 0 0 1
1 0 0 0 1 0 0 0 1
93 118 109.29683734696101 16.67 3 3 982 983
1 0 0 0 1 0 0 0 1
1 0 0 0 1 0 0 0 1
365 392 251.09317788012333 16.67 3 3 984 985
1 0 0 0 1 0 0 0 1
1 0 0 0 1 0 0 0 1
365 233 48.8345988407379 16.67 3 3 986 987
1 0 0 0 1 0 0 0 1
1 0 0 0 1 0 0 0 1
366 580 362.4922160717136 16.67 3 3 988 989
1 0 0 0 1 0 0 0 1
1 0 0 0 1 0 0 0 1
366 384 323.2448172511542 16.67 3 3 990 991
1 0 0 0 1 0 0 0 1
1 0 0 0 1 0 0 0 1
366 433 554.592335532571 16.67 3 3 992 993
1 0 0 0 1 0 0 0 1
1 0 0 0 1 0 0 0 1
366 434 1223.6738874251937 16.67 3 3 994 995
1 0 0 0 1 0 0 0 1
1 0 0 0 1 0 0 0 1
367 532 336.43417884215324 16.67 3 3 996 997
1 0 0 0 1 0 0 0 1
1 0 0 0 1 0 0 0 1
367 234 69.34176191955117 16.67 3 3 998 999
1 0 0 0 1 0 0 0 1
1 0 0 0 1 0 0 0 1
369 516 435.59894165845793 16.67 3 3 1000 1001
1 0 0 0 1 0 0 0 1
1 0 0 0 1 0 0 0 1
369 157 261.33441595627727 16.67 3 3 1002 1003
1 0 0 0 1 0 0 0 1
1 0 0 0 1 0 0 0 1
370 377 226.1942769323125 16.67 3 3 1004 1005
1 0 0 0 1 0 0 0 1
1 0 0 0 1 0 0 0 1
370 572 56.38848297071393 16.67 3 3 1006 1007
1 0 0 0 1 0 0 0 1
1 0 0 0 1 0 0 0 1
371 62 286.7000463263136 16.67 3 3 1008 1009
1 0 0 0 1 0 0 0 1
1 0 0 0 1 0 0 0 1
372 56 919.1330697840868 16.67 3 3 1010 1011
1 0 0 0 1 0 0 0 1
1 0 0 0 1 0 0 0 1
372 412 27.550195932540856 16.67 3 3 1012 1013
1 0 0 0 1 0 0 0 1
1 0 0 0 1 0 0 0 1
373 246 947.0556710313082 16.67 3 3 1014 1015
1 0 0 0 1 0 0 0 1
1 0 0 0 1 0 0 0 1
373 97 324.1498844897389 16.67 3 3 1016 1017
1 0 0 0 1 0 0 0 1
1 0 0 0 1 0 0 0 1
374 47 259.24946485821954 16.67 3 3 1018 1019
1 0 0 0 1 0 0 0 1
1 0 0 0 1 0 0 0 1
374 417 228.12700290054508 16.67 3 3 1020 1021
1 0 0 0 1 0 0 0 1
1 0 0 0 1 0 0 0 1
374 196 248.89793320246608 16.67 3 3 1022 1023
1 0 0 0 1 0 0 0 1
1 0 0 0 1 0 0 0 1
375 499 45.24438420514141 16.67 3 3 1024 1025
1 0 0 0 1 0 0 0 1
1 0 0 0 1 0 0 0 1
375 382 365.5938686567032 16.67 3 3 1026 1027
1 0 0 0 1 0 0 0 1
1 0 0 0 1 0 0 0 1
44 223 33.64311164125464 16.67 3 3 1028 1029
1 0 0 0 1 0 0 0 1
1 0 0 0 1 0 0 0 1
376 542 710.1968105353452 16.67 3 3 1030 1031
1 0 0 0 1 0 0 0 1
1 0 0 0 1 0 0 0 1
378 69 510.0507921268882 16.67 3 3 1032 1033
1 0 0 0 1 0 0 0 1
1 0 0 0 1 0 0 0 1
161 583 240.4260808738823 16.67 3 3 1034 1035
1 0 0 0 1 0 0 0 1
1 0 0 0 1 0 0 0 1
161 166 794.3861900581767 16.67 3 3 1036 1037
1 0 0 0 1 0 0 0 1
1 0 0 0 1 0 0 0 1
379 396 217.13188589952503 16.67 3 3 1038 1039
1 0 0 0 1 0 0 0 1
1 0 0 0 1 0 0 0 1
380 50 618.8607120939148 16.67 3 3 1040 1041
1 0 0 0 1 0 0 0 1
1 0 0 0 1 0 0 0 1
381 103 398.8328288249966 16.67 3 3 1042 1043
1 0 0 0 1 0 0 0 1
1 0 0 0 1 0 0 0 1
381 58 160.37358993498327 16.67 3 3 1044 1045
1 0 0 0 1 0 0 0 1
1 0 0 0 1 0 0 0 1
95 468 311.88382460700666 16.67 3 3 1046 1047
1 0 0 0 1 0 0 0 1
1 0 0 0 1 0 0 0 1
95 167 238.4758407965139 16.67 3 3 1048 1049
1 0 0 0 1 0 0 0 1
1 0 0 0 1 0 0 0 1
382 580 457.47149946944035 16.67 3 3 1050 1051
1 0 0 0 1 0 0 0 1
1 0 0 0 1 0 0 0 1
383 61 325.7451337530138 16.67 3 3 1052 1053
1 0 0 0 1 0 0 0 1
1 0 0 0 1 0 0 0 1
383 402 279.0640270351364 16.67 3 3 1054 1055
1 0 0 0 1 0 0 0 1
1 0 0 0 1 0 0 0 1
384 163 214.24111274826322 16.67 3 3 1056 1057
1 0 0 0 1 0 0 0 1
1 0 0 0 1 0 0 0 1
384 441 1788.3807413317913 16.67 3 3 1058 1059
1 0 0 0 1 0 0 0 1
1 0 0 0 1 0 0 0 1
385 488 168.5781350121449 16.67 3 3 1060 1061
1 0 0 0 1 0 0 0 1
1 0 0 0 1 0 0 0 1
385 490 223.61985079457543 16.67 3 3 1062 1063
1 0 0 0 1 0 0 0 1
1 0 0 0 1 0 0 0 1
386 170 560.6438445284729 16.67 3 3 1064 1065
1 0 0 0 1 0 0 0 1
1 0 0 0 1 0 0 0 1
386 565 350.01251770283636 16.67 3 3 1066 1067
1 0 0 0 1 0 0 0 1
1 0 0 0 1 0 0 0 1
387 392 702.9784866102347 16.67 3 3 1068 1069
1 0 0 0 1 0 0 0 1
1 0 0 0 1 0 0 0 1
387 64 233.22471002081363 16.67 3 3 1070 1071
1 0 0 0 1 0 0 0 1
1 0 0 0 1 0 0 0 1
387 450 880.4308709045464 16.67 3 3 1072 1073
1 0 0 0 1 0 0 0 1
1 0 0 0 1 0 0 0 1
388 401 355.04280600499726 16.67 3 3 1074 1075
1 0 0 0 1 0 0 0 1
1 0 0 0 1 0 0 0 1
388 128 1058.5431561776468 16.67 3 3 1076 1077
1 0 0 0 1 0 0 0 1
1 0 0 0 1 0 0 0 1
389 445 1539.6434730894086 16.67 3 3 1078 1079
1 0 0 0 1 0 0 0 1
1 0 0 0 1 0 0 0 1
389 42 2476.4259093847677 16.67 3 3 1080 1081
1 0 0 0 1 0 0 0 1
1 0 0 0 1 0 0 0 1
389 129 123.82189054617066 16.67 3 3 1082 1083
1 0 0 0 1 0 0 0 1
1 0 0 0 1 0 0 0 1
391 572 450.8322817345586 16.67 3 3 1084 1085
1 0 0 0 1 0 0 0 1
1 0 0 0 1 0 0 0 1
391 508 771.6397798197814 16.67 3 3 1086 1087
1 0 0 0 1 0 0 0 1
1 0 0 0 1 0 0 0 1
392 233 286.32989088509106 16.67 3 3 1088 1089
1 0 0 0 1 0 0 0 1
1 0 0 0 1 0 0 0 1
392 51 217.45388378259042 16.67 3 3 1090 1091
1 0 0 0 1 0 0 0 1
1 0 0 0 1 0 0 0 1
114 505 748.6786971881639 16.67 3 3 1092 1093
1 0 0 0 1 0 0 0 1
1 0 0 0 1 0 0 0 1
393 58 248.08510662414884 16.67 3 3 1094 1095
1 0 0 0 1 0 0 0 1
1 0 0 0 1 0 0 0 1
394 116 723.6934915168762 16.67 3 3 1096 1097
1 0 0 0 1 0 0 0 1
1 0 0 0 1 0 0 0 1
394 448 1423.1558620776084 16.67 3 3 1098 1099
1 0 0 0 1 0 0 0 1
1 0 0 0 1 0 0 0 1
396 63 501.35478158670577 16.67 3 3 1100 1101
1 0 0 0 1 0 0 0 1
1 0 0 0 1 0 0 0 1
397 565 342.91941922202767 16.67 3 3 1102 1103
1 0 0 0 1 0 0 0 1
1 0 0 0 1 0 0 0 1
397 566 342.407058858399 16.67 3 3 1104 1105
1 0 0 0 1 0 0 0 1
1 0 0 0 1 0 0 0 1
397 514 447.4659363799596 16.67 3 3 1106 1107
1 0 0 0 1 0 0 0 1
1 0 0 0 1 0 0 0 1
398 411 523.3686313313249 16.67 3 3 1108 1109
1 0 0 0 1 0 0 0 1
1 0 0 0 1 0 0 0 1
47 67 318.402741266688 16.67 3 3 1110 1111
1 0 0 0 1 0 0 0 1
1 0 0 0 1 0 0 0 1
47 489 286.0787119207247 16.67 3 3 1112 1113
1 0 0 0 1 0 0 0 1
1 0 0 0 1 0 0 0 1
399 217 669.7996478826177 16.67 3 3 1114 1115
1 0 0 0 1 0 0 0 1
1 0 0 0 1 0 0 0 1
400 230 518.3398471127325 16.67 3 3 1116 1117
1 0 0 0 1 0 0 0 1
1 0 0 0 1 0 0 0 1
400 231 248.03418860629424 16.67 3 3 1118 1119
1 0 0 0 1 0 0 0 1
1 0 0 0 1 0 0 0 1
401 200 65.92240981365991 16.67 3 3 1120 1121
1 0 0 0 1 0 0 0 1
1 0 0 0 1 0 0 0 1
401 201 69.46315003355272 16.67 3 3 1122 1123
1 0 0 0 1 0 0 0 1
1 0 0 0 1 0 0 0 1
402 45 165.6871388165007 16.67 3 3 1124 1125
1 0 0 0 1 0 0 0 1
1 0 0 0 1 0 0 0 1
138 507 159.17429555969673 16.67 3 3 1126 1127
1 0 0 0 1 0 0 0 1
1 0 0 0 1 0 0 0 1
138 462 161.16039425306948 16.67 3 3 1128 1129
1 0 0 0 1 0 0 0 1
1 0 0 0 1 0 0 0 1
403 504 542.8268038931672 16.67 3 3 1130 1131
1 0 0 0 1 0 0 0 1
1 0 0 0 1 0 0 0 1
403 404 253.35368751787496 16.67 3 3 1132 1133
1 0 0 0 1 0 0 0 1
1 0 0 0 1 0 0 0 1
404 245 668.0172285370362 16.67 3 3 1134 1135
1 0 0 0 1 0 0 0 1
1 0 0 0 1 0 0 0 1
405 516 833.0730190113522 16.67 3 3 1136 1137
1 0 0 0 1 0 0 0 1
1 0 0 0 1 0 0 0 1
406 31 487.6250986926217 16.67 3 3 1138 1139
1 0 0 0 1 0 0 0 1
1 0 0 0 1 0 0 0 1
406 250 409.9310102645645 16.67 3 3 1140 1141
1 0 0 0 1 0 0 0 1
1 0 0 0 1 0 0 0 1
406 550 185.42910880479354 16.67 3 3 1142 1143
1 0 0 0 1 0 0 0 1
1 0 0 0 1 0 0 0 1
217 418 62.52252665142754 16.67 3 3 1144 1145
1 0 0 0 1 0 0 0 1
1 0 0 0 1 0 0 0 1
407 409 258.4245814746783 16.67 3 3 1146 1147
1 0 0 0 1 0 0 0 1
1 0 0 0 1 0 0 0 1
408 409 488.08249063232336 16.67 3 3 1148 1149
1 0 0 0 1 0 0 0 1
1 0 0 0 1 0 0 0 1
409 410 327.62098093595534 16.67 3 3 1150 1151
1 0 0 0 1 0 0 0 1
1 0 0 0 1 0 0 0 1
410 411 189.77158071322754 16.67 3 3 1152 1153
1 0 0 0 1 0 0 0 1
1 0 0 0 1 0 0 0 1
410 249 417.7594561365061 16.67 3 3 1154 1155
1 0 0 0 1 0 0 0 1
1 0 0 0 1 0 0 0 1
162 151 735.9486023505664 16.67 3 3 1156 1157
1 0 0 0 1 0 0 0 1
1 0 0 0 1 0 0 0 1
162 447 130.25557223378485 16.67 3 3 1158 1159
1 0 0 0 1 0 0 0 1
1 0 0 0 1 0 0 0 1
107 198 929.2433652802848 16.67 3 3 1160 1161
1 0 0 0 1 0 0 0 1
1 0 0 0 1 0 0 0 1
107 419 339.3856296317544 16.67 3 3 1162 1163
1 0 0 0 1 0 0 0 1
1 0 0 0 1 0 0 0 1
48 416 280.3240133180213 16.67 3 3 1164 1165
1 0 0 0 1 0 0 0 1
1 0 0 0 1 0 0 0 1
413 104 74.38028742093667 16.67 3 3 1166 1167
1 0 0 0 1 0 0 0 1
1 0 0 0 1 0 0 0 1
413 428 104.14366834954889 16.67 3 3 1168 1169
1 0 0 0 1 0 0 0 1
1 0 0 0 1 0 0 0 1
414 105 159.69132787648564 16.67 3 3 1170 1171
1 0 0 0 1 0 0 0 1
1 0 0 0 1 0 0 0 1
414 415 179.13988530182962 16.67 3 3 1172 1173
1 0 0 0 1 0 0 0 1
1 0 0 0 1 0 0 0 1
414 152 162.28345812770033 16.67 3 3 1174 1175
1 0 0 0 1 0 0 0 1
1 0 0 0 1 0 0 0 1
414 60 260.11831125088963 16.67 3 3 1176 1177
1 0 0 0 1 0 0 0 1
1 0 0 0 1 0 0 0 1
415 416 309.72255048082087 16.67 3 3 1178 1179
1 0 0 0 1 0 0 0 1
1 0 0 0 1 0 0 0 1
416 429 190.90215369986387 16.67 3 3 1180 1181
1 0 0 0 1 0 0 0 1
1 0 0 0 1 0 0 0 1
416 417 202.79462381296327 16.67 3 3 1182 1183
1 0 0 0 1 0 0 0 1
1 0 0 0 1 0 0 0 1
417 529 230.6480059695748 16.67 3 3 1184 1185
1 0 0 0 1 0 0 0 1
1 0 0 0 1 0 0 0 1
418 198 95.27989833555708 16.67 3 3 1186 1187
1 0 0 0 1 0 0 0 1
1 0 0 0 1 0 0 0 1
418 197 65.640712287379 16.67 3 3 1188 1189
1 0 0 0 1 0 0 0 1
1 0 0 0 1 0 0 0 1
418 196 35.18366018969545 16.67 3 3 1190 1191
1 0 0 0 1 0 0 0 1
1 0 0 0 1 0 0 0 1
49 53 475.3117970895228 16.67 3 3 1192 1193
1 0 0 0 1 0 0 0 1
1 0 0 0 1 0 0 0 1
420 218 472.16054307875856 16.67 3 3 1194 1195
1 0 0 0 1 0 0 0 1
1 0 0 0 1 0 0 0 1
420 534 280.0722371239322 16.67 3 3 1196 1197
1 0 0 0 1 0 0 0 1
1 0 0 0 1 0 0 0 1
420 421 326.94587881739164 16.67 3 3 1198 1199
1 0 0 0 1 0 0 0 1
1 0 0 0 1 0 0 0 1
421 422 49.110599164358085 16.67 3 3 1200 1201
1 0 0 0 1 0 0 0 1
1 0 0 0 1 0 0 0 1
421 536 817.5219052417218 16.67 3 3 1202 1203
1 0 0 0 1 0 0 0 1
1 0 0 0 1 0 0 0 1
422 423 287.7555988888777 16.67 3 3 1204 1205
1 0 0 0 1 0 0 0 1
1 0 0 0 1 0 0 0 1
419 106 324.33389666231443 16.67 3 3 1206 1207
1 0 0 0 1 0 0 0 1
1 0 0 0 1 0 0 0 1
419 198 590.0362262231987 16.67 3 3 1208 1209
1 0 0 0 1 0 0 0 1
1 0 0 0 1 0 0 0 1
419 465 503.24042127717775 16.67 3 3 1210 1211
1 0 0 0 1 0 0 0 1
1 0 0 0 1 0 0 0 1
424 57 361.84308311075506 16.67 3 3 1212 1213
1 0 0 0 1 0 0 0 1
1 0 0 0 1 0 0 0 1
425 514 201.79551052260126 16.67 3 3 1214 1215
1 0 0 0 1 0 0 0 1
1 0 0 0 1 0 0 0 1
426 584 329.41499683671617 16.67 3 3 1216 1217
1 0 0 0 1 0 0 0 1
1 0 0 0 1 0 0 0 1
426 169 145.8396042741977 16.67 3 3 1218 1219
1 0 0 0 1 0 0 0 1
1 0 0 0 1 0 0 0 1
426 459 315.4679788434272 16.67 3 3 1220 1221
1 0 0 0 1 0 0 0 1
1 0 0 0 1 0 0 0 1
426 170 91.79285972307812 16.67 3 3 1222 1223
1 0 0 0 1 0 0 0 1
1 0 0 0 1 0 0 0 1
429 149 280.7033266556296 16.67 3 3 1224 1225
1 0 0 0 1 0 0 0 1
1 0 0 0 1 0 0 0 1
429 529 242.88488863195943 16.67 3 3 1226 1227
1 0 0 0 1 0 0 0 1
1 0 0 0 1 0 0 0 1
163 509 341.50729256439075 16.67 3 3 1228 1229
1 0 0 0 1 0 0 0 1
1 0 0 0 1 0 0 0 1
163 121 512.8467311716294 16.67 3 3 1230 1231
1 0 0 0 1 0 0 0 1
1 0 0 0 1 0 0 0 1
430 554 1522.8838665756175 16.67 3 3 1232 1233
1 0 0 0 1 0 0 0 1
1 0 0 0 1 0 0 0 1
431 269 766.0127591901163 16.67 3 3 1234 1235
1 0 0 0 1 0 0 0 1
1 0 0 0 1 0 0 0 1
431 554 1514.416569706494 16.67 3 3 1236 1237
1 0 0 0 1 0 0 0 1
1 0 0 0 1 0 0 0 1
432 452 444.42741924535306 16.67 3 3 1238 1239
1 0 0 0 1 0 0 0 1
1 0 0 0 1 0 0 0 1
432 112 240.99404482115204 16.67 3 3 1240 1241
1 0 0 0 1 0 0 0 1
1 0 0 0 1 0 0 0 1
432 556 394.6836774578174 16.67 3 3 1242 1243
1 0 0 0 1 0 0 0 1
1 0 0 0 1 0 0 0 1
433 436 391.00508861496803 16.67 3 3 1244 1245
1 0 0 0 1 0 0 0 1
1 0 0 0 1 0 0 0 1
434 98 440.42099873816386 16.67 3 3 1246 1247
1 0 0 0 1 0 0 0 1
1 0 0 0 1 0 0 0 1
435 460 682.1074772329142 16.67 3 3 1248 1249
1 0 0 0 1 0 0 0 1
1 0 0 0 1 0 0 0 1
435 256 247.76235291673737 16.67 3 3 1250 1251
1 0 0 0 1 0 0 0 1
1 0 0 0 1 0 0 0 1
436 436 0.0 16.67 3 3 1252 1253
1 0 0 0 1 0 0 0 1
1 0 0 0 1 0 0 0 1
164 168 485.40513967865775 16.67 3 3 1254 1255
1 0 0 0 1 0 0 0 1
1 0 0 0 1 0 0 0 1
151 512 388.4975369099467 16.67 3 3 1256 1257
1 0 0 0 1 0 0 0 1
1 0 0 0 1 0 0 0 1
51 64 735.1914561594036 16.67 3 3 1258 1259
1 0 0 0 1 0 0 0 1
1 0 0 0 1 0 0 0 1
51 62 482.964860334781 16.67 3 3 1260 1261
1 0 0 0 1 0 0 0 1
1 0 0 0 1 0 0 0 1
437 542 881.1090776500228 16.67 3 3 1262 1263
1 0 0 0 1 0 0 0 1
1 0 0 0 1 0 0 0 1
437 438 521.7041829282686 16.67 3 3 1264 1265
1 0 0 0 1 0 0 0 1
1 0 0 0 1 0 0 0 1
437 439 28.067716448065948 16.67 3 3 1266 1267
1 0 0 0 1 0 0 0 1
1 0 0 0 1 0 0 0 1
152 447 68.98687790818629 16.67 3 3 1268 1269
1 0 0 0 1 0 0 0 1
1 0 0 0 1 0 0 0 1
438 525 121.73568103281198 16.67 3 3 1270 1271
1 0 0 0 1 0 0 0 1
1 0 0 0 1 0 0 0 1
438 439 493.648630019005 16.67 3 3 1272 1273
1 0 0 0 1 0 0 0 1
1 0 0 0 1 0 0 0 1
439 542 885.599929018147 16.67 3 3 1274 1275
1 0 0 0 1 0 0 0 1
1 0 0 0 1 0 0 0 1
440 468 88.88001588683392 16.67 3 3 1276 1277
1 0 0 0 1 0 0 0 1
1 0 0 0 1 0 0 0 1
440 474 373.2094008847488 16.67 3 3 1278 1279
1 0 0 0 1 0 0 0 1
1 0 0 0 1 0 0 0 1
441 561 2785.4701638361703 16.67 3 3 1280 1281
1 0 0 0 1 0 0 0 1
1 0 0 0 1 0 0 0 1
441 242 280.8837424262946 16.67 3 3 1282 1283
1 0 0 0 1 0 0 0 1
1 0 0 0 1 0 0 0 1
441 115 211.3911242430662 16.67 3 3 1284 1285
1 0 0 0 1 0 0 0 1
1 0 0 0 1 0 0 0 1
442 562 221.64034239329484 16.67 3 3 1286 1287
1 0 0 0 1 0 0 0 1
1 0 0 0 1 0 0 0 1
442 559 143.20653391856095 16.67 3 3 1288 1289
1 0 0 0 1 0 0 0 1
1 0 0 0 1 0 0 0 1
443 454 434.9650538743629 16.67 3 3 1290 1291
1 0 0 0 1 0 0 0 1
1 0 0 0 1 0 0 0 1
443 259 32.80951134002833 16.67 3 3 1292 1293
1 0 0 0 1 0 0 0 1
1 0 0 0 1 0 0 0 1
444 223 464.4157262108372 16.67 3 3 1294 1295
1 0 0 0 1 0 0 0 1
1 0 0 0 1 0 0 0 1
445 446 568.2777156306838 16.67 3 3 1296 1297
1 0 0 0 1 0 0 0 1
1 0 0 0 1 0 0 0 1
446 195 404.695198539247 16.67 3 3 1298 1299
1 0 0 0 1 0 0 0 1
1 0 0 0 1 0 0 0 1
263 574 983.0370385350925 16.67 3 3 1300 1301
1 0 0 0 1 0 0 0 1
1 0 0 0 1 0 0 0 1
263 534 47.59742683835291 16.67 3 3 1302 1303
1 0 0 0 1 0 0 0 1
1 0 0 0 1 0 0 0 1
447 105 68.39119805473764 16.67 3 3 1304 1305
1 0 0 0 1 0 0 0 1
1 0 0 0 1 0 0 0 1
96 571 217.180206805737 16.67 3 3 1306 1307
1 0 0 0 1 0 0 0 1
1 0 0 0 1 0 0 0 1
448 119 290.6656892974683 16.67 3 3 1308 1309
1 0 0 0 1 0 0 0 1
1 0 0 0 1 0 0 0 1
448 449 21.830551249337283 16.67 3 3 1310 1311
1 0 0 0 1 0 0 0 1
1 0 0 0 1 0 0 0 1
448 541 865.119597319239 16.67 3 3 1312 1313
1 0 0 0 1 0 0 0 1
1 0 0 0 1 0 0 0 1
449 232 99.30223755239567 16.67 3 3 1314 1315
1 0 0 0 1 0 0 0 1
1 0 0 0 1 0 0 0 1
449 541 867.9600310774169 16.67 3 3 1316 1317
1 0 0 0 1 0 0 0 1
1 0 0 0 1 0 0 0 1
450 517 38.44933793316992 16.67 3 3 1318 1319
1 0 0 0 1 0 0 0 1
1 0 0 0 1 0 0 0 1
451 120 678.6341298839556 16.67 3 3 1320 1321
1 0 0 0 1 0 0 0 1
1 0 0 0 1 0 0 0 1
452 509 471.1470188353577 16.67 3 3 1322 1323
1 0 0 0 1 0 0 0 1
1 0 0 0 1 0 0 0 1
453 454 542.5948283891485 16.67 3 3 1324 1325
1 0 0 0 1 0 0 0 1
1 0 0 0 1 0 0 0 1
453 455 323.07908257375 16.67 3 3 1326 1327
1 0 0 0 1 0 0 0 1
1 0 0 0 1 0 0 0 1
453 560 204.69981218926097 16.67 3 3 1328 1329
1 0 0 0 1 0 0 0 1
1 0 0 0 1 0 0 0 1
455 259 103.00077190205361 16.67 3 3 1330 1331
1 0 0 0 1 0 0 0 1
1 0 0 0 1 0 0 0 1
456 508 766.1081512332581 16.67 3 3 1332 1333
1 0 0 0 1 0 0 0 1
1 0 0 0 1 0 0 0 1
53 488 606.850167909779 16.67 3 3 1334 1335
1 0 0 0 1 0 0 0 1
1 0 0 0 1 0 0 0 1
53 462 84.38928480085826 16.67 3 3 1336 1337
1 0 0 0 1 0 0 0 1
1 0 0 0 1 0 0 0 1
54 109 33.31147253322982 16.67 3 3 1338 1339
1 0 0 0 1 0 0 0 1
1 0 0 0 1 0 0 0 1
457 578 525.6845035375064 16.67 3 3 1340 1341
1 0 0 0 1 0 0 0 1
1 0 0 0 1 0 0 0 1
458 584 810.0888924165115 16.67 3 3 1342 1343
1 0 0 0 1 0 0 0 1
1 0 0 0 1 0 0 0 1
459 514 586.056517298619 16.67 3 3 1344 1345
1 0 0 0 1 0 0 0 1
1 0 0 0 1 0 0 0 1
459 167 176.5969940004583 16.67 3 3 1346 1347
1 0 0 0 1 0 0 0 1
1 0 0 0 1 0 0 0 1
165 473 338.00593945173404 16.67 3 3 1348 1349
1 0 0 0 1 0 0 0 1
1 0 0 0 1 0 0 0 1
165 579 235.88620941978292 16.67 3 3 1350 1351
1 0 0 0 1 0 0 0 1
1 0 0 0 1 0 0 0 1
461 507 310.2594565858096 16.67 3 3 1352 1353
1 0 0 0 1 0 0 0 1
1 0 0 0 1 0 0 0 1
461 462 296.25072887460135 16.67 3 3 1354 1355
1 0 0 0 1 0 0 0 1
1 0 0 0 1 0 0 0 1
461 583 433.78299308271465 16.67 3 3 1356 1357
1 0 0 0 1 0 0 0 1
1 0 0 0 1 0 0 0 1
461 60 264.2261107142327 16.67 3 3 1358 1359
1 0 0 0 1 0 0 0 1
1 0 0 0 1 0 0 0 1
462 507 37.85515670845116 16.67 3 3 1360 1361
1 0 0 0 1 0 0 0 1
1 0 0 0 1 0 0 0 1
55 571 219.7480494121521 16.67 3 3 1362 1363
1 0 0 0 1 0 0 0 1
1 0 0 0 1 0 0 0 1
55 581 447.9705391711052 16.67 3 3 1364 1365
1 0 0 0 1 0 0 0 1
1 0 0 0 1 0 0 0 1
463 127 117.63291123776352 16.67 3 3 1366 1367
1 0 0 0 1 0 0 0 1
1 0 0 0 1 0 0 0 1
463 508 88.5798120787778 16.67 3 3 1368 1369
1 0 0 0 1 0 0 0 1
1 0 0 0 1 0 0 0 1
463 489 249.12301102626043 16.67 3 3 1370 1371
1 0 0 0 1 0 0 0 1
1 0 0 0 1 0 0 0 1
464 127 275.82411591952433 16.67 3 3 1372 1373
1 0 0 0 1 0 0 0 1
1 0 0 0 1 0 0 0 1
465 106 827.4838240878569 16.67 3 3 1374 1375
1 0 0 0 1 0 0 0 1
1 0 0 0 1 0 0 0 1
465 128 239.27118944063926 16.67 3 3 1376 1377
1 0 0 0 1 0 0 0 1
1 0 0 0 1 0 0 0 1
465 197 116.83766128128146 16.67 3 3 1378 1379
1 0 0 0 1 0 0 0 1
1 0 0 0 1 0 0 0 1
257 34 451.8900326749865 16.67 3 3 1380 1381
1 0 0 0 1 0 0 0 1
1 0 0 0 1 0 0 0 1
257 144 109.9688154000778 16.67 3 3 1382 1383
1 0 0 0 1 0 0 0 1
1 0 0 0 1 0 0 0 1
257 254 528.1623656857704 16.67 3 3 1384 1385
1 0 0 0 1 0 0 0 1
1 0 0 0 1 0 0 0 1
258 35 384.83000797307983 16.67 3 3 1386 1387
1 0 0 0 1 0 0 0 1
1 0 0 0 1 0 0 0 1
258 143 74.03198157294527 16.67 3 3 1388 1389
1 0 0 0 1 0 0 0 1
1 0 0 0 1 0 0 0 1
166 511 549.7178885105752 16.67 3 3 1390 1391
1 0 0 0 1 0 0 0 1
1 0 0 0 1 0 0 0 1
467 466 1318.2807295810615 16.67 3 3 1392 1393
1 0 0 0 1 0 0 0 1
1 0 0 0 1 0 0 0 1
467 472 154.15570993574912 16.67 3 3 1394 1395
1 0 0 0 1 0 0 0 1
1 0 0 0 1 0 0 0 1
467 552 2570.2191280928296 16.67 3 3 1396 1397
1 0 0 0 1 0 0 0 1
1 0 0 0 1 0 0 0 1
468 502 287.66694725347224 16.67 3 3 1398 1399
1 0 0 0 1 0 0 0 1
1 0 0 0 1 0 0 0 1
468 579 85.36570271071683 16.67 3 3 1400 1401
1 0 0 0 1 0 0 0 1
1 0 0 0 1 0 0 0 1
471 473 151.77790557889188 16.67 3 3 1402 1403
1 0 0 0 1 0 0 0 1
1 0 0 0 1 0 0 0 1
471 579 345.9407607043679 16.67 3 3 1404 1405
1 0 0 0 1 0 0 0 1
1 0 0 0 1 0 0 0 1
471 474 130.98894433184233 16.67 3 3 1406 1407
1 0 0 0 1 0 0 0 1
1 0 0 0 1 0 0 0 1
472 473 276.8787064380985 16.67 3 3 1408 1409
1 0 0 0 1 0 0 0 1
1 0 0 0 1 0 0 0 1
472 483 131.0429279417909 16.67 3 3 1410 1411
1 0 0 0 1 0 0 0 1
1 0 0 0 1 0 0 0 1
474 470 697.3618209591581 16.67 3 3 1412 1413
1 0 0 0 1 0 0 0 1
1 0 0 0 1 0 0 0 1
218 574 466.81026981504175 16.67 3 3 1414 1415
1 0 0 0 1 0 0 0 1
1 0 0 0 1 0 0 0 1
476 477 1375.667441126133 16.67 3 3 1416 1417
1 0 0 0 1 0 0 0 1
1 0 0 0 1 0 0 0 1
476 495 278.267455156498 16.67 3 3 1418 1419
1 0 0 0 1 0 0 0 1
1 0 0 0 1 0 0 0 1
477 515 325.4071394841771 16.67 3 3 1420 1421
1 0 0 0 1 0 0 0 1
1 0 0 0 1 0 0 0 1
477 171 319.0504357245635 16.67 3 3 1422 1423
1 0 0 0 1 0 0 0 1
1 0 0 0 1 0 0 0 1
478 512 1122.6949915807731 16.67 3 3 1424 1425
1 0 0 0 1 0 0 0 1
1 0 0 0 1 0 0 0 1
246 524 579.866592856848 16.67 3 3 1426 1427
1 0 0 0 1 0 0 0 1
1 0 0 0 1 0 0 0 1
479 501 38.36008749267298 16.67 3 3 1428 1429
1 0 0 0 1 0 0 0 1
1 0 0 0 1 0 0 0 1
479 480 178.07330421319384 16.67 3 3 1430 1431
1 0 0 0 1 0 0 0 1
1 0 0 0 1 0 0 0 1
480 547 226.66499748389663 16.67 3 3 1432 1433
1 0 0 0 1 0 0 0 1
1 0 0 0 1 0 0 0 1
480 543 471.3875363667643 16.67 3 3 1434 1435
1 0 0 0 1 0 0 0 1
1 0 0 0 1 0 0 0 1
481 501 180.62299414412018 16.67 3 3 1436 1437
1 0 0 0 1 0 0 0 1
1 0 0 0 1 0 0 0 1
481 543 481.694596371222 16.67 3 3 1438 1439
1 0 0 0 1 0 0 0 1
1 0 0 0 1 0 0 0 1
481 547 212.11002913773856 16.67 3 3 1440 1441
1 0 0 0 1 0 0 0 1
1 0 0 0 1 0 0 0 1
482 102 449.04576665961423 16.67 3 3 1442 1443
1 0 0 0 1 0 0 0 1
1 0 0 0 1 0 0 0 1
482 224 382.2518611112133 16.67 3 3 1444 1445
1 0 0 0 1 0 0 0 1
1 0 0 0 1 0 0 0 1
482 506 563.151611924046 16.67 3 3 1446 1447
1 0 0 0 1 0 0 0 1
1 0 0 0 1 0 0 0 1
483 567 355.98450739092374 16.67 3 3 1448 1449
1 0 0 0 1 0 0 0 1
1 0 0 0 1 0 0 0 1
483 564 227.68080575017703 16.67 3 3 1450 1451
1 0 0 0 1 0 0 0 1
1 0 0 0 1 0 0 0 1
484 492 207.95168087666485 16.67 3 3 1452 1453
1 0 0 0 1 0 0 0 1
1 0 0 0 1 0 0 0 1
485 529 227.7735505558546 16.67 3 3 1454 1455
1 0 0 0 1 0 0 0 1
1 0 0 0 1 0 0 0 1
487 225 499.66903002054454 16.67 3 3 1456 1457
1 0 0 0 1 0 0 0 1
1 0 0 0 1 0 0 0 1
489 128 177.26677286876847 16.67 3 3 1458 1459
1 0 0 0 1 0 0 0 1
1 0 0 0 1 0 0 0 1
169 531 503.36914825908184 16.67 3 3 1460 1461
1 0 0 0 1 0 0 0 1
1 0 0 0 1 0 0 0 1
170 566 188.17585436304032 16.67 3 3 1462 1463
1 0 0 0 1 0 0 0 1
1 0 0 0 1 0 0 0 1
497 199 41.82740951003978 16.67 3 3 1464 1465
1 0 0 0 1 0 0 0 1
1 0 0 0 1 0 0 0 1
497 149 311.5969685681744 16.67 3 3 1466 1467
1 0 0 0 1 0 0 0 1
1 0 0 0 1 0 0 0 1
497 535 622.3695033635573 16.67 3 3 1468 1469
1 0 0 0 1 0 0 0 1
1 0 0 0 1 0 0 0 1
499 122 319.85361900111934 16.67 3 3 1470 1471
1 0 0 0 1 0 0 0 1
1 0 0 0 1 0 0 0 1
502 130 635.2832225165811 16.67 3 3 1472 1473
1 0 0 0 1 0 0 0 1
1 0 0 0 1 0 0 0 1
157 504 461.3558452316749 16.67 3 3 1474 1475
1 0 0 0 1 0 0 0 1
1 0 0 0 1 0 0 0 1
504 516 237.40586438286093 16.67 3 3 1476 1477
1 0 0 0 1 0 0 0 1
1 0 0 0 1 0 0 0 1
506 518 374.4492754195758 16.67 3 3 1478 1479
1 0 0 0 1 0 0 0 1
1 0 0 0 1 0 0 0 1
506 26 582.7916597236908 16.67 3 3 1480 1481
1 0 0 0 1 0 0 0 1
1 0 0 0 1 0 0 0 1
509 553 415.7409947820903 16.67 3 3 1482 1483
1 0 0 0 1 0 0 0 1
1 0 0 0 1 0 0 0 1
62 581 334.64068716860646 16.67 3 3 1484 1485
1 0 0 0 1 0 0 0 1
1 0 0 0 1 0 0 0 1
512 513 25.41263311840436 16.67 3 3 1486 1487
1 0 0 0 1 0 0 0 1
1 0 0 0 1 0 0 0 1
512 574 170.23334018718364 16.67 3 3 1488 1489
1 0 0 0 1 0 0 0 1
1 0 0 0 1 0 0 0 1
511 117 160.90591307914588 16.67 3 3 1490 1491
1 0 0 0 1 0 0 0 1
1 0 0 0 1 0 0 0 1
511 513 105.96713769826384 16.67 3 3 1492 1493
1 0 0 0 1 0 0 0 1
1 0 0 0 1 0 0 0 1
513 515 263.78525225554233 16.67 3 3 1494 1495
1 0 0 0 1 0 0 0 1
1 0 0 0 1 0 0 0 1
230 231 692.8321041063746 16.67 3 3 1498 1499
1 0 0 0 1 0 0 0 1
1 0 0 0 1 0 0 0 1
21 232 560.7570202583374 16.67 3 3 1500 1501
1 0 0 0 1 0 0 0 1
1 0 0 0 1 0 0 0 1
21 231 50.32274146045794 16.67 3 3 1502 1503
1 0 0 0 1 0 0 0 1
1 0 0 0 1 0 0 0 1
518 224 481.8711107887837 16.67 3 3 1504 1505
1 0 0 0 1 0 0 0 1
1 0 0 0 1 0 0 0 1
518 226 27.659778747335796 16.67 3 3 1506 1507
1 0 0 0 1 0 0 0 1
1 0 0 0 1 0 0 0 1
519 520 36.00431929696595 16.67 3 3 1508 1509
1 0 0 0 1 0 0 0 1
1 0 0 0 1 0 0 0 1
233 234 226.83410853363668 16.67 3 3 1512 1513
1 0 0 0 1 0 0 0 1
1 0 0 0 1 0 0 0 1
524 188 640.1863317176635 16.67 3 3 1514 1515
1 0 0 0 1 0 0 0 1
1 0 0 0 1 0 0 0 1
126 547 632.5357276424885 16.67 3 3 1516 1517
1 0 0 0 1 0 0 0 1
1 0 0 0 1 0 0 0 1
525 148 472.0813273524531 16.67 3 3 1518 1519
1 0 0 0 1 0 0 0 1
1 0 0 0 1 0 0 0 1
63 225 714.0087685871184 16.67 3 3 1520 1521
1 0 0 0 1 0 0 0 1
1 0 0 0 1 0 0 0 1
234 532 369.77368181312585 16.67 3 3 1522 1523
1 0 0 0 1 0 0 0 1
1 0 0 0 1 0 0 0 1
149 529 136.4725496707556 16.67 3 3 1524 1525
1 0 0 0 1 0 0 0 1
1 0 0 0 1 0 0 0 1
149 530 126.32420433616014 16.67 3 3 1526 1527
1 0 0 0 1 0 0 0 1
1 0 0 0 1 0 0 0 1
527 522 1112.6438506935006 16.67 3 3 1528 1529
1 0 0 0 1 0 0 0 1
1 0 0 0 1 0 0 0 1
527 528 74.50736010806074 16.67 3 3 1530 1531
1 0 0 0 1 0 0 0 1
1 0 0 0 1 0 0 0 1
532 581 232.98220047845575 16.67 3 3 1532 1533
1 0 0 0 1 0 0 0 1
1 0 0 0 1 0 0 0 1
533 542 338.28794048232606 16.67 3 3 1534 1535
1 0 0 0 1 0 0 0 1
1 0 0 0 1 0 0 0 1
533 533 0.0 16.67 3 3 1536 1537
1 0 0 0 1 0 0 0 1
1 0 0 0 1 0 0 0 1
536 574 442.4959098684681 16.67 3 3 1538 1539
1 0 0 0 1 0 0 0 1
1 0 0 0 1 0 0 0 1
538 68 662.9810011799542 16.67 3 3 1540 1541
1 0 0 0 1 0 0 0 1
1 0 0 0 1 0 0 0 1
538 226 1584.1116845692798 16.67 3 3 1542 1543
1 0 0 0 1 0 0 0 1
1 0 0 0 1 0 0 0 1
540 262 216.9432601016449 16.67 3 3 1544 1545
1 0 0 0 1 0 0 0 1
1 0 0 0 1 0 0 0 1
540 240 1602.7896449835823 16.67 3 3 1546 1547
1 0 0 0 1 0 0 0 1
1 0 0 0 1 0 0 0 1
65 110 674.5788813385202 16.67 3 3 1548 1549
1 0 0 0 1 0 0 0 1
1 0 0 0 1 0 0 0 1
545 546 30.200805295928415 16.67 3 3 1550 1551
1 0 0 0 1 0 0 0 1
1 0 0 0 1 0 0 0 1
548 567 291.6546526535022 16.67 3 3 1552 1553
1 0 0 0 1 0 0 0 1
1 0 0 0 1 0 0 0 1
548 568 366.24682127790254 16.67 3 3 1554 1555
1 0 0 0 1 0 0 0 1
1 0 0 0 1 0 0 0 1
548 560 189.51710960600815 16.67 3 3 1556 1557
1 0 0 0 1 0 0 0 1
1 0 0 0 1 0 0 0 1
127 128 268.4313467278418 16.67 3 3 1558 1559
1 0 0 0 1 0 0 0 1
1 0 0 0 1 0 0 0 1
129 130 292.8432536461044 16.67 3 3 1560 1561
1 0 0 0 1 0 0 0 1
1 0 0 0 1 0 0 0 1
557 570 89.50079524322545 16.67 3 3 1562 1563
1 0 0 0 1 0 0 0 1
1 0 0 0 1 0 0 0 1
557 569 98.86789669805255 16.67 3 3 1564 1565
1 0 0 0 1 0 0 0 1
1 0 0 0 1 0 0 0 1
558 562 75.39849458762902 16.67 3 3 1566 1567
1 0 0 0 1 0 0 0 1
1 0 0 0 1 0 0 0 1
558 563 23.276189737053286 16.67 3 3 1568 1569
1 0 0 0 1 0 0 0 1
1 0 0 0 1 0 0 0 1
558 564 400.57707581184843 16.67 3 3 1570 1571
1 0 0 0 1 0 0 0 1
1 0 0 0 1 0 0 0 1
559 561 25.84158003066093 16.67 3 3 1572 1573
1 0 0 0 1 0 0 0 1
1 0 0 0 1 0 0 0 1
559 563 144.9096344117968 16.67 3 3 1574 1575
1 0 0 0 1 0 0 0 1
1 0 0 0 1 0 0 0 1
560 561 19.534888672347023 16.67 3 3 1576 1577
1 0 0 0 1 0 0 0 1
1 0 0 0 1 0 0 0 1
562 563 82.81203505305506 16.67 3 3 1578 1579
1 0 0 0 1 0 0 0 1
1 0 0 0 1 0 0 0 1
562 564 407.63016570734635 16.67 3 3 1580 1581
1 0 0 0 1 0 0 0 1
1 0 0 0 1 0 0 0 1
219 220 1015.3777826730729 16.67 3 3 1582 1583
1 0 0 0 1 0 0 0 1
1 0 0 0 1 0 0 0 1
565 566 23.41774811600169 16.67 3 3 1584 1585
1 0 0 0 1 0 0 0 1
1 0 0 0 1 0 0 0 1
567 568 207.4327843455533 16.67 3 3 1586 1587
1 0 0 0 1 0 0 0 1
1 0 0 0 1 0 0 0 1
569 570 22.427230553261225 16.67 3 3 1588 1589
1 0 0 0 1 0 0 0 1
1 0 0 0 1 0 0 0 1
569 25 36.69875685334413 16.67 3 3 1590 1591
1 0 0 0 1 0 0 0 1
1 0 0 0 1 0 0 0 1
576 577 317.4880712595056 16.67 3 3 1592 1593
1 0 0 0 1 0 0 0 1
1 0 0 0 1 0 0 0 1
576 247 193.74166282507971 16.67 3 3 1594 1595
1 0 0 0 1 0 0 0 1
1 0 0 0 1 0 0 0 1
576 575 323.707506997002 16.67 3 3 1596 1597
1 0 0 0 1 0 0 0 1
1 0 0 0 1 0 0 0 1
584 265 114.26342517453934 16.67 3 3 1598 1599
1 0 0 0 1 0 0 0 1
1 0 0 0 1 0 0 0 1
24 23 300.51113199325334 16.67 3 3 1600 1601
1 0 0 0 1 0 0 0 1
1 0 0 0 1 0 0 0 1
139 493 89.96143896450648 16.67 3 3 1602 1603
1 0 0 0 1 0 0 0 1
1 0 0 0 1 0 0 0 1
139 264 84.51826495303364 16.67 3 3 1604 1605
1 0 0 0 1 0 0 0 1
1 0 0 0 1 0 0 0 1
227 39 1136.102710106722 16.67 3 3 1606 1607
1 0 0 0 1 0 0 0 1
1 0 0 0 1 0 0 0 1
171 475 607.1244078969067 16.67 3 3 1608 1609
1 0 0 0 1 0 0 0 1
1 0 0 0 1 0 0 0 1
384
5 238 -1 225 240
7 272 270 268 -1
8 324 326 -1 322
9 372 -1 370 374
12 398 402 400 -1
13 412 -1 410 408
14 418 -1 420 403
15 411 424 -1 422
16 440 442 438 -1
18 840 -1 593 565
20 -1 881 39 623
24 1600 669 -1 609
28 132 5 -1 130
29 -1 134 138 136
30 -1 144 140 142
33 -1 172 168 170
36 19 -1 246 244
37 266 -1 9 264
40 552 393 -1 550
43 732 734 736 -1
44 1028 773 253 -1
47 1112 1019 185 1110
48 191 1164 151 -1
49 1192 -1 223 117
51 -1 1260 1258 1091
53 1336 -1 1334 1193
54 1338 113 -1 785
55 465 1362 1364 -1
56 1011 143 495 -1
57 1213 -1 541 547
58 1095 791 779 1045
60 153 1177 1359 933
61 1053 149 931 -1
62 1484 1009 59 1261
63 815 1520 -1 1101
64 1259 55 759 1071
65 -1 899 167 1548
69 769 713 97 1033
70 52 48 46 50
71 58 -1 56 54
73 96 102 100 98
74 110 116 114 112
75 122 118 -1 120
76 150 146 152 148
78 184 188 190 186
79 196 194 198 192
80 208 206 133 204
81 222 220 -1 218
82 248 252 250 -1
83 288 286 -1 284
84 334 336 338 -1
85 -1 396 392 394
88 542 546 544 548
89 169 -1 588 586
90 615 630 632 573
91 687 -1 722 720
92 617 -1 637 647
93 633 982 961 980
95 1048 79 1046 -1
96 -1 587 685 1306
97 723 1017 -1 913
98 -1 381 53 1247
99 24 -1 26 22
104 115 219 -1 1167
107 -1 927 1160 1162
111 -1 436 432 434
113 752 127 750 -1
114 47 1092 -1 949
123 84 86 88 -1
124 92 94 90 -1
126 1516 -1 367 451
127 1373 1558 1367 -1
128 1077 1377 1459 1559
130 1473 -1 871 1561
131 -1 28 30 32
132 278 -1 274 276
134 11 245 342 340
136 236 232 234 -1
138 1126 1128 -1 923
139 1604 107 1602 -1
140 108 -1 104 106
149 1467 1526 1225 1524
150 -1 260 258 262
154 -1 74 76 78
156 376 382 378 380
157 729 741 1474 1003
159 426 430 -1 428
161 1034 1036 -1 859
163 -1 1057 1230 1228
165 843 -1 1350 1348
166 -1 1390 1037 233
167 847 1347 1049 -1
170 1223 -1 1462 1065
171 -1 65 1608 1423
173 38 42 40 44
174 62 60 -1 64
177 158 154 -1 156
178 162 160 -1 164
179 352 350 356 354
180 360 358 353 362
181 406 404 -1 333
182 414 -1 416 197
184 -1 454 452 456
185 -1 460 462 458
186 -1 488 490 463
187 275 702 704 -1
191 145 -1 292 290
192 135 -1 294 296
198 1209 1161 1187 -1
207 308 310 312 306
208 313 314 -1 316
211 199 332 -1 330
212 366 368 -1 364
221 421 563 413 -1
223 1295 1029 249 -1
224 1445 1505 -1 639
226 1507 355 1543 743
227 1606 297 691 139
228 8 14 10 12
229 16 20 18 15
230 1117 1498 -1 119
231 -1 1503 1499 1119
233 1512 -1 1089 987
234 999 1522 1513 -1
235 2 -1 6 4
237 -1 254 256 29
239 -1 346 344 348
241 178 -1 176 174
253 124 -1 128 126
257 1384 -1 1382 1380
258 491 -1 1388 1386
266 470 472 468 -1
267 476 265 473 474
268 478 267 477 480
271 486 482 484 -1
272 269 -1 239 483
273 494 496 492 -1
274 498 502 487 500
275 504 323 506 508
276 514 510 512 516
278 526 522 524 327
279 129 530 527 528
280 385 532 373 534
281 540 538 -1 536
282 401 409 423 539
283 554 556 558 523
284 560 564 562 419
285 568 570 555 566
286 574 572 335 576
287 -1 580 582 578
288 389 584 561 399
289 592 590 441 425
290 596 594 391 581
291 -1 598 273 571
292 604 602 600 443
293 606 608 -1 599
294 610 614 612 575
296 37 622 620 618
297 628 624 -1 626
298 636 -1 634 533
300 644 640 -1 642
301 652 648 645 650
302 -1 157 656 658
303 251 660 662 664
304 670 666 -1 668
305 667 137 557 607
306 674 99 672 661
307 676 678 680 682
308 684 688 686 679
309 690 291 -1 141
310 -1 694 692 207
311 696 698 700 103
312 -1 708 706 710
313 343 247 697 712
314 709 718 714 716
315 724 627 728 726
316 559 -1 629 730
317 -1 742 738 740
318 748 746 744 -1
319 -1 754 747 756
320 758 307 760 -1
321 762 764 35 -1
322 13 341 768 766
323 774 770 -1 772
324 778 -1 776 447
325 305 467 780 782
326 786 784 788 790
327 794 187 792 -1
328 800 796 798 802
329 806 804 808 797
330 181 201 812 810
331 -1 816 818 814
332 809 -1 787 820
333 826 803 822 824
334 830 783 828 -1
335 836 834 838 832
336 844 285 846 842
338 819 -1 854 852
339 856 858 -1 860
340 862 866 868 864
341 870 811 872 874
342 849 231 876 878
343 43 880 882 347
344 888 731 884 886
345 890 -1 892 894
346 493 -1 896 898
347 902 900 904 -1
348 910 912 906 908
349 914 -1 918 916
350 920 922 111 805
352 919 932 928 930
354 -1 938 940 397
355 545 537 942 -1
356 525 887 944 946
357 51 948 950 952
358 121 577 954 956
359 960 962 958 595
360 319 964 303 966
361 663 879 968 -1
362 73 972 -1 970
363 978 863 976 974
364 613 981 597 337
366 988 992 994 990
367 829 996 998 641
368 959 651 841 585
369 727 1002 1000 945
370 737 1004 801 1006
371 681 721 911 1008
372 1012 507 833 1010
373 1014 -1 415 1016
374 1022 -1 1020 1018
375 1026 263 1024 837
376 1030 459 171 965
377 1005 917 921 807
378 893 1032 675 771
379 1038 853 -1 765
380 943 -1 1040 813
381 1042 1044 445 427
382 261 947 1050 1027
383 793 915 1052 1054
384 839 991 1058 1056
385 1060 861 -1 1062
386 1064 549 217 1066
387 1068 1070 1072 -1
388 873 1074 1076 867
389 1082 875 1078 1080
391 1086 733 1084 935
392 1088 1090 1069 985
393 799 821 1094 -1
394 1098 1096 653 963
395 57 909 309 -1
397 1104 1106 543 1102
398 1108 529 325 505
400 67 1118 611 1116
401 1120 1122 925 1075
402 -1 1124 1055 735
403 -1 1132 23 1130
404 739 1134 25 1133
405 1136 27 109 383
406 1138 707 1140 1142
407 519 -1 1146 511
409 1147 1149 -1 1150
410 1151 1154 753 1152
411 513 1153 1109 -1
412 503 509 1013 271
413 789 1166 -1 1168
414 1172 1170 1174 1176
415 1178 -1 1173 147
416 1182 1180 1179 1165
417 1021 1184 1183 189
418 1186 1145 1190 1188
419 1206 1163 1208 1210
420 1198 -1 1194 1196
421 1200 375 1202 1199
422 1204 -1 1201 755
426 1216 1218 1222 1220
427 41 883 69 345
429 1226 1224 1181 -1
431 1234 1236 -1 437
432 1238 -1 1242 1240
433 993 1244 903 -1
434 905 1246 953 995
436 1253 901 1252 1245
437 1262 -1 1266 1264
438 1265 1272 1270 461
439 1267 -1 1273 1274
441 1059 1282 1280 1284
443 89 1290 93 1292
444 553 395 1294 817
447 1269 1159 237 1304
448 1310 1312 1099 1308
449 969 1316 1311 1314
450 1073 761 1318 159
452 497 1322 1239 897
453 1324 1326 1328 -1
457 1340 -1 95 87
459 1221 1344 -1 1346
460 951 619 85 1249
461 1352 1358 1356 1354
462 1360 1355 1337 1129
463 1366 1370 -1 1368
465 1374 1211 1378 1376
467 -1 1394 1392 1396
468 1400 1047 1398 1277
471 1402 1404 1406 -1
472 1410 -1 1408 1395
473 1409 1349 1403 -1
474 1407 1279 1412 -1
476 -1 165 1418 1416
477 1417 1422 -1 1420
479 457 1430 449 1428
480 1434 1432 -1 1431
481 1438 1440 -1 1436
482 -1 1446 1444 1442
483 1450 1448 845 1411
484 673 205 229 1452
487 941 895 775 1456
488 1335 857 1061 221
489 1458 -1 1113 1371
491 213 215 203 183
494 301 -1 283 603
496 281 659 63 635
497 -1 1468 1466 1464
499 1025 -1 1470 835
501 453 1437 1429 -1
502 77 -1 1472 1399
504 1475 1131 -1 1476
505 105 763 1093 49
506 1480 -1 1478 1447
507 929 1353 1361 1127
508 865 1369 1087 1333
509 -1 1229 1482 1323
511 1490 1492 -1 1391
512 1488 1425 1486 1257
513 1487 1494 -1 1493
514 -1 1215 1107 1345
516 1001 1477 1137 -1
517 1319 317 -1 163
518 1479 363 1506 1504
519 907 193 1508 311
520 1509 331 -1 315
521 417 365 407 195
525 1271 1518 -1 489
527 1528 1530 -1 703
529 1455 1525 1227 1185
531 1461 -1 211 75
532 781 1532 1523 997
533 1537 1534 1536 329
534 745 1197 -1 1303
536 1203 371 1538 -1
539 475 481 471 359
540 -1 175 1544 1546
541 1317 967 831 1313
542 1263 1275 1031 1535
543 589 1439 1435 689
544 7 699 277 257
545 701 -1 1550 695
546 1551 -1 3 693
547 1441 81 1517 1433
548 1556 1554 1552 -1
549 643 299 605 591
554 1233 -1 179 1237
557 -1 1564 1562 671
558 1568 -1 1570 1566
559 1572 -1 1574 1289
560 1329 -1 1557 1576
561 1281 1577 1573 -1
562 1578 1567 1580 1287
563 1575 -1 1569 1579
564 1581 1571 1451 -1
565 1584 1103 1067 -1
566 1463 1105 1585 -1
567 1553 1586 1449 -1
568 1555 -1 289 1587
569 1590 -1 1588 1565
571 -1 1307 677 1363
572 1085 -1 1007 937
574 1415 1539 1489 1301
576 1596 433 1594 1592
579 1351 -1 1401 1405
581 1365 683 1485 1533
582 469 767 891 939
583 1357 235 1035 -1
584 91 1343 1598 1217
