530
1 3600 392
4
160 668 729 726
1 3600 392
3
366 649 646
1 3600 454
16
302 806 824 669 666 719 716 914 201 198 206 217 218 541 538 751
1 3600 454
9
364 549 203 200 455 21 22 458 463
1 3600 454
11
717 163 164 43 19 14 127 130 464 753 750
1 3600 454
13
577 578 575 177 174 45 40 31 28 128 382 671 674
1 3600 454
10
299 300 578 575 572 161 164 171 168 187
1 3600 454
13
275 272 646 704 401 398 167 170 43 19 14 510 671
1 3600 454
13
703 607 559 549 550 185 180 546 219 25 22 460 751
1 3600 454
8
575 570 173 174 45 19 14 510
1 3600 433
9
367 364 281 282 286 243 244 329 326
1 3600 1474
15
578 728 669 161 162 716 167 168 926 467 464 925 921 917 69
1 3600 1474
29
726 806 277 272 403 400 719 716 914 455 21 22 460 481 478 469 472 474 149 146 446 919 69 62 417 111 106 132 83
1 3600 1474
24
159 164 43 40 186 453 456 545 546 541 333 330 533 534 698 769 603 604 543 143 140 864 81 78
1 3600 1474
30
162 716 914 201 204 195 188 284 763 651 581 582 894 767 764 869 870 891 887 617 614 263 260 654 770 773 677 361 247 250
1 3600 464
7
666 401 402 648 837 701 607
1 3600 464
7
727 728 707 704 401 398 914
1 3600 464
5
177 159 162 716 914
1 3600 464
4
273 274 701 607
1 3600 467
8
367 364 549 191 192 183 178 206
1 3600 467
5
364 549 550 205 198
1 3600 819
14
607 565 279 282 284 683 680 692 734 740 153 150 885 699
1 3600 1474
18
405 398 167 168 187 31 28 128 382 833 355 352 881 149 144 608 517 522
1 3600 1474
34
272 403 400 667 573 177 174 45 19 16 32 467 464 925 922 537 155 156 582 894 767 764 869 37 34 891 313 310 625 425 426 391 392 371
1 3600 1474
22
703 700 275 276 824 669 161 164 43 19 14 510 833 834 921 917 69 66 88 420 798 831
1 3600 1474
32
836 649 646 704 719 716 167 168 926 27 24 218 541 333 328 531 534 698 769 519 520 543 103 87 88 418 213 208 269 266 813 814
1 3600 1053
10
173 159 162 716 914 201 202 191 188 284
1 3600 1340
9
363 364 281 282 284 763 695 692 736
1 3600 1474
20
405 400 719 163 158 174 45 40 31 28 130 462 459 460 539 241 242 288 581 582
1 3600 1474
21
174 725 171 168 926 467 462 748 750 481 327 330 155 156 582 894 767 764 869 597 593
1 3600 1474
17
607 565 279 282 286 288 652 740 585 582 894 767 764 869 870 891 637
1 3600 1474
31
164 43 19 14 510 671 672 818 357 352 917 69 64 73 76 106 132 83 78 360 676 721 489 492 830 799 421 341 338 661 662
1 3600 1474
31
302 727 575 570 173 174 45 40 186 453 21 22 460 481 478 469 472 474 149 146 446 919 69 66 88 418 859 854 872 861 743
1 3600 252
9
33 17 18 44 175 176 574 579 576
1 3600 252
4
166 717 718 667
1 3600 252
7
461 23 20 454 915 399 404
1 3600 252
12
751 752 465 131 29 30 41 42 165 158 172 571
1 3600 252
9
465 466 927 169 166 399 402 648 837
1 3600 198
3
19 14 510
1 3600 260
9
187 31 28 128 384 925 922 469 472
1 3600 260
3
672 820 834
1 3600 260
12
186 453 456 217 218 541 241 244 531 534 477 474
1 3600 260
9
31 32 27 22 460 481 478 469 472
1 3600 260
7
748 752 385 382 833 355 356
1 3600 491
11
130 464 925 921 917 69 62 417 137 138 125
1 3600 1474
13
672 818 357 352 881 882 769 603 604 543 143 101 96
1 3600 1474
25
750 539 333 330 533 534 698 769 519 522 562 919 69 62 71 76 106 132 83 78 360 676 772 731 732
1 3600 1474
34
186 926 27 24 218 541 241 242 288 581 582 894 767 764 869 37 38 591 586 867 483 423 345 346 614 411 408 757 733 723 720 677 361 349
1 3600 258
6
453 456 207 179 184 551
1 3600 209
6
128 384 753 750 539 241
1 3600 209
3
749 459 23
1 3600 233
14
725 171 168 926 467 464 925 921 881 149 144 610 603 600
1 3600 867
12
467 462 459 460 481 478 537 533 534 698 769 519
1 3600 1474
24
16 28 130 462 748 750 481 327 330 155 156 582 894 767 764 869 597 598 529 524 844 867 635 627
1 3600 1474
12
126 510 833 355 352 917 69 66 88 341 336 621
1 3600 1474
29
14 510 833 834 922 469 472 474 149 146 446 919 69 62 417 137 138 135 132 83 78 360 678 777 709 714 797 415 412
1 3600 1340
14
129 29 32 27 24 216 545 181 182 193 188 284 683 686
1 3600 1053
9
459 460 539 241 242 288 652 740 896
1 3600 1474
7
748 750 539 333 330 155 152
1 3600 1474
13
27 24 218 541 241 242 288 581 582 894 767 764 902
1 3600 1474
20
675 672 820 834 922 537 155 156 582 894 767 764 869 37 38 594 844 643 644 433
1 3600 1474
26
481 327 328 531 534 698 769 611 608 517 520 543 103 104 91 88 420 215 212 853 850 53 46 875 855 856
1 3600 1474
33
453 456 207 199 204 195 188 284 763 651 581 582 894 767 764 869 597 567 441 437 438 526 449 450 822 689 690 53 46 235 236 899 900
1 3600 433
15
475 476 535 532 331 332 540 547 181 184 551 548 365 362 700
1 3600 102
3
920 924 465
1 3600 102
4
832 383 384 465
1 3600 208
5
357 354 834 922 479
1 3600 119
11
818 357 352 917 69 62 417 137 138 125 120
1 3600 119
6
882 884 291 296 562 919
1 3600 409
6
917 69 64 73 76 106
1 3600 1474
19
472 474 149 144 608 517 520 543 143 140 864 81 78 360 676 772 771 655 261
1 3600 1474
10
352 917 69 66 88 420 798 793 790 796
1 3600 921
14
356 819 673 670 511 15 16 32 27 20 454 201 202 550
1 3600 237
7
327 332 540 547 181 182 196
1 3600 106
3
470 532 155
1 3600 254
6
474 149 146 446 563 560
1 3600 737
14
881 882 884 151 156 582 894 767 764 869 870 891 313 314
1 3600 1474
7
352 917 69 66 88 341 334
1 3600 1474
29
834 922 537 155 156 582 894 767 764 869 37 34 589 586 867 639 640 644 656 664 499 502 658 53 50 743 744 804 810
1 3600 1474
13
832 383 384 753 750 539 241 242 288 650 695 681 686
1 3600 1340
8
834 922 537 331 328 245 242 288
1 3600 1474
3
537 155 152
1 3600 1134
10
881 882 884 151 156 582 894 767 764 904
1 3600 1474
26
149 146 446 919 69 62 417 111 106 132 83 78 360 676 721 722 732 756 409 410 615 347 344 422 482 866
1 3600 1474
17
478 469 472 476 698 769 603 604 543 103 87 88 418 859 854 874 235
1 3600 1474
29
921 917 69 64 73 76 106 132 83 78 360 676 721 489 492 795 233 211 212 853 850 53 46 875 876 899 861 743 744
1 3600 1474
23
68 918 447 147 148 475 473 468 479 480 461 23 26 927 169 166 717 718 705 647 273 274 701
1 3600 461
14
444 609 610 768 699 535 530 245 240 540 219 216 457 452
1 3600 223
8
121 124 139 136 416 63 68 916
1 3600 223
4
359 352 881 475
1 3600 223
7
92 65 68 916 920 835 821
1 3600 223
6
553 556 359 354 834 922
1 3600 249
6
359 352 917 69 64 93
1 3600 258
5
146 446 919 69 66
1 3600 258
10
65 62 417 137 138 135 132 83 84 114
1 3600 258
7
137 109 106 132 83 84 116
1 3600 258
12
555 556 359 352 881 149 144 610 519 520 543 143
1 3600 258
5
111 106 132 862 141
1 3600 567
14
555 556 359 352 917 69 66 90 95 96 83 78 349 350
1 3600 1474
12
63 66 86 99 100 140 864 81 78 247 250 494
1 3600 1474
18
416 63 68 918 563 297 290 151 152 741 735 693 694 762 285 283 280 558
1 3600 867
11
563 523 518 768 699 535 530 329 332 540 547
1 3600 249
7
556 359 352 881 882 884 151
1 3600 237
10
121 124 139 109 77 72 65 68 918 563
1 3600 237
6
65 68 918 563 297 294
1 3600 230
14
75 76 106 132 97 94 91 88 341 336 323 324 370 393
1 3600 776
10
144 610 603 604 543 103 87 88 420 798
1 3600 1474
14
417 137 138 135 132 83 78 360 678 777 709 712 225 222
1 3600 1474
14
63 68 918 447 147 148 475 473 470 530 245 242 287 284
1 3600 1474
13
124 139 136 416 63 68 918 563 297 290 151 152 896
1 3600 1474
9
556 359 354 834 922 537 155 156 582
1 3600 921
15
63 66 88 341 334 380 504 387 390 427 424 624 886 890 871
1 3600 983
30
556 359 356 819 673 670 383 384 753 750 539 241 242 288 652 740 585 582 894 767 764 869 597 598 529 526 449 61 58 435
1 3600 1474
9
65 66 88 418 859 854 874 47 48
1 3600 1474
27
123 124 135 132 83 78 360 676 772 771 409 406 261 262 375 319 316 368 509 506 784 661 658 53 50 743 744
1 3600 1474
15
136 416 63 68 916 920 924 385 129 126 15 18 42 165 162
1 3600 1474
24
115 85 82 97 98 102 542 605 602 768 883 475 473 468 479 480 461 458 463 466 33 30 41 42
1 3600 421
12
865 141 142 542 521 518 768 699 535 532 331 326
1 3600 230
7
865 141 142 542 521 516 445
1 3600 230
10
85 82 97 94 91 67 68 918 447 147
1 3600 230
7
117 85 82 133 134 125 122
1 3600 230
6
67 68 916 353 358 878
1 3600 184
3
140 863 133
1 3600 181
7
138 135 132 83 78 349 350
1 3600 181
4
83 78 360 676
1 3600 181
6
115 85 78 360 676 772
1 3600 567
7
132 862 864 81 78 247 250
1 3600 1474
17
542 605 602 611 145 148 475 473 468 479 480 461 23 20 456 207 199
1 3600 1474
14
77 70 63 68 918 447 444 609 610 768 699 535 530 245
1 3600 776
7
542 605 602 768 699 535 530
1 3600 242
9
863 133 107 77 72 65 68 918 563
1 3600 185
11
117 85 78 360 676 721 722 732 758 265 262
1 3600 185
9
87 88 341 336 323 321 318 374 615
1 3600 198
6
97 98 104 91 88 420
1 3600 983
11
135 132 97 94 91 88 420 215 210 228 266
1 3600 1474
16
139 136 416 63 68 918 563 297 290 151 156 580 650 695 681 684
1 3600 1474
14
102 542 521 518 768 884 151 156 584 741 735 693 694 760
1 3600 1474
13
139 136 416 63 68 916 881 475 473 470 532 155 152
1 3600 1053
17
115 85 78 360 676 772 771 409 410 615 616 311 312 890 35 36 868
1 3600 670
10
103 87 88 341 338 785 501 498 665 59
1 3600 921
11
97 98 87 88 418 853 850 53 46 235 238
1 3600 1474
15
85 78 360 678 259 256 227 220 231 211 212 859 854 876 906
1 3600 1474
38
489 492 755 756 655 261 262 375 319 316 370 512 829 431 432 645 642 587 590 592 596 868 765 766 895 583 157 154 536 923 835 832 511 15 18 44 175 172
1 3600 1474
33
409 410 375 319 320 324 370 514 618 628 632 638 866 845 595 39 36 868 765 766 895 583 580 289 243 240 538 751 749 463 131 29 30
1 3600 1474
16
758 265 262 615 616 886 890 871 868 765 766 895 583 157 154 536
1 3600 545
11
264 801 421 89 67 68 916 353 358 557 554
1 3600 158
5
361 79 82 97 94
1 3600 158
9
264 801 421 89 90 95 96 133 107
1 3600 158
8
770 773 677 361 79 80 865 141
1 3600 267
6
488 720 677 361 349 350
1 3600 153
4
711 708 774 255
1 3600 153
8
260 407 408 757 754 493 490 715
1 3600 1474
32
732 754 830 799 421 341 334 376 785 782 827 429 434 657 57 60 448 527 528 599 596 868 765 766 895 583 580 289 287 189 194 205
1 3600 1474
23
409 410 615 347 344 424 622 626 636 890 35 36 868 765 766 895 583 580 650 762 285 189 192
1 3600 1474
29
360 678 777 709 714 797 791 233 211 212 853 850 691 688 823 451 448 527 439 436 440 566 596 868 765 766 895 583 157
1 3600 983
11
723 489 492 795 792 799 421 89 86 102 542
1 3600 233
6
406 261 262 375 319 316
1 3600 100
10
351 348 360 676 721 489 492 830 799 421
1 3600 307
11
264 801 215 212 859 854 872 861 743 746 778
1 3600 1474
26
676 772 771 655 407 410 615 616 311 312 890 871 868 765 766 895 583 584 741 735 693 681 682 285 283 278
1 3600 1474
25
655 261 262 375 319 320 324 370 393 388 631 485 482 866 587 588 35 36 868 765 766 895 583 580 650
1 3600 1474
26
721 711 714 797 415 231 211 212 853 850 659 503 498 665 657 645 642 845 595 39 36 868 765 766 895 583
1 3600 1474
23
360 678 259 254 786 788 791 792 799 421 341 338 661 662 305 306 55 60 448 527 528 443 440
1 3600 983
14
732 754 830 799 421 341 336 621 509 506 501 498 823 451
1 3600 819
7
754 795 233 211 212 859 854
1 3600 1474
14
723 711 712 225 222 812 267 268 209 212 859 854 872 900
1 3600 1474
20
258 679 361 79 82 133 107 77 72 65 68 916 920 924 465 466 927 169 166 399
1 3600 1474
12
788 791 792 799 421 89 67 68 916 920 924 385
1 3600 1474
18
715 708 776 679 361 79 82 133 107 110 416 63 68 918 447 147 148 475
1 3600 1474
13
225 220 231 211 212 419 89 67 68 916 353 358 557
1 3600 475
10
713 710 720 677 361 79 82 97 98 104
1 3600 289
4
491 488 720 677
1 3600 289
6
786 788 791 794 755 756
1 3600 289
9
395 257 254 775 776 679 361 349 350
1 3600 289
7
249 246 360 676 772 771 655
1 3600 320
4
774 255 256 394
1 3600 1474
22
713 710 722 732 758 265 262 615 616 886 890 871 868 765 766 895 583 584 741 653 289 287
1 3600 1474
23
787 775 776 679 361 79 80 865 141 142 542 521 516 609 145 148 475 473 468 479 480 461 23
1 3600 1474
16
797 415 412 267 268 209 212 419 89 90 105 102 542 605 602 768
1 3600 1474
13
248 348 79 82 133 107 77 70 63 68 918 447 444
1 3600 867
14
254 786 788 791 792 799 421 341 336 621 369 370 514 343
1 3600 237
7
246 360 676 772 731 732 758
1 3600 292
3
225 222 812
1 3600 292
12
248 348 360 678 777 709 714 797 415 412 813 814
1 3600 1474
26
709 714 491 492 755 756 409 410 615 347 344 422 486 315 312 890 871 868 765 766 895 583 580 289 287 283
1 3600 1474
29
714 491 492 830 799 421 341 334 380 504 829 827 631 632 638 866 845 525 528 599 596 868 765 766 895 583 584 741 738
1 3600 1474
25
709 710 722 730 771 409 410 375 319 316 370 512 387 390 628 485 486 626 636 890 35 36 868 765 766
1 3600 1474
21
709 714 797 415 231 211 212 853 850 691 688 665 657 645 642 587 590 592 596 868 902
1 3600 1474
20
395 227 220 231 232 792 799 800 265 262 375 319 320 324 370 393 388 429 432 645
1 3600 1134
12
348 360 676 721 489 492 830 799 215 212 853 848
1 3600 1474
19
497 251 246 360 676 721 489 492 795 233 211 212 859 854 876 899 861 743 746
1 3600 100
4
200 915 717 718
1 3600 223
7
185 180 544 217 25 22 460
1 3600 819
11
559 549 550 185 180 546 541 333 330 533 471
1 3600 1474
18
559 281 282 284 683 680 692 734 740 153 150 291 296 562 919 69 64 93
1 3600 1474
18
198 206 545 546 541 333 328 531 534 698 769 519 520 543 143 140 864 81
1 3600 1474
17
549 191 188 286 288 581 582 894 767 764 869 870 891 887 617 614 411
1 3600 1474
31
204 195 188 284 763 651 581 582 894 767 764 869 37 34 891 637 634 639 640 644 656 664 689 690 851 852 213 210 230 414 796
1 3600 295
4
558 565 279 282
1 3600 136
4
559 281 282 286
1 3600 136
6
549 550 185 180 546 541
1 3600 567
10
455 21 22 460 481 478 469 472 476 698
1 3600 1474
14
201 198 206 217 218 541 333 330 533 534 698 769 519 522
1 3600 1474
23
201 202 191 188 284 683 680 692 734 740 585 582 894 767 764 869 870 891 313 314 487 484 629
1 3600 1474
25
558 565 279 282 284 763 651 581 582 894 767 764 869 37 38 594 844 643 641 633 630 826 783 507 508
1 3600 1474
35
550 195 188 284 683 680 692 734 740 585 582 894 767 764 869 597 598 529 526 449 61 54 307 304 663 660 339 340 418 213 208 269 266 813 814
1 3600 140
5
548 281 11 3 6
1 3600 307
6
559 549 191 188 284 763
1 3600 1474
5
188 286 288 652 740
1 3600 1474
16
201 204 195 188 284 763 651 581 582 894 767 764 869 597 567 568
1 3600 1474
18
455 21 22 460 481 327 330 155 156 582 894 767 764 869 37 34 589 586
1 3600 1474
26
201 202 191 188 286 288 581 582 894 767 764 869 870 891 637 634 639 640 644 656 664 499 502 658 53 48
1 3600 1474
28
550 185 180 546 541 241 242 288 581 582 894 767 764 869 37 38 594 846 613 449 450 307 304 690 53 50 743 744
1 3600 214
3
454 915 717
1 3600 95
11
178 206 457 452 187 31 28 128 382 671 674
1 3600 220
9
206 217 25 26 467 464 925 835 821
1 3600 867
13
197 183 180 544 457 21 26 467 464 925 921 917 69
1 3600 1474
13
541 241 244 531 534 698 769 603 604 543 143 101 96
1 3600 1474
20
25 22 460 481 478 469 472 474 149 146 446 919 69 62 71 76 106 132 83 78
1 3600 1474
18
21 22 458 748 752 925 921 917 69 66 88 420 798 793 790 789 787 255
1 3600 142
5
24 216 207 179 184
1 3600 142
3
181 178 199
1 3600 254
3
219 216 457
1 3600 129
5
541 333 328 531 534
1 3600 129
4
218 541 241 244
1 3600 589
13
25 22 460 481 478 469 472 474 149 144 608 517 522
1 3600 1474
21
546 541 333 330 155 156 582 894 767 764 869 870 891 887 625 425 426 619 515 371 325
1 3600 1474
14
244 531 534 698 769 603 604 543 103 104 91 88 420 215
1 3600 1474
28
218 541 241 242 288 581 582 894 767 764 869 597 567 441 437 438 526 449 450 822 689 690 53 50 743 744 804 810
1 3600 301
6
288 652 735 693 681 686
1 3600 129
9
182 193 188 284 683 680 692 734 738
1 3600 421
7
217 218 541 333 330 155 156
1 3600 867
12
242 288 652 740 585 582 894 767 764 869 597 567
1 3600 1474
21
217 25 22 460 481 478 537 155 156 582 894 767 764 869 37 34 891 313 314 487 484
1 3600 1474
17
457 452 926 467 464 925 921 917 69 66 88 341 334 376 661 658 53
1 3600 1474
30
197 193 188 284 763 651 581 582 894 767 764 869 37 38 591 586 643 644 656 664 499 502 658 53 46 235 236 899 861 743
1 3600 737
9
332 540 547 181 184 551 548 558 606
1 3600 214
5
332 538 751 749 463
1 3600 98
5
885 699 477 473 468
1 3600 249
8
330 533 471 472 474 149 146 446
1 3600 702
14
330 533 534 698 769 519 522 562 919 69 62 417 111 106
1 3600 1474
15
328 531 534 698 769 519 520 543 143 140 864 81 78 349 350
1 3600 1474
16
531 471 472 474 149 146 446 919 69 66 88 420 798 831 493 490
1 3600 614
9
699 535 532 331 332 540 547 181 184
1 3600 64
7
532 331 326 480 461 23 20
1 3600 254
3
535 532 331
1 3600 68
3
885 769 603
1 3600 491
18
532 155 156 582 894 767 764 869 870 891 637 627 623 425 345 342 515 371
1 3600 1474
9
150 291 296 562 919 69 66 88 420
1 3600 1474
26
156 582 894 767 764 869 597 598 529 524 844 867 483 484 630 389 386 505 381 335 340 418 213 210 228 266
1 3600 1053
7
151 152 741 735 693 681 686
1 3600 289
6
699 535 530 245 242 288
1 3600 186
5
698 884 151 156 582
1 3600 245
6
155 156 582 894 767 764
1 3600 702
11
245 242 288 581 582 894 767 764 869 597 598
1 3600 1474
21
156 582 894 767 764 869 37 34 589 586 643 641 633 630 826 783 784 661 662 690 53
1 3600 1474
11
601 604 543 103 87 88 418 859 854 872 900
1 3600 1474
16
602 611 145 148 880 353 356 819 673 670 511 15 18 42 165 160
1 3600 776
7
290 885 883 880 920 924 753
1 3600 227
4
145 148 880 920
1 3600 114
9
516 445 147 148 880 353 358 557 552
1 3600 208
13
295 296 562 919 69 64 73 76 106 132 83 84 116
1 3600 921
15
296 562 919 69 62 417 137 138 135 132 83 78 360 676 721
1 3600 1474
14
561 523 520 543 143 101 96 83 78 360 678 777 709 712
1 3600 1474
14
145 148 475 473 468 479 480 461 23 20 456 207 199 204
1 3600 567
10
517 518 768 699 535 532 331 332 540 547
1 3600 66
6
518 768 699 535 530 329
1 3600 278
3
517 520 605
1 3600 120
10
604 543 103 104 91 88 341 336 323 321
1 3600 120
14
516 445 446 919 69 66 88 341 336 621 509 504 387 390
1 3600 491
7
522 562 919 69 66 88 341
1 3600 1474
19
611 608 445 446 919 69 62 417 111 106 132 83 78 360 678 259 256 227 222
1 3600 1474
10
768 884 151 152 741 653 650 762 683 684
1 3600 1053
6
602 768 884 151 152 896
1 3600 433
6
295 290 151 156 582 894
1 3600 111
11
610 768 884 151 156 582 894 767 764 869 597
1 3600 205
9
296 562 919 69 66 88 341 338 785
1 3600 776
14
295 296 523 520 543 103 87 88 418 853 850 53 46 235
1 3600 1474
12
295 296 562 919 69 66 88 418 859 854 876 906
1 3600 1474
30
427 424 622 315 312 890 871 868 765 766 895 583 157 154 536 923 835 832 511 15 18 44 175 176 572 668 825 277 274 836
1 3600 1474
15
322 337 340 89 67 68 916 353 354 832 383 129 29 30 186
1 3600 737
10
386 505 508 620 337 340 89 67 68 916
1 3600 237
17
391 386 513 371 317 320 322 337 340 89 86 99 96 133 134 125 122
1 3600 173
12
617 614 263 260 654 770 773 677 361 79 82 133
1 3600 173
16
391 392 371 317 318 374 411 408 757 733 730 773 677 361 79 80
1 3600 249
3
263 264 759
1 3600 983
11
345 346 614 263 260 654 757 733 723 711 708
1 3600 1474
19
344 422 482 635 636 890 35 36 868 765 766 895 583 580 289 287 189 190 550
1 3600 1474
26
319 316 370 514 618 628 632 638 866 845 595 39 36 868 765 766 895 583 157 154 536 479 480 461 23 20
1 3600 527
23
320 324 370 512 829 431 434 59 60 448 527 439 436 442 599 596 868 765 766 895 583 157 150
1 3600 197
18
625 425 426 391 386 505 381 335 340 89 90 95 100 142 542 521 516 609
1 3600 197
11
386 513 371 368 620 337 340 89 86 102 542
1 3600 197
12
320 322 337 340 89 67 68 918 447 444 609 610
1 3600 220
4
316 370 514 618
1 3600 161
7
426 619 515 371 368 620 808
1 3600 161
6
325 321 318 374 263 264
1 3600 161
7
345 346 614 411 408 757 758
1 3600 614
9
617 614 411 408 757 754 493 490 797
1 3600 1474
15
615 616 886 890 871 868 765 766 895 583 580 650 762 285 283
1 3600 1474
15
344 424 624 311 312 890 35 36 868 765 766 895 583 584 741
1 3600 1474
7
886 890 871 868 765 766 895
1 3600 233
10
626 636 890 35 36 868 765 766 895 892
1 3600 170
8
320 324 370 393 388 631 632 640
1 3600 170
4
628 630 826 783
1 3600 205
5
512 505 506 501 502
1 3600 1474
12
314 487 484 630 429 434 664 689 690 53 50 743
1 3600 1474
24
831 493 488 720 677 361 79 82 133 107 110 416 63 68 916 920 924 465 466 927 169 166 399 404
1 3600 1474
13
421 89 67 68 916 353 356 819 673 670 511 127 29
1 3600 1474
18
831 493 488 720 677 361 79 82 133 107 77 72 65 68 916 353 354 821
1 3600 819
10
809 337 340 89 86 99 96 133 134 125
1 3600 191
10
620 337 340 89 90 95 96 133 107 108
1 3600 110
6
323 321 318 374 263 260
1 3600 278
12
373 374 263 264 801 798 793 233 230 221 226 396
1 3600 1474
23
621 509 506 782 827 631 485 482 866 587 590 592 596 868 765 766 895 583 580 289 287 189 194
1 3600 1474
23
809 621 509 504 829 431 432 57 60 448 527 528 599 596 868 765 766 895 583 580 289 243 240
1 3600 1474
19
800 759 733 730 773 677 361 79 80 865 141 142 542 521 518 768 699 535 532
1 3600 545
17
759 733 730 773 677 361 79 82 133 107 110 416 63 68 918 563 297
1 3600 165
10
853 850 659 503 500 782 828 387 390 427
1 3600 165
4
341 336 323 321
1 3600 165
8
799 800 265 262 615 347 342 618
1 3600 208
3
792 799 421
1 3600 145
3
801 215 210
1 3600 145
6
793 790 789 225 222 816
1 3600 1474
30
373 319 316 370 393 388 429 432 645 642 845 595 39 36 868 765 766 895 583 584 741 735 693 694 762 285 283 278 9 2
1 3600 1474
18
214 800 265 262 615 616 311 312 890 871 868 765 766 895 583 584 741 738
1 3600 1474
21
376 661 662 305 306 451 448 612 847 525 439 436 440 566 596 868 765 766 895 583 584
1 3600 776
14
755 756 409 410 615 347 344 422 482 866 845 525 439 436
1 3600 186
10
799 421 341 338 785 501 498 823 451 448
1 3600 89
5
376 661 658 53 48
1 3600 433
11
334 376 661 658 53 46 235 236 899 861 743
1 3600 1474
30
841 803 209 212 419 89 67 68 918 447 147 148 475 473 468 923 924 465 466 927 169 170 165 160 666 705 647 648 367 362
1 3600 1474
20
224 713 708 776 679 361 79 82 133 134 139 136 416 63 68 916 920 924 385 129
1 3600 1474
21
796 715 708 776 679 361 79 80 865 141 142 542 605 602 611 145 148 475 473 468 479
1 3600 1474
15
271 229 232 794 493 488 720 677 361 79 82 133 134 125 118
1 3600 776
6
226 257 258 679 361 79
1 3600 289
8
269 266 413 414 796 715 710 720
1 3600 286
10
817 223 224 787 775 776 679 361 247 248
1 3600 286
6
271 229 230 221 224 787
1 3600 1474
23
812 267 268 209 212 419 89 67 68 918 447 147 148 475 473 468 479 480 461 23 20 454 201
1 3600 1474
15
841 803 209 214 421 89 67 68 916 920 924 465 466 927 453
1 3600 1474
15
803 209 212 419 89 90 105 102 542 521 518 768 699 535 532
1 3600 1474
19
232 794 493 488 720 677 361 79 82 133 107 77 72 65 68 918 447 444 609
1 3600 545
7
791 794 755 756 409 410 375
1 3600 307
10
805 745 742 860 873 855 858 213 214 798
1 3600 307
7
817 812 267 229 211 214 800
1 3600 307
8
779 747 742 51 52 851 852 419
1 3600 307
4
415 231 211 212
1 3600 307
8
231 232 792 799 421 341 336 621
1 3600 335
4
415 412 813 816
1 3600 1474
24
796 491 488 722 732 756 655 261 262 615 616 886 890 871 868 765 766 895 583 580 650 695 681 684
1 3600 1474
26
805 745 742 860 898 237 234 47 52 691 688 665 657 645 642 587 590 39 36 868 765 766 895 583 584 896
1 3600 1474
22
843 271 268 209 212 853 850 659 662 305 306 55 60 448 527 528 599 596 868 765 766 895
1 3600 1474
23
803 209 212 853 850 659 503 498 665 657 645 641 638 635 636 890 35 36 868 765 766 895 892
1 3600 737
18
815 223 220 414 791 792 799 421 341 334 380 506 782 827 631 632 638 866
1 3600 233
11
267 229 211 212 859 854 874 47 52 691 663
1 3600 223
11
843 271 268 209 212 859 854 872 861 743 746
1 3600 867
8
3 8 564 606 363 366 837 275
1 3600 1134
9
10 280 365 366 649 403 398 167 168
1 3600 1474
18
278 564 606 700 836 649 646 706 669 161 164 43 19 14 510 833 355 352
1 3600 1474
13
5 2 10 282 286 243 244 531 534 477 474 149 146
1 3600 1474
12
687 680 692 734 740 153 150 885 769 603 604 543
1 3600 1474
25
280 365 366 649 403 398 167 168 926 467 464 925 921 917 69 62 71 76 106 132 83 78 360 676 772
1 3600 1474
34
3 8 279 282 284 683 680 692 734 740 585 582 894 767 764 869 37 38 594 846 613 449 61 54 307 304 690 851 852 213 210 230 414 789
1 3600 270
7
7 8 564 559 549 203 200
1 3600 270
3
687 682 285
1 3600 273
7
7 2 10 282 286 243 240
1 3600 983
28
13 10 280 365 362 700 275 272 646 704 667 161 164 43 19 14 510 671 672 818 357 352 881 149 144 610 603 600
1 3600 1474
9
680 692 734 740 153 150 291 296 560
1 3600 1474
19
685 682 763 651 581 582 894 767 764 869 870 891 313 310 625 425 426 619 515
1 3600 1474
24
685 680 694 651 581 582 894 767 764 869 870 891 637 634 639 640 644 433 430 783 507 508 620 808
1 3600 1474
40
5 8 564 606 700 275 276 824 669 573 177 174 45 40 31 28 128 384 925 921 917 69 62 417 137 138 135 132 83 78 360 676 721 489 492 795 233 228 270 841
1 3600 327
3
763 695 696
1 3600 242
5
13 10 282 286 288
1 3600 242
8
279 282 284 763 695 692 734 738
1 3600 242
5
282 284 763 651 652
1 3600 983
6
683 680 692 734 740 585
1 3600 1474
8
763 651 581 582 894 767 764 869
1 3600 1474
17
687 680 692 734 740 585 582 894 767 764 869 37 34 589 586 867 483
1 3600 1474
20
282 286 288 581 582 894 767 764 869 597 598 529 526 449 450 822 689 690 53 48
1 3600 1474
25
8 279 282 286 288 581 582 894 767 764 869 37 38 594 844 643 644 656 664 499 502 658 53 50 743
1 3600 1134
8
762 285 189 190 548 365 366 837
1 3600 867
11
289 243 240 538 751 749 463 131 29 17 18
1 3600 1134
14
762 285 189 194 205 200 455 21 26 33 28 128 382 833
1 3600 1474
19
737 734 653 289 243 244 329 326 478 923 921 917 69 62 417 137 138 125 122
1 3600 1474
18
761 651 289 243 244 531 471 472 474 149 146 446 919 69 64 73 76 106
1 3600 1474
15
739 740 585 582 894 767 764 869 870 891 887 617 614 411 406
1 3600 1474
17
692 734 740 153 150 885 769 519 520 543 143 140 864 81 78 247 250
1 3600 301
12
897 153 154 331 332 540 219 216 207 179 182 193
1 3600 120
5
737 734 653 289 243
1 3600 273
5
761 651 581 157 150
1 3600 983
5
581 157 150 291 294
1 3600 1474
21
740 585 582 894 767 764 869 597 567 441 437 438 526 449 61 56 433 428 389 392 371
1 3600 1474
16
897 585 582 894 767 764 869 37 34 891 313 310 617 614 263 264
1 3600 1474
26
761 762 285 189 192 183 180 544 457 452 187 31 28 128 382 833 355 352 917 69 66 88 420 215 208 269
1 3600 164
4
761 695 681 686
1 3600 164
7
693 681 682 285 283 11 12
1 3600 314
3
652 740 896
1 3600 114
3
653 581 582
1 3600 567
10
694 651 581 582 894 767 764 869 597 567
1 3600 1474
9
581 582 894 767 764 869 37 38 594
1 3600 1474
21
740 585 582 894 767 764 869 870 891 637 634 639 640 644 656 664 689 690 53 46 875
1 3600 1474
23
737 734 740 585 582 894 767 764 869 597 598 529 526 449 450 307 304 663 658 53 50 743 744
1 3600 1474
15
583 157 154 536 923 835 832 511 15 18 44 175 176 572 666
1 3600 1340
10
157 154 331 332 538 751 749 463 131 126
1 3600 1053
5
153 150 885 883 880
1 3600 1474
12
157 150 291 296 562 919 69 62 417 137 138 125
1 3600 1474
15
153 154 533 534 698 769 603 604 543 143 140 864 81 84 116
1 3600 1474
14
767 764 869 870 891 887 617 614 411 408 770 773 677 361
1 3600 1474
16
157 150 291 296 562 919 69 64 73 76 106 132 83 78 360 678
1 3600 1228
9
895 583 580 289 287 189 190 548 558
1 3600 320
7
157 154 331 332 540 547 181
1 3600 142
4
583 157 150 885
1 3600 342
6
153 154 533 534 698 769
1 3600 1053
10
894 767 764 869 37 34 891 313 310 625
1 3600 1474
18
767 764 869 597 593 591 586 643 641 633 630 826 783 784 339 340 420 800
1 3600 1474
20
157 150 885 769 519 520 543 143 140 864 81 78 360 678 777 774 786 225 222 814
1 3600 819
7
583 584 741 735 693 681 684
1 3600 93
3
580 652 738
1 3600 527
3
895 583 584
1 3600 79
7
894 767 764 869 597 567 568
1 3600 545
13
585 582 894 767 764 869 37 38 594 846 613 449 61
1 3600 1474
17
767 764 869 870 891 637 634 639 640 644 656 664 499 502 658 53 46
1 3600 1474
18
767 764 869 37 34 589 586 643 644 656 664 689 690 53 46 235 236 906
1 3600 1474
16
293 290 885 883 880 353 356 819 673 670 511 15 18 42 165 160
1 3600 1474
13
36 868 765 766 895 583 157 154 536 923 835 821 673
1 3600 1053
11
903 765 766 895 583 157 154 536 923 835 355
1 3600 921
7
293 296 562 919 69 64 93
1 3600 983
21
905 869 870 891 313 314 487 484 629 391 386 505 381 335 340 89 86 99 96 133 134
1 3600 1474
21
598 529 524 844 867 483 423 345 342 515 371 317 318 374 263 260 654 770 773 677 361
1 3600 1474
19
869 37 34 891 887 625 425 426 391 386 505 381 335 340 420 798 793 790 789
1 3600 1474
13
592 596 868 765 766 895 583 580 650 762 285 189 194
1 3600 867
14
569 566 596 868 765 766 895 583 580 289 243 240 538 461
1 3600 249
16
637 627 487 484 630 826 783 784 339 340 89 86 102 542 605 600
1 3600 117
13
765 766 895 583 157 154 533 471 472 474 149 144 608
1 3600 227
10
437 438 526 449 61 58 435 430 828 505
1 3600 737
10
313 314 623 425 345 342 515 371 325 322
1 3600 1474
11
293 296 562 919 69 66 88 420 798 793 233
1 3600 1474
11
442 599 596 868 765 766 895 583 580 650 762
1 3600 614
13
569 566 596 868 765 766 895 583 584 741 735 693 694
1 3600 211
8
890 871 868 765 766 895 583 584
1 3600 211
8
39 36 868 765 766 895 583 584
1 3600 237
6
440 566 593 591 588 891
1 3600 200
8
38 594 846 613 449 450 307 308
1 3600 200
6
437 438 526 449 61 54
1 3600 200
8
34 589 586 643 644 57 54 307
1 3600 200
6
869 597 598 529 526 449
1 3600 446
14
34 891 637 634 639 640 644 656 664 499 502 658 53 46
1 3600 1474
16
441 437 438 526 449 450 822 689 690 53 46 875 876 899 861 743
1 3600 1474
28
633 630 826 783 784 377 335 340 89 67 68 916 353 354 832 383 129 29 30 41 44 175 172 571 574 726 303 300
1 3600 1474
13
783 784 339 340 89 67 68 916 920 924 465 466 33
1 3600 1474
15
633 629 391 386 513 371 325 322 337 340 89 67 68 916 920
1 3600 1053
18
428 389 392 371 317 318 374 411 408 770 773 677 361 79 82 133 107 77
1 3600 670
19
435 430 828 513 371 317 318 374 263 260 654 770 773 677 361 79 82 133 107
1 3600 1134
9
629 619 343 346 614 411 408 770 773
1 3600 1474
13
826 783 501 502 658 851 852 213 210 230 221 226 257
1 3600 1474
16
866 587 588 871 868 765 766 895 583 580 289 287 189 190 203 200
1 3600 1474
24
309 304 663 660 377 335 340 89 90 105 102 542 521 516 609 145 148 475 473 468 479 480 461 23
1 3600 776
12
845 595 39 36 868 765 766 895 583 157 154 533
1 3600 242
11
309 304 663 660 339 340 89 67 68 918 563
1 3600 276
8
529 524 844 867 483 423 426 391
1 3600 276
9
61 56 433 428 389 390 619 343 346
1 3600 276
5
641 633 485 486 623
1 3600 196
8
627 487 423 345 342 515 371 368
1 3600 921
14
630 826 431 434 664 689 690 851 852 213 208 802 840 842
1 3600 1474
18
657 645 642 587 588 871 868 765 766 895 583 580 289 287 283 278 9 2
1 3600 1474
14
486 315 312 890 35 36 868 765 766 895 583 584 741 738
1 3600 819
10
306 451 448 527 528 599 596 868 765 766
1 3600 333
17
867 483 484 630 826 828 505 381 335 340 89 67 68 918 563 297 292
1 3600 333
3
612 847 595
1 3600 333
5
528 599 596 868 765
1 3600 333
6
432 645 642 587 590 39
1 3600 333
9
500 782 827 631 485 486 315 312 890
1 3600 180
6
55 56 645 641 638 635
1 3600 344
4
499 502 658 851
1 3600 344
6
526 449 450 307 304 663
1 3600 344
10
640 644 656 664 689 690 53 46 235 236
1 3600 344
9
529 526 449 450 822 499 502 658 851
1 3600 344
8
644 656 664 689 690 53 46 235
1 3600 344
9
526 449 61 54 307 304 690 851 848
1 3600 344
10
586 643 644 656 664 499 502 658 53 46
1 3600 867
9
783 784 661 658 53 46 875 872 900
1 3600 1474
34
849 852 213 214 798 831 493 488 720 677 361 79 80 865 141 142 542 605 602 768 699 535 530 245 240 540 219 216 457 454 915 717 718 705
1 3600 1474
18
660 339 340 89 67 68 918 447 147 148 475 473 468 479 480 751 749 463
1 3600 1474
28
898 877 855 858 213 210 230 414 796 715 708 776 679 361 79 82 133 107 110 416 63 68 918 447 147 148 475 473
1 3600 1474
6
849 852 419 89 67 68
1 3600 921
11
239 234 875 855 858 419 89 90 95 100 142
1 3600 921
11
663 503 500 507 508 369 325 321 318 374 263
1 3600 1340
18
49 46 875 855 858 213 214 798 831 493 488 720 677 361 349 249 250 496
1 3600 1474
22
874 47 52 691 688 823 451 448 612 847 595 39 36 868 765 766 895 583 580 650 762 285
1 3600 1474
33
49 46 875 855 858 213 210 232 794 493 488 720 677 361 79 80 865 141 142 542 521 518 768 699 535 530 329 332 540 547 181 182 196
1 3600 1474
13
660 377 335 340 89 86 102 542 605 602 768 699 535
1 3600 867
26
234 875 855 858 213 210 232 790 796 715 708 776 679 361 79 82 133 134 139 136 416 63 68 918 563 560
1 3600 214
11
854 874 47 52 659 503 500 507 508 369 325
1 3600 182
6
663 660 339 340 420 798
1 3600 182
6
663 660 377 335 340 420
1 3600 283
8
239 234 875 855 858 213 210 230
1 3600 1474
21
688 665 657 645 641 638 635 636 890 871 868 765 766 895 583 584 741 735 693 681 684
1 3600 1474
21
874 47 52 691 305 306 55 60 448 527 528 599 596 868 765 766 895 583 580 650 760
1 3600 1474
16
849 850 659 662 688 665 657 645 642 587 588 871 868 765 766 895
1 3600 491
14
234 47 52 659 503 500 782 827 631 485 486 315 312 890
1 3600 236
8
857 854 874 47 52 691 663 503
1 3600 236
9
854 874 47 52 659 660 785 782 827
1 3600 236
9
849 850 691 688 665 657 645 642 587
1 3600 236
4
785 782 827 631
1 3600 236
5
49 52 691 305 306
1 3600 198
6
690 53 46 875 855 856
1 3600 215
3
235 236 906
1 3600 215
5
854 876 899 861 743
1 3600 1474
25
907 877 855 858 419 89 67 68 916 353 354 832 383 129 29 30 186 169 166 399 402 273 274 701 702
1 3600 1474
30
51 52 851 852 213 214 798 831 493 488 720 677 361 79 82 133 107 77 70 63 68 918 447 147 148 475 473 468 479 480
1 3600 1474
14
860 873 855 858 419 89 86 102 542 521 518 768 699 477
1 3600 1474
25
860 873 855 858 213 214 800 759 733 730 773 677 361 79 82 133 107 110 416 63 68 916 353 358 878
1 3600 1474
9
745 742 51 52 851 852 419 89 90
1 3600 1474
16
907 877 855 858 213 210 230 414 796 715 708 776 679 361 349 350
1 3600 1474
14
747 742 51 52 851 852 213 208 269 266 413 221 224 713
1 3600 1474
35
745 742 51 52 659 660 377 380 504 387 390 427 424 624 886 890 35 36 868 765 766 895 583 157 154 331 332 540 219 216 207 199 202 548 558
1 3600 1474
24
745 742 860 873 855 858 419 89 86 99 100 142 542 605 602 768 699 535 530 245 240 540 547 181
1 3600 1474
30
747 742 860 898 877 855 858 213 214 798 831 493 488 720 677 361 79 82 133 107 77 72 65 68 918 447 147 148 475 476
1 3600 1474
20
780 745 742 860 898 237 234 47 52 851 852 419 89 90 105 102 542 521 516 609
1 3600 1053
11
907 237 234 47 52 659 503 500 507 504 513
1 3600 289
5
51 52 851 852 213
1 3600 177
9
901 873 855 858 213 208 802 840 842
1 3600 1474
29
901 898 237 234 47 52 691 688 823 451 448 527 439 436 440 566 596 868 765 766 895 583 580 289 287 283 11 3 4
1 3600 1474
24
907 877 874 47 52 691 305 306 55 60 448 612 847 595 39 36 868 765 766 895 583 584 741 738
1 3600 1474
20
747 742 51 52 659 662 688 665 657 645 641 638 635 636 890 871 868 765 766 895
1 3600 1474
15
745 742 51 52 659 503 498 823 451 448 527 439 436 440 568
1 3600 567
9
907 237 234 47 52 691 688 665 657
1 3600 144
4
901 898 237 238
1 3600 144
4
901 873 855 856
1 3600 614
3
743 744 781
