1181
1 3600 108
5
1079 1082 1585 107 108
1 3600 137
14
1599 1547 813 810 1278 1179 1174 1299 193 190 198 419 420 881
1 3600 137
14
809 810 1278 1179 1176 1301 1298 1293 195 111 106 1584 1594 975
1 3600 137
6
106 1584 1083 1075 969 964
1 3600 137
15
1547 813 810 1278 1179 1176 1181 611 612 439 409 209 210 413 414
1 3600 137
18
810 1278 1179 1174 1299 609 614 722 405 406 804 225 228 635 630 678 967 970
1 3600 137
4
411 414 962 881
1 3600 165
11
533 411 416 432 633 628 623 624 646 835 830
1 3600 681
14
810 1278 1179 1176 1302 1304 1207 923 920 1055 1050 1282 1570 691
1 3600 681
15
768 427 428 972 937 934 919 920 1061 1058 1205 1029 1026 217 214
1 3600 681
29
1599 1547 813 810 1278 1179 1176 1301 193 194 163 160 1271 1268 655 652 1201 701 704 1459 1445 1442 841 215 218 1018 1494 1415 1413
1 3600 681
30
771 768 427 422 680 639 597 589 586 940 923 920 1061 1056 911 908 1086 1570 691 688 692 1203 1029 1024 1019 1014 1339 1281 1171 1168
1 3600 681
34
769 431 417 412 211 212 225 226 735 738 239 236 240 221 205 202 1407 1393 1394 1385 1382 117 118 125 120 138 146 152 156 173 168 174 99 95
1 3600 132
11
1075 1076 1589 769 431 417 412 211 208 408 438
1 3600 132
13
1597 1547 813 810 1276 1307 1245 1240 1179 1176 1181 611 614
1 3600 132
5
810 1278 1179 1176 1302
1 3600 90
11
427 422 631 634 229 224 805 806 765 766 981
1 3600 378
16
813 810 1278 1179 1176 1302 1249 601 598 977 435 436 447 440 31 32
1 3600 618
24
531 463 199 196 208 408 434 763 627 49 27 28 43 36 1182 1189 715 720 1460 1470 1389 1387 1383 1381
1 3600 681
20
431 432 633 628 9 10 1091 239 236 242 223 205 206 1485 1480 1469 1472 1463 1257 1254
1 3600 681
34
1547 813 810 1278 1179 1176 1302 1249 1246 1312 1501 309 302 395 392 1368 1580 1359 1362 1608 1535 787 782 1216 1222 1236 861 862 845 846 850 1120 1427 1430
1 3600 681
30
768 1588 1077 969 966 937 934 919 920 1043 1038 1046 917 661 651 648 327 322 1322 115 112 876 1447 1450 1037 1034 1190 1326 1005 1002
1 3600 681
24
813 810 1278 1179 1174 1299 609 610 603 598 451 454 789 792 982 731 39 40 242 165 160 179 180 1284
1 3600 454
9
1595 1585 107 110 192 1300 1302 1249 1246
1 3600 400
23
1076 975 429 424 432 962 881 229 230 1296 445 442 626 766 1066 449 452 1330 685 682 525 526 1156
1 3600 681
27
1597 1547 813 810 1278 1179 1176 1302 1304 373 374 367 361 358 1162 951 948 1136 1155 1156 1160 1252 1113 1107 1102 761 754
1 3600 681
28
1082 1594 975 972 679 680 639 636 9 14 235 232 617 620 985 982 988 1094 1342 1625 757 758 1263 1258 1133 671 674 1219
1 3600 681
27
969 966 679 631 634 229 226 563 45 46 791 788 1147 1141 1142 1360 1578 1610 1457 55 52 1265 1129 1130 1214 69 66
1 3600 681
26
1597 1547 813 810 1278 1179 1174 1299 609 612 439 434 976 307 304 318 382 1139 1136 1421 1424 467 73 70 505 506
1 3600 681
28
768 427 422 680 639 597 594 624 646 389 384 1478 1489 1469 1461 1449 1450 815 818 1329 853 854 868 1117 71 72 464 567
1 3600 681
37
809 810 1276 1307 1245 1240 1179 1174 1293 1294 805 802 1296 445 440 31 25 28 43 36 1182 1189 715 718 958 1236 861 864 870 1123 475 480 484 571 572 255 250
1 3600 681
20
1081 1082 771 431 417 410 463 199 200 615 610 603 600 1246 317 314 355 356 379 374
1 3600 681
20
1073 1076 1589 427 424 417 412 211 208 408 434 976 307 304 318 380 1165 401 402 1520
1 3600 681
22
1079 1082 771 431 432 962 881 229 226 735 35 25 22 788 1152 1366 461 245 246 774 1112 1399
1 3600 681
33
463 199 200 722 1492 439 434 978 1069 1066 449 452 395 390 644 1514 1578 1612 757 758 1587 1265 1133 671 672 1267 1199 1196 547 517 59 60 472
1 3600 681
20
107 110 194 163 160 1271 131 134 1482 879 876 1463 1464 1451 957 960 1032 1099 725 728
1 3600 681
29
768 427 428 972 937 934 1544 1554 1209 923 920 1055 1041 1038 1046 829 832 914 387 384 1476 1211 1214 1221 1218 727 537 538 1618
1 3600 681
34
1079 1075 1076 1589 769 431 432 633 628 623 624 646 835 832 661 658 703 698 669 662 872 489 486 494 151 148 883 884 895 891 888 293 296 298
1 3600 681
16
1583 1081 1075 969 966 937 934 919 920 1061 1058 1538 1415 287 284 283
1 3600 95
15
424 417 412 418 109 110 194 1292 1175 1178 1279 811 812 1546 1598
1 3600 95
11
412 211 197 191 192 1300 1177 1178 1279 811 808
1 3600 95
3
424 417 410
1 3600 95
4
973 974 1595 1585
1 3600 95
4
881 635 628 637
1 3600 95
5
641 597 592 938 1070
1 3600 95
18
641 597 589 590 931 926 940 923 920 1055 1052 911 906 1192 1173 917 914 954
1 3600 95
6
623 595 589 590 931 928
1 3600 95
12
881 229 226 1333 13 14 604 646 835 828 1047 1044
1 3600 95
7
623 624 646 835 832 914 952
1 3600 206
23
881 229 226 735 738 239 236 240 221 205 206 1485 135 128 1556 655 652 1201 701 702 697 694 1529
1 3600 618
19
639 597 592 934 919 920 1061 1056 1194 1282 1570 691 657 658 706 710 841 838 872
1 3600 681
37
415 412 211 212 805 806 765 766 981 795 791 792 982 988 1094 785 782 1187 1184 1288 1481 1484 1273 1268 1557 325 322 1320 665 662 839 842 905 511 508 900 1009
1 3600 681
30
881 229 230 1296 445 442 49 27 24 32 616 233 236 242 223 205 202 1407 1393 1377 1380 1382 117 118 125 126 489 486 494 583
1 3600 681
32
635 628 623 624 585 586 940 923 920 1055 1052 911 906 1089 1086 1570 691 688 694 1529 1417 1418 1339 1336 899 509 512 824 85 88 1405 91
1 3600 88
12
636 9 12 1332 227 230 803 407 404 1492 613 608
1 3600 83
8
10 737 35 30 45 46 794 980
1 3600 83
7
641 636 9 10 737 35 25
1 3600 112
10
422 680 639 597 589 584 605 235 238 1092
1 3600 227
9
1335 13 10 1091 239 236 240 221 205
1 3600 681
15
639 636 9 14 235 232 1373 619 620 43 36 1182 1189 715 718
1 3600 681
29
641 597 592 934 919 920 1043 1040 1050 1282 1570 691 657 651 652 1021 1022 667 664 1365 115 118 1030 1257 1254 1487 1429 1430 1532
1 3600 681
20
972 937 934 1544 1554 1209 923 920 1061 1058 1538 1495 1019 1016 491 137 138 142 1002 991
1 3600 681
39
1335 1332 563 45 27 22 788 1147 1150 1344 1359 1362 1606 1610 1105 1106 51 52 1586 1263 1127 1130 1212 1216 1222 1236 861 866 1230 497 477 480 484 885 882 991 992 167 170
1 3600 523
6
418 199 200 615 610 603
1 3600 309
14
424 417 412 211 208 408 434 976 451 452 1330 1139 1136 1421
1 3600 400
21
422 631 634 229 230 1296 445 442 49 46 791 788 1152 1366 461 456 1551 777 774 1112 57
1 3600 681
24
429 424 432 415 412 211 208 406 806 765 766 1066 449 454 1147 1148 1580 1359 1362 1608 1343 785 782 1213
1 3600 681
25
962 881 229 226 735 738 239 236 242 165 160 1271 131 132 1391 1388 1471 1472 1463 1464 815 820 1190 849 844
1 3600 681
24
229 230 1296 445 440 31 32 620 985 986 1142 1360 1578 1610 1457 761 758 1263 1258 1133 671 674 727 537
1 3600 681
31
968 1074 1082 1585 107 110 194 1292 1175 1176 1302 1249 1246 317 310 351 348 345 342 333 328 1165 1162 951 948 1136 1421 1424 467 464 567
1 3600 681
34
966 937 934 919 920 1061 1056 911 908 1086 1570 691 688 696 706 712 1442 1411 217 214 842 905 511 512 826 579 561 545 540 175 176 185 188 252
1 3600 681
15
417 410 530 107 110 192 1300 1302 1304 373 374 367 368 370 1166
1 3600 681
23
636 9 10 1091 1092 619 620 985 982 988 1096 1606 1579 249 246 776 1550 529 526 1154 1137 949 944
1 3600 681
22
966 679 680 639 597 594 624 605 235 232 617 620 985 986 1142 1362 1606 1610 1105 1108 1400 751
1 3600 681
25
639 636 623 624 646 389 384 1478 1489 1469 1461 1449 1450 1037 1034 821 818 1435 1121 1118 499 500 503 471 472
1 3600 681
25
641 597 589 590 931 926 940 923 920 1043 1038 1046 829 832 914 387 384 1476 1325 1261 1258 1133 671 676 798
1 3600 681
30
965 966 679 631 628 9 14 235 236 240 221 205 206 1622 1489 1289 1185 1186 1213 1214 69 64 725 728 1199 1196 547 517 59 60
1 3600 681
29
639 636 623 624 646 835 832 661 658 703 698 669 662 874 1487 1441 1435 1432 521 479 476 500 999 507 471 61 62 1563 1560
1 3600 681
38
421 211 208 408 434 978 1069 981 795 791 792 982 731 732 778 1182 1274 1288 1488 1623 1485 1482 879 113 114 1364 665 666 1491 1459 1445 1442 1411 217 218 1014 1419 277
1 3600 188
10
647 625 622 629 632 433 430 770 1594 1077
1 3600 184
10
941 587 588 596 638 681 631 634 880 421
1 3600 184
8
927 930 591 584 625 622 629 634
1 3600 184
8
1042 921 918 935 936 679 631 632
1 3600 184
13
1040 1054 921 922 1208 1555 1545 935 593 596 638 681 423
1 3600 184
8
589 584 605 15 12 1332 227 228
1 3600 184
5
647 625 622 629 632
1 3600 184
3
15 12 1334
1 3600 184
8
1045 1039 1042 921 918 935 936 967
1 3600 184
6
941 587 588 596 638 681
1 3600 154
3
1173 917 914
1 3600 154
6
923 920 1055 1041 1038 1046
1 3600 183
15
929 926 940 923 920 1055 1052 1194 1282 1570 691 688 696 703 700
1 3600 183
3
835 832 661
1 3600 183
7
916 1172 1193 907 910 1057 1058
1 3600 183
10
592 934 919 920 1061 1056 911 906 1089 1086
1 3600 183
9
925 920 1055 1050 1282 1570 691 686 836
1 3600 183
7
646 835 832 661 656 688 692
1 3600 183
12
1049 1046 1172 1193 1089 1086 1570 691 657 651 652 1201
1 3600 183
9
1056 911 908 1086 1570 691 657 651 648
1 3600 165
7
1054 1061 1058 1205 1029 1024 1494
1 3600 523
12
835 832 661 658 697 694 1453 1203 1029 1024 1494 1415
1 3600 681
17
920 1055 1050 1282 1570 691 688 692 1452 1529 1417 1418 1339 1281 1171 1168 87
1 3600 681
30
930 591 588 594 624 605 235 236 242 223 205 202 1407 1393 1394 1385 1382 117 118 125 120 138 146 150 583 577 83 78 1409 1405
1 3600 272
11
939 934 1544 1554 1209 1206 1305 1303 1301 193 190
1 3600 163
10
591 584 605 235 238 739 734 563 441 442
1 3600 163
18
1060 921 922 1208 1555 1545 935 593 594 624 605 235 238 1092 619 33 30 441
1 3600 200
14
913 906 1192 1173 829 834 389 384 1478 1623 207 204 220 241
1 3600 200
9
1555 1545 935 593 589 584 605 235 236
1 3600 200
8
941 587 588 594 624 605 235 238
1 3600 200
11
1071 939 934 919 920 1043 1038 1046 917 914 387
1 3600 194
9
915 661 651 654 1557 129 132 1391 1388
1 3600 194
13
925 920 1043 1038 1046 829 834 389 384 1478 1489 1469 1461
1 3600 194
12
624 605 235 236 240 221 222 165 160 1271 131 128
1 3600 272
17
1040 1052 911 908 1086 1570 691 657 651 648 327 322 1322 115 118 1030 1462
1 3600 681
18
1071 939 934 919 920 1061 1058 1205 1029 1026 217 218 1016 491 137 140 1426 1121
1 3600 681
9
235 236 242 165 160 179 105 100 169
1 3600 681
24
1544 1554 1209 923 920 1061 1058 1538 1495 1019 1014 1339 1281 1171 85 77 80 93 94 98 175 101 104 180
1 3600 681
13
910 1053 1054 921 922 1206 1305 1249 1246 317 314 355 349
1 3600 358
20
1051 1041 1038 1046 917 914 387 384 1476 1325 1261 1262 1587 53 56 1253 1161 1157 1154 1137
1 3600 295
13
930 591 584 605 235 232 617 620 985 982 988 1094 1342
1 3600 567
23
1071 939 593 594 622 9 10 737 35 25 22 788 1152 1366 1514 1578 1612 757 758 1587 1265 1259 1260
1 3600 618
21
1045 1039 1040 1052 1194 1282 1570 691 688 696 706 710 841 838 872 127 122 1441 1329 853 854
1 3600 681
29
934 919 920 1055 1050 1282 1570 691 657 658 703 698 1022 667 664 1365 115 112 876 1463 1257 817 820 1190 849 846 850 523 479
1 3600 681
15
387 384 1476 1211 1214 1225 1222 1236 861 866 1228 857 75 72 464
1 3600 681
27
1038 1046 829 832 661 651 648 327 322 1322 115 118 1030 1462 1447 957 960 1034 1190 1326 1005 483 484 571 569 551 263
1 3600 681
10
1042 921 922 1206 373 374 367 368 370 1166
1 3600 681
15
15 10 737 35 25 22 788 1152 393 390 642 684 1139 1134 1575
1 3600 681
14
1043 1038 1046 829 834 389 384 1476 1325 1261 1258 1264 753 750
1 3600 681
14
387 384 1478 1489 1289 1275 1189 715 716 1224 1221 1218 675 672
1 3600 681
18
917 661 651 654 1269 1272 1485 1482 1471 1461 721 718 958 67 64 725 728 1199
1 3600 681
28
1061 1056 911 908 1086 1570 691 688 696 703 698 669 664 1365 115 112 876 1447 1450 1037 1032 1099 725 728 1199 1196 547 517
1 3600 681
23
926 940 923 920 1061 1058 1205 1029 1026 217 214 842 905 511 493 145 146 152 158 575 569 564 293
1 3600 681
8
1061 1058 1538 1415 287 284 283 280
1 3600 681
19
695 696 703 700 1200 653 654 1269 1270 161 162 1292 1175 1178 1279 811 812 1546 1598
1 3600 194
12
909 910 1057 1060 921 918 935 936 973 429 424 432
1 3600 100
5
693 696 659 660 833
1 3600 100
12
695 689 690 1571 1283 1195 1053 1054 921 922 941 587
1 3600 100
25
1453 1203 1029 1026 1410 1443 1444 1458 1490 667 664 1365 115 116 1383 1384 1395 1392 1406 203 204 222 243 237 234
1 3600 100
6
1571 1087 1088 1192 1173 829
1 3600 100
9
907 910 1057 1060 921 918 935 938 1070
1 3600 112
12
649 652 1201 701 704 709 712 1442 1411 1027 1028 1204
1 3600 88
11
1089 1086 1570 691 688 694 1453 1203 1029 1024 1494
1 3600 88
4
658 697 692 1203
1 3600 88
5
1205 1029 1026 1410 711
1 3600 88
7
1570 691 657 658 706 708 1459
1 3600 170
8
1528 1453 1203 1029 1024 1494 1415 1413
1 3600 681
9
669 662 872 489 486 494 583 580 1559
1 3600 681
17
701 704 1459 1445 1442 841 842 905 902 899 509 512 826 579 83 78 823
1 3600 681
20
687 657 651 654 1557 129 134 1480 1289 1275 1183 37 42 29 26 48 443 446 437 438
1 3600 295
18
654 1269 1270 161 164 243 41 38 730 983 793 790 794 980 767 764 807 407
1 3600 117
16
657 651 654 1557 129 130 1272 207 204 220 241 237 238 1092 1372 1374
1 3600 69
8
327 324 129 134 1484 1622 1489 1289
1 3600 69
14
1088 1192 1173 917 833 834 389 384 1478 1489 1481 1484 207 204
1 3600 93
14
1570 691 657 651 648 327 322 1322 115 118 1030 1464 1451 957
1 3600 425
14
1570 691 688 694 1529 1417 1418 1339 1336 899 509 493 145 142
1 3600 681
10
658 706 710 841 842 491 486 494 151 152
1 3600 681
23
1086 1570 691 688 692 1452 1529 1417 1418 1339 1281 1171 1168 87 88 1408 823 559 556 97 98 175 176
1 3600 681
28
1200 653 654 1269 1272 1485 1480 1289 1185 1186 783 786 1534 1609 1363 1358 1345 1151 1146 455 450 599 602 1180 1177 1178 1241 1238
1 3600 681
27
1205 1029 1026 217 214 838 874 1255 817 814 1451 1448 721 716 1224 1215 1131 1126 1262 759 760 1103 1106 1112 1253 1161 1157
1 3600 425
24
1453 693 696 703 698 1022 667 664 1365 115 112 878 1471 1461 721 714 1188 1183 779 733 5 6 989 983
1 3600 523
14
1571 1087 1088 1192 1173 829 834 389 384 1476 1325 1261 1258 1133
1 3600 400
17
1538 1495 1019 1016 491 137 140 1430 1530 521 522 1118 499 496 1231 1228 1234
1 3600 681
17
1086 1570 691 657 651 652 1021 669 662 874 1487 1429 1426 1121 1118 475 476
1 3600 681
19
1570 691 657 651 648 327 322 1322 115 118 125 122 1441 1329 1005 1002 991 992 994
1 3600 681
29
688 696 703 698 669 664 1365 115 112 876 1463 1464 815 820 1190 849 844 863 864 870 1123 475 480 484 571 572 255 250 260
1 3600 681
26
1059 1060 921 918 935 593 596 636 9 12 1332 563 45 48 626 762 976 307 304 320 332 343 344 349 352 369
1 3600 681
26
651 654 1269 1272 1622 1489 1289 1185 1186 783 786 1503 1506 1613 1579 249 246 772 1402 1512 1526 1566 1572 1135 949 944
1 3600 681
20
651 654 1557 129 130 1270 161 164 243 41 38 5 6 1096 1363 1360 249 246 772 1402
1 3600 681
14
1192 1173 917 914 387 384 1476 1211 1131 1128 1133 671 676 800
1 3600 681
16
1192 1173 829 834 389 384 1476 1211 1214 1221 1101 725 728 1199 1196 547
1 3600 681
21
1192 1173 917 914 387 384 1478 1489 1469 1472 1463 1257 817 818 1329 853 854 868 1117 505 471
1 3600 681
18
658 706 708 1490 667 662 872 127 120 138 146 148 883 884 895 891 888 293
1 3600 681
28
907 910 1057 1058 1538 1495 1019 1014 1339 1336 903 511 512 826 579 576 580 1439 155 156 173 166 994 553 263 264 271 268
1 3600 681
15
1410 1443 713 707 659 660 833 834 647 625 622 629 632 415 410
1 3600 618
20
663 668 1020 653 650 656 690 1571 1283 1051 1054 921 922 1208 1555 1545 935 936 967 970
1 3600 154
13
1227 127 124 119 114 1323 323 326 649 650 660 916 1172
1 3600 71
12
1019 1016 843 840 1443 1444 1458 705 700 1200 653 648
1 3600 71
6
215 216 1027 1028 1202 693
1 3600 71
5
663 668 699 702 697
1 3600 89
7
219 216 1410 1443 1444 1458 1490
1 3600 75
4
218 1014 1339 1281
1 3600 75
4
1016 905 902 899
1 3600 75
3
1017 1014 1419
1 3600 75
9
1445 1442 1411 217 218 1018 1494 1415 1413
1 3600 206
13
1227 489 486 494 583 580 543 540 175 101 102 1349 1346
1 3600 681
13
1016 491 137 138 146 152 156 173 170 1466 177 101 102
1 3600 681
30
1495 1019 219 214 838 874 1255 1256 1031 119 116 1386 1390 1397 1395 1392 1406 203 204 220 241 237 238 1090 737 734 227 224 1295 195
1 3600 681
18
667 664 1365 115 116 1386 1388 1483 1480 1289 1275 1183 37 42 29 26 44 441
1 3600 358
13
1028 1204 1059 1060 921 922 941 927 930 591 584 605 235
1 3600 67
8
667 664 1365 115 118 1030 1462 1473
1 3600 83
5
127 122 1441 1329 1327
1 3600 83
5
838 874 1255 817 820
1 3600 121
6
842 491 137 140 1430 1532
1 3600 400
17
1490 667 664 1365 115 112 876 1447 1450 1037 1034 1190 1326 1005 1002 991 992
1 3600 681
15
841 842 905 511 508 900 1171 85 77 82 561 556 97 98 175
1 3600 681
32
1410 711 708 705 700 1200 653 654 1269 1270 161 164 243 41 38 730 983 986 1144 1344 1581 1369 393 394 303 308 1500 1313 317 310 351 348
1 3600 681
24
708 1490 667 664 1321 1322 115 118 1030 1462 1447 957 719 716 1217 783 784 1095 1096 1363 1143 1140 1146 455
1 3600 681
24
1495 1019 1016 491 137 140 1430 1530 521 479 474 1122 871 865 860 1237 67 68 1215 1131 1128 1264 53 54
1 3600 618
14
1495 1019 219 214 838 874 1255 817 820 1035 1032 1099 1100 1218
1 3600 295
15
217 214 838 872 127 122 1441 1329 853 847 844 863 866 1228 857
1 3600 567
14
1016 491 137 140 1426 1121 1118 499 500 503 504 71 72 468
1 3600 681
16
1014 1339 1336 899 509 512 826 896 151 152 158 575 572 553 554 1474
1 3600 681
10
1029 1024 1494 1415 287 284 283 269 270 265
1 3600 681
34
1028 1202 1452 695 696 703 700 1200 653 654 1557 129 134 1484 1622 1489 1289 1185 1186 783 786 1503 1506 1613 1579 1515 645 642 684 383 380 1165 359 364
1 3600 681
25
708 1490 667 664 1365 115 112 878 1471 1461 721 716 1217 1213 1131 1126 1262 1587 753 748 745 742 1315 1316 1628
1 3600 681
25
705 700 1200 653 654 1269 131 134 1480 1289 1275 1189 1186 1213 1131 1128 1264 53 50 1112 1253 1250 1402 1510 1541
1 3600 681
25
1443 1444 1458 1490 667 664 1365 115 118 1030 1464 1037 961 958 67 64 725 726 675 670 1132 1264 753 748 1626
1 3600 681
15
874 1255 1256 1464 1451 957 958 67 64 725 728 1199 1196 547 548
1 3600 681
14
1014 1339 1336 903 511 493 145 142 483 484 895 465 468 534
1 3600 681
24
841 842 905 902 1337 1281 1171 1168 87 77 80 559 545 540 175 176 185 188 252 264 271 268 282 288
1 3600 681
6
489 490 1017 1014 1419 277
1 3600 681
20
1007 1008 1280 1338 1015 1018 1494 1539 1059 1060 921 918 935 593 596 638 681 423 426 769
1 3600 681
19
1008 901 898 903 904 843 840 1443 713 707 659 660 833 834 647 625 622 637 640
1 3600 523
14
1280 1338 1419 1416 1528 695 689 690 1571 1283 1195 1053 1054 921
1 3600 194
8
1015 219 216 1410 1443 1444 1458 705
1 3600 59
6
899 509 493 487 488 873
1 3600 59
6
1341 1337 1338 1015 1018 1025
1 3600 59
6
487 488 873 663 666 1491
1 3600 79
5
1414 1495 1019 1016 491
1 3600 70
4
1281 1171 85 77
1 3600 70
6
903 511 512 826 579 576
1 3600 70
6
900 1171 1168 87 88 1408
1 3600 284
6
486 494 583 580 543 544
1 3600 681
28
1336 899 509 493 145 139 121 124 119 116 1383 1381 1376 1392 1406 203 204 220 241 237 238 739 734 227 224 213 208 404
1 3600 681
22
1008 901 509 493 145 142 1004 1327 1191 1035 961 719 714 1188 1183 779 733 730 983 793 790 794
1 3600 681
20
904 843 840 711 708 1490 1023 1020 653 648 327 324 129 130 1270 161 164 243 237 238
1 3600 212
11
904 843 840 1443 1444 1458 705 700 1200 653 654
1 3600 83
11
903 511 493 145 139 140 1430 1530 1433 1434 819
1 3600 55
8
1008 901 509 493 145 139 140 1426
1 3600 115
10
509 512 826 896 151 152 156 173 166 996
1 3600 324
12
1412 287 284 283 269 270 261 251 189 184 177 101
1 3600 681
21
1008 1171 825 826 896 151 148 883 884 895 465 466 1425 1420 1137 1138 383 319 305 306 599
1 3600 681
26
493 145 142 483 481 474 1122 871 865 860 1237 1223 1217 783 784 1342 1609 1363 1360 249 244 458 525 526 1154 1421
1 3600 681
20
1414 1495 1019 1016 491 488 127 122 1486 1255 817 814 1451 1448 721 714 1188 1183 779 733
1 3600 681
13
493 145 142 1004 853 847 844 863 860 1237 1223 1224 1215
1 3600 358
13
1007 1008 1171 825 826 896 151 148 883 884 895 465 466
1 3600 454
8
493 487 137 140 1430 1530 521 479
1 3600 567
16
1341 903 511 512 824 85 77 82 576 580 1439 155 158 575 569 564
1 3600 681
10
1412 287 284 283 269 270 265 253 250 258
1 3600 681
12
1414 1539 1059 1060 921 922 1206 373 374 367 368 21
1 3600 681
32
1418 1015 219 214 838 874 1255 1256 1462 1447 957 960 1032 1099 1100 1218 675 670 1132 1259 1262 759 760 55 56 1253 1161 1157 1154 1137 949 944
1 3600 681
21
145 142 483 481 476 500 999 507 471 61 58 516 546 1197 1198 1266 673 670 1132 1264 753
1 3600 681
34
1414 1495 1025 1028 1202 693 689 690 1571 1087 1088 1192 1173 829 834 647 605 235 232 617 620 985 986 1142 1362 1606 1610 1105 1108 1400 1614 747 744 1626
1 3600 681
16
1341 903 904 491 488 127 122 1441 819 820 1035 1032 1099 725 728 1199
1 3600 681
16
901 509 512 826 896 151 148 883 884 895 465 468 538 63 58 514
1 3600 681
20
1007 1008 1171 1168 87 88 1405 91 94 98 175 176 185 188 250 260 271 268 282 288
1 3600 681
5
287 284 283 269 272
1 3600 681
14
561 545 540 175 101 104 178 161 162 1292 1175 1178 1279 811
1 3600 681
19
1632 1011 1008 1280 1338 1419 1416 1528 695 689 690 1571 1283 1051 1054 921 918 935 936
1 3600 681
28
1558 1439 155 153 147 139 121 124 119 116 1386 1388 1471 1468 1488 1479 385 386 915 833 828 1047 1039 1042 921 922 1208 1555
1 3600 681
11
79 76 84 1170 1280 1338 1015 1018 1025 1028 1204
1 3600 188
17
1347 1348 103 100 174 541 542 581 582 495 487 488 873 663 666 1491 1459
1 3600 102
4
827 513 510 902
1 3600 102
7
83 76 86 1169 1170 1009 1006
1 3600 102
9
581 577 578 827 513 508 900 1009 1006
1 3600 102
16
1347 1348 103 100 176 1467 171 172 157 153 147 144 492 508 900 1009
1 3600 102
14
1347 1348 103 100 176 185 188 252 264 271 268 282 285 286
1 3600 115
3
83 76 86
1 3600 75
7
87 88 1408 823 93 94 98
1 3600 75
8
1013 1007 1008 1171 85 77 80 559
1 3600 681
10
1348 103 104 178 161 162 195 192 1300 1302
1 3600 681
21
1602 1011 1008 901 898 903 904 843 840 1443 713 707 659 660 833 834 647 605 15 12 1332
1 3600 681
19
1439 155 158 990 1003 1004 1328 819 814 1465 1462 1473 1470 1483 1484 207 204 220 241
1 3600 681
13
896 495 487 137 121 122 1486 1255 1256 1462 1473 1468 1488
1 3600 309
14
82 576 580 1439 155 158 575 570 485 481 478 522 851 847
1 3600 131
10
1408 79 82 576 582 151 147 139 140 1430
1 3600 62
10
1011 1008 901 509 512 826 896 151 152 156
1 3600 113
6
583 580 543 540 175 176
1 3600 681
39
1633 1013 1007 1008 901 509 493 487 488 127 124 119 116 1383 1384 1395 1392 1406 203 204 222 243 41 38 5 6 1096 1363 1358 1581 1369 393 394 303 308 1497 343 341 334
1 3600 681
15
580 1439 155 158 575 569 566 465 466 1425 1420 1155 527 524 683
1 3600 681
24
561 556 97 98 175 169 166 994 553 550 566 465 468 536 726 675 670 1132 1259 1262 759 756 1507 1502
1 3600 681
22
1348 103 100 176 1467 171 166 994 573 570 485 481 474 1122 871 865 860 1237 67 68 1215 1131
1 3600 681
13
1169 825 826 896 151 148 1003 1004 1327 1191 1035 961 958
1 3600 618
9
576 582 151 148 883 884 895 465 468
1 3600 523
12
1600 1632 1011 1008 901 509 493 145 142 483 484 571
1 3600 681
9
1347 1348 103 100 176 185 188 250 260
1 3600 681
37
82 578 896 495 145 139 140 1428 1486 1255 817 814 1037 961 719 716 1217 783 786 1534 1625 1613 1579 1515 645 642 684 1139 949 950 1163 359 360 368 370 17 18
1 3600 681
25
87 77 78 823 559 545 542 1439 155 158 575 569 564 889 890 465 466 1425 1420 1137 1134 1575 1521 1522 1630
1 3600 681
27
576 582 151 148 1003 1004 1327 849 844 863 860 1237 1223 1224 1215 1210 1325 1261 1262 1587 53 56 1253 1250 1402 1510 1525
1 3600 681
27
1169 825 513 510 904 843 838 663 664 1321 323 324 1556 1269 1272 1622 1489 1289 1185 1186 1213 1131 1128 1264 753 748 1626
1 3600 681
18
87 88 1405 91 94 98 175 169 166 994 553 550 566 465 468 536 728 1199
1 3600 681
10
151 148 883 884 895 465 468 534 1562 1618
1 3600 681
11
579 561 545 540 175 176 185 188 252 266 294
1 3600 681
14
80 93 94 98 175 176 185 188 250 260 271 268 282 290
1 3600 681
17
175 101 104 178 161 164 243 237 238 1090 737 734 227 224 213 197 198
1 3600 681
30
95 90 1404 89 84 1170 1280 1338 1419 1416 1528 1453 693 689 690 1571 1087 909 910 1053 1054 921 922 941 587 588 596 638 681 631
1 3600 681
17
92 822 1409 89 84 1170 1280 1338 1015 219 216 1410 711 707 659 660 914
1 3600 681
11
542 581 582 495 487 488 873 663 668 1020 653
1 3600 681
12
1404 89 86 1169 825 513 510 904 1017 1018 1025 1028
1 3600 200
13
544 560 578 827 513 508 898 1337 1338 1015 1018 1494 1415
1 3600 93
4
541 542 581 582
1 3600 93
3
541 542 581
1 3600 93
15
1437 103 100 174 99 96 557 558 81 76 84 1170 1009 1010 1633
1 3600 194
5
103 100 174 99 96
1 3600 681
29
175 176 1467 171 166 993 990 1003 1004 1327 1191 1035 961 719 714 1188 1183 37 42 621 33 30 441 446 437 438 1493 723 201
1 3600 681
26
92 559 545 542 1439 155 153 147 139 121 124 119 112 878 1483 1484 207 204 220 241 41 42 29 26 48 443
1 3600 681
22
542 1439 155 153 147 139 121 124 119 116 1383 1384 1395 1392 1406 203 204 220 241 237 232 1374
1 3600 681
15
560 578 896 495 487 137 140 1428 1486 1255 1256 1462 877 878 1483
1 3600 681
10
81 82 578 896 495 487 488 873 663 664
1 3600 523
7
103 100 169 166 993 990 1003
1 3600 154
11
91 94 98 175 176 185 186 171 172 157 158
1 3600 63
5
91 94 98 175 176
1 3600 681
23
1404 89 86 1169 1170 1280 1338 1015 1018 1494 1539 1059 1060 921 922 1206 1305 1303 1177 1178 1241 1244 1306
1 3600 681
25
545 542 1439 155 158 575 570 485 481 476 496 1231 867 860 1237 1223 1217 783 784 1095 1096 1363 1358 1581 1369
1 3600 681
17
540 175 101 104 178 161 164 243 41 38 5 6 1096 1606 1610 1457 1103
1 3600 681
15
560 576 582 151 147 139 140 1426 1434 819 814 1451 1448 721 716
1 3600 681
16
1404 1408 79 82 578 896 495 145 142 483 481 474 1122 871 865 862
1 3600 681
15
559 545 542 1439 155 158 575 570 485 481 474 499 500 999 1000
1 3600 681
8
97 98 175 176 185 188 254 553
1 3600 681
6
97 98 175 176 185 188
1 3600 681
42
90 1404 89 84 825 513 510 904 843 840 1443 1444 1458 705 700 1200 653 654 1557 129 134 1480 1289 1275 1183 779 733 730 983 986 1140 1146 455 450 307 304 320 332 343 341 336 379
1 3600 681
34
542 1439 155 158 575 569 566 465 468 538 63 58 516 546 1197 1198 1266 801 677 670 1132 1259 1262 759 760 1103 1106 1112 1253 1250 1402 1512 1526 1568
1 3600 681
19
103 100 169 166 994 553 550 564 889 890 465 468 536 726 675 670 1132 1264 753
1 3600 681
15
557 560 576 582 151 148 883 884 485 481 476 500 503 471 472
1 3600 681
17
98 175 176 1467 171 166 994 573 569 566 465 468 534 1562 63 58 516
1 3600 681
20
96 557 560 578 896 495 487 137 140 1430 1530 1433 1121 1118 499 500 999 507 471 61
1 3600 681
10
556 97 98 175 176 185 188 252 266 294
1 3600 681
15
557 558 822 79 76 86 1169 1170 901 898 1337 1338 1419 277 278
1 3600 47
3
198 462 530
1 3600 91
5
201 196 210 413 416
1 3600 262
8
1179 1176 1302 1304 1207 941 927 930
1 3600 681
10
1174 1293 163 160 1271 1268 655 650 656 690
1 3600 681
26
610 603 598 307 302 395 392 1368 1580 1359 1362 1608 1535 787 782 1216 717 720 1449 1450 815 816 1254 875 839 215
1 3600 681
25
200 615 612 439 436 765 627 49 27 28 43 36 1182 1189 715 718 956 1446 1463 1257 1254 1487 1429 141 136
1 3600 681
27
1278 1179 1176 1302 1249 1246 1312 1501 1497 333 330 382 1139 1136 1421 1424 467 464 567 568 574 159 154 1438 581 577 83
1 3600 681
36
1179 1176 1181 603 598 451 452 1330 685 682 459 456 1551 777 774 51 52 1265 1133 671 672 1267 729 537 469 464 894 885 882 991 159 154 1438 543 544 558
1 3600 77
8
200 722 405 406 806 447 440 31
1 3600 77
4
439 434 978 1069
1 3600 77
6
1303 1181 611 612 439 436
1 3600 77
10
1278 1179 1174 1293 1294 805 806 447 440 31
1 3600 206
10
722 405 408 434 763 627 49 27 28 43
1 3600 454
23
1305 1249 601 598 451 454 1147 1150 1145 987 982 731 39 40 240 221 205 206 1485 135 132 1391 1387
1 3600 681
22
609 612 439 436 765 766 981 795 791 792 982 988 1094 785 782 1216 1222 1236 861 862 845 848
1 3600 681
17
611 614 201 191 194 163 160 1271 131 132 1397 1385 1382 117 118 125 120
1 3600 681
38
1302 1249 1246 317 314 355 349 352 369 361 358 401 402 1520 1576 1317 1314 743 746 1615 751 752 1586 1263 1127 1130 1214 69 66 1236 861 864 870 1123 475 480 482 1002
1 3600 681
10
1301 193 194 163 160 179 105 100 176 1467
1 3600 47
4
1249 1246 317 310
1 3600 73
11
190 196 212 805 806 765 766 1066 449 452 395
1 3600 252
13
439 434 976 307 304 318 382 685 682 525 526 1156 1160
1 3600 681
19
1176 1302 1249 1246 1312 1501 309 302 395 390 644 1514 1578 1612 1507 1502 787 782 1216
1 3600 681
29
603 598 307 304 318 380 1165 1162 951 948 1134 1573 1567 1527 1513 1403 1251 1252 57 52 1265 1133 671 674 1219 1101 1098 861 862
1 3600 681
27
1181 603 598 451 454 1147 1148 1580 1359 1362 1097 7 4 732 778 1182 1189 715 718 960 1034 1190 849 846 850 523 479
1 3600 681
18
1300 1302 1304 373 374 367 361 358 1162 951 948 1136 1421 1424 467 464 567 551
1 3600 681
36
1249 1246 317 310 351 348 345 342 333 330 382 685 682 459 245 246 774 1107 1102 761 758 1263 1258 1133 671 674 727 537 469 464 891 888 565 551 552 255
1 3600 378
28
1299 609 612 1493 405 406 802 1296 445 440 45 46 791 792 982 988 1094 785 782 1216 1222 1236 861 866 1228 857 858 1516
1 3600 681
13
1179 1176 1302 1249 1246 1312 1501 1497 333 328 1165 401 398
1 3600 681
20
405 408 434 978 1069 1066 449 452 395 390 642 682 525 528 1551 777 774 1112 1399 1400
1 3600 681
20
1181 603 598 307 302 395 392 1368 1580 1359 1362 1608 1625 757 758 1587 1265 1133 671 676
1 3600 681
30
1298 1293 1294 225 230 1296 445 442 49 27 22 788 1152 1366 461 245 246 774 51 52 1586 1263 1258 1133 671 672 1267 1199 1196 1564
1 3600 681
32
190 196 212 805 806 765 766 981 795 791 788 1147 1141 1142 1360 1578 1612 757 758 1587 1265 1133 671 676 800 1267 1199 1196 547 517 59 62
1 3600 681
19
1176 1302 1304 373 374 367 361 358 1162 951 948 1136 1421 1424 467 464 891 888 293
1 3600 681
38
1303 1301 193 194 1294 225 226 735 738 239 236 242 223 205 206 1485 1482 879 876 1447 1450 815 818 1329 853 854 868 1117 71 72 464 567 551 263 264 271 268 282
1 3600 100
13
441 444 1297 231 228 880 963 433 425 426 1588 1077 1072
1 3600 87
6
562 227 228 880 963 433
1 3600 87
10
764 807 802 231 228 635 630 678 967 970
1 3600 79
15
212 225 226 1333 13 14 604 585 586 940 923 920 1055 1052 1194
1 3600 340
16
436 447 440 31 34 736 1091 239 234 604 646 835 828 1172 1193 1089
1 3600 681
24
735 738 239 236 240 221 205 202 1407 1393 1377 1380 1382 117 114 1364 665 666 1491 709 712 1442 1411 217
1 3600 681
21
735 736 1091 239 236 242 223 205 202 1407 1393 1394 1385 1382 117 118 125 120 138 144 492
1 3600 681
23
434 763 627 49 27 28 43 36 1182 1189 715 718 960 1034 1190 1326 1005 1002 149 150 897 579 83
1 3600 681
16
447 440 31 32 618 1093 239 236 242 165 160 179 105 100 174 541
1 3600 78
4
435 438 613 610
1 3600 78
4
409 209 197 191
1 3600 78
3
438 613 610
1 3600 78
6
1295 195 192 1300 1302 1304
1 3600 84
5
802 231 226 735 736
1 3600 73
4
24 32 616 1374
1 3600 73
11
1296 445 442 49 27 28 43 40 240 221 222
1 3600 73
7
795 791 23 24 34 738 239
1 3600 128
18
978 1069 1066 449 454 1147 1150 1145 987 982 731 732 778 1182 1274 1288 1481 135
1 3600 567
10
28 43 36 1182 1189 1184 1288 1469 1472 1463
1 3600 681
26
406 806 765 766 981 795 791 792 982 988 1094 785 782 1216 717 720 1449 1450 815 818 1435 1432 1531 1431 141 138
1 3600 681
20
736 1091 239 236 240 221 205 206 1485 1482 1471 1472 1463 1257 1254 1487 1441 1329 1005 1002
1 3600 681
43
806 765 766 1066 449 452 1330 685 682 525 526 1156 1158 1567 1527 1524 1541 1542 743 744 749 752 1586 1263 1258 1129 1130 1214 69 66 1236 861 864 870 1123 475 480 484 571 572 995 996 1357
1 3600 100
10
980 1068 979 976 307 308 1500 1313 317 312
1 3600 69
6
434 976 451 454 1152 1366
1 3600 69
7
563 45 46 791 788 1152 1366
1 3600 76
12
1069 1066 449 452 395 390 644 1514 1578 1610 1457 761
1 3600 378
16
738 1092 619 620 985 986 1144 1344 1359 1362 1608 1625 757 758 1587 1265
1 3600 618
14
981 795 791 792 982 988 1094 785 782 1216 1222 1236 861 862
1 3600 681
19
791 792 982 731 39 36 1182 1189 715 718 960 1034 1190 849 846 854 868 497 500
1 3600 681
28
804 225 226 735 736 1091 239 236 242 223 205 206 1485 1482 879 876 1463 1257 1254 1487 1429 1426 1432 521 479 480 484 571
1 3600 681
27
1069 1066 449 452 1330 1139 1136 1155 1156 1160 1252 57 52 1586 1263 1258 1133 671 674 727 537 469 464 567 568 572 255
1 3600 486
12
762 435 438 613 608 1298 1175 1178 1241 1244 1306 1310
1 3600 618
15
791 788 1152 1366 461 456 529 526 1154 1137 1134 1575 1521 403 398
1 3600 618
13
765 762 976 307 304 318 380 1165 401 402 1522 1629 1317
1 3600 681
17
976 307 304 318 382 685 682 459 245 246 774 51 52 1265 1133 671 676
1 3600 681
22
445 440 45 27 22 788 1147 1141 1142 1360 1578 1610 1457 761 758 1263 1258 1133 671 672 801 798
1 3600 681
23
226 563 31 32 620 985 982 988 1094 785 782 1213 1214 1221 1101 725 728 1199 1196 547 517 59 62
1 3600 681
20
230 1296 445 442 626 766 1066 449 452 1330 1139 1136 1421 1424 467 464 891 888 293 294
1 3600 681
35
1091 239 236 240 221 205 202 1407 1393 1394 1396 1391 1388 1471 1461 1449 1450 815 820 1190 849 844 863 866 1228 1115 71 72 464 567 551 263 264 271 268
1 3600 358
10
33 30 441 444 1297 803 804 213 210 418
1 3600 103
9
243 237 238 1090 11 8 629 634 880
1 3600 42
9
1371 1372 233 234 604 625 595 589 590
1 3600 115
9
233 234 604 646 835 832 661 658 697
1 3600 324
12
384 1478 1623 1273 1268 655 652 1201 701 704 709 710
1 3600 681
15
236 242 165 160 1271 131 128 325 322 1320 665 662 839 842 905
1 3600 681
18
223 205 202 1407 1393 1377 1380 1382 117 118 125 120 138 146 152 154 1438 1559
1 3600 681
7
165 160 179 105 100 174 541
1 3600 184
5
221 222 165 162 195
1 3600 43
8
241 237 238 739 35 25 26 48
1 3600 43
10
388 647 625 622 9 12 1332 227 230 803
1 3600 121
5
239 234 604 646 389
1 3600 51
6
240 221 205 206 1273 131
1 3600 51
6
232 617 620 43 36 1182
1 3600 51
9
1371 1093 239 236 242 223 205 206 1485
1 3600 184
6
223 205 206 1485 1482 879
1 3600 681
17
238 1092 619 620 43 36 1182 1189 715 720 1449 1450 815 818 1435 1432 1548
1 3600 681
22
620 985 986 1142 1362 1608 1535 787 782 1216 1222 1236 1033 1034 1190 1326 1005 143 146 152 156 1454
1 3600 681
7
239 236 242 165 160 179 182
1 3600 358
18
241 237 238 739 734 227 224 805 407 404 723 615 610 1180 1177 1178 1241 1244
1 3600 82
12
37 38 730 983 986 1144 1151 1148 1369 393 394 303
1 3600 40
10
243 41 38 5 6 1096 1606 1612 1507 1504
1 3600 131
5
384 1476 1211 1214 1225
1 3600 262
16
232 617 620 985 982 988 1094 785 782 1216 1222 1236 861 866 1228 857
1 3600 681
20
223 205 202 1407 1393 1394 1396 1391 1388 1471 1472 1463 1257 1254 1487 1429 1430 1530 521 518
1 3600 681
25
238 1092 619 620 985 986 1142 1360 1578 1610 1105 1108 1400 751 752 1265 1133 671 674 727 537 469 464 891 888
1 3600 681
22
1371 619 620 43 36 1182 1189 715 718 960 1034 1190 849 846 850 1118 475 480 484 571 572 255
1 3600 681
20
41 38 5 6 1096 1606 1579 249 244 458 683 684 383 331 332 343 344 349 352 370
1 3600 681
18
1371 1372 617 620 985 986 1144 1344 1359 1360 249 246 772 1402 1510 1541 1319 1316
1 3600 567
16
1371 619 33 25 22 788 1152 1366 461 456 529 526 1156 1158 1567 1527
1 3600 681
14
223 205 206 1622 1489 1469 1461 721 716 1224 1221 1218 675 676
1 3600 681
19
1371 1372 617 620 985 986 1142 1362 1608 1625 757 758 1263 1258 1133 671 672 801 798
1 3600 681
20
985 982 988 1096 1606 1610 1457 55 52 1265 1133 671 672 1267 1199 1196 547 517 59 62
1 3600 681
13
43 36 1182 1189 1186 1213 1214 69 64 725 537 534 1560
1 3600 681
29
618 1372 233 236 240 221 205 202 1407 1393 1394 1385 1382 117 118 125 122 1441 1329 1005 1002 991 992 994 255 250 260 271 268
1 3600 681
24
1394 1396 133 130 1272 1622 1479 385 386 915 916 1047 1039 1042 921 918 935 936 973 974 1595 1083 1080 1582
1 3600 262
8
1468 1488 1479 385 388 647 605 15
1 3600 70
4
1479 385 388 647
1 3600 87
4
1268 655 652 1201
1 3600 87
11
1396 133 128 1556 655 652 1021 699 702 697 692
1 3600 78
15
1396 1391 1387 117 114 1364 665 666 1491 1459 1445 1442 1411 1027 1028
1 3600 235
11
160 1271 131 128 325 322 1320 665 662 872 489
1 3600 681
16
1557 325 322 1320 665 662 872 489 486 492 508 900 1009 1006 1012 1601
1 3600 681
14
1382 117 118 125 120 138 146 152 156 173 168 101 102 1436
1 3600 523
8
1621 1269 1270 161 162 195 190 200
1 3600 144
15
1557 129 134 1480 1289 1185 1186 783 784 1095 989 983 793 790 794
1 3600 88
4
714 1188 1183 37
1 3600 88
5
1460 1468 1488 1479 385
1 3600 88
6
1288 1488 1623 207 204 220
1 3600 88
6
134 1480 1289 1275 1183 37
1 3600 59
4
129 132 1391 1388
1 3600 105
6
1382 117 118 1030 1257 1254
1 3600 105
6
1291 1288 1469 1472 1463 1464
1 3600 105
6
1377 1380 1382 117 118 125
1 3600 105
5
715 718 960 1034 1190
1 3600 105
7
1288 1469 1461 1449 1450 815 820
1 3600 105
11
205 206 1485 1482 879 876 1463 1257 1254 1487 123
1 3600 206
8
1482 1471 1472 1447 1450 815 818 1435
1 3600 681
12
325 322 1322 115 118 125 120 138 146 152 156 1454
1 3600 681
7
1623 1273 1270 179 105 100 176
1 3600 681
17
1622 1489 1289 1185 1186 783 786 1503 1506 1613 1579 1515 645 642 684 383 331
1 3600 212
17
164 243 41 38 5 6 1096 1606 1610 1105 1106 1112 1253 1161 1157 1154 1421
1 3600 68
8
1186 783 786 1534 1609 1363 1143 1140
1 3600 100
8
1480 1289 1275 1189 1186 1213 1131 1124
1 3600 100
12
1393 1394 1396 1391 1388 1471 1461 721 716 1224 1215 1210
1 3600 63
10
1388 879 876 1463 1464 1037 1032 861 866 1228
1 3600 324
16
1380 1382 117 112 876 1447 957 958 1236 861 866 1230 497 500 999 1000
1 3600 681
18
206 1622 1489 1469 1472 1463 1464 1037 1034 1190 1326 853 854 868 1117 71 72 464
1 3600 681
22
1407 1393 1394 1396 1391 1388 879 876 1463 1257 817 818 1435 1121 523 479 480 484 571 572 255 252
1 3600 681
24
1392 1406 203 204 220 241 41 38 730 983 986 1144 1151 1148 1369 393 394 303 304 320 332 343 341 338
1 3600 681
18
164 243 237 238 1090 737 35 25 22 788 1152 1366 461 458 683 684 1139 949
1 3600 567
13
1471 1461 721 716 1224 1215 1131 1126 1262 1587 753 750 1614
1 3600 681
19
1384 1396 133 130 1272 1485 1480 1289 1185 1186 1213 1210 1325 1261 1258 1264 753 748 1626
1 3600 681
16
1271 131 132 1391 1388 1471 1461 1449 957 958 67 64 725 728 1199 1196
1 3600 681
13
716 1224 1221 1218 727 728 1199 1196 547 517 59 62 1618
1 3600 681
17
1407 1393 1394 1385 1382 117 118 1030 1464 1037 1032 1099 725 537 538 1563 1560
1 3600 681
17
1472 1447 1450 815 820 1190 1326 1005 1002 991 992 994 553 263 264 271 272
1 3600 681
20
1035 961 719 714 1188 1183 37 42 29 26 48 443 446 437 409 404 723 201 198 462
1 3600 681
16
816 1256 1462 1473 1470 1483 1484 207 204 220 241 237 238 1090 11 12
1 3600 262
21
956 1446 877 113 114 1323 323 326 649 650 656 690 1571 1283 1051 1054 921 922 941 927 930
1 3600 103
11
1328 1440 1486 875 839 215 216 1027 1028 1202 1452
1 3600 84
8
1031 119 114 1364 665 666 1491 709
1 3600 84
4
1254 1487 123 126
1 3600 81
10
960 1036 815 818 1440 1429 141 136 486 492
1 3600 340
9
1435 1427 141 136 486 494 897 827 824
1 3600 681
11
114 1364 665 662 872 489 486 494 897 579 561
1 3600 681
19
323 326 649 650 660 833 834 647 625 622 629 634 880 421 418 199 200 615 610
1 3600 567
16
116 1383 1381 1376 1392 1406 203 204 220 241 237 238 739 734 227 230
1 3600 206
7
1447 1448 721 714 1188 1183 37
1 3600 91
10
956 1446 877 113 114 1323 323 324 1556 1620
1 3600 91
9
1465 1462 1473 1470 1389 1390 133 130 1270
1 3600 91
6
877 878 1389 1390 133 128
1 3600 91
3
324 1556 1620
1 3600 91
6
1451 1448 1460 1468 1481 135
1 3600 91
9
1255 1256 1031 119 116 1383 1381 1376 1392
1 3600 85
7
1463 1257 817 820 1190 849 846
1 3600 82
7
322 1322 115 118 125 120 138
1 3600 82
5
821 818 1440 1429 1430
1 3600 82
11
1365 115 118 1030 1257 1254 1487 1429 1426 1432 1548
1 3600 227
9
1254 1487 1441 1329 1005 1002 991 992 996
1 3600 681
18
957 958 1236 861 864 870 1123 475 480 482 1002 991 992 167 168 101 104 182
1 3600 681
38
1322 115 118 1030 1464 1037 1032 1237 67 68 1215 1131 1126 1262 1587 53 50 1112 1399 1400 1614 747 742 1315 1316 1628 1523 403 400 359 360 366 375 378 357 354 315 312
1 3600 681
16
1451 957 958 1223 1217 783 786 1503 1506 757 760 1103 1106 775 776 1550
1 3600 252
12
324 1556 1269 1272 1622 1489 1289 1275 1183 779 733 5
1 3600 117
13
122 1441 1329 853 847 844 863 860 1237 67 68 1215 1131
1 3600 68
6
849 844 863 866 1228 857
1 3600 68
11
1037 1034 1190 1326 853 854 868 1117 71 74 858
1 3600 112
9
1322 115 118 125 122 1429 1426 1121 1118
1 3600 378
10
960 1032 861 866 1230 1117 71 72 464 891
1 3600 681
19
115 112 876 1447 1450 815 818 1435 1432 521 479 480 484 571 569 564 293 267 264
1 3600 681
29
853 854 865 860 1099 1100 1218 675 670 1132 1264 53 56 1253 1250 1402 1512 1526 1566 1572 1135 949 950 1163 359 360 366 375 376
1 3600 681
25
1365 115 112 878 1471 1461 721 716 1217 783 784 1342 1609 1363 1360 249 246 776 1550 529 526 1154 1137 949 944
1 3600 681
19
1030 1464 1451 957 958 1223 1217 1213 1210 1325 1261 1262 1587 53 50 1112 1253 1250 1402
1 3600 681
14
1322 115 112 876 1447 1450 1037 1032 1237 67 64 725 728 1266
1 3600 681
14
1429 1430 1530 521 522 1118 499 500 503 471 61 58 516 548
1 3600 681
15
876 1463 1257 817 820 1190 849 846 854 868 1117 505 471 61 62
1 3600 681
15
876 1447 957 958 1236 861 866 1228 857 75 72 464 891 888 293
1 3600 681
16
1037 1034 1190 849 846 850 523 479 480 484 895 567 551 263 264 271
1 3600 681
22
1433 1434 819 814 1465 1462 1473 1470 1389 1390 133 130 1270 161 162 1292 1175 1178 1279 811 812 1546
1 3600 681
25
1531 1431 1428 123 124 119 114 1323 323 326 649 650 656 690 1571 1087 909 910 1057 1060 921 918 935 936 967
1 3600 681
14
136 490 1017 1018 1494 1539 1059 1060 921 922 941 927 930 1592
1 3600 400
12
1533 1431 1428 1486 875 663 668 699 702 659 656 686
1 3600 103
8
522 851 852 1328 1440 123 126 873
1 3600 44
6
887 882 1003 143 144 492
1 3600 123
6
887 882 149 150 583 580
1 3600 567
13
887 882 991 159 156 173 170 187 184 177 101 102 1436
1 3600 681
24
1549 1433 1434 1329 1327 1191 1035 961 719 714 1188 1183 37 42 29 26 44 441 444 1297 803 407 404 723
1 3600 681
18
1549 1433 1434 819 814 1451 1448 1460 1468 1481 1484 207 204 222 243 237 238 1090
1 3600 681
15
1427 1428 1486 1255 1256 1462 877 878 1483 1484 207 204 220 241 237
1 3600 151
11
851 847 848 1191 1035 1036 1451 1446 1473 1468 1481
1 3600 45
6
1004 1327 1191 821 814 1465
1 3600 45
6
121 122 1441 819 820 1035
1 3600 138
3
523 520 1548
1 3600 32
10
1426 1121 1118 475 480 484 571 572 995 996
1 3600 235
13
851 847 848 1191 821 816 1256 1031 119 116 1383 1381 1378
1 3600 681
26
522 851 854 865 860 1237 1223 1217 783 786 1503 1506 1613 1579 1515 645 391 394 303 308 1500 1313 317 314 355 349
1 3600 681
10
887 884 895 465 466 1425 1420 1155 527 528
1 3600 681
20
1533 1530 521 479 476 496 1231 867 860 1237 67 68 1215 1131 1128 1264 1586 759 760 1456
1 3600 454
12
1121 1118 1122 871 865 860 1237 67 68 1215 1131 1124
1 3600 84
9
887 884 485 481 476 500 999 507 504
1 3600 62
5
1121 1118 499 500 503
1 3600 131
10
1533 1530 521 479 480 484 571 569 551 554
1 3600 681
7
523 479 480 484 571 572 255
1 3600 681
26
1426 1434 819 814 1037 1032 1099 1100 1218 675 670 1132 1264 753 750 1614 747 742 1315 1316 1577 1521 403 400 359 364
1 3600 681
13
1002 883 884 895 465 466 1425 1420 1137 1134 1575 1521 1518
1 3600 681
18
1004 1327 1191 1035 961 719 716 1224 1215 1210 1325 1261 1262 1587 753 748 745 740
1 3600 681
8
483 481 476 500 999 507 471 472
1 3600 681
11
142 483 481 474 499 500 503 471 61 58 516
1 3600 681
9
522 1118 499 500 999 507 471 61 62
1 3600 681
9
146 148 991 575 569 564 293 296 298
1 3600 681
12
851 854 868 1117 71 72 464 891 888 293 296 300
1 3600 681
34
1455 157 153 150 897 827 513 510 902 1337 1338 1419 1416 1528 695 689 690 1571 1283 1195 1053 1054 921 918 935 593 596 638 681 631 632 415 410 463
1 3600 681
19
990 1003 143 139 136 490 843 840 1443 713 707 659 660 833 834 647 605 15 12
1 3600 681
19
882 149 147 144 487 490 1017 219 216 1027 1028 1204 1059 1060 921 918 935 593 594
1 3600 681
14
997 993 990 149 150 897 827 513 508 898 1337 1338 1419 1416
1 3600 340
8
157 153 147 139 121 126 873 663
1 3600 94
7
882 1003 143 144 492 508 900
1 3600 59
12
167 172 157 153 150 897 827 824 1170 1009 1010 1603
1 3600 174
5
173 168 174 99 95
1 3600 681
13
170 1466 177 101 104 178 161 162 1292 1299 1300 1302 1304
1 3600 681
25
173 166 994 553 550 566 465 468 536 726 675 670 1132 1259 1262 759 756 1624 1343 1095 989 983 793 790 794
1 3600 681
18
153 147 139 121 124 119 116 1383 1384 1395 1392 1406 203 204 222 243 41 42
1 3600 523
11
990 1003 1004 1328 1440 1486 1255 1256 1462 1473 1468
1 3600 194
9
157 153 147 139 140 1428 1486 1255 817
1 3600 32
11
166 994 573 570 485 481 474 1119 523 520 1548
1 3600 138
4
166 993 990 883
1 3600 55
4
992 167 170 187
1 3600 55
6
173 170 187 188 250 256
1 3600 681
21
158 575 570 895 465 466 1425 1420 1137 1138 1331 453 450 599 600 1248 1303 1177 1178 1241 1242
1 3600 681
15
156 173 168 101 104 178 161 164 243 237 232 617 33 25 22
1 3600 681
18
994 553 550 566 465 73 70 1114 1229 867 860 1237 1223 1217 783 784 1342 1609
1 3600 681
11
993 990 1003 1004 853 847 844 863 860 1237 1223
1 3600 272
11
157 158 575 569 564 889 890 465 73 74 856
1 3600 128
9
155 153 147 142 483 481 476 500 503
1 3600 62
6
148 883 884 895 567 551
1 3600 206
6
992 994 255 250 260 265
1 3600 681
31
1438 581 577 578 827 513 510 904 1017 1018 1025 1028 1202 693 689 690 1571 1087 909 910 1057 1060 921 922 1206 373 374 367 368 370 1166
1 3600 681
15
157 158 575 569 566 465 466 1425 1420 1137 1134 1575 1521 403 396
1 3600 681
16
997 994 553 550 566 465 468 536 726 675 670 1132 1264 53 56 1399
1 3600 681
9
575 570 895 465 468 536 728 1266 673
1 3600 681
11
153 148 883 884 895 465 468 538 63 58 516
1 3600 681
8
575 569 564 889 890 465 468 534
1 3600 681
6
884 895 891 888 293 294
1 3600 681
6
994 255 250 260 271 268
1 3600 681
23
1379 1376 1392 1406 203 204 220 241 237 238 739 734 227 224 1295 195 192 1298 1175 1178 1279 811 812
1 3600 681
14
183 178 161 164 243 237 238 1090 11 8 637 638 681 423
1 3600 681
21
184 177 174 99 95 92 81 76 84 1170 1280 1338 1015 219 216 1410 711 707 659 660 914
1 3600 681
11
171 172 157 153 150 495 487 488 873 663 668
1 3600 681
16
181 105 100 174 99 95 90 1404 89 86 1169 1170 1280 1338 1015 219
1 3600 284
10
176 185 188 252 264 271 268 282 285 286
1 3600 115
7
100 174 541 544 558 822 79
1 3600 78
5
100 174 99 95 90
1 3600 681
8
1285 181 178 161 162 195 190 200
1 3600 681
11
183 178 161 164 243 237 238 739 734 227 224
1 3600 681
20
257 251 254 573 570 485 482 1004 1327 1191 1035 961 719 714 1188 1183 37 42 621 618
1 3600 681
9
1379 1380 1384 1396 133 134 1480 1289 1290
1 3600 618
8
1379 1380 1382 117 118 1030 1257 1254
1 3600 252
14
1379 1380 1382 1386 1388 1471 1461 1449 1450 815 818 1329 853 850
1 3600 88
5
186 171 166 993 990
1 3600 88
7
105 100 169 166 993 990 883
1 3600 88
5
177 169 172 157 158
1 3600 113
9
1285 181 105 100 169 166 996 1357 1354
1 3600 681
17
100 176 185 188 252 266 292 889 890 465 466 1425 1420 1137 1138 383 319
1 3600 681
28
181 105 100 176 185 188 254 573 570 485 481 474 1122 871 865 860 1237 1223 1217 783 786 1534 1625 1613 1579 249 246 776
1 3600 681
17
169 172 157 153 147 139 121 124 119 112 878 1483 1480 1289 1275 1183 779
1 3600 681
13
187 188 250 260 265 262 550 566 465 468 536 724 1100
1 3600 681
8
188 254 573 570 485 481 476 496
1 3600 400
13
181 105 100 176 1467 171 166 993 990 1003 483 481 474
1 3600 123
6
100 176 185 188 252 262
1 3600 91
3
188 250 260
1 3600 681
26
1379 1376 1392 1406 203 204 220 241 41 38 730 983 986 1140 1146 455 450 599 600 1246 317 314 355 356 379 376
1 3600 681
28
1356 997 993 990 1003 1004 1327 1191 1035 1032 1237 67 68 1215 1131 1126 1262 759 760 1103 1106 1112 1253 1161 1158 1572 1135 949
1 3600 681
29
174 541 542 581 582 495 487 488 873 874 1255 817 814 1451 1448 721 714 1186 783 784 1342 1625 757 760 1103 1108 1400 1614 1616
1 3600 681
23
1285 181 105 100 169 172 157 153 147 139 140 1426 1434 819 814 1451 1448 721 716 1224 1221 1218 675
1 3600 681
11
187 188 252 266 292 889 890 465 468 536 728
1 3600 681
14
100 176 1467 171 166 994 553 550 566 465 468 538 63 60
1 3600 681
8
1356 997 994 553 263 266 296 298
1 3600 486
16
184 177 174 99 96 557 558 822 1409 89 84 1170 1280 1338 1419 277
1 3600 454
9
316 1247 1248 1303 1177 1178 1279 811 808
1 3600 523
17
1605 315 316 1312 1501 309 302 395 392 1153 789 23 24 34 736 11 8
1 3600 681
10
311 316 1247 1248 1304 1207 923 920 1055 1052
1 3600 681
22
333 330 382 685 643 644 1514 1578 1607 1097 7 4 39 40 242 165 160 1271 1268 655 652 1021
1 3600 681
19
305 306 977 435 409 209 210 413 414 633 630 678 937 934 919 920 1061 1058 1538
1 3600 681
26
305 302 395 392 1368 1149 1150 1145 987 984 621 616 1373 1093 239 234 604 585 586 940 923 920 1061 1058 1538 1415
1 3600 681
25
348 345 342 333 328 1165 1162 951 948 1136 1421 1424 467 464 567 551 263 253 189 184 177 101 102 1349 1346
1 3600 681
26
1605 315 316 1247 1248 1304 1207 923 920 1055 1050 1282 1570 691 688 694 1529 1417 1418 1339 1281 1171 85 77 78 823
1 3600 132
5
1247 1248 1303 1301 1298
1 3600 132
8
1245 1240 1179 1174 1299 609 614 722
1 3600 132
9
357 349 350 311 316 1247 601 602 611
1 3600 90
11
1605 315 316 1312 1501 309 306 977 763 764 807
1 3600 378
12
305 302 395 392 1368 1149 1141 987 984 621 616 233
1 3600 618
12
1240 1179 1174 1293 163 160 1271 1272 1622 1489 1289 1290
1 3600 681
13
1248 1303 1301 193 194 163 160 1271 131 128 325 322 1320
1 3600 681
33
1497 333 328 1165 401 402 1520 1576 1317 1314 743 744 749 752 1586 1263 1127 1130 1214 69 66 1236 861 864 870 1123 1119 1120 1432 1531 1431 141 138
1 3600 681
13
333 330 382 1139 1136 1421 1424 467 464 894 885 882 149
1 3600 681
9
1240 1179 1174 1293 163 160 179 105 100
1 3600 108
4
355 356 337 334
1 3600 145
9
1605 315 316 1312 1501 309 302 395 392
1 3600 145
4
342 333 330 382
1 3600 145
5
598 307 304 318 380
1 3600 145
11
347 352 369 361 358 1162 951 948 1134 1573 1159
1 3600 145
4
309 304 318 382
1 3600 145
6
345 342 333 328 381 382
1 3600 145
12
1245 1240 1179 1176 1181 603 598 451 452 395 390 642
1 3600 145
5
1501 309 302 395 390
1 3600 158
12
337 340 342 333 321 305 306 451 454 1147 1150 1145
1 3600 681
18
318 380 1165 1162 951 948 1136 1155 1156 1160 1252 57 52 1265 1129 1130 1214 1221
1 3600 681
21
330 382 685 682 525 528 1551 777 247 248 1578 1612 1624 1535 787 782 1216 1222 1236 861 862
1 3600 681
36
347 352 369 361 358 1162 951 948 1134 1573 1567 1527 1513 1403 1251 1252 1113 1107 1102 761 758 1263 1258 1133 671 676 800 1267 1199 1196 547 517 59 60 470 502
1 3600 681
18
1243 1240 1179 1176 1302 1249 601 598 451 452 1330 1139 1136 1421 1424 467 464 891
1 3600 681
25
336 379 372 1207 923 920 1055 1050 1282 1570 691 688 692 1203 1029 1024 1494 1415 287 284 283 269 270 261 251
1 3600 147
12
1245 1240 1179 1176 1302 1249 1246 317 310 351 352 370
1 3600 147
8
1245 1240 1179 1176 1302 1304 373 376
1 3600 147
6
1313 317 310 351 352 21
1 3600 162
4
328 1165 401 396
1 3600 454
9
1497 333 328 1165 401 402 1520 1574 1573
1 3600 681
15
309 302 1330 685 682 459 456 1551 777 774 51 52 1265 1133 671
1 3600 681
28
1605 355 356 379 374 367 361 358 401 402 1522 1629 1317 1314 743 746 1615 751 752 1586 1263 1258 1133 671 672 1267 1199 1196
1 3600 681
25
379 374 367 361 358 1162 951 948 1136 1155 1156 1160 1252 57 52 1265 1133 671 676 800 1267 1199 1196 547 517
1 3600 681
25
601 598 451 454 1147 1150 1344 1359 1362 1608 1535 787 782 1213 1214 1221 1101 725 537 469 464 567 564 293 294
1 3600 681
25
316 1247 601 602 611 614 201 198 419 420 881 635 628 623 595 592 934 919 920 1061 1058 1538 1415 287 284
1 3600 486
15
1137 1138 1331 453 448 1067 1068 979 435 409 209 197 191 111 106
1 3600 340
12
1138 1331 453 448 1067 767 764 807 802 231 228 635
1 3600 378
16
457 460 1367 1153 789 23 24 34 736 11 14 604 585 590 931 926
1 3600 681
19
454 789 790 47 44 562 1333 13 8 623 624 646 835 832 661 658 697 694 1529
1 3600 681
21
392 1368 1580 1359 1362 1097 7 4 732 778 1182 1274 1288 1488 1623 1273 1268 655 652 1021 669
1 3600 681
32
528 457 245 248 1578 1612 1507 1502 787 782 1187 1184 1288 1481 135 128 1556 655 652 1201 701 704 709 712 1442 1411 217 218 1018 1494 1415 1413
1 3600 681
36
528 1551 777 247 248 1361 1362 1097 7 4 39 40 240 221 205 206 1273 1268 655 652 1201 701 704 1459 1445 1442 841 842 905 511 512 824 1168 87 88 1408
1 3600 681
31
459 460 1514 1578 1610 1457 761 758 1263 1260 1324 1211 1214 69 66 959 956 1446 877 113 114 1364 665 662 872 489 486 494 583 580 543
1 3600 80
6
1067 767 764 807 804 1295
1 3600 75
3
454 789 790
1 3600 75
12
1550 457 458 683 643 391 394 453 448 1067 767 764
1 3600 100
10
1067 981 795 47 27 24 32 618 1372 1374
1 3600 200
14
392 1368 1149 1141 987 982 731 732 778 1182 1274 1288 1488 1623
1 3600 681
20
1136 1155 1156 1160 1252 1113 1107 1102 761 758 1263 1127 1130 1212 1216 1222 1236 1033 1034 1190
1 3600 681
16
1514 1578 1612 1624 1343 785 782 1187 715 718 960 1036 815 818 1435 1432
1 3600 681
21
454 1147 1141 987 982 731 732 778 1182 1189 715 718 960 1034 1190 1326 1005 143 146 152 154
1 3600 681
12
1157 1154 1421 1424 467 464 567 551 552 255 250 256
1 3600 86
4
391 394 303 308
1 3600 86
11
788 455 450 307 304 320 332 343 344 349 346
1 3600 86
10
455 450 599 602 1180 1177 1178 1241 1244 1308
1 3600 86
9
452 303 304 320 332 343 344 349 346
1 3600 67
4
391 394 453 448
1 3600 99
7
644 461 245 246 774 51 52
1 3600 99
12
797 791 788 1147 1148 1580 1359 1362 1606 1610 1105 1106
1 3600 99
6
792 986 1142 1360 1578 1610
1 3600 99
6
777 774 1107 1102 761 754
1 3600 99
7
459 245 248 1361 1362 1608 1535
1 3600 99
5
1157 527 528 1551 1552
1 3600 212
17
526 1156 1158 1567 1527 1524 1541 1542 743 744 749 752 1265 1133 671 674 1219
1 3600 454
10
1156 1160 1252 57 52 1265 1133 671 674 727
1 3600 681
23
1420 1155 1156 1160 1252 1399 1400 751 752 1586 1263 1127 1130 1214 69 66 1236 861 864 855 850 523 518
1 3600 681
3
1424 467 464
1 3600 681
20
685 643 644 1514 1578 1612 757 758 1263 1258 1133 671 674 727 537 469 464 567 551 263
1 3600 88
7
449 452 1330 1139 1136 1421 1422
1 3600 65
5
1165 401 402 1522 1629
1 3600 117
5
777 772 1402 1510 1541
1 3600 681
9
528 1551 777 774 51 52 1265 1133 671
1 3600 681
14
789 792 982 988 1094 785 782 1213 1214 1221 1101 725 728 1199
1 3600 681
21
528 1551 777 774 1107 1102 761 758 1263 1258 1133 671 672 1267 1199 1196 547 517 59 62 1618
1 3600 681
27
395 392 1153 789 23 24 34 736 11 14 604 625 595 592 934 919 920 1061 1058 1205 1029 1024 1494 1415 287 284 288
1 3600 681
11
1424 467 464 891 888 293 267 264 271 268 280
1 3600 681
19
775 247 244 460 1367 1153 789 790 47 48 443 444 1297 231 228 880 963 433 430
1 3600 454
13
1151 1146 455 448 1067 1068 979 435 409 209 210 413 414
1 3600 309
20
1252 1113 1107 1104 1611 1607 1363 1143 987 984 621 618 1093 239 234 604 585 586 940 923
1 3600 486
15
756 1507 1502 787 782 1187 1184 1288 1481 135 130 1268 655 652 1021
1 3600 681
21
247 248 1361 1143 987 984 621 616 233 234 604 646 835 832 661 658 706 710 1411 217 218
1 3600 681
24
1537 787 782 1216 717 720 1460 1470 879 113 114 1364 665 666 1491 1459 1445 1442 841 215 218 1018 1494 1415
1 3600 681
28
1145 987 982 731 39 40 242 165 160 1271 1268 655 652 1201 701 704 709 712 1442 1411 217 218 1014 1339 1281 1171 85 77
1 3600 681
28
1104 1611 1607 1097 7 4 39 40 240 221 205 206 1273 131 128 325 322 1320 665 662 872 489 486 494 583 580 543 540
1 3600 262
16
50 775 247 244 458 683 684 383 319 305 306 599 602 1180 1177 1178
1 3600 80
13
1456 1611 1607 1097 989 983 793 790 794 980 1068 979 435
1 3600 146
11
1505 1506 1624 1343 1095 989 983 984 621 618 1370
1 3600 146
7
1150 1145 987 984 621 616 1373
1 3600 146
11
1537 1503 1506 757 758 1587 1265 1259 1260 1324 1477
1 3600 127
5
1502 787 782 1187 1184
1 3600 127
10
987 982 731 39 40 240 221 205 202 1407
1 3600 262
12
1611 1607 1097 7 4 732 778 1182 1189 715 720 1449
1 3600 681
13
1263 1258 1129 1130 1212 1216 1222 1236 861 864 870 1123 1119
1 3600 681
16
982 731 732 778 1182 1189 715 718 960 1034 1190 1326 1005 1002 991 992
1 3600 681
15
54 1456 1611 1607 1097 7 4 39 40 242 165 160 179 180 1284
1 3600 184
21
1609 1363 1358 1345 1151 1146 789 23 26 44 441 446 437 438 613 608 1298 1175 1178 1241 1242
1 3600 144
7
733 730 983 986 1140 1146 455
1 3600 144
10
755 756 1613 1579 1515 645 642 684 383 380
1 3600 144
10
1534 1625 757 760 55 56 1253 1161 1157 1154
1 3600 144
5
1587 53 56 1253 1161
1 3600 144
11
1587 53 50 775 776 1550 529 524 683 684 383
1 3600 144
8
1534 1609 1363 1358 1581 1369 1366 461
1 3600 144
7
1369 1366 461 456 529 526 1156
1 3600 144
4
1151 1146 455 448
1 3600 144
6
756 1613 1579 1515 1367 1153
1 3600 146
4
1608 1535 1503 1508
1 3600 146
6
982 988 1094 1342 1625 757
1 3600 154
7
1362 1608 1343 785 782 1213 1214
1 3600 154
8
246 774 51 52 1265 1133 671 674
1 3600 154
7
1362 1606 1610 1457 761 758 1263
1 3600 154
11
1150 1344 1359 1360 1578 1612 757 758 1587 1265 1129
1 3600 154
4
52 1265 1129 1124
1 3600 154
6
1610 1457 761 758 1263 1127
1 3600 131
14
1578 1612 1507 1502 787 782 1216 1222 1236 861 866 1228 857 858
1 3600 681
12
1610 1105 1108 1400 751 752 1265 1133 671 674 727 537
1 3600 681
15
982 988 1094 785 782 1216 1222 1236 861 864 870 1123 475 480 484
1 3600 681
19
731 39 36 1182 1189 715 718 960 1034 1190 1326 1005 1002 883 884 571 572 255 250
1 3600 295
19
755 760 55 56 1253 1250 1402 1510 1525 1526 1566 1572 1135 949 950 1163 359 360 368
1 3600 141
11
760 1103 1108 1400 1614 747 742 1315 1316 1628 1523
1 3600 115
7
1142 1362 1606 1610 1105 1108 1400
1 3600 115
5
1625 757 758 1587 753
1 3600 219
6
758 1263 1258 1133 671 676
1 3600 681
10
1608 1625 757 758 1263 1258 1133 671 676 798
1 3600 681
11
782 1213 1214 69 64 725 728 1199 1196 547 517
1 3600 681
16
1148 1369 393 390 642 682 525 526 1154 1421 1424 467 464 891 888 293
1 3600 681
17
758 1587 1265 1133 671 674 727 537 469 464 567 551 263 264 271 268 280
1 3600 681
14
1125 1126 1260 1324 1477 385 388 647 625 622 629 632 415 410
1 3600 681
18
1125 1128 1259 1260 1324 1477 385 386 915 916 1047 1039 1042 921 918 935 936 967
1 3600 486
14
1477 385 386 915 833 828 1047 1039 1042 921 922 941 927 930
1 3600 486
15
1260 1324 1477 385 386 915 916 1172 1193 1089 1086 1570 691 686 836
1 3600 523
22
1211 1212 1187 1188 1274 1288 1481 135 128 1556 655 652 1201 701 702 697 694 1453 1203 1029 1024 1494
1 3600 681
25
1324 1211 1214 1225 717 720 1460 1470 879 113 114 1364 665 666 1491 709 710 841 842 905 902 899 900 1009 1006
1 3600 681
18
1127 1130 1214 69 66 959 960 1036 815 816 1254 875 839 842 905 511 512 824
1 3600 681
29
1125 1130 1212 1187 1184 1288 1488 1623 1273 1268 655 652 1201 701 704 1459 1445 1442 1411 217 218 1014 1339 1281 1171 1168 87 88 1405
1 3600 681
23
1325 1261 1262 759 756 1624 1343 1095 989 983 793 790 794 980 767 762 435 438 613 608 1300 1177 1178
1 3600 324
15
1128 1264 1586 759 756 1624 1343 1095 989 983 984 29 26 48 626
1 3600 126
14
1132 1264 53 54 1456 1611 1579 1361 1143 987 984 621 618 1370
1 3600 37
8
1187 1188 1274 1288 1488 1623 1273 1270
1 3600 98
10
1127 1130 1214 1225 1222 1236 1033 1036 815 818
1 3600 454
12
1211 1212 1216 717 720 1449 1450 1465 1257 1254 1487 1429
1 3600 681
13
1130 1214 69 66 959 960 1034 1190 1326 1005 1002 991 992
1 3600 681
12
1130 1212 1187 1184 1288 1481 135 130 1270 179 180 1286
1 3600 681
20
783 784 1095 989 983 793 790 47 48 443 446 437 438 613 608 1298 1175 1178 1241 1238
1 3600 165
12
1261 1262 1587 53 50 775 247 244 458 683 684 383
1 3600 40
5
1219 1220 1225 1217 783
1 3600 40
3
1264 53 50
1 3600 136
4
1325 1261 1258 1133
1 3600 58
8
1324 1211 1212 1216 1222 1236 861 866
1 3600 58
4
1216 1222 1236 861
1 3600 58
7
1222 1236 861 866 1228 1115 71
1 3600 252
11
1133 671 672 1267 1199 1196 547 517 59 60 470
1 3600 681
9
1224 1221 1101 725 537 469 464 567 551
1 3600 681
13
1222 1236 861 864 870 1123 475 480 484 571 572 255 250
1 3600 681
14
1213 1131 1128 1264 753 750 1401 1398 1253 1161 1157 1154 1421 1422
1 3600 567
20
1218 675 670 1132 1259 1262 1587 753 748 745 742 1543 1540 1525 1526 1566 1572 1135 949 950
1 3600 147
7
1218 675 670 1132 1264 753 748
1 3600 126
10
671 672 1267 1199 1196 547 517 59 60 472
1 3600 284
6
1224 1221 1101 725 728 1199
1 3600 567
5
727 537 534 1562 1618
1 3600 681
15
1211 1214 69 66 1236 861 866 1228 857 75 72 464 891 888 293
1 3600 681
17
1477 385 388 835 828 1172 1193 1089 1086 1570 691 688 692 1452 1529 1417 277
1 3600 681
31
867 862 845 848 1191 821 816 1256 1031 119 114 1323 323 326 649 650 656 690 1571 1283 1051 1054 921 918 935 936 973 974 1077 1074 1080
1 3600 681
17
1425 1420 1137 1138 1331 453 448 1067 767 764 807 804 213 210 413 416 425
1 3600 618
16
724 1098 1033 1036 1465 1031 119 114 1323 323 326 649 650 660 916 1172
1 3600 486
14
1116 869 855 852 1328 1440 123 124 119 114 1323 323 326 649
1 3600 324
15
856 1229 867 862 845 848 1191 821 816 1254 875 839 215 216 1027
1 3600 378
11
862 845 846 850 1120 1427 141 136 490 1017 1014
1 3600 681
21
959 956 1446 877 113 114 1364 665 666 1491 1459 1445 1442 841 842 905 902 899 900 1009 1010
1 3600 681
16
855 850 523 520 1531 1431 141 138 144 494 897 579 83 78 1409 1405
1 3600 681
24
845 848 1191 1035 961 719 714 1188 1183 37 42 29 24 30 441 444 1297 803 407 404 723 615 610 1180
1 3600 681
20
1114 1229 867 860 1237 959 719 714 1188 1183 37 42 621 33 30 441 444 1297 803 804
1 3600 324
16
869 855 852 1328 819 816 1256 1462 1473 1470 1483 1484 207 204 220 241
1 3600 61
8
1233 867 860 1033 961 719 714 1188
1 3600 75
13
1235 1115 1116 869 855 852 1328 1440 123 124 119 114 1364
1 3600 75
7
1116 869 855 847 848 1191 1035
1 3600 110
9
75 70 505 502 501 498 475 478 520
1 3600 358
9
505 506 998 501 477 480 482 1002 991
1 3600 681
12
1116 497 498 475 480 484 571 574 992 996 1357 1354
1 3600 681
17
867 860 1237 1223 1217 783 786 1534 1609 1363 1358 1581 1369 393 394 303 304
1 3600 454
14
1114 1229 867 860 1237 1223 1217 783 786 1503 1506 1613 1579 1515
1 3600 136
12
1100 1218 675 670 1132 1259 1262 759 756 1624 1609 1363
1 3600 74
8
863 860 1237 67 68 1215 1131 1126
1 3600 74
8
1233 867 860 1237 67 68 1215 1131
1 3600 74
6
871 865 860 1237 1223 1217
1 3600 65
4
1098 861 866 1228
1 3600 70
6
866 1230 497 500 999 1000
1 3600 70
6
1235 1115 505 502 501 498
1 3600 70
6
856 1229 1230 497 477 474
1 3600 200
7
1233 1230 497 477 480 484 571
1 3600 681
8
1123 475 480 484 571 572 255 250
1 3600 681
15
859 75 72 466 1425 1420 1137 949 950 1163 359 360 366 375 376
1 3600 681
25
855 852 1327 1191 1035 961 719 714 1188 1183 779 733 5 6 1096 1363 1360 249 246 772 1402 1510 1541 1319 1316
1 3600 378
18
856 1115 505 471 61 58 516 546 1197 1198 1266 801 677 670 1132 1264 753 748
1 3600 206
14
863 860 1237 67 68 1215 1210 1325 1261 1262 1587 753 748 1626
1 3600 108
4
1099 725 728 1199
1 3600 138
6
868 1117 505 471 61 58
1 3600 486
7
859 75 72 464 891 888 293
1 3600 681
13
1123 475 480 484 571 572 255 250 260 271 268 282 290
1 3600 681
25
501 498 1119 1120 1427 141 136 490 1017 1018 1025 1028 1204 1059 1060 921 922 941 587 588 596 638 681 423 426
1 3600 681
28
478 520 1531 1431 1428 123 126 873 663 668 699 702 659 656 690 1571 1087 1088 907 910 1053 1054 921 918 935 593 596 638
1 3600 681
15
1119 1120 1427 141 136 490 843 840 1443 713 707 659 660 916 1047
1 3600 681
13
475 478 520 1531 1431 1428 1486 875 663 668 1020 653 650
1 3600 523
15
504 1116 869 855 852 1328 1440 123 126 873 839 215 216 1027 1028
1 3600 378
17
73 70 505 506 998 501 477 478 522 1120 1427 141 136 490 905 902 1340
1 3600 618
11
1119 1120 1427 141 138 144 494 583 577 83 78
1 3600 681
10
464 567 568 574 159 154 1438 543 544 556
1 3600 681
33
1001 998 501 498 1119 851 847 848 1191 821 814 1451 1448 1460 1468 1488 1479 385 388 647 625 622 629 634 880 421 418 109 110 192 1300 1177 1178
1 3600 681
18
536 724 65 66 959 956 1446 877 878 1483 1484 207 204 222 243 237 238 1090
1 3600 681
19
519 520 1433 1434 819 814 1465 1462 1473 1470 1483 1484 207 204 220 241 237 232 1374
1 3600 242
15
998 501 496 869 855 852 1328 819 816 1256 1031 119 116 1386 1390
1 3600 95
13
73 70 1116 869 855 852 1328 1440 123 124 119 114 1364
1 3600 63
8
538 63 60 470 502 501 477 478
1 3600 133
7
475 480 482 1002 991 992 996
1 3600 378
7
464 567 551 552 995 996 1357
1 3600 681
25
504 1114 1229 867 860 1237 1223 1217 783 784 1342 1609 1363 1358 1581 1369 393 394 303 308 1500 1313 317 314 1604
1 3600 681
16
471 61 58 516 546 1197 1198 1266 673 670 1132 1264 53 56 1253 1161
1 3600 618
15
478 522 851 847 848 1191 1035 961 719 714 1188 1183 779 733 5
1 3600 262
6
496 1231 867 860 1099 1100
1 3600 56
7
481 474 1122 871 865 860 1237
1 3600 56
4
519 522 1118 1122
1 3600 56
3
496 1231 867
1 3600 126
3
998 501 498
1 3600 29
7
999 507 504 71 72 464 567
1 3600 400
8
501 477 480 484 571 572 255 250
1 3600 681
19
498 1119 1120 1432 1531 1431 141 136 490 1017 1018 1494 1539 1059 1060 921 922 1206 373
1 3600 681
29
471 61 58 516 546 1197 1198 1266 801 677 670 1132 1259 1262 759 760 1103 1106 1112 1253 1250 1402 1512 1526 1566 1572 1135 949 946
1 3600 681
20
474 1122 871 865 860 1237 1223 1217 783 786 1503 1506 1613 1579 249 246 772 1402 1510 1541
1 3600 681
10
482 1004 1327 1191 1035 1032 1099 725 728 1266
1 3600 284
9
500 503 471 61 58 516 546 1197 1198
1 3600 82
10
481 474 499 500 999 507 471 61 58 514
1 3600 179
11
480 484 571 572 553 263 264 271 268 282 288
1 3600 400
9
469 464 567 551 263 264 271 268 282
1 3600 681
22
255 252 264 271 268 282 285 286 1414 1539 1059 1060 921 918 935 936 973 974 1595 1585 531 463
1 3600 681
28
570 885 882 149 150 495 492 508 898 1337 1338 1419 1416 1528 695 689 690 1571 1283 1051 1054 921 922 1208 1555 1545 935 936
1 3600 681
25
555 263 264 271 268 282 285 286 1414 1495 1025 1028 1202 693 689 690 1571 1087 909 910 1057 1060 921 918 1544
1 3600 681
16
485 482 143 144 492 510 904 843 840 711 708 705 700 1200 653 648
1 3600 681
16
552 573 574 159 154 1438 581 577 578 827 513 510 904 843 840 1443
1 3600 454
10
566 894 885 882 149 150 897 827 513 510
1 3600 486
7
565 568 574 159 154 1438 581
1 3600 681
11
890 894 885 882 149 150 897 579 83 80 93
1 3600 681
19
890 465 466 1425 1420 1137 949 950 1163 1164 329 332 1496 1500 1313 1247 1248 1303 1301
1 3600 681
26
555 263 264 271 268 282 285 286 1414 1539 1059 1060 921 922 941 587 588 596 638 681 423 424 417 412 211 208
1 3600 681
14
573 570 485 482 1004 1327 1191 1035 961 719 714 1188 1183 37
1 3600 681
12
995 993 990 1003 1004 1328 1440 1486 1255 1256 1462 1473
1 3600 324
3
485 482 1004
1 3600 136
6
573 570 485 481 478 522
1 3600 63
4
894 885 882 991
1 3600 117
10
894 885 882 149 152 156 173 168 101 104
1 3600 681
14
566 465 466 1425 1420 1137 949 950 1163 1164 329 332 1496 1500
1 3600 681
15
569 566 465 468 536 726 675 670 1132 1264 53 56 1253 1161 1157
1 3600 681
15
895 465 468 536 726 675 670 1132 1259 1262 759 760 1103 1106 775
1 3600 681
11
1475 555 550 566 465 468 536 724 1100 1220 1215
1 3600 158
13
550 564 889 890 465 73 74 856 1229 867 860 1237 67
1 3600 58
4
570 485 481 474
1 3600 58
5
890 894 485 481 474
1 3600 128
3
567 551 554
1 3600 46
3
564 293 267
1 3600 681
38
995 167 168 174 99 95 92 81 76 86 1169 1170 1280 1338 1419 1416 1528 695 689 690 1571 1283 1195 1053 1054 921 922 1206 1305 1249 1246 317 310 351 348 356 337 338
1 3600 681
10
550 566 465 466 1425 1420 1137 1134 1575 1521
1 3600 681
30
885 882 1003 143 139 121 124 119 116 1383 1384 1395 1392 1406 203 204 222 243 41 38 5 6 1096 1363 1360 249 246 772 1402 1510
1 3600 681
17
485 481 474 1122 871 865 860 1237 67 68 1215 1131 1128 1264 753 748 1626
1 3600 681
15
569 566 465 468 534 1562 63 58 516 546 1197 1198 1266 801 798
1 3600 174
8
550 566 465 468 538 63 58 514
1 3600 85
3
564 293 294
1 3600 126
6
555 263 264 271 268 280
1 3600 681
13
189 184 177 101 104 178 161 162 1292 1175 1178 1279 811
1 3600 681
33
189 184 177 174 541 544 558 81 76 84 1170 901 898 1337 1338 1015 219 216 1410 711 707 659 660 833 834 647 625 622 629 630 678 967 964
1 3600 681
34
259 251 189 184 177 174 99 96 557 560 578 827 513 510 904 843 215 216 1027 1028 1202 693 689 690 1571 1087 1088 907 910 1057 1060 921 922 1208
1 3600 681
18
261 251 254 995 167 172 157 153 150 495 487 488 873 663 666 1023 1020 653
1 3600 681
11
271 268 282 285 286 1414 1495 1025 1026 1410 1443
1 3600 681
15
253 189 184 177 174 99 95 90 1404 89 86 1169 1170 901 898
1 3600 681
9
265 262 552 573 574 159 154 1438 581
1 3600 681
7
189 184 177 174 541 544 558
1 3600 681
21
261 251 189 184 177 101 104 178 161 164 243 237 238 739 734 227 224 213 208 404 1492
1 3600 681
26
251 254 573 574 990 1003 143 139 121 124 119 116 1386 1390 133 130 1272 207 204 220 241 237 238 739 734 227
1 3600 681
20
264 271 268 282 285 286 1414 1539 1059 1060 921 918 935 593 589 584 605 235 232 1374
1 3600 681
8
265 253 189 184 177 101 104 178
1 3600 681
15
259 251 254 995 167 172 157 153 147 139 121 124 119 114 1364
1 3600 567
6
254 995 993 159 153 147
1 3600 165
3
254 995 167
1 3600 69
8
253 189 184 177 101 104 180 1286
1 3600 681
15
265 266 292 889 890 465 466 1425 1420 1137 1138 1331 453 450 599
1 3600 681
28
259 251 254 573 574 990 1003 1004 1328 819 814 1451 1448 721 714 1188 1183 779 733 730 983 986 1140 1148 1369 1366 645 642
1 3600 681
18
259 251 254 995 993 990 1003 1004 1327 1191 1035 961 719 716 1217 783 784 1342
1 3600 681
14
251 254 573 570 485 481 474 1122 871 865 860 1237 1223 1217
1 3600 681
11
265 266 292 889 890 465 73 74 856 1229 867
1 3600 309
11
259 251 254 573 570 485 481 476 500 999 1000
1 3600 36
6
259 260 265 262 550 564
1 3600 681
15
260 265 262 550 566 465 466 1425 1420 1137 949 950 1163 359 362
1 3600 681
22
266 292 889 890 465 468 536 726 675 670 1132 1259 1262 1587 753 750 1614 747 742 1315 1316 1577
1 3600 681
16
259 251 252 262 550 566 465 468 536 726 675 670 1132 1264 753 750
1 3600 681
15
262 550 566 465 468 534 1562 63 58 516 546 1197 1198 1266 673
1 3600 681
13
252 266 292 889 890 465 468 538 63 58 516 546 1564
1 3600 681
10
254 573 570 895 465 468 534 1562 63 60
1 3600 219
6
252 262 550 564 889 892
1 3600 74
5
259 260 271 268 280
1 3600 681
16
1423 1420 1137 1138 1331 453 448 1067 1068 979 435 409 209 197 198 462
1 3600 681
10
375 372 1305 1303 1301 193 111 108 462 411
1 3600 681
23
365 358 1164 381 319 305 306 977 763 627 49 44 562 1333 13 8 623 624 646 835 832 914 952
1 3600 681
10
375 372 1207 923 920 1043 1038 1046 917 661
1 3600 681
10
366 375 372 1207 923 920 1061 1058 1205 1029
1 3600 681
22
1311 1277 1278 1179 1174 1299 193 111 106 1584 1594 975 972 937 934 919 920 1061 1058 1538 1415 1413
1 3600 681
15
1517 859 856 1115 1116 497 477 478 520 1531 1431 141 136 486 494
1 3600 681
40
363 358 1164 381 319 305 306 977 763 627 443 440 562 1333 13 8 637 597 592 934 919 920 1055 1052 1194 1282 1570 691 688 694 1529 1417 1418 1339 1281 1171 85 77 80 559
1 3600 358
27
1517 859 856 1229 867 862 845 848 1191 821 814 1465 1462 877 878 1389 1390 133 130 1270 161 162 1292 1299 1300 1302 1304
1 3600 454
11
375 378 337 340 342 333 321 305 306 977 435
1 3600 681
23
363 360 368 353 350 311 316 1247 601 602 611 614 201 198 419 413 414 633 628 623 624 646 389
1 3600 681
8
377 372 1305 1303 1301 1298 1293 163
1 3600 681
30
365 358 1162 951 948 1134 1573 1567 1527 1513 1403 773 247 248 1361 1362 1097 7 4 732 778 1182 1274 1288 1469 1472 1463 1257 1254 1487
1 3600 681
25
1423 1420 1155 527 524 459 460 1367 1153 789 23 28 43 36 1182 1189 715 720 1449 1450 815 818 1435 1432 1548
1 3600 681
33
358 1164 381 319 305 306 977 763 627 49 44 562 735 738 239 236 240 221 205 202 1407 1393 1394 1385 1382 117 118 125 120 138 146 152 156
1 3600 681
17
375 378 357 354 315 316 1247 1248 1303 1301 193 194 163 160 179 180 1286
1 3600 100
8
377 372 1305 1303 1177 1178 1279 1276
1 3600 100
3
358 1164 329
1 3600 77
9
358 1162 951 948 1136 1155 527 528 1551
1 3600 262
13
378 337 340 342 333 330 382 685 643 644 1514 1578 1612
1 3600 681
17
371 369 361 358 401 402 1520 1576 1317 1314 743 744 749 752 1265 1129 1124
1 3600 681
26
365 358 1162 951 948 1134 1573 1567 1527 1524 1511 1403 1251 1252 57 52 1586 1263 1127 1130 1214 69 66 1236 861 866
1 3600 681
29
353 348 345 342 333 321 305 306 977 763 627 49 27 28 43 36 1182 1189 715 718 960 1034 1190 849 846 854 868 497 500
1 3600 681
12
365 358 1162 951 948 1136 1421 1424 467 464 891 888
1 3600 681
26
20 369 366 375 372 1207 923 920 1055 1050 1282 1570 691 688 692 1203 1029 1024 1494 1415 287 284 283 269 270 261
1 3600 100
5
363 360 368 21 18
1 3600 107
25
1517 859 856 1229 867 860 1237 67 68 1215 1131 1126 1262 1587 53 50 1112 1253 1250 1402 1510 1541 1319 1316 1628
1 3600 107
4
369 361 358 1162
1 3600 107
27
1517 859 856 1229 867 860 1237 1223 1217 783 784 1095 1096 1606 1610 1105 1106 1112 1399 1400 1614 747 742 1315 1316 1628 1630
1 3600 262
11
365 358 401 402 1522 1629 1317 1314 743 746 1615
1 3600 681
27
339 340 342 333 330 382 685 682 459 245 246 774 51 52 1265 1133 671 676 800 1267 1199 1196 547 517 59 60 472
1 3600 681
29
19 16 371 353 350 311 316 1312 1501 309 302 395 390 644 1514 1578 1610 1457 761 758 1263 1258 1133 671 672 1267 1199 1196 547
1 3600 681
28
339 340 342 1496 309 302 395 392 1368 1580 1359 1362 1608 1535 787 782 1216 1224 1221 1101 725 728 1199 1196 547 517 59 60
1 3600 681
36
365 360 368 353 348 354 315 316 1247 1248 1303 1301 193 111 106 1584 1594 975 972 937 934 919 920 1061 1056 911 908 1086 1570 691 688 694 1529 1417 277 274
1 3600 681
38
353 350 311 316 1247 601 602 611 614 201 198 462 411 416 425 422 680 639 597 589 590 931 926 940 923 920 1061 1056 1194 1282 1570 691 688 692 1452 1529 1417 277
1 3600 681
15
1523 403 400 1164 381 319 305 306 977 435 409 209 210 418 462
1 3600 681
18
945 948 1136 1155 527 528 457 460 1367 1153 789 23 24 34 736 11 8 637
1 3600 681
23
1163 1164 381 319 305 306 977 435 409 209 210 420 881 635 630 680 639 597 592 934 919 920 1061
1 3600 681
22
1164 329 321 305 306 977 435 436 447 440 562 1333 13 14 604 585 586 940 923 920 1061 1058
1 3600 681
25
1317 1318 1540 1511 1403 773 247 248 1361 1143 987 984 621 616 233 234 604 646 835 832 661 658 706 710 1411
1 3600 681
31
402 1520 1576 1317 1314 743 746 1615 1401 1109 1104 1611 1607 1097 7 4 39 40 242 165 160 1271 131 128 325 322 1320 665 662 872 489
1 3600 681
23
948 1136 1155 1156 1160 1252 1113 1107 1104 1611 1607 1097 7 4 39 40 242 165 160 179 105 102 1349
1 3600 681
40
945 948 1138 685 643 644 1367 1153 789 23 24 32 618 1093 239 236 240 221 205 206 1485 135 132 1391 1387 117 118 125 120 138 146 152 156 173 170 1466 177 101 102 1436
1 3600 567
9
1135 1138 1331 453 450 599 602 1180 1177
1 3600 454
11
945 950 1163 1164 381 319 305 306 977 435 409
1 3600 681
17
945 948 1136 1155 527 524 459 460 1367 1368 1149 1141 987 984 621 616 1373
1 3600 681
19
1317 1318 1540 1511 1403 773 247 248 1361 1362 1097 7 4 39 40 240 221 205 202
1 3600 681
22
402 1520 1574 1573 1567 1527 1513 1403 1251 1252 57 54 761 756 1507 1502 787 782 1216 717 718 956
1 3600 681
22
1576 1317 1314 743 744 749 752 1265 1129 1130 1214 1225 717 720 1460 1472 1463 1257 1254 1487 1429 1430
1 3600 681
10
951 948 1136 1421 1424 467 464 894 885 882
1 3600 681
33
397 402 1520 1574 1573 1567 1527 1513 1403 773 247 248 1361 1143 987 982 731 732 778 1182 1189 715 718 960 1034 1190 1326 1005 1002 991 992 996 1357
1 3600 131
9
947 950 1163 1164 329 332 343 341 336
1 3600 90
5
1577 1574 1135 1136 1421
1 3600 90
4
1569 1566 1159 1157
1 3600 100
12
1574 1573 1159 1160 1252 1113 1107 1104 1611 1612 1507 1508
1 3600 486
14
945 948 1136 1155 1156 1160 1252 57 52 1586 1263 1127 1130 1214
1 3600 681
21
402 1522 1629 1317 1314 743 746 1615 751 752 1265 1129 1130 1214 69 66 1236 861 866 1228 1234
1 3600 681
30
397 402 1520 1574 1573 1567 1527 1524 1511 1403 1251 1252 1113 1107 1104 1611 1607 1608 1343 785 782 1216 717 718 960 1034 1190 1326 1005 483
1 3600 681
11
1629 1577 1574 1135 1136 1421 1424 467 464 567 568
1 3600 681
12
1135 1136 1421 1424 467 464 567 568 572 255 250 258
1 3600 85
9
397 400 1164 381 331 332 343 341 338
1 3600 85
6
1520 1574 1135 1136 1421 1422
1 3600 85
8
399 400 359 360 368 370 17 18
1 3600 194
3
402 1520 1574
1 3600 75
6
1522 1629 1317 1318 1540 1525
1 3600 75
5
1631 1629 1317 1314 743
1 3600 567
12
1576 1317 1314 743 744 749 752 1586 1263 1258 1133 671
1 3600 681
16
1164 381 382 685 682 459 245 246 774 51 52 1265 1133 671 676 798
1 3600 681
19
947 948 1136 1155 1156 1160 1252 57 52 1586 1263 1258 1133 671 674 727 537 538 1618
1 3600 681
28
947 948 1138 685 643 644 1367 1153 789 23 24 34 736 11 8 623 595 592 934 919 920 1061 1058 1538 1415 287 284 288
1 3600 681
35
400 1164 381 319 305 306 977 763 764 807 802 231 228 635 628 623 624 646 835 832 661 658 697 694 1453 1203 1029 1024 1494 1415 287 284 283 269 272
1 3600 681
27
1615 1401 1109 1104 1611 1579 1361 1358 1345 1151 1146 789 790 47 48 443 444 1297 231 228 880 963 433 430 770 1083 1075
1 3600 681
16
773 776 1550 457 460 1367 1153 789 23 24 34 736 11 8 637 640
1 3600 681
20
1314 1543 1540 1511 1403 773 247 248 1361 1143 987 984 621 616 233 234 604 646 835 830
1 3600 681
36
743 746 1615 1401 1109 1102 1456 1611 1607 1097 989 983 984 621 618 1093 239 234 604 585 590 931 926 940 923 920 1055 1052 911 906 1089 1086 1570 691 688 692
1 3600 681
24
1617 1615 1401 1109 1104 1611 1607 1097 7 4 39 40 242 165 160 1271 1268 655 652 1021 1022 1491 709 712
1 3600 681
26
749 752 1586 1263 1260 1324 1477 1478 1623 1273 1268 655 652 1201 701 704 1459 1445 1442 1411 217 218 1014 1339 1336 1340
1 3600 681
35
741 746 1615 1401 1398 1113 775 247 248 1361 1143 987 984 621 616 233 234 604 646 835 832 661 658 706 710 841 842 905 902 899 900 1009 1006 1012 1601
1 3600 681
37
1527 1513 1403 1251 1252 57 54 1456 1611 1607 1097 989 731 39 40 240 221 205 202 1407 1393 1377 1380 1382 117 118 125 126 489 486 494 583 577 83 78 1409 1405
1 3600 681
12
1159 1157 527 524 683 643 391 394 453 450 599 602
1 3600 523
18
1540 1525 1526 1566 1159 1157 527 524 683 643 391 394 453 448 1067 767 764 447
1 3600 523
9
1251 1252 57 52 1265 1259 1260 1324 1477
1 3600 400
18
749 752 1586 759 756 1507 1502 787 782 1187 1184 1288 1481 135 132 1397 1385 1381
1 3600 681
23
773 247 248 1361 1358 1345 1145 987 984 621 618 1093 239 236 242 223 205 206 1485 1482 879 113 118
1 3600 681
23
1527 1524 1511 1403 1251 1252 1113 1107 1102 761 756 1624 1535 787 782 1216 1222 1236 1033 1034 1190 1326 1005
1 3600 681
29
746 1615 1401 1109 1104 1611 1607 1097 7 4 39 40 240 221 205 202 1407 1393 1394 1385 1382 117 118 125 120 138 146 152 154
1 3600 681
18
1318 1540 1511 1403 773 247 248 1361 1143 987 984 43 40 242 165 160 179 182
1 3600 400
19
742 1543 1540 1525 1526 1566 1159 1157 527 524 683 684 383 331 332 1496 1500 1313 1247
1 3600 88
8
773 247 244 458 683 684 383 380
1 3600 88
6
741 746 1615 1401 1398 1113
1 3600 88
5
1159 1160 1252 1113 1107
1 3600 141
11
1567 1527 1513 1403 1251 1252 57 52 1265 1129 1124
1 3600 284
11
749 752 1586 1263 1127 1130 1214 1225 1222 1236 861
1 3600 681
18
741 744 749 752 1265 1133 671 674 1219 1101 1098 861 864 868 497 500 999 1000
1 3600 681
23
1109 1102 1456 1611 1607 1097 989 731 732 778 1182 1189 715 720 1449 1450 815 818 1329 1005 1002 883 884
1 3600 681
21
1617 1615 751 752 1586 1263 1258 1133 671 674 727 537 469 464 891 888 293 267 253 250 258
1 3600 219
14
748 745 742 1315 1316 1628 1523 403 400 359 360 368 370 1166
1 3600 122
6
1526 1566 1572 1135 949 946
1 3600 122
9
742 1543 1540 1525 1526 1566 1572 1135 949
1 3600 122
7
1525 1526 1566 1572 1575 1521 403
1 3600 151
6
1403 1251 1252 1399 1400 751
1 3600 124
4
1314 743 744 1626
1 3600 124
8
746 1615 751 752 1265 1133 671 672
1 3600 567
16
1511 1403 1251 1252 1113 51 54 761 758 1263 1258 1133 671 676 800 1267
1 3600 681
14
744 749 752 1265 1133 671 672 1267 1199 1196 547 517 59 62
1 3600 681
28
1540 1511 1403 773 247 248 1361 1143 987 984 621 616 233 234 604 625 595 592 934 919 920 1061 1058 1538 1415 287 284 288
1 3600 681
13
1159 1157 1154 1421 1424 467 464 567 551 263 264 271 268
1 3600 681
31
801 677 670 1132 1259 1262 759 756 1624 1343 1095 989 983 793 790 794 980 767 764 437 438 613 608 1298 1175 1178 1279 811 812 1546 1598
1 3600 681
25
473 470 506 998 501 498 1119 1120 1427 1428 1486 1255 1256 1462 1473 1468 1488 1479 385 388 647 625 622 629 632
1 3600 681
22
473 470 504 1116 869 855 847 848 1191 821 816 1254 875 663 668 699 702 659 660 833 834 647
1 3600 681
19
1627 749 752 1586 759 756 1507 1502 787 782 1187 1184 1288 1481 135 128 1556 655 652
1 3600 681
22
674 1219 1101 1098 1033 1036 1465 1031 119 114 1364 665 666 1491 709 712 1442 1411 217 218 1018 1494
1 3600 681
21
674 1219 1101 65 66 959 956 1446 877 113 114 1364 665 662 839 215 218 1014 1339 1281 1009
1 3600 681
23
1627 749 752 1586 1263 1260 1324 1477 385 386 915 661 658 706 710 841 842 905 511 512 824 1168 87
1 3600 681
20
674 1219 1220 1225 717 720 1460 1472 1463 1257 1254 875 872 489 486 494 583 580 543 540
1 3600 681
21
670 1132 1264 1586 759 756 1624 1609 1363 1358 1581 1149 1146 455 450 599 600 1248 1303 1177 1178
1 3600 681
17
1627 745 746 1615 1401 1398 1113 775 776 1550 457 460 1367 1153 789 790 47
1 3600 681
20
473 470 502 501 477 478 520 1433 1434 819 814 1451 1448 1460 1470 1483 1484 207 204 220
1 3600 425
11
1627 749 752 1265 1129 1130 1212 1187 1188 1274 1290
1 3600 681
16
1627 749 752 1586 1263 1260 1324 1477 1478 1489 1469 1472 1463 1257 1254 1487
1 3600 681
9
473 470 506 998 501 498 1119 523 520
1 3600 681
16
800 1267 729 724 1098 1033 1036 1465 1031 125 120 138 146 152 156 173
1 3600 681
16
1267 729 724 65 66 959 960 1034 1190 1326 1005 1002 991 992 996 1357
1 3600 681
19
677 670 1132 1259 1262 759 756 1613 1579 1515 645 391 394 303 308 1500 1313 317 310
1 3600 378
18
473 61 58 516 546 1197 1198 1266 673 670 1132 1264 53 50 775 247 244 458
1 3600 121
10
673 674 1219 1220 1225 717 714 1188 1183 779
1 3600 88
7
1627 749 752 1265 1129 1130 1212
1 3600 113
6
800 1267 729 724 1098 861
1 3600 567
5
473 470 502 501 477
1 3600 681
8
800 1267 729 537 469 464 891 888
1 3600 681
29
1627 745 746 1615 1401 1109 1104 1611 1607 1097 7 4 732 778 1182 1189 715 718 960 1034 1190 1326 1005 1002 991 575 572 255 250
1 3600 681
23
801 677 670 1132 1264 53 50 775 776 1550 529 524 683 684 383 331 332 343 344 349 352 21 18
1 3600 454
16
677 670 1132 1259 1262 759 760 55 56 1253 1161 1157 1154 1137 949 946
1 3600 45
10
800 673 670 1132 1264 53 56 1253 1161 1158
1 3600 358
18
1627 749 752 1586 1263 1258 1133 671 676 800 1267 1199 1196 547 517 59 60 472
1 3600 89
6
473 61 58 516 546 1197
1 3600 454
4
473 61 58 514
1 3600 681
8
674 727 537 469 464 891 888 293
1 3600 681
25
800 1267 729 724 65 66 959 956 1446 877 113 114 1364 665 666 1491 1459 1445 1442 1411 217 218 1014 1419 277
1 3600 681
19
799 677 674 1219 1220 1215 1210 1477 385 388 647 625 595 596 638 681 423 426 1588
1 3600 681
22
1197 1198 729 724 1100 1220 1215 1212 1187 1188 1183 37 42 29 26 44 441 444 1297 231 228 880
1 3600 681
21
799 800 673 670 1132 1259 1260 1324 1477 385 386 915 833 828 1047 1039 1042 921 922 941 927
1 3600 681
20
1198 729 724 1098 1033 1036 1465 1031 119 114 1323 323 326 649 650 656 690 1571 1087 1088
1 3600 681
13
1197 1198 729 724 65 66 959 956 1450 815 816 1254 875
1 3600 681
16
1198 729 724 1098 1033 1036 1451 1446 877 113 114 1364 665 662 872 489
1 3600 681
20
1197 1198 729 724 65 66 959 956 1446 1463 1031 125 126 489 486 494 897 579 83 78
1 3600 681
20
1198 729 724 1098 1033 1036 1465 1257 1254 875 839 842 905 511 512 824 85 88 1405 91
1 3600 681
27
1565 1197 1198 729 726 1219 1220 1215 1212 783 784 1095 989 983 793 790 794 980 1068 979 435 438 613 610 1180 1302 1304
1 3600 681
16
1198 729 724 1100 1220 1215 1212 783 784 1095 989 983 793 790 794 980
1 3600 681
19
1198 729 726 1219 1220 1225 717 720 1460 1468 1488 1623 207 204 220 241 237 238 1092
1 3600 567
11
799 677 674 1219 1220 1225 717 720 1460 1468 1488
1 3600 567
8
729 724 65 66 1236 861 862 845
1 3600 681
12
1197 1198 729 724 1098 1033 1036 815 818 1435 1432 1548
1 3600 681
12
547 517 59 62 539 469 464 894 571 574 992 996
1 3600 681
15
1196 547 517 59 62 1563 535 469 464 567 551 552 255 250 256
1 3600 681
19
799 800 673 670 1132 1259 1262 759 760 1456 1611 1579 1515 645 391 394 303 308 1500
1 3600 681
19
546 1197 1198 1266 673 670 1132 1259 1262 759 756 1624 1609 1363 1358 1345 1151 1146 455
1 3600 425
14
1565 1197 1198 1266 801 677 670 1132 1264 1586 759 756 1624 1609
1 3600 194
7
1565 1197 1198 1266 673 670 1132
1 3600 56
10
546 1197 1198 729 724 65 66 1236 861 864
1 3600 184
10
799 677 674 1219 1101 1098 861 864 870 1123
1 3600 618
8
549 517 59 62 539 469 464 567
1 3600 681
12
1565 1197 1198 729 537 469 464 894 571 572 255 250
1 3600 681
26
549 546 1197 1198 1266 673 670 1132 1264 53 50 775 247 244 458 683 684 383 331 332 343 344 349 352 370 1166
1 3600 681
22
546 1197 1198 1266 801 677 670 1132 1259 1262 1587 753 750 1614 747 742 1315 1316 1628 1523 403 396
1 3600 400
9
1197 1198 1266 673 670 1132 1264 753 748
1 3600 85
14
1565 1197 1198 1266 801 677 670 1132 1259 1262 1587 753 748 1626
1 3600 400
3
1266 801 798
1 3600 57
10
799 800 1267 1199 1196 547 517 59 62 1618
1 3600 523
7
729 537 469 464 891 888 293
1 3600 681
12
517 59 62 1563 535 469 464 567 551 263 264 271
1 3600 681
33
1619 539 469 73 70 1116 869 855 852 1328 1440 123 126 873 663 668 699 702 697 689 690 1571 1283 1051 1054 921 918 935 936 967 968 1074 1080
1 3600 681
35
1619 1563 535 469 73 70 1116 869 855 852 1328 1440 1486 1255 1256 1031 119 114 1323 323 326 649 650 656 690 1571 1087 909 910 1053 1054 921 918 935 936
1 3600 681
26
63 60 470 506 998 501 498 1119 1120 1427 141 136 490 843 840 1443 713 707 659 656 690 1571 1087 1088 907 912
1 3600 681
16
539 469 73 70 1116 869 855 852 1328 1440 123 126 873 663 668 699
1 3600 681
16
1563 535 469 73 70 1116 869 855 847 848 1191 821 816 1254 875 663
1 3600 681
15
60 470 502 501 477 478 520 1531 1431 141 136 490 1017 1014 1339
1 3600 681
16
470 506 998 501 498 1119 1120 1427 141 138 144 492 508 900 1009 1010
1 3600 681
11
539 469 464 894 885 882 149 150 897 579 561
1 3600 681
25
516 546 1197 1198 729 724 65 68 1225 717 714 1188 1183 37 42 29 26 48 443 446 437 438 613 608 1300
1 3600 681
30
1619 1563 535 536 724 65 66 959 956 1446 877 878 1389 1390 1397 1395 1392 1406 203 204 222 243 237 238 1090 737 734 227 224 213
1 3600 681
26
1619 539 469 73 70 1114 1229 867 862 845 848 1191 821 816 1256 1462 1473 1470 1483 1484 207 204 220 241 237 238
1 3600 681
10
1563 535 536 726 1219 1220 1215 1212 1187 1188
1 3600 567
12
515 59 60 470 502 501 477 478 520 1531 1431 1428
1 3600 618
11
60 470 506 998 501 498 1119 1120 1432 1531 1532
1 3600 681
13
59 60 470 502 501 477 480 482 143 146 152 156 173
1 3600 681
16
60 470 504 1116 869 855 852 1328 1440 123 124 119 116 1383 1381 1378
1 3600 681
26
58 516 546 1197 1198 729 724 1100 1220 1215 1212 783 786 1534 1609 1363 1358 1581 1369 393 394 303 308 1497 343 341
1 3600 681
24
470 506 998 501 498 1119 851 847 848 1191 1035 961 719 714 1188 1183 37 42 29 26 48 626 762 976
1 3600 681
13
58 516 546 1197 1198 1266 673 670 1132 1264 53 50 775
1 3600 523
11
61 58 516 546 1197 1198 729 726 675 670 1132
1 3600 94
3
535 536 724
1 3600 69
9
515 59 60 470 502 501 477 478 518
1 3600 147
6
539 469 464 567 568 572
1 3600 681
10
515 59 62 539 469 464 891 888 293 267
1 3600 681
16
62 1563 535 469 466 1425 1420 1137 949 950 1163 359 360 366 375 376
1 3600 681
24
58 516 546 1197 1198 1266 801 677 670 1132 1259 1262 759 760 1103 1106 1112 1253 1161 1157 1154 1137 949 950
1 3600 681
12
516 546 1197 1198 1266 673 670 1132 1264 753 750 1614
1 3600 567
16
515 516 546 1197 1198 729 726 675 670 1132 1259 1262 1587 753 748 1626
1 3600 73
4
515 516 546 1197
1 3600 200
3
59 62 1618
1 3600 47
7
539 469 464 891 888 293 294
1 3600 284
14
515 59 62 1563 535 469 464 567 551 263 264 271 268 280
1 3600 681
30
1561 535 469 73 74 856 1229 867 862 845 848 1191 821 814 1451 1448 1460 1470 1389 1390 133 130 1270 161 162 1292 1175 1178 1279 811
1 3600 681
23
893 890 894 885 882 149 150 495 492 510 904 843 840 711 707 659 660 833 834 647 605 15 12
1 3600 681
30
297 292 565 568 574 159 154 1438 581 577 578 827 513 508 898 1337 1338 1015 219 216 1027 1028 1204 1059 1060 921 922 941 927 928
1 3600 681
26
1561 1562 539 469 73 70 1116 869 855 852 1328 819 816 1256 1462 877 113 114 1323 323 326 649 650 656 686 836
1 3600 681
9
275 276 1418 1015 219 216 1410 1443 1444
1 3600 681
7
289 285 286 1414 1495 1019 1014
1 3600 681
12
297 292 565 568 574 159 154 1438 543 544 558 822
1 3600 681
9
297 267 253 189 184 177 174 99 95
1 3600 681
29
295 292 565 568 574 990 1003 143 144 492 508 898 1337 1338 1419 1416 1528 695 689 690 1571 1283 1051 1054 921 922 1206 1305 1303
1 3600 681
28
299 297 292 565 568 574 159 153 147 139 121 124 119 116 1383 1384 1395 1392 1406 203 204 222 243 237 238 739 734 227
1 3600 681
24
893 890 894 885 882 149 150 495 487 488 873 663 664 1321 323 324 1556 1269 1270 161 164 243 237 232
1 3600 681
17
297 292 565 568 570 485 482 143 139 121 124 119 116 1386 1390 133 130
1 3600 681
9
295 292 565 568 574 990 1003 1004 1327
1 3600 681
7
295 292 889 890 894 485 482
1 3600 681
15
275 276 1418 1339 1336 899 509 512 826 896 151 148 991 992 996
1 3600 681
11
1561 535 469 464 567 551 552 995 167 168 101
1 3600 681
17
289 285 286 1414 1539 1059 1060 921 922 1206 1305 1249 1246 317 310 351 346
1 3600 681
32
275 276 1416 1528 1453 693 689 690 1571 1283 1195 1057 1060 921 918 935 593 594 624 605 15 12 1332 563 441 442 626 762 976 307 304 318
1 3600 681
17
297 292 889 890 894 485 481 474 1122 871 865 860 1237 1223 1217 783 784
1 3600 681
15
893 890 894 885 882 1003 1004 1327 1191 1035 961 719 714 1186 1213
1 3600 309
10
289 283 269 270 265 262 550 566 465 466
1 3600 147
6
292 565 568 570 485 481
1 3600 71
5
893 888 565 551 554
1 3600 235
3
267 264 261
1 3600 681
14
295 292 889 890 465 466 1425 1420 1137 949 950 1163 359 362
1 3600 681
32
289 285 286 1414 1495 1025 1028 1204 1059 1060 921 922 941 587 588 596 636 9 10 737 35 25 22 788 1152 393 394 1330 1139 1134 1575 1521
1 3600 681
12
297 292 889 890 465 466 1425 1420 1155 1156 1158 1567
1 3600 681
13
893 890 465 468 536 726 675 670 1132 1264 753 748 1626
1 3600 681
28
275 276 1418 1015 219 216 1410 1443 1444 1458 1490 667 664 1365 115 118 1030 1464 1451 957 958 67 64 725 728 1199 1196 1564
1 3600 46
4
1561 1562 63 58
1 3600 212
7
289 283 269 270 265 266 294
1 3600 34
5
267 264 271 268 280
1 3600 681
25
279 276 1416 1528 695 689 690 1571 1087 909 910 1053 1054 921 918 935 593 596 638 681 423 426 769 770 1585
1 3600 681
13
282 285 286 1414 1539 1059 1060 921 918 935 936 973 429
1 3600 681
12
285 286 1414 1495 1025 1028 1202 693 689 690 1571 1283
1 3600 681
28
291 283 269 270 261 251 189 184 177 174 99 95 92 81 76 84 825 513 510 904 843 840 1443 1444 1458 705 700 1200
1 3600 681
8
285 286 1414 1495 1019 219 216 1410
1 3600 681
16
270 265 253 189 184 177 174 99 95 90 1404 89 86 1169 1170 1009
1 3600 681
15
301 297 267 253 189 184 177 174 541 544 558 822 79 76 84
1 3600 681
10
301 297 292 565 568 574 159 154 1438 543
1 3600 681
16
281 269 270 261 251 189 184 177 101 104 178 161 162 195 192 1298
1 3600 681
26
270 265 262 552 995 167 172 157 153 147 144 487 490 843 840 1443 713 707 659 660 833 834 647 605 15 10
1 3600 681
14
273 270 261 251 189 186 1466 177 101 104 178 161 164 243
1 3600 681
23
273 270 265 262 552 995 167 172 157 153 147 139 121 124 119 114 1323 323 324 129 130 1270 161
1 3600 681
12
279 276 1418 1015 219 214 838 874 1255 817 814 1451
1 3600 681
13
291 283 269 270 261 251 254 573 570 485 481 478 522
1 3600 681
10
283 269 270 265 262 552 995 993 990 149
1 3600 486
19
291 285 286 1414 1495 1025 1026 1410 711 708 1490 667 664 1365 115 116 1383 1381 1378
1 3600 681
14
301 297 292 889 890 465 466 1425 1420 1137 1138 383 331 332
1 3600 681
32
276 1416 1528 695 689 690 1571 1087 1088 907 910 1053 1054 921 922 941 927 930 591 588 594 622 9 10 737 35 25 22 788 1152 1366 645
1 3600 681
22
301 297 292 565 568 574 990 1003 1004 1327 1191 1035 961 719 716 1217 783 786 1503 1506 757 754
1 3600 681
21
276 1418 1015 219 216 1410 1443 1444 1458 1490 1023 1020 653 654 1269 1272 1622 1479 1476 1325 1261
1 3600 681
13
273 270 265 253 254 573 570 485 481 474 1122 871 865
1 3600 400
10
273 270 265 262 552 573 570 485 481 474
1 3600 128
7
291 283 269 270 261 251 254
1 3600 95
6
301 297 267 253 250 258
1 3600 681
9
270 265 262 550 566 465 466 1425 1422
1 3600 681
31
282 285 286 1414 1539 1059 1060 921 922 941 587 584 605 15 10 737 35 25 22 788 1152 1366 461 456 529 526 1154 1137 1134 1575 1521
1 3600 681
34
283 269 270 261 251 254 995 993 990 1003 1004 1328 819 814 1451 1448 721 714 1188 1183 779 733 5 6 1096 1606 1579 249 246 772 1402 1512 1526 1566
1 3600 681
13
284 283 269 270 265 262 550 566 465 468 536 726 675
1 3600 681
13
283 269 270 265 262 550 566 465 468 536 728 1199 1196
1 3600 340
12
269 270 265 262 550 566 465 468 534 1562 63 58
1 3600 82
8
269 270 265 262 550 564 889 892
1 3600 82
19
276 1418 1339 1281 1171 1168 87 77 82 576 580 1439 155 158 575 569 564 293 296
1 3600 126
17
276 1418 1339 1336 899 509 493 145 146 148 991 575 569 564 293 296 300
