336
1 3600 168
4
376 117 99 94
1 3600 206
7
12 98 114 176 182 213 211
1 3600 206
3
117 114 173
1 3600 206
11
14 290 185 186 239 242 625 203 204 601 598
1 3600 395
12
114 176 182 213 199 194 204 609 555 556 147 142
1 3600 910
17
96 290 185 186 239 244 225 222 215 201 204 609 297 167 155 152 300
1 3600 207
8
537 385 119 114 178 186 239 242
1 3600 207
5
95 96 290 185 181
1 3600 207
5
114 176 180 186 516
1 3600 207
5
293 290 185 186 516
1 3600 207
11
375 376 117 114 178 184 519 520 433 434 419
1 3600 175
15
17 12 98 114 173 174 395 392 415 410 381 109 106 249 246
1 3600 433
13
378 119 114 173 174 395 392 415 410 558 562 83 80
1 3600 910
13
534 375 376 117 114 173 174 395 392 415 410 133 130
1 3600 827
8
95 96 290 423 426 434 419 416
1 3600 569
17
114 173 174 395 392 531 233 230 360 613 616 337 325 305 59 56 70
1 3600 910
15
98 114 173 174 395 392 415 410 381 382 430 564 572 505 506
1 3600 910
9
378 119 114 173 174 395 392 531 528
1 3600 910
23
98 114 173 174 395 392 415 410 381 382 428 492 496 443 444 464 323 320 358 628 479 480 457
1 3600 910
28
95 96 290 185 179 173 174 395 392 415 410 558 405 406 568 499 493 494 219 27 30 450 513 508 371 349 352 398
1 3600 910
22
535 385 379 376 117 114 173 174 395 392 415 410 381 109 103 100 79 80 447 440 25 28
1 3600 910
12
98 114 173 174 395 392 531 233 230 362 560 193
1 3600 115
5
172 115 99 13 16
1 3600 115
5
539 117 99 96 292
1 3600 275
6
208 197 194 204 601 598
1 3600 109
12
229 227 213 199 194 204 609 555 552 603 123 124
1 3600 109
10
207 208 210 199 194 204 609 555 163 155
1 3600 910
24
105 102 108 380 411 414 393 394 175 172 176 182 213 199 194 204 601 602 605 587 33 36 142 150
1 3600 121
12
627 175 172 178 184 519 520 433 271 266 639 623
1 3600 162
7
395 392 415 410 381 109 103
1 3600 162
14
539 117 114 173 174 395 392 415 412 644 255 159 160 69
1 3600 135
9
387 105 102 108 380 133 126 236 347
1 3600 910
13
627 395 392 415 410 558 405 406 566 578 343 344 634
1 3600 910
25
174 395 392 415 410 381 382 430 564 572 505 506 467 464 583 584 588 307 308 221 55 56 39 42 540
1 3600 505
14
387 105 100 79 80 447 444 464 483 311 221 55 56 39
1 3600 650
5
395 392 531 233 234
1 3600 910
17
539 117 114 173 174 395 392 415 410 381 382 428 494 363 231 232 528
1 3600 910
31
208 197 198 212 183 177 173 174 395 392 415 410 558 405 406 566 576 443 444 462 470 616 337 334 357 358 628 479 461 458 474
1 3600 910
28
210 212 183 177 173 174 395 392 415 410 381 382 430 83 80 505 506 467 462 449 452 317 314 330 371 349 352 398
1 3600 910
20
207 208 197 198 212 183 177 173 174 395 392 531 528 47 50 491 139 134 510 596
1 3600 910
16
539 117 114 173 174 395 392 415 410 381 382 428 494 560 193 190
1 3600 413
15
296 608 205 202 624 243 238 187 184 291 97 98 118 384 536
1 3600 202
4
205 195 196 209
1 3600 202
3
168 327 328
1 3600 202
6
164 147 37 32 327 328
1 3600 154
4
146 557 552 603
1 3600 173
4
145 142 150 302
1 3600 173
8
120 168 33 36 146 165 166 294
1 3600 379
14
554 608 205 200 214 223 224 622 638 267 270 427 283 280
1 3600 171
7
148 154 162 554 608 205 200
1 3600 225
21
169 121 122 600 205 195 198 212 183 177 173 174 395 392 415 410 133 126 236 347 77
1 3600 225
13
296 608 205 202 624 243 238 187 179 173 174 395 392
1 3600 225
24
143 37 32 586 604 603 600 205 195 198 212 183 177 173 174 395 392 415 410 558 562 564 569 407
1 3600 225
23
169 121 122 600 205 200 214 223 224 245 238 187 179 173 174 395 392 415 410 381 382 430 564
1 3600 225
21
36 146 557 554 608 205 195 198 212 183 177 173 174 395 392 415 410 558 562 83 80
1 3600 284
28
165 162 554 608 205 202 624 243 238 187 179 173 174 395 392 415 410 558 405 408 571 568 499 496 577 578 545 546
1 3600 910
26
154 166 296 608 205 195 198 212 183 177 173 174 395 392 531 233 230 360 515 469 470 616 337 334 357 358
1 3600 569
36
557 554 608 205 200 214 223 224 622 625 269 270 432 521 518 185 181 177 173 174 395 392 415 410 381 382 428 492 496 443 444 464 583 584 588 307
1 3600 395
15
205 195 198 212 183 177 173 174 395 392 531 233 230 360 613
1 3600 910
18
32 586 604 603 600 205 202 624 243 238 187 179 173 174 395 392 531 528
1 3600 910
36
145 142 148 154 166 296 608 205 195 198 212 183 177 173 174 395 392 415 410 381 109 103 100 79 80 447 444 464 323 305 59 56 39 44 250 477
1 3600 910
35
608 205 200 214 223 224 245 238 187 179 173 174 395 392 415 410 381 382 430 564 572 505 506 467 445 440 469 449 452 317 314 332 334 355 352
1 3600 910
29
171 121 122 600 205 195 198 212 183 177 173 174 395 392 415 410 133 126 236 347 342 579 576 443 440 25 28 488 513
1 3600 910
15
205 202 624 243 238 187 179 173 174 395 392 531 528 47 48
1 3600 910
25
153 154 162 554 608 205 200 214 223 224 245 240 267 270 432 521 518 291 97 98 116 377 374 535 536
1 3600 758
10
151 143 146 557 554 608 205 195 196 209
1 3600 61
8
295 167 164 147 37 32 169 170
1 3600 395
5
301 153 154 166 294
1 3600 910
11
295 296 608 205 202 269 270 427 424 273 276
1 3600 910
31
151 143 146 165 162 552 603 600 205 195 198 212 183 177 173 174 395 392 415 410 558 405 406 568 572 447 444 464 583 487 484
1 3600 151
22
151 143 146 557 554 608 205 200 214 223 224 245 238 187 181 177 173 174 395 392 415 410
1 3600 151
23
153 149 143 37 32 586 604 603 600 205 195 198 212 183 177 173 174 395 392 415 410 133 130
1 3600 910
37
295 296 608 205 202 624 243 238 187 179 173 174 395 392 415 412 644 255 159 160 113 110 79 80 505 506 467 464 583 584 551 313 221 55 56 39 42
1 3600 910
29
301 153 154 162 554 608 205 195 198 212 183 177 173 174 395 392 415 410 381 382 428 492 496 443 444 464 583 584 590
1 3600 700
25
303 151 143 37 32 327 125 122 600 205 200 214 223 224 245 238 187 179 173 174 395 392 531 233 230
1 3600 910
28
153 154 166 296 608 205 195 198 212 183 177 173 174 395 392 415 410 381 382 430 564 499 493 494 560 574 51 46
1 3600 910
35
151 143 146 557 554 608 205 195 198 212 183 177 173 174 395 392 415 410 381 109 103 100 79 80 447 444 464 323 320 358 89 84 21 18 438
1 3600 910
38
151 143 146 165 166 296 608 205 202 624 638 267 270 427 422 185 179 173 174 395 392 415 410 558 405 406 566 576 443 444 462 449 450 141 134 508 371 372
1 3600 910
26
299 296 608 205 200 214 223 224 622 243 238 187 181 177 173 174 395 392 531 233 230 362 219 27 28 139
1 3600 910
20
301 153 154 162 552 603 600 205 195 198 212 183 177 173 174 395 392 531 528 47
1 3600 267
5
272 425 422 185 179
1 3600 267
17
259 262 65 66 79 82 563 559 411 414 393 394 175 172 115 116 377
1 3600 267
13
622 625 269 270 432 521 518 291 97 98 118 379 374
1 3600 267
5
282 422 291 15 16
1 3600 267
7
238 187 184 291 97 98 116
1 3600 185
10
279 274 282 422 185 181 182 213 211 209
1 3600 479
8
426 271 268 203 204 601 602 605
1 3600 910
9
244 225 222 215 201 204 609 297 298
1 3600 250
5
184 519 520 433 271
1 3600 250
5
631 425 426 271 266
1 3600 250
6
624 243 240 267 270 434
1 3600 289
12
281 282 422 185 179 173 174 395 392 415 412 644
1 3600 289
8
157 160 113 110 101 102 106 249
1 3600 289
16
245 238 187 181 177 173 174 395 392 415 410 558 562 83 78 111
1 3600 289
7
525 521 518 185 181 182 213
1 3600 289
7
279 272 425 422 185 181 182
1 3600 289
10
523 518 185 179 173 174 395 392 415 412
1 3600 289
14
432 521 518 185 179 173 174 395 392 415 410 381 109 106
1 3600 233
16
274 282 422 185 181 177 173 174 395 392 415 410 381 382 430 564
1 3600 910
11
157 160 69 66 79 82 431 383 380 133 130
1 3600 313
9
517 239 242 625 269 270 434 419 416
1 3600 313
32
338 418 435 432 521 518 185 179 173 174 395 392 415 410 381 109 103 100 79 80 505 506 467 464 483 311 221 55 56 39 44 250
1 3600 313
25
518 185 181 177 173 174 395 392 415 410 558 405 406 568 572 447 440 469 470 616 337 325 320 358 543
1 3600 313
4
270 434 419 420
1 3600 310
19
422 185 179 173 174 395 392 415 410 381 382 428 494 219 27 30 452 317 314
1 3600 310
21
277 272 425 422 185 181 177 173 174 395 392 415 410 381 382 430 83 80 505 506 610
1 3600 310
23
631 425 426 432 521 518 185 179 173 174 395 392 531 233 230 360 613 616 337 325 305 306 589
1 3600 364
16
266 241 238 187 181 177 173 174 395 392 531 233 230 362 560 574
1 3600 910
17
262 65 66 79 80 505 506 467 462 468 25 30 450 489 490 51 46
1 3600 758
35
435 432 521 518 185 179 173 174 395 392 415 410 133 126 236 347 77 72 576 443 444 464 583 584 588 307 59 56 39 42 540 477 461 458 472
1 3600 910
28
527 521 518 185 181 177 173 174 395 392 415 410 558 405 408 571 566 576 443 440 469 470 614 317 314 330 371 372
1 3600 910
23
279 274 282 422 185 179 173 174 395 392 415 410 381 382 428 494 560 574 491 488 513 510 596
1 3600 910
15
624 243 238 187 181 177 173 174 395 392 531 528 606 189 190
1 3600 171
10
413 414 393 394 175 172 115 99 96 292
1 3600 94
9
212 183 180 184 291 97 98 116 538
1 3600 162
8
199 194 204 609 555 556 147 144
1 3600 910
21
248 107 108 380 411 414 393 394 175 172 176 180 186 239 242 625 203 204 609 297 294
1 3600 126
14
247 248 107 108 380 411 414 393 394 175 172 178 184 519
1 3600 126
9
224 622 638 267 270 427 283 275 278
1 3600 126
7
183 180 184 519 520 433 434
1 3600 126
5
183 180 186 239 240
1 3600 178
19
223 224 245 238 187 179 173 174 395 392 415 410 381 109 103 100 67 68 113
1 3600 105
8
247 248 107 108 382 430 564 572
1 3600 105
17
224 245 238 187 181 177 173 174 395 392 415 410 558 405 406 568 499
1 3600 105
9
224 245 238 187 179 173 174 395 392
1 3600 758
20
224 622 243 238 187 181 177 173 174 395 392 415 410 133 126 236 347 342 545 548
1 3600 252
18
248 107 108 380 411 414 393 394 175 172 178 184 423 426 434 419 339 340
1 3600 104
20
224 245 238 187 179 173 174 395 392 415 410 558 562 83 80 447 444 464 583 584
1 3600 104
10
392 415 412 644 255 159 160 256 263 260
1 3600 123
8
110 79 80 505 506 467 462 449
1 3600 910
3
392 531 528
1 3600 910
17
645 413 410 381 382 428 492 496 443 444 464 323 320 358 89 86 502
1 3600 910
13
66 79 80 447 440 469 470 616 337 334 357 358 89
1 3600 910
16
68 113 110 79 80 505 506 467 462 468 25 28 139 134 508 595
1 3600 910
16
222 215 201 195 198 212 183 177 173 174 395 392 531 528 606 189
1 3600 535
13
79 82 563 559 411 414 393 394 175 172 115 99 13
1 3600 197
10
132 411 414 393 394 175 172 115 116 538
1 3600 159
16
411 414 393 394 175 172 176 182 213 199 194 204 609 555 163 155
1 3600 159
18
76 346 237 127 132 411 414 393 394 175 172 176 182 213 199 194 204 601
1 3600 159
19
493 429 383 380 411 414 393 394 175 172 176 182 213 199 194 204 609 297 167
1 3600 252
25
108 380 411 414 393 394 175 172 178 186 239 244 225 222 215 201 204 609 555 556 147 142 148 152 302
1 3600 216
14
407 404 559 411 414 393 394 175 172 178 184 423 424 273
1 3600 173
7
103 100 111 112 161 158 254
1 3600 173
7
568 565 431 383 380 411 412
1 3600 173
8
571 566 576 443 444 464 483 484
1 3600 173
6
381 382 430 83 78 67
1 3600 195
5
407 404 559 411 414
1 3600 195
3
562 564 499
1 3600 143
9
82 563 405 406 566 73 76 344 632
1 3600 143
9
406 568 499 496 577 73 76 344 634
1 3600 827
16
132 411 414 393 394 175 172 176 180 184 519 520 433 434 419 416
1 3600 108
10
126 236 347 77 72 576 443 444 464 323
1 3600 161
5
492 498 572 505 506
1 3600 161
7
568 499 493 494 363 231 232
1 3600 161
5
494 219 27 30 452
1 3600 161
8
76 342 579 576 497 493 494 560
1 3600 910
6
493 494 560 193 188 607
1 3600 910
20
562 564 572 447 444 464 583 487 311 221 55 56 39 44 250 541 542 628 479 461
1 3600 910
15
579 576 443 440 514 217 27 30 450 513 508 371 349 352 398
1 3600 700
12
406 568 572 447 444 462 449 450 141 134 510 596
1 3600 910
8
564 499 493 494 560 574 51 48
1 3600 910
13
391 237 127 132 411 414 393 394 175 172 115 99 96
1 3600 910
23
549 544 579 567 568 565 431 383 380 411 414 393 394 175 172 176 182 213 199 194 204 601 598
1 3600 206
22
129 132 411 414 393 394 175 172 178 186 239 242 625 203 204 601 123 124 326 33 36 144
1 3600 154
27
345 77 72 576 497 493 429 383 380 411 414 393 394 175 172 176 182 213 199 194 204 609 555 163 155 152 300
1 3600 910
19
547 544 579 567 570 409 404 559 411 414 393 394 175 172 178 184 423 283 280
1 3600 569
11
635 345 77 72 576 497 498 565 83 78 101
1 3600 176
8
547 544 579 567 407 404 562 83
1 3600 176
6
391 237 127 132 381 109
1 3600 176
9
635 345 342 579 576 497 498 565 563
1 3600 176
8
547 544 579 567 568 572 81 78
1 3600 379
4
75 76 342 545
1 3600 910
19
389 347 77 72 576 443 444 464 583 584 590 403 400 307 59 56 39 42 540
1 3600 607
12
389 347 77 72 576 443 440 469 470 616 319 314
1 3600 154
10
635 345 342 579 576 443 440 514 217 218
1 3600 535
14
635 345 77 72 576 443 444 462 468 514 361 231 232 528
1 3600 910
16
391 347 342 579 576 443 444 464 323 320 358 628 479 480 457 454
1 3600 910
15
633 345 77 72 576 443 444 462 470 616 337 334 357 358 89
1 3600 910
14
635 345 342 579 576 443 440 25 28 139 140 513 510 592
1 3600 910
8
131 132 381 382 428 494 560 193
1 3600 700
9
417 418 435 432 521 518 291 97 94
1 3600 910
22
541 43 38 57 58 304 324 336 617 612 361 231 232 530 393 394 175 172 176 182 226 228
1 3600 910
15
417 418 435 271 268 624 623 225 222 215 201 204 609 297 167
1 3600 910
13
421 418 435 271 268 203 204 609 555 556 147 142 150
1 3600 49
5
341 338 418 435 427
1 3600 211
10
359 321 322 465 466 507 504 81 78 67
1 3600 535
16
417 418 435 432 521 518 185 179 173 174 395 392 415 410 558 562
1 3600 910
19
421 418 435 432 521 518 185 181 177 173 174 395 392 415 410 133 126 236 390
1 3600 293
31
251 45 38 57 54 220 309 304 324 333 315 316 453 31 26 216 361 231 232 530 393 394 175 172 176 180 186 239 240 267 264
1 3600 91
7
43 38 57 58 306 401 402
1 3600 91
22
417 418 435 432 521 518 185 179 173 174 395 392 531 233 230 360 613 614 317 314 332 334
1 3600 364
13
542 359 356 335 336 617 471 463 445 442 580 621 618
1 3600 910
11
359 356 355 348 370 509 135 138 490 51 46
1 3600 133
35
265 266 241 238 187 181 177 173 174 395 392 415 410 381 109 103 100 79 80 505 506 467 464 483 311 221 55 56 39 44 250 477 461 458 474
1 3600 313
25
421 418 435 432 521 518 185 179 173 174 395 392 531 233 230 360 613 616 337 325 320 358 89 86 500
1 3600 910
17
265 266 241 238 187 181 177 173 174 395 392 531 528 47 50 491 488
1 3600 910
16
251 45 38 57 54 220 309 304 324 333 330 509 512 489 490 51
1 3600 650
18
53 58 304 324 336 617 612 361 231 232 530 393 394 175 172 115 99 96
1 3600 700
21
591 585 582 465 445 446 573 565 431 383 380 411 414 393 394 175 172 176 182 213 211
1 3600 650
19
611 507 504 81 82 563 559 411 414 393 394 175 172 176 182 213 199 194 204
1 3600 910
32
38 57 58 304 324 333 315 316 453 31 26 218 363 231 232 530 393 394 175 172 178 186 239 244 225 222 215 201 204 609 297 294
1 3600 183
19
306 589 585 582 465 445 442 497 493 429 383 380 411 414 393 394 175 172 178
1 3600 183
20
53 54 220 310 482 465 445 446 573 569 407 404 559 411 414 393 394 175 172 176
1 3600 184
17
57 54 220 312 550 585 582 465 466 507 504 81 78 101 102 106 249
1 3600 184
15
71 57 54 220 310 486 582 465 445 446 81 78 111 112 69
1 3600 184
14
400 307 304 324 336 617 471 468 514 361 231 232 530 393
1 3600 204
7
310 482 465 445 442 577 73
1 3600 204
4
65 66 79 80
1 3600 910
13
550 585 582 465 445 442 577 578 343 346 237 127 128
1 3600 193
20
257 161 158 254 645 413 414 393 394 175 172 178 184 519 520 433 434 419 339 340
1 3600 193
6
313 221 55 56 39 42
1 3600 193
8
332 325 305 59 56 39 44 250
1 3600 227
17
159 160 113 110 79 80 505 506 467 464 583 584 588 307 59 56 39
1 3600 227
12
336 617 471 468 441 446 81 78 67 64 263 260
1 3600 220
13
71 57 58 304 324 333 315 316 453 31 26 218 363
1 3600 220
5
400 307 304 324 336
1 3600 220
5
65 66 79 80 447
1 3600 220
12
113 110 79 80 447 440 25 28 490 575 193 188
1 3600 220
9
304 324 333 330 509 135 138 490 575
1 3600 220
5
589 585 582 465 466
1 3600 220
7
304 324 336 319 316 453 31
1 3600 910
14
220 309 304 320 356 355 348 370 509 512 489 490 51 46
1 3600 246
8
323 320 358 628 479 480 457 454
1 3600 182
6
582 323 320 356 355 350
1 3600 182
7
220 309 304 324 333 330 371
1 3600 216
7
588 307 304 324 333 330 595
1 3600 910
7
333 330 509 135 138 490 51
1 3600 910
15
576 497 493 429 383 380 411 414 393 394 175 172 115 99 96
1 3600 910
12
507 504 573 565 431 383 380 411 414 393 394 175
1 3600 455
21
567 407 404 559 411 414 393 394 175 172 176 182 213 199 194 204 601 602 553 163 164
1 3600 910
22
31 24 514 361 231 232 530 393 394 175 172 176 180 186 239 242 625 203 204 609 297 298
1 3600 337
15
620 581 497 493 429 383 380 411 414 393 394 175 172 178 186
1 3600 149
11
619 620 581 497 498 565 83 78 111 112 69
1 3600 198
6
233 230 360 515 441 446
1 3600 198
8
316 615 471 463 466 507 504 81
1 3600 198
12
617 612 217 218 495 492 498 569 570 409 404 562
1 3600 198
6
362 495 492 498 569 407
1 3600 198
3
442 577 73
1 3600 246
7
620 581 577 578 343 344 632
1 3600 535
10
464 583 487 311 221 55 56 39 42 542
1 3600 228
6
318 337 325 305 306 589
1 3600 228
15
233 230 362 219 27 30 452 317 314 332 325 305 306 401 402
1 3600 228
11
235 230 360 613 616 337 325 305 306 401 402
1 3600 228
8
318 337 334 357 358 543 540 251
1 3600 228
14
574 491 139 134 508 371 349 354 357 321 305 59 56 70
1 3600 228
12
360 515 469 470 616 337 325 305 308 221 55 52
1 3600 206
6
497 493 494 363 231 232
1 3600 206
6
620 581 497 493 494 560
1 3600 910
16
576 443 444 464 583 584 551 313 221 55 56 39 42 540 477 478
1 3600 222
8
467 462 449 450 513 508 371 349
1 3600 168
4
219 27 28 139
1 3600 168
6
467 462 449 450 141 136
1 3600 505
5
453 450 489 490 51
1 3600 910
9
529 530 393 394 175 172 115 99 94
1 3600 910
16
529 530 393 394 175 172 176 182 213 199 194 204 601 123 124 328
1 3600 910
16
529 530 393 394 175 172 176 182 213 199 194 204 609 555 556 147
1 3600 910
21
529 530 393 394 175 172 178 186 239 244 225 222 215 201 204 609 555 163 155 152 302
1 3600 910
11
529 530 393 394 175 172 176 180 186 239 242
1 3600 910
13
47 50 491 488 451 448 463 466 507 504 81 78 111
1 3600 267
8
606 189 192 561 495 492 498 569
1 3600 267
11
47 50 575 561 495 492 496 577 578 545 548
1 3600 910
13
529 530 393 394 175 172 178 184 519 520 433 271 264
1 3600 758
13
47 50 491 29 24 441 446 81 78 67 68 161 158
1 3600 82
7
47 50 491 139 140 451 452
1 3600 910
15
606 189 192 574 491 139 134 508 371 349 354 357 358 89 84
1 3600 910
9
47 50 491 488 513 508 371 349 350
1 3600 569
7
47 50 491 139 134 510 594
1 3600 535
3
606 189 190
1 3600 910
25
459 460 478 629 359 321 322 465 466 507 504 573 565 431 383 380 411 414 393 394 175 172 115 116 377
1 3600 910
31
478 629 359 321 322 465 445 446 573 569 407 404 559 411 414 393 394 175 172 176 182 213 199 194 204 601 602 605 587 327 328
1 3600 910
31
475 455 23 20 85 88 359 321 322 465 466 507 504 81 78 101 102 108 380 411 414 393 394 175 172 176 182 213 199 194 204
1 3600 910
33
476 541 43 38 57 54 220 310 482 465 445 442 497 493 429 383 380 411 414 393 394 175 172 178 186 239 242 625 203 204 609 297 298
1 3600 455
28
503 87 88 359 356 335 336 617 471 468 441 446 81 82 563 559 411 414 393 394 175 172 176 180 184 519 520 526
1 3600 910
26
481 478 629 359 321 322 465 445 442 577 567 407 404 559 411 414 393 394 175 172 178 186 239 244 225 222
1 3600 910
19
456 481 476 541 43 38 57 54 220 312 550 585 582 465 466 507 504 573 565
1 3600 910
15
20 85 88 359 356 335 336 617 471 463 445 442 577 73 74
1 3600 249
34
460 478 629 359 356 355 348 370 595 511 512 141 138 29 26 218 495 429 383 380 411 414 393 394 175 172 176 180 184 423 426 434 419 416
1 3600 249
37
22 456 481 476 251 45 38 57 58 306 589 585 582 465 445 446 81 78 101 102 108 380 411 414 393 394 175 172 178 184 519 520 433 434 419 339 340
1 3600 162
9
473 459 460 476 541 43 38 57 54
1 3600 569
15
503 87 88 359 356 355 348 370 509 135 138 490 575 193 188
1 3600 910
13
460 478 629 359 356 335 336 617 612 361 231 232 528
1 3600 364
3
479 480 457
1 3600 195
6
85 88 359 356 355 350
1 3600 195
10
18 438 481 478 629 359 356 355 352 396
1 3600 827
14
473 459 460 478 629 359 356 355 348 370 509 512 141 136
1 3600 910
17
476 251 45 38 57 58 304 324 333 315 316 453 31 28 490 51 48
1 3600 910
27
88 543 43 38 57 54 220 310 486 582 465 466 507 504 81 82 431 383 380 411 414 393 394 175 172 115 99
1 3600 910
15
501 87 88 359 356 335 336 617 612 361 231 232 530 393 394
1 3600 910
30
351 348 370 331 315 316 453 31 26 218 495 429 383 380 411 414 393 394 175 172 176 182 213 199 194 204 601 123 120 170
1 3600 910
31
88 359 321 322 465 445 442 577 567 570 409 404 559 411 414 393 394 175 172 176 182 213 199 194 204 609 555 556 147 142 150
1 3600 569
16
351 348 370 509 512 451 448 468 441 446 81 78 67 64 263 258
1 3600 758
24
501 87 88 543 43 38 57 58 306 589 585 582 465 466 507 504 81 78 111 112 161 158 254 645
1 3600 650
17
351 348 370 331 315 316 615 471 463 445 446 573 565 431 383 380 411
1 3600 910
15
348 370 595 511 135 138 29 24 441 442 577 578 343 346 388
1 3600 303
24
501 87 88 359 356 335 336 617 612 361 231 232 530 393 394 175 172 178 184 519 520 433 271 264
1 3600 125
4
351 348 370 331
1 3600 125
6
88 543 540 251 45 38
1 3600 149
9
354 335 336 617 471 463 445 442 577
1 3600 910
13
87 88 359 356 335 333 330 509 512 489 490 51 46
1 3600 102
9
397 353 354 357 358 628 479 461 458
1 3600 325
6
501 87 88 359 356 355
1 3600 90
9
88 359 356 335 333 315 316 453 450
1 3600 910
9
348 370 509 135 138 490 575 193 190
1 3600 910
18
512 489 29 26 218 495 429 383 380 411 414 393 394 175 172 115 99 13
1 3600 910
12
137 140 451 448 463 466 507 504 81 78 101 104
1 3600 910
26
331 315 316 615 612 361 231 232 530 393 394 175 172 176 182 213 199 194 204 601 602 605 171 168 33 34
1 3600 910
29
29 24 441 446 573 569 407 404 559 411 414 393 394 175 172 176 180 186 239 242 625 203 204 609 297 167 155 152 300
1 3600 910
24
137 140 451 448 468 441 442 577 578 343 346 237 127 132 411 414 393 394 175 172 178 184 519 520
1 3600 910
18
509 135 138 29 26 218 363 231 232 530 393 394 175 172 176 182 213 199
1 3600 479
5
451 448 463 466 507
1 3600 910
8
451 31 24 441 442 577 73 74
1 3600 910
9
331 332 325 305 59 56 39 44 250
1 3600 154
7
594 331 332 325 305 308 312
1 3600 115
4
138 29 26 218
1 3600 115
3
511 512 451
1 3600 910
4
489 490 51 46
1 3600 827
8
594 371 349 354 357 358 89 84
1 3600 91
9
140 513 508 371 349 354 357 358 89
1 3600 303
4
141 134 510 592
1 3600 202
5
137 138 490 51 48
1 3600 910
11
46 529 530 393 394 175 172 115 99 96 292
1 3600 910
16
191 192 561 495 429 383 380 411 414 393 394 175 172 176 182 226
1 3600 910
21
188 607 529 530 393 394 175 172 178 186 239 242 623 225 222 215 201 204 601 123 124
1 3600 910
25
191 192 561 495 492 498 565 431 383 380 411 414 393 394 175 172 176 182 213 199 194 204 609 297 294
1 3600 910
11
188 607 529 530 393 394 175 172 178 184 423
1 3600 910
19
191 192 561 495 429 383 380 411 414 393 394 175 172 176 180 186 239 244 225
1 3600 910
11
49 50 575 561 495 492 498 565 563 559 411
1 3600 910
12
49 50 575 561 495 492 496 577 578 343 344 634
1 3600 910
16
191 188 607 529 530 393 394 175 172 178 184 423 426 434 419 420
1 3600 910
15
49 50 575 561 219 216 515 441 446 81 78 67 68 161 158
1 3600 216
3
191 192 561
1 3600 758
3
191 188 607
1 3600 910
14
191 192 561 219 27 30 452 317 318 337 334 357 358 628
1 3600 910
9
191 192 574 491 488 513 508 371 349
1 3600 130
4
50 491 139 134
1 3600 910
4
191 188 607 47
