417
1 3600 319
4
883 884 908 773
1 3600 319
4
8 892 934 615
1 3600 319
7
679 674 81 82 938 1114 19
1 3600 319
10
223 17 20 613 614 935 893 653 648 682
1 3600 319
4
932 895 9 4
1 3600 334
4
661 109 104 899
1 3600 334
11
658 933 775 623 620 936 797 91 92 155 156
1 3600 334
6
1020 929 909 119 112 131
1 3600 334
8
935 931 927 909 885 880 125 128
1 3600 334
3
885 878 673
1 3600 334
7
888 931 775 117 112 131 127
1 3600 334
3
83 80 984
1 3600 334
3
83 80 675
1 3600 334
7
939 936 85 88 153 146 912
1 3600 334
7
619 622 772 928 107 104 899
1 3600 334
14
8 894 659 656 662 664 883 878 673 676 770 147 148 156
1 3600 334
7
1117 1115 939 83 78 88 153
1 3600 334
37
891 888 934 615 612 21 16 220 1037 637 634 640 91 92 975 972 281 282 765 762 1108 1095 859 197 194 218 790 443 440 450 456 464 466 471 474 484 486
1 3600 334
5
894 1020 107 104 899
1 3600 198
36
1110 627 21 16 220 1037 637 609 602 684 844 841 807 713 709 67 68 714 689 692 696 213 210 179 180 430 434 444 458 462 141 138 854 1051 557 550
1 3600 415
23
1115 939 83 80 911 147 150 1008 205 208 577 393 396 404 418 818 961 962 1077 1075 821 824 1046
1 3600 328
4
222 646 639 635
1 3600 328
9
19 16 220 1037 637 609 604 668 842
1 3600 328
9
630 1118 1039 637 609 606 698 846 848
1 3600 328
11
646 639 642 15 10 609 602 684 844 841 838
1 3600 328
16
888 934 615 612 21 16 220 1037 637 609 604 668 842 801 798 805
1 3600 328
4
617 620 936 797
1 3600 328
7
931 927 773 623 620 936 797
1 3600 328
16
658 933 775 623 616 611 612 21 16 220 1037 637 609 602 684 842
1 3600 328
7
679 674 984 89 86 90 13
1 3600 340
10
112 131 132 135 136 1004 1008 777 778 767
1 3600 340
18
4 683 680 661 109 110 885 880 924 992 151 148 156 285 282 35 36 920
1 3600 340
8
119 112 673 676 770 147 148 154
1 3600 340
15
1118 639 642 15 12 91 92 975 972 281 282 765 766 779 776
1 3600 340
16
620 936 85 86 92 969 915 769 313 307 308 695 271 191 77 74
1 3600 208
21
939 83 78 86 92 975 972 167 170 245 240 304 1006 215 210 224 410 450 456 464 466
1 3600 415
23
679 676 135 136 995 992 1008 205 206 203 200 217 218 790 443 438 448 1032 491 25 26 502 1030
1 3600 415
25
116 623 616 1110 1113 1114 19 16 220 1037 637 609 604 668 844 841 807 725 722 940 1060 49 52 427 401
1 3600 244
17
222 646 639 640 91 92 155 156 285 282 35 36 919 785 782 569 572
1 3600 415
32
893 653 650 656 662 664 899 896 924 994 1004 1008 777 39 36 920 1104 1132 237 73 76 190 270 694 309 241 242 314 351 339 325 328
1 3600 415
22
220 1037 637 609 606 698 801 798 805 713 710 729 365 355 358 343 340 391 383 375 372 187
1 3600 415
30
8 892 934 615 612 21 16 222 646 639 635 609 602 684 844 841 807 725 722 940 733 730 905 589 594 295 296 1127 877 873
1 3600 415
15
619 620 936 85 86 92 969 915 769 313 310 316 351 339 336
1 3600 415
23
626 1113 939 83 78 88 153 148 156 285 282 765 762 1108 1095 203 200 577 393 385 375 376 378
1 3600 100
4
81 82 621 618
1 3600 100
7
675 672 113 118 111 106 1021
1 3600 100
12
132 770 910 984 89 84 797 641 638 647 644 221
1 3600 100
9
993 925 897 898 105 108 657 651 652
1 3600 100
5
81 82 938 1112 1111
1 3600 104
5
994 913 147 152 89
1 3600 110
25
285 282 765 762 1107 1104 857 197 194 218 790 443 438 433 434 444 460 565 562 257 258 545 540 553 554
1 3600 110
26
131 127 128 136 1004 1008 205 208 577 578 790 443 440 450 454 458 464 468 1052 251 246 539 540 1089 1085 1080
1 3600 110
25
674 911 147 148 154 975 972 167 170 245 240 304 971 395 396 404 418 103 100 122 143 138 850 539 540
1 3600 110
30
150 1008 777 778 923 919 916 1097 1098 237 73 76 190 272 794 443 440 450 456 462 562 257 249 252 477 472 478 546 1083 1080
1 3600 415
27
285 282 765 762 1108 1135 857 197 194 218 579 393 394 387 388 371 366 173 174 524 948 954 507 504 1035 983 978
1 3600 98
17
113 116 623 616 1110 627 21 16 220 1037 637 609 604 668 842 846 848
1 3600 102
10
896 125 128 136 995 992 151 148 154 975
1 3600 102
9
132 770 147 148 156 285 282 765 762
1 3600 102
4
984 153 148 158
1 3600 67
21
128 136 1004 1008 777 39 36 919 785 782 691 692 696 792 215 210 179 182 452 1025 819
1 3600 346
23
148 154 969 915 769 313 307 304 971 395 396 406 277 274 808 513 518 1073 497 498 33 28 1077
1 3600 415
12
924 992 1008 205 206 859 75 76 192 691 601 598
1 3600 218
21
1008 777 778 923 920 1103 1097 781 782 691 688 715 716 721 718 861 864 59 54 737 740
1 3600 377
26
674 81 78 86 92 975 972 167 170 245 240 304 1006 793 213 210 179 180 430 434 446 1032 97 102 45 46
1 3600 415
11
1008 205 208 577 393 396 406 510 945 529 229
1 3600 415
25
285 282 35 36 919 785 786 239 73 76 190 270 694 965 299 302 365 362 586 754 295 292 1041 1015 875
1 3600 415
25
130 673 674 984 89 84 797 13 10 609 602 684 844 803 798 805 713 710 729 365 362 586 750 758 866
1 3600 415
17
147 148 156 285 282 765 762 1108 1095 203 200 577 393 385 375 376 378
1 3600 166
23
479 473 470 467 465 457 451 441 442 791 219 216 209 204 1009 1005 137 129 124 881 884 908 926
1 3600 111
27
482 475 476 259 256 563 463 459 445 435 431 417 405 397 392 576 201 202 1094 1109 763 764 283 284 157 149 146
1 3600 111
20
473 470 467 465 457 451 441 442 791 219 195 196 856 1105 921 37 38 776 1009 993
1 3600 111
27
546 1091 541 538 851 139 142 123 120 963 960 1024 453 183 178 211 214 1007 305 306 312 171 166 973 974 93 87
1 3600 111
30
555 556 1050 855 139 140 564 461 445 435 431 181 178 211 212 697 693 690 783 784 918 37 34 283 284 157 149 146 771 133
1 3600 101
3
1090 547 479
1 3600 70
17
475 476 253 250 853 139 144 1074 1076 29 30 25 22 424 989 981 978
1 3600 346
22
544 259 256 469 465 459 445 435 432 439 442 795 273 270 693 688 701 704 708 712 804 812
1 3600 80
15
538 247 250 1053 563 463 457 451 411 409 397 392 576 209 204
1 3600 116
12
473 470 255 256 563 564 261 262 826 123 101 102
1 3600 116
14
485 475 470 467 465 459 455 451 441 442 791 219 195 198
1 3600 116
3
1088 541 538
1 3600 116
10
1049 825 820 1074 1076 963 960 819 45 40
1 3600 92
19
483 478 546 1091 553 556 1050 823 820 1074 1076 29 32 499 496 953 950 957 958
1 3600 415
35
1087 1088 541 538 851 139 142 123 120 29 32 499 496 1067 947 525 175 172 373 374 382 390 341 342 359 354 360 741 736 55 58 865 749 413 399
1 3600 296
17
1091 541 544 253 248 254 467 465 459 445 435 431 181 178 211 212 697
1 3600 296
24
553 556 1050 855 139 142 1070 1076 29 32 493 25 26 506 956 1003 189 186 367 327 324 338 347 340
1 3600 415
18
1084 1088 541 544 253 250 1053 563 564 461 455 451 411 409 406 508 536 945
1 3600 415
31
1082 547 479 473 470 467 465 457 454 445 435 431 417 405 397 394 970 305 241 242 314 301 302 726 734 738 591 592 289 286 292
1 3600 415
25
482 475 476 259 256 563 564 261 262 826 123 101 102 45 46 566 517 512 533 523 175 172 367 327 319
1 3600 415
21
1087 1088 553 554 558 1047 825 820 1074 1076 963 99 102 419 405 397 385 380 1019 233 234
1 3600 415
36
1047 825 820 145 142 123 101 96 1033 449 439 442 791 788 273 270 693 688 701 71 66 708 710 723 724 806 840 845 685 603 608 636 1036 221 17 18
1 3600 377
19
1047 825 822 855 139 140 463 457 451 441 442 791 219 195 196 858 207 204 1009
1 3600 42
4
559 555 552 541
1 3600 415
13
1047 825 820 1074 1076 29 30 25 22 422 987 981 978
1 3600 415
28
1048 1050 1058 851 852 1053 469 465 459 455 451 411 225 211 214 1007 305 308 965 703 704 708 712 804 799 800 843 669
1 3600 415
21
991 986 503 506 955 952 1072 519 514 1136 809 275 276 407 397 392 576 201 199 196 856
1 3600 106
8
979 980 988 425 23 24 490 1033
1 3600 61
6
825 820 1074 1076 963 817
1 3600 415
26
979 982 1034 505 506 956 1003 189 186 373 374 382 390 341 342 359 354 360 731 732 65 61 56 51 52 415
1 3600 415
15
991 986 503 27 24 492 500 816 960 1024 453 183 178 211 214
1 3600 415
16
1047 1048 1050 855 139 142 123 101 102 419 405 397 394 387 390 341
1 3600 415
8
979 982 1034 505 506 955 950 1003
1 3600 415
16
979 982 1031 503 506 955 949 525 175 172 367 327 324 336 582 586
1 3600 415
16
979 980 986 1030 1034 505 506 956 1003 189 186 367 327 324 331 332
1 3600 415
18
825 822 1058 247 250 1053 563 463 457 451 411 409 397 385 380 1019 233 234
1 3600 157
10
608 636 1036 221 17 20 613 614 935 889
1 3600 157
12
806 840 845 669 605 608 636 1036 221 17 18 1115
1 3600 157
14
671 605 608 11 12 796 937 621 622 774 932 659 654 681
1 3600 157
15
671 666 603 608 636 1036 221 17 20 613 614 935 889 7 2
1 3600 157
8
845 685 603 608 634 638 647 223
1 3600 101
24
807 725 722 711 709 705 700 689 692 271 272 794 443 438 433 434 444 458 464 466 471 472 480 488
1 3600 377
30
667 668 844 841 811 805 713 709 67 70 702 964 695 696 792 215 210 179 182 452 1025 961 962 121 122 143 138 854 1051 557
1 3600 415
25
1038 639 640 91 92 969 915 769 313 310 316 351 335 330 325 326 366 187 188 1002 957 507 502 987 990
1 3600 98
7
669 605 608 636 1038 1119 1120
1 3600 147
14
849 813 805 725 722 711 709 705 700 689 690 193 77 74
1 3600 147
7
642 15 12 91 92 155 158
1 3600 147
10
839 807 713 709 67 68 714 689 690 783
1 3600 147
14
799 800 699 607 608 11 14 643 640 91 92 975 967 915
1 3600 147
17
807 725 722 729 303 298 964 695 271 191 77 72 236 1133 1134 1109 763
1 3600 147
13
802 845 685 603 608 11 12 91 92 975 972 167 170
1 3600 147
14
605 608 634 640 796 85 88 153 148 156 285 282 35 36
1 3600 154
22
642 15 12 91 92 975 972 281 282 765 766 923 920 1104 857 197 194 218 790 443 440 450
1 3600 415
23
844 803 798 805 713 710 940 733 730 361 355 356 337 325 326 366 173 174 524 948 954 507 27
1 3600 88
12
671 668 844 841 807 725 722 940 1060 49 52 437
1 3600 118
13
637 609 604 666 684 844 841 807 725 722 940 1060 737
1 3600 296
12
12 91 92 969 915 769 245 240 304 971 395 396
1 3600 415
19
801 798 805 713 710 729 365 355 358 343 340 391 383 375 372 187 188 1002 951
1 3600 415
21
14 643 640 91 92 969 915 769 313 310 316 301 302 726 730 905 589 594 295 296 1128
1 3600 415
13
671 668 844 841 807 725 722 729 365 362 586 750 760
1 3600 415
22
608 636 1036 221 17 18 1115 939 83 80 911 912 1004 1008 205 208 577 393 385 375 376 378
1 3600 132
14
767 764 283 284 157 149 146 771 677 672 879 882 105 106
1 3600 132
12
764 283 280 973 974 93 90 641 638 647 223 17
1 3600 117
9
1096 917 918 922 779 776 1009 1005 995
1 3600 117
17
1102 1104 857 197 194 218 790 443 440 450 456 464 466 471 474 484 486
1 3600 117
8
236 1133 1105 921 37 34 283 284
1 3600 90
18
1134 1095 203 200 217 218 790 443 438 433 434 444 460 565 562 1052 251 252
1 3600 415
22
170 245 240 304 1006 793 213 210 179 180 430 432 448 1032 97 98 962 1077 1075 821 824 1046
1 3600 117
13
39 34 283 280 973 974 93 90 641 635 609 602 684
1 3600 117
9
90 13 10 609 604 668 842 846 848
1 3600 117
14
787 780 1096 1102 1106 763 764 283 280 973 974 93 87 84
1 3600 117
13
767 764 283 284 157 154 93 90 641 635 609 604 670
1 3600 117
12
768 914 968 93 90 13 10 609 606 698 801 798
1 3600 70
3
1132 237 73
1 3600 130
12
914 966 972 281 282 765 762 1108 1095 203 200 577
1 3600 130
17
915 769 313 307 304 971 395 396 408 410 450 454 458 462 141 138 850
1 3600 130
13
778 923 920 1104 857 197 194 218 790 443 438 433 434
1 3600 130
3
1095 207 208
1 3600 130
8
245 240 308 695 271 272 789 219
1 3600 130
14
923 919 916 1097 1098 237 73 76 190 272 794 443 438 433
1 3600 130
7
782 691 692 696 792 215 210
1 3600 130
15
786 239 73 74 858 203 200 577 393 396 404 418 103 100 122
1 3600 189
14
36 920 1104 857 197 194 218 790 443 438 448 1032 491 25
1 3600 189
15
766 923 919 785 782 691 688 715 716 721 718 861 749 413 399
1 3600 138
4
785 782 569 570
1 3600 138
14
36 919 916 1097 1098 237 73 76 190 270 694 965 299 302
1 3600 138
14
237 73 76 192 691 688 715 716 721 718 942 1057 59 54
1 3600 138
7
782 193 190 270 694 309 306
1 3600 138
7
923 920 1103 1097 781 782 691
1 3600 138
9
73 76 192 691 688 701 71 66 706
1 3600 71
8
779 776 205 208 577 393 394 387
1 3600 346
16
780 1098 1133 857 197 194 218 579 393 396 406 508 279 274 531 534
1 3600 415
15
169 170 245 242 314 301 302 365 362 584 998 869 295 296 1127
1 3600 415
11
776 205 208 577 393 394 387 388 371 368 1000
1 3600 415
11
762 1108 1095 203 200 577 393 385 375 376 378
1 3600 218
25
564 461 445 435 431 181 178 211 212 792 1007 305 241 244 768 914 968 93 87 79 82 938 1114 19 16
1 3600 169
15
430 432 439 442 791 579 576 201 202 1094 1109 763 764 283 284
1 3600 169
11
791 219 216 209 204 1009 1005 137 129 126 130
1 3600 180
10
263 260 565 562 257 258 545 540 1090 547
1 3600 180
17
208 217 218 790 443 440 450 456 464 468 1052 251 246 1059 1051 557 554
1 3600 180
13
43 44 103 100 122 143 138 850 539 540 1090 547 548
1 3600 180
10
179 180 430 434 444 458 464 466 471 474
1 3600 180
14
578 790 443 440 450 454 460 565 562 257 258 477 472 482
1 3600 218
13
790 443 438 448 1032 97 98 962 1077 1075 821 824 1046
1 3600 189
25
96 1033 449 439 442 795 273 270 693 688 715 69 66 708 710 723 724 806 840 845 685 603 608 636 1036
1 3600 177
17
44 419 416 181 178 211 214 1007 305 306 312 171 166 973 974 93 94
1 3600 177
10
201 202 1094 1109 763 764 283 284 157 158
1 3600 177
19
463 459 455 451 441 442 791 219 195 196 856 1105 921 37 34 283 284 157 158
1 3600 177
18
43 44 103 96 1033 449 439 442 795 273 191 77 72 238 787 784 918 37
1 3600 177
6
576 209 206 1094 1109 763
1 3600 177
11
442 791 219 195 196 856 1105 921 37 34 283
1 3600 177
13
260 461 455 451 441 442 791 219 195 196 75 72 236
1 3600 177
15
463 459 445 435 431 417 405 397 392 576 201 202 1094 1135 1105
1 3600 177
16
123 120 963 960 1024 453 183 178 211 212 697 271 191 77 72 238
1 3600 177
13
465 457 451 441 442 795 273 191 192 783 784 918 37
1 3600 168
7
198 200 577 393 396 404 418
1 3600 168
6
411 409 397 392 576 201
1 3600 168
5
851 139 142 123 101
1 3600 186
7
563 564 261 262 826 1070 1076
1 3600 186
8
446 1032 491 25 26 504 1035 983
1 3600 186
5
139 142 123 120 963
1 3600 186
19
859 75 76 190 270 696 213 210 179 182 452 1124 495 496 953 954 507 502 423
1 3600 186
8
446 1032 97 98 817 501 499 494
1 3600 186
4
815 501 33 28
1 3600 186
12
1053 563 564 261 262 826 1070 1076 29 32 499 494
1 3600 186
3
44 818 961
1 3600 186
6
433 431 417 420 452 1124
1 3600 415
20
263 260 461 445 435 431 181 178 211 214 793 697 693 601 598 863 749 413 399 402
1 3600 150
6
419 416 181 178 211 212
1 3600 150
6
218 788 273 270 694 309
1 3600 150
20
144 1074 1076 963 960 1024 453 421 405 397 394 970 305 308 965 703 71 68 716 721
1 3600 171
5
457 451 411 409 406
1 3600 171
15
853 139 142 123 120 29 32 499 496 1067 947 525 175 172 373
1 3600 171
11
417 405 406 510 945 529 526 185 186 367 327
1 3600 171
26
1053 563 564 261 262 826 123 101 102 45 46 566 517 518 1069 947 525 175 172 373 374 382 390 341 344 329
1 3600 171
10
470 467 465 459 455 451 411 409 397 385
1 3600 171
4
418 45 46 566
1 3600 173
12
224 409 406 277 274 531 523 520 996 227 228 526
1 3600 173
15
255 249 246 1059 823 820 1074 1076 29 32 499 496 953 950 1027
1 3600 415
15
217 218 788 273 270 693 601 598 745 746 593 594 755 750 758
1 3600 415
7
575 393 394 387 388 371 368
1 3600 415
14
123 120 29 32 499 496 953 950 1003 189 186 373 376 378
1 3600 415
27
505 506 955 949 525 175 172 367 370 389 390 341 346 350 315 243 244 768 914 968 93 90 641 638 1119 631 632
1 3600 346
15
23 24 490 1033 449 439 442 791 219 216 209 204 1009 151 152
1 3600 96
5
1051 557 552 1089 1085
1 3600 109
11
505 27 24 31 28 1077 1075 821 824 1046 1100
1 3600 415
17
505 506 956 1003 189 186 367 327 324 336 582 363 364 728 723 724 804
1 3600 173
24
422 503 506 955 949 946 1068 519 512 809 275 278 509 407 408 225 211 214 1007 305 306 312 171 168
1 3600 175
8
423 23 24 31 28 121 122 143
1 3600 175
8
423 23 24 490 1033 447 444 458
1 3600 175
9
498 500 816 99 96 1033 447 444 455
1 3600 175
8
24 492 500 816 960 1024 453 183
1 3600 175
6
1024 453 421 416 430 432
1 3600 175
14
981 982 1034 505 506 956 951 952 1072 519 516 567 47 42
1 3600 175
4
822 1058 247 248
1 3600 175
10
122 827 263 260 565 562 1052 251 252 477
1 3600 175
6
28 1077 1071 827 263 260
1 3600 175
4
960 819 45 40
1 3600 180
7
963 99 102 45 46 566 517
1 3600 180
8
518 1073 497 498 33 28 1077 1075
1 3600 415
19
963 960 1024 453 183 178 211 212 697 693 688 715 716 721 718 861 749 413 399
1 3600 208
22
1131 505 506 955 949 525 175 172 373 374 382 390 341 342 359 354 360 731 732 65 62 1064
1 3600 156
12
145 140 463 459 445 435 431 417 405 397 385 380
1 3600 156
16
496 1067 947 525 175 176 228 269 264 185 186 373 374 382 390 341
1 3600 173
12
1076 29 32 499 496 953 950 1003 189 184 527 528
1 3600 173
11
960 819 45 46 566 517 514 1136 533 523 520
1 3600 173
8
120 29 30 25 26 506 956 1027
1 3600 173
4
956 1003 903 900
1 3600 415
17
503 506 955 949 525 175 172 367 327 324 336 582 584 998 869 295 287
1 3600 415
11
816 99 102 419 405 397 394 387 388 371 368
1 3600 415
10
25 26 506 956 1003 189 186 373 376 378
1 3600 377
26
436 53 48 737 735 727 303 300 315 243 244 768 914 968 155 149 152 985 675 672 879 882 665 663 660 655
1 3600 415
15
398 412 748 862 599 600 690 783 784 918 37 38 776 1009 151
1 3600 415
15
597 600 692 696 213 210 224 410 450 456 462 562 257 258 545
1 3600 415
28
745 746 289 286 294 868 753 587 583 337 325 326 366 173 174 524 946 1066 497 498 33 28 1077 1075 821 824 1046 1100
1 3600 59
8
597 600 688 701 704 708 712 806
1 3600 112
10
398 412 748 860 719 720 717 714 689 690
1 3600 346
18
412 748 860 719 720 717 69 70 702 964 309 304 1006 215 210 179 180 430
1 3600 415
21
426 53 48 737 740 361 355 358 343 340 391 383 375 372 187 188 1002 957 507 27 24
1 3600 296
7
401 398 412 748 862 599 596
1 3600 45
3
426 53 50
1 3600 45
4
863 864 59 54
1 3600 259
11
436 53 50 57 60 64 733 730 361 355 358
1 3600 415
18
436 53 48 737 738 591 594 868 999 585 583 337 325 326 366 173 176 226
1 3600 230
14
414 53 48 737 740 905 589 594 295 292 1062 1043 1015 1010
1 3600 415
15
400 426 53 48 1061 733 727 303 300 351 339 325 326 368 231
1 3600 415
17
746 289 286 294 755 587 583 337 325 328 345 340 391 383 375 376 378
1 3600 277
24
748 864 1056 63 64 941 711 712 804 799 800 699 607 608 636 1036 221 17 20 626 1111 617 622 774
1 3600 296
14
727 303 300 317 311 312 171 166 973 974 155 149 152 985
1 3600 377
22
705 702 964 309 304 971 395 396 404 420 452 1025 961 962 121 122 143 138 854 1051 557 554
1 3600 415
22
907 904 361 355 358 343 340 391 383 375 372 173 174 524 948 954 507 504 1035 1031 987 990
1 3600 230
9
307 241 244 171 166 973 974 93 90
1 3600 230
11
720 717 69 66 708 710 723 724 806 840 845
1 3600 230
7
314 301 302 728 711 712 804
1 3600 239
23
65 62 943 719 720 717 714 689 690 193 77 72 236 1099 1096 1102 1106 763 764 283 284 157 158
1 3600 239
13
588 904 731 727 303 300 317 311 312 768 914 968 93
1 3600 239
5
191 77 72 236 1099
1 3600 239
9
1006 793 697 271 191 77 72 236 1133
1 3600 239
12
358 343 346 350 315 243 244 768 914 966 974 93
1 3600 239
12
57 58 1056 943 719 720 717 714 689 690 193 77
1 3600 239
15
48 1061 941 711 709 67 70 700 689 690 783 780 1098 1133 1134
1 3600 239
10
941 711 709 705 700 689 690 783 784 918
1 3600 239
11
69 70 702 964 309 306 312 171 166 973 974
1 3600 213
17
57 58 865 862 599 600 692 696 792 215 210 179 182 452 1025 961 99
1 3600 213
7
794 443 438 448 1032 97 102
1 3600 213
18
702 964 309 304 971 395 396 406 508 279 274 808 1137 515 516 567 47 40
1 3600 213
20
589 594 868 999 585 583 337 338 347 340 391 383 384 396 408 410 450 456 462 141
1 3600 259
20
1056 63 64 733 730 361 355 356 337 325 326 366 187 188 1002 957 507 502 1030 983
1 3600 220
12
50 57 60 62 943 719 720 717 714 689 601 596
1 3600 220
7
710 940 1060 49 52 437 429
1 3600 220
6
710 940 1060 49 52 415
1 3600 220
7
708 710 729 726 734 738 742
1 3600 236
11
71 68 716 721 718 942 1057 59 54 737 738
1 3600 236
7
298 703 700 689 690 569 570
1 3600 236
7
69 66 708 710 729 365 362
1 3600 236
9
860 719 720 717 714 689 692 271 272
1 3600 236
9
571 568 691 688 715 716 721 718 861
1 3600 239
12
240 304 971 395 396 406 277 274 808 513 516 1092
1 3600 239
7
702 299 300 351 347 344 348
1 3600 239
5
789 579 393 385 382
1 3600 239
6
64 733 730 361 355 358
1 3600 239
9
583 357 358 343 340 391 383 384 396
1 3600 239
8
907 904 361 355 358 343 340 391
1 3600 239
12
64 941 711 709 705 700 689 692 696 213 210 224
1 3600 239
10
304 1006 215 210 179 180 417 418 45 46
1 3600 239
5
242 314 351 347 342
1 3600 239
17
48 737 735 727 303 300 351 339 325 326 366 187 184 527 528 944 537
1 3600 239
9
905 589 594 868 753 587 583 337 338
1 3600 239
5
696 792 1007 971 387
1 3600 239
13
1006 215 210 224 409 406 508 536 535 532 1137 515 516
1 3600 239
14
717 714 689 692 696 213 210 224 409 406 277 274 808 1137
1 3600 189
10
300 351 339 325 326 366 173 174 524 948
1 3600 218
3
998 869 295
1 3600 218
7
310 316 301 302 365 362 586
1 3600 218
9
571 568 691 601 598 745 746 289 290
1 3600 218
7
53 48 737 738 591 592 1054
1 3600 159
7
730 905 589 594 755 750 760
1 3600 415
11
730 361 355 358 343 340 391 383 375 376 378
1 3600 415
16
373 374 384 392 576 209 204 1009 993 994 913 910 81 82 621 618
1 3600 415
16
349 345 346 350 315 243 244 768 914 968 155 149 150 993 925 897
1 3600 346
17
1018 381 384 396 408 410 450 454 458 464 466 471 472 478 546 1083 1084
1 3600 415
17
386 395 396 404 416 430 434 444 460 565 141 138 854 823 824 1046 1100
1 3600 319
11
336 357 354 364 728 723 724 804 812 847 699
1 3600 71
7
407 397 392 576 201 199 196
1 3600 130
9
372 173 174 524 946 1066 497 494 1125
1 3600 130
7
340 391 386 395 396 404 420
1 3600 130
7
407 404 418 103 100 122 827
1 3600 130
12
329 326 366 187 188 1002 951 952 497 494 1125 453
1 3600 130
6
395 396 408 410 450 454
1 3600 83
7
173 174 524 946 1066 497 498
1 3600 415
12
382 390 341 342 359 354 360 741 736 49 52 427
1 3600 132
15
233 230 369 327 324 336 582 586 752 869 595 590 739 736 55
1 3600 132
7
509 407 397 394 970 305 308
1 3600 132
5
340 391 386 970 1006
1 3600 132
10
408 225 211 214 1007 305 308 965 703 704
1 3600 132
19
517 512 809 275 276 407 408 225 211 212 697 694 965 299 302 726 730 905 589
1 3600 132
8
394 970 305 308 965 703 704 708
1 3600 132
9
275 278 509 407 397 394 970 305 308
1 3600 132
13
323 318 324 331 334 350 301 298 703 71 68 716 721
1 3600 132
13
509 407 408 225 211 214 793 697 693 601 598 745 743
1 3600 73
15
1018 381 375 372 187 184 265 268 528 944 535 532 513 516 567
1 3600 127
4
536 945 529 229
1 3600 127
5
808 1137 515 518 1073
1 3600 127
8
325 326 366 187 188 1002 951 952
1 3600 127
7
381 375 372 173 176 228 269
1 3600 127
4
377 372 173 174
1 3600 148
22
1093 517 514 1136 533 523 175 172 367 327 324 336 582 586 754 295 296 1128 1043 1015 1012 871
1 3600 77
8
409 397 385 382 390 341 346 335
1 3600 415
5
1018 381 375 376 378
1 3600 415
28
997 521 522 534 511 407 404 416 430 432 439 442 791 219 195 198 202 207 204 1009 1005 913 910 81 82 938 1114 1116
1 3600 415
27
1026 951 952 497 494 1125 453 421 416 430 432 439 442 791 219 195 196 856 1105 921 922 779 776 1009 1005 137 129
1 3600 415
19
527 229 177 174 524 946 1066 497 498 33 28 1077 1071 143 138 850 539 540 1089
1 3600 415
13
1002 951 952 497 498 33 28 1077 1075 821 824 1046 1100
1 3600 415
20
227 228 526 185 186 367 370 389 390 341 342 359 354 364 728 723 724 806 840 845
1 3600 296
14
527 528 944 511 407 397 392 576 201 202 1094 1135 1132 1099
1 3600 138
10
944 537 509 407 408 410 450 456 464 466
1 3600 138
5
530 275 276 407 404
1 3600 161
5
1026 951 952 497 494
1 3600 161
6
953 954 507 504 1035 1031
1 3600 161
11
521 522 532 513 516 567 47 44 818 961 962
1 3600 161
10
1002 957 507 27 24 31 28 1077 1075 821
1 3600 415
16
189 186 367 327 328 345 342 359 354 360 741 736 49 52 437 403
1 3600 138
8
229 177 172 373 374 382 386 970
1 3600 155
6
268 229 177 172 373 374
1 3600 155
6
172 367 327 319 322 348
1 3600 155
10
185 186 367 370 389 390 341 342 359 352
1 3600 155
6
903 267 268 528 944 537
1 3600 155
13
497 494 1125 453 183 178 211 214 1007 305 306 310 316
1 3600 155
6
1067 947 525 175 172 367
1 3600 155
7
529 526 185 186 373 374 380
1 3600 106
4
947 525 520 996
1 3600 415
24
1072 519 516 567 47 44 103 96 1033 449 439 442 795 273 270 694 965 299 302 365 362 584 998 869
1 3600 208
10
530 275 276 407 397 385 380 1019 233 230
1 3600 319
9
996 227 228 526 185 186 373 376 378
1 3600 415
23
1014 1040 293 294 595 588 904 731 732 941 711 712 804 799 800 843 669 605 608 636 1036 221 17
1 3600 415
22
876 1126 297 287 288 747 744 599 600 690 783 784 918 922 767 764 283 284 157 149 152 985
1 3600 415
26
1129 297 294 868 999 585 363 364 303 298 964 695 271 272 794 443 440 450 454 458 464 466 471 474 483 480
1 3600 415
28
757 751 587 363 364 303 298 964 695 271 272 789 790 443 438 433 434 444 458 464 468 1052 853 854 1051 1049 1046 1100
1 3600 415
13
293 294 595 590 739 735 732 941 723 724 806 840 845
1 3600 377
12
291 288 593 588 904 731 727 303 300 317 311 312
1 3600 415
12
293 287 288 747 744 599 600 692 271 272 794 443
1 3600 415
17
1126 297 294 868 753 587 583 337 325 326 366 187 188 1002 957 507 27
1 3600 259
16
870 1013 1014 1042 1129 297 294 595 590 739 736 55 58 865 749 413
1 3600 225
11
1045 1042 1063 293 294 755 587 363 364 303 298
1 3600 225
8
1055 747 744 599 600 692 696 792
1 3600 225
7
294 595 588 904 741 736 55
1 3600 225
10
1014 1040 293 294 868 999 585 363 364 303
1 3600 225
9
581 337 338 350 317 311 307 304 1006
1 3600 225
10
293 294 595 588 904 731 727 303 300 315
1 3600 225
6
297 287 288 593 588 904
1 3600 202
16
1055 747 744 863 860 719 720 717 714 689 692 696 213 210 224 409
1 3600 202
6
759 751 587 583 357 352
1 3600 415
9
755 587 583 337 325 326 366 187 188
1 3600 208
4
286 292 1041 1044
1 3600 201
10
297 294 868 999 585 583 337 325 319 320
1 3600 201
9
1014 1042 1129 297 294 868 753 587 583
1 3600 201
8
872 876 1126 297 294 755 750 760
1 3600 415
11
587 363 355 358 343 340 391 383 375 376 378
1 3600 415
19
333 334 350 315 243 244 171 166 973 974 93 87 84 937 938 1114 19 16 222
1 3600 415
18
231 232 1018 381 384 392 576 209 206 1094 1109 763 764 283 284 157 149 152
1 3600 415
16
357 358 343 340 391 383 384 396 408 410 450 456 464 466 471 472
1 3600 415
26
761 751 587 363 364 303 298 964 309 304 1006 215 210 179 182 452 1025 961 817 501 493 25 22 424 989 990
1 3600 415
11
867 759 751 587 363 364 728 711 712 806 840
1 3600 415
14
334 350 317 311 307 308 695 271 191 77 74 858 207 204
1 3600 346
15
330 325 328 345 340 391 386 395 396 404 416 430 434 444 458
1 3600 415
23
761 751 587 363 364 728 711 709 67 70 700 689 692 271 272 789 790 443 438 448 1032 97 98
1 3600 415
13
321 322 345 342 359 354 360 741 736 55 58 865 862
1 3600 83
4
582 586 754 595
1 3600 95
8
321 318 326 370 389 383 375 376
1 3600 95
7
337 338 347 340 391 383 384
1 3600 143
9
330 325 326 366 173 174 524 946 1068
1 3600 60
5
330 336 582 586 752
1 3600 277
5
867 759 751 587 583
1 3600 277
6
232 1018 381 375 376 378
1 3600 415
27
235 232 1018 381 384 392 576 209 204 1009 993 994 137 134 133 130 113 116 623 616 611 612 21 16 220 645 629
1 3600 415
20
379 377 374 384 396 404 416 430 434 444 460 565 562 1052 251 252 477 474 484 488
1 3600 415
15
379 377 374 384 396 404 418 103 100 122 143 138 854 1051 557
1 3600 415
16
379 377 372 173 174 524 946 1066 497 498 33 28 1077 1075 821 824
1 3600 415
16
379 377 374 382 386 970 305 306 312 768 914 968 93 90 13 14
1 3600 415
12
379 377 374 384 392 578 219 195 196 856 1105 1103
1 3600 415
6
379 377 374 384 392 576
1 3600 415
13
379 377 372 187 188 1002 951 954 507 502 1030 983 976
1 3600 415
15
379 377 374 382 390 341 342 359 354 360 741 736 49 52 437
1 3600 415
10
235 230 369 327 324 336 357 354 360 741
1 3600 208
6
235 230 369 327 324 338
1 3600 115
10
235 230 369 366 173 174 524 948 950 1027
1 3600 415
11
379 377 374 382 390 341 342 359 356 582 586
1 3600 138
6
235 230 369 327 324 331
1 3600 415
7
235 232 1018 381 375 376 378
