241
26.88807 112.62192 1 0
26.888027 112.622986 2 0
26.916212 112.57648 3 1
26.915262 112.57632 4 0
26.916454 112.57774 5 1
26.908155 112.58251 6 1
26.911049 112.57456 7 1
26.910254 112.57594 8 0
26.910114 112.57592 9 0
26.909878 112.57408 10 1
26.911446 112.574486 11 1
26.910555 112.57451 12 0
26.909494 112.578316 13 1
26.908875 112.58025 14 1
26.905704 112.61564 15 0
26.905972 112.615295 16 0
26.906824 112.61404 17 1
26.9088 112.62036 18 0
26.908894 112.62031 19 0
26.884823 112.55833 20 0
26.884314 112.544205 21 1
26.884327 112.538155 22 1
26.887627 112.538185 23 1
26.880262 112.544174 24 1
26.880249 112.5472 25 1
26.908611 112.58712 26 1
26.907616 112.584206 27 1
26.901014 112.57285 28 0
26.885468 112.58516 29 1
26.885315 112.58425 30 1
26.89119 112.587845 31 1
26.906048 112.60319 32 1
26.902304 112.595085 33 1
26.902308 112.5949 34 1
26.902431 112.58693 35 1
26.927513 112.57333 36 0
26.925606 112.580605 37 0
26.925972 112.56681 38 0
26.917492 112.55239 39 1
26.924011 112.622795 40 0
26.926418 112.620705 41 1
26.927235 112.62 42 0
26.917435 112.538734 43 0
26.875658 112.612015 44 0
26.875504 112.611946 45 0
26.905893 112.606804 46 1
26.893126 112.60918 47 1
26.897867 112.60825 48 1
26.91844 112.610504 49 0
26.927393 112.622765 50 0
26.902449 112.58547 51 0
26.896887 112.59264 52 0
26.901459 112.6139 53 0
26.902374 112.618355 54 0
26.905542 112.60497 55 1
26.897732 112.605675 56 1
26.919062 112.584206 57 1
26.9011 112.54732 58 1
26.901047 112.56324 59 1
26.901083 112.5498 60 1
26.89666 112.54982 61 1
26.87887 112.547195 62 0
26.911026 112.596115 63 1
26.910725 112.60494 64 1
26.92539 112.56743 65 0
26.925493 112.56728 66 0
26.892113 112.54425 67 1
26.88759 112.54423 68 1
26.901096 112.5443 69 1
26.906494 112.54738 70 1
26.925348 112.58713 71 1
26.918869 112.587 72 1
26.926441 112.58178 73 0
26.926514 112.58078 74 0
26.891968 112.571106 75 1
26.922386 112.53772 76 0
26.876305 112.600395 77 0
26.879686 112.57177 78 1
26.879782 112.57159 79 1
26.905516 112.57292 80 1
26.92137 112.61258 81 1
26.875988 112.61618 82 0
26.895733 112.62303 83 0
26.875954 112.61614 84 0
26.890339 112.62199 85 0
26.884306 112.54724 86 1
26.901049 112.56304 87 1
26.90296 112.54981 88 0
26.901123 112.54155 89 1
26.905518 112.57266 90 1
26.90557 112.558044 91 1
26.88752 112.558304 92 1
26.901054 112.55809 93 1
26.886513 112.568344 94 0
26.88749 112.56837 95 1
26.90554 112.56809 96 1
26.901012 112.56815 97 1
26.888836 112.616714 98 1
26.89162 112.62167 99 0
26.887589 112.547264 100 1
26.891983 112.56829 101 1
26.892042 112.55823 102 1
26.892096 112.547264 103 1
26.875181 112.56862 104 0
26.915863 112.59373 105 0
26.876251 112.553444 106 0
26.876165 112.553276 107 0
26.922295 112.540886 108 0
26.911774 112.60557 109 0
26.926971 112.59535 110 0
26.887554 112.617932 111 1
26.8890285 112.619431 112 1
26.8883302 112.6121485 113 1
26.8851785 112.61265 114 1
26.8883452 112.6114608 115 0
26.923201 112.571615 116 1
26.905567 112.563075 117 1
26.914967 112.5826 118 1
26.9160692 112.575875 119 1
26.915268 112.576088 120 1
26.9170295 112.57592 121 1
26.9157254 112.5769426 122 1
26.915579 112.580655 123 1
26.907514 112.5840767 124 1
26.9106084 112.5755143 125 1
26.9099977 112.5752796 126 0
26.9107722 112.573033 127 1
26.911409 112.5732832 128 1
26.910124 112.5739425 129 1
26.9109487 112.5727113 130 0
26.911296 112.572715 131 0
26.9067755 112.60093 132 1
26.9069953 112.5948392 133 1
26.9143025 112.5630325 134 1
26.9128203 112.5674738 135 1
26.907975 112.6177448 136 1
26.9055448 112.553003 137 1
26.896777 112.5414798 138 1
26.887607 112.54141 139 1
26.884293 112.5532725 140 1
26.8843205 112.541398 141 1
26.896596 112.54728 142 1
26.896601 112.54428 143 1
26.9135465 112.587055 144 1
26.9069552 112.5871363 145 1
26.886876 112.591671 146 1
26.8938215 112.587235 147 1
26.8844507 112.609055 148 1
26.8999875 112.603735 149 1
26.900027 112.60546 150 1
26.9003763 112.6098753 151 1
26.8964427 112.5866667 152 1
26.9119295 112.5909393 153 1
26.8856982 112.5839183 154 1
26.8894 112.582283 155 1
26.8855705 112.5846575 156 1
26.8931225 112.581713 157 0
26.884645 112.578378 158 1
26.891981 112.5729875 159 0
26.896492 112.5732717 160 0
26.892008 112.56327 161 1
26.88753 112.5633275 162 1
26.8824408 112.563356 163 1
26.8965762 112.5631231 164 1
26.896547 112.55818 165 1
26.892181 112.553205 166 1
26.896591 112.5531325 167 1
26.892113 112.541442 168 1
26.8757665 112.558426 169 0
26.880278 112.558365 170 1
26.8851822 112.5847775 171 1
26.878029 112.57445 172 1
26.8747545 112.5763075 173 0
26.891763 112.597925 174 1
26.903324 112.607131 175 1
26.9059817 112.609015 176 1
26.9026758 112.6009265 177 1
26.9026873 112.6035265 178 1
26.9027488 112.6053175 179 1
26.9257135 112.572625 180 0
26.918268 112.5967768 181 1
26.926388 112.5461046 182 1
26.9182194 112.5495178 183 1
26.9074165 112.5415373 184 1
26.9270505 112.5951925 185 0
26.926679 112.6086911 186 1
26.927294 112.604727 187 0
26.922588 112.60778 188 1
26.923523 112.614545 189 1
26.9270294 112.617317 190 0
26.9254255 112.5957 191 0
26.9162596 112.6031087 192 1
26.906972 112.544305 193 0
26.9060755 112.54987 194 1
26.9209515 112.540308 195 1
26.875309 112.56841 196 0
26.9103385 112.606947 197 1
26.90029 112.6077662 198 1
26.8964395 112.608555 199 1
26.8889595 112.599395 200 1
26.898305 112.610258 201 1
26.897792 112.6040517 202 1
26.8974772 112.602446 203 1
26.8905285 112.598615 204 1
26.9031092 112.609506 205 1
26.9149486 112.5973422 206 1
26.8964725 112.5914526 207 0
26.8966305 112.5919025 208 0
26.8963155 112.60489 209 1
26.8997558 112.6012887 210 1
26.9022295 112.6169113 211 1
26.9102817 112.595814 212 1
26.9142075 112.584999 213 1
26.901066 112.553075 214 1
26.8779604 112.5413211 215 0
26.893578 112.622975 216 0
26.8954585 112.621615 217 1
26.9071861 112.6030425 218 1
26.910763 112.60304 219 1
26.9234693 112.5554 220 1
26.917323 112.5530725 221 1
26.917432 112.55275 222 1
26.9158095 112.5579475 223 1
26.9218425 112.560485 224 0
26.9203735 112.565321 225 1
26.8857367 112.6172033 226 0
26.8963533 112.568235 227 1
26.8869798 112.6002873 228 1
26.887552 112.553235 229 1
26.893507 112.611435 230 1
26.898331 112.5956728 231 1
26.8928805 112.606365 232 1
26.8873288 112.608107 233 1
26.925339 112.59538 234 1
26.8909829 112.6207369 235 1
26.9129575 112.62244 236 0
26.8942405 112.61589 237 1
26.892211 112.61644 238 0
26.880274 112.5413725 239 1
26.9189465 112.5699005 240 1
26.9135902 112.6096637 241 0
346
60 58 275.78558161292017 16.67 3 3 2 3
1 0 0 0 1 0 0 0 1
1 0 0 0 1 0 0 0 1
60 214 364.1897504838114 16.67 3 3 4 5
1 0 0 0 1 0 0 0 1
1 0 0 0 1 0 0 0 1
60 61 438.6280327167635 16.67 3 3 6 7
1 0 0 0 1 0 0 0 1
1 0 0 0 1 0 0 0 1
61 142 282.52383949287605 16.67 3 3 8 9
1 0 0 0 1 0 0 0 1
1 0 0 0 1 0 0 0 1
61 167 368.4194697066357 16.67 3 3 10 11
1 0 0 0 1 0 0 0 1
1 0 0 0 1 0 0 0 1
80 90 28.913144530984777 16.67 3 3 12 13
1 0 0 0 1 0 0 0 1
1 0 0 0 1 0 0 0 1
80 10 451.3804141760997 16.67 3 3 14 15
1 0 0 0 1 0 0 0 1
1 0 0 0 1 0 0 0 1
80 78 2564.6128353128624 16.67 3 3 16 17
1 0 0 0 1 0 0 0 1
1 0 0 0 1 0 0 0 1
98 238 336.11396181654084 16.67 3 3 18 19
1 0 0 0 1 0 0 0 1
1 0 0 0 1 0 0 0 1
98 226 312.16489624586075 16.67 3 3 20 21
1 0 0 0 1 0 0 0 1
1 0 0 0 1 0 0 0 1
98 235 495.4428640088132 16.67 3 3 22 23
1 0 0 0 1 0 0 0 1
1 0 0 0 1 0 0 0 1
46 197 441.1216212171372 16.67 3 3 24 25
1 0 0 0 1 0 0 0 1
1 0 0 0 1 0 0 0 1
46 175 257.33520024318443 16.67 3 3 26 27
1 0 0 0 1 0 0 0 1
1 0 0 0 1 0 0 0 1
46 55 206.89294351502917 16.67 3 3 28 29
1 0 0 0 1 0 0 0 1
1 0 0 0 1 0 0 0 1
46 176 246.02443383757333 16.67 3 3 30 31
1 0 0 0 1 0 0 0 1
1 0 0 0 1 0 0 0 1
59 97 546.0118002785493 16.67 3 3 32 33
1 0 0 0 1 0 0 0 1
1 0 0 0 1 0 0 0 1
59 117 448.61726083714507 16.67 3 3 34 35
1 0 0 0 1 0 0 0 1
1 0 0 0 1 0 0 0 1
59 164 443.5533240920692 16.67 3 3 36 37
1 0 0 0 1 0 0 0 1
1 0 0 0 1 0 0 0 1
59 87 22.2412415138366 16.67 3 3 38 39
1 0 0 0 1 0 0 0 1
1 0 0 0 1 0 0 0 1
86 25 402.4110500590655 16.67 3 3 40 41
1 0 0 0 1 0 0 0 1
1 0 0 0 1 0 0 0 1
86 21 337.49835259715775 16.67 3 3 42 43
1 0 0 0 1 0 0 0 1
1 0 0 0 1 0 0 0 1
86 100 325.6295634225433 16.67 3 3 44 45
1 0 0 0 1 0 0 0 1
1 0 0 0 1 0 0 0 1
86 140 670.8260119197625 16.67 3 3 46 47
1 0 0 0 1 0 0 0 1
1 0 0 0 1 0 0 0 1
39 183 327.43602798869995 16.67 3 3 48 49
1 0 0 0 1 0 0 0 1
1 0 0 0 1 0 0 0 1
39 195 1386.6379827124636 16.67 3 3 50 51
1 0 0 0 1 0 0 0 1
1 0 0 0 1 0 0 0 1
39 222 40.472287232801406 16.67 3 3 52 53
1 0 0 0 1 0 0 0 1
1 0 0 0 1 0 0 0 1
78 79 22.16576774183879 16.67 3 3 54 55
1 0 0 0 1 0 0 0 1
1 0 0 0 1 0 0 0 1
78 104 567.7719244220702 16.67 3 3 56 57
1 0 0 0 1 0 0 0 1
1 0 0 0 1 0 0 0 1
78 172 340.3357454201706 16.67 3 3 58 59
1 0 0 0 1 0 0 0 1
1 0 0 0 1 0 0 0 1
26 144 489.4670063007869 16.67 3 3 60 61
1 0 0 0 1 0 0 0 1
1 0 0 0 1 0 0 0 1
26 145 164.20230418218725 16.67 3 3 62 63
1 0 0 0 1 0 0 0 1
1 0 0 0 1 0 0 0 1
26 153 537.2777694977522 16.67 3 3 64 65
1 0 0 0 1 0 0 0 1
1 0 0 0 1 0 0 0 1
26 27 338.7303066697814 16.67 3 3 66 67
1 0 0 0 1 0 0 0 1
1 0 0 0 1 0 0 0 1
79 90 2555.4540139017718 16.67 3 3 68 69
1 0 0 0 1 0 0 0 1
1 0 0 0 1 0 0 0 1
79 196 567.3503706662373 16.67 3 3 70 71
1 0 0 0 1 0 0 0 1
1 0 0 0 1 0 0 0 1
17 136 427.4986831001976 16.67 3 3 72 73
1 0 0 0 1 0 0 0 1
1 0 0 0 1 0 0 0 1
17 218 1223.4686643280932 16.67 3 3 74 75
1 0 0 0 1 0 0 0 1
1 0 0 0 1 0 0 0 1
17 211 556.3504846686145 16.67 3 3 76 77
1 0 0 0 1 0 0 0 1
1 0 0 0 1 0 0 0 1
33 231 399.37756112583025 16.67 3 3 78 79
1 0 0 0 1 0 0 0 1
1 0 0 0 1 0 0 0 1
33 177 650.6307739533796 16.67 3 3 80 81
1 0 0 0 1 0 0 0 1
1 0 0 0 1 0 0 0 1
33 133 466.0265499899953 16.67 3 3 82 83
1 0 0 0 1 0 0 0 1
1 0 0 0 1 0 0 0 1
33 34 20.57615425297007 16.67 3 3 84 85
1 0 0 0 1 0 0 0 1
1 0 0 0 1 0 0 0 1
34 231 403.6431215848537 16.67 3 3 86 87
1 0 0 0 1 0 0 0 1
1 0 0 0 1 0 0 0 1
34 35 886.3621647944418 16.67 3 3 88 89
1 0 0 0 1 0 0 0 1
1 0 0 0 1 0 0 0 1
34 133 464.8767619752965 16.67 3 3 90 91
1 0 0 0 1 0 0 0 1
1 0 0 0 1 0 0 0 1
27 145 332.3777571620599 16.67 3 3 92 93
1 0 0 0 1 0 0 0 1
1 0 0 0 1 0 0 0 1
27 6 196.02566170044136 16.67 3 3 94 95
1 0 0 0 1 0 0 0 1
1 0 0 0 1 0 0 0 1
35 145 449.23902899500945 16.67 3 3 96 97
1 0 0 0 1 0 0 0 1
1 0 0 0 1 0 0 0 1
35 51 162.3644196367288 16.67 3 3 98 99
1 0 0 0 1 0 0 0 1
1 0 0 0 1 0 0 0 1
35 152 594.5651727381951 16.67 3 3 100 101
1 0 0 0 1 0 0 0 1
1 0 0 0 1 0 0 0 1
41 42 112.72770551154706 16.67 3 3 102 103
1 0 0 0 1 0 0 0 1
1 0 0 0 1 0 0 0 1
41 189 742.7075077335877 16.67 3 3 104 105
1 0 0 0 1 0 0 0 1
1 0 0 0 1 0 0 0 1
41 50 248.6368716843514 16.67 3 3 106 107
1 0 0 0 1 0 0 0 1
1 0 0 0 1 0 0 0 1
71 73 604.718757816666 16.67 3 3 108 109
1 0 0 0 1 0 0 0 1
1 0 0 0 1 0 0 0 1
71 72 642.5374172200824 16.67 3 3 110 111
1 0 0 0 1 0 0 0 1
1 0 0 0 1 0 0 0 1
71 234 917.415166716217 16.67 3 3 112 113
1 0 0 0 1 0 0 0 1
1 0 0 0 1 0 0 0 1
72 213 512.9744916555192 16.67 3 3 114 115
1 0 0 0 1 0 0 0 1
1 0 0 0 1 0 0 0 1
72 144 527.7767683781905 16.67 3 3 116 117
1 0 0 0 1 0 0 0 1
1 0 0 0 1 0 0 0 1
95 94 96.94243433981161 16.67 3 3 118 119
1 0 0 0 1 0 0 0 1
1 0 0 0 1 0 0 0 1
95 75 538.3478852779258 16.67 3 3 120 121
1 0 0 0 1 0 0 0 1
1 0 0 0 1 0 0 0 1
95 162 560.7490387629666 16.67 3 3 122 123
1 0 0 0 1 0 0 0 1
1 0 0 0 1 0 0 0 1
95 101 445.706599986439 16.67 3 3 124 125
1 0 0 0 1 0 0 0 1
1 0 0 0 1 0 0 0 1
96 135 725.192692164295 16.67 3 3 126 127
1 0 0 0 1 0 0 0 1
1 0 0 0 1 0 0 0 1
96 90 508.19684378069417 16.67 3 3 128 129
1 0 0 0 1 0 0 0 1
1 0 0 0 1 0 0 0 1
96 97 449.0669351837095 16.67 3 3 130 131
1 0 0 0 1 0 0 0 1
1 0 0 0 1 0 0 0 1
96 117 557.6833829880052 16.67 3 3 132 133
1 0 0 0 1 0 0 0 1
1 0 0 0 1 0 0 0 1
97 227 462.0933888207012 16.67 3 3 134 135
1 0 0 0 1 0 0 0 1
1 0 0 0 1 0 0 0 1
97 28 522.6484308389885 16.67 3 3 136 137
1 0 0 0 1 0 0 0 1
1 0 0 0 1 0 0 0 1
100 229 663.9960035232324 16.67 3 3 138 139
1 0 0 0 1 0 0 0 1
1 0 0 0 1 0 0 0 1
100 103 447.00594405461413 16.67 3 3 140 141
1 0 0 0 1 0 0 0 1
1 0 0 0 1 0 0 0 1
100 68 337.3862326601876 16.67 3 3 142 143
1 0 0 0 1 0 0 0 1
1 0 0 0 1 0 0 0 1
91 137 560.5737721395177 16.67 3 3 144 145
1 0 0 0 1 0 0 0 1
1 0 0 0 1 0 0 0 1
91 223 1015.4524842948056 16.67 3 3 146 147
1 0 0 0 1 0 0 0 1
1 0 0 0 1 0 0 0 1
91 117 559.4562633992393 16.67 3 3 148 149
1 0 0 0 1 0 0 0 1
1 0 0 0 1 0 0 0 1
91 93 447.85648554542394 16.67 3 3 150 151
1 0 0 0 1 0 0 0 1
1 0 0 0 1 0 0 0 1
67 143 445.11619613761354 16.67 3 3 152 153
1 0 0 0 1 0 0 0 1
1 0 0 0 1 0 0 0 1
67 168 312.2546144943504 16.67 3 3 154 155
1 0 0 0 1 0 0 0 1
1 0 0 0 1 0 0 0 1
67 103 335.166422960787 16.67 3 3 156 157
1 0 0 0 1 0 0 0 1
1 0 0 0 1 0 0 0 1
67 68 448.5803818890592 16.67 3 3 158 159
1 0 0 0 1 0 0 0 1
1 0 0 0 1 0 0 0 1
68 21 324.9267943366808 16.67 3 3 160 161
1 0 0 0 1 0 0 0 1
1 0 0 0 1 0 0 0 1
68 139 313.5935686062275 16.67 3 3 162 163
1 0 0 0 1 0 0 0 1
1 0 0 0 1 0 0 0 1
69 58 335.82962735158645 16.67 3 3 164 165
1 0 0 0 1 0 0 0 1
1 0 0 0 1 0 0 0 1
69 193 582.714461964422 16.67 3 3 166 167
1 0 0 0 1 0 0 0 1
1 0 0 0 1 0 0 0 1
69 89 305.8166326670176 16.67 3 3 168 169
1 0 0 0 1 0 0 0 1
1 0 0 0 1 0 0 0 1
69 143 445.7680250223816 16.67 3 3 170 171
1 0 0 0 1 0 0 0 1
1 0 0 0 1 0 0 0 1
70 58 534.9310130568698 16.67 3 3 172 173
1 0 0 0 1 0 0 0 1
1 0 0 0 1 0 0 0 1
70 193 345.2151589643649 16.67 3 3 174 175
1 0 0 0 1 0 0 0 1
1 0 0 0 1 0 0 0 1
70 194 279.9851429835662 16.67 3 3 176 177
1 0 0 0 1 0 0 0 1
1 0 0 0 1 0 0 0 1
92 102 448.56940908177944 16.67 3 3 178 179
1 0 0 0 1 0 0 0 1
1 0 0 0 1 0 0 0 1
92 229 563.6907869552894 16.67 3 3 180 181
1 0 0 0 1 0 0 0 1
1 0 0 0 1 0 0 0 1
92 162 558.6230513554245 16.67 3 3 182 183
1 0 0 0 1 0 0 0 1
1 0 0 0 1 0 0 0 1
92 20 267.50525610111686 16.67 3 3 184 185
1 0 0 0 1 0 0 0 1
1 0 0 0 1 0 0 0 1
93 214 557.6782254181336 16.67 3 3 186 187
1 0 0 0 1 0 0 0 1
1 0 0 0 1 0 0 0 1
93 87 550.4490629793139 16.67 3 3 188 189
1 0 0 0 1 0 0 0 1
1 0 0 0 1 0 0 0 1
93 165 447.064702581979 16.67 3 3 190 191
1 0 0 0 1 0 0 0 1
1 0 0 0 1 0 0 0 1
111 1 446.41589277025065 16.67 3 3 192 193
1 0 0 0 1 0 0 0 1
1 0 0 0 1 0 0 0 1
111 112 221.7490171799803 16.67 3 3 194 195
1 0 0 0 1 0 0 0 1
1 0 0 0 1 0 0 0 1
111 233 1092.7858258826457 16.67 3 3 196 197
1 0 0 0 1 0 0 0 1
1 0 0 0 1 0 0 0 1
112 113 812.7830452140539 16.67 3 3 198 199
1 0 0 0 1 0 0 0 1
1 0 0 0 1 0 0 0 1
112 235 242.19960263220972 16.67 3 3 200 201
1 0 0 0 1 0 0 0 1
1 0 0 0 1 0 0 0 1
113 230 519.5279395408935 16.67 3 3 202 203
1 0 0 0 1 0 0 0 1
1 0 0 0 1 0 0 0 1
113 115 76.48793735062549 16.67 3 3 204 205
1 0 0 0 1 0 0 0 1
1 0 0 0 1 0 0 0 1
113 114 317.5204738371201 16.67 3 3 206 207
1 0 0 0 1 0 0 0 1
1 0 0 0 1 0 0 0 1
114 148 406.23523373952867 16.67 3 3 208 209
1 0 0 0 1 0 0 0 1
1 0 0 0 1 0 0 0 1
114 84 993.8185844219086 16.67 3 3 210 211
1 0 0 0 1 0 0 0 1
1 0 0 0 1 0 0 0 1
29 171 51.11468491358213 16.67 3 3 212 213
1 0 0 0 1 0 0 0 1
1 0 0 0 1 0 0 0 1
29 30 102.32510345904052 16.67 3 3 214 215
1 0 0 0 1 0 0 0 1
1 0 0 0 1 0 0 0 1
29 228 1688.8522729414387 16.67 3 3 216 217
1 0 0 0 1 0 0 0 1
1 0 0 0 1 0 0 0 1
116 57 1459.043156481296 16.67 3 3 218 219
1 0 0 0 1 0 0 0 1
1 0 0 0 1 0 0 0 1
116 206 2975.615914888037 16.67 3 3 220 221
1 0 0 0 1 0 0 0 1
1 0 0 0 1 0 0 0 1
116 38 600.8211090961518 16.67 3 3 222 223
1 0 0 0 1 0 0 0 1
1 0 0 0 1 0 0 0 1
116 240 462.91458478753174 16.67 3 3 224 225
1 0 0 0 1 0 0 0 1
1 0 0 0 1 0 0 0 1
117 134 866.2651592347256 16.67 3 3 226 227
1 0 0 0 1 0 0 0 1
1 0 0 0 1 0 0 0 1
58 142 446.677125500892 16.67 3 3 228 229
1 0 0 0 1 0 0 0 1
1 0 0 0 1 0 0 0 1
30 171 60.11952883113226 16.67 3 3 230 231
1 0 0 0 1 0 0 0 1
1 0 0 0 1 0 0 0 1
30 163 2340.87276672215 16.67 3 3 232 233
1 0 0 0 1 0 0 0 1
1 0 0 0 1 0 0 0 1
118 123 224.63922088483162 16.67 3 3 234 235
1 0 0 0 1 0 0 0 1
1 0 0 0 1 0 0 0 1
118 213 277.19913265160875 16.67 3 3 236 237
1 0 0 0 1 0 0 0 1
1 0 0 0 1 0 0 0 1
118 57 443.58437745960316 16.67 3 3 238 239
1 0 0 0 1 0 0 0 1
1 0 0 0 1 0 0 0 1
118 14 658.1635596129356 16.67 3 3 240 241
1 0 0 0 1 0 0 0 1
1 0 0 0 1 0 0 0 1
119 3 68.75095459008342 16.67 3 3 242 243
1 0 0 0 1 0 0 0 1
1 0 0 0 1 0 0 0 1
119 121 95.35029577136625 16.67 3 3 244 245
1 0 0 0 1 0 0 0 1
1 0 0 0 1 0 0 0 1
119 120 82.89909511683945 16.67 3 3 246 247
1 0 0 0 1 0 0 0 1
1 0 0 0 1 0 0 0 1
120 11 418.7569676171963 16.67 3 3 248 249
1 0 0 0 1 0 0 0 1
1 0 0 0 1 0 0 0 1
120 3 103.25583255504918 16.67 3 3 250 251
1 0 0 0 1 0 0 0 1
1 0 0 0 1 0 0 0 1
121 240 695.8437710069553 16.67 3 3 252 253
1 0 0 0 1 0 0 0 1
1 0 0 0 1 0 0 0 1
121 5 210.27799129541435 16.67 3 3 254 255
1 0 0 0 1 0 0 0 1
1 0 0 0 1 0 0 0 1
122 4 83.09431476515142 16.67 3 3 256 257
1 0 0 0 1 0 0 0 1
1 0 0 0 1 0 0 0 1
122 37 1060.995496156768 16.67 3 3 258 259
1 0 0 0 1 0 0 0 1
1 0 0 0 1 0 0 0 1
122 5 114.37696978604733 16.67 3 3 260 261
1 0 0 0 1 0 0 0 1
1 0 0 0 1 0 0 0 1
123 13 657.0383836112981 16.67 3 3 262 263
1 0 0 0 1 0 0 0 1
1 0 0 0 1 0 0 0 1
123 240 1241.6592440944771 16.67 3 3 264 265
1 0 0 0 1 0 0 0 1
1 0 0 0 1 0 0 0 1
123 5 335.5634475372454 16.67 3 3 266 267
1 0 0 0 1 0 0 0 1
1 0 0 0 1 0 0 0 1
124 157 1451.1066965443433 16.67 3 3 268 269
1 0 0 0 1 0 0 0 1
1 0 0 0 1 0 0 0 1
124 9 942.9707294791131 16.67 3 3 270 271
1 0 0 0 1 0 0 0 1
1 0 0 0 1 0 0 0 1
124 145 344.7158206841071 16.67 3 3 272 273
1 0 0 0 1 0 0 0 1
1 0 0 0 1 0 0 0 1
124 155 1807.2770987629874 16.67 3 3 274 275
1 0 0 0 1 0 0 0 1
1 0 0 0 1 0 0 0 1
125 7 114.76166075727589 16.67 3 3 276 277
1 0 0 0 1 0 0 0 1
1 0 0 0 1 0 0 0 1
125 8 58.95700643782991 16.67 3 3 278 279
1 0 0 0 1 0 0 0 1
1 0 0 0 1 0 0 0 1
125 128 260.4940466847735 16.67 3 3 280 281
1 0 0 0 1 0 0 0 1
1 0 0 0 1 0 0 0 1
126 10 133.92468839411978 16.67 3 3 282 283
1 0 0 0 1 0 0 0 1
1 0 0 0 1 0 0 0 1
126 9 72.14136252684955 16.67 3 3 284 285
1 0 0 0 1 0 0 0 1
1 0 0 0 1 0 0 0 1
127 129 119.83423047808247 16.67 3 3 286 287
1 0 0 0 1 0 0 0 1
1 0 0 0 1 0 0 0 1
127 130 39.82540020715373 16.67 3 3 288 289
1 0 0 0 1 0 0 0 1
1 0 0 0 1 0 0 0 1
127 12 165.65113547753023 16.67 3 3 290 291
1 0 0 0 1 0 0 0 1
1 0 0 0 1 0 0 0 1
128 11 133.80381801096107 16.67 3 3 292 293
1 0 0 0 1 0 0 0 1
1 0 0 0 1 0 0 0 1
128 131 64.17069662963863 16.67 3 3 294 295
1 0 0 0 1 0 0 0 1
1 0 0 0 1 0 0 0 1
129 11 144.35178545291882 16.67 3 3 296 297
1 0 0 0 1 0 0 0 1
1 0 0 0 1 0 0 0 1
129 90 478.48201983151205 16.67 3 3 298 299
1 0 0 0 1 0 0 0 1
1 0 0 0 1 0 0 0 1
130 135 611.2733097643243 16.67 3 3 300 301
1 0 0 0 1 0 0 0 1
1 0 0 0 1 0 0 0 1
131 135 602.1110651843674 16.67 3 3 302 303
1 0 0 0 1 0 0 0 1
1 0 0 0 1 0 0 0 1
132 133 677.6584521475015 16.67 3 3 304 305
1 0 0 0 1 0 0 0 1
1 0 0 0 1 0 0 0 1
132 177 406.54090032215373 16.67 3 3 306 307
1 0 0 0 1 0 0 0 1
1 0 0 0 1 0 0 0 1
132 218 238.41626934750533 16.67 3 3 308 309
1 0 0 0 1 0 0 0 1
1 0 0 0 1 0 0 0 1
133 212 343.44576461919456 16.67 3 3 310 311
1 0 0 0 1 0 0 0 1
1 0 0 0 1 0 0 0 1
134 135 515.2846129501546 16.67 3 3 312 313
1 0 0 0 1 0 0 0 1
1 0 0 0 1 0 0 0 1
134 223 584.8721235624755 16.67 3 3 314 315
1 0 0 0 1 0 0 0 1
1 0 0 0 1 0 0 0 1
134 225 653.5630423919023 16.67 3 3 316 317
1 0 0 0 1 0 0 0 1
1 0 0 0 1 0 0 0 1
136 19 299.45792177281595 16.67 3 3 318 319
1 0 0 0 1 0 0 0 1
1 0 0 0 1 0 0 0 1
136 236 718.8294580186044 16.67 3 3 320 321
1 0 0 0 1 0 0 0 1
1 0 0 0 1 0 0 0 1
136 18 302.1026831941549 16.67 3 3 322 323
1 0 0 0 1 0 0 0 1
1 0 0 0 1 0 0 0 1
137 194 352.3475229315384 16.67 3 3 324 325
1 0 0 0 1 0 0 0 1
1 0 0 0 1 0 0 0 1
137 214 444.2106098857905 16.67 3 3 326 327
1 0 0 0 1 0 0 0 1
1 0 0 0 1 0 0 0 1
137 222 1179.125222527913 16.67 3 3 328 329
1 0 0 0 1 0 0 0 1
1 0 0 0 1 0 0 0 1
138 168 462.5587430507045 16.67 3 3 330 331
1 0 0 0 1 0 0 0 1
1 0 0 0 1 0 0 0 1
138 89 431.07353881249765 16.67 3 3 332 333
1 0 0 0 1 0 0 0 1
1 0 0 0 1 0 0 0 1
138 184 1055.1631427990003 16.67 3 3 334 335
1 0 0 0 1 0 0 0 1
1 0 0 0 1 0 0 0 1
138 143 311.8760444289878 16.67 3 3 336 337
1 0 0 0 1 0 0 0 1
1 0 0 0 1 0 0 0 1
139 168 446.92085922423973 16.67 3 3 338 339
1 0 0 0 1 0 0 0 1
1 0 0 0 1 0 0 0 1
139 23 358.63124492464 16.67 3 3 340 341
1 0 0 0 1 0 0 0 1
1 0 0 0 1 0 0 0 1
139 141 325.95897754733323 16.67 3 3 342 343
1 0 0 0 1 0 0 0 1
1 0 0 0 1 0 0 0 1
140 107 806.1616838847139 16.67 3 3 344 345
1 0 0 0 1 0 0 0 1
1 0 0 0 1 0 0 0 1
140 106 797.859788278875 16.67 3 3 346 347
1 0 0 0 1 0 0 0 1
1 0 0 0 1 0 0 0 1
140 229 323.2651631565229 16.67 3 3 348 349
1 0 0 0 1 0 0 0 1
1 0 0 0 1 0 0 0 1
141 21 312.1440784703524 16.67 3 3 350 351
1 0 0 0 1 0 0 0 1
1 0 0 0 1 0 0 0 1
141 239 401.35500744030827 16.67 3 3 352 353
1 0 0 0 1 0 0 0 1
1 0 0 0 1 0 0 0 1
141 22 360.6279675663189 16.67 3 3 354 355
1 0 0 0 1 0 0 0 1
1 0 0 0 1 0 0 0 1
142 167 650.8086402307196 16.67 3 3 356 357
1 0 0 0 1 0 0 0 1
1 0 0 0 1 0 0 0 1
142 143 333.6057258838099 16.67 3 3 358 359
1 0 0 0 1 0 0 0 1
1 0 0 0 1 0 0 0 1
144 213 237.84024323474415 16.67 3 3 360 361
1 0 0 0 1 0 0 0 1
1 0 0 0 1 0 0 0 1
144 153 460.73997343435303 16.67 3 3 362 363
1 0 0 0 1 0 0 0 1
1 0 0 0 1 0 0 0 1
146 156 790.5888274476845 16.67 3 3 364 365
1 0 0 0 1 0 0 0 1
1 0 0 0 1 0 0 0 1
146 31 603.3942020096832 16.67 3 3 366 367
1 0 0 0 1 0 0 0 1
1 0 0 0 1 0 0 0 1
146 228 958.2032534391769 16.67 3 3 368 369
1 0 0 0 1 0 0 0 1
1 0 0 0 1 0 0 0 1
147 31 269.65021645603184 16.67 3 3 370 371
1 0 0 0 1 0 0 0 1
1 0 0 0 1 0 0 0 1
147 152 267.52851352826684 16.67 3 3 372 373
1 0 0 0 1 0 0 0 1
1 0 0 0 1 0 0 0 1
147 157 617.9569611068035 16.67 3 3 374 375
1 0 0 0 1 0 0 0 1
1 0 0 0 1 0 0 0 1
148 44 932.137924075733 16.67 3 3 376 377
1 0 0 0 1 0 0 0 1
1 0 0 0 1 0 0 0 1
148 233 304.30255616347415 16.67 3 3 378 379
1 0 0 0 1 0 0 0 1
1 0 0 0 1 0 0 0 1
148 45 943.8023987141593 16.67 3 3 380 381
1 0 0 0 1 0 0 0 1
1 0 0 0 1 0 0 0 1
149 202 220.55647265687622 16.67 3 3 382 383
1 0 0 0 1 0 0 0 1
1 0 0 0 1 0 0 0 1
149 210 273.00161717081636 16.67 3 3 384 385
1 0 0 0 1 0 0 0 1
1 0 0 0 1 0 0 0 1
149 150 191.86307258488904 16.67 3 3 386 387
1 0 0 0 1 0 0 0 1
1 0 0 0 1 0 0 0 1
149 178 268.7398235962212 16.67 3 3 388 389
1 0 0 0 1 0 0 0 1
1 0 0 0 1 0 0 0 1
150 179 270.3841660151814 16.67 3 3 390 391
1 0 0 0 1 0 0 0 1
1 0 0 0 1 0 0 0 1
150 198 257.77640643960103 16.67 3 3 392 393
1 0 0 0 1 0 0 0 1
1 0 0 0 1 0 0 0 1
150 56 228.84622106185427 16.67 3 3 394 395
1 0 0 0 1 0 0 0 1
1 0 0 0 1 0 0 0 1
151 198 234.6917822440613 16.67 3 3 396 397
1 0 0 0 1 0 0 0 1
1 0 0 0 1 0 0 0 1
151 201 209.77123642132375 16.67 3 3 398 399
1 0 0 0 1 0 0 0 1
1 0 0 0 1 0 0 0 1
151 205 274.1130766275617 16.67 3 3 400 401
1 0 0 0 1 0 0 0 1
1 0 0 0 1 0 0 0 1
152 231 1018.8523945518903 16.67 3 3 402 403
1 0 0 0 1 0 0 0 1
1 0 0 0 1 0 0 0 1
152 160 1489.555944648566 16.67 3 3 404 405
1 0 0 0 1 0 0 0 1
1 0 0 0 1 0 0 0 1
153 212 566.1654746821065 16.67 3 3 406 407
1 0 0 0 1 0 0 0 1
1 0 0 0 1 0 0 0 1
153 105 498.43547795495874 16.67 3 3 408 409
1 0 0 0 1 0 0 0 1
1 0 0 0 1 0 0 0 1
154 158 624.8840011270809 16.67 3 3 410 411
1 0 0 0 1 0 0 0 1
1 0 0 0 1 0 0 0 1
154 156 83.17039881920617 16.67 3 3 412 413
1 0 0 0 1 0 0 0 1
1 0 0 0 1 0 0 0 1
154 155 409.7187147901036 16.67 3 3 414 415
1 0 0 0 1 0 0 0 1
1 0 0 0 1 0 0 0 1
155 158 641.0685731351131 16.67 3 3 416 417
1 0 0 0 1 0 0 0 1
1 0 0 0 1 0 0 0 1
155 156 462.57284732556303 16.67 3 3 418 419
1 0 0 0 1 0 0 0 1
1 0 0 0 1 0 0 0 1
3 74 1127.8745440396658 16.67 3 3 420 421
1 0 0 0 1 0 0 0 1
1 0 0 0 1 0 0 0 1
158 163 1684.7181067279155 16.67 3 3 422 423
1 0 0 0 1 0 0 0 1
1 0 0 0 1 0 0 0 1
160 227 560.2589162008327 16.67 3 3 424 425
1 0 0 0 1 0 0 0 1
1 0 0 0 1 0 0 0 1
161 102 560.4671441386322 16.67 3 3 426 427
1 0 0 0 1 0 0 0 1
1 0 0 0 1 0 0 0 1
161 162 444.15837031113176 16.67 3 3 428 429
1 0 0 0 1 0 0 0 1
1 0 0 0 1 0 0 0 1
161 164 453.35246596477276 16.67 3 3 430 431
1 0 0 0 1 0 0 0 1
1 0 0 0 1 0 0 0 1
161 101 558.2384708322941 16.67 3 3 432 433
1 0 0 0 1 0 0 0 1
1 0 0 0 1 0 0 0 1
162 163 504.75897069502645 16.67 3 3 434 435
1 0 0 0 1 0 0 0 1
1 0 0 0 1 0 0 0 1
163 170 595.0223397738278 16.67 3 3 436 437
1 0 0 0 1 0 0 0 1
1 0 0 0 1 0 0 0 1
164 227 568.8820582816824 16.67 3 3 438 439
1 0 0 0 1 0 0 0 1
1 0 0 0 1 0 0 0 1
164 87 443.67493190012465 16.67 3 3 440 441
1 0 0 0 1 0 0 0 1
1 0 0 0 1 0 0 0 1
165 167 561.3079752295461 16.67 3 3 442 443
1 0 0 0 1 0 0 0 1
1 0 0 0 1 0 0 0 1
165 102 446.80675284852725 16.67 3 3 444 445
1 0 0 0 1 0 0 0 1
1 0 0 0 1 0 0 0 1
63 219 770.5138320409907 16.67 3 3 446 447
1 0 0 0 1 0 0 0 1
1 0 0 0 1 0 0 0 1
63 212 81.03999826673133 16.67 3 3 448 449
1 0 0 0 1 0 0 0 1
1 0 0 0 1 0 0 0 1
63 206 412.2091112044182 16.67 3 3 450 451
1 0 0 0 1 0 0 0 1
1 0 0 0 1 0 0 0 1
167 166 437.4249000916337 16.67 3 3 452 453
1 0 0 0 1 0 0 0 1
1 0 0 0 1 0 0 0 1
168 23 573.688216340906 16.67 3 3 454 455
1 0 0 0 1 0 0 0 1
1 0 0 0 1 0 0 0 1
166 102 558.9589943214868 16.67 3 3 456 457
1 0 0 0 1 0 0 0 1
1 0 0 0 1 0 0 0 1
166 229 459.09941177783037 16.67 3 3 458 459
1 0 0 0 1 0 0 0 1
1 0 0 0 1 0 0 0 1
166 103 660.7035911344849 16.67 3 3 460 461
1 0 0 0 1 0 0 0 1
1 0 0 0 1 0 0 0 1
170 169 447.5326133684886 16.67 3 3 462 463
1 0 0 0 1 0 0 0 1
1 0 0 0 1 0 0 0 1
170 215 1909.2015806647082 16.67 3 3 464 465
1 0 0 0 1 0 0 0 1
1 0 0 0 1 0 0 0 1
170 20 450.82076108652905 16.67 3 3 466 467
1 0 0 0 1 0 0 0 1
1 0 0 0 1 0 0 0 1
4 7 461.3186678019306 16.67 3 3 468 469
1 0 0 0 1 0 0 0 1
1 0 0 0 1 0 0 0 1
64 219 211.3169907999584 16.67 3 3 470 471
1 0 0 0 1 0 0 0 1
1 0 0 0 1 0 0 0 1
64 109 125.41105455667767 16.67 3 3 472 473
1 0 0 0 1 0 0 0 1
1 0 0 0 1 0 0 0 1
64 197 226.44873908994222 16.67 3 3 474 475
1 0 0 0 1 0 0 0 1
1 0 0 0 1 0 0 0 1
101 75 313.1477624286068 16.67 3 3 476 477
1 0 0 0 1 0 0 0 1
1 0 0 0 1 0 0 0 1
101 227 433.4742802610031 16.67 3 3 478 479
1 0 0 0 1 0 0 0 1
1 0 0 0 1 0 0 0 1
171 172 1349.9099999592931 16.67 3 3 480 481
1 0 0 0 1 0 0 0 1
1 0 0 0 1 0 0 0 1
172 173 384.9114332791005 16.67 3 3 482 483
1 0 0 0 1 0 0 0 1
1 0 0 0 1 0 0 0 1
174 231 697.8802836277913 16.67 3 3 484 485
1 0 0 0 1 0 0 0 1
1 0 0 0 1 0 0 0 1
174 31 1122.353619678387 16.67 3 3 486 487
1 0 0 0 1 0 0 0 1
1 0 0 0 1 0 0 0 1
174 204 144.49004561979547 16.67 3 3 488 489
1 0 0 0 1 0 0 0 1
1 0 0 0 1 0 0 0 1
175 179 209.5761826807783 16.67 3 3 490 491
1 0 0 0 1 0 0 0 1
1 0 0 0 1 0 0 0 1
175 198 309.0516447407898 16.67 3 3 492 493
1 0 0 0 1 0 0 0 1
1 0 0 0 1 0 0 0 1
175 205 264.96184981936864 16.67 3 3 494 495
1 0 0 0 1 0 0 0 1
1 0 0 0 1 0 0 0 1
176 241 757.9316355676436 16.67 3 3 496 497
1 0 0 0 1 0 0 0 1
1 0 0 0 1 0 0 0 1
176 205 290.0349210700948 16.67 3 3 498 499
1 0 0 0 1 0 0 0 1
1 0 0 0 1 0 0 0 1
177 210 292.355767223372 16.67 3 3 500 501
1 0 0 0 1 0 0 0 1
1 0 0 0 1 0 0 0 1
177 178 289.1268921792314 16.67 3 3 502 503
1 0 0 0 1 0 0 0 1
1 0 0 0 1 0 0 0 1
178 179 199.25575526304496 16.67 3 3 504 505
1 0 0 0 1 0 0 0 1
1 0 0 0 1 0 0 0 1
178 32 335.3650648215635 16.67 3 3 506 507
1 0 0 0 1 0 0 0 1
1 0 0 0 1 0 0 0 1
179 55 279.67591905555014 16.67 3 3 508 509
1 0 0 0 1 0 0 0 1
1 0 0 0 1 0 0 0 1
180 36 194.8793998496757 16.67 3 3 510 511
1 0 0 0 1 0 0 0 1
1 0 0 0 1 0 0 0 1
180 181 2785.326931368943 16.67 3 3 512 513
1 0 0 0 1 0 0 0 1
1 0 0 0 1 0 0 0 1
181 206 335.08143403575417 16.67 3 3 514 515
1 0 0 0 1 0 0 0 1
1 0 0 0 1 0 0 0 1
181 234 718.1135645427987 16.67 3 3 516 517
1 0 0 0 1 0 0 0 1
1 0 0 0 1 0 0 0 1
182 183 894.4144590976547 16.67 3 3 518 519
1 0 0 0 1 0 0 0 1
1 0 0 0 1 0 0 0 1
182 220 1073.4073289767782 16.67 3 3 520 521
1 0 0 0 1 0 0 0 1
1 0 0 0 1 0 0 0 1
182 184 1948.317729773623 16.67 3 3 522 523
1 0 0 0 1 0 0 0 1
1 0 0 0 1 0 0 0 1
183 184 1391.0111056505714 16.67 3 3 524 525
1 0 0 0 1 0 0 0 1
1 0 0 0 1 0 0 0 1
47 230 253.5909366083231 16.67 3 3 526 527
1 0 0 0 1 0 0 0 1
1 0 0 0 1 0 0 0 1
47 232 313.978472279234 16.67 3 3 528 529
1 0 0 0 1 0 0 0 1
1 0 0 0 1 0 0 0 1
47 199 335.88723776759196 16.67 3 3 530 531
1 0 0 0 1 0 0 0 1
1 0 0 0 1 0 0 0 1
89 184 624.1185005228346 16.67 3 3 532 533
1 0 0 0 1 0 0 0 1
1 0 0 0 1 0 0 0 1
6 14 261.2609090069059 16.67 3 3 534 535
1 0 0 0 1 0 0 0 1
1 0 0 0 1 0 0 0 1
6 213 660.9264637091221 16.67 3 3 536 537
1 0 0 0 1 0 0 0 1
1 0 0 0 1 0 0 0 1
186 192 1205.2116923093574 16.67 3 3 538 539
1 0 0 0 1 0 0 0 1
1 0 0 0 1 0 0 0 1
186 187 445.012125019737 16.67 3 3 540 541
1 0 0 0 1 0 0 0 1
1 0 0 0 1 0 0 0 1
186 188 418.06879078766644 16.67 3 3 542 543
1 0 0 0 1 0 0 0 1
1 0 0 0 1 0 0 0 1
188 192 814.579468008382 16.67 3 3 544 545
1 0 0 0 1 0 0 0 1
1 0 0 0 1 0 0 0 1
188 81 547.2594391905012 16.67 3 3 546 547
1 0 0 0 1 0 0 0 1
1 0 0 0 1 0 0 0 1
48 199 145.57326925030833 16.67 3 3 548 549
1 0 0 0 1 0 0 0 1
1 0 0 0 1 0 0 0 1
48 198 246.2411647092343 16.67 3 3 550 551
1 0 0 0 1 0 0 0 1
1 0 0 0 1 0 0 0 1
48 56 286.6574107248669 16.67 3 3 552 553
1 0 0 0 1 0 0 0 1
1 0 0 0 1 0 0 0 1
48 201 227.47884365008258 16.67 3 3 554 555
1 0 0 0 1 0 0 0 1
1 0 0 0 1 0 0 0 1
189 81 305.47603652791895 16.67 3 3 556 557
1 0 0 0 1 0 0 0 1
1 0 0 0 1 0 0 0 1
189 190 464.63229847681123 16.67 3 3 558 559
1 0 0 0 1 0 0 0 1
1 0 0 0 1 0 0 0 1
7 10 127.79685615986605 16.67 3 3 560 561
1 0 0 0 1 0 0 0 1
1 0 0 0 1 0 0 0 1
192 219 545.0699915388475 16.67 3 3 562 563
1 0 0 0 1 0 0 0 1
1 0 0 0 1 0 0 0 1
192 206 654.2884040288056 16.67 3 3 564 565
1 0 0 0 1 0 0 0 1
1 0 0 0 1 0 0 0 1
55 32 204.2000960148807 16.67 3 3 566 567
1 0 0 0 1 0 0 0 1
1 0 0 0 1 0 0 0 1
31 207 659.858797209686 16.67 3 3 568 569
1 0 0 0 1 0 0 0 1
1 0 0 0 1 0 0 0 1
8 13 274.75302579412937 16.67 3 3 570 571
1 0 0 0 1 0 0 0 1
1 0 0 0 1 0 0 0 1
191 234 36.603461696816105 16.67 3 3 572 573
1 0 0 0 1 0 0 0 1
1 0 0 0 1 0 0 0 1
191 110 158.09754148724807 16.67 3 3 574 575
1 0 0 0 1 0 0 0 1
1 0 0 0 1 0 0 0 1
57 105 1105.56410406893 16.67 3 3 576 577
1 0 0 0 1 0 0 0 1
1 0 0 0 1 0 0 0 1
195 43 390.132250736845 16.67 3 3 578 579
1 0 0 0 1 0 0 0 1
1 0 0 0 1 0 0 0 1
195 108 147.90534326571526 16.67 3 3 580 581
1 0 0 0 1 0 0 0 1
1 0 0 0 1 0 0 0 1
195 76 321.0190254395483 16.67 3 3 582 583
1 0 0 0 1 0 0 0 1
1 0 0 0 1 0 0 0 1
194 88 309.0179238272966 16.67 3 3 584 585
1 0 0 0 1 0 0 0 1
1 0 0 0 1 0 0 0 1
197 241 441.85180782363744 16.67 3 3 586 587
1 0 0 0 1 0 0 0 1
1 0 0 0 1 0 0 0 1
199 209 407.74003139139916 16.67 3 3 588 589
1 0 0 0 1 0 0 0 1
1 0 0 0 1 0 0 0 1
200 232 867.1633881068176 16.67 3 3 590 591
1 0 0 0 1 0 0 0 1
1 0 0 0 1 0 0 0 1
200 204 178.15304335274757 16.67 3 3 592 593
1 0 0 0 1 0 0 0 1
1 0 0 0 1 0 0 0 1
200 228 219.99325320745072 16.67 3 3 594 595
1 0 0 0 1 0 0 0 1
1 0 0 0 1 0 0 0 1
201 230 493.4952988715023 16.67 3 3 596 597
1 0 0 0 1 0 0 0 1
1 0 0 0 1 0 0 0 1
201 205 483.72026398910424 16.67 3 3 598 599
1 0 0 0 1 0 0 0 1
1 0 0 0 1 0 0 0 1
202 203 181.26536857646008 16.67 3 3 600 601
1 0 0 0 1 0 0 0 1
1 0 0 0 1 0 0 0 1
202 56 180.61190197796822 16.67 3 3 602 603
1 0 0 0 1 0 0 0 1
1 0 0 0 1 0 0 0 1
202 209 173.5822623882229 16.67 3 3 604 605
1 0 0 0 1 0 0 0 1
1 0 0 0 1 0 0 0 1
203 210 260.0494681869526 16.67 3 3 606 607
1 0 0 0 1 0 0 0 1
1 0 0 0 1 0 0 0 1
203 204 810.1645152013398 16.67 3 3 608 609
1 0 0 0 1 0 0 0 1
1 0 0 0 1 0 0 0 1
203 209 295.1874897781473 16.67 3 3 610 611
1 0 0 0 1 0 0 0 1
1 0 0 0 1 0 0 0 1
32 218 114.04441667137507 16.67 3 3 612 613
1 0 0 0 1 0 0 0 1
1 0 0 0 1 0 0 0 1
207 208 52.426092246771525 16.67 3 3 614 615
1 0 0 0 1 0 0 0 1
1 0 0 0 1 0 0 0 1
208 52 85.86579193213674 16.67 3 3 616 617
1 0 0 0 1 0 0 0 1
1 0 0 0 1 0 0 0 1
209 232 378.0892498583035 16.67 3 3 618 619
1 0 0 0 1 0 0 0 1
1 0 0 0 1 0 0 0 1
13 14 223.65202692604393 16.67 3 3 620 621
1 0 0 0 1 0 0 0 1
1 0 0 0 1 0 0 0 1
211 15 372.4320284575256 16.67 3 3 622 623
1 0 0 0 1 0 0 0 1
1 0 0 0 1 0 0 0 1
211 54 161.18027199949205 16.67 3 3 624 625
1 0 0 0 1 0 0 0 1
1 0 0 0 1 0 0 0 1
211 217 851.1489470573215 16.67 3 3 626 627
1 0 0 0 1 0 0 0 1
1 0 0 0 1 0 0 0 1
215 239 229.5544328634321 16.67 3 3 628 629
1 0 0 0 1 0 0 0 1
1 0 0 0 1 0 0 0 1
217 83 159.68809088887573 16.67 3 3 630 631
1 0 0 0 1 0 0 0 1
1 0 0 0 1 0 0 0 1
217 237 647.9884708586809 16.67 3 3 632 633
1 0 0 0 1 0 0 0 1
1 0 0 0 1 0 0 0 1
217 216 240.10934840767194 16.67 3 3 634 635
1 0 0 0 1 0 0 0 1
1 0 0 0 1 0 0 0 1
218 219 354.6968407891232 16.67 3 3 636 637
1 0 0 0 1 0 0 0 1
1 0 0 0 1 0 0 0 1
220 221 662.0842975763692 16.67 3 3 638 639
1 0 0 0 1 0 0 0 1
1 0 0 0 1 0 0 0 1
220 222 667.196206867493 16.67 3 3 640 641
1 0 0 0 1 0 0 0 1
1 0 0 0 1 0 0 0 1
220 224 588.0156709755576 16.67 3 3 642 643
1 0 0 0 1 0 0 0 1
1 0 0 0 1 0 0 0 1
221 222 37.45574998287018 16.67 3 3 644 645
1 0 0 0 1 0 0 0 1
1 0 0 0 1 0 0 0 1
221 223 562.496974529309 16.67 3 3 646 647
1 0 0 0 1 0 0 0 1
1 0 0 0 1 0 0 0 1
223 224 661.4170451354508 16.67 3 3 648 649
1 0 0 0 1 0 0 0 1
1 0 0 0 1 0 0 0 1
22 239 538.1548276841901 16.67 3 3 650 651
1 0 0 0 1 0 0 0 1
1 0 0 0 1 0 0 0 1
22 23 327.32168183178834 16.67 3 3 652 653
1 0 0 0 1 0 0 0 1
1 0 0 0 1 0 0 0 1
225 65 549.911331782966 16.67 3 3 654 655
1 0 0 0 1 0 0 0 1
1 0 0 0 1 0 0 0 1
225 66 552.3771531772762 16.67 3 3 656 657
1 0 0 0 1 0 0 0 1
1 0 0 0 1 0 0 0 1
225 240 528.5388710225864 16.67 3 3 658 659
1 0 0 0 1 0 0 0 1
1 0 0 0 1 0 0 0 1
21 24 401.9053054030696 16.67 3 3 660 661
1 0 0 0 1 0 0 0 1
1 0 0 0 1 0 0 0 1
24 25 336.4990742816777 16.67 3 3 662 663
1 0 0 0 1 0 0 0 1
1 0 0 0 1 0 0 0 1
24 239 311.5340766034838 16.67 3 3 664 665
1 0 0 0 1 0 0 0 1
1 0 0 0 1 0 0 0 1
25 62 136.77974846862753 16.67 3 3 666 667
1 0 0 0 1 0 0 0 1
1 0 0 0 1 0 0 0 1
228 77 1058.804097121769 16.67 3 3 668 669
1 0 0 0 1 0 0 0 1
1 0 0 0 1 0 0 0 1
230 82 1815.8054640646462 16.67 3 3 670 671
1 0 0 0 1 0 0 0 1
1 0 0 0 1 0 0 0 1
232 233 583.6767594676056 16.67 3 3 672 673
1 0 0 0 1 0 0 0 1
1 0 0 0 1 0 0 0 1
233 2 1656.0198344350395 16.67 3 3 674 675
1 0 0 0 1 0 0 0 1
1 0 0 0 1 0 0 0 1
234 185 170.96663375922185 16.67 3 3 676 677
1 0 0 0 1 0 0 0 1
1 0 0 0 1 0 0 0 1
235 85 153.28312257795614 16.67 3 3 678 679
1 0 0 0 1 0 0 0 1
1 0 0 0 1 0 0 0 1
235 99 121.48700777255394 16.67 3 3 680 681
1 0 0 0 1 0 0 0 1
1 0 0 0 1 0 0 0 1
75 159 209.23013237388332 16.67 3 3 682 683
1 0 0 0 1 0 0 0 1
1 0 0 0 1 0 0 0 1
237 238 210.36201649713837 16.67 3 3 684 685
1 0 0 0 1 0 0 0 1
1 0 0 0 1 0 0 0 1
237 53 749.3132981200941 16.67 3 3 686 687
1 0 0 0 1 0 0 0 1
1 0 0 0 1 0 0 0 1
81 40 1165.7175999465574 16.67 3 3 688 689
1 0 0 0 1 0 0 0 1
1 0 0 0 1 0 0 0 1
81 49 371.0673248263837 16.67 3 3 690 691
1 0 0 0 1 0 0 0 1
1 0 0 0 1 0 0 0 1
53 16 473.6683591357282 16.67 3 3 692 693
1 0 0 0 1 0 0 0 1
1 0 0 0 1 0 0 0 1
169
3 -1 420 243 251
5 267 -1 255 261
6 95 536 534 -1
7 277 469 -1 560
10 283 561 -1 15
11 -1 249 293 297
13 620 263 571 -1
14 535 241 621 -1
17 72 -1 74 76
21 43 161 351 660
22 355 652 -1 650
23 341 455 -1 653
24 662 661 664 -1
25 -1 41 663 666
26 64 60 66 62
27 92 67 94 -1
29 216 -1 214 212
30 215 -1 232 230
31 487 568 371 367
32 567 612 -1 507
33 80 82 84 78
34 85 90 88 86
35 89 96 98 100
39 52 50 48 -1
41 106 102 104 -1
46 30 24 28 26
47 526 530 528 -1
48 554 550 552 548
55 29 -1 566 509
56 553 395 603 -1
57 576 -1 219 239
58 3 173 165 228
59 32 34 38 36
60 4 -1 2 6
61 10 7 8 -1
63 446 450 -1 448
64 474 472 470 -1
67 156 152 154 158
68 143 159 162 160
69 164 166 168 170
70 176 -1 174 172
71 112 -1 108 110
72 -1 111 114 116
75 682 -1 477 121
78 58 17 54 56
79 55 68 -1 70
80 -1 14 12 16
81 688 557 547 690
86 46 44 42 40
87 39 -1 189 441
89 169 532 -1 333
90 13 299 129 69
91 148 146 144 150
92 182 178 180 184
93 188 151 186 190
95 120 124 122 118
96 128 126 132 130
97 136 131 33 134
98 22 18 -1 20
100 138 140 142 45
101 476 478 433 125
102 427 445 457 179
103 461 -1 157 141
111 192 194 196 -1
112 -1 200 198 195
113 199 202 204 206
114 -1 207 208 210
116 218 220 222 224
117 133 226 149 35
118 236 238 234 240
119 242 244 -1 246
120 250 247 -1 248
121 254 -1 252 245
122 260 258 256 -1
123 235 264 266 262
124 272 270 268 274
125 278 276 280 -1
127 290 -1 288 286
128 292 -1 294 281
129 -1 296 287 298
132 308 -1 304 306
133 305 310 83 91
134 312 316 314 227
135 301 303 313 127
136 318 320 73 322
137 145 328 324 326
138 336 332 334 330
139 163 338 340 342
140 346 348 47 344
141 350 343 354 352
142 9 229 358 356
143 359 171 337 153
144 362 117 360 61
145 63 93 273 97
146 368 366 364 -1
147 -1 372 374 370
148 209 378 376 380
149 386 388 384 382
150 392 390 387 394
151 -1 400 396 398
152 402 101 404 373
153 406 408 363 65
154 412 414 410 -1
155 418 275 416 415
156 365 419 413 -1
158 411 417 422 -1
161 432 430 426 428
162 123 429 183 434
163 233 435 436 423
164 438 37 440 431
165 -1 191 442 444
166 456 453 460 458
167 443 11 357 452
168 155 331 454 339
170 437 466 464 462
171 213 -1 231 480
172 481 -1 59 482
174 -1 484 486 488
175 494 27 490 492
176 -1 496 31 498
177 502 307 81 500
178 504 506 503 389
179 491 508 505 391
181 -1 516 513 514
182 520 -1 522 518
183 49 519 -1 524
184 525 523 335 533
186 538 -1 540 542
188 546 543 -1 544
189 105 558 -1 556
192 545 539 564 562
194 325 -1 177 584
195 51 580 582 578
197 -1 586 475 25
198 397 493 393 551
199 -1 549 588 531
200 590 592 -1 594
201 399 598 555 596
202 602 383 600 604
203 601 606 608 610
204 -1 609 489 593
205 599 499 495 401
206 565 515 221 451
209 589 605 611 618
210 385 501 -1 607
211 624 622 77 626
212 -1 449 407 311
213 361 115 237 537
214 187 327 5 -1
217 630 627 632 634
218 75 636 309 613
219 471 563 447 637
220 642 521 640 638
221 646 639 644 -1
222 645 641 53 329
223 315 648 647 147
225 658 654 656 317
227 425 135 439 479
228 668 595 369 217
229 181 459 139 349
230 670 597 527 203
231 79 87 403 485
232 529 619 591 672
233 197 674 673 379
234 573 676 113 517
235 678 680 23 201
237 633 686 -1 684
239 665 353 651 629
240 265 225 659 253
