704
1 3600 180
4
992 1095 777 780
1 3600 37
7
778 291 296 312 322 422 341
1 3600 37
3
773 774 291
1 3600 156
15
992 773 770 780 375 368 1086 291 294 321 318 418 420 550 554
1 3600 452
15
780 375 370 378 1084 355 347 348 408 428 333 328 281 276 616
1 3600 452
20
780 579 367 211 208 227 220 232 501 494 585 586 860 862 1042 871 868 1066 239 234
1 3600 452
24
1095 777 780 575 487 481 385 390 1074 479 449 444 712 714 521 522 695 691 279 282 609 604 946 59
1 3600 29
6
770 776 69 72 987 245
1 3600 67
8
990 241 244 583 577 573 571 567
1 3600 376
15
770 780 575 571 483 484 393 231 228 978 859 75 43 40 834
1 3600 452
15
994 1016 219 216 602 620 593 588 963 631 628 157 158 561 562
1 3600 452
31
773 774 291 292 377 351 352 415 416 466 717 441 442 586 63 66 153 154 725 722 265 266 759 756 842 731 519 516 823 767 663
1 3600 452
40
1095 777 780 375 370 382 387 388 393 307 308 398 978 859 75 43 44 63 64 862 563 564 559 556 15 12 748 798 795 796 845 842 731 728 872 1073 1067 869 659 660
1 3600 348
20
579 576 3 4 249 101 104 598 619 187 190 726 733 734 806 167 168 183 179 180
1 3600 411
21
1094 993 990 87 81 82 215 103 98 614 642 648 435 436 988 963 535 171 168 183 179
1 3600 452
19
777 778 1087 1083 1079 1080 1092 479 311 308 396 401 404 438 29 30 458 980 149
1 3600 452
27
780 575 487 207 208 647 225 220 232 501 494 585 586 63 66 158 203 204 257 251 254 803 798 755 756 840 880
1 3600 452
33
778 291 296 314 325 322 303 300 342 523 333 330 33 30 457 450 980 149 144 109 106 23 24 1014 923 893 890 955 885 882 877 878 833
1 3600 452
36
375 372 567 568 1077 1074 395 392 223 220 228 978 859 75 76 633 628 157 153 119 27 24 943 935 932 357 362 929 137 134 138 539 542 505 506 958
1 3600 452
20
69 70 1008 219 216 602 619 187 190 726 733 734 537 171 168 183 184 701 163 164
1 3600 452
19
990 241 242 215 103 98 612 636 499 496 403 404 438 29 30 458 903 904 707
1 3600 452
27
780 579 367 364 481 484 223 220 232 501 494 75 43 44 860 862 1042 581 565 560 203 198 850 1019 1015 943 37
1 3600 452
27
994 1016 219 103 104 594 471 468 431 432 590 733 117 112 167 168 143 144 109 106 140 741 35 38 788 984 491
1 3600 452
25
375 370 378 1084 355 347 348 406 303 298 338 693 279 282 810 651 652 662 768 831 832 888 539 544 793
1 3600 452
47
72 987 583 3 8 364 481 385 390 1074 479 449 446 717 441 442 586 63 64 862 563 560 203 200 556 15 10 801 798 755 756 842 731 728 513 508 815 812 830 849 846 900 857 854 1028 827 55
1 3600 88
4
320 295 290 775
1 3600 88
9
425 409 349 346 354 1085 379 371 374
1 3600 88
5
315 297 290 779 771
1 3600 52
4
424 423 323 313
1 3600 98
5
344 415 411 408 428
1 3600 98
12
377 325 322 407 410 412 444 712 714 1037 29 30
1 3600 98
13
422 341 342 695 329 332 520 475 33 30 457 452 688
1 3600 98
7
416 427 424 341 337 338 697
1 3600 98
10
324 315 316 318 418 420 548 693 690 329
1 3600 98
12
326 348 408 426 466 717 714 1037 29 30 460 285
1 3600 98
16
314 351 352 477 311 308 396 401 404 438 29 30 460 285 286 464
1 3600 98
8
1084 355 347 348 408 428 333 328
1 3600 167
8
423 303 298 336 342 695 281 276
1 3600 452
17
340 425 426 417 412 444 712 441 442 586 860 862 1042 871 866 259 260
1 3600 452
14
316 318 418 420 550 552 279 282 753 607 604 946 59 56
1 3600 83
11
299 302 407 410 412 444 401 402 497 498 637
1 3600 83
12
426 466 717 713 397 398 978 497 498 638 437 434
1 3600 84
11
319 317 312 324 376 1088 1090 1092 395 231 221
1 3600 84
5
299 302 407 410 414
1 3600 84
10
336 340 425 426 466 447 444 401 402 979
1 3600 84
3
1090 1081 1077
1 3600 75
11
382 387 388 393 231 228 978 859 75 43 44
1 3600 452
21
1083 1079 1080 1092 395 392 223 220 232 501 494 75 76 633 628 157 158 203 204 257 19
1 3600 452
10
318 305 298 338 693 690 281 282 810 820
1 3600 452
36
342 523 333 330 33 30 457 450 903 904 761 711 704 141 23 24 1014 923 893 894 920 915 916 927 137 134 138 889 49 46 887 769 675 680 874 1070
1 3600 301
21
347 344 477 478 1075 391 384 480 365 9 4 249 101 104 598 619 187 190 726 623 624
1 3600 215
18
372 570 572 576 247 215 216 597 594 648 593 588 963 535 171 168 183 184
1 3600 348
9
466 717 441 442 586 45 40 834 930
1 3600 411
15
425 409 410 412 446 717 441 442 586 63 66 153 154 725 722
1 3600 452
28
352 477 311 308 398 978 859 75 43 40 157 158 203 200 556 257 251 252 748 798 795 796 845 840 880 965 877 878
1 3600 452
28
418 420 548 697 523 520 1037 29 30 458 980 149 144 151 119 27 24 943 935 938 985 359 360 940 545 542 899 847
1 3600 452
17
298 338 693 690 329 330 33 30 457 450 903 904 707 710 703 163 164
1 3600 452
16
417 412 444 401 402 859 75 76 633 630 535 171 168 183 179 161
1 3600 452
13
426 466 717 441 442 586 63 66 153 119 27 24 943
1 3600 452
31
301 302 407 410 412 444 397 398 978 859 75 43 44 860 862 1042 581 565 560 203 198 850 1019 923 893 894 918 937 938 491 488
1 3600 452
35
325 326 344 477 311 306 231 228 673 501 494 585 586 63 64 862 563 564 559 556 257 19 20 1001 803 798 755 756 840 882 913 910 1039 357 360
1 3600 452
21
408 428 522 695 691 279 282 609 604 269 274 1046 1005 1002 1025 1022 1054 1056 53 54 828
1 3600 251
20
284 461 31 28 439 405 400 445 448 478 1093 1081 569 566 570 574 781 771 772 993
1 3600 74
3
694 523 429
1 3600 74
6
765 547 421 335 336 340
1 3600 74
4
522 343 340 423
1 3600 74
14
284 461 31 28 1036 715 716 447 413 414 353 354 1089 293
1 3600 74
12
689 453 456 31 32 331 328 694 696 339 334 419
1 3600 74
9
765 547 421 419 319 320 295 292 1088
1 3600 50
13
547 550 552 690 329 332 520 1037 29 30 457 452 688
1 3600 58
9
548 697 523 333 330 33 30 457 454
1 3600 58
6
555 552 690 281 276 616
1 3600 58
4
456 460 285 288
1 3600 180
4
555 552 279 282
1 3600 452
8
551 548 697 695 281 282 753 607
1 3600 137
20
284 461 31 28 439 440 713 397 309 306 392 485 480 365 9 2 582 245 240 998
1 3600 45
15
287 284 461 31 32 474 715 713 445 448 478 1075 391 386 566
1 3600 69
6
453 450 980 931 835 157
1 3600 69
14
329 332 520 1037 29 30 458 980 931 835 41 44 860 864
1 3600 133
13
287 284 461 458 980 149 144 151 154 199 202 561 564
1 3600 196
14
689 453 450 980 931 835 157 158 561 564 580 871 659 656
1 3600 452
25
458 903 904 761 711 708 738 741 35 38 177 172 785 786 790 525 526 1029 855 852 1024 1003 1004 1047 1048
1 3600 452
15
548 697 523 333 330 33 30 457 450 903 908 185 179 180 1034
1 3600 266
13
997 461 31 28 439 405 402 859 75 76 633 195 196
1 3600 282
18
765 547 550 552 690 329 332 520 715 441 442 586 63 66 153 150 109 106
1 3600 238
16
691 279 282 810 529 532 658 868 1066 1072 873 729 730 843 840 880
1 3600 452
23
287 284 461 458 980 149 144 151 154 725 722 265 266 796 845 842 731 728 515 516 823 824 830
1 3600 452
17
555 552 690 281 282 810 820 1011 1012 655 652 666 681 676 684 747 744
1 3600 452
12
689 453 450 903 904 925 185 179 180 127 123 120
1 3600 452
31
421 419 319 317 297 290 1087 369 372 483 480 207 212 101 98 610 635 473 468 431 432 590 733 117 112 167 168 183 184 701 702
1 3600 452
8
284 461 458 903 904 707 704 741
1 3600 452
29
697 523 429 426 466 717 441 442 586 63 64 862 1042 581 559 556 15 10 801 798 795 759 756 840 880 965 913 910 1039
1 3600 452
40
765 547 421 335 299 302 323 326 344 477 311 308 398 978 859 75 43 40 157 158 203 204 15 12 748 798 755 756 842 731 728 872 511 508 815 812 830 886 896 898
1 3600 452
48
547 421 419 319 320 295 290 1087 381 371 374 579 576 247 215 216 602 620 435 436 988 963 193 194 628 157 153 154 850 1019 923 893 894 918 968 967 929 137 134 138 539 542 505 502 526 1030 1056 1060
1 3600 452
12
277 280 694 343 340 423 323 324 376 293 290 775
1 3600 129
11
617 277 278 692 339 299 302 407 349 346 354
1 3600 15
3
687 453 456
1 3600 102
10
687 453 456 31 32 331 328 691 279 276
1 3600 27
3
617 277 282
1 3600 266
21
455 450 980 931 835 41 44 860 862 1042 871 659 533 530 1012 751 607 604 946 59 56
1 3600 452
13
277 280 329 330 474 1037 439 405 402 497 498 638 437
1 3600 188
13
687 453 456 31 28 1036 715 713 397 309 306 392 389
1 3600 93
5
455 456 31 28 1036
1 3600 78
17
289 284 461 458 980 149 144 151 154 725 720 11 14 257 19 20 1040
1 3600 72
9
282 810 529 532 658 866 259 262 237
1 3600 348
8
617 277 282 609 604 269 274 1044
1 3600 452
15
455 456 31 28 439 405 402 497 498 640 431 432 590 623 624
1 3600 452
5
455 450 980 149 142
1 3600 452
16
277 278 692 697 523 520 715 441 442 586 63 66 153 119 27 24
1 3600 225
11
617 277 282 810 651 652 664 670 822 509 510
1 3600 411
11
282 753 750 655 652 662 766 824 832 888 139
1 3600 452
19
455 450 903 904 761 711 708 738 741 35 38 177 172 785 782 945 525 503 506
1 3600 452
11
687 453 456 458 903 908 185 179 180 127 123
1 3600 452
34
277 280 329 332 429 409 349 346 354 1085 1079 569 566 570 572 367 211 212 101 104 598 619 187 190 726 733 734 537 171 168 183 184 701 698
1 3600 452
12
687 453 450 980 149 144 109 106 23 24 943 37
1 3600 452
15
455 456 458 980 149 144 109 106 23 24 943 935 938 491 492
1 3600 452
13
277 282 810 651 652 666 681 678 846 898 543 544 951
1 3600 452
47
278 692 339 299 302 323 324 376 1088 1090 1081 1077 1074 395 231 232 501 494 75 43 40 157 158 203 204 257 251 254 803 798 795 796 845 842 731 519 516 823 767 675 676 682 838 961 958 1028 827
1 3600 452
20
235 236 263 258 867 870 1043 863 861 587 584 495 500 233 221 226 209 210 366 578
1 3600 452
20
261 258 867 870 1043 863 65 62 45 42 74 858 979 229 230 307 310 476 345 327
1 3600 133
23
235 238 1072 873 729 730 843 757 758 267 264 723 724 155 150 145 148 981 459 460 285 286 462
1 3600 25
9
283 280 329 330 33 30 460 285 288
1 3600 119
8
235 238 1067 869 659 533 528 811
1 3600 32
8
235 238 1067 869 659 660 751 607
1 3600 452
36
810 820 1011 531 532 658 868 1066 1072 873 729 730 843 844 797 794 799 749 253 250 256 205 202 159 156 629 195 192 962 589 592 621 603 217 214 243
1 3600 452
13
235 236 263 258 867 870 1043 863 861 587 584 858 979
1 3600 322
26
753 750 655 652 662 768 886 47 48 879 876 883 841 757 754 799 802 255 250 256 557 558 565 562 863 864
1 3600 174
18
261 262 237 238 1072 873 729 730 843 757 754 799 800 11 14 557 558 565
1 3600 35
9
235 236 263 258 867 659 533 530 1010
1 3600 105
5
609 604 269 274 1048
1 3600 452
20
235 238 1072 873 729 730 843 844 797 267 264 723 724 155 150 145 142 169 166 113
1 3600 452
22
235 238 1072 511 512 729 730 843 840 884 954 891 892 922 1015 25 22 140 739 699 700 185
1 3600 452
21
810 651 652 664 670 824 832 888 139 135 136 928 363 356 933 934 942 25 22 107 108
1 3600 301
13
235 238 1072 511 508 815 816 876 913 914 921 895 892
1 3600 348
8
810 651 652 662 768 886 47 48
1 3600 452
10
609 604 946 271 274 1046 1005 1002 1025 853
1 3600 452
31
753 607 604 269 274 1046 1005 685 682 838 961 507 502 524 791 792 941 361 358 789 39 34 740 705 710 703 163 160 180 127 123
1 3600 452
18
261 258 867 870 1043 563 560 203 198 850 1019 1015 25 22 140 739 699 163
1 3600 452
18
261 262 237 238 1072 873 729 730 843 840 884 954 891 894 918 937 934 37
1 3600 452
15
261 258 867 868 1066 1072 873 729 730 843 840 882 913 910 1039
1 3600 452
13
235 238 1072 511 508 815 816 878 888 539 544 793 787
1 3600 452
18
261 262 237 238 1072 873 515 516 815 812 832 49 46 896 900 857 854 1028
1 3600 452
14
605 608 283 278 690 694 343 301 304 319 317 297 290 779
1 3600 452
10
58 947 605 606 752 283 280 694 343 340
1 3600 452
33
61 58 947 605 606 750 655 652 664 670 822 517 518 730 843 757 758 794 799 749 13 14 557 201 202 159 156 834 930 981 451 452 688
1 3600 238
4
268 605 608 283
1 3600 61
12
57 58 947 605 606 750 661 658 868 1066 239 234
1 3600 61
8
750 1013 531 532 658 866 259 260
1 3600 145
5
57 58 947 605 606
1 3600 452
34
57 58 271 274 1046 875 681 678 848 831 813 816 876 964 881 841 757 754 799 802 1000 21 18 256 205 202 159 156 629 630 962 589 592 621
1 3600 452
13
947 605 606 752 283 278 692 697 523 429 409 410 414
1 3600 452
24
269 274 1046 1005 1002 1025 1022 1054 1031 527 524 944 783 784 173 176 39 36 942 25 26 118 152 156
1 3600 452
22
57 58 947 605 606 750 655 652 662 766 822 517 518 730 843 844 797 794 799 802 1000 1040
1 3600 80
4
750 655 652 664
1 3600 52
3
604 269 274
1 3600 452
33
269 274 1046 1005 685 682 838 961 507 504 543 538 139 135 136 928 966 969 919 895 892 922 1018 851 155 150 145 142 169 170 536 735 736
1 3600 452
17
58 947 605 606 750 661 658 870 1043 863 65 62 45 42 76 633 195
1 3600 452
22
271 274 1046 875 681 678 846 898 543 538 139 135 132 175 176 39 34 740 705 706 905 906
1 3600 452
11
605 606 750 655 652 664 670 822 509 512 729
1 3600 452
16
271 274 1046 1005 1002 837 838 901 897 47 48 888 139 135 136 928
1 3600 376
11
57 58 271 274 1046 1005 1002 1025 1022 1027 959
1 3600 452
32
57 58 947 605 608 810 651 652 662 768 831 813 816 876 883 884 954 891 892 922 1015 25 22 140 705 710 703 163 160 180 127 128
1 3600 452
26
273 268 605 606 750 655 652 662 766 824 832 879 876 913 914 921 918 937 934 942 25 22 140 739 699 163
1 3600 452
23
61 58 947 605 606 752 810 651 652 666 681 678 846 898 543 544 941 361 356 983 789 39 34
1 3600 452
18
273 274 1046 1005 685 677 674 768 886 47 48 888 139 135 132 361 358 984
1 3600 452
14
61 58 947 605 606 750 655 652 664 670 824 832 888 539
1 3600 452
15
61 58 271 274 1046 1005 1002 1025 1022 1054 1031 527 524 944 952
1 3600 152
5
364 486 574 781 776
1 3600 152
5
365 366 578 781 776
1 3600 152
6
100 248 5 2 577 578
1 3600 139
17
631 632 77 74 858 403 400 712 716 467 417 411 406 422 341 337 334
1 3600 139
17
977 601 597 105 100 213 206 486 571 567 383 380 1086 291 294 321 318
1 3600 139
8
573 571 567 568 1080 1091 355 347
1 3600 150
13
636 499 500 672 399 396 401 404 438 29 30 457 452
1 3600 452
18
7 8 364 481 385 390 1074 479 449 444 712 714 475 33 30 457 452 686
1 3600 452
33
1008 219 103 98 614 642 648 593 588 963 193 194 628 157 158 203 200 556 15 10 721 722 265 266 759 756 842 731 728 872 1073 239 234
1 3600 452
45
1009 79 82 246 3 4 249 213 208 227 220 228 978 859 75 43 44 63 64 862 1042 581 559 556 15 12 748 798 755 756 842 731 519 516 823 671 665 653 654 751 607 604 946 59 56
1 3600 149
10
365 9 2 247 215 216 602 620 435 432
1 3600 149
3
249 101 102
1 3600 149
5
618 599 596 217 218
1 3600 149
6
601 597 594 643 644 635
1 3600 157
11
977 601 597 105 100 213 208 647 225 222 393
1 3600 157
3
639 499 500
1 3600 157
9
217 214 246 577 573 571 567 568 1080
1 3600 157
10
433 430 641 499 500 233 221 222 485 482
1 3600 157
11
977 601 597 594 471 472 636 499 496 403 400
1 3600 157
12
1051 89 81 84 244 583 3 8 364 481 385 386
1 3600 157
13
597 594 643 615 612 636 499 496 979 399 396 401 404
1 3600 157
10
3 8 211 208 227 220 232 501 494 585
1 3600 157
10
649 471 468 641 499 496 403 400 445 446
1 3600 157
12
597 105 100 213 206 481 484 393 307 308 396 401
1 3600 157
14
649 643 615 99 102 214 246 577 573 571 483 385 388 393
1 3600 157
12
217 218 1009 71 68 777 780 375 370 382 387 390
1 3600 157
6
635 636 499 500 672 399
1 3600 157
10
588 963 631 632 77 74 858 979 229 221
1 3600 157
7
208 647 225 220 230 394 1075
1 3600 157
9
246 3 8 364 481 484 393 307 310
1 3600 137
9
648 593 588 963 193 194 628 41 44
1 3600 452
19
487 207 208 227 220 228 978 859 585 586 860 862 563 564 559 556 257 19 20
1 3600 452
35
1008 219 103 104 598 619 187 190 726 733 734 806 167 168 143 144 109 110 27 24 1014 923 893 894 920 915 916 927 137 134 138 889 833 825 671
1 3600 452
33
216 602 619 187 190 726 733 734 537 171 168 183 184 701 698 709 704 741 35 38 788 359 360 940 545 542 899 847 679 680 874 1047 1048
1 3600 151
15
245 85 80 90 1016 219 103 104 598 620 435 432 590 623 626
1 3600 151
7
977 601 602 619 187 190 726
1 3600 151
4
988 963 535 171
1 3600 151
19
3 4 249 101 98 614 642 648 593 590 733 117 112 167 168 183 179 180 1032
1 3600 151
21
86 241 242 215 103 98 610 635 473 468 431 436 988 963 535 171 168 183 179 180 127
1 3600 151
8
614 642 648 435 432 590 623 626
1 3600 145
15
215 216 597 598 619 187 190 726 733 734 806 167 168 183 179
1 3600 145
12
208 647 225 220 232 501 494 75 76 633 195 196
1 3600 145
17
571 567 387 388 223 220 228 978 859 75 43 40 834 930 981 903 904
1 3600 215
17
573 487 481 484 223 220 232 501 494 585 586 63 66 158 203 198 850
1 3600 376
17
588 963 631 628 157 153 154 725 722 265 266 796 845 842 731 728 513
1 3600 452
24
213 208 227 220 228 978 859 75 43 44 63 66 153 119 27 24 943 935 932 1038 967 929 137 134
1 3600 452
42
2 582 986 73 68 1094 773 774 291 296 314 351 352 415 412 444 401 404 442 586 860 862 1042 581 565 560 203 204 15 10 801 798 755 756 840 880 965 877 878 49 46 896
1 3600 452
20
3 4 249 101 104 598 619 187 190 726 733 734 537 171 168 183 179 180 127 128
1 3600 411
17
78 1008 219 216 602 620 593 588 963 535 171 168 183 179 161 97 94
1 3600 452
10
193 194 628 157 153 119 27 24 943 37
1 3600 452
16
436 988 963 631 628 157 158 203 198 850 1019 923 893 894 918 937
1 3600 452
44
999 991 992 773 770 780 375 370 378 1084 1090 1092 395 231 232 501 494 75 43 44 63 64 862 563 564 559 556 257 251 254 803 798 795 796 845 840 882 913 916 927 137 134 138 539
1 3600 452
39
1016 219 103 98 612 636 499 494 585 586 860 862 1042 581 565 560 203 204 15 12 748 798 755 756 840 880 965 877 817 812 830 849 846 900 961 958 1028 827 55
1 3600 116
17
1007 77 74 495 500 233 221 224 646 209 210 364 486 574 781 771 772
1 3600 67
5
353 350 325 313 316
1 3600 67
6
373 370 378 1084 1089 377
1 3600 67
7
440 716 447 448 476 345 327
1 3600 48
9
717 714 1037 29 30 460 285 286 462
1 3600 266
13
567 568 1078 1084 355 350 325 322 303 300 342 695 281
1 3600 452
14
978 859 75 43 44 63 64 862 1042 871 868 1066 239 234
1 3600 452
15
1074 479 449 444 401 404 442 586 860 862 1042 871 659 660 751
1 3600 84
12
400 397 398 673 501 498 640 469 470 595 598 619
1 3600 84
5
570 572 576 247 215
1 3600 84
10
483 480 207 212 101 104 596 602 619 187
1 3600 84
8
633 630 962 989 437 430 469 472
1 3600 84
8
478 1075 391 384 480 365 9 2
1 3600 84
9
498 637 634 645 642 595 596 600 976
1 3600 84
7
225 220 228 673 501 498 638
1 3600 84
6
373 374 781 776 69 70
1 3600 84
6
480 365 211 212 101 102
1 3600 85
6
227 222 393 307 308 396
1 3600 85
3
393 394 1093
1 3600 85
6
978 859 75 43 40 157
1 3600 85
8
398 978 859 585 586 63 64 864
1 3600 85
7
415 416 466 717 441 442 586
1 3600 85
4
859 75 43 40
1 3600 85
7
712 441 442 586 45 40 834
1 3600 251
7
633 628 157 158 561 564 580
1 3600 411
13
499 494 75 43 44 860 862 1042 871 659 533 530 1010
1 3600 452
29
387 388 223 220 232 501 494 585 586 63 66 153 154 725 722 265 266 759 756 842 731 728 513 508 823 767 663 653 654
1 3600 56
13
1092 395 231 228 978 497 498 638 988 589 590 623 626
1 3600 70
13
390 1074 479 449 444 401 404 438 29 30 458 903 904
1 3600 70
9
712 714 475 33 30 457 450 903 904
1 3600 70
8
311 308 398 978 859 75 76 633
1 3600 67
10
308 398 978 859 75 43 40 834 930 149
1 3600 145
14
1007 633 628 157 153 119 111 106 23 24 1014 923 893 894
1 3600 452
32
1081 1077 1074 479 449 446 717 441 442 586 63 66 158 203 200 556 257 19 20 1001 803 798 795 796 845 840 882 877 878 49 46 887
1 3600 452
26
444 401 404 442 586 63 64 862 563 564 559 556 15 10 801 798 755 756 842 731 519 516 823 767 675 676
1 3600 452
12
633 195 192 535 171 168 183 179 180 127 123 120
1 3600 348
15
395 231 232 501 494 75 76 633 630 535 171 168 183 184 701
1 3600 452
14
220 228 978 859 75 43 44 63 66 153 119 27 24 943
1 3600 452
16
1007 633 628 834 930 149 144 109 106 23 24 943 935 938 491 492
1 3600 452
27
567 383 380 1083 1084 355 347 348 408 428 520 1037 29 30 458 903 904 707 708 738 741 35 38 177 174 940 545
1 3600 452
31
484 223 220 232 501 494 585 586 63 66 158 203 198 850 1019 923 893 894 918 968 1039 357 360 940 793 790 525 526 1030 1056 1060
1 3600 452
18
62 587 443 440 716 467 427 409 349 346 354 1085 379 371 374 781 771 772
1 3600 61
15
865 861 45 42 74 858 979 229 230 394 1075 1076 1078 1082 1086
1 3600 28
6
474 521 522 696 693 553
1 3600 98
10
44 587 443 438 1036 475 331 328 281 276
1 3600 376
7
1036 521 522 696 693 279 282
1 3600 452
9
862 1042 871 659 533 530 1012 751 607
1 3600 100
10
62 45 40 629 195 192 962 589 433 434
1 3600 39
7
587 584 495 500 233 230 394
1 3600 39
5
865 65 62 587 443
1 3600 39
6
45 42 74 858 979 229
1 3600 90
6
30 457 450 980 931 835
1 3600 39
9
835 157 158 203 204 257 19 20 1040
1 3600 141
6
860 862 1042 871 866 259
1 3600 452
6
865 862 1042 871 659 660
1 3600 238
9
40 834 930 149 142 183 179 180 1034
1 3600 64
3
930 981 903
1 3600 39
6
1037 29 30 458 980 149
1 3600 56
9
66 153 154 850 1019 923 893 894 918
1 3600 266
17
930 149 144 109 106 23 24 943 935 932 357 360 133 134 138 889 49
1 3600 452
24
64 862 1042 581 559 556 15 12 748 798 795 759 756 840 882 877 878 49 46 896 900 857 852 1020
1 3600 452
10
30 457 450 903 908 185 179 180 127 123
1 3600 452
6
930 981 903 904 761 703
1 3600 452
7
63 66 153 119 27 24 943
1 3600 452
15
862 563 560 203 198 850 1019 923 893 894 918 937 938 491 488
1 3600 452
12
63 66 153 119 111 106 140 741 35 38 177 172
1 3600 452
29
40 157 158 203 204 257 251 254 803 798 755 756 840 880 965 913 916 927 137 134 138 539 542 505 502 526 827 55 52
1 3600 452
25
17 18 256 557 201 202 159 67 62 45 42 74 495 500 233 221 226 209 210 366 578 781 776 1094 993
1 3600 266
13
1043 863 861 587 443 440 713 445 413 411 406 422 341
1 3600 79
8
563 560 159 156 834 930 981 451
1 3600 59
23
1065 237 238 1072 873 729 730 843 757 758 267 264 723 724 155 150 145 148 981 459 457 452 686
1 3600 141
5
1042 871 866 259 260
1 3600 452
18
1001 803 798 795 796 845 842 731 728 513 508 823 671 665 666 874 1047 275
1 3600 452
15
562 863 65 62 587 584 858 979 229 221 222 389 384 482 570
1 3600 145
13
863 861 45 42 74 858 979 399 309 306 392 389 386
1 3600 28
4
565 560 159 156
1 3600 215
17
559 556 15 10 721 722 265 266 796 845 842 731 728 872 1073 239 236
1 3600 43
14
20 1001 803 798 755 756 842 731 728 872 1073 239 236 263
1 3600 43
6
1065 263 258 867 659 656
1 3600 251
12
237 238 1072 511 508 823 767 675 676 684 1004 1070
1 3600 452
22
1065 263 258 867 870 581 565 560 203 198 155 150 145 142 169 166 807 735 732 727 191 188
1 3600 282
18
237 238 1072 873 729 730 843 757 754 799 800 721 724 155 150 145 148 981
1 3600 112
14
237 238 1072 873 729 730 843 840 884 954 891 892 922 1015
1 3600 34
11
559 556 257 251 252 748 798 795 759 756 840
1 3600 102
18
17 20 1001 803 798 755 756 840 882 913 910 967 929 137 134 138 539 540
1 3600 376
17
18 251 252 748 798 795 796 845 842 731 519 516 815 812 830 849 679
1 3600 452
21
1041 21 18 256 15 10 721 724 850 1019 1015 25 22 140 739 699 163 160 180 127 128
1 3600 452
13
21 18 256 205 198 155 119 27 22 140 705 710 703
1 3600 452
9
565 560 203 198 850 1019 1015 943 37
1 3600 452
15
17 20 1001 803 798 755 756 840 880 965 913 910 1039 983 984
1 3600 452
19
560 203 200 556 15 10 721 722 265 266 796 845 840 882 913 910 1039 357 360
1 3600 452
14
1065 237 238 1072 511 508 815 812 830 849 846 898 505 502
1 3600 452
20
258 867 870 1043 863 65 62 587 443 440 716 467 417 414 353 354 1085 379 371 374
1 3600 452
18
1067 869 870 1043 863 861 45 42 74 858 979 399 309 310 476 345 327 313
1 3600 180
15
869 870 581 565 560 159 156 834 930 981 459 460 285 286 464
1 3600 87
7
258 867 659 533 528 811 283
1 3600 44
3
1010 821 811
1 3600 110
11
258 867 659 533 530 1012 751 607 604 946 59
1 3600 452
23
238 1067 869 870 1043 863 65 62 587 584 495 500 233 221 224 646 209 206 365 9 2 582 986
1 3600 348
16
1097 821 811 283 278 692 339 299 302 323 324 376 1088 1085 1079 569
1 3600 161
4
867 870 1043 863
1 3600 68
19
652 662 766 822 517 518 730 843 844 797 794 799 749 13 14 557 558 580 1043
1 3600 68
3
870 1043 563
1 3600 61
5
529 532 658 866 259
1 3600 61
4
821 651 652 666
1 3600 61
13
868 1066 1072 873 515 516 823 767 675 680 874 1047 1048
1 3600 61
11
258 867 659 533 528 651 652 666 874 1047 1048
1 3600 452
24
657 658 868 1066 1072 873 729 730 843 757 754 799 802 255 250 256 205 202 159 156 629 630 535 536
1 3600 452
24
1010 821 651 652 662 768 886 47 48 888 139 135 136 928 363 356 933 934 37 34 740 705 710 760
1 3600 251
26
533 528 651 652 664 670 824 813 816 876 964 881 884 954 891 892 922 1015 25 22 140 739 709 706 905 906
1 3600 50
12
658 868 1066 1072 873 729 730 843 844 797 794 799
1 3600 64
8
1010 821 651 652 662 768 831 832
1 3600 64
10
262 237 238 1072 511 508 815 816 878 49
1 3600 72
8
660 655 652 666 681 676 682 838
1 3600 452
25
528 651 652 664 670 824 832 888 139 135 132 175 176 39 34 740 705 708 699 163 160 180 127 123 120
1 3600 452
13
666 681 678 846 898 543 544 951 173 176 39 34 742
1 3600 452
10
670 824 832 879 876 913 910 969 937 934
1 3600 452
19
533 528 651 652 662 768 886 47 48 888 139 135 136 928 363 358 984 491 492
1 3600 301
14
533 530 1012 655 652 666 681 678 846 898 543 544 941 361
1 3600 452
13
528 651 652 662 675 676 682 836 1025 1022 1054 1056 1060
1 3600 452
17
1013 1010 821 811 283 280 329 332 429 409 349 346 354 1085 1082 369 374
1 3600 452
8
667 653 650 811 283 278 692 339
1 3600 452
28
1045 1046 875 681 674 766 822 509 512 729 730 843 757 758 267 264 723 724 155 150 145 148 981 451 456 460 285 286
1 3600 348
28
1071 1005 1002 837 838 961 507 502 524 791 792 941 361 356 933 934 942 25 22 107 108 145 148 981 459 460 285 288
1 3600 112
6
661 658 868 1066 239 234
1 3600 59
5
874 1047 275 270 59
1 3600 452
25
275 268 605 608 283 280 694 696 549 421 419 319 320 295 290 779 776 69 72 987 245 85 78 1008 219
1 3600 452
32
1005 685 677 678 848 831 813 814 517 518 730 843 757 754 799 749 13 14 557 201 202 159 67 62 45 42 74 858 979 229 221 224
1 3600 452
10
1049 275 268 605 606 752 283 280 329 330
1 3600 348
11
1071 875 667 653 650 529 532 658 866 259 262
1 3600 34
6
1013 531 532 658 866 259
1 3600 34
7
1049 1046 875 667 653 650 820
1 3600 98
6
1049 275 268 605 606 750
1 3600 452
31
1046 1005 1002 1025 853 854 959 507 504 543 538 139 135 136 926 917 914 921 895 892 922 1015 25 22 140 739 699 163 160 180 1032
1 3600 452
20
655 652 664 670 822 509 512 729 730 843 844 797 267 264 723 724 155 152 156 629
1 3600 452
16
1005 1002 1025 853 854 1028 527 524 944 783 784 173 176 39 34 740
1 3600 196
14
681 674 768 886 47 48 879 876 883 841 757 754 799 800
1 3600 80
7
1046 1005 685 677 678 848 831
1 3600 39
6
1005 685 682 838 961 958
1 3600 452
29
1071 1005 1002 1025 1022 1054 1031 527 524 791 792 941 361 356 933 934 942 25 22 140 705 710 703 700 185 179 180 127 128
1 3600 452
26
1045 1046 875 681 674 766 824 813 816 876 964 881 884 954 891 892 922 1015 25 22 140 739 699 163 97 92
1 3600 452
17
1005 685 682 838 961 507 504 543 538 139 135 136 928 966 969 937 934
1 3600 452
20
1045 1046 1005 1002 837 838 901 897 47 48 888 139 135 136 928 363 358 984 491 492
1 3600 452
11
1005 1002 1025 1022 1027 1028 527 524 791 787 784
1 3600 452
8
681 678 846 900 857 854 1028 827
1 3600 452
21
126 181 178 182 169 166 113 116 732 727 191 186 618 599 105 102 218 1017 995 992 773
1 3600 282
19
737 732 727 191 186 618 603 217 214 83 84 244 986 73 68 777 778 291 296
1 3600 452
19
591 433 436 639 499 496 403 400 445 413 416 427 424 423 303 304 418 420 546
1 3600 452
9
1035 181 178 184 909 902 451 452 686
1 3600 452
22
737 117 112 167 168 143 144 151 154 725 722 265 266 759 756 842 731 728 872 1073 239 234
1 3600 452
31
167 168 183 184 924 707 704 141 23 24 1014 923 893 890 955 885 880 965 877 817 812 825 671 665 653 654 751 607 604 946 59
1 3600 82
20
181 178 182 169 170 534 962 989 437 430 469 472 613 99 100 248 5 2 577 573
1 3600 82
9
189 186 618 599 105 100 248 5 6
1 3600 82
8
732 591 592 649 643 615 99 102
1 3600 82
4
115 116 732 591
1 3600 48
14
809 737 734 537 534 193 194 632 77 74 858 979 399 309
1 3600 266
7
534 631 628 41 44 860 864
1 3600 452
13
809 737 734 806 167 168 143 144 151 154 199 202 561
1 3600 452
26
171 168 183 184 701 698 738 741 35 36 935 938 985 359 362 929 137 134 138 889 833 830 769 663 653 650
1 3600 452
28
809 737 734 537 171 168 183 184 701 702 711 704 741 35 38 177 172 785 782 945 525 503 506 960 839 683 684 1004
1 3600 64
3
625 622 733
1 3600 83
9
627 622 733 117 112 167 168 183 184
1 3600 83
6
805 169 170 534 193 194
1 3600 83
4
807 537 534 631
1 3600 83
4
167 168 183 184
1 3600 83
4
806 167 168 183
1 3600 83
6
537 171 168 183 184 924
1 3600 156
4
167 168 143 146
1 3600 376
18
591 588 963 193 194 628 157 158 203 204 15 10 801 798 755 756 840 880
1 3600 452
19
734 537 171 168 143 144 109 106 23 24 1014 923 893 894 920 915 916 927 137
1 3600 452
26
115 112 807 537 534 631 628 157 153 119 27 24 943 935 932 357 360 940 793 790 525 526 1029 1026 1023 1020
1 3600 74
10
733 117 112 167 168 183 179 180 127 123
1 3600 98
7
171 168 183 184 701 698 709
1 3600 452
13
591 588 963 193 194 628 157 153 119 27 24 943 37
1 3600 452
19
622 591 588 963 631 628 834 930 149 144 109 106 23 24 943 935 938 491 492
1 3600 452
16
734 806 167 168 183 184 701 698 738 741 35 38 177 172 785 786
1 3600 452
29
591 433 436 639 499 494 75 43 44 63 66 153 154 850 1019 923 893 894 918 968 1039 983 359 360 940 793 787 782 952
1 3600 452
18
178 182 169 170 536 735 732 727 191 186 618 603 217 218 1017 91 86 991
1 3600 205
13
905 902 459 31 32 474 715 716 447 448 478 1093 1091
1 3600 251
8
909 902 451 456 31 32 331 328
1 3600 452
14
125 122 126 181 161 162 702 760 905 902 459 460 285 288
1 3600 452
22
707 704 141 23 24 1014 923 893 890 955 885 882 877 878 49 46 887 769 663 653 650 811
1 3600 452
24
143 144 151 154 725 722 265 266 796 845 842 731 519 516 823 671 665 653 654 751 607 604 946 59
1 3600 42
19
925 185 182 169 166 113 116 732 727 191 186 618 599 105 102 218 1017 91 88
1 3600 21
12
194 632 77 74 495 500 233 230 394 1075 1076 1080
1 3600 76
7
632 77 74 858 403 404 438
1 3600 452
10
980 931 835 157 158 203 200 556 257 19
1 3600 452
18
161 162 698 738 141 23 24 1014 1018 851 199 202 561 564 580 871 659 656
1 3600 452
18
632 77 74 858 403 400 712 714 521 522 695 691 279 282 810 820 1011 1012
1 3600 30
6
192 962 589 590 623 624
1 3600 30
5
182 169 166 113 114
1 3600 54
4
903 908 185 182
1 3600 34
6
197 194 628 157 153 119
1 3600 34
10
125 122 126 181 161 162 702 711 704 141
1 3600 96
13
161 162 698 738 141 23 26 118 154 725 722 265 266
1 3600 452
15
904 761 711 704 741 35 38 788 982 1038 911 912 877 817 818
1 3600 452
19
184 924 707 708 738 741 35 36 935 936 968 967 929 137 134 138 539 542 899
1 3600 150
5
183 179 180 127 128
1 3600 43
3
701 702 711
1 3600 133
10
194 628 834 930 149 144 109 106 140 741
1 3600 322
20
628 157 158 203 204 15 12 748 798 795 759 756 840 880 965 913 910 1039 983 789
1 3600 452
10
184 924 761 711 704 741 35 38 788 359
1 3600 452
31
194 632 77 43 44 860 862 1042 581 559 556 257 251 254 803 798 755 756 840 882 913 916 927 137 134 138 539 544 793 790 944
1 3600 452
15
148 931 835 41 42 74 858 979 229 221 226 209 206 486 574
1 3600 301
13
907 902 451 456 31 28 439 405 400 445 413 414 345
1 3600 238
9
25 22 107 108 145 148 981 451 452
1 3600 452
8
108 145 148 981 459 457 452 686
1 3600 452
18
147 144 151 154 725 720 801 798 795 796 845 842 731 728 872 1073 239 234
1 3600 452
24
907 904 707 708 738 141 23 24 1014 923 893 894 920 915 912 877 817 812 825 767 663 653 654 751
1 3600 161
10
152 156 629 195 192 962 989 437 434 649
1 3600 52
8
851 155 152 67 62 587 584 858
1 3600 41
7
152 67 62 587 443 438 29
1 3600 156
15
118 154 725 722 265 266 759 756 842 731 728 872 1073 239 236
1 3600 225
15
151 154 725 720 801 798 755 756 842 731 519 516 823 671 665
1 3600 452
17
27 24 943 935 932 357 360 133 134 138 889 49 46 896 847 679 680
1 3600 141
10
106 140 705 710 703 163 160 180 127 130
1 3600 30
9
140 739 699 163 160 180 127 123 124
1 3600 30
7
110 118 152 156 629 195 196
1 3600 84
5
851 155 150 145 148
1 3600 39
14
141 23 24 1014 923 893 890 955 885 841 842 731 728 513
1 3600 39
7
151 154 725 722 265 266 759
1 3600 39
5
1014 1018 851 199 200
1 3600 156
12
23 24 1014 923 893 894 920 915 912 877 817 814
1 3600 452
15
24 943 935 938 985 359 360 940 545 542 505 506 960 839 836
1 3600 452
8
907 904 925 185 179 180 127 128
1 3600 105
9
119 111 106 140 705 710 703 163 97
1 3600 70
4
110 27 24 943
1 3600 110
7
106 23 24 943 935 938 985
1 3600 282
9
24 943 37 38 177 174 133 134 138
1 3600 452
13
1019 923 893 894 920 915 916 927 137 132 940 793 790
1 3600 452
23
264 723 720 11 14 557 558 565 562 863 861 587 443 440 713 397 309 306 392 485 482 570 574
1 3600 411
26
881 841 844 797 794 799 802 255 250 256 205 202 159 67 62 587 443 440 716 467 417 414 353 350 315 297
1 3600 238
14
11 14 557 201 202 159 156 834 930 981 459 460 285 286
1 3600 322
14
558 565 562 863 861 587 443 440 714 475 331 328 281 276
1 3600 452
11
883 841 842 731 728 872 1073 239 236 263 260
1 3600 452
16
915 912 877 878 49 46 896 900 839 836 1003 1004 1047 275 270 59
1 3600 348
16
205 202 159 67 62 45 42 74 495 500 233 221 226 209 210 9
1 3600 145
16
971 919 895 892 922 1018 851 199 202 561 562 863 861 587 443 440
1 3600 72
8
749 13 14 557 201 202 159 156
1 3600 119
13
873 729 730 843 757 754 799 800 11 14 557 558 580
1 3600 119
4
253 250 19 16
1 3600 111
5
558 580 871 659 533
1 3600 111
12
254 803 798 795 796 845 842 731 728 872 1073 239
1 3600 266
12
880 965 877 817 812 830 849 679 676 684 1004 1047
1 3600 411
18
512 729 730 843 757 758 267 264 723 724 155 150 145 142 169 170 536 735
1 3600 102
8
1015 25 22 140 739 699 700 185
1 3600 133
8
891 892 922 1015 25 26 111 108
1 3600 133
3
721 724 155
1 3600 133
7
917 914 921 895 892 922 1015
1 3600 133
3
1015 25 26
1 3600 133
5
921 918 937 934 942
1 3600 133
5
719 724 155 150 109
1 3600 133
8
917 910 969 937 934 942 25 26
1 3600 133
17
964 881 841 844 797 794 799 802 255 250 256 205 202 159 156 834 930
1 3600 135
7
748 798 755 756 840 880 1062
1 3600 135
8
729 730 843 840 884 954 891 894
1 3600 135
9
895 890 955 885 841 757 754 799 802
1 3600 135
11
722 265 266 796 845 840 882 913 916 927 137
1 3600 135
7
513 508 815 816 878 49 50
1 3600 135
13
923 893 894 918 968 967 929 137 134 138 889 833 830
1 3600 135
9
923 893 890 955 885 882 877 817 818
1 3600 135
4
920 915 912 877
1 3600 135
4
880 965 877 878
1 3600 135
3
965 877 878
1 3600 135
10
748 798 755 756 842 731 519 516 815 816
1 3600 135
6
513 508 823 824 832 49
1 3600 133
16
801 798 795 796 845 842 731 728 515 516 815 812 830 849 846 900
1 3600 452
14
937 934 37 34 740 705 710 703 700 185 179 180 127 123
1 3600 301
14
267 264 723 724 850 1019 1015 25 22 140 739 699 163 97
1 3600 125
6
913 910 1039 983 789 39
1 3600 124
3
971 968 1039
1 3600 124
9
957 954 891 894 918 937 938 491 492
1 3600 124
6
910 1039 983 984 491 488
1 3600 139
4
916 927 137 132
1 3600 139
7
910 1039 357 360 175 172 950
1 3600 282
14
893 894 918 968 967 929 137 134 138 539 542 505 502 526
1 3600 452
38
541 538 139 135 136 926 917 912 883 841 757 754 799 749 13 14 557 558 565 562 863 65 62 45 42 74 858 979 229 221 222 389 386 566 373 374 781 771
1 3600 452
14
663 653 650 811 283 278 690 694 343 340 423 323 324 376
1 3600 452
19
48 879 876 964 881 841 844 797 267 264 723 724 155 150 145 148 981 451 452
1 3600 452
9
887 769 663 653 650 811 283 276 616
1 3600 411
7
812 825 671 665 653 650 811
1 3600 452
13
138 889 833 825 767 663 653 654 751 607 604 269 272
1 3600 452
29
831 813 814 517 518 730 843 757 758 794 799 749 13 14 205 202 159 156 629 630 962 589 592 621 603 217 214 83 80
1 3600 452
25
879 876 883 841 757 754 799 800 11 14 557 558 580 1043 863 861 45 42 74 495 500 672 399 309 310
1 3600 282
22
966 911 912 964 881 841 844 797 794 799 802 1000 21 18 256 557 201 202 561 562 863 65
1 3600 150
11
879 876 883 841 757 754 799 802 1000 21 16
1 3600 30
11
541 542 899 847 679 680 667 653 650 820 1096
1 3600 90
6
814 823 671 665 653 654
1 3600 452
17
819 816 876 913 910 1039 983 789 39 34 740 705 708 699 163 160 180
1 3600 452
15
824 832 888 139 135 132 175 176 39 34 740 739 709 706 905
1 3600 161
14
766 822 517 518 730 843 844 797 267 264 723 724 155 119
1 3600 51
13
135 136 926 917 914 921 895 892 922 1018 851 199 202
1 3600 51
4
926 917 912 883
1 3600 51
14
926 917 912 964 881 841 757 758 794 799 749 253 250 256
1 3600 51
12
51 48 833 813 814 509 512 729 730 843 757 754
1 3600 72
6
824 832 888 139 135 136
1 3600 54
5
830 886 896 900 839
1 3600 54
6
49 46 896 900 857 852
1 3600 54
6
675 676 682 838 961 958
1 3600 452
21
768 849 846 898 543 544 951 173 176 39 34 740 705 710 703 700 185 179 180 127 123
1 3600 452
14
886 47 48 888 139 135 136 928 363 358 789 39 34 742
1 3600 452
10
815 816 876 913 910 969 937 934 37 34
1 3600 105
9
768 831 832 888 139 135 132 361 356
1 3600 37
3
832 888 539
1 3600 100
8
134 138 539 544 951 785 782 952
1 3600 452
38
745 746 685 677 674 766 822 517 518 730 843 844 797 794 799 802 255 250 256 205 202 159 67 62 587 584 495 500 233 230 394 1075 1076 1078 1082 1086 775 770
1 3600 452
16
1053 1023 1024 1003 1004 1047 275 268 605 608 283 278 553 551 421 419
1 3600 452
20
961 507 502 524 791 792 941 361 356 933 934 942 25 22 107 108 145 148 981 459
1 3600 452
14
1027 855 856 839 683 677 680 667 653 650 811 283 276 616
1 3600 452
14
1021 853 856 901 897 887 831 813 814 509 510 1073 239 234
1 3600 452
5
683 684 1004 1047 275
1 3600 452
25
674 766 822 517 514 729 730 843 757 754 799 800 11 14 557 201 202 159 156 629 630 962 989 437 434
1 3600 452
31
838 901 897 47 48 879 876 883 841 757 758 794 799 749 13 14 557 558 580 1043 863 861 45 42 74 858 979 229 221 224 646
1 3600 452
23
847 848 831 813 814 509 512 729 730 843 844 797 794 799 802 255 250 256 205 202 159 156 834
1 3600 452
19
1027 959 960 901 897 47 48 879 876 964 881 841 757 754 799 802 1000 21 16
1 3600 66
11
1023 1024 837 683 677 680 667 653 654 661 656
1 3600 84
3
680 874 1047
1 3600 84
4
680 667 653 654
1 3600 452
20
507 502 524 944 783 784 173 176 39 36 942 25 22 107 108 145 142 169 166 113
1 3600 452
27
1021 1022 1054 1031 527 503 504 543 538 139 135 136 928 966 969 919 895 892 922 1018 851 155 152 156 629 195 196
1 3600 452
16
961 507 504 543 544 941 361 356 933 934 942 25 22 107 108 145
1 3600 107
9
846 898 543 538 139 135 136 926 917
1 3600 89
7
745 746 685 677 678 848 831
1 3600 89
9
1025 853 854 959 507 504 543 538 139
1 3600 89
6
901 847 848 831 813 818
1 3600 89
8
1053 1054 1031 527 503 504 543 540
1 3600 89
5
746 685 677 674 768
1 3600 78
5
745 746 1002 1025 1020
1 3600 452
13
898 543 544 951 173 176 39 34 740 739 699 163 164
1 3600 452
14
1025 853 854 1028 527 524 944 783 784 173 176 39 34 742
1 3600 452
14
961 507 502 524 791 792 941 361 358 984 939 934 37 34
1 3600 348
14
682 838 961 507 502 524 791 792 941 361 358 984 491 488
1 3600 82
7
678 846 898 543 544 951 948
1 3600 95
4
837 838 961 507
1 3600 95
10
745 746 1002 1025 1022 1054 1056 53 54 828
1 3600 452
20
122 126 181 178 182 169 170 536 735 732 727 191 186 618 599 105 102 218 1017 995
1 3600 452
16
121 122 126 181 178 184 909 902 451 456 31 28 1036 521 429 424
1 3600 452
12
165 162 702 760 905 902 459 31 32 331 328 691
1 3600 452
10
121 122 126 181 178 184 909 902 451 454
1 3600 452
22
121 122 126 181 161 162 698 709 704 141 23 26 118 152 67 64 862 1042 871 866 259 260
1 3600 452
27
121 122 126 181 161 162 698 738 741 35 38 177 172 785 782 945 525 526 1030 1055 1023 1024 1003 1004 1047 275 270
1 3600 266
19
129 126 181 178 182 169 170 534 962 589 433 430 469 472 634 611 99 100 213
1 3600 376
16
165 162 702 760 905 902 459 31 28 1036 715 713 445 448 478 1075
1 3600 452
11
122 126 181 178 182 143 144 151 152 67 64
1 3600 452
13
129 126 181 178 182 143 144 151 154 199 202 561 564
1 3600 452
20
122 126 181 161 162 702 711 704 141 107 110 118 152 158 561 564 580 871 659 656
1 3600 452
20
121 122 126 181 161 162 698 738 741 35 38 177 172 950 545 542 899 847 679 680
1 3600 45
11
165 162 700 185 182 169 166 807 735 736 808
1 3600 89
3
165 162 700
1 3600 411
7
165 162 702 711 704 141 23
1 3600 452
13
165 162 698 738 141 23 26 118 154 725 720 11 12
1 3600 452
21
121 122 126 181 178 182 143 144 151 154 725 722 265 266 759 756 842 731 728 513 508
1 3600 452
22
121 122 126 181 161 162 698 709 704 741 35 38 177 174 940 545 542 505 506 960 839 683
1 3600 251
3
121 122 128
1 3600 35
3
165 162 698
1 3600 452
12
122 126 181 178 184 701 698 738 141 23 24 943
1 3600 452
13
165 162 702 711 704 141 23 24 943 935 938 491 492
1 3600 452
16
122 126 181 178 184 924 707 704 741 35 36 935 932 357 360 940
1 3600 452
18
121 122 126 181 178 184 701 698 738 741 35 38 177 172 785 786 790 525
1 3600 452
21
96 160 178 182 169 166 113 116 732 727 191 186 618 603 217 218 1009 71 68 1094 773
1 3600 452
18
95 96 162 702 760 905 902 451 456 31 28 439 405 400 445 413 411 349
1 3600 452
6
706 905 902 459 460 285
1 3600 452
12
95 96 162 702 760 905 902 451 456 460 285 288
1 3600 452
16
711 706 905 902 980 931 835 41 44 860 862 1042 871 866 259 260
1 3600 452
28
93 96 162 698 738 141 23 24 943 935 932 357 362 929 137 134 138 889 833 825 767 663 653 654 751 607 604 946
1 3600 266
12
699 700 185 182 169 170 534 962 989 437 430 469
1 3600 238
15
160 178 182 169 170 534 631 632 77 74 495 500 233 221 222
1 3600 452
11
95 96 162 702 760 905 902 459 31 32 474
1 3600 452
13
702 711 704 141 23 24 1014 1018 851 199 204 257 19
1 3600 452
18
698 738 741 35 38 788 359 362 929 137 134 138 889 49 46 887 769 663
1 3600 452
26
162 702 711 704 141 23 24 943 935 938 985 359 360 940 545 542 505 506 958 1026 1023 1024 1003 1004 1047 1048
1 3600 79
9
743 740 705 706 925 185 179 180 127
1 3600 32
5
698 709 706 905 902
1 3600 93
5
698 738 141 107 110
1 3600 205
17
711 704 141 23 26 118 154 725 720 801 798 755 756 842 731 728 513
1 3600 452
18
711 704 141 23 24 1014 923 893 894 920 915 916 927 137 134 138 539 540
1 3600 452
18
93 96 162 698 738 741 35 38 177 172 950 793 790 525 526 1030 1055 1052
1 3600 46
5
96 160 180 127 123
1 3600 119
3
163 97 92
1 3600 41
3
743 35 36
1 3600 251
13
93 96 162 698 738 141 23 24 943 935 938 491 488
1 3600 452
21
96 162 702 711 704 141 23 24 1014 923 893 894 918 968 967 929 137 134 138 539 542
1 3600 452
13
743 35 38 177 172 785 782 945 525 526 827 55 52
1 3600 452
22
740 141 107 110 118 152 67 62 587 443 440 716 447 448 478 1093 1091 1089 293 290 775 772
1 3600 452
19
740 141 23 26 118 152 156 41 42 74 858 979 229 230 394 1075 1076 1078 1082
1 3600 452
18
740 141 107 110 118 152 67 62 587 443 440 716 467 427 428 522 696 693
1 3600 452
21
942 25 26 118 152 67 62 587 443 405 400 445 413 411 406 303 298 338 693 279 276
1 3600 452
16
36 935 936 919 895 890 955 885 841 842 731 728 872 1073 239 234
1 3600 452
19
35 38 788 359 360 133 134 138 889 833 825 671 665 653 654 751 607 604 269
1 3600 452
15
740 141 107 108 145 148 931 835 629 195 192 962 589 592 621
1 3600 348
11
740 141 23 26 118 152 156 41 42 74 858
1 3600 452
12
942 25 22 107 108 145 148 981 451 456 31 32
1 3600 452
10
36 942 1014 1018 851 199 200 556 257 19
1 3600 452
17
36 942 1014 1018 851 725 722 265 266 796 845 842 731 728 872 1073 1067
1 3600 452
14
38 788 982 1038 911 912 877 817 812 830 769 663 653 654
1 3600 322
12
942 25 26 111 108 145 142 169 170 536 735 736
1 3600 84
6
740 739 699 700 185 182
1 3600 51
6
36 942 25 22 107 108
1 3600 72
5
942 1014 1018 851 199
1 3600 348
10
36 935 932 357 362 929 137 134 138 889
1 3600 452
9
38 177 174 940 545 542 899 847 679
1 3600 452
10
740 705 710 703 163 160 180 127 123 120
1 3600 34
9
942 25 22 140 739 699 163 97 94
1 3600 34
6
35 36 935 938 491 488
1 3600 225
3
38 788 359
1 3600 452
14
35 36 935 932 357 360 940 793 790 525 526 1030 1056 1058
1 3600 452
34
982 1038 911 912 883 841 757 754 799 749 13 14 557 558 565 562 863 65 62 587 584 495 500 233 221 222 485 482 570 572 578 781 771 772
1 3600 452
23
936 919 895 892 922 1018 851 199 202 561 562 863 861 45 42 74 858 979 399 309 310 476 345
1 3600 452
18
489 490 939 936 919 895 892 922 1018 851 155 150 145 148 981 459 460 996
1 3600 452
16
177 174 133 134 138 889 833 825 671 665 653 650 811 283 276 616
1 3600 452
13
1038 911 912 877 878 49 46 887 769 663 653 650 811
1 3600 452
20
489 490 985 359 360 940 545 542 505 506 960 839 836 1003 1004 1047 275 270 59 56
1 3600 452
26
1038 911 912 964 881 841 844 797 267 264 723 720 11 14 557 558 580 1043 863 65 62 587 584 495 498 637
1 3600 452
24
1038 911 912 883 841 757 758 794 799 800 11 14 205 202 159 156 41 42 74 858 979 229 230 392
1 3600 452
18
939 936 919 895 892 922 1018 851 199 202 561 562 863 861 587 443 438 29
1 3600 452
14
788 982 1038 911 912 964 881 841 757 754 799 802 1000 21
1 3600 376
16
489 490 939 936 919 895 890 955 885 841 842 731 728 872 1073 239
1 3600 452
16
490 985 359 362 929 137 134 138 889 833 825 767 675 680 874 1070
1 3600 452
13
939 934 942 25 22 107 108 145 142 169 166 113 114
1 3600 238
14
490 939 936 919 895 892 922 1018 851 199 202 159 156 629
1 3600 93
14
1038 911 912 883 841 844 797 267 264 723 724 155 150 145
1 3600 29
11
982 1038 911 912 964 881 841 757 754 799 802
1 3600 87
9
982 357 360 133 134 138 889 49 50
1 3600 301
11
177 172 785 782 945 525 503 506 958 1026 1052
1 3600 452
11
939 934 942 25 22 140 705 710 703 163 164
1 3600 251
6
490 939 934 37 34 742
1 3600 41
3
983 789 39
1 3600 122
3
490 985 982
1 3600 23
8
490 985 359 362 929 137 134 138
1 3600 238
9
932 357 360 940 793 790 525 526 1030
1 3600 452
34
133 136 926 917 912 883 841 844 797 794 799 749 253 250 256 557 558 580 1043 863 65 62 587 584 495 500 233 221 226 209 210 366 578 781
1 3600 452
34
174 361 356 1038 911 912 964 881 841 757 758 794 799 749 13 14 205 202 561 562 863 861 45 42 74 858 979 399 309 310 478 1093 1091 1085
1 3600 452
14
889 49 46 887 769 663 653 650 811 283 280 691 692 549
1 3600 452
20
950 941 361 356 933 936 919 895 892 922 1015 25 26 111 108 145 148 981 451 454
1 3600 452
11
950 545 538 889 833 825 671 665 653 650 811
1 3600 452
14
785 786 790 525 503 506 960 839 683 684 1004 1047 275 270
1 3600 452
30
139 135 136 926 917 912 883 841 757 754 799 802 255 250 256 557 201 202 159 156 629 630 962 589 433 434 649 595 105 100
1 3600 452
17
361 356 933 936 919 895 892 922 1018 851 155 152 67 62 587 443 440
1 3600 452
21
538 139 135 136 926 917 912 964 881 841 844 797 267 264 723 720 11 14 205 202 159
1 3600 452
13
133 136 928 966 911 912 883 841 757 754 799 802 1000
1 3600 266
12
174 133 134 138 889 879 817 814 509 510 1073 1067
1 3600 452
4
899 847 679 680
1 3600 452
19
787 784 173 176 39 36 942 25 22 107 108 145 142 169 170 536 735 736 808
1 3600 452
17
139 135 136 928 966 969 919 895 892 922 1018 851 155 152 156 629 195
1 3600 282
19
538 139 135 136 926 917 914 921 895 892 922 1015 25 22 140 705 706 905 906
1 3600 55
10
889 833 825 822 517 518 730 843 844 797
1 3600 35
4
538 889 833 825
1 3600 80
11
172 950 545 542 505 506 960 857 852 1024 1003
1 3600 452
13
358 789 39 34 740 739 699 700 185 179 180 127 123
1 3600 452
6
176 39 34 740 739 699
1 3600 322
3
356 933 934
1 3600 52
5
792 941 361 358 984
1 3600 52
6
949 173 176 788 984 491
1 3600 85
4
172 950 545 542
1 3600 50
8
782 945 525 526 827 55 52 1058
1 3600 50
9
172 785 786 790 525 526 1030 1056 1058
1 3600 452
25
826 1029 855 852 1024 1003 1004 1047 275 268 605 606 752 283 280 694 343 301 304 319 317 297 290 779 776
1 3600 452
30
1055 1027 855 856 901 897 887 769 766 822 509 510 1073 1067 869 870 1043 863 861 587 443 440 716 467 417 414 353 350 376 293
1 3600 452
14
503 504 899 847 848 769 663 653 650 811 283 278 553 551
1 3600 452
29
1055 1027 855 856 901 897 887 831 813 814 517 514 729 730 843 757 758 267 264 723 724 155 150 145 148 981 451 452 686
1 3600 452
19
54 826 1029 959 960 839 683 677 674 766 822 509 510 1073 1067 869 866 259 260
1 3600 452
10
1055 1023 1024 1003 1004 1047 275 270 59 56
1 3600 452
32
826 1029 855 856 901 897 47 48 879 817 814 517 518 730 843 757 754 799 800 11 14 557 201 202 159 156 629 195 192 962 989 437
1 3600 452
27
503 504 899 847 848 831 813 814 509 510 1073 1067 869 870 1043 863 65 62 45 42 74 858 979 229 230 394 1093
1 3600 452
27
1029 959 960 839 683 677 674 766 822 517 514 729 730 843 844 797 794 799 749 253 250 256 557 558 580 1043 863
1 3600 452
15
503 504 899 897 47 48 879 817 814 509 510 1073 239 236 1064
1 3600 376
12
1057 1055 1023 1024 1003 1004 875 667 653 654 1013 1010
1 3600 411
11
829 55 52 1057 1055 1023 1024 1003 1004 1047 1048
1 3600 452
16
783 786 792 941 361 356 933 934 942 25 26 111 108 145 142 169
1 3600 452
12
953 783 784 173 176 39 34 740 705 706 925 185
1 3600 452
21
54 826 527 503 504 543 538 139 135 136 928 966 969 919 895 892 922 1015 25 22 140
1 3600 205
9
945 791 792 545 538 139 135 136 926
1 3600 85
6
503 504 899 847 848 831
1 3600 82
8
1059 1057 1055 1023 1024 1003 747 744
1 3600 82
4
945 525 503 506
1 3600 452
26
54 826 1029 855 856 901 897 47 48 879 876 964 881 884 954 891 892 922 1015 25 22 140 739 699 163 164
1 3600 452
12
54 826 527 524 944 783 784 173 176 39 34 742
1 3600 452
9
527 524 791 792 941 361 356 933 934
1 3600 251
13
1061 1057 1031 527 524 791 792 941 361 358 984 491 492
1 3600 90
4
783 784 950 545
1 3600 90
4
953 783 784 173
1 3600 90
3
791 792 941
1 3600 90
12
1057 1031 527 503 504 543 538 139 135 136 928 363
1 3600 116
3
826 527 524
