371
36.17047 117.03075 1 0
36.209698 117.043526 2 0
36.20979 117.040855 3 0
36.19952 117.03532 4 0
36.195942 117.05581 5 0
36.16225 117.03993 6 0
36.16777 117.058846 7 1
36.167904 117.05918 8 1
36.166016 117.051125 9 1
36.160927 117.03654 10 1
36.164104 117.034706 11 1
36.164005 117.034645 12 1
36.1446 117.144066 13 1
36.144287 117.14444 14 1
36.157024 117.04049 15 1
36.161385 117.03669 16 1
36.161232 117.03632 17 1
36.15278 117.045204 18 1
36.153038 117.04547 19 1
36.153183 117.045296 20 1
36.152935 117.045006 21 1
36.1474 117.065056 22 1
36.147713 117.06517 23 1
36.16135 117.06653 24 1
36.156094 117.104385 25 0
36.16935 117.068504 26 1
36.1658 117.0513 27 0
36.173515 117.046585 28 1
36.168087 117.058556 29 1
36.1611 117.066376 30 1
36.16097 117.06672 31 1
36.155922 117.10434 32 0
36.1586 117.03909 33 1
36.15837 117.039314 34 0
36.157944 117.07552 35 1
36.157692 117.07536 36 1
36.157883 117.07571 37 1
36.159267 117.041954 38 0
36.15949 117.041794 39 1
36.13748 117.07305 40 0
36.14809 117.07736 41 1
36.148365 117.07721 42 1
36.148365 117.07686 43 1
36.14808 117.07701 44 1
36.137745 117.07277 45 0
36.138653 117.073044 46 1
36.13924 117.06315 47 0
36.18083 117.030365 48 0
36.174633 117.05379 49 1
36.174664 117.05358 50 0
36.16913 117.04566 51 1
36.14596 117.14991 52 0
36.17004 117.10653 53 0
36.164764 117.12094 54 0
36.209663 117.06649 55 0
36.17656 117.075226 56 0
36.192116 117.10623 57 0
36.191093 117.12434 58 1
36.19614 117.12348 59 0
36.179256 117.095695 60 1
36.18971 117.07504 61 0
36.178196 117.093834 62 1
36.176453 117.09051 63 1
36.176544 117.09071 64 1
36.18015 117.09809 65 1
36.18222 117.10386 66 1
36.200535 117.06425 67 1
36.1846 117.03553 68 1
36.182156 117.04421 69 1
36.182213 117.035515 70 1
36.18221 117.03581 71 1
36.18158 117.03196 72 0
36.18456 117.03581 73 1
36.202267 117.09109 74 0
36.185375 117.030365 75 0
36.17661 117.04068 76 1
36.17673 117.040436 77 1
36.183094 117.030334 78 0
36.185974 117.11364 79 0
36.137817 117.11218 80 0
36.141586 117.07624 81 0
36.160328 117.034744 82 1
36.18334 117.030304 83 0
36.176796 117.126854 84 1
36.177273 117.1268 85 1
36.17731 117.12309 86 1
36.180027 117.10646 87 1
36.18228 117.10455 88 1
36.186024 117.11385 89 1
36.187454 117.12352 90 1
36.188095 117.13183 91 1
36.19251 117.07605 92 0
36.195026 117.09334 93 0
36.195324 117.09975 94 1
36.199337 117.10624 95 1
36.20164 117.099556 96 1
36.1963 117.12486 97 0
36.19756 117.13402 98 1
36.197575 117.13548 99 1
36.19881 117.12456 100 1
36.205963 117.11078 101 1
36.185513 117.0304 102 0
36.200073 117.11084 103 1
36.208183 117.142746 104 0
36.209595 117.122345 105 0
36.17695 117.0325 106 1
36.179943 117.030464 107 0
36.202 117.09477 108 1
36.187824 117.10374 109 0
36.16835 117.06096 110 1
36.19218 117.1073 111 0
36.170834 117.111046 112 1
36.171093 117.079575 113 1
36.171215 117.08307 114 1
36.18484 117.04336 115 1
36.187172 117.10745 116 0
36.137714 117.09396 117 0
36.15673 117.09321 118 0
36.17097 117.11758 119 0
36.137623 117.14927 120 0
36.14191 117.08546 121 0
36.14225 117.14756 122 1
36.146072 117.08419 123 1
36.153683 117.087685 124 0
36.153793 117.082756 125 1
36.171104 117.03042 126 0
36.176647 117.04089 127 1
36.176773 117.04063 128 1
36.17959 117.10796 129 1
36.182766 117.14683 130 0
36.19544 117.03655 131 0
36.177643 117.03414 132 0
36.18985 117.11348 133 1
36.17434 117.086174 134 0
36.158356 117.03142 135 0
36.190212 117.03011 136 0
36.181534 117.09547 137 1
36.209076 117.0562 138 0
36.204742 117.05128 139 0
36.17256 117.09796 140 0
36.176468 117.09683 141 1
36.17575 117.096924 142 0
36.209736 117.14587 143 0
36.16173 117.12447 144 1
36.192875 117.1486 145 0
36.161655 117.14877 146 0
36.18223 117.14988 147 0
36.189396 117.13985 148 1
36.19248 117.14274 149 1
36.168167 117.11017 150 1
36.168537 117.11011 151 1
36.189896 117.1497 152 0
36.137836 117.1123 153 0
36.20244 117.10511 154 1
36.194096 117.0812 155 1
36.209717 117.145775 156 0
36.141476 117.1492 157 0
36.203896 117.08269 158 1
36.195095 117.14739 159 0
36.156956 117.04027 160 1
36.145435 117.143074 161 1
36.145676 117.14279 162 1
36.179455 117.107956 163 1
36.1632 117.12498 164 0
36.16171 117.122215 165 1
36.16132 117.124695 166 1
36.203039 117.05577 167 1
36.1706025 117.030807 168 0
36.1904016 117.079142 169 1
36.190296 117.0825984 170 1
36.2007017 117.0483383 171 1
36.1957059 117.0415994 172 1
36.1957172 117.1181858 173 1
36.195698 117.11853 174 0
36.1941215 117.080435 175 1
36.183575 117.07547 176 1
36.182758 117.082775 177 1
36.1772005 117.082922 178 1
36.2020075 117.0591737 179 1
36.1942265 117.055755 180 1
36.192848 117.059227 181 1
36.1782593 117.0514213 182 1
36.1823475 117.0507315 183 0
36.177906 117.090635 184 1
36.164277 117.0455429 185 1
36.166586 117.053812 186 1
36.166713 117.054267 187 1
36.1625165 117.039765 188 1
36.1623847 117.0395683 189 1
36.1609513 117.0370067 190 1
36.1787965 117.098088 191 1
36.178614 117.096615 192 1
36.183773 117.1026835 193 0
36.1455032 117.1441825 194 1
36.147785 117.09313 195 1
36.1470815 117.086255 196 1
36.1472233 117.055528 197 1
36.1474953 117.06481 198 1
36.1630387 117.058087 199 1
36.1473785 117.058102 200 1
36.1423742 117.058094 201 1
36.150791 117.05819 202 1
36.15111 117.0767 203 1
36.1541195 117.05818 204 1
36.154114 117.058 205 1
36.1541523 117.0465346 206 1
36.1609777 117.0464533 207 1
36.154104 117.05085 208 1
36.1506315 117.05801 209 1
36.1541065 117.05104 210 1
36.1609713 117.05107 211 1
36.1634445 117.055488 212 1
36.1638883 117.0611883 213 1
36.1572957 117.06481 214 1
36.15375 117.064802 215 1
36.150649 117.064804 216 1
36.141964 117.06486 217 1
36.1419505 117.06507 218 1
36.15065 117.06516 219 1
36.153665 117.06514 220 1
36.1573785 117.06514 221 1
36.1591263 117.065595 222 1
36.1612965 117.06688 223 1
36.15931 117.06529 224 1
36.1571138 117.0810325 225 1
36.1571326 117.080768 226 1
36.168122 117.058962 227 1
36.1722975 117.0457425 228 1
36.1574483 117.0755362 229 1
36.161052 117.058087 230 1
36.1610365 117.05086 231 1
36.160931 117.046675 232 1
36.1511065 117.07651 233 1
36.1414987 117.07484 234 1
36.1413875 117.0752445 235 1
36.1574167 117.058086 236 1
36.157392 117.051058 237 1
36.1574 117.05085 238 1
36.1574265 117.046695 239 1
36.157425 117.04643 240 1
36.1663233 117.0373033 241 1
36.1592875 117.041602 242 1
36.170105 117.034785 243 1
36.169989 117.03459 244 1
36.166315 117.037027 245 1
36.1680803 117.0425467 246 1
36.1761677 117.0307583 247 0
36.1734515 117.0325025 248 1
36.1815085 117.03185 249 1
36.177454 117.05429 250 1
36.1698127 117.0479933 251 1
36.170929 117.0515788 252 1
36.1700077 117.040985 253 1
36.1721027 117.03909 254 1
36.1618883 117.1203875 255 1
36.183035 117.13207 256 1
36.18299 117.139694 257 1
36.200928 117.062772 258 1
36.2006015 117.064427 259 1
36.200226 117.0650967 260 1
36.203975 117.0791833 261 1
36.1837073 117.0952942 262 1
36.2043561 117.095604 263 0
36.2056475 117.10242 264 1
36.1832787 117.1263417 265 1
36.2049398 117.1258746 266 1
36.201478 117.1278411 267 1
36.1827023 117.1041242 268 1
36.181238 117.101915 269 1
36.186325 117.058685 270 1
36.1841523 117.1010767 271 0
36.1462382 117.124222 272 1
36.159945 117.124555 273 1
36.1794808 117.0355468 274 1
36.1834717 117.1232153 275 1
36.2093925 117.142487 276 0
36.208375 117.1424287 277 1
36.1826801 117.1050005 278 1
36.1768495 117.0794425 279 1
36.1833329 117.0903563 280 1
36.1681462 117.059366 281 1
36.1710523 117.0820367 282 1
36.171158 117.08603 283 1
36.1710389 117.1101273 284 1
36.1795187 117.1066795 285 1
36.171274 117.1108875 286 0
36.1819243 117.105318 287 0
36.1373825 117.094455 288 0
36.177034 117.132452 289 1
36.1813963 117.1145123 290 1
36.1872794 117.1067126 291 1
36.18759 117.126125 292 1
36.1908975 117.12294 293 1
36.1910312 117.0993965 294 1
36.1911651 117.1256151 295 1
36.1916415 117.131513 296 1
36.191925 117.068035 297 1
36.1922093 117.1068825 298 1
36.1923875 117.099775 299 1
36.1932293 117.0932017 300 0
36.1939775 117.059865 301 1
36.1947425 117.117193 302 1
36.197918 117.1216225 303 1
36.199166 117.0996275 304 1
36.1994093 117.0826533 305 1
36.2010912 117.114225 306 1
36.202343 117.134828 307 1
36.206037 117.134039 308 1
36.2065243 117.1224638 309 1
36.188539 117.10419 310 1
36.1935025 117.14019 311 1
36.1772385 117.0463185 312 1
36.1890944 117.1068424 313 1
36.1894075 117.104735 314 0
36.19621 117.11583 315 1
36.2096775 117.140797 316 0
36.202093 117.124175 317 1
36.1688937 117.0318383 318 1
36.182775 117.07932 319 1
36.198219 117.129895 320 1
36.1784455 117.069564 321 1
36.1510715 117.08056 322 0
36.1536915 117.082435 323 1
36.1778905 117.09041 324 1
36.179161 117.101944 325 1
36.182859 117.1444923 326 1
36.175115 117.03641 327 1
36.195519 117.08263 328 1
36.183271 117.1045667 329 0
36.194227 117.090167 330 1
36.196459 117.079132 331 1
36.1921817 117.1399438 332 1
36.1925947 117.145396 333 1
36.19421 117.1426875 334 1
36.19775 117.1425575 335 1
36.1767785 117.149858 336 0
36.190365 117.030247 337 0
36.1927963 117.0430447 338 1
36.189255 117.093915 339 0
36.1760985 117.09798 340 1
36.161776 117.133803 341 1
36.1713215 117.090706 342 1
36.1713315 117.090945 343 1
36.1879235 117.08999 344 0
36.1617413 117.1445138 345 1
36.161827 117.14885 346 0
36.1946715 117.145485 347 1
36.1976362 117.1456063 348 1
36.2081405 117.146061 349 1
36.187508 117.1070222 350 1
36.1956887 117.1068267 351 1
36.1695865 117.109935 352 1
36.1702835 117.1113693 353 0
36.189648 117.14527 354 1
36.176792 117.1445045 355 1
36.193308 117.067908 356 1
36.178505 117.075294 357 1
36.1652762 117.033854 358 1
36.1791367 117.1071392 359 1
36.163534 117.0549825 360 1
36.1610545 117.0550995 361 1
36.1573905 117.05513 362 1
36.1541125 117.05512 363 1
36.150633 117.0551175 364 1
36.1472457 117.055105 365 1
36.150633 117.055534 366 1
36.1541065 117.055535 367 1
36.1573915 117.055507 368 1
36.161064 117.055542 369 1
36.1427037 117.0553233 370 0
36.17851 117.095765 371 1
548
39 242 28.042762646276334 16.67 3 3 2 3
1 0 0 0 1 0 0 0 1
1 0 0 0 1 0 0 0 1
39 6 323.0616679153232 16.67 3 3 4 5
1 0 0 0 1 0 0 0 1
1 0 0 0 1 0 0 0 1
39 38 26.784695376525057 16.67 3 3 6 7
1 0 0 0 1 0 0 0 1
1 0 0 0 1 0 0 0 1
39 207 535.0620844097504 16.67 3 3 8 9
1 0 0 0 1 0 0 0 1
1 0 0 0 1 0 0 0 1
60 137 205.9965960298788 16.67 3 3 10 11
1 0 0 0 1 0 0 0 1
1 0 0 0 1 0 0 0 1
60 65 278.15457390263936 16.67 3 3 12 13
1 0 0 0 1 0 0 0 1
1 0 0 0 1 0 0 0 1
60 371 67.4112961773732 16.67 3 3 14 15
1 0 0 0 1 0 0 0 1
1 0 0 0 1 0 0 0 1
141 142 65.2915735349536 16.67 3 3 16 17
1 0 0 0 1 0 0 0 1
1 0 0 0 1 0 0 0 1
141 192 194.10812830320177 16.67 3 3 18 19
1 0 0 0 1 0 0 0 1
1 0 0 0 1 0 0 0 1
141 340 132.1131451176688 16.67 3 3 20 21
1 0 0 0 1 0 0 0 1
1 0 0 0 1 0 0 0 1
155 175 85.10014069845165 16.67 3 3 22 23
1 0 0 0 1 0 0 0 1
1 0 0 0 1 0 0 0 1
155 328 203.94850630032633 16.67 3 3 24 25
1 0 0 0 1 0 0 0 1
1 0 0 0 1 0 0 0 1
155 170 374.80200930992464 16.67 3 3 26 27
1 0 0 0 1 0 0 0 1
1 0 0 0 1 0 0 0 1
37 35 21.82663761410158 16.67 3 3 28 29
1 0 0 0 1 0 0 0 1
1 0 0 0 1 0 0 0 1
37 226 566.4794129258223 16.67 3 3 30 31
1 0 0 0 1 0 0 0 1
1 0 0 0 1 0 0 0 1
37 229 43.55213099275115 16.67 3 3 32 33
1 0 0 0 1 0 0 0 1
1 0 0 0 1 0 0 0 1
158 261 390.0157284346038 16.67 3 3 34 35
1 0 0 0 1 0 0 0 1
1 0 0 0 1 0 0 0 1
158 305 402.6165903534484 16.67 3 3 36 37
1 0 0 0 1 0 0 0 1
1 0 0 0 1 0 0 0 1
158 264 2199.633093666526 16.67 3 3 38 39
1 0 0 0 1 0 0 0 1
1 0 0 0 1 0 0 0 1
113 279 516.9626839972115 16.67 3 3 40 41
1 0 0 0 1 0 0 0 1
1 0 0 0 1 0 0 0 1
113 110 2084.6149972772796 16.67 3 3 42 43
1 0 0 0 1 0 0 0 1
1 0 0 0 1 0 0 0 1
113 282 273.76981648687155 16.67 3 3 44 45
1 0 0 0 1 0 0 0 1
1 0 0 0 1 0 0 0 1
58 295 141.94096271144068 16.67 3 3 46 47
1 0 0 0 1 0 0 0 1
1 0 0 0 1 0 0 0 1
58 293 156.66804845313962 16.67 3 3 48 49
1 0 0 0 1 0 0 0 1
1 0 0 0 1 0 0 0 1
58 59 462.93202323493824 16.67 3 3 50 51
1 0 0 0 1 0 0 0 1
1 0 0 0 1 0 0 0 1
104 349 368.6536431181781 16.67 3 3 52 53
1 0 0 0 1 0 0 0 1
1 0 0 0 1 0 0 0 1
104 277 39.26534160577754 16.67 3 3 54 55
1 0 0 0 1 0 0 0 1
1 0 0 0 1 0 0 0 1
122 157 195.16735991897963 16.67 3 3 56 57
1 0 0 0 1 0 0 0 1
1 0 0 0 1 0 0 0 1
122 14 392.2191476318704 16.67 3 3 58 59
1 0 0 0 1 0 0 0 1
1 0 0 0 1 0 0 0 1
122 120 456.95633208419645 16.67 3 3 60 61
1 0 0 0 1 0 0 0 1
1 0 0 0 1 0 0 0 1
114 282 115.82931261433835 16.67 3 3 62 63
1 0 0 0 1 0 0 0 1
1 0 0 0 1 0 0 0 1
114 283 329.19705423860535 16.67 3 3 64 65
1 0 0 0 1 0 0 0 1
1 0 0 0 1 0 0 0 1
114 178 537.5608234575305 16.67 3 3 66 67
1 0 0 0 1 0 0 0 1
1 0 0 0 1 0 0 0 1
15 20 636.0440418389779 16.67 3 3 68 69
1 0 0 0 1 0 0 0 1
1 0 0 0 1 0 0 0 1
15 11 904.3108286741838 16.67 3 3 70 71
1 0 0 0 1 0 0 0 1
1 0 0 0 1 0 0 0 1
15 34 178.06295751270358 16.67 3 3 72 73
1 0 0 0 1 0 0 0 1
1 0 0 0 1 0 0 0 1
110 281 178.19733021779976 16.67 3 3 74 75
1 0 0 0 1 0 0 0 1
1 0 0 0 1 0 0 0 1
110 49 976.6525421652168 16.67 3 3 76 77
1 0 0 0 1 0 0 0 1
1 0 0 0 1 0 0 0 1
16 11 329.0368430707809 16.67 3 3 78 79
1 0 0 0 1 0 0 0 1
1 0 0 0 1 0 0 0 1
16 17 43.377053374214285 16.67 3 3 80 81
1 0 0 0 1 0 0 0 1
1 0 0 0 1 0 0 0 1
16 189 332.41796426094936 16.67 3 3 82 83
1 0 0 0 1 0 0 0 1
1 0 0 0 1 0 0 0 1
16 190 52.50146873322737 16.67 3 3 84 85
1 0 0 0 1 0 0 0 1
1 0 0 0 1 0 0 0 1
17 10 36.719574553691245 16.67 3 3 86 87
1 0 0 0 1 0 0 0 1
1 0 0 0 1 0 0 0 1
17 82 193.13486049135847 16.67 3 3 88 89
1 0 0 0 1 0 0 0 1
1 0 0 0 1 0 0 0 1
17 12 310.92561925422814 16.67 3 3 90 91
1 0 0 0 1 0 0 0 1
1 0 0 0 1 0 0 0 1
167 139 522.1575239559287 16.67 3 3 92 93
1 0 0 0 1 0 0 0 1
1 0 0 0 1 0 0 0 1
167 138 543.8180392641781 16.67 3 3 94 95
1 0 0 0 1 0 0 0 1
1 0 0 0 1 0 0 0 1
167 179 389.65041683802747 16.67 3 3 96 97
1 0 0 0 1 0 0 0 1
1 0 0 0 1 0 0 0 1
241 246 604.0336535165924 16.67 3 3 98 99
1 0 0 0 1 0 0 0 1
1 0 0 0 1 0 0 0 1
241 188 437.8707591187953 16.67 3 3 100 101
1 0 0 0 1 0 0 0 1
1 0 0 0 1 0 0 0 1
241 245 30.734087225441105 16.67 3 3 102 103
1 0 0 0 1 0 0 0 1
1 0 0 0 1 0 0 0 1
241 243 440.09232631843884 16.67 3 3 104 105
1 0 0 0 1 0 0 0 1
1 0 0 0 1 0 0 0 1
169 175 363.49432799910414 16.67 3 3 106 107
1 0 0 0 1 0 0 0 1
1 0 0 0 1 0 0 0 1
169 319 684.7462649499768 16.67 3 3 108 109
1 0 0 0 1 0 0 0 1
1 0 0 0 1 0 0 0 1
169 170 384.47467595924144 16.67 3 3 110 111
1 0 0 0 1 0 0 0 1
1 0 0 0 1 0 0 0 1
68 73 31.34279211119204 16.67 3 3 112 113
1 0 0 0 1 0 0 0 1
1 0 0 0 1 0 0 0 1
68 75 578.5539075696519 16.67 3 3 114 115
1 0 0 0 1 0 0 0 1
1 0 0 0 1 0 0 0 1
68 70 214.24708832302852 16.67 3 3 116 117
1 0 0 0 1 0 0 0 1
1 0 0 0 1 0 0 0 1
170 177 676.79446985937 16.67 3 3 118 119
1 0 0 0 1 0 0 0 1
1 0 0 0 1 0 0 0 1
171 3 1165.1531116531132 16.67 3 3 120 121
1 0 0 0 1 0 0 0 1
1 0 0 0 1 0 0 0 1
171 172 873.2333422321749 16.67 3 3 122 123
1 0 0 0 1 0 0 0 1
1 0 0 0 1 0 0 0 1
171 5 934.2172134319554 16.67 3 3 124 125
1 0 0 0 1 0 0 0 1
1 0 0 0 1 0 0 0 1
172 338 306.6081529424284 16.67 3 3 126 127
1 0 0 0 1 0 0 0 1
1 0 0 0 1 0 0 0 1
172 4 777.6569515648374 16.67 3 3 128 129
1 0 0 0 1 0 0 0 1
1 0 0 0 1 0 0 0 1
172 131 562.0090949461099 16.67 3 3 130 131
1 0 0 0 1 0 0 0 1
1 0 0 0 1 0 0 0 1
173 306 653.126010168174 16.67 3 3 132 133
1 0 0 0 1 0 0 0 1
1 0 0 0 1 0 0 0 1
173 174 38.314416596754654 16.67 3 3 134 135
1 0 0 0 1 0 0 0 1
1 0 0 0 1 0 0 0 1
173 302 140.85238603140468 16.67 3 3 136 137
1 0 0 0 1 0 0 0 1
1 0 0 0 1 0 0 0 1
174 303 397.4310263072354 16.67 3 3 138 139
1 0 0 0 1 0 0 0 1
1 0 0 0 1 0 0 0 1
175 331 254.94950988246606 16.67 3 3 140 141
1 0 0 0 1 0 0 0 1
1 0 0 0 1 0 0 0 1
176 270 1882.7709533544933 16.67 3 3 142 143
1 0 0 0 1 0 0 0 1
1 0 0 0 1 0 0 0 1
176 319 434.1063807095363 16.67 3 3 144 145
1 0 0 0 1 0 0 0 1
1 0 0 0 1 0 0 0 1
176 61 552.7145941046351 16.67 3 3 146 147
1 0 0 0 1 0 0 0 1
1 0 0 0 1 0 0 0 1
176 357 455.4747386146665 16.67 3 3 148 149
1 0 0 0 1 0 0 0 1
1 0 0 0 1 0 0 0 1
177 319 384.2051997796852 16.67 3 3 150 151
1 0 0 0 1 0 0 0 1
1 0 0 0 1 0 0 0 1
177 178 499.0822321594422 16.67 3 3 152 153
1 0 0 0 1 0 0 0 1
1 0 0 0 1 0 0 0 1
177 280 844.6317539183942 16.67 3 3 154 155
1 0 0 0 1 0 0 0 1
1 0 0 0 1 0 0 0 1
178 279 388.2072277245715 16.67 3 3 156 157
1 0 0 0 1 0 0 0 1
1 0 0 0 1 0 0 0 1
178 324 834.9792052497293 16.67 3 3 158 159
1 0 0 0 1 0 0 0 1
1 0 0 0 1 0 0 0 1
179 180 795.0018078461189 16.67 3 3 160 161
1 0 0 0 1 0 0 0 1
1 0 0 0 1 0 0 0 1
179 258 411.6954284385171 16.67 3 3 162 163
1 0 0 0 1 0 0 0 1
1 0 0 0 1 0 0 0 1
179 2 1871.8999469973378 16.67 3 3 164 165
1 0 0 0 1 0 0 0 1
1 0 0 0 1 0 0 0 1
115 73 839.9495158602964 16.67 3 3 166 167
1 0 0 0 1 0 0 0 1
1 0 0 0 1 0 0 0 1
115 270 1709.3714487620218 16.67 3 3 168 169
1 0 0 0 1 0 0 0 1
1 0 0 0 1 0 0 0 1
115 69 258.7768364229959 16.67 3 3 170 171
1 0 0 0 1 0 0 0 1
1 0 0 0 1 0 0 0 1
101 309 1300.2352293990696 16.67 3 3 172 173
1 0 0 0 1 0 0 0 1
1 0 0 0 1 0 0 0 1
101 306 581.2479934588789 16.67 3 3 174 175
1 0 0 0 1 0 0 0 1
1 0 0 0 1 0 0 0 1
101 264 930.0778641777518 16.67 3 3 176 177
1 0 0 0 1 0 0 0 1
1 0 0 0 1 0 0 0 1
180 181 405.427569314488 16.67 3 3 178 179
1 0 0 0 1 0 0 0 1
1 0 0 0 1 0 0 0 1
180 338 1419.2236690355337 16.67 3 3 180 181
1 0 0 0 1 0 0 0 1
1 0 0 0 1 0 0 0 1
181 270 588.4921974511624 16.67 3 3 182 183
1 0 0 0 1 0 0 0 1
1 0 0 0 1 0 0 0 1
181 301 123.72707519854642 16.67 3 3 184 185
1 0 0 0 1 0 0 0 1
1 0 0 0 1 0 0 0 1
106 247 206.01685802023582 16.67 3 3 186 187
1 0 0 0 1 0 0 0 1
1 0 0 0 1 0 0 0 1
106 107 351.3356554178014 16.67 3 3 188 189
1 0 0 0 1 0 0 0 1
1 0 0 0 1 0 0 0 1
106 132 192.68786222270387 16.67 3 3 190 191
1 0 0 0 1 0 0 0 1
1 0 0 0 1 0 0 0 1
182 312 574.790624862463 16.67 3 3 192 193
1 0 0 0 1 0 0 0 1
1 0 0 0 1 0 0 0 1
182 250 327.09155949962735 16.67 3 3 194 195
1 0 0 0 1 0 0 0 1
1 0 0 0 1 0 0 0 1
182 183 374.8897242083807 16.67 3 3 196 197
1 0 0 0 1 0 0 0 1
1 0 0 0 1 0 0 0 1
184 280 488.1074926724318 16.67 3 3 198 199
1 0 0 0 1 0 0 0 1
1 0 0 0 1 0 0 0 1
184 62 356.68562705966497 16.67 3 3 200 201
1 0 0 0 1 0 0 0 1
1 0 0 0 1 0 0 0 1
184 324 25.05905422405376 16.67 3 3 202 203
1 0 0 0 1 0 0 0 1
1 0 0 0 1 0 0 0 1
184 371 573.0356179965506 16.67 3 3 204 205
1 0 0 0 1 0 0 0 1
1 0 0 0 1 0 0 0 1
185 232 325.7051596825894 16.67 3 3 206 207
1 0 0 0 1 0 0 0 1
1 0 0 0 1 0 0 0 1
185 9 640.0713292036166 16.67 3 3 208 209
1 0 0 0 1 0 0 0 1
1 0 0 0 1 0 0 0 1
185 207 313.02249820977806 16.67 3 3 210 211
1 0 0 0 1 0 0 0 1
1 0 0 0 1 0 0 0 1
185 188 661.6667609725647 16.67 3 3 212 213
1 0 0 0 1 0 0 0 1
1 0 0 0 1 0 0 0 1
245 189 452.0579304813242 16.67 3 3 214 215
1 0 0 0 1 0 0 0 1
1 0 0 0 1 0 0 0 1
245 244 426.8817140020824 16.67 3 3 216 217
1 0 0 0 1 0 0 0 1
1 0 0 0 1 0 0 0 1
245 358 364.959294258951 16.67 3 3 218 219
1 0 0 0 1 0 0 0 1
1 0 0 0 1 0 0 0 1
186 187 51.86546255777317 16.67 3 3 220 221
1 0 0 0 1 0 0 0 1
1 0 0 0 1 0 0 0 1
186 360 303.3351994514693 16.67 3 3 222 223
1 0 0 0 1 0 0 0 1
1 0 0 0 1 0 0 0 1
186 27 288.11322194669134 16.67 3 3 224 225
1 0 0 0 1 0 0 0 1
1 0 0 0 1 0 0 0 1
186 9 303.1491942075771 16.67 3 3 226 227
1 0 0 0 1 0 0 0 1
1 0 0 0 1 0 0 0 1
187 7 517.9591930557906 16.67 3 3 228 229
1 0 0 0 1 0 0 0 1
1 0 0 0 1 0 0 0 1
187 212 323.3166776539075 16.67 3 3 230 231
1 0 0 0 1 0 0 0 1
1 0 0 0 1 0 0 0 1
187 29 492.63674667276126 16.67 3 3 232 233
1 0 0 0 1 0 0 0 1
1 0 0 0 1 0 0 0 1
150 153 2733.1542731597397 16.67 3 3 234 235
1 0 0 0 1 0 0 0 1
1 0 0 0 1 0 0 0 1
150 352 130.08312069361645 16.67 3 3 236 237
1 0 0 0 1 0 0 0 1
1 0 0 0 1 0 0 0 1
150 112 258.4801358379435 16.67 3 3 238 239
1 0 0 0 1 0 0 0 1
1 0 0 0 1 0 0 0 1
190 10 51.94370893817366 16.67 3 3 240 241
1 0 0 0 1 0 0 0 1
1 0 0 0 1 0 0 0 1
190 189 312.57547671334237 16.67 3 3 242 243
1 0 0 0 1 0 0 0 1
1 0 0 0 1 0 0 0 1
190 33 313.42097260817366 16.67 3 3 244 245
1 0 0 0 1 0 0 0 1
1 0 0 0 1 0 0 0 1
189 242 358.4170905475872 16.67 3 3 246 247
1 0 0 0 1 0 0 0 1
1 0 0 0 1 0 0 0 1
188 6 30.151457211733078 16.67 3 3 248 249
1 0 0 0 1 0 0 0 1
1 0 0 0 1 0 0 0 1
191 192 164.61730643971282 16.67 3 3 250 251
1 0 0 0 1 0 0 0 1
1 0 0 0 1 0 0 0 1
191 65 121.48999345669002 16.67 3 3 252 253
1 0 0 0 1 0 0 0 1
1 0 0 0 1 0 0 0 1
191 325 430.0404606334865 16.67 3 3 254 255
1 0 0 0 1 0 0 0 1
1 0 0 0 1 0 0 0 1
192 371 94.98136762952689 16.67 3 3 256 257
1 0 0 0 1 0 0 0 1
1 0 0 0 1 0 0 0 1
151 286 260.4725442004407 16.67 3 3 258 259
1 0 0 0 1 0 0 0 1
1 0 0 0 1 0 0 0 1
151 80 2767.36987896623 16.67 3 3 260 261
1 0 0 0 1 0 0 0 1
1 0 0 0 1 0 0 0 1
151 352 96.20395812191983 16.67 3 3 262 263
1 0 0 0 1 0 0 0 1
1 0 0 0 1 0 0 0 1
193 271 181.89329060043158 16.67 3 3 264 265
1 0 0 0 1 0 0 0 1
1 0 0 0 1 0 0 0 1
193 268 186.82043578520128 16.67 3 3 266 267
1 0 0 0 1 0 0 0 1
1 0 0 0 1 0 0 0 1
194 13 82.13356099885374 16.67 3 3 268 269
1 0 0 0 1 0 0 0 1
1 0 0 0 1 0 0 0 1
194 14 112.90361518513393 16.67 3 3 270 271
1 0 0 0 1 0 0 0 1
1 0 0 0 1 0 0 0 1
194 52 638.2277834396078 16.67 3 3 272 273
1 0 0 0 1 0 0 0 1
1 0 0 0 1 0 0 0 1
194 345 1458.6118875957077 16.67 3 3 274 275
1 0 0 0 1 0 0 0 1
1 0 0 0 1 0 0 0 1
195 118 803.2677119345088 16.67 3 3 276 277
1 0 0 0 1 0 0 0 1
1 0 0 0 1 0 0 0 1
195 41 1753.8660104839755 16.67 3 3 278 279
1 0 0 0 1 0 0 0 1
1 0 0 0 1 0 0 0 1
195 42 1771.0983505990803 16.67 3 3 280 281
1 0 0 0 1 0 0 0 1
1 0 0 0 1 0 0 0 1
195 272 3460.274672933888 16.67 3 3 282 283
1 0 0 0 1 0 0 0 1
1 0 0 0 1 0 0 0 1
196 323 729.8979901247615 16.67 3 3 284 285
1 0 0 0 1 0 0 0 1
1 0 0 0 1 0 0 0 1
196 123 246.87643319002478 16.67 3 3 286 287
1 0 0 0 1 0 0 0 1
1 0 0 0 1 0 0 0 1
196 117 1200.7000671761923 16.67 3 3 288 289
1 0 0 0 1 0 0 0 1
1 0 0 0 1 0 0 0 1
197 365 47.08134152314022 16.67 3 3 290 291
1 0 0 0 1 0 0 0 1
1 0 0 0 1 0 0 0 1
197 366 306.1777595261267 16.67 3 3 292 293
1 0 0 0 1 0 0 0 1
1 0 0 0 1 0 0 0 1
197 370 406.4793556042657 16.67 3 3 294 295
1 0 0 0 1 0 0 0 1
1 0 0 0 1 0 0 0 1
197 200 286.5724662249833 16.67 3 3 296 297
1 0 0 0 1 0 0 0 1
1 0 0 0 1 0 0 0 1
198 22 28.66290495670392 16.67 3 3 298 299
1 0 0 0 1 0 0 0 1
1 0 0 0 1 0 0 0 1
198 23 44.55060286236458 16.67 3 3 300 301
1 0 0 0 1 0 0 0 1
1 0 0 0 1 0 0 0 1
198 216 283.18908967853446 16.67 3 3 302 303
1 0 0 0 1 0 0 0 1
1 0 0 0 1 0 0 0 1
198 217 496.71738177334294 16.67 3 3 304 305
1 0 0 0 1 0 0 0 1
1 0 0 0 1 0 0 0 1
199 212 291.30061254733414 16.67 3 3 306 307
1 0 0 0 1 0 0 0 1
1 0 0 0 1 0 0 0 1
199 213 353.20431859489986 16.67 3 3 308 309
1 0 0 0 1 0 0 0 1
1 0 0 0 1 0 0 0 1
199 230 178.3615089848387 16.67 3 3 310 311
1 0 0 0 1 0 0 0 1
1 0 0 0 1 0 0 0 1
200 202 306.58406869924636 16.67 3 3 312 313
1 0 0 0 1 0 0 0 1
1 0 0 0 1 0 0 0 1
200 209 292.28453956568956 16.67 3 3 314 315
1 0 0 0 1 0 0 0 1
1 0 0 0 1 0 0 0 1
200 201 449.36554382526464 16.67 3 3 316 317
1 0 0 0 1 0 0 0 1
1 0 0 0 1 0 0 0 1
201 217 753.2924887308036 16.67 3 3 318 319
1 0 0 0 1 0 0 0 1
1 0 0 0 1 0 0 0 1
201 370 309.52436996315527 16.67 3 3 320 321
1 0 0 0 1 0 0 0 1
1 0 0 0 1 0 0 0 1
202 216 735.5991237254832 16.67 3 3 322 323
1 0 0 0 1 0 0 0 1
1 0 0 0 1 0 0 0 1
202 209 24.61233145413389 16.67 3 3 324 325
1 0 0 0 1 0 0 0 1
1 0 0 0 1 0 0 0 1
202 204 298.8740798503968 16.67 3 3 326 327
1 0 0 0 1 0 0 0 1
1 0 0 0 1 0 0 0 1
203 42 252.91798770851392 16.67 3 3 328 329
1 0 0 0 1 0 0 0 1
1 0 0 0 1 0 0 0 1
203 229 583.654007395916 16.67 3 3 330 331
1 0 0 0 1 0 0 0 1
1 0 0 0 1 0 0 0 1
203 233 21.130676449999285 16.67 3 3 332 333
1 0 0 0 1 0 0 0 1
1 0 0 0 1 0 0 0 1
22 218 489.34405494147813 16.67 3 3 334 335
1 0 0 0 1 0 0 0 1
1 0 0 0 1 0 0 0 1
22 23 30.83271656025061 16.67 3 3 336 337
1 0 0 0 1 0 0 0 1
1 0 0 0 1 0 0 0 1
22 44 1330.7078142640983 16.67 3 3 338 339
1 0 0 0 1 0 0 0 1
1 0 0 0 1 0 0 0 1
23 219 263.7312150828212 16.67 3 3 340 341
1 0 0 0 1 0 0 0 1
1 0 0 0 1 0 0 0 1
23 43 1301.2666055192126 16.67 3 3 342 343
1 0 0 0 1 0 0 0 1
1 0 0 0 1 0 0 0 1
204 236 296.2334424610103 16.67 3 3 344 345
1 0 0 0 1 0 0 0 1
1 0 0 0 1 0 0 0 1
204 205 20.02241234148233 16.67 3 3 346 347
1 0 0 0 1 0 0 0 1
1 0 0 0 1 0 0 0 1
204 215 737.1252145403225 16.67 3 3 348 349
1 0 0 0 1 0 0 0 1
1 0 0 0 1 0 0 0 1
205 209 312.6886758907158 16.67 3 3 350 351
1 0 0 0 1 0 0 0 1
1 0 0 0 1 0 0 0 1
205 236 296.69698328321135 16.67 3 3 352 353
1 0 0 0 1 0 0 0 1
1 0 0 0 1 0 0 0 1
205 367 274.11322914827645 16.67 3 3 354 355
1 0 0 0 1 0 0 0 1
1 0 0 0 1 0 0 0 1
103 95 515.774257357692 16.67 3 3 356 357
1 0 0 0 1 0 0 0 1
1 0 0 0 1 0 0 0 1
103 154 671.6558397343579 16.67 3 3 358 359
1 0 0 0 1 0 0 0 1
1 0 0 0 1 0 0 0 1
103 306 387.34836041182876 16.67 3 3 360 361
1 0 0 0 1 0 0 0 1
1 0 0 0 1 0 0 0 1
103 315 654.2745327847672 16.67 3 3 362 363
1 0 0 0 1 0 0 0 1
1 0 0 0 1 0 0 0 1
207 232 25.007417041556646 16.67 3 3 364 365
1 0 0 0 1 0 0 0 1
1 0 0 0 1 0 0 0 1
207 240 318.9724162991883 16.67 3 3 366 367
1 0 0 0 1 0 0 0 1
1 0 0 0 1 0 0 0 1
208 364 567.7406667530595 16.67 3 3 368 369
1 0 0 0 1 0 0 0 1
1 0 0 0 1 0 0 0 1
208 210 21.129531664820078 16.67 3 3 370 371
1 0 0 0 1 0 0 0 1
1 0 0 0 1 0 0 0 1
208 238 295.94127489833517 16.67 3 3 372 373
1 0 0 0 1 0 0 0 1
1 0 0 0 1 0 0 0 1
208 206 479.8997820224046 16.67 3 3 374 375
1 0 0 0 1 0 0 0 1
1 0 0 0 1 0 0 0 1
209 366 275.3356545556954 16.67 3 3 376 377
1 0 0 0 1 0 0 0 1
1 0 0 0 1 0 0 0 1
210 363 453.70360586052954 16.67 3 3 378 379
1 0 0 0 1 0 0 0 1
1 0 0 0 1 0 0 0 1
210 364 550.3296919076967 16.67 3 3 380 381
1 0 0 0 1 0 0 0 1
1 0 0 0 1 0 0 0 1
210 237 295.00528209509457 16.67 3 3 382 383
1 0 0 0 1 0 0 0 1
1 0 0 0 1 0 0 0 1
211 231 24.074858620650943 16.67 3 3 384 385
1 0 0 0 1 0 0 0 1
1 0 0 0 1 0 0 0 1
211 237 321.35284130997877 16.67 3 3 386 387
1 0 0 0 1 0 0 0 1
1 0 0 0 1 0 0 0 1
211 360 492.16724372349523 16.67 3 3 388 389
1 0 0 0 1 0 0 0 1
1 0 0 0 1 0 0 0 1
211 361 448.1498522580939 16.67 3 3 390 391
1 0 0 0 1 0 0 0 1
1 0 0 0 1 0 0 0 1
212 360 56.78386920801258 16.67 3 3 392 393
1 0 0 0 1 0 0 0 1
1 0 0 0 1 0 0 0 1
212 369 213.7992363567674 16.67 3 3 394 395
1 0 0 0 1 0 0 0 1
1 0 0 0 1 0 0 0 1
213 30 628.8518951850306 16.67 3 3 396 397
1 0 0 0 1 0 0 0 1
1 0 0 0 1 0 0 0 1
213 7 435.0706526322067 16.67 3 3 398 399
1 0 0 0 1 0 0 0 1
1 0 0 0 1 0 0 0 1
24 30 28.23194949166058 16.67 3 3 400 401
1 0 0 0 1 0 0 0 1
1 0 0 0 1 0 0 0 1
24 8 1007.1082813892097 16.67 3 3 402 403
1 0 0 0 1 0 0 0 1
1 0 0 0 1 0 0 0 1
24 223 39.21588864379281 16.67 3 3 404 405
1 0 0 0 1 0 0 0 1
1 0 0 0 1 0 0 0 1
215 216 278.4339590697669 16.67 3 3 406 407
1 0 0 0 1 0 0 0 1
1 0 0 0 1 0 0 0 1
215 220 38.3532313632751 16.67 3 3 408 409
1 0 0 0 1 0 0 0 1
1 0 0 0 1 0 0 0 1
215 214 318.364020666605 16.67 3 3 410 411
1 0 0 0 1 0 0 0 1
1 0 0 0 1 0 0 0 1
214 224 188.56500259817747 16.67 3 3 412 413
1 0 0 0 1 0 0 0 1
1 0 0 0 1 0 0 0 1
214 236 747.7997262968787 16.67 3 3 414 415
1 0 0 0 1 0 0 0 1
1 0 0 0 1 0 0 0 1
214 221 37.44203748486869 16.67 3 3 416 417
1 0 0 0 1 0 0 0 1
1 0 0 0 1 0 0 0 1
217 218 23.383822455244438 16.67 3 3 418 419
1 0 0 0 1 0 0 0 1
1 0 0 0 1 0 0 0 1
218 234 1087.1987612798293 16.67 3 3 420 421
1 0 0 0 1 0 0 0 1
1 0 0 0 1 0 0 0 1
216 219 39.587937573514246 16.67 3 3 422 423
1 0 0 0 1 0 0 0 1
1 0 0 0 1 0 0 0 1
220 219 270.7214957422726 16.67 3 3 424 425
1 0 0 0 1 0 0 0 1
1 0 0 0 1 0 0 0 1
220 221 333.4296349285346 16.67 3 3 426 427
1 0 0 0 1 0 0 0 1
1 0 0 0 1 0 0 0 1
220 233 1285.0642656213238 16.67 3 3 428 429
1 0 0 0 1 0 0 0 1
1 0 0 0 1 0 0 0 1
76 28 712.9974495014676 16.67 3 3 430 431
1 0 0 0 1 0 0 0 1
1 0 0 0 1 0 0 0 1
76 77 29.19309849116388 16.67 3 3 432 433
1 0 0 0 1 0 0 0 1
1 0 0 0 1 0 0 0 1
76 327 493.4300821108433 16.67 3 3 434 435
1 0 0 0 1 0 0 0 1
1 0 0 0 1 0 0 0 1
76 127 23.587365376687178 16.67 3 3 436 437
1 0 0 0 1 0 0 0 1
1 0 0 0 1 0 0 0 1
223 35 1006.825596936783 16.67 3 3 438 439
1 0 0 0 1 0 0 0 1
1 0 0 0 1 0 0 0 1
223 31 34.29027560845696 16.67 3 3 440 441
1 0 0 0 1 0 0 0 1
1 0 0 0 1 0 0 0 1
223 26 745.2531238167438 16.67 3 3 442 443
1 0 0 0 1 0 0 0 1
1 0 0 0 1 0 0 0 1
224 30 201.02706092775568 16.67 3 3 444 445
1 0 0 0 1 0 0 0 1
1 0 0 0 1 0 0 0 1
224 222 37.71405305369784 16.67 3 3 446 447
1 0 0 0 1 0 0 0 1
1 0 0 0 1 0 0 0 1
224 230 816.112967556693 16.67 3 3 448 449
1 0 0 0 1 0 0 0 1
1 0 0 0 1 0 0 0 1
225 321 2301.0097457807256 16.67 3 3 450 451
1 0 0 0 1 0 0 0 1
1 0 0 0 1 0 0 0 1
225 125 354.44247867028434 16.67 3 3 452 453
1 0 0 0 1 0 0 0 1
1 0 0 0 1 0 0 0 1
225 25 2598.453404468794 16.67 3 3 454 455
1 0 0 0 1 0 0 0 1
1 0 0 0 1 0 0 0 1
225 226 29.461266669119365 16.67 3 3 456 457
1 0 0 0 1 0 0 0 1
1 0 0 0 1 0 0 0 1
226 321 2283.423927321474 16.67 3 3 458 459
1 0 0 0 1 0 0 0 1
1 0 0 0 1 0 0 0 1
226 323 360.30275601525545 16.67 3 3 460 461
1 0 0 0 1 0 0 0 1
1 0 0 0 1 0 0 0 1
123 81 971.5060676429582 16.67 3 3 462 463
1 0 0 0 1 0 0 0 1
1 0 0 0 1 0 0 0 1
123 121 399.5290088900828 16.67 3 3 464 465
1 0 0 0 1 0 0 0 1
1 0 0 0 1 0 0 0 1
221 222 164.88016934837418 16.67 3 3 466 467
1 0 0 0 1 0 0 0 1
1 0 0 0 1 0 0 0 1
228 28 143.95133692143963 16.67 3 3 468 469
1 0 0 0 1 0 0 0 1
1 0 0 0 1 0 0 0 1
228 254 739.9765253365949 16.67 3 3 470 471
1 0 0 0 1 0 0 0 1
1 0 0 0 1 0 0 0 1
228 251 335.260235311478 16.67 3 3 472 473
1 0 0 0 1 0 0 0 1
1 0 0 0 1 0 0 0 1
229 36 29.371198756067148 16.67 3 3 474 475
1 0 0 0 1 0 0 0 1
1 0 0 0 1 0 0 0 1
230 236 326.3774417590179 16.67 3 3 476 477
1 0 0 0 1 0 0 0 1
1 0 0 0 1 0 0 0 1
230 369 283.01059547935176 16.67 3 3 478 479
1 0 0 0 1 0 0 0 1
1 0 0 0 1 0 0 0 1
231 232 465.47585256826295 16.67 3 3 480 481
1 0 0 0 1 0 0 0 1
1 0 0 0 1 0 0 0 1
231 238 326.48711720412376 16.67 3 3 482 483
1 0 0 0 1 0 0 0 1
1 0 0 0 1 0 0 0 1
231 360 510.3279878563088 16.67 3 3 484 485
1 0 0 0 1 0 0 0 1
1 0 0 0 1 0 0 0 1
232 239 314.6425379813881 16.67 3 3 486 487
1 0 0 0 1 0 0 0 1
1 0 0 0 1 0 0 0 1
108 74 409.9233278952115 16.67 3 3 488 489
1 0 0 0 1 0 0 0 1
1 0 0 0 1 0 0 0 1
108 96 533.1912295068392 16.67 3 3 490 491
1 0 0 0 1 0 0 0 1
1 0 0 0 1 0 0 0 1
108 263 230.8671696596203 16.67 3 3 492 493
1 0 0 0 1 0 0 0 1
1 0 0 0 1 0 0 0 1
227 281 44.97801855760767 16.67 3 3 494 495
1 0 0 0 1 0 0 0 1
1 0 0 0 1 0 0 0 1
227 8 31.15557966037507 16.67 3 3 496 497
1 0 0 0 1 0 0 0 1
1 0 0 0 1 0 0 0 1
227 252 858.8253544090888 16.67 3 3 498 499
1 0 0 0 1 0 0 0 1
1 0 0 0 1 0 0 0 1
227 29 45.2571255628836 16.67 3 3 500 501
1 0 0 0 1 0 0 0 1
1 0 0 0 1 0 0 0 1
98 99 162.3601872658981 16.67 3 3 502 503
1 0 0 0 1 0 0 0 1
1 0 0 0 1 0 0 0 1
98 320 462.50371965329936 16.67 3 3 504 505
1 0 0 0 1 0 0 0 1
1 0 0 0 1 0 0 0 1
98 311 776.7444773993518 16.67 3 3 506 507
1 0 0 0 1 0 0 0 1
1 0 0 0 1 0 0 0 1
163 290 749.6059754722235 16.67 3 3 508 509
1 0 0 0 1 0 0 0 1
1 0 0 0 1 0 0 0 1
163 359 95.21701826349178 16.67 3 3 510 511
1 0 0 0 1 0 0 0 1
1 0 0 0 1 0 0 0 1
163 285 142.06418503453312 16.67 3 3 512 513
1 0 0 0 1 0 0 0 1
1 0 0 0 1 0 0 0 1
129 285 142.53763172426756 16.67 3 3 514 515
1 0 0 0 1 0 0 0 1
1 0 0 0 1 0 0 0 1
129 290 746.4479568168498 16.67 3 3 516 517
1 0 0 0 1 0 0 0 1
1 0 0 0 1 0 0 0 1
129 87 171.3525696155011 16.67 3 3 518 519
1 0 0 0 1 0 0 0 1
1 0 0 0 1 0 0 0 1
233 36 604.9917114899399 16.67 3 3 520 521
1 0 0 0 1 0 0 0 1
1 0 0 0 1 0 0 0 1
233 43 249.22109162519777 16.67 3 3 522 523
1 0 0 0 1 0 0 0 1
1 0 0 0 1 0 0 0 1
99 307 433.97122121972416 16.67 3 3 524 525
1 0 0 0 1 0 0 0 1
1 0 0 0 1 0 0 0 1
99 335 787.1873017663416 16.67 3 3 526 527
1 0 0 0 1 0 0 0 1
1 0 0 0 1 0 0 0 1
165 273 304.66390642110963 16.67 3 3 528 529
1 0 0 0 1 0 0 0 1
1 0 0 0 1 0 0 0 1
165 144 250.7664555852388 16.67 3 3 530 531
1 0 0 0 1 0 0 0 1
1 0 0 0 1 0 0 0 1
165 255 203.85074631476814 16.67 3 3 532 533
1 0 0 0 1 0 0 0 1
1 0 0 0 1 0 0 0 1
69 312 499.7871237986442 16.67 3 3 534 535
1 0 0 0 1 0 0 0 1
1 0 0 0 1 0 0 0 1
69 71 934.1075750846386 16.67 3 3 536 537
1 0 0 0 1 0 0 0 1
1 0 0 0 1 0 0 0 1
100 303 336.31961963393167 16.67 3 3 538 539
1 0 0 0 1 0 0 0 1
1 0 0 0 1 0 0 0 1
100 97 227.69648434643767 16.67 3 3 540 541
1 0 0 0 1 0 0 0 1
1 0 0 0 1 0 0 0 1
100 320 595.6273095490002 16.67 3 3 542 543
1 0 0 0 1 0 0 0 1
1 0 0 0 1 0 0 0 1
100 317 297.70044537158753 16.67 3 3 544 545
1 0 0 0 1 0 0 0 1
1 0 0 0 1 0 0 0 1
234 46 324.3357122997564 16.67 3 3 546 547
1 0 0 0 1 0 0 0 1
1 0 0 0 1 0 0 0 1
234 44 638.3810309367203 16.67 3 3 548 549
1 0 0 0 1 0 0 0 1
1 0 0 0 1 0 0 0 1
234 235 46.076264909495904 16.67 3 3 550 551
1 0 0 0 1 0 0 0 1
1 0 0 0 1 0 0 0 1
235 41 646.2406578253796 16.67 3 3 552 553
1 0 0 0 1 0 0 0 1
1 0 0 0 1 0 0 0 1
235 40 427.41672771594983 16.67 3 3 554 555
1 0 0 0 1 0 0 0 1
1 0 0 0 1 0 0 0 1
62 371 216.57246503933905 16.67 3 3 556 557
1 0 0 0 1 0 0 0 1
1 0 0 0 1 0 0 0 1
62 64 377.7182280745184 16.67 3 3 558 559
1 0 0 0 1 0 0 0 1
1 0 0 0 1 0 0 0 1
63 324 129.51175166553054 16.67 3 3 560 561
1 0 0 0 1 0 0 0 1
1 0 0 0 1 0 0 0 1
63 342 461.13118979243376 16.67 3 3 562 563
1 0 0 0 1 0 0 0 1
1 0 0 0 1 0 0 0 1
63 64 23.692950621757507 16.67 3 3 564 565
1 0 0 0 1 0 0 0 1
1 0 0 0 1 0 0 0 1
237 238 23.141121331199418 16.67 3 3 566 567
1 0 0 0 1 0 0 0 1
1 0 0 0 1 0 0 0 1
237 362 452.8136917595219 16.67 3 3 568 569
1 0 0 0 1 0 0 0 1
1 0 0 0 1 0 0 0 1
238 239 462.04954594047973 16.67 3 3 570 571
1 0 0 0 1 0 0 0 1
1 0 0 0 1 0 0 0 1
239 240 29.468780979879657 16.67 3 3 572 573
1 0 0 0 1 0 0 0 1
1 0 0 0 1 0 0 0 1
239 206 294.5120670298598 16.67 3 3 574 575
1 0 0 0 1 0 0 0 1
1 0 0 0 1 0 0 0 1
240 242 562.3220424467353 16.67 3 3 576 577
1 0 0 0 1 0 0 0 1
1 0 0 0 1 0 0 0 1
240 206 294.0669030316784 16.67 3 3 578 579
1 0 0 0 1 0 0 0 1
1 0 0 0 1 0 0 0 1
64 343 468.61523309833325 16.67 3 3 580 581
1 0 0 0 1 0 0 0 1
1 0 0 0 1 0 0 0 1
242 33 286.07728045905225 16.67 3 3 582 583
1 0 0 0 1 0 0 0 1
1 0 0 0 1 0 0 0 1
26 281 1021.8919995488294 16.67 3 3 584 585
1 0 0 0 1 0 0 0 1
1 0 0 0 1 0 0 0 1
26 282 1512.5996484555556 16.67 3 3 586 587
1 0 0 0 1 0 0 0 1
1 0 0 0 1 0 0 0 1
77 128 21.915712906816694 16.67 3 3 588 589
1 0 0 0 1 0 0 0 1
1 0 0 0 1 0 0 0 1
77 274 597.1303693283728 16.67 3 3 590 591
1 0 0 0 1 0 0 0 1
1 0 0 0 1 0 0 0 1
77 327 470.5836014572417 16.67 3 3 592 593
1 0 0 0 1 0 0 0 1
1 0 0 0 1 0 0 0 1
243 254 511.21097109917923 16.67 3 3 594 595
1 0 0 0 1 0 0 0 1
1 0 0 0 1 0 0 0 1
243 244 24.055091485880574 16.67 3 3 596 597
1 0 0 0 1 0 0 0 1
1 0 0 0 1 0 0 0 1
243 248 393.2840378089176 16.67 3 3 598 599
1 0 0 0 1 0 0 0 1
1 0 0 0 1 0 0 0 1
244 318 321.40330087109203 16.67 3 3 600 601
1 0 0 0 1 0 0 0 1
1 0 0 0 1 0 0 0 1
244 248 387.94343143029 16.67 3 3 602 603
1 0 0 0 1 0 0 0 1
1 0 0 0 1 0 0 0 1
161 13 133.38278252264897 16.67 3 3 604 605
1 0 0 0 1 0 0 0 1
1 0 0 0 1 0 0 0 1
161 162 38.28478693681438 16.67 3 3 606 607
1 0 0 0 1 0 0 0 1
1 0 0 0 1 0 0 0 1
161 272 2097.6164390506788 16.67 3 3 608 609
1 0 0 0 1 0 0 0 1
1 0 0 0 1 0 0 0 1
246 51 358.8001591367682 16.67 3 3 610 611
1 0 0 0 1 0 0 0 1
1 0 0 0 1 0 0 0 1
246 251 625.3198622082976 16.67 3 3 612 613
1 0 0 0 1 0 0 0 1
1 0 0 0 1 0 0 0 1
246 253 245.14753730307407 16.67 3 3 614 615
1 0 0 0 1 0 0 0 1
1 0 0 0 1 0 0 0 1
118 32 1239.80020022988 16.67 3 3 616 617
1 0 0 0 1 0 0 0 1
1 0 0 0 1 0 0 0 1
247 248 311.5522633252886 16.67 3 3 618 619
1 0 0 0 1 0 0 0 1
1 0 0 0 1 0 0 0 1
248 327 459.46336375761604 16.67 3 3 620 621
1 0 0 0 1 0 0 0 1
1 0 0 0 1 0 0 0 1
249 274 449.57694700524337 16.67 3 3 622 623
1 0 0 0 1 0 0 0 1
1 0 0 0 1 0 0 0 1
249 48 176.006383301094 16.67 3 3 624 625
1 0 0 0 1 0 0 0 1
1 0 0 0 1 0 0 0 1
249 78 220.6167379842456 16.67 3 3 626 627
1 0 0 0 1 0 0 0 1
1 0 0 0 1 0 0 0 1
250 279 2797.529184806299 16.67 3 3 628 629
1 0 0 0 1 0 0 0 1
1 0 0 0 1 0 0 0 1
250 312 886.6560628745694 16.67 3 3 630 631
1 0 0 0 1 0 0 0 1
1 0 0 0 1 0 0 0 1
250 49 259.24904836634454 16.67 3 3 632 633
1 0 0 0 1 0 0 0 1
1 0 0 0 1 0 0 0 1
251 51 266.60675650872145 16.67 3 3 634 635
1 0 0 0 1 0 0 0 1
1 0 0 0 1 0 0 0 1
251 252 411.11428410876687 16.67 3 3 636 637
1 0 0 0 1 0 0 0 1
1 0 0 0 1 0 0 0 1
252 127 1294.7111197520378 16.67 3 3 638 639
1 0 0 0 1 0 0 0 1
1 0 0 0 1 0 0 0 1
252 28 601.8883718438245 16.67 3 3 640 641
1 0 0 0 1 0 0 0 1
1 0 0 0 1 0 0 0 1
253 254 282.44556588964474 16.67 3 3 642 643
1 0 0 0 1 0 0 0 1
1 0 0 0 1 0 0 0 1
253 51 525.805204855991 16.67 3 3 644 645
1 0 0 0 1 0 0 0 1
1 0 0 0 1 0 0 0 1
27 9 27.472293773696823 16.67 3 3 646 647
1 0 0 0 1 0 0 0 1
1 0 0 0 1 0 0 0 1
254 327 402.4126846941316 16.67 3 3 648 649
1 0 0 0 1 0 0 0 1
1 0 0 0 1 0 0 0 1
84 273 1534.03258682308 16.67 3 3 650 651
1 0 0 0 1 0 0 0 1
1 0 0 0 1 0 0 0 1
84 85 43.23551758102214 16.67 3 3 652 653
1 0 0 0 1 0 0 0 1
1 0 0 0 1 0 0 0 1
84 341 1553.9758755329503 16.67 3 3 654 655
1 0 0 0 1 0 0 0 1
1 0 0 0 1 0 0 0 1
255 54 265.387443409523 16.67 3 3 656 657
1 0 0 0 1 0 0 0 1
1 0 0 0 1 0 0 0 1
255 284 1405.9475555314668 16.67 3 3 658 659
1 0 0 0 1 0 0 0 1
1 0 0 0 1 0 0 0 1
255 341 1491.86162600866 16.67 3 3 660 661
1 0 0 0 1 0 0 0 1
1 0 0 0 1 0 0 0 1
85 265 541.484129297071 16.67 3 3 662 663
1 0 0 0 1 0 0 0 1
1 0 0 0 1 0 0 0 1
85 86 412.57199309789917 16.67 3 3 664 665
1 0 0 0 1 0 0 0 1
1 0 0 0 1 0 0 0 1
85 289 628.8785137543521 16.67 3 3 666 667
1 0 0 0 1 0 0 0 1
1 0 0 0 1 0 0 0 1
86 119 836.2347720931567 16.67 3 3 668 669
1 0 0 0 1 0 0 0 1
1 0 0 0 1 0 0 0 1
86 275 553.2584842697626 16.67 3 3 670 671
1 0 0 0 1 0 0 0 1
1 0 0 0 1 0 0 0 1
29 7 43.00940438949803 16.67 3 3 672 673
1 0 0 0 1 0 0 0 1
1 0 0 0 1 0 0 0 1
256 265 637.3726218297523 16.67 3 3 674 675
1 0 0 0 1 0 0 0 1
1 0 0 0 1 0 0 0 1
256 257 847.8120357140123 16.67 3 3 676 677
1 0 0 0 1 0 0 0 1
1 0 0 0 1 0 0 0 1
256 91 454.9431329282047 16.67 3 3 678 679
1 0 0 0 1 0 0 0 1
1 0 0 0 1 0 0 0 1
256 289 540.291471749677 16.67 3 3 680 681
1 0 0 0 1 0 0 0 1
1 0 0 0 1 0 0 0 1
257 148 575.2316661700677 16.67 3 3 682 683
1 0 0 0 1 0 0 0 1
1 0 0 0 1 0 0 0 1
257 326 533.709060807637 16.67 3 3 684 685
1 0 0 0 1 0 0 0 1
1 0 0 0 1 0 0 0 1
125 288 1965.6016110389373 16.67 3 3 686 687
1 0 0 0 1 0 0 0 1
1 0 0 0 1 0 0 0 1
125 124 548.2025815897817 16.67 3 3 688 689
1 0 0 0 1 0 0 0 1
1 0 0 0 1 0 0 0 1
41 42 29.799412900586425 16.67 3 3 690 691
1 0 0 0 1 0 0 0 1
1 0 0 0 1 0 0 0 1
41 44 38.930982066807786 16.67 3 3 692 693
1 0 0 0 1 0 0 0 1
1 0 0 0 1 0 0 0 1
42 43 38.92062502569343 16.67 3 3 694 695
1 0 0 0 1 0 0 0 1
1 0 0 0 1 0 0 0 1
43 44 30.547567909856234 16.67 3 3 696 697
1 0 0 0 1 0 0 0 1
1 0 0 0 1 0 0 0 1
258 259 186.3564481055571 16.67 3 3 698 699
1 0 0 0 1 0 0 0 1
1 0 0 0 1 0 0 0 1
258 301 702.4951346805217 16.67 3 3 700 701
1 0 0 0 1 0 0 0 1
1 0 0 0 1 0 0 0 1
258 67 168.09710386755276 16.67 3 3 702 703
1 0 0 0 1 0 0 0 1
1 0 0 0 1 0 0 0 1
260 331 1596.9369983049412 16.67 3 3 704 705
1 0 0 0 1 0 0 0 1
1 0 0 0 1 0 0 0 1
260 356 695.0610518380155 16.67 3 3 706 707
1 0 0 0 1 0 0 0 1
1 0 0 0 1 0 0 0 1
260 259 81.74010541254346 16.67 3 3 708 709
1 0 0 0 1 0 0 0 1
1 0 0 0 1 0 0 0 1
260 67 98.15258998056275 16.67 3 3 710 711
1 0 0 0 1 0 0 0 1
1 0 0 0 1 0 0 0 1
30 31 39.9943155362723 16.67 3 3 712 713
1 0 0 0 1 0 0 0 1
1 0 0 0 1 0 0 0 1
31 36 1004.8466979963657 16.67 3 3 714 715
1 0 0 0 1 0 0 0 1
1 0 0 0 1 0 0 0 1
31 222 207.48473966639952 16.67 3 3 716 717
1 0 0 0 1 0 0 0 1
1 0 0 0 1 0 0 0 1
262 339 521.0137374524742 16.67 3 3 718 719
1 0 0 0 1 0 0 0 1
1 0 0 0 1 0 0 0 1
262 137 196.03975708529643 16.67 3 3 720 721
1 0 0 0 1 0 0 0 1
1 0 0 0 1 0 0 0 1
262 271 644.2635592143537 16.67 3 3 722 723
1 0 0 0 1 0 0 0 1
1 0 0 0 1 0 0 0 1
262 280 550.1305812019393 16.67 3 3 724 725
1 0 0 0 1 0 0 0 1
1 0 0 0 1 0 0 0 1
132 274 227.34511525783626 16.67 3 3 726 727
1 0 0 0 1 0 0 0 1
1 0 0 0 1 0 0 0 1
87 285 51.74313876210203 16.67 3 3 728 729
1 0 0 0 1 0 0 0 1
1 0 0 0 1 0 0 0 1
87 287 212.4350329482948 16.67 3 3 730 731
1 0 0 0 1 0 0 0 1
1 0 0 0 1 0 0 0 1
70 274 245.2563246474145 16.67 3 3 732 733
1 0 0 0 1 0 0 0 1
1 0 0 0 1 0 0 0 1
70 71 32.80563189425111 16.67 3 3 734 735
1 0 0 0 1 0 0 0 1
1 0 0 0 1 0 0 0 1
70 72 399.3842162492701 16.67 3 3 736 737
1 0 0 0 1 0 0 0 1
1 0 0 0 1 0 0 0 1
259 331 1676.9413146405398 16.67 3 3 738 739
1 0 0 0 1 0 0 0 1
1 0 0 0 1 0 0 0 1
261 331 674.4413538021267 16.67 3 3 740 741
1 0 0 0 1 0 0 0 1
1 0 0 0 1 0 0 0 1
261 55 1500.959407599687 16.67 3 3 742 743
1 0 0 0 1 0 0 0 1
1 0 0 0 1 0 0 0 1
130 147 342.560439197098 16.67 3 3 744 745
1 0 0 0 1 0 0 0 1
1 0 0 0 1 0 0 0 1
130 326 260.09039541411494 16.67 3 3 746 747
1 0 0 0 1 0 0 0 1
1 0 0 0 1 0 0 0 1
65 269 436.4135602135928 16.67 3 3 748 749
1 0 0 0 1 0 0 0 1
1 0 0 0 1 0 0 0 1
162 341 1757.5300978795358 16.67 3 3 750 751
1 0 0 0 1 0 0 0 1
1 0 0 0 1 0 0 0 1
162 272 2065.411836318919 16.67 3 3 752 753
1 0 0 0 1 0 0 0 1
1 0 0 0 1 0 0 0 1
88 66 76.91798882256309 16.67 3 3 754 755
1 0 0 0 1 0 0 0 1
1 0 0 0 1 0 0 0 1
88 278 61.638210849613046 16.67 3 3 756 757
1 0 0 0 1 0 0 0 1
1 0 0 0 1 0 0 0 1
88 268 60.652268234859335 16.67 3 3 758 759
1 0 0 0 1 0 0 0 1
1 0 0 0 1 0 0 0 1
67 356 765.5302655022078 16.67 3 3 760 761
1 0 0 0 1 0 0 0 1
1 0 0 0 1 0 0 0 1
46 47 1101.4926485249516 16.67 3 3 762 763
1 0 0 0 1 0 0 0 1
1 0 0 0 1 0 0 0 1
46 45 87.05016827313392 16.67 3 3 764 765
1 0 0 0 1 0 0 0 1
1 0 0 0 1 0 0 0 1
265 275 348.09255604413374 16.67 3 3 766 767
1 0 0 0 1 0 0 0 1
1 0 0 0 1 0 0 0 1
265 292 387.70856227174727 16.67 3 3 768 769
1 0 0 0 1 0 0 0 1
1 0 0 0 1 0 0 0 1
18 19 37.57135481024193 16.67 3 3 770 771
1 0 0 0 1 0 0 0 1
1 0 0 0 1 0 0 0 1
18 21 26.04771854775738 16.67 3 3 772 773
1 0 0 0 1 0 0 0 1
1 0 0 0 1 0 0 0 1
18 365 1207.9537212773569 16.67 3 3 774 775
1 0 0 0 1 0 0 0 1
1 0 0 0 1 0 0 0 1
19 20 23.321532027019796 16.67 3 3 776 777
1 0 0 0 1 0 0 0 1
1 0 0 0 1 0 0 0 1
19 365 1190.9870472040204 16.67 3 3 778 779
1 0 0 0 1 0 0 0 1
1 0 0 0 1 0 0 0 1
19 206 155.0017360365927 16.67 3 3 780 781
1 0 0 0 1 0 0 0 1
1 0 0 0 1 0 0 0 1
266 308 913.2182597377787 16.67 3 3 782 783
1 0 0 0 1 0 0 0 1
1 0 0 0 1 0 0 0 1
266 309 405.0591476901678 16.67 3 3 784 785
1 0 0 0 1 0 0 0 1
1 0 0 0 1 0 0 0 1
266 267 379.88027987006865 16.67 3 3 786 787
1 0 0 0 1 0 0 0 1
1 0 0 0 1 0 0 0 1
264 154 415.1054188509511 16.67 3 3 788 789
1 0 0 0 1 0 0 0 1
1 0 0 0 1 0 0 0 1
267 307 780.8233239220131 16.67 3 3 790 791
1 0 0 0 1 0 0 0 1
1 0 0 0 1 0 0 0 1
267 317 411.3951258236005 16.67 3 3 792 793
1 0 0 0 1 0 0 0 1
1 0 0 0 1 0 0 0 1
268 66 52.3172015835179 16.67 3 3 794 795
1 0 0 0 1 0 0 0 1
1 0 0 0 1 0 0 0 1
268 329 70.89978066716722 16.67 3 3 796 797
1 0 0 0 1 0 0 0 1
1 0 0 0 1 0 0 0 1
269 66 233.55761751160088 16.67 3 3 798 799
1 0 0 0 1 0 0 0 1
1 0 0 0 1 0 0 0 1
269 137 717.1877819242051 16.67 3 3 800 801
1 0 0 0 1 0 0 0 1
1 0 0 0 1 0 0 0 1
269 325 186.4530323487853 16.67 3 3 802 803
1 0 0 0 1 0 0 0 1
1 0 0 0 1 0 0 0 1
270 102 3146.186691703123 16.67 3 3 804 805
1 0 0 0 1 0 0 0 1
1 0 0 0 1 0 0 0 1
71 73 210.9261666118381 16.67 3 3 806 807
1 0 0 0 1 0 0 0 1
1 0 0 0 1 0 0 0 1
72 83 242.6237356134749 16.67 3 3 808 809
1 0 0 0 1 0 0 0 1
1 0 0 0 1 0 0 0 1
272 273 1231.3866193295908 16.67 3 3 810 811
1 0 0 0 1 0 0 0 1
1 0 0 0 1 0 0 0 1
89 90 1082.9534424409517 16.67 3 3 812 813
1 0 0 0 1 0 0 0 1
1 0 0 0 1 0 0 0 1
89 290 421.8219744522396 16.67 3 3 814 815
1 0 0 0 1 0 0 0 1
1 0 0 0 1 0 0 0 1
89 133 345.84520960281196 16.67 3 3 816 817
1 0 0 0 1 0 0 0 1
1 0 0 0 1 0 0 0 1
89 79 23.779649360522004 16.67 3 3 818 819
1 0 0 0 1 0 0 0 1
1 0 0 0 1 0 0 0 1
273 166 124.42710182424426 16.67 3 3 820 821
1 0 0 0 1 0 0 0 1
1 0 0 0 1 0 0 0 1
275 290 985.552967991319 16.67 3 3 822 823
1 0 0 0 1 0 0 0 1
1 0 0 0 1 0 0 0 1
275 90 359.031247643136 16.67 3 3 824 825
1 0 0 0 1 0 0 0 1
1 0 0 0 1 0 0 0 1
277 335 953.4444954524556 16.67 3 3 826 827
1 0 0 0 1 0 0 0 1
1 0 0 0 1 0 0 0 1
277 276 91.52592523583871 16.67 3 3 828 829
1 0 0 0 1 0 0 0 1
1 0 0 0 1 0 0 0 1
90 292 289.9376931781903 16.67 3 3 830 831
1 0 0 0 1 0 0 0 1
1 0 0 0 1 0 0 0 1
90 293 315.7117489201384 16.67 3 3 832 833
1 0 0 0 1 0 0 0 1
1 0 0 0 1 0 0 0 1
279 56 469.6018695382667 16.67 3 3 834 835
1 0 0 0 1 0 0 0 1
1 0 0 0 1 0 0 0 1
148 354 603.1378614716649 16.67 3 3 836 837
1 0 0 0 1 0 0 0 1
1 0 0 0 1 0 0 0 1
148 332 250.22733414427827 16.67 3 3 838 839
1 0 0 0 1 0 0 0 1
1 0 0 0 1 0 0 0 1
278 291 454.59993373319793 16.67 3 3 840 841
1 0 0 0 1 0 0 0 1
1 0 0 0 1 0 0 0 1
278 287 76.4749464835418 16.67 3 3 842 843
1 0 0 0 1 0 0 0 1
1 0 0 0 1 0 0 0 1
278 329 71.69304295249616 16.67 3 3 844 845
1 0 0 0 1 0 0 0 1
1 0 0 0 1 0 0 0 1
91 296 320.24114570336275 16.67 3 3 846 847
1 0 0 0 1 0 0 0 1
1 0 0 0 1 0 0 0 1
91 292 636.023121525918 16.67 3 3 848 849
1 0 0 0 1 0 0 0 1
1 0 0 0 1 0 0 0 1
280 344 414.03569818215567 16.67 3 3 850 851
1 0 0 0 1 0 0 0 1
1 0 0 0 1 0 0 0 1
149 333 295.5312662570398 16.67 3 3 852 853
1 0 0 0 1 0 0 0 1
1 0 0 0 1 0 0 0 1
149 334 155.3669265558557 16.67 3 3 854 855
1 0 0 0 1 0 0 0 1
1 0 0 0 1 0 0 0 1
149 332 312.09271789248226 16.67 3 3 856 857
1 0 0 0 1 0 0 0 1
1 0 0 0 1 0 0 0 1
281 8 30.00926766114954 16.67 3 3 858 859
1 0 0 0 1 0 0 0 1
1 0 0 0 1 0 0 0 1
282 283 444.16345328889247 16.67 3 3 860 861
1 0 0 0 1 0 0 0 1
1 0 0 0 1 0 0 0 1
283 342 520.1866505346783 16.67 3 3 862 863
1 0 0 0 1 0 0 0 1
1 0 0 0 1 0 0 0 1
283 134 286.09178508228024 16.67 3 3 864 865
1 0 0 0 1 0 0 0 1
1 0 0 0 1 0 0 0 1
284 286 87.13019820569707 16.67 3 3 866 867
1 0 0 0 1 0 0 0 1
1 0 0 0 1 0 0 0 1
284 353 153.86180659419625 16.67 3 3 868 869
1 0 0 0 1 0 0 0 1
1 0 0 0 1 0 0 0 1
284 343 2133.267726239718 16.67 3 3 870 871
1 0 0 0 1 0 0 0 1
1 0 0 0 1 0 0 0 1
285 359 61.55371097976553 16.67 3 3 872 873
1 0 0 0 1 0 0 0 1
1 0 0 0 1 0 0 0 1
289 355 1340.4355447887465 16.67 3 3 874 875
1 0 0 0 1 0 0 0 1
1 0 0 0 1 0 0 0 1
133 313 741.2215242580704 16.67 3 3 876 877
1 0 0 0 1 0 0 0 1
1 0 0 0 1 0 0 0 1
133 293 1056.1611817525045 16.67 3 3 878 879
1 0 0 0 1 0 0 0 1
1 0 0 0 1 0 0 0 1
291 350 40.0778417578252 16.67 3 3 880 881
1 0 0 0 1 0 0 0 1
1 0 0 0 1 0 0 0 1
291 313 163.5344991164163 16.67 3 3 882 883
1 0 0 0 1 0 0 0 1
1 0 0 0 1 0 0 0 1
291 310 302.44047147456695 16.67 3 3 884 885
1 0 0 0 1 0 0 0 1
1 0 0 0 1 0 0 0 1
292 295 325.83551782961064 16.67 3 3 886 887
1 0 0 0 1 0 0 0 1
1 0 0 0 1 0 0 0 1
293 303 646.8704096022705 16.67 3 3 888 889
1 0 0 0 1 0 0 0 1
1 0 0 0 1 0 0 0 1
294 314 611.2737049028557 16.67 3 3 890 891
1 0 0 0 1 0 0 0 1
1 0 0 0 1 0 0 0 1
294 300 716.5620936962753 16.67 3 3 892 893
1 0 0 0 1 0 0 0 1
1 0 0 0 1 0 0 0 1
294 299 128.79374200191776 16.67 3 3 894 895
1 0 0 0 1 0 0 0 1
1 0 0 0 1 0 0 0 1
295 296 657.249109614277 16.67 3 3 896 897
1 0 0 0 1 0 0 0 1
1 0 0 0 1 0 0 0 1
296 320 617.1096354832534 16.67 3 3 898 899
1 0 0 0 1 0 0 0 1
1 0 0 0 1 0 0 0 1
296 332 938.7726639907551 16.67 3 3 900 901
1 0 0 0 1 0 0 0 1
1 0 0 0 1 0 0 0 1
297 321 1221.6038651314188 16.67 3 3 902 903
1 0 0 0 1 0 0 0 1
1 0 0 0 1 0 0 0 1
297 356 124.91778339599755 16.67 3 3 904 905
1 0 0 0 1 0 0 0 1
1 0 0 0 1 0 0 0 1
297 92 892.827239050231 16.67 3 3 906 907
1 0 0 0 1 0 0 0 1
1 0 0 0 1 0 0 0 1
297 301 927.0037877657677 16.67 3 3 908 909
1 0 0 0 1 0 0 0 1
1 0 0 0 1 0 0 0 1
298 351 312.31816275816095 16.67 3 3 910 911
1 0 0 0 1 0 0 0 1
1 0 0 0 1 0 0 0 1
298 313 279.5802615990302 16.67 3 3 912 913
1 0 0 0 1 0 0 0 1
1 0 0 0 1 0 0 0 1
298 57 73.04068780266908 16.67 3 3 914 915
1 0 0 0 1 0 0 0 1
1 0 0 0 1 0 0 0 1
298 111 46.50115079190508 16.67 3 3 916 917
1 0 0 0 1 0 0 0 1
1 0 0 0 1 0 0 0 1
299 94 263.54836823637 16.67 3 3 918 919
1 0 0 0 1 0 0 0 1
1 0 0 0 1 0 0 0 1
299 57 718.2209448474458 16.67 3 3 920 921
1 0 0 0 1 0 0 0 1
1 0 0 0 1 0 0 0 1
300 330 349.14012388937005 16.67 3 3 922 923
1 0 0 0 1 0 0 0 1
1 0 0 0 1 0 0 0 1
301 356 896.4117605521557 16.67 3 3 924 925
1 0 0 0 1 0 0 0 1
1 0 0 0 1 0 0 0 1
302 111 1123.8973002001069 16.67 3 3 926 927
1 0 0 0 1 0 0 0 1
1 0 0 0 1 0 0 0 1
302 315 200.78992923170875 16.67 3 3 928 929
1 0 0 0 1 0 0 0 1
1 0 0 0 1 0 0 0 1
56 357 174.751331253653 16.67 3 3 930 931
1 0 0 0 1 0 0 0 1
1 0 0 0 1 0 0 0 1
304 95 735.4819023707034 16.67 3 3 932 933
1 0 0 0 1 0 0 0 1
1 0 0 0 1 0 0 0 1
304 305 1887.6876152273767 16.67 3 3 934 935
1 0 0 0 1 0 0 0 1
1 0 0 0 1 0 0 0 1
304 94 345.0361975792107 16.67 3 3 936 937
1 0 0 0 1 0 0 0 1
1 0 0 0 1 0 0 0 1
304 96 222.1501439582199 16.67 3 3 938 939
1 0 0 0 1 0 0 0 1
1 0 0 0 1 0 0 0 1
306 317 1110.1036124099064 16.67 3 3 940 941
1 0 0 0 1 0 0 0 1
1 0 0 0 1 0 0 0 1
305 328 349.10998376155067 16.67 3 3 942 943
1 0 0 0 1 0 0 0 1
1 0 0 0 1 0 0 0 1
307 308 342.88799421700156 16.67 3 3 944 945
1 0 0 0 1 0 0 0 1
1 0 0 0 1 0 0 0 1
13 14 50.19651609549228 16.67 3 3 946 947
1 0 0 0 1 0 0 0 1
1 0 0 0 1 0 0 0 1
309 105 275.8441395382641 16.67 3 3 948 949
1 0 0 0 1 0 0 0 1
1 0 0 0 1 0 0 0 1
309 317 440.7999360523935 16.67 3 3 950 951
1 0 0 0 1 0 0 0 1
1 0 0 0 1 0 0 0 1
308 316 819.4262089262251 16.67 3 3 952 953
1 0 0 0 1 0 0 0 1
1 0 0 0 1 0 0 0 1
310 314 98.73519883362471 16.67 3 3 954 955
1 0 0 0 1 0 0 0 1
1 0 0 0 1 0 0 0 1
310 109 81.37505465973798 16.67 3 3 956 957
1 0 0 0 1 0 0 0 1
1 0 0 0 1 0 0 0 1
311 334 284.89183617333384 16.67 3 3 958 959
1 0 0 0 1 0 0 0 1
1 0 0 0 1 0 0 0 1
311 332 121.65309545187225 16.67 3 3 960 961
1 0 0 0 1 0 0 0 1
1 0 0 0 1 0 0 0 1
312 128 633.949859869055 16.67 3 3 962 963
1 0 0 0 1 0 0 0 1
1 0 0 0 1 0 0 0 1
313 350 143.77315580282811 16.67 3 3 964 965
1 0 0 0 1 0 0 0 1
1 0 0 0 1 0 0 0 1
315 351 1002.275396097501 16.67 3 3 966 967
1 0 0 0 1 0 0 0 1
1 0 0 0 1 0 0 0 1
94 351 787.6219627477944 16.67 3 3 968 969
1 0 0 0 1 0 0 0 1
1 0 0 0 1 0 0 0 1
94 93 713.3049339838207 16.67 3 3 970 971
1 0 0 0 1 0 0 0 1
1 0 0 0 1 0 0 0 1
318 126 253.46735459953916 16.67 3 3 972 973
1 0 0 0 1 0 0 0 1
1 0 0 0 1 0 0 0 1
318 168 191.53031207523026 16.67 3 3 974 975
1 0 0 0 1 0 0 0 1
1 0 0 0 1 0 0 0 1
318 1 186.1989430727696 16.67 3 3 976 977
1 0 0 0 1 0 0 0 1
1 0 0 0 1 0 0 0 1
7 8 39.04090295176614 16.67 3 3 978 979
1 0 0 0 1 0 0 0 1
1 0 0 0 1 0 0 0 1
321 357 637.2086144633863 16.67 3 3 980 981
1 0 0 0 1 0 0 0 1
1 0 0 0 1 0 0 0 1
154 95 305.48153437684925 16.67 3 3 982 983
1 0 0 0 1 0 0 0 1
1 0 0 0 1 0 0 0 1
154 96 621.7726152220746 16.67 3 3 984 985
1 0 0 0 1 0 0 0 1
1 0 0 0 1 0 0 0 1
33 34 32.35572795771322 16.67 3 3 986 987
1 0 0 0 1 0 0 0 1
1 0 0 0 1 0 0 0 1
127 128 31.045893493144654 16.67 3 3 988 989
1 0 0 0 1 0 0 0 1
1 0 0 0 1 0 0 0 1
160 10 546.9570490429768 16.67 3 3 990 991
1 0 0 0 1 0 0 0 1
1 0 0 0 1 0 0 0 1
160 21 638.5143862525981 16.67 3 3 992 993
1 0 0 0 1 0 0 0 1
1 0 0 0 1 0 0 0 1
160 12 889.8403915659565 16.67 3 3 994 995
1 0 0 0 1 0 0 0 1
1 0 0 0 1 0 0 0 1
323 322 314.34732631395957 16.67 3 3 996 997
1 0 0 0 1 0 0 0 1
1 0 0 0 1 0 0 0 1
10 82 206.83218250596738 16.67 3 3 998 999
1 0 0 0 1 0 0 0 1
1 0 0 0 1 0 0 0 1
325 340 519.4914900144172 16.67 3 3 1000 1001
1 0 0 0 1 0 0 0 1
1 0 0 0 1 0 0 0 1
326 354 615.4535418768546 16.67 3 3 1002 1003
1 0 0 0 1 0 0 0 1
1 0 0 0 1 0 0 0 1
326 355 544.5457115564246 16.67 3 3 1004 1005
1 0 0 0 1 0 0 0 1
1 0 0 0 1 0 0 0 1
49 50 23.5175856499924 16.67 3 3 1006 1007
1 0 0 0 1 0 0 0 1
1 0 0 0 1 0 0 0 1
11 358 141.60170595940204 16.67 3 3 1008 1009
1 0 0 0 1 0 0 0 1
1 0 0 0 1 0 0 0 1
144 166 44.507976966439394 16.67 3 3 1010 1011
1 0 0 0 1 0 0 0 1
1 0 0 0 1 0 0 0 1
144 341 1037.854483571553 16.67 3 3 1012 1013
1 0 0 0 1 0 0 0 1
1 0 0 0 1 0 0 0 1
328 330 846.109630893446 16.67 3 3 1014 1015
1 0 0 0 1 0 0 0 1
1 0 0 0 1 0 0 0 1
12 358 144.08809886358623 16.67 3 3 1016 1017
1 0 0 0 1 0 0 0 1
1 0 0 0 1 0 0 0 1
330 344 566.0312979143938 16.67 3 3 1018 1019
1 0 0 0 1 0 0 0 1
1 0 0 0 1 0 0 0 1
333 145 357.17743615430567 16.67 3 3 1020 1021
1 0 0 0 1 0 0 0 1
1 0 0 0 1 0 0 0 1
333 347 186.6427475519236 16.67 3 3 1022 1023
1 0 0 0 1 0 0 0 1
1 0 0 0 1 0 0 0 1
333 354 264.8193234263569 16.67 3 3 1024 1025
1 0 0 0 1 0 0 0 1
1 0 0 0 1 0 0 0 1
334 347 313.8318034896375 16.67 3 3 1026 1027
1 0 0 0 1 0 0 0 1
1 0 0 0 1 0 0 0 1
334 335 318.01565012914205 16.67 3 3 1028 1029
1 0 0 0 1 0 0 0 1
1 0 0 0 1 0 0 0 1
335 348 339.18577330077295 16.67 3 3 1030 1031
1 0 0 0 1 0 0 0 1
1 0 0 0 1 0 0 0 1
338 337 1439.7566699669835 16.67 3 3 1032 1033
1 0 0 0 1 0 0 0 1
1 0 0 0 1 0 0 0 1
338 136 1456.9397767186392 16.67 3 3 1034 1035
1 0 0 0 1 0 0 0 1
1 0 0 0 1 0 0 0 1
35 36 28.78328202239157 16.67 3 3 1036 1037
1 0 0 0 1 0 0 0 1
1 0 0 0 1 0 0 0 1
95 351 333.8220528079358 16.67 3 3 1038 1039
1 0 0 0 1 0 0 0 1
1 0 0 0 1 0 0 0 1
340 140 317.6335161293534 16.67 3 3 1040 1041
1 0 0 0 1 0 0 0 1
1 0 0 0 1 0 0 0 1
342 343 26.592382728777192 16.67 3 3 1042 1043
1 0 0 0 1 0 0 0 1
1 0 0 0 1 0 0 0 1
345 346 482.25456468404775 16.67 3 3 1044 1045
1 0 0 0 1 0 0 0 1
1 0 0 0 1 0 0 0 1
345 355 1351.241142515237 16.67 3 3 1046 1047
1 0 0 0 1 0 0 0 1
1 0 0 0 1 0 0 0 1
345 146 473.3604540354953 16.67 3 3 1048 1049
1 0 0 0 1 0 0 0 1
1 0 0 0 1 0 0 0 1
82 135 409.8485037441888 16.67 3 3 1050 1051
1 0 0 0 1 0 0 0 1
1 0 0 0 1 0 0 0 1
347 159 215.2216376074861 16.67 3 3 1052 1053
1 0 0 0 1 0 0 0 1
1 0 0 0 1 0 0 0 1
347 348 266.3984430952073 16.67 3 3 1054 1055
1 0 0 0 1 0 0 0 1
1 0 0 0 1 0 0 0 1
348 349 943.991464569297 16.67 3 3 1056 1057
1 0 0 0 1 0 0 0 1
1 0 0 0 1 0 0 0 1
349 156 144.98441613707837 16.67 3 3 1058 1059
1 0 0 0 1 0 0 0 1
1 0 0 0 1 0 0 0 1
349 143 144.7250045883714 16.67 3 3 1060 1061
1 0 0 0 1 0 0 0 1
1 0 0 0 1 0 0 0 1
350 116 56.324827059242764 16.67 3 3 1062 1063
1 0 0 0 1 0 0 0 1
1 0 0 0 1 0 0 0 1
352 53 380.82436388729474 16.67 3 3 1064 1065
1 0 0 0 1 0 0 0 1
1 0 0 0 1 0 0 0 1
353 112 61.111876556999036 16.67 3 3 1066 1067
1 0 0 0 1 0 0 0 1
1 0 0 0 1 0 0 0 1
354 152 493.1264608647168 16.67 3 3 1068 1069
1 0 0 0 1 0 0 0 1
1 0 0 0 1 0 0 0 1
355 336 595.3199935301573 16.67 3 3 1070 1071
1 0 0 0 1 0 0 0 1
1 0 0 0 1 0 0 0 1
112 359 862.6983425006354 16.67 3 3 1072 1073
1 0 0 0 1 0 0 0 1
1 0 0 0 1 0 0 0 1
361 369 49.21418148495832 16.67 3 3 1074 1075
1 0 0 0 1 0 0 0 1
1 0 0 0 1 0 0 0 1
361 362 328.9715840396482 16.67 3 3 1076 1077
1 0 0 0 1 0 0 0 1
1 0 0 0 1 0 0 0 1
362 363 294.3148556477748 16.67 3 3 1078 1079
1 0 0 0 1 0 0 0 1
1 0 0 0 1 0 0 0 1
362 368 41.92316938508259 16.67 3 3 1080 1081
1 0 0 0 1 0 0 0 1
1 0 0 0 1 0 0 0 1
363 364 312.417464221461 16.67 3 3 1082 1083
1 0 0 0 1 0 0 0 1
1 0 0 0 1 0 0 0 1
363 367 46.1518854783657 16.67 3 3 1084 1085
1 0 0 0 1 0 0 0 1
1 0 0 0 1 0 0 0 1
364 365 304.15555807496185 16.67 3 3 1086 1087
1 0 0 0 1 0 0 0 1
1 0 0 0 1 0 0 0 1
366 367 311.8924704871475 16.67 3 3 1088 1089
1 0 0 0 1 0 0 0 1
1 0 0 0 1 0 0 0 1
367 368 294.97003142443384 16.67 3 3 1090 1091
1 0 0 0 1 0 0 0 1
1 0 0 0 1 0 0 0 1
368 369 329.7556048266876 16.67 3 3 1092 1093
1 0 0 0 1 0 0 0 1
1 0 0 0 1 0 0 0 1
20 21 39.18949877459979 16.67 3 3 1094 1095
1 0 0 0 1 0 0 0 1
1 0 0 0 1 0 0 0 1
166 164 171.73555872669544 16.67 3 3 1096 1097
1 0 0 0 1 0 0 0 1
1 0 0 0 1 0 0 0 1
279
7 978 673 229 399
8 859 497 979 403
9 227 -1 209 647
10 241 87 998 991
11 71 1008 -1 79
12 995 1016 -1 91
13 946 269 605 -1
14 59 271 947 -1
15 68 70 72 -1
16 82 78 80 84
17 81 90 88 86
18 774 770 772 -1
19 778 780 776 771
20 777 -1 69 1094
21 773 1095 993 -1
22 338 336 299 334
23 342 340 301 337
24 404 -1 402 400
26 586 -1 584 443
28 641 -1 431 469
29 501 -1 233 672
30 712 401 397 445
31 714 441 713 716
33 583 245 -1 986
35 29 -1 439 1036
36 475 1037 715 521
37 30 -1 28 32
39 8 4 2 6
41 279 690 692 553
42 281 329 694 691
43 695 523 343 696
44 693 697 339 549
46 -1 547 762 764
49 77 633 1006 -1
51 635 -1 645 611
58 46 50 48 -1
60 12 10 -1 14
62 556 -1 201 558
63 564 560 -1 562
64 559 -1 565 580
65 748 -1 13 253
66 755 795 799 -1
67 711 -1 703 760
68 112 -1 114 116
69 -1 171 536 534
70 734 117 736 732
71 537 806 735 -1
73 167 -1 113 807
76 436 432 434 430
77 588 590 592 433
82 999 89 1050 -1
84 654 652 -1 650
85 666 662 664 653
86 665 670 -1 668
87 519 730 -1 728
88 756 758 754 -1
89 812 816 818 814
90 830 832 813 825
91 -1 846 848 679
94 968 937 970 919
95 357 983 933 1038
96 985 -1 491 939
98 502 -1 504 506
99 526 524 503 -1
100 542 544 538 540
101 172 -1 176 174
103 360 358 356 362
106 190 188 186 -1
108 490 492 488 -1
110 43 76 74 -1
112 1067 1072 -1 239
113 44 40 42 -1
114 64 66 62 -1
115 168 -1 166 170
122 56 -1 58 60
123 287 -1 462 464
125 688 453 -1 686
127 639 988 437 -1
128 963 -1 589 989
129 516 518 514 -1
133 878 -1 876 817
137 801 721 -1 11
141 20 18 -1 16
144 1012 -1 531 1010
148 836 838 -1 683
149 852 854 856 -1
150 238 236 -1 234
151 258 262 -1 260
154 359 789 984 982
155 24 -1 22 26
158 38 -1 34 36
160 992 994 990 -1
161 604 606 608 -1
162 607 750 752 -1
163 508 -1 512 510
165 530 -1 532 528
166 -1 1096 1011 821
167 96 94 92 -1
169 110 106 -1 108
170 -1 27 111 118
171 124 120 122 -1
172 123 128 130 126
173 134 132 136 -1
175 23 140 -1 107
176 144 146 142 148
177 154 119 150 152
178 158 153 156 67
179 162 164 97 160
180 178 161 180 -1
181 -1 184 179 182
182 194 196 192 -1
184 200 198 202 204
185 206 208 212 210
186 220 224 226 222
187 228 232 221 230
188 213 101 -1 248
189 246 215 83 243
190 242 85 240 244
191 254 252 250 -1
192 251 -1 256 19
194 272 274 268 270
195 282 276 278 280
196 -1 284 286 288
197 296 292 290 294
198 298 300 302 304
199 308 -1 306 310
200 312 314 297 316
201 318 317 320 -1
202 322 326 324 313
203 -1 330 332 328
204 348 344 346 327
205 347 352 354 350
206 375 575 579 781
207 364 211 9 366
208 370 372 374 368
209 325 351 376 315
210 378 382 371 380
211 390 388 384 386
212 307 231 392 394
213 396 398 309 -1
214 416 412 414 411
215 408 410 349 406
216 422 407 323 303
217 418 305 319 -1
218 420 335 419 -1
219 -1 425 423 341
220 428 426 409 424
221 -1 466 417 427
222 -1 717 447 467
223 438 442 405 440
224 446 444 448 413
225 454 450 456 452
226 457 458 31 460
227 494 498 500 496
228 -1 468 470 472
229 -1 33 474 331
230 449 311 478 476
231 385 484 480 482
232 481 207 365 486
233 333 520 429 522
234 550 548 421 546
235 -1 552 551 554
236 415 477 353 345
237 568 387 566 383
238 567 483 570 373
239 571 487 572 574
240 573 367 576 578
241 98 104 102 100
242 3 247 582 577
243 594 598 596 105
244 597 602 600 217
245 103 216 218 214
246 610 614 99 612
248 599 620 619 603
249 622 626 624 -1
250 628 195 630 632
251 636 473 634 613
252 499 638 640 637
253 644 642 -1 615
254 471 648 595 643
255 660 656 658 533
256 676 678 674 680
257 684 682 677 -1
258 698 702 163 700
259 738 -1 699 709
260 704 708 710 706
261 35 -1 742 740
262 722 718 724 720
264 177 -1 39 788
265 675 768 766 663
266 782 -1 784 786
267 790 787 792 -1
268 759 796 267 794
269 798 800 749 802
270 143 183 804 169
272 753 810 283 609
273 651 820 529 811
274 591 733 623 727
275 767 824 822 671
277 55 828 -1 826
278 840 844 757 842
279 157 629 834 41
280 725 850 155 199
281 75 585 495 858
282 860 63 45 587
283 862 864 65 861
284 868 866 870 659
285 513 515 729 872
289 874 681 667 -1
290 823 815 517 509
291 880 882 884 841
292 849 886 831 769
293 49 888 879 833
294 890 894 892 -1
295 896 -1 47 887
296 900 898 897 847
297 906 904 908 902
298 916 910 914 912
299 920 918 -1 895
301 924 701 185 909
302 137 928 926 -1
303 539 -1 139 889
304 932 938 934 936
305 935 37 -1 942
306 940 175 361 133
307 -1 944 791 525
308 952 -1 783 945
309 785 948 173 950
310 885 954 -1 956
311 958 -1 507 960
312 193 535 962 631
313 877 913 883 964
315 -1 363 966 929
317 793 951 941 545
318 601 974 972 976
319 151 109 145 -1
320 505 -1 543 899
321 980 903 451 459
323 -1 461 996 285
324 203 -1 159 561
325 -1 803 255 1000
326 747 1002 685 1004
327 435 593 621 649
328 1014 943 25 -1
330 923 -1 1015 1018
331 141 741 705 739
332 857 961 901 839
333 1020 1022 853 1024
334 1026 1028 959 855
335 1030 827 527 1029
338 181 127 1032 1034
340 1001 -1 21 1040
341 751 655 661 1013
342 1042 563 863 -1
343 871 581 1043 -1
345 1044 1046 275 1048
347 1052 1054 1027 1023
348 -1 1056 1031 1055
349 1058 1060 53 1057
350 1062 965 881 -1
351 967 1039 969 911
352 263 -1 1064 237
354 1068 1025 837 1003
355 1070 1005 875 1047
356 707 761 925 905
357 -1 149 981 931
358 1009 219 -1 1017
359 511 -1 873 1073
360 393 223 485 389
361 1074 -1 391 1076
362 1080 1077 569 1078
363 1084 1079 379 1082
364 1083 381 369 1086
365 291 1087 775 779
366 377 1088 -1 293
367 355 1090 1085 1089
368 -1 1092 1081 1091
369 479 395 1075 1093
371 257 15 205 557
