665
1 3600 71
8
1397 1199 1196 1243 1201 613 610 385
1 3600 132
17
1096 385 382 615 618 631 533 259 254 275 247 23 20 571 576 561 558
1 3600 132
11
1198 1394 1398 1193 1194 59 54 917 918 926 285
1 3600 132
10
611 612 1200 531 259 256 913 737 740 746
1 3600 132
11
1096 385 382 615 618 631 533 259 260 288 737
1 3600 132
9
615 618 631 533 259 254 397 398 403
1 3600 132
20
1118 393 394 874 915 65 13 14 198 202 241 217 220 370 743 277 247 23 18 978
1 3600 132
12
1200 531 259 256 287 267 231 229 226 47 50 243
1 3600 132
16
375 378 1118 1398 1193 441 442 417 418 55 56 66 225 228 234 252
1 3600 132
8
1243 531 259 260 267 262 732 906
1 3600 132
32
602 1051 649 645 389 394 874 915 65 13 16 40 1026 141 138 727 369 364 295 290 1033 453 454 145 33 38 597 591 581 571 572 992
1 3600 118
16
1397 1394 1398 1193 1194 59 52 271 241 238 727 724 921 924 1362 1403
1 3600 343
29
614 383 386 410 391 394 874 915 65 60 1058 1212 1063 177 178 209 212 989 984 1158 1178 1421 1085 1077 1078 1443 1247 1244 1252
1 3600 343
22
877 381 378 1118 1398 955 956 931 928 331 334 1458 189 186 1101 1098 423 317 318 412 516 1052
1 3600 120
3
645 389 392
1 3600 120
9
610 385 386 410 391 394 767 445 440
1 3600 120
5
1200 1242 1197 1198 1394
1 3600 120
11
376 1018 1096 385 382 647 645 389 394 767 445
1 3600 99
16
531 259 256 287 267 264 284 223 224 45 48 203 206 1027 1024 1062
1 3600 99
11
610 385 386 410 391 394 874 1210 973 963 964
1 3600 202
28
605 602 1051 617 618 631 533 259 256 913 737 738 906 910 371 372 406 139 140 201 15 12 60 1060 1219 1216 197 194
1 3600 343
22
618 631 533 259 254 397 273 276 742 371 372 363 366 922 987 299 302 1042 535 536 185 182
1 3600 343
24
631 533 259 260 267 231 229 226 47 48 203 199 15 10 29 30 1155 163 166 182 1296 123 124 1446
1 3600 229
9
1197 1198 1394 1398 539 544 1451 931 765
1 3600 244
15
375 378 1118 1398 955 956 1450 709 710 932 1175 1171 1172 351 348
1 3600 343
25
1357 619 614 647 645 389 394 874 1210 969 966 1214 333 336 1173 1168 107 77 82 546 673 676 1140 1147 1137
1 3600 343
31
1397 1394 1398 539 544 1451 931 327 324 763 555 556 1165 1162 341 344 1300 1472 853 829 830 685 682 844 982 1248 1324 1269 1266 1347 1350
1 3600 343
13
612 1200 531 259 254 397 398 460 439 434 769 772 761
1 3600 343
12
600 1019 1020 1118 1398 955 543 544 1233 1105 837 813
1 3600 343
17
646 383 386 410 391 394 874 1210 969 966 1214 333 336 351 352 855 856
1 3600 343
45
648 617 618 631 533 259 260 288 737 740 746 745 742 371 372 408 729 724 1431 1383 1041 213 208 1115 1116 535 536 658 163 164 476 650 1264 1274 671 672 685 678 1391 1392 93 98 897 898 793
1 3600 343
24
1118 1398 539 542 956 1450 709 706 527 528 932 1175 1171 1168 341 344 1298 85 90 1385 1386 1475 95 96
1 3600 343
29
379 374 1243 531 259 254 275 247 244 586 1002 1028 35 32 144 455 452 1030 483 486 609 606 1245 749 752 127 128 133 134
1 3600 223
6
258 532 630 619 614 383
1 3600 223
14
1016 365 368 726 239 240 270 53 58 1195 1192 1399 1395 1199
1 3600 223
11
44 67 68 916 419 416 443 440 1192 1399 1119
1 3600 223
11
46 227 228 230 266 261 258 530 1242 375 380
1 3600 223
12
577 570 21 22 246 274 255 258 532 630 619 616
1 3600 223
16
585 245 246 276 744 747 741 736 912 257 258 532 630 619 614 383
1 3600 223
11
995 996 1028 401 402 399 396 255 258 530 1242
1 3600 223
9
907 739 736 289 286 257 258 530 1201
1 3600 223
14
48 203 199 15 12 64 914 875 395 390 411 387 384 1097
1 3600 223
23
1037 979 19 22 246 276 744 908 907 733 263 264 284 927 919 69 57 58 1195 1192 1399 1395 1396
1 3600 223
7
630 619 616 1048 383 384 1097
1 3600 223
14
911 909 747 741 736 289 261 258 532 630 619 616 1050 603
1 3600 223
4
508 1051 649 645
1 3600 207
13
265 262 730 734 740 746 745 277 247 244 584 596 994
1 3600 207
3
50 219 220
1 3600 207
6
993 573 574 981 978 1036
1 3600 207
5
398 403 400 1029 997
1 3600 207
7
906 910 371 372 363 364 1017
1 3600 207
8
629 533 259 256 913 737 735 731
1 3600 235
14
223 226 236 215 216 238 727 369 366 924 1358 1417 1413 1153
1 3600 235
11
397 398 460 451 448 457 452 1032 291 292 308
1 3600 235
6
276 742 371 372 363 364
1 3600 235
21
740 746 745 277 247 244 584 596 39 32 148 723 717 447 448 437 434 493 485 473 471
1 3600 235
16
598 1002 997 39 32 148 721 715 712 447 448 437 434 493 485 473
1 3600 235
10
593 315 312 506 405 402 147 144 455 452
1 3600 235
13
1028 35 32 148 723 459 455 456 437 434 493 496 491
1 3600 235
16
312 506 405 402 460 451 448 457 452 1032 1143 1144 1151 1152 1412 1416
1 3600 235
17
310 1035 979 980 25 20 580 588 995 39 32 144 455 452 1030 483 473
1 3600 235
8
586 1002 1028 35 32 148 721 715
1 3600 235
13
249 246 276 742 371 372 363 366 924 1362 1404 1121 1124
1 3600 235
29
233 234 250 215 218 243 238 139 140 1027 1024 177 178 209 210 303 300 1046 1094 1089 1090 1418 1415 1401 1127 1122 1149 1150 1145
1 3600 235
21
559 560 577 570 580 590 596 996 1028 401 402 460 439 436 457 452 1032 1143 1144 1440 1442
1 3600 235
16
244 584 596 39 32 148 723 717 447 450 439 434 493 494 499 489
1 3600 235
11
586 1002 1028 35 32 144 455 452 1032 291 294
1 3600 235
7
910 743 277 272 398 147 33
1 3600 235
11
560 993 573 574 981 978 1036 405 402 460 439
1 3600 235
18
224 268 271 203 206 141 138 727 724 921 924 1362 1404 305 306 1149 1150 1145
1 3600 235
16
234 252 372 408 729 724 1431 1073 987 984 1158 1178 1421 1418 1083 1077
1 3600 235
8
921 924 1360 295 290 1033 453 456
1 3600 235
10
725 369 364 295 290 1033 1030 483 484 496
1 3600 229
24
563 560 577 570 21 22 246 276 742 371 221 216 238 139 140 1027 1024 1062 1155 163 164 476 652 1067
1 3600 229
21
243 240 203 199 15 12 60 1060 1219 1216 191 173 174 1208 1101 1098 423 317 318 412 518
1 3600 343
11
991 505 506 405 402 460 439 434 769 772 1055
1 3600 183
15
260 267 231 232 284 927 919 916 419 416 443 440 1192 539 540
1 3600 183
6
224 67 57 54 419 416
1 3600 183
17
275 276 744 908 907 733 263 231 229 224 268 53 58 1195 441 442 1220
1 3600 231
16
583 245 246 276 744 747 741 735 731 263 264 284 927 919 916 419
1 3600 231
8
910 371 221 218 243 238 139 142
1 3600 231
13
1051 1048 383 386 410 391 394 874 915 65 13 16 42
1 3600 231
4
44 67 68 916
1 3600 231
20
397 273 276 742 371 253 250 237 47 48 203 206 1027 41 17 12 64 914 1210 973
1 3600 231
36
583 584 596 39 32 148 723 459 455 452 1032 291 296 1403 1400 1414 1419 1420 1179 1159 985 988 1038 1110 179 176 1062 1213 1059 61 64 914 1210 973 963 964
1 3600 231
17
579 580 590 598 587 245 246 276 744 908 907 733 263 231 229 224 67
1 3600 231
13
533 259 256 287 267 231 234 252 372 408 729 724 1069
1 3600 231
16
35 32 148 721 715 712 447 448 457 452 1032 291 296 1363 925 922
1 3600 231
5
729 726 139 140 201
1 3600 231
15
742 371 221 216 240 203 199 15 10 29 26 1059 1060 1219 1216
1 3600 231
6
1051 649 645 389 394 874
1 3600 231
20
559 560 993 573 574 25 22 246 276 742 371 372 406 139 140 1027 1024 1062 31 28
1 3600 231
11
245 246 276 742 371 221 218 243 238 139 142
1 3600 231
9
233 229 226 47 48 203 206 141 142
1 3600 211
21
511 508 603 600 1019 1020 1118 1398 955 956 931 327 322 331 334 1458 1460 1277 1265 651 652
1 3600 211
13
906 910 371 372 363 366 922 987 984 1156 1426 1095 1092
1 3600 211
15
226 47 50 243 238 727 724 1069 1070 1041 989 984 1158 1178 1087
1 3600 211
21
593 594 505 506 405 402 460 451 448 457 452 1032 1143 1144 1151 1081 1076 1084 1091 1088 1095
1 3600 211
31
577 570 580 588 995 39 32 144 455 452 1032 1143 1144 1151 1148 1123 1126 1400 1414 1419 1091 1088 1427 1045 301 302 1042 535 536 658 163
1 3600 181
15
372 363 366 920 1431 1383 1041 1038 1112 535 536 185 182 1296 641
1 3600 343
20
505 506 405 402 460 439 434 493 485 473 465 161 157 155 152 606 1245 749 754 1446
1 3600 244
18
629 630 619 614 383 386 410 391 392 1398 955 543 544 709 710 932 1463 657
1 3600 137
18
729 726 139 140 1027 1024 1062 1155 163 168 188 75 70 106 1163 1164 557 552
1 3600 190
26
1035 979 19 22 246 276 742 371 221 218 51 48 203 199 15 10 29 30 1155 163 168 188 75 72 110 549
1 3600 343
28
511 508 1051 1048 647 645 389 394 874 1210 969 966 637 632 193 194 663 660 668 778 1304 1308 1316 1287 1284 1345 1327 1249
1 3600 343
30
238 727 724 1069 1070 1041 213 208 1115 1116 535 536 658 163 164 476 650 1262 1272 1331 777 774 1366 1365 977 974 1289 1292 1411 1407
1 3600 343
18
263 264 284 927 919 69 57 58 1195 1192 539 544 1233 1109 825 826 815 816
1 3600 343
19
276 742 371 372 406 139 140 1027 1024 1062 1155 163 168 188 75 72 110 79 80
1 3600 343
31
45 48 203 199 15 12 60 1060 1219 1216 197 192 633 636 1214 333 336 1167 1162 341 338 855 856 1011 1014 87 90 1424 1009 937 703
1 3600 343
27
249 244 586 1002 1028 35 32 148 723 717 447 448 437 434 769 772 761 756 1406 1410 1279 1251 983 281 282 1135 105
1 3600 343
32
284 223 224 268 271 203 206 1027 41 42 178 1115 1116 535 536 185 182 1296 641 642 1351 1348 1281 1278 1411 1407 1131 119 116 902 133 136
1 3600 149
14
472 484 492 435 438 461 399 396 255 258 530 1242 375 378
1 3600 162
8
449 450 461 403 404 507 504 990
1 3600 162
3
33 38 994
1 3600 162
8
716 722 149 146 399 396 255 258
1 3600 162
10
482 1031 1032 291 294 365 362 373 253 235
1 3600 162
29
472 482 1031 1032 291 296 1403 1400 1414 1419 1420 1179 1159 985 988 213 208 179 43 17 12 64 914 875 395 388 644 648 1050
1 3600 162
17
1144 1151 1148 307 304 1405 1363 925 367 362 373 253 235 230 266 286 257
1 3600 162
21
498 495 492 435 436 449 446 713 714 720 149 33 34 1029 1003 599 591 581 571 576 561
1 3600 162
6
145 146 399 396 255 256
1 3600 162
14
715 712 447 448 457 452 1032 291 294 365 362 373 221 214
1 3600 162
18
475 472 482 1031 1032 1143 1144 1151 1152 1412 1416 1359 925 367 368 728 409 373
1 3600 162
13
1033 453 456 449 450 461 399 273 276 744 747 741 735
1 3600 162
5
461 403 404 1037 1034
1 3600 162
9
309 304 1405 1363 925 920 725 726 239
1 3600 162
14
493 485 482 1031 1032 291 294 365 368 726 239 242 51 46
1 3600 162
19
1153 1150 1145 1142 1033 453 454 458 722 149 33 38 994 589 581 21 24 3 8
1 3600 152
8
497 492 435 436 449 446 713 714
1 3600 152
9
1120 305 293 290 1033 1030 483 484 494
1 3600 152
15
1144 1440 1247 749 754 125 122 1302 1319 1309 1306 1312 1183 1099 1102
1 3600 152
8
1443 1441 1145 1142 1033 1030 483 486
1 3600 152
9
464 472 484 492 769 772 1055 517 413
1 3600 152
10
1402 297 290 1033 453 456 437 434 769 770
1 3600 152
10
1401 1402 297 290 1033 1030 483 486 609 153
1 3600 152
10
495 492 769 772 1055 517 413 319 316 426
1 3600 152
15
473 465 462 159 157 155 152 606 1245 749 750 760 1055 517 518
1 3600 152
7
439 434 493 485 486 609 153
1 3600 152
9
1145 1142 1033 453 456 437 434 769 770
1 3600 152
23
306 1149 1081 1076 1084 1091 1088 1095 1047 301 302 1042 535 536 185 182 1296 123 124 755 750 760 773
1 3600 152
9
483 473 474 469 466 159 157 155 152
1 3600 152
10
1358 1417 1413 1153 1081 1078 1443 1247 1244 1252
1 3600 152
5
1443 1247 749 750 760
1 3600 343
7
448 437 434 769 772 1055 1052
1 3600 244
26
497 485 482 1031 1032 291 296 1403 1400 1414 1419 1420 1179 1159 985 988 1038 1110 179 43 17 12 64 914 875 395
1 3600 161
10
1079 1076 1084 1091 1088 1427 1045 301 302 211
1 3600 161
13
291 294 1361 925 920 725 726 239 240 270 53 54 917
1 3600 161
17
1057 589 590 585 245 246 276 744 908 907 733 263 264 284 927 919 916
1 3600 161
18
309 304 1121 1124 1412 1414 1419 1420 1179 1159 985 988 213 208 179 176 1062 31
1 3600 153
30
472 482 1031 1032 1143 1144 1151 1148 1123 1126 1400 1414 1419 1420 1087 1088 1095 1047 301 302 1042 535 536 658 163 168 186 1209 1207 569
1 3600 153
10
1439 1031 1032 1143 1144 1440 1442 1079 1076 1082
1 3600 153
9
457 452 1032 291 296 1403 1400 1414 1083
1 3600 153
9
1144 1151 1152 1412 1416 1359 925 922 987
1 3600 153
20
1437 1031 1032 291 296 1363 925 922 1072 1383 1041 1038 1112 535 536 658 163 164 476 652
1 3600 153
28
719 715 712 447 448 457 452 1032 291 294 365 368 726 139 140 1027 41 17 12 60 1060 1219 1216 197 194 1229 791 565
1 3600 153
9
144 455 452 1032 1143 1144 1440 1442 1444
1 3600 153
20
465 161 157 155 152 606 1245 749 752 1410 1293 1290 1339 1340 1333 1334 1344 1285 1282 183
1 3600 153
24
1442 1079 1076 1084 1420 1179 1159 985 299 302 1042 1117 1114 179 176 1062 1213 1059 1060 1219 1216 191 173 170
1 3600 144
20
307 304 1405 1363 925 920 1431 1383 1041 1038 1110 179 176 1062 1155 163 164 476 652 1074
1 3600 144
13
159 157 155 152 606 1245 749 754 125 122 1297 1294 1317
1 3600 144
6
1103 1098 1182 1313 1314 1322
1 3600 343
9
161 157 155 152 606 1245 749 754 1446
1 3600 343
27
1412 1414 1419 1091 1088 1095 1047 301 302 1042 535 536 185 180 476 650 1264 1276 1461 1459 335 330 323 324 525 520 528
1 3600 190
33
714 720 149 146 399 273 276 744 747 741 735 731 263 231 229 222 927 919 916 419 416 443 440 1192 955 956 1450 709 706 527 528 932 1175
1 3600 143
25
469 470 472 482 1031 1032 291 294 1361 925 920 1069 1070 1041 213 210 1042 535 536 658 163 168 188 75 72
1 3600 264
14
715 712 447 448 437 434 769 772 761 756 1406 1410 1279 1280
1 3600 343
19
365 368 726 139 140 201 15 10 29 30 1155 659 185 182 1296 123 120 1411 127
1 3600 343
26
1079 1076 1084 1420 1179 1159 1156 1045 301 302 1042 535 536 658 163 164 476 650 1259 1257 1254 1452 347 352 355 360
1 3600 343
37
1079 1076 1084 1420 1179 1159 985 988 213 208 179 176 1062 1155 163 164 476 650 1264 1274 1379 891 892 1140 839 842 847 683 684 831 828 852 867 870 89 86 1422
1 3600 343
13
498 495 492 769 772 761 756 1406 1410 1293 1288 975 976
1 3600 343
36
719 720 149 146 399 273 276 742 371 221 216 240 203 199 15 12 64 914 1210 969 966 1214 333 336 1173 1168 107 77 82 550 830 685 680 861 862 103
1 3600 343
23
1065 427 424 1191 1186 1307 1308 1318 639 642 1351 1346 1352 1354 1291 1292 1411 1407 1131 1128 901 902 133
1 3600 343
12
771 768 435 438 461 399 396 255 258 532 630 619
1 3600 97
20
771 768 435 436 457 454 145 33 34 1029 1003 587 245 246 276 744 747 741 736 912
1 3600 62
17
1100 187 169 162 659 537 534 1043 303 300 1044 1426 1089 1090 1418 1415 1401
1 3600 62
9
519 516 1054 773 768 435 436 457 452
1 3600 62
8
761 751 748 1246 1441 1151 1148 1123
1 3600 62
27
413 319 316 426 1066 653 477 165 162 1154 1063 1025 1026 207 202 241 217 220 370 743 277 247 23 20 580 588 1056
1 3600 62
4
607 608 487 482
1 3600 49
20
519 413 319 316 422 1182 1313 1314 1321 1318 1303 123 124 755 748 1244 607 153 154 156
1 3600 78
3
772 1055 1052
1 3600 343
24
772 1055 517 413 319 316 424 1477 1189 1186 1307 1305 779 669 661 662 195 192 633 636 967 968 1211 875
1 3600 171
9
319 316 422 1099 1100 1209 175 172 190
1 3600 46
9
771 772 1055 517 413 319 316 426 1066
1 3600 61
16
157 155 152 606 1245 749 752 1410 1279 1280 1349 1350 643 638 1319 1309
1 3600 61
9
151 152 606 1245 749 754 125 122 1297
1 3600 61
12
152 606 1245 749 752 1410 121 122 1302 1319 1320 1322
1 3600 264
5
606 1245 749 754 1446
1 3600 343
30
427 422 1182 1313 1314 1321 1316 1295 1283 1284 1345 1335 1332 1342 1311 975 953 681 684 547 83 80 1301 1298 857 858 1006 359 356 1107
1 3600 343
24
761 756 1406 1410 1293 1290 1355 1353 1267 1268 1325 1249 983 845 683 678 851 852 1241 1238 345 338 353 348
1 3600 214
19
772 761 756 1406 1410 1279 1251 983 281 282 959 843 838 1141 677 670 1275 1276 1461
1 3600 214
24
151 152 608 487 482 1031 1032 291 296 1363 925 922 1072 1383 1041 1038 1112 535 536 185 182 1283 1284 1370
1 3600 343
5
606 1245 749 752 127
1 3600 343
25
608 487 482 1031 1032 291 294 365 362 373 221 214 237 227 224 268 53 58 1195 1192 539 544 1233 1109 825
1 3600 343
35
606 1245 1246 1442 1079 1076 1082 1419 1091 1088 1427 1045 301 302 1042 535 536 658 163 168 188 1460 1277 1274 671 672 685 678 1465 1466 1387 1384 91 86 1422
1 3600 343
44
151 154 156 160 464 472 482 1031 1032 1143 1144 1151 1152 1412 1414 1419 1420 1179 1159 985 988 213 208 179 176 1062 1155 163 164 476 650 1262 1272 1376 1378 1380 549 550 828 850 1465 1466 689 692
1 3600 343
39
154 156 158 463 464 472 482 1031 1032 291 294 365 368 726 139 140 1027 41 17 12 64 914 1210 969 966 1214 333 334 1455 1375 1331 1139 1136 1146 839 842 958 1135 105
1 3600 343
11
606 1245 749 750 756 1131 119 114 128 133 130
1 3600 343
26
1053 517 413 319 316 424 1191 1186 1307 1305 779 669 661 664 1228 195 192 633 636 967 968 1211 875 395 388 644
1 3600 343
20
1053 517 413 319 316 422 1099 1100 187 169 162 659 537 534 1113 1039 1040 1382 1073 923
1 3600 229
6
1054 773 768 435 436 457
1 3600 31
5
1054 761 751 748 1244
1 3600 343
18
517 413 319 316 426 1066 653 650 1264 1276 1461 1459 335 330 929 930 957 543
1 3600 343
19
1053 517 413 319 316 422 1182 1313 1307 1308 1316 1295 183 184 658 1154 1063 1025 1026
1 3600 343
23
517 413 319 316 424 1477 1189 1186 1314 1321 1318 1303 1297 183 184 537 534 1043 303 300 1044 1157 1158
1 3600 114
7
517 413 319 316 422 1182 1189
1 3600 229
6
1053 1054 761 751 754 1448
1 3600 343
20
1054 761 751 752 1410 1293 1288 975 953 681 684 831 551 83 76 106 1169 1170 1174 933
1 3600 343
14
517 413 319 316 422 1099 1100 187 188 1459 1457 347 348 481
1 3600 343
13
1053 517 413 319 316 424 1477 1313 1307 1305 779 669 666
1 3600 343
12
1053 1054 761 756 1406 1410 1279 1280 1271 1268 1325 1249
1 3600 343
3
1054 761 756
1 3600 343
40
1053 1054 761 751 752 1410 1293 1290 1355 1337 1340 1342 1311 975 976 1364 1367 279 282 865 860 681 678 1391 887 884 1474 689 690 1161 999 895 515 431 428 1468 359 360 819 816
1 3600 343
29
1053 517 413 319 316 422 1182 1189 1186 1307 1308 1318 639 642 1351 1346 1267 1268 1334 1327 1249 983 845 683 678 1465 947 948 1384
1 3600 343
15
1053 1054 761 751 752 1410 1279 1251 983 281 282 1135 105 100 801
1 3600 343
21
517 413 319 316 424 1477 1313 1314 1321 1316 1287 1284 1345 1335 1332 1342 1311 975 976 1364 1368
1 3600 343
8
1054 761 756 1131 1128 901 902 133
1 3600 57
10
444 766 395 390 411 387 384 611 612 1202
1 3600 57
4
538 1399 1395 1396
1 3600 44
20
873 767 445 442 417 418 917 918 926 285 265 262 732 906 909 745 277 247 244 586
1 3600 181
20
542 954 1193 1194 59 52 269 225 226 236 215 220 370 743 277 272 398 460 451 446
1 3600 343
20
442 417 418 55 52 271 241 238 407 363 364 295 290 1033 1030 483 473 465 462 159
1 3600 343
29
1221 443 444 766 874 1210 973 963 960 966 637 632 193 194 1229 665 660 668 778 1304 1306 1187 1190 425 317 318 412 516 1052
1 3600 80
3
767 445 440
1 3600 61
8
538 1193 441 444 766 874 915 65
1 3600 61
12
1194 59 52 271 203 206 1027 1024 177 178 1111 1039
1 3600 61
9
421 418 55 52 271 203 199 15 16
1 3600 61
9
874 915 65 13 16 42 178 1115 1116
1 3600 137
17
1205 59 56 66 45 50 243 238 727 724 1431 1073 987 984 1158 1178 1087
1 3600 343
17
542 956 931 765 555 556 1165 1162 107 71 74 1460 1277 1265 651 652 1074
1 3600 343
32
1221 443 440 1192 955 956 1450 1233 1105 905 361 358 1007 859 856 1299 1239 1240 853 850 679 680 861 864 283 280 982 1250 1278 121 124 1448
1 3600 56
5
1205 1195 1192 539 544
1 3600 56
7
1205 1195 1192 955 956 931 327
1 3600 54
11
543 544 709 706 527 521 524 325 328 950 331
1 3600 214
18
440 1192 539 542 956 931 765 555 556 1165 1166 351 346 1453 1255 1256 1258 1264
1 3600 343
25
1398 539 544 1233 1109 1106 357 358 1469 429 430 514 896 99 92 1393 1390 679 680 952 974 1310 1343 1333 1269
1 3600 343
21
1205 59 52 271 203 199 15 10 29 30 1155 163 166 182 1296 123 120 1411 127 115 112
1 3600 343
14
1398 955 956 1450 709 710 932 1175 1171 1172 351 348 481 478
1 3600 264
13
766 874 1210 969 966 1214 333 336 1167 1162 341 338 855
1 3600 343
19
541 544 1451 931 327 324 763 555 556 1165 1162 107 77 82 546 685 682 846 958
1 3600 343
16
1398 955 956 1450 1233 1105 837 813 814 832 357 358 1007 1004 799 800
1 3600 343
22
444 766 874 1210 969 966 1214 333 334 1455 1375 1331 777 774 279 280 982 1250 1278 1411 127 128
1 3600 120
15
239 242 219 214 251 235 230 266 261 258 530 1242 1197 1198 1396
1 3600 120
7
1059 61 64 914 875 395 388
1 3600 115
19
17 14 198 202 49 46 227 228 230 266 286 257 258 532 630 619 616 1050 509
1 3600 115
20
1114 209 212 1040 1071 1068 725 728 409 373 370 743 277 247 23 20 580 588 995 996
1 3600 115
17
1058 27 28 11 14 200 141 138 407 373 370 743 277 247 23 18 978
1 3600 115
15
13 14 198 202 241 217 220 370 743 277 247 244 584 591 588
1 3600 115
22
971 972 1211 915 65 13 16 40 1026 207 202 49 46 236 251 252 370 743 277 247 244 582
1 3600 115
11
1026 207 202 49 44 225 222 285 265 266 261
1 3600 115
17
13 14 200 141 138 407 373 370 743 277 247 23 24 575 572 992 561
1 3600 115
9
141 138 239 242 219 220 370 743 277
1 3600 117
6
1068 921 924 1358 1417 1401
1 3600 117
11
1073 923 924 1362 297 290 1033 1030 483 473 465
1 3600 117
19
1225 1205 59 56 66 225 228 230 262 730 734 740 746 745 277 272 398 147 148
1 3600 181
29
1211 915 65 13 16 42 178 209 210 303 300 1046 1094 1089 1086 1421 1085 1077 1080 1150 1145 1142 1033 1030 483 486 609 153 154
1 3600 343
11
173 174 1208 1101 1098 423 317 318 412 516 1052
1 3600 117
4
419 416 443 440
1 3600 117
7
14 198 202 270 53 58 1204
1 3600 117
7
26 1059 61 64 914 875 872
1 3600 117
7
1225 1205 59 54 419 416 1220
1 3600 117
10
63 13 14 198 202 270 53 54 419 420
1 3600 117
3
1211 875 767
1 3600 83
3
914 1210 973
1 3600 83
14
59 52 269 45 48 203 199 15 12 60 1060 1219 1216 191
1 3600 121
11
962 972 1211 915 65 60 1058 1212 1155 659 537
1 3600 121
12
972 1211 915 65 13 16 42 178 1115 1116 1043 303
1 3600 121
7
140 1027 1024 177 178 209 210
1 3600 121
16
917 69 66 45 48 203 199 15 12 60 1060 1219 1216 191 173 170
1 3600 121
12
143 138 727 369 364 295 292 306 1149 1081 1078 1444
1 3600 121
13
1058 1212 1063 177 178 1111 1039 989 984 1158 1178 1421 1418
1 3600 121
16
69 66 45 48 203 206 1027 1024 1062 1155 163 168 186 1209 175 170
1 3600 121
11
17 12 60 1060 1219 1216 197 194 663 660 567
1 3600 121
7
17 10 29 30 1155 659 537
1 3600 127
10
197 194 1229 665 660 668 778 1304 1308 1316
1 3600 343
13
143 140 1027 1024 1062 1155 659 185 182 1296 123 124 1446
1 3600 116
7
1225 1205 1195 1192 539 544 709
1 3600 116
19
60 1060 1219 1216 197 192 633 636 1214 333 336 351 352 355 356 833 815 812 836
1 3600 121
8
64 914 1210 973 963 960 966 1185
1 3600 121
17
1072 1383 1041 1038 1112 535 536 658 163 168 188 75 72 109 106 341 342
1 3600 121
15
416 443 440 1192 955 956 1450 709 710 932 1175 1171 1168 341 342
1 3600 121
6
966 1214 333 336 1167 1164
1 3600 121
13
55 58 1195 1192 539 544 1451 931 765 555 556 1165 1162
1 3600 121
16
178 1115 1116 535 536 185 180 476 650 1259 1257 1254 1452 347 348 481
1 3600 121
8
963 960 966 1214 333 336 1173 1170
1 3600 90
12
197 192 633 636 1214 333 334 1457 1453 1255 1256 1260
1 3600 90
13
960 966 1214 333 334 1458 1460 1277 1265 1259 1257 625 622
1 3600 229
11
987 299 302 1042 535 536 185 182 1283 1284 1370
1 3600 343
17
1072 1383 1041 1038 1112 535 536 658 163 166 182 1296 123 124 755 750 758
1 3600 343
10
57 58 1195 1192 955 956 1450 1233 1109 1106
1 3600 156
14
1212 1155 163 168 188 75 72 110 79 80 1301 1298 1011 1012
1 3600 181
17
1070 1041 213 208 1115 1116 535 536 658 163 164 476 650 1264 1274 671 672
1 3600 343
15
173 174 1208 187 188 75 72 110 549 546 685 680 861 862 103
1 3600 343
21
15 10 29 30 1155 659 185 182 1296 641 642 1351 1348 1281 1278 1411 1407 1131 119 116 902
1 3600 244
19
476 650 1264 1276 1461 1459 335 330 951 329 326 930 1450 545 542 954 1399 393 390
1 3600 76
9
658 1154 1063 1025 1026 207 202 49 46
1 3600 76
23
1181 1178 1421 1418 1415 1413 1153 1150 1145 1142 1033 453 456 449 450 461 403 404 507 313 314 592 1023
1 3600 79
11
534 1043 303 300 1046 1094 1089 1090 1418 1415 1413
1 3600 79
21
1206 1208 187 169 162 659 537 534 1043 303 298 986 923 924 1362 297 290 1033 1030 483 473
1 3600 79
21
172 190 1217 1218 1061 1058 1212 1063 177 178 209 212 989 984 1158 1178 1421 1085 1077 1078 1443
1 3600 79
13
1415 1401 1127 1122 1149 1150 1145 1142 1033 1030 483 484 494
1 3600 79
14
537 534 1113 1039 1040 1382 1430 921 924 1360 295 290 1033 453
1 3600 48
14
569 566 668 778 1304 1308 1318 1303 123 124 755 748 1244 1252
1 3600 343
20
1087 1088 1095 1047 301 302 1042 535 536 658 163 168 186 1101 1098 423 317 318 412 516
1 3600 171
12
1209 175 172 190 1217 1218 1061 61 64 914 875 767
1 3600 78
7
169 162 1154 1213 1059 61 64
1 3600 78
11
985 988 1038 1110 179 43 17 12 60 1060 1219
1 3600 78
9
168 188 1459 335 332 1215 967 961 962
1 3600 78
4
1181 1159 985 986
1 3600 78
11
1420 1179 1159 985 986 1072 1430 725 726 139 140
1 3600 78
6
165 162 659 537 534 1117
1 3600 46
9
534 1043 303 300 1044 1426 1089 1090 1085
1 3600 78
11
1427 1045 301 302 1042 535 536 185 182 1294 1317
1 3600 78
7
1042 535 536 185 182 1296 1302
1 3600 78
11
988 213 208 179 176 1062 1155 163 166 182 1283
1 3600 78
4
185 182 1294 1317
1 3600 78
6
180 476 652 1067 427 424
1 3600 343
17
1088 1095 1047 301 302 1042 535 536 658 163 164 181 182 1296 123 124 1448
1 3600 229
30
1088 1427 1045 301 302 1042 535 536 658 163 164 476 650 1264 1276 1461 75 70 77 80 1301 1298 857 858 1006 359 356 833 827 822
1 3600 46
19
1420 1179 1159 985 988 1038 1110 179 176 1062 1155 163 168 188 75 72 109 106 1169
1 3600 72
7
650 1262 1272 1376 1378 1380 549
1 3600 72
14
302 1042 535 536 658 163 164 476 650 1264 1274 1379 891 888
1 3600 72
11
658 163 164 476 650 1262 1272 1376 891 892 1140
1 3600 72
5
1209 1207 569 564 790
1 3600 63
10
569 564 667 668 778 1304 1308 1316 1287 1284
1 3600 343
12
1101 1098 1182 1313 1314 1321 1318 1303 123 124 755 750
1 3600 343
25
985 986 1072 1430 725 726 239 242 51 44 67 68 916 419 416 443 440 1192 539 544 1233 1105 837 813 816
1 3600 229
28
1084 1420 1179 1159 985 988 213 208 179 43 17 12 60 1060 1219 1216 197 192 633 636 1214 333 336 351 352 855 856 85
1 3600 137
24
1091 1088 1095 1047 301 302 1042 535 536 658 163 168 188 75 72 110 79 80 1472 867 868 946 881 884
1 3600 343
11
650 1264 1274 671 674 841 842 847 848 105 100
1 3600 343
21
650 1259 1260 1272 1331 777 774 1366 1365 977 974 1310 1343 1341 1338 1291 1292 1411 127 128 133
1 3600 343
23
1284 1345 1327 1249 983 845 683 684 547 83 76 106 1169 1170 1174 933 711 708 545 538 1399 1395 1199
1 3600 149
22
1186 1307 1305 779 669 661 662 195 196 1217 1218 1061 61 64 914 875 395 388 644 646 1049 1050
1 3600 43
8
1317 1320 1315 1312 1476 425 426 1064
1 3600 59
15
639 642 1351 1346 1352 1354 1291 1292 1411 753 748 1244 607 153 150
1 3600 59
6
1323 1315 1187 1188 1183 1099
1 3600 59
13
321 318 412 516 1054 773 768 493 485 486 609 153 154
1 3600 264
5
425 317 318 412 516
1 3600 343
16
183 167 162 1154 31 28 11 14 198 202 270 53 54 419 416 1220
1 3600 114
9
1317 1309 1305 779 669 661 664 1228 195
1 3600 73
7
1319 1309 1305 779 669 661 662
1 3600 73
7
1320 1315 1312 1183 1099 1100 1209
1 3600 73
7
1313 1314 1321 1316 1295 183 184
1 3600 73
5
640 1297 183 167 168
1 3600 73
6
1188 1183 1099 1100 1209 1207
1 3600 54
5
1323 1321 1318 1303 123
1 3600 83
10
1189 1186 1307 1308 1316 1295 1296 123 124 1448
1 3600 343
32
1304 1308 1318 639 642 1351 1346 1352 1337 1340 1342 1311 975 953 681 684 831 828 852 867 870 89 84 857 858 1006 359 360 819 812 821 824
1 3600 181
11
422 1099 1100 1209 175 172 190 197 192 633 634
1 3600 48
16
1304 1308 1316 1287 1284 1345 1335 1325 1249 983 281 278 775 776 1330 1273
1 3600 77
6
125 120 1293 1290 1339 1340
1 3600 77
11
1308 1318 1303 641 642 1351 1348 1271 1268 1334 1344
1 3600 77
12
1075 1067 427 422 1182 1313 1314 1321 1316 1287 1284 1370
1 3600 104
12
1314 1321 1316 1295 1296 123 120 1411 1407 1131 119 116
1 3600 343
17
125 120 1293 1288 975 953 861 862 103 100 783 786 796 798 1468 359 360
1 3600 343
18
425 426 1066 653 650 1264 1274 671 672 685 678 1465 1466 689 692 698 1234 1236
1 3600 202
19
1186 1314 1321 1318 639 642 1351 1346 1267 1268 1325 1249 983 281 282 865 860 681 684
1 3600 343
16
1186 1307 1308 1316 1295 1283 1284 1345 1335 1332 1342 1311 975 976 1364 1368
1 3600 343
20
1477 1313 1314 1321 1318 1303 641 642 1351 1348 1281 1278 1411 1407 1131 1128 901 902 133 134
1 3600 343
26
1449 125 120 1279 1251 983 845 683 684 547 83 76 106 1163 1164 557 554 764 930 957 954 1399 1119 379 380 876
1 3600 343
17
1449 125 122 1297 183 184 658 1154 1063 1025 1026 141 138 407 373 370 911
1 3600 343
18
1447 125 122 1297 183 184 537 534 1043 211 212 1040 1382 1073 923 924 1362 297
1 3600 110
11
1449 125 122 1302 1319 1309 1306 1187 1188 1183 1099
1 3600 229
5
1449 755 750 760 1055
1 3600 343
17
1447 125 122 1297 183 167 162 1154 1063 1025 1026 207 202 270 53 58 1204
1 3600 343
20
1449 125 122 1297 183 167 162 1154 31 28 11 14 198 202 49 44 67 68 916 419
1 3600 264
15
1447 125 122 1297 183 184 537 534 1043 303 300 1046 1094 1089 1090
1 3600 34
11
1447 125 122 1302 1319 1320 1315 1312 1476 425 317
1 3600 343
23
1449 125 120 1293 1288 975 953 681 684 831 828 852 1473 1301 345 340 1169 1170 1174 933 529 526 1176
1 3600 343
15
1449 125 122 1297 1294 1317 1309 1305 779 669 666 790 1228 195 192
1 3600 343
9
1447 125 122 1302 1319 1309 1305 779 669
1 3600 143
9
1447 125 120 1279 1280 1271 1268 1334 1327
1 3600 88
4
1449 755 752 127
1 3600 343
21
1449 125 120 1279 1251 983 281 282 1135 105 100 802 433 428 1005 1006 359 356 833 815 816
1 3600 343
22
1447 125 122 641 642 1351 1346 1267 1268 1325 1249 983 281 282 959 847 683 684 831 828 852 1241
1 3600 343
16
1449 125 120 1293 1288 975 953 681 678 1391 1392 93 98 897 898 793
1 3600 343
15
1449 125 122 1297 1283 1284 1345 1335 1332 1342 1311 975 976 1364 1368
1 3600 343
8
1449 755 750 756 1131 119 114 128
1 3600 229
12
526 707 708 545 538 1399 1119 1021 377 374 1243 1201
1 3600 190
15
708 1451 957 954 1193 441 442 417 418 917 918 926 285 265 266
1 3600 343
30
1177 527 521 524 325 322 331 332 1215 637 632 193 196 1217 1218 1061 61 13 16 40 1026 141 138 727 369 364 1361 1358 1417 1401
1 3600 343
17
656 1462 1175 1171 1168 107 108 73 74 189 186 1101 1098 423 317 318 412
1 3600 343
24
656 1462 1175 1171 1168 341 344 1300 81 82 550 830 685 680 952 974 1289 1292 1411 1407 757 760 1055 1052
1 3600 58
3
957 954 1193
1 3600 58
11
656 1462 933 711 708 545 538 1193 1194 1204 1222
1 3600 48
20
706 527 521 524 325 328 950 331 332 1215 637 632 193 196 1217 1218 1061 61 13 16
1 3600 202
25
656 1462 1175 1171 1168 107 71 74 189 169 162 659 537 534 1113 1039 989 984 1158 1178 1421 1085 1077 1078 1444
1 3600 343
29
527 521 524 763 555 556 1165 1162 341 344 1239 1240 853 829 830 685 682 844 982 1248 1326 1344 1285 1286 1317 1320 1315 1187 1188
1 3600 343
25
527 528 932 1175 1171 1168 107 77 78 1381 1379 891 892 1140 839 842 958 283 280 982 1250 1278 121 124 1448
1 3600 69
9
655 656 1462 933 529 526 707 708 1451
1 3600 63
10
905 361 354 353 350 337 332 1215 637 632
1 3600 63
12
837 813 818 361 358 1007 859 856 1299 1300 81 76
1 3600 63
10
1451 931 327 324 763 555 556 1165 1162 107
1 3600 63
5
762 525 520 528 932
1 3600 137
9
710 932 1175 1171 1168 107 77 78 1381
1 3600 343
21
764 928 331 334 1455 1375 1331 777 774 1366 1365 977 974 1310 1343 1341 1336 1353 1347 1350 1372
1 3600 343
25
823 826 832 357 358 1469 429 432 803 101 104 1134 283 280 982 1248 1324 1269 1270 1281 1278 1411 127 115 112
1 3600 42
7
326 930 1450 1233 1109 825 820
1 3600 56
19
527 521 524 763 555 556 1165 1162 341 344 1298 1011 1014 87 90 1424 1009 809 806
1 3600 181
13
931 928 331 336 351 352 855 856 85 90 1385 943 938
1 3600 343
18
655 656 1462 1175 1171 1168 107 77 82 546 685 680 861 864 283 278 1366 1368
1 3600 343
25
527 528 932 1175 1171 1168 341 344 1239 1240 853 850 679 680 952 974 1289 1292 1411 127 115 116 902 133 136
1 3600 285
12
330 929 930 957 954 1399 1119 379 374 1243 1201 1202
1 3600 127
25
636 967 968 1211 915 65 13 16 40 1026 141 138 239 217 220 370 743 277 247 23 24 575 576 561 558
1 3600 181
22
346 1453 1255 1256 1260 1263 651 477 165 162 659 537 534 1043 303 300 1044 1426 1089 1090 1418 1415
1 3600 343
24
556 1165 1162 107 77 82 550 830 685 682 844 982 1248 1324 1332 1341 1338 1291 1292 1411 1407 757 760 773
1 3600 343
17
632 193 194 663 660 567 568 1206 1208 1101 1098 423 317 318 412 516 1052
1 3600 67
9
1174 933 711 708 545 538 1193 1194 1204
1 3600 67
12
193 196 1217 1218 1061 1058 27 30 1063 1025 1026 141
1 3600 67
9
637 632 193 196 1217 1218 1061 1058 27
1 3600 67
10
337 334 1458 189 169 162 659 537 534 1117
1 3600 67
12
1471 193 196 1217 1218 1061 61 13 14 200 141 142
1 3600 46
5
193 194 1229 791 565
1 3600 202
13
107 108 73 74 1460 1277 1265 651 652 1067 427 422 1182
1 3600 343
25
1162 341 344 1300 1472 867 868 946 1464 679 680 952 974 1310 1343 1333 1269 1270 1349 1350 643 640 123 124 1446
1 3600 73
11
635 636 1214 333 330 323 324 525 520 526 1176
1 3600 73
4
933 529 526 1176
1 3600 73
12
635 636 1214 333 330 951 329 324 525 520 526 707
1 3600 73
9
336 1167 1164 557 554 762 525 520 526
1 3600 46
7
950 331 332 1215 637 632 1470
1 3600 70
4
1375 1331 1139 1136
1 3600 70
12
343 344 1300 81 78 1381 1379 1377 1331 777 774 1366
1 3600 70
19
351 352 855 856 1011 1014 87 90 1385 1386 1467 1464 679 684 673 676 1140 1147 1137
1 3600 70
9
1168 107 108 110 1381 1379 891 888 1146
1 3600 70
10
950 331 334 1458 189 186 1209 1207 569 566
1 3600 163
13
107 77 82 546 685 682 844 982 1248 1326 1335 1269 1270
1 3600 343
19
351 352 355 358 1469 799 797 787 782 101 102 863 860 952 974 1289 1292 1411 1407
1 3600 94
3
348 481 478
1 3600 78
10
523 524 763 555 556 1165 1162 341 344 1239
1 3600 78
6
352 355 358 1007 1004 429
1 3600 78
11
1184 1214 333 336 351 352 855 856 85 90 1385
1 3600 78
14
523 524 763 555 556 1165 1162 341 338 855 856 1011 1012 1432
1 3600 42
13
1184 1214 333 334 1458 75 72 110 549 550 828 850 1465
1 3600 343
15
1175 1171 1168 107 77 82 546 685 682 846 958 283 278 1366 1368
1 3600 343
21
1471 193 194 663 660 668 778 1304 1308 1318 1303 123 124 755 752 1407 1131 119 114 128 133
1 3600 343
16
1257 1254 1454 335 332 1215 967 968 1211 875 395 390 411 387 382 647
1 3600 171
31
651 477 165 162 1154 31 28 11 14 198 202 49 46 227 228 230 262 732 906 909 745 277 247 23 18 980 575 572 992 561 562
1 3600 131
21
791 565 568 1206 1208 187 169 162 659 537 534 1117 1114 1111 1039 1040 1071 1068 921 924 1358
1 3600 214
7
781 669 567 568 1206 1208 1101
1 3600 343
13
776 1330 1273 1263 651 652 1067 427 317 318 412 516 1052
1 3600 264
16
893 890 1378 1380 111 109 106 1163 1164 557 554 764 930 957 954 1399
1 3600 86
14
890 1378 1275 1265 651 477 165 162 1154 1063 1025 1026 207 204
1 3600 86
10
74 189 169 162 1154 1063 1025 1026 141 142
1 3600 91
4
1256 1258 651 477
1 3600 91
20
661 664 1228 195 196 1217 1218 1061 1058 1212 1063 177 178 209 212 989 984 1158 1178 1421
1 3600 91
20
1146 1141 677 670 1275 1265 651 477 181 184 537 534 1043 303 300 1046 1094 1089 1090 1085
1 3600 91
10
776 1330 1374 1452 1456 1458 189 186 1209 1207
1 3600 91
22
281 282 959 843 840 675 670 1275 1265 651 477 165 162 659 537 534 1043 303 298 984 1158 1180
1 3600 52
17
674 841 842 958 283 280 982 1248 1326 1344 1285 1286 1317 1309 1306 1312 1476
1 3600 343
13
1277 1274 671 672 685 682 844 982 1250 1278 121 124 1448
1 3600 156
9
1141 893 890 1377 1374 1454 335 330 323
1 3600 97
10
1461 75 70 106 1163 1164 557 554 762 525
1 3600 97
7
624 1254 1452 1456 335 332 1215
1 3600 97
3
1380 79 76
1 3600 97
4
890 1377 1374 1452
1 3600 97
6
1330 1376 1378 1380 111 109
1 3600 97
11
1146 1141 677 672 547 83 80 1301 345 340 1163
1 3600 97
13
660 666 565 568 1206 1208 187 188 75 70 106 341 342
1 3600 94
6
889 890 1378 1380 111 73
1 3600 94
11
669 567 568 1206 1208 187 188 1460 1277 1265 1259
1 3600 95
8
982 1248 1324 1332 1341 1336 1354 1291
1 3600 95
11
1379 1377 1331 777 774 1366 1365 977 974 1289 1292
1 3600 95
16
623 624 1256 1260 1272 1331 777 774 1366 1365 977 974 1310 1343 1341 1338
1 3600 95
9
774 279 280 982 1248 1324 1269 1266 1347
1 3600 95
5
1365 977 974 1289 1292
1 3600 264
13
674 841 842 958 283 280 982 1250 1278 1411 753 750 758
1 3600 343
15
666 565 568 1206 1208 187 188 1459 1457 347 352 355 360 819 812
1 3600 50
14
891 892 1140 839 842 847 683 678 1465 947 948 943 935 805
1 3600 82
19
665 660 567 568 1206 1208 187 188 75 72 110 549 550 828 850 1391 887 884 1474
1 3600 82
13
1136 1146 1141 677 672 685 678 1465 1466 689 686 941 938
1 3600 82
4
675 672 685 682
1 3600 82
5
675 672 685 680 861
1 3600 82
15
1461 75 72 110 79 80 1472 867 868 948 943 940 687 690 1133
1 3600 122
8
1277 1274 671 672 685 682 848 105
1 3600 343
24
624 1256 1260 1272 1331 777 774 1366 1365 977 974 1310 1343 1341 1336 1354 1291 1292 1411 1407 1131 1128 901 902
1 3600 343
25
1348 1271 1268 1325 1249 983 845 683 684 831 551 83 76 106 1169 1170 1174 933 711 708 545 538 1399 1395 1396
1 3600 343
24
1326 1344 1285 1282 183 184 658 1154 31 28 11 14 198 202 49 46 227 228 230 266 286 257 258 532
1 3600 214
14
1336 1353 1347 1350 643 638 1319 1320 1315 1187 1188 1183 1099 1102
1 3600 190
12
1285 1286 1317 1309 1306 1312 1183 423 317 318 412 518
1 3600 343
10
1351 1348 1281 1278 1411 1407 757 760 1055 1052
1 3600 343
26
1411 753 748 1246 1441 1151 1148 1123 1126 1400 1416 1359 925 367 362 373 253 250 237 227 224 67 57 58 1204 1222
1 3600 190
15
1343 1333 1269 1270 1349 1350 643 640 1297 183 184 658 1154 1063 1025
1 3600 53
7
1343 1333 1334 1344 1285 1282 183
1 3600 69
16
1324 1269 1266 1347 1350 643 638 1319 1320 1315 1187 1190 425 426 1066 1074
1 3600 69
8
1347 1350 643 638 1319 1309 1306 1312
1 3600 69
7
1350 643 638 1319 1320 1315 1312
1 3600 312
8
1373 1351 1348 1281 1278 121 124 1448
1 3600 343
21
1337 1340 1342 1311 975 953 861 862 103 97 98 897 515 431 428 1468 359 356 1107 1108 1232
1 3600 137
20
983 845 683 678 1465 947 869 870 89 86 1015 1010 857 854 353 350 337 332 1215 637
1 3600 81
12
1339 1340 1342 1311 975 953 681 684 547 548 111 73
1 3600 81
11
1345 1327 1249 983 281 282 959 843 838 1141 893
1 3600 81
12
1268 1334 1344 1285 1286 1317 1309 1305 779 669 661 664
1 3600 81
9
1371 1285 1282 1294 1317 1309 1305 779 669
1 3600 81
4
983 281 278 1366
1 3600 72
3
1345 1335 1269
1 3600 69
5
1292 1411 127 115 116
1 3600 69
7
1269 1270 1281 1278 1411 1407 1131
1 3600 343
18
1251 983 845 683 684 831 828 852 1241 1238 1298 857 858 1006 359 356 833 815
1 3600 214
9
1293 1288 975 953 681 678 851 852 1241
1 3600 48
9
983 281 282 865 860 681 678 1391 1392
1 3600 54
17
1280 1271 1266 1352 1337 1340 1342 1311 975 976 1364 1367 279 282 1135 105 100
1 3600 244
8
1354 1291 1292 1411 127 128 133 136
1 3600 343
19
753 748 1244 607 608 487 484 492 435 438 461 399 396 255 258 532 630 619 616
1 3600 343
14
757 751 748 1246 1442 1079 1080 1152 1125 1120 1405 1363 925 367
1 3600 343
8
759 760 773 768 435 436 457 452
1 3600 312
7
118 1130 757 760 1055 517 413
1 3600 343
4
757 760 1055 1052
1 3600 343
22
114 126 753 748 1246 1441 1151 1148 307 293 294 365 362 406 239 240 270 53 54 419 416 1220
1 3600 343
20
759 751 748 1246 1442 1079 1080 1152 1412 1416 1359 925 367 362 373 221 218 51 44 67
1 3600 244
13
1129 1130 1406 753 748 1246 1442 1079 1076 1082 1419 1091 1088
1 3600 72
11
751 754 125 122 1302 1319 1320 1315 1187 1190 425
1 3600 149
4
126 753 754 1448
1 3600 343
19
114 126 1410 1279 1251 983 845 683 684 831 551 83 76 106 1169 1170 1174 933 529
1 3600 343
17
759 751 754 125 122 1297 1294 1317 1309 1305 779 669 661 662 195 192 1470
1 3600 171
15
113 118 1130 1406 1410 1293 1288 975 976 1364 1367 775 776 1330 1273
1 3600 54
7
756 1406 1410 1279 1280 1349 1350
1 3600 54
8
1130 1406 1410 1293 1290 1355 1353 1347
1 3600 143
4
114 126 1407 757
1 3600 343
18
1409 1406 1410 1293 1288 975 953 861 862 103 100 801 798 1468 359 360 819 816
1 3600 343
19
1130 1406 1410 1279 1251 983 281 282 1135 105 97 98 1132 1161 695 696 705 702 936
1 3600 229
17
126 1410 1293 1290 1339 1340 1342 1311 975 953 681 678 1465 1466 689 692 698
1 3600 171
9
114 126 1410 1293 1288 975 976 1364 1368
1 3600 114
4
901 902 133 134
1 3600 343
13
836 1104 1232 545 538 1399 393 388 644 646 615 618 1356
1 3600 343
14
824 1108 1232 1451 957 954 1193 441 442 417 418 55 52 269
1 3600 343
30
904 1104 1232 545 538 1193 441 442 417 418 917 918 926 285 265 262 732 906 909 745 277 274 397 398 460 439 434 493 494 499
1 3600 343
29
479 480 349 350 337 332 1215 967 968 1211 915 65 13 16 42 178 209 212 989 984 1158 1178 1421 1418 1083 1077 1078 1443 1247
1 3600 343
18
813 818 361 354 353 346 1456 1458 189 186 1101 1098 423 317 318 412 516 1052
1 3600 312
9
1107 1108 1232 1451 957 954 1193 441 442
1 3600 264
15
361 354 339 340 1163 1166 337 332 1215 967 968 1211 915 65 13
1 3600 343
21
814 827 820 836 1104 1232 545 538 1193 1194 59 52 271 241 238 727 724 1431 1073 987 299
1 3600 343
17
817 814 832 357 354 353 346 1453 1255 1256 1258 651 652 1067 427 424 1191
1 3600 343
22
821 826 832 357 358 1469 429 430 514 896 99 96 104 1134 283 280 982 1250 1278 121 124 1448
1 3600 32
7
814 827 824 1108 1232 709 710
1 3600 64
10
813 818 361 358 1007 859 856 1299 1300 81
1 3600 244
14
814 832 357 358 1007 1004 429 432 803 101 104 1134 283 278
1 3600 343
16
479 480 349 352 339 344 1239 1240 853 829 830 685 680 952 974 1310
1 3600 343
23
818 361 358 1469 429 430 514 894 998 1160 691 688 1467 1464 679 682 844 982 1250 1278 1411 1407 1408
1 3600 137
7
479 480 349 352 355 356 833
1 3600 42
6
361 358 1007 859 856 1299
1 3600 42
11
835 832 357 358 1007 859 856 85 86 1422 1433
1 3600 149
14
357 358 1469 799 797 794 899 896 99 94 885 886 1390 851
1 3600 343
14
357 358 1007 1004 799 800 101 102 863 864 283 278 1366 1368
1 3600 343
22
479 480 349 352 339 344 1300 1472 853 829 830 685 680 952 974 1289 1292 1411 127 128 133 136
1 3600 343
17
339 340 1163 1164 557 554 762 325 326 930 957 954 1399 1119 379 380 878
1 3600 343
26
1240 1473 81 78 111 73 74 189 169 162 659 537 534 1113 1039 1040 1382 1430 725 728 409 373 370 743 277 272
1 3600 343
37
936 1008 1425 91 88 871 866 853 829 551 548 111 73 74 189 169 162 659 537 534 1117 1114 1111 1039 1040 1382 1073 923 924 1360 295 290 1033 1030 483 473 465
1 3600 343
16
1385 949 946 1464 679 684 673 670 1275 1265 651 652 1067 427 317 318
1 3600 343
15
1473 81 76 71 74 189 186 1101 1098 423 317 318 412 516 1052
1 3600 312
16
866 1241 1238 345 340 1163 1164 557 554 764 930 957 954 1193 441 442
1 3600 149
14
1008 1425 91 84 857 854 353 350 337 332 1215 637 632 193
1 3600 214
12
81 78 111 73 74 189 169 162 659 537 534 1043
1 3600 343
18
703 704 697 693 688 1467 1464 679 684 673 670 1275 1265 651 652 1067 427 422
1 3600 343
19
1469 429 432 803 101 104 1134 283 280 982 1248 1326 1344 1285 1282 1296 123 124 1448
1 3600 62
10
1473 1301 345 340 1169 1170 1174 933 711 708
1 3600 112
13
807 808 1008 1425 91 86 1015 1010 857 854 353 348 481
1 3600 112
9
1013 1010 1299 345 340 1169 1172 337 332
1 3600 112
11
866 1241 1238 345 340 1163 1164 557 554 762 525
1 3600 112
8
1010 857 854 353 350 337 332 1215
1 3600 112
6
340 1169 1172 337 330 951
1 3600 112
11
1425 91 84 857 854 353 350 337 332 1215 1185
1 3600 96
16
1009 937 934 940 687 688 1475 885 886 1390 679 682 846 958 283 278
1 3600 96
6
853 829 830 685 680 952
1 3600 244
23
1007 1004 429 430 514 898 795 787 782 101 102 863 860 952 974 1310 1343 1341 1336 1353 1347 1350 1372
1 3600 343
12
81 82 546 685 682 844 982 1250 1278 1411 1407 757
1 3600 89
4
360 819 812 821
1 3600 89
7
428 1005 1006 359 356 833 815
1 3600 89
11
1425 91 84 857 858 1006 359 360 819 812 821
1 3600 104
5
90 1424 1009 809 806
1 3600 104
16
1424 1009 937 703 704 697 694 999 895 515 512 811 433 428 1468 359
1 3600 106
5
804 934 942 949 946
1 3600 106
4
429 430 514 894
1 3600 106
6
1423 87 88 871 868 946
1 3600 106
5
1472 867 868 946 881
1 3600 106
5
934 940 944 697 694
1 3600 106
11
1432 1423 87 90 1385 1386 1467 1464 679 680 861
1 3600 106
17
1435 1432 1423 87 90 1424 1009 809 804 703 704 697 698 1001 895 898 795
1 3600 106
9
867 868 948 943 940 687 690 1133 897
1 3600 343
11
856 1011 1014 87 90 1385 1386 1475 95 96 100
1 3600 343
24
1435 1432 1423 87 88 871 866 853 829 830 685 680 952 974 1289 1292 1411 1407 1131 1128 901 902 133 134
1 3600 343
36
788 792 899 894 1000 699 696 945 941 942 1384 91 86 1015 1010 1299 345 340 1163 1164 557 554 762 325 326 930 1450 545 538 1399 393 390 411 387 382 1049
1 3600 343
35
513 514 894 1000 699 696 705 702 936 1008 1425 91 84 857 854 339 340 1169 1170 1174 933 529 526 707 708 545 538 1399 1119 1021 1018 601 602 509 510
1 3600 343
32
800 101 104 849 846 843 838 1147 1137 1138 1330 1273 1263 651 477 165 162 1154 1063 1025 1026 141 138 727 369 364 295 290 1033 453 454 458
1 3600 343
22
899 896 99 92 1393 1390 851 829 551 548 111 73 74 189 186 1101 1098 423 317 318 412 518
1 3600 343
15
829 551 548 111 73 74 189 186 1101 1098 423 317 318 412 516
1 3600 343
22
998 1160 691 686 941 942 1384 91 86 1015 1010 1299 345 340 1163 1164 557 554 764 930 957 543
1 3600 181
13
1464 679 684 673 670 1275 1265 651 477 165 162 1154 1213
1 3600 143
21
869 866 1473 81 76 71 74 189 169 162 659 537 534 1043 303 300 1046 1094 1089 1090 1418
1 3600 214
9
844 982 1248 1326 1344 1285 1286 1317 1309
1 3600 343
18
699 693 688 1467 1464 679 680 952 974 1310 1343 1341 1338 1291 1292 121 124 1446
1 3600 229
10
1001 895 515 431 428 1005 1006 359 360 904
1 3600 131
12
705 702 805 808 1008 1425 91 84 857 854 353 348
1 3600 131
10
939 942 949 869 866 1241 1238 345 340 1163
1 3600 131
15
896 99 94 1474 1387 1384 91 86 1015 1010 857 854 353 348 481
1 3600 156
16
939 940 687 688 1475 885 886 1390 679 684 673 676 893 890 1377 1273
1 3600 156
11
946 1464 679 682 846 843 838 1147 1137 1138 777
1 3600 156
12
1133 99 92 1393 1390 679 684 673 676 893 890 1377
1 3600 156
16
860 681 684 673 670 1275 1276 1461 189 186 1209 1207 569 564 667 668
1 3600 156
18
512 811 803 101 104 849 846 843 838 1147 1137 1138 1330 1273 1261 1257 625 620
1 3600 156
11
782 101 102 863 864 959 843 840 675 670 1275
1 3600 156
4
861 864 283 280
1 3600 156
9
687 688 1467 1464 851 829 551 548 1381
1 3600 156
15
695 693 686 941 942 949 869 866 1473 81 76 108 73 74 1460
1 3600 120
5
958 283 280 982 1250
1 3600 120
12
800 101 104 1134 283 280 982 1248 1324 1269 1270 1281
1 3600 343
12
946 1464 679 680 952 974 1289 1292 1411 127 115 116
1 3600 229
15
701 704 697 694 999 895 898 795 796 798 1468 359 356 833 827
1 3600 159
4
699 696 705 702
1 3600 159
6
1132 691 686 941 935 805
1 3600 159
11
513 514 894 998 695 693 688 1387 1384 91 86
1 3600 159
10
883 880 947 869 870 89 86 1422 1433 1434
1 3600 159
12
1000 699 696 945 941 935 936 1008 1425 91 84 1299
1 3600 159
5
691 686 941 935 805
1 3600 159
6
880 947 869 870 89 84
1 3600 159
9
683 684 831 828 852 867 870 89 86
1 3600 159
8
887 884 1474 689 692 698 1234 1236
1 3600 159
6
785 786 794 899 515 431
1 3600 159
8
93 94 1474 1387 1384 91 86 1422
1 3600 161
3
829 830 685
1 3600 161
6
1391 1392 93 98 1132 1388
1 3600 161
4
1161 999 1000 1234
1 3600 161
9
1364 1367 279 282 1135 105 97 98 1132
1 3600 140
4
847 848 105 100
1 3600 140
11
939 940 944 697 698 1001 895 898 795 787 782
1 3600 140
3
1133 99 96
1 3600 140
3
862 103 100
1 3600 343
18
785 782 101 104 1134 283 280 982 1250 1278 1411 1407 1131 119 114 128 133 136
1 3600 343
25
802 433 428 1005 1006 359 354 353 350 337 332 1215 967 961 962 972 1211 875 395 390 411 387 384 1097 601
1 3600 343
24
101 102 863 860 681 684 673 670 1275 1265 651 477 165 162 1154 31 28 11 14 198 202 49 46 236
1 3600 343
37
101 104 849 846 843 838 1147 889 890 1377 1273 1263 651 477 181 184 537 534 1117 1114 209 212 1040 1071 1068 921 924 1362 297 290 1033 453 454 458 722 149 33
1 3600 343
33
102 863 860 681 684 673 670 1275 1265 651 477 165 162 659 537 534 1043 303 300 1044 1426 1089 1086 1421 1085 1077 1078 1443 1247 1244 607 153 154
1 3600 343
16
102 863 860 952 974 1310 1343 1341 1338 1291 1292 1411 753 750 760 1055
1 3600 343
14
1369 1367 775 776 1330 1374 1454 335 330 929 930 957 954 1399
1 3600 343
13
104 849 683 684 547 548 111 73 74 189 169 162 1154
1 3600 343
16
1369 1367 775 776 1330 1273 1261 1258 651 477 181 184 537 534 1043 303
1 3600 264
18
104 1134 283 280 982 1248 1324 1269 1270 1349 1350 643 640 1302 1319 1320 1315 1312
1 3600 343
9
1369 1365 977 974 1289 1292 121 124 1446
1 3600 343
11
100 783 786 796 798 1468 359 360 904 1104 1230
1 3600 285
10
1369 1367 775 776 1330 1376 1378 1380 79 76
1 3600 72
18
97 92 1393 1390 851 829 551 548 111 73 74 189 186 1209 1207 569 566 666
1 3600 38
8
104 1134 283 280 982 1248 1326 1335
1 3600 156
12
1369 1365 977 974 1310 1343 1341 1338 1291 1292 1411 127
1 3600 343
10
802 433 428 1005 1006 359 356 833 827 820
1 3600 202
15
1369 1367 279 282 959 847 683 678 1465 1466 1387 1384 91 86 1422
1 3600 19
14
1369 1367 279 282 865 860 681 678 1391 887 884 95 98 897
1 3600 190
8
101 102 863 864 283 278 1366 1368
1 3600 94
12
1369 1365 977 974 1289 1292 1411 1407 1131 1128 901 902
1 3600 343
22
131 132 903 900 1129 1130 757 760 773 768 435 438 461 399 396 255 258 532 630 619 614 647
1 3600 343
13
129 126 753 748 1246 1441 1151 1148 1123 1126 1402 1363 925
1 3600 343
16
135 132 903 117 118 1130 757 760 773 768 435 436 449 446 713 714
1 3600 343
12
135 132 129 115 118 1130 757 760 1055 517 413 414
1 3600 343
9
131 132 129 126 753 750 760 1055 1052
1 3600 343
26
131 132 903 900 1129 1130 1406 1410 1279 1251 983 845 683 684 547 83 76 106 1169 1170 1174 933 711 708 545 540
1 3600 343
17
132 129 126 1410 1279 1280 1349 1350 643 640 1297 183 184 658 1154 1063 1025
1 3600 343
24
137 132 903 117 118 1130 1406 1410 1279 1280 1349 1350 643 638 1319 1309 1306 1187 1188 1183 1099 1100 1209 175
1 3600 343
8
132 129 126 753 754 125 122 1297
1 3600 343
10
135 132 903 900 1129 1130 757 751 754 1448
1 3600 343
31
903 117 114 126 1410 1293 1290 1355 1337 1340 1333 1325 1249 983 845 683 684 547 83 80 1301 1298 857 858 1006 359 360 819 812 821 822
1 3600 343
19
129 126 1410 1293 1290 1339 1340 1342 1311 975 953 681 684 547 83 76 106 1169 1170
1 3600 343
19
131 132 903 117 118 1130 1406 1410 1279 1251 983 281 282 959 843 840 675 670 1380
1 3600 127
8
129 126 1410 1279 1280 1349 1350 1372
1 3600 76
7
132 903 900 1129 1130 757 758
1 3600 343
20
129 126 1410 1293 1288 975 953 681 684 831 828 852 1241 1238 345 338 355 356 833 834
1 3600 343
26
132 903 117 118 1130 1406 1410 1279 1280 1271 1268 1334 1327 1249 983 845 683 684 547 83 80 1301 1298 857 858 1004
1 3600 214
26
135 132 129 126 1410 1293 1290 1355 1337 1340 1333 1325 1249 983 281 282 865 860 681 678 1465 1466 689 690 1161 999
1 3600 72
15
903 900 113 118 1130 1406 1410 1293 1288 975 953 861 862 103 100
