226
1 3600 283
6
387 384 331 328 89 39
1 3600 283
5
330 357 354 567 564
1 3600 283
6
384 357 353 350 366 567
1 3600 283
3
118 305 308
1 3600 305
6
561 33 30 546 548 572
1 3600 305
11
400 325 328 388 339 340 81 84 263 27 24
1 3600 305
10
379 359 353 346 374 567 561 33 29 26
1 3600 305
7
387 384 357 354 567 561 558
1 3600 305
11
384 331 328 89 86 511 512 171 172 462 103
1 3600 305
16
403 400 325 328 388 511 514 345 340 462 103 104 547 31 29 24
1 3600 305
14
143 144 119 116 357 353 346 369 366 567 561 33 29 24
1 3600 305
10
321 318 325 326 333 334 390 171 159 160
1 3600 305
8
321 318 325 328 379 343 340 81
1 3600 305
11
323 119 116 357 353 350 366 567 561 33 30
1 3600 305
6
349 352 358 343 340 81
1 3600 305
11
515 510 87 39 34 171 159 154 103 104 548
1 3600 305
7
359 354 567 561 33 30 546
1 3600 305
9
318 115 116 357 353 346 374 567 561
1 3600 305
8
325 328 89 86 339 340 462 103
1 3600 305
7
388 511 512 171 174 505 83
1 3600 181
14
321 318 325 328 89 39 34 171 159 156 164 168 286 195
1 3600 453
18
37 38 86 511 514 345 340 462 167 168 288 524 473 203 204 208 496 41
1 3600 305
5
34 391 335 332 137
1 3600 305
20
403 400 115 116 331 326 441 442 393 390 171 159 156 162 282 235 179 176 127 128
1 3600 305
8
517 349 352 358 378 329 326 137
1 3600 305
15
561 33 30 546 548 551 287 285 282 235 179 176 111 108 134
1 3600 305
10
566 355 358 343 344 515 512 391 392 443
1 3600 305
6
338 511 512 391 335 336
1 3600 305
3
326 137 140
1 3600 305
19
567 561 33 29 26 262 546 105 102 155 156 162 282 235 179 176 111 108 134
1 3600 275
7
514 345 340 173 174 505 506
1 3600 275
13
331 328 388 339 340 462 155 160 430 444 427 424 544
1 3600 275
8
39 34 171 174 475 459 415 412
1 3600 275
24
325 328 379 343 340 462 167 168 288 522 273 79 74 71 68 397 394 277 274 569 99 94 111 108
1 3600 188
17
384 357 354 567 561 33 30 546 548 197 194 287 285 282 235 179 176
1 3600 453
21
89 86 339 340 173 159 156 162 280 255 77 74 219 220 394 487 485 123 124 192 250
1 3600 453
8
352 356 331 326 441 442 299 296
1 3600 453
19
350 366 567 561 33 30 546 548 551 287 288 257 252 235 179 176 95 98 570
1 3600 453
26
353 346 374 567 561 33 29 26 262 85 80 462 167 168 288 524 227 223 217 214 397 394 487 488 492 291
1 3600 114
6
381 378 329 324 319 320
1 3600 114
5
31 32 560 566 367
1 3600 114
8
547 31 32 560 566 375 347 348
1 3600 114
7
463 341 342 359 354 567 564
1 3600 114
13
261 27 28 32 560 566 367 351 352 356 117 118 322
1 3600 114
10
504 175 170 513 510 389 329 324 319 320
1 3600 72
3
33 29 24
1 3600 107
5
84 546 548 197 198
1 3600 107
6
431 161 156 162 280 523
1 3600 107
7
548 551 287 285 280 273 270
1 3600 107
3
573 551 287
1 3600 107
9
102 155 156 162 282 253 77 78 270
1 3600 251
6
573 197 200 407 267 264
1 3600 88
12
261 262 85 80 173 170 391 392 443 440 137 138
1 3600 120
13
504 175 159 156 164 168 285 282 235 179 176 111 108
1 3600 120
7
157 160 428 432 459 460 540
1 3600 120
15
546 105 102 167 168 288 522 273 79 74 527 528 181 176 111
1 3600 120
8
158 174 505 506 534 538 542 544
1 3600 105
6
573 551 287 285 282 235
1 3600 105
10
161 156 162 282 235 236 528 530 532 395
1 3600 227
15
462 167 168 288 524 473 203 204 206 49 50 58 188 19 16
1 3600 453
7
506 534 538 542 425 426 576
1 3600 453
19
30 546 105 106 431 161 156 162 280 273 225 217 220 394 277 274 569 99 96
1 3600 453
12
102 167 168 288 524 473 470 481 247 248 457 295
1 3600 168
10
196 549 547 85 80 341 338 87 88 329
1 3600 60
10
226 525 289 286 550 549 547 263 27 24
1 3600 60
6
199 196 549 547 85 82
1 3600 60
3
525 289 169
1 3600 85
8
199 194 287 288 257 77 78 270
1 3600 61
4
289 286 195 200
1 3600 61
10
199 194 287 288 524 473 470 43 44 518
1 3600 323
9
271 79 74 71 72 181 176 127 128
1 3600 73
8
287 285 282 235 179 176 111 108
1 3600 48
9
199 194 287 288 522 255 77 74 71
1 3600 48
5
203 204 206 211 212
1 3600 66
14
553 287 288 524 473 203 204 93 47 52 184 190 466 239
1 3600 453
7
285 282 235 179 176 111 112
1 3600 453
11
563 227 223 217 214 397 394 277 274 229 230
1 3600 453
13
194 287 285 282 235 236 528 530 532 277 274 229 232
1 3600 453
10
409 406 201 196 549 105 102 463 341 344
1 3600 197
8
555 201 194 550 549 547 85 82
1 3600 104
8
519 45 40 497 209 205 202 468
1 3600 104
8
557 201 194 287 288 524 473 203
1 3600 104
12
409 406 201 194 287 285 280 273 225 222 226 562
1 3600 104
6
265 266 406 201 194 552
1 3600 133
23
40 63 60 465 191 185 186 125 122 484 486 533 531 529 237 234 283 284 286 195 200 407 267
1 3600 453
16
471 472 227 223 224 272 281 163 157 158 170 391 335 332 137 140
1 3600 302
13
265 266 406 201 196 549 105 106 444 427 422 421 419
1 3600 64
7
266 406 201 194 287 288 257
1 3600 100
17
266 406 201 194 287 288 524 473 203 204 93 90 57 54 61 62 477
1 3600 100
5
45 40 63 66 467
1 3600 100
20
409 406 201 194 287 285 282 235 236 526 219 220 394 487 485 483 213 183 53 50
1 3600 453
12
409 406 201 194 287 285 282 235 179 176 111 112
1 3600 453
15
521 481 247 245 238 3 6 501 498 493 489 486 277 274 229
1 3600 453
19
269 266 406 201 194 287 288 522 273 79 74 71 68 397 394 487 488 492 291
1 3600 101
10
129 126 177 178 234 283 163 157 158 170
1 3600 101
7
332 327 330 117 118 305 308
1 3600 101
12
136 333 334 390 513 514 345 342 359 353 350 366
1 3600 79
9
337 334 390 171 172 81 84 263 27
1 3600 323
14
139 136 441 442 393 390 171 159 154 103 104 548 197 198
1 3600 453
18
131 126 95 98 568 275 276 487 488 492 499 500 7 2 67 62 41 44
1 3600 98
13
442 393 390 171 159 156 162 282 235 179 176 127 128
1 3600 102
8
136 333 334 390 171 159 160 428
1 3600 102
8
298 393 390 171 159 160 430 444
1 3600 102
18
133 109 110 177 178 234 283 284 169 165 157 158 174 505 506 534 538 542
1 3600 102
9
327 328 388 339 340 173 174 505 506
1 3600 102
12
135 109 110 177 178 234 283 163 157 158 174 475
1 3600 129
11
133 109 110 95 98 568 275 276 487 485 123
1 3600 453
13
131 126 95 98 568 275 276 487 485 483 213 210 49
1 3600 227
20
135 109 110 177 180 73 70 75 76 256 289 169 166 155 158 170 391 392 299 302
1 3600 453
17
437 141 136 333 334 390 171 159 156 162 282 235 179 176 95 98 570
1 3600 453
16
390 171 159 156 162 280 255 77 74 219 220 394 277 274 229 232
1 3600 69
13
435 429 161 154 463 341 338 389 329 324 115 118 322
1 3600 61
12
109 110 177 178 234 283 284 286 550 549 547 31
1 3600 61
11
109 110 177 178 234 283 284 169 166 463 81
1 3600 79
9
541 423 426 445 107 104 548 551 552
1 3600 377
13
545 543 539 535 507 83 84 546 548 197 200 407 408
1 3600 69
7
413 414 458 474 175 170 391
1 3600 69
10
413 410 416 535 507 504 175 170 391 335
1 3600 69
14
110 177 178 234 283 163 157 158 170 391 392 443 440 137
1 3600 68
11
126 177 178 234 283 163 157 160 428 432 459
1 3600 83
8
433 429 161 156 162 280 273 79
1 3600 83
4
110 177 180 530
1 3600 83
16
474 175 159 156 164 168 288 257 77 74 71 68 397 394 487 488
1 3600 83
17
545 543 539 535 507 504 175 159 156 162 280 273 225 217 220 394 487
1 3600 83
10
435 429 161 156 162 282 235 236 528 73
1 3600 83
14
539 535 507 504 175 172 462 167 168 288 522 273 225 217
1 3600 141
22
426 445 431 161 156 164 168 288 524 473 203 204 206 211 121 124 13 14 16 20 450 455
1 3600 88
25
109 110 177 178 234 253 254 523 289 169 166 463 341 344 515 510 87 88 329 326 137 140 436 301 296
1 3600 323
5
110 95 98 568 229
1 3600 453
7
109 110 95 98 568 275 278
1 3600 216
17
177 178 234 283 284 286 550 549 547 31 32 560 566 355 356 117 118
1 3600 124
17
493 489 486 395 221 218 75 76 256 289 286 550 549 547 31 32 558
1 3600 124
13
568 275 276 395 396 215 216 224 272 281 163 157 154
1 3600 121
14
499 447 448 251 189 59 51 48 207 205 202 472 525 289
1 3600 121
10
120 210 207 205 202 472 525 289 286 552
1 3600 121
9
94 177 180 529 526 219 216 222 226
1 3600 121
5
216 222 226 473 203
1 3600 94
6
272 281 284 286 195 200
1 3600 174
9
224 272 281 163 157 158 170 391 335
1 3600 145
10
237 234 283 284 169 165 157 158 174 475
1 3600 145
12
206 211 212 482 484 486 277 274 569 99 94 127
1 3600 145
9
482 484 486 277 274 569 99 94 111
1 3600 145
20
122 484 486 395 396 69 70 75 76 254 523 289 169 166 463 173 174 505 506 534
1 3600 145
13
395 221 218 75 78 272 281 163 157 158 174 505 506
1 3600 145
16
489 486 395 396 69 70 75 76 256 289 169 166 463 81 82 506
1 3600 145
14
275 276 533 531 529 237 234 283 163 157 160 428 432 459
1 3600 145
10
178 234 283 163 157 158 174 505 506 534
1 3600 145
6
274 569 99 94 111 108
1 3600 137
4
177 180 73 70
1 3600 137
5
373 101 94 177 180
1 3600 137
8
493 489 486 395 221 218 527 237
1 3600 147
3
49 52 186
1 3600 147
8
394 487 485 123 124 187 184 190
1 3600 147
11
371 101 98 568 275 276 487 485 483 213 183
1 3600 147
12
74 219 214 397 394 487 485 123 124 187 184 190
1 3600 147
16
373 101 98 568 275 276 487 485 483 213 183 53 46 90 258 496
1 3600 147
6
276 487 488 492 499 447
1 3600 147
3
123 120 183
1 3600 147
10
282 235 236 528 530 532 487 485 123 124
1 3600 147
11
532 487 488 492 291 292 294 456 249 246 476
1 3600 147
12
225 222 226 473 203 204 93 47 50 58 188 19
1 3600 181
17
483 213 210 207 205 202 472 525 289 169 165 157 158 174 505 506 536
1 3600 122
9
211 121 122 484 486 277 274 229 230
1 3600 168
7
217 220 394 277 274 229 232
1 3600 453
21
467 464 55 56 91 92 205 202 472 525 289 169 166 463 341 338 389 329 330 117 118
1 3600 238
8
246 480 471 472 525 289 169 165
1 3600 151
15
446 498 493 489 486 395 396 215 218 75 78 272 281 284 286
1 3600 151
12
245 240 65 60 495 259 91 92 205 202 472 227
1 3600 177
13
59 51 46 92 205 202 472 525 289 286 195 200 556
1 3600 177
5
5 2 67 62 41
1 3600 177
5
456 243 244 246 480
1 3600 177
5
245 240 65 62 41
1 3600 453
15
451 21 17 15 12 125 122 484 486 533 531 181 176 127 128
1 3600 146
18
454 7 4 251 189 185 182 212 482 484 486 277 274 569 99 94 111 108
1 3600 173
6
465 191 188 193 13 10
1 3600 173
10
193 125 122 484 486 277 274 569 99 94
1 3600 173
6
467 191 185 182 212 482
1 3600 173
3
19 15 10
1 3600 173
10
51 52 182 212 482 484 486 277 274 569
1 3600 173
7
453 456 9 4 251 193 125
1 3600 173
11
191 188 250 449 446 498 493 489 486 395 221
1 3600 173
6
446 498 493 489 486 277
1 3600 173
12
55 58 185 186 125 122 484 486 533 531 181 176
1 3600 173
5
191 185 182 121 122
1 3600 173
4
453 295 293 290
1 3600 173
11
446 498 493 489 486 395 396 69 72 529 237
1 3600 179
6
245 242 9 6 451 21
1 3600 179
6
190 466 3 8 457 452
1 3600 179
6
259 91 47 52 186 13
1 3600 453
16
495 209 205 202 472 227 223 224 272 281 163 157 160 430 444 576
1 3600 302
10
182 212 482 484 486 277 274 569 99 96
1 3600 159
11
51 48 211 212 482 484 486 277 274 229 232
1 3600 159
11
494 55 51 48 211 121 122 484 486 277 278
1 3600 453
9
577 445 107 102 463 341 342 378 329
1 3600 453
6
577 445 431 161 154 167
1 3600 453
16
297 300 139 136 327 328 379 343 340 462 167 168 288 524 473 203
1 3600 453
21
297 298 443 440 327 330 357 353 346 369 366 567 561 33 30 546 548 197 200 407 408
1 3600 146
14
303 298 393 390 171 159 156 162 282 235 179 176 127 130
1 3600 49
16
297 300 437 141 136 333 334 390 171 159 160 430 444 427 424 544
1 3600 87
13
577 445 431 161 156 162 282 235 179 176 95 100 372
1 3600 377
14
113 110 95 98 568 275 276 487 485 123 120 210 207 208
1 3600 349
9
303 298 393 390 171 174 505 506 536
1 3600 141
22
303 300 139 136 327 328 89 86 511 514 345 340 462 167 168 285 282 235 179 176 95 96
1 3600 453
10
113 110 177 180 530 532 487 488 492 291
1 3600 453
25
97 94 177 178 234 283 284 286 550 549 547 31 32 560 566 367 368 347 352 356 117 118 145 146 376
1 3600 453
15
231 228 275 276 395 221 218 75 76 252 283 163 157 160 430
1 3600 453
9
571 99 94 177 178 234 283 284 286
1 3600 453
14
228 275 276 487 488 492 499 500 7 8 249 246 480 520
1 3600 453
7
231 228 569 99 94 127 130
1 3600 141
17
231 228 275 276 395 221 216 224 272 523 289 169 166 155 160 428 434
1 3600 46
5
228 275 276 533 531
1 3600 129
13
97 98 568 275 276 487 485 123 124 192 250 5 8
1 3600 113
5
571 99 94 111 112
1 3600 453
4
571 568 229 230
1 3600 105
5
97 98 568 229 232
1 3600 453
20
279 276 395 396 69 70 75 76 256 289 286 550 549 547 263 27 28 32 560 564
1 3600 453
15
294 456 243 244 246 480 471 472 525 289 286 550 549 547 263
1 3600 453
11
491 489 486 395 396 215 218 75 76 254 523
1 3600 453
14
279 276 487 485 483 213 183 53 46 90 258 496 41 44
1 3600 453
17
290 493 489 486 395 221 216 224 272 281 163 157 158 170 391 392 443
1 3600 412
17
233 228 275 276 533 531 529 237 234 283 163 157 158 174 475 459 415
1 3600 84
9
491 489 486 395 396 69 72 181 176
1 3600 43
9
279 276 487 488 492 499 500 7 2
1 3600 453
11
290 493 489 486 277 274 569 99 94 111 112
1 3600 137
5
233 228 569 99 96
1 3600 323
3
491 492 291
