216
31.35332 118.4237 1 1
31.328285 118.44369 2 0
31.328426 118.44368 3 0
31.353313 118.42431 4 1
31.356583 118.42455 5 0
31.367546 118.40432 6 0
31.359226 118.40439 7 1
31.326502 118.37522 8 0
31.326204 118.37032 9 0
31.363163 118.36753 10 0
31.36313 118.36926 11 0
31.360884 118.369 12 1
31.360744 118.36738 13 0
31.369783 118.386475 14 0
31.367275 118.37311 15 0
31.32697 118.36576 16 0
31.369595 118.36843 17 0
31.366629 118.36862 18 1
31.328684 118.37199 19 0
31.326576 118.37537 20 0
31.337315 118.37685 21 1
31.332687 118.37137 22 1
31.32641 118.36998 23 1
31.340792 118.37414 24 0
31.339376 118.37841 25 1
31.362097 118.37255 26 0
31.367159 118.425285 27 1
31.369812 118.42155 28 0
31.355288 118.39291 29 0
31.35162 118.37578 30 1
31.343431 118.419525 31 0
31.333935 118.39213 32 1
31.346281 118.426544 33 1
31.346289 118.428856 34 1
31.360134 118.42386 35 1
31.345406 118.392654 36 1
31.358162 118.42404 37 1
31.34525 118.39244 38 1
31.359505 118.388 39 0
31.346094 118.444756 40 0
31.325953 118.382706 41 0
31.334726 118.385925 42 0
31.337353 118.37827 43 0
31.335258 118.36592 44 0
31.347305 118.367615 45 1
31.327751 118.381424 46 1
31.328018 118.38105 47 1
31.327665 118.382454 48 1
31.36255 118.424774 49 1
31.369347 118.39413 50 0
31.369812 118.39402 51 0
31.32765 118.41185 52 0
31.325926 118.44078 53 0
31.353495 118.39015 54 1
31.349537 118.387856 55 1
31.346611 118.389496 56 1
31.348331 118.39262 57 1
31.348078 118.392456 58 1
31.358738 118.36748 59 0
31.358866 118.36751 60 0
31.32646 118.440346 61 0
31.327597 118.44099 62 1
31.3702 118.38642 63 0
31.35833 118.42374 64 1
31.336838 118.43493 65 1
31.348116 118.42655 66 1
31.348114 118.428856 67 1
31.348114 118.436226 68 1
31.363174 118.41215 69 1
31.362629 118.42419 70 1
31.32634 118.39234 71 1
31.328516 118.39065 72 1
31.369991 118.4133 73 0
31.369972 118.413155 74 0
31.326963 118.4231 75 0
31.326948 118.423355 76 0
31.327394 118.39514 77 1
31.32613 118.39198 78 0
31.356852 118.44443 79 0
31.353298 118.42117 80 1
31.348646 118.4204 81 1
31.359823 118.38656 82 1
31.359982 118.38638 83 1
31.353294 118.43623 84 1
31.356586 118.42623 85 1
31.356592 118.429146 86 1
31.356592 118.43111 87 1
31.363174 118.411934 88 1
31.361778 118.40632 89 0
31.363165 118.41007 90 1
31.361813 118.41009 91 0
31.330229 118.3965 92 0
31.329128 118.4074 93 0
31.326836 118.39541 94 0
31.330315 118.43368 95 0
31.326574 118.44447 96 0
31.328064 118.44088 97 1
31.350597 118.393 98 1
31.341055 118.392443 99 1
31.3403951 118.3955733 100 1
31.3373243 118.401383 101 1
31.3411103 118.3920263 102 1
31.353296 118.4104075 103 1
31.3514496 118.4264336 104 1
31.3513493 118.4289618 105 1
31.3530024 118.4257852 106 1
31.3318204 118.414962 107 1
31.338087 118.423845 108 0
31.3462185 118.4242525 109 1
31.3516875 118.42435 110 1
31.3516875 118.42384 111 1
31.3462165 118.4238575 112 1
31.338124 118.423582 113 0
31.3480195 118.4243875 114 1
31.351684 118.4103832 115 1
31.3514845 118.4408612 116 1
31.3511968 118.4410708 117 1
31.352938 118.429586 118 1
31.349249 118.41563 119 1
31.3468569 118.4197393 120 1
31.3462445 118.410343 121 1
31.349237 118.410375 122 1
31.337411 118.410252 123 1
31.3592185 118.4104878 124 1
31.36926 118.426455 125 0
31.3695316 118.437844 126 0
31.3638 118.3841125 127 1
31.3277727 118.3664 128 0
31.3278448 118.3677875 129 1
31.366677 118.37316 130 1
31.3333646 118.3659912 131 1
31.3329695 118.3660025 132 0
31.3300178 118.3704374 133 1
31.3357836 118.3738311 134 1
31.3481717 118.3783763 135 1
31.337265 118.3819225 136 1
31.3519709 118.3695964 137 1
31.3452028 118.3662744 138 0
31.3451736 118.3663714 139 0
31.333261 118.3659413 140 0
31.3273482 118.3820878 141 1
31.326642 118.367465 142 1
31.335276 118.381985 143 1
31.3299015 118.374592 144 1
31.336464 118.3753395 145 1
31.349595 118.383107 146 1
31.3332375 118.36633 147 1
31.3535035 118.393323 148 0
31.347973 118.3879777 149 1
31.3472936 118.388117 150 1
31.349055 118.3881833 151 1
31.3445835 118.3927 152 1
31.349071 118.3930565 153 1
31.3525913 118.375789 154 1
31.352965 118.37658 155 0
31.3532985 118.3772081 156 1
31.35413 118.37805 157 1
31.3494163 118.375459 158 1
31.3577753 118.431181 159 1
31.3567602 118.441264 160 1
31.3370725 118.4238 161 1
31.337764 118.3916775 162 1
31.353286 118.440965 163 1
31.35169 118.43109 164 1
31.3516875 118.424164 165 0
31.337725 118.392075 166 1
31.346167 118.4421263 167 1
31.3338465 118.392395 168 1
31.3482095 118.441565 169 0
31.359209 118.4240675 170 1
31.3598615 118.424125 171 1
31.3462025 118.431165 172 1
31.3604353 118.4320183 173 1
31.3461955 118.43623 174 1
31.353302 118.43117 175 1
31.3509137 118.3718333 176 0
31.3262413 118.383272 177 0
31.3336604 118.3694752 178 1
31.334253 118.368062 179 0
31.3377258 118.377796 180 1
31.347986 118.378354 181 0
31.3452522 118.3824886 182 1
31.332999 118.365973 183 0
31.3277595 118.381205 184 0
31.3312665 118.374389 185 1
31.348114 118.431165 186 1
31.3370617 118.4313517 187 0
31.33655 118.443939 188 1
31.3372855 118.4155265 189 1
31.3516845 118.415655 190 1
31.3532905 118.415665 191 1
31.35921 118.4157175 192 0
31.3292377 118.3942267 193 1
31.330911 118.4101117 194 1
31.3533328 118.3874708 195 1
31.3531037 118.3926967 196 0
31.3534565 118.392704 197 1
31.344762 118.39231 198 1
31.3292465 118.39451 199 1
31.327867 118.3871167 200 1
31.337314 118.377119 201 1
31.3288027 118.441585 202 1
31.359216 118.4237775 203 1
31.337078 118.42354 204 1
31.3516925 118.43625 205 1
31.3516865 118.42117 206 1
31.3693605 118.425787 207 0
31.369284 118.4262725 208 0
31.369326 118.426038 209 0
31.3371662 118.4310803 210 0
31.3260335 118.386578 211 0
31.3462045 118.41567 212 1
31.3276687 118.3832567 213 1
31.3277195 118.382805 214 1
31.3566455 118.4362 215 1
31.329572 118.396823 216 1
288
84 205 152.10041871599395 16.67 3 3 2 3
1 0 0 0 1 0 0 0 1
1 0 0 0 1 0 0 0 1
84 175 562.6815489531759 16.67 3 3 4 5
1 0 0 0 1 0 0 0 1
1 0 0 0 1 0 0 0 1
84 215 318.287889160806 16.67 3 3 6 7
1 0 0 0 1 0 0 0 1
1 0 0 0 1 0 0 0 1
84 163 526.5410037748492 16.67 3 3 8 9
1 0 0 0 1 0 0 0 1
1 0 0 0 1 0 0 0 1
85 5 186.81921733307084 16.67 3 3 10 11
1 0 0 0 1 0 0 0 1
1 0 0 0 1 0 0 0 1
85 106 343.87544078348037 16.67 3 3 12 13
1 0 0 0 1 0 0 0 1
1 0 0 0 1 0 0 0 1
85 86 324.2649079196814 16.67 3 3 14 15
1 0 0 0 1 0 0 0 1
1 0 0 0 1 0 0 0 1
86 87 218.40030728875877 16.67 3 3 16 17
1 0 0 0 1 0 0 0 1
1 0 0 0 1 0 0 0 1
86 118 350.4174923194241 16.67 3 3 18 19
1 0 0 0 1 0 0 0 1
1 0 0 0 1 0 0 0 1
87 159 112.64348901857348 16.67 3 3 20 21
1 0 0 0 1 0 0 0 1
1 0 0 0 1 0 0 0 1
87 175 312.4904258853272 16.67 3 3 22 23
1 0 0 0 1 0 0 0 1
1 0 0 0 1 0 0 0 1
71 78 44.72737123851989 16.67 3 3 24 25
1 0 0 0 1 0 0 0 1
1 0 0 0 1 0 0 0 1
71 77 327.06610043096964 16.67 3 3 26 27
1 0 0 0 1 0 0 0 1
1 0 0 0 1 0 0 0 1
71 72 279.3616486959709 16.67 3 3 28 29
1 0 0 0 1 0 0 0 1
1 0 0 0 1 0 0 0 1
72 193 403.6000738448413 16.67 3 3 30 31
1 0 0 0 1 0 0 0 1
1 0 0 0 1 0 0 0 1
72 200 397.71612949030225 16.67 3 3 32 33
1 0 0 0 1 0 0 0 1
1 0 0 0 1 0 0 0 1
25 182 719.1588252107821 16.67 3 3 34 35
1 0 0 0 1 0 0 0 1
1 0 0 0 1 0 0 0 1
25 24 493.5100595147807 16.67 3 3 36 37
1 0 0 0 1 0 0 0 1
1 0 0 0 1 0 0 0 1
25 21 261.55520505965717 16.67 3 3 38 39
1 0 0 0 1 0 0 0 1
1 0 0 0 1 0 0 0 1
65 174 900.4570803433903 16.67 3 3 40 41
1 0 0 0 1 0 0 0 1
1 0 0 0 1 0 0 0 1
65 188 1002.1902687472707 16.67 3 3 42 43
1 0 0 0 1 0 0 0 1
1 0 0 0 1 0 0 0 1
65 187 398.480202825202 16.67 3 3 44 45
1 0 0 0 1 0 0 0 1
1 0 0 0 1 0 0 0 1
66 33 174.2690231114171 16.67 3 3 46 47
1 0 0 0 1 0 0 0 1
1 0 0 0 1 0 0 0 1
66 114 240.64842832293917 16.67 3 3 48 49
1 0 0 0 1 0 0 0 1
1 0 0 0 1 0 0 0 1
66 67 256.4313883702095 16.67 3 3 50 51
1 0 0 0 1 0 0 0 1
1 0 0 0 1 0 0 0 1
66 104 316.8524865673258 16.67 3 3 52 53
1 0 0 0 1 0 0 0 1
1 0 0 0 1 0 0 0 1
67 186 256.76492338533313 16.67 3 3 54 55
1 0 0 0 1 0 0 0 1
1 0 0 0 1 0 0 0 1
67 34 173.31806155407014 16.67 3 3 56 57
1 0 0 0 1 0 0 0 1
1 0 0 0 1 0 0 0 1
67 105 307.47773124776205 16.67 3 3 58 59
1 0 0 0 1 0 0 0 1
1 0 0 0 1 0 0 0 1
68 186 562.7922378770264 16.67 3 3 60 61
1 0 0 0 1 0 0 0 1
1 0 0 0 1 0 0 0 1
68 174 182.19818739637225 16.67 3 3 62 63
1 0 0 0 1 0 0 0 1
1 0 0 0 1 0 0 0 1
68 169 593.775603758059 16.67 3 3 64 65
1 0 0 0 1 0 0 0 1
1 0 0 0 1 0 0 0 1
68 205 339.8563330281347 16.67 3 3 66 67
1 0 0 0 1 0 0 0 1
1 0 0 0 1 0 0 0 1
80 1 281.3482749965929 16.67 3 3 68 69
1 0 0 0 1 0 0 0 1
1 0 0 0 1 0 0 0 1
80 206 153.03378694324948 16.67 3 3 70 71
1 0 0 0 1 0 0 0 1
1 0 0 0 1 0 0 0 1
80 191 612.1662450870999 16.67 3 3 72 73
1 0 0 0 1 0 0 0 1
1 0 0 0 1 0 0 0 1
81 206 301.17909651104276 16.67 3 3 74 75
1 0 0 0 1 0 0 0 1
1 0 0 0 1 0 0 0 1
81 119 533.5147940240844 16.67 3 3 76 77
1 0 0 0 1 0 0 0 1
1 0 0 0 1 0 0 0 1
81 120 185.11246384114145 16.67 3 3 78 79
1 0 0 0 1 0 0 0 1
1 0 0 0 1 0 0 0 1
32 162 367.15480320519464 16.67 3 3 80 81
1 0 0 0 1 0 0 0 1
1 0 0 0 1 0 0 0 1
32 38 1075.2866582945921 16.67 3 3 82 83
1 0 0 0 1 0 0 0 1
1 0 0 0 1 0 0 0 1
32 193 503.41291647983326 16.67 3 3 84 85
1 0 0 0 1 0 0 0 1
1 0 0 0 1 0 0 0 1
21 201 29.913431163756915 16.67 3 3 86 87
1 0 0 0 1 0 0 0 1
1 0 0 0 1 0 0 0 1
21 145 186.40585369836572 16.67 3 3 88 89
1 0 0 0 1 0 0 0 1
1 0 0 0 1 0 0 0 1
33 34 257.0996513502207 16.67 3 3 90 91
1 0 0 0 1 0 0 0 1
1 0 0 0 1 0 0 0 1
33 109 254.88801446300036 16.67 3 3 92 93
1 0 0 0 1 0 0 0 1
1 0 0 0 1 0 0 0 1
88 124 408.5708324353067 16.67 3 3 94 95
1 0 0 0 1 0 0 0 1
1 0 0 0 1 0 0 0 1
88 74 659.620092639027 16.67 3 3 96 97
1 0 0 0 1 0 0 0 1
1 0 0 0 1 0 0 0 1
88 69 24.01958572972685 16.67 3 3 98 99
1 0 0 0 1 0 0 0 1
1 0 0 0 1 0 0 0 1
88 90 207.2818903541543 16.67 3 3 100 101
1 0 0 0 1 0 0 0 1
1 0 0 0 1 0 0 0 1
168 166 370.10699724863514 16.67 3 3 102 103
1 0 0 0 1 0 0 0 1
1 0 0 0 1 0 0 0 1
168 199 496.20222707062163 16.67 3 3 104 105
1 0 0 0 1 0 0 0 1
1 0 0 0 1 0 0 0 1
168 36 1098.3360308142705 16.67 3 3 106 107
1 0 0 0 1 0 0 0 1
1 0 0 0 1 0 0 0 1
7 83 2004.0303604295 16.67 3 3 108 109
1 0 0 0 1 0 0 0 1
1 0 0 0 1 0 0 0 1
7 124 678.0866233761634 16.67 3 3 110 111
1 0 0 0 1 0 0 0 1
1 0 0 0 1 0 0 0 1
7 6 790.0854066610157 16.67 3 3 112 113
1 0 0 0 1 0 0 0 1
1 0 0 0 1 0 0 0 1
22 178 230.09802356270325 16.67 3 3 114 115
1 0 0 0 1 0 0 0 1
1 0 0 0 1 0 0 0 1
22 185 361.8169998962098 16.67 3 3 116 117
1 0 0 0 1 0 0 0 1
1 0 0 0 1 0 0 0 1
22 133 273.9228356933405 16.67 3 3 118 119
1 0 0 0 1 0 0 0 1
1 0 0 0 1 0 0 0 1
4 110 154.42732589773854 16.67 3 3 120 121
1 0 0 0 1 0 0 0 1
1 0 0 0 1 0 0 0 1
4 37 461.45606142160995 16.67 3 3 122 123
1 0 0 0 1 0 0 0 1
1 0 0 0 1 0 0 0 1
4 106 166.6754807782406 16.67 3 3 124 125
1 0 0 0 1 0 0 0 1
1 0 0 0 1 0 0 0 1
82 124 2661.433176466625 16.67 3 3 126 127
1 0 0 0 1 0 0 0 1
1 0 0 0 1 0 0 0 1
82 11 1949.2515675438087 16.67 3 3 128 129
1 0 0 0 1 0 0 0 1
1 0 0 0 1 0 0 0 1
82 59 2124.230057362773 16.67 3 3 130 131
1 0 0 0 1 0 0 0 1
1 0 0 0 1 0 0 0 1
83 60 2101.051876204028 16.67 3 3 132 133
1 0 0 0 1 0 0 0 1
1 0 0 0 1 0 0 0 1
83 10 2117.8052289106045 16.67 3 3 134 135
1 0 0 0 1 0 0 0 1
1 0 0 0 1 0 0 0 1
30 158 212.29741124252283 16.67 3 3 136 137
1 0 0 0 1 0 0 0 1
1 0 0 0 1 0 0 0 1
30 157 347.1840272798525 16.67 3 3 138 139
1 0 0 0 1 0 0 0 1
1 0 0 0 1 0 0 0 1
30 154 92.24518705090112 16.67 3 3 140 141
1 0 0 0 1 0 0 0 1
1 0 0 0 1 0 0 0 1
23 9 42.57230042389095 16.67 3 3 142 143
1 0 0 0 1 0 0 0 1
1 0 0 0 1 0 0 0 1
23 133 346.46144240963383 16.67 3 3 144 145
1 0 0 0 1 0 0 0 1
1 0 0 0 1 0 0 0 1
23 142 280.53942494890583 16.67 3 3 146 147
1 0 0 0 1 0 0 0 1
1 0 0 0 1 0 0 0 1
12 13 180.63673180367036 16.67 3 3 148 149
1 0 0 0 1 0 0 0 1
1 0 0 0 1 0 0 0 1
12 137 848.9459694336034 16.67 3 3 150 151
1 0 0 0 1 0 0 0 1
1 0 0 0 1 0 0 0 1
12 18 547.1558480290948 16.67 3 3 152 153
1 0 0 0 1 0 0 0 1
1 0 0 0 1 0 0 0 1
99 166 318.9063217574347 16.67 3 3 154 155
1 0 0 0 1 0 0 0 1
1 0 0 0 1 0 0 0 1
99 100 353.6922413168235 16.67 3 3 156 157
1 0 0 0 1 0 0 0 1
1 0 0 0 1 0 0 0 1
99 102 46.63448848110367 16.67 3 3 158 159
1 0 0 0 1 0 0 0 1
1 0 0 0 1 0 0 0 1
99 152 336.338938678959 16.67 3 3 160 161
1 0 0 0 1 0 0 0 1
1 0 0 0 1 0 0 0 1
100 121 1733.8328117617277 16.67 3 3 162 163
1 0 0 0 1 0 0 0 1
1 0 0 0 1 0 0 0 1
100 101 708.8310501731823 16.67 3 3 164 165
1 0 0 0 1 0 0 0 1
1 0 0 0 1 0 0 0 1
101 166 1035.7656700131838 16.67 3 3 166 167
1 0 0 0 1 0 0 0 1
1 0 0 0 1 0 0 0 1
101 123 986.283015773644 16.67 3 3 168 169
1 0 0 0 1 0 0 0 1
1 0 0 0 1 0 0 0 1
102 182 1131.2118705113503 16.67 3 3 170 171
1 0 0 0 1 0 0 0 1
1 0 0 0 1 0 0 0 1
102 162 320.1758483574997 16.67 3 3 172 173
1 0 0 0 1 0 0 0 1
1 0 0 0 1 0 0 0 1
102 198 348.2552761416274 16.67 3 3 174 175
1 0 0 0 1 0 0 0 1
1 0 0 0 1 0 0 0 1
103 124 562.4926146939166 16.67 3 3 176 177
1 0 0 0 1 0 0 0 1
1 0 0 0 1 0 0 0 1
103 115 153.10511988471114 16.67 3 3 178 179
1 0 0 0 1 0 0 0 1
1 0 0 0 1 0 0 0 1
103 191 584.6436220849455 16.67 3 3 180 181
1 0 0 0 1 0 0 0 1
1 0 0 0 1 0 0 0 1
104 110 232.79888293021048 16.67 3 3 182 183
1 0 0 0 1 0 0 0 1
1 0 0 0 1 0 0 0 1
104 105 281.3016625726031 16.67 3 3 184 185
1 0 0 0 1 0 0 0 1
1 0 0 0 1 0 0 0 1
104 106 164.14631860056406 16.67 3 3 186 187
1 0 0 0 1 0 0 0 1
1 0 0 0 1 0 0 0 1
105 118 166.073267966743 16.67 3 3 188 189
1 0 0 0 1 0 0 0 1
1 0 0 0 1 0 0 0 1
105 164 238.8610805012631 16.67 3 3 190 191
1 0 0 0 1 0 0 0 1
1 0 0 0 1 0 0 0 1
106 118 422.699990874894 16.67 3 3 192 193
1 0 0 0 1 0 0 0 1
1 0 0 0 1 0 0 0 1
107 194 546.2351353293183 16.67 3 3 194 195
1 0 0 0 1 0 0 0 1
1 0 0 0 1 0 0 0 1
107 216 2028.3635640618077 16.67 3 3 196 197
1 0 0 0 1 0 0 0 1
1 0 0 0 1 0 0 0 1
107 52 525.9977972845131 16.67 3 3 198 199
1 0 0 0 1 0 0 0 1
1 0 0 0 1 0 0 0 1
107 202 2974.36882103728 16.67 3 3 200 201
1 0 0 0 1 0 0 0 1
1 0 0 0 1 0 0 0 1
108 161 96.4859694215017 16.67 3 3 202 203
1 0 0 0 1 0 0 0 1
1 0 0 0 1 0 0 0 1
108 109 773.6493603239405 16.67 3 3 204 205
1 0 0 0 1 0 0 0 1
1 0 0 0 1 0 0 0 1
109 114 171.69979937789068 16.67 3 3 206 207
1 0 0 0 1 0 0 0 1
1 0 0 0 1 0 0 0 1
109 172 768.6838461665535 16.67 3 3 208 209
1 0 0 0 1 0 0 0 1
1 0 0 0 1 0 0 0 1
110 114 348.35728630187424 16.67 3 3 210 211
1 0 0 0 1 0 0 0 1
1 0 0 0 1 0 0 0 1
110 165 20.68353215659264 16.67 3 3 212 213
1 0 0 0 1 0 0 0 1
1 0 0 0 1 0 0 0 1
111 1 155.81040130912885 16.67 3 3 214 215
1 0 0 0 1 0 0 0 1
1 0 0 0 1 0 0 0 1
111 112 519.5582127911645 16.67 3 3 216 217
1 0 0 0 1 0 0 0 1
1 0 0 0 1 0 0 0 1
111 206 296.90878324190834 16.67 3 3 218 219
1 0 0 0 1 0 0 0 1
1 0 0 0 1 0 0 0 1
111 64 630.9042998488716 16.67 3 3 220 221
1 0 0 0 1 0 0 0 1
1 0 0 0 1 0 0 0 1
112 113 769.1608930378768 16.67 3 3 222 223
1 0 0 0 1 0 0 0 1
1 0 0 0 1 0 0 0 1
112 120 461.9721605270769 16.67 3 3 224 225
1 0 0 0 1 0 0 0 1
1 0 0 0 1 0 0 0 1
113 204 99.45763699143349 16.67 3 3 226 227
1 0 0 0 1 0 0 0 1
1 0 0 0 1 0 0 0 1
27 70 447.0251467290704 16.67 3 3 228 229
1 0 0 0 1 0 0 0 1
1 0 0 0 1 0 0 0 1
27 28 485.75757797069963 16.67 3 3 230 231
1 0 0 0 1 0 0 0 1
1 0 0 0 1 0 0 0 1
27 207 216.35710219198293 16.67 3 3 232 233
1 0 0 0 1 0 0 0 1
1 0 0 0 1 0 0 0 1
115 122 232.3816237994736 16.67 3 3 234 235
1 0 0 0 1 0 0 0 1
1 0 0 0 1 0 0 0 1
115 190 586.2335762431678 16.67 3 3 236 237
1 0 0 0 1 0 0 0 1
1 0 0 0 1 0 0 0 1
116 205 513.1539872253327 16.67 3 3 238 239
1 0 0 0 1 0 0 0 1
1 0 0 0 1 0 0 0 1
116 169 320.7077924923424 16.67 3 3 240 241
1 0 0 0 1 0 0 0 1
1 0 0 0 1 0 0 0 1
116 163 171.46911487020202 16.67 3 3 242 243
1 0 0 0 1 0 0 0 1
1 0 0 0 1 0 0 0 1
116 117 35.91273799875058 16.67 3 3 244 245
1 0 0 0 1 0 0 0 1
1 0 0 0 1 0 0 0 1
117 167 491.8679689761089 16.67 3 3 246 247
1 0 0 0 1 0 0 0 1
1 0 0 0 1 0 0 0 1
117 163 198.75084275817596 16.67 3 3 248 249
1 0 0 0 1 0 0 0 1
1 0 0 0 1 0 0 0 1
118 175 179.50333272317602 16.67 3 3 250 251
1 0 0 0 1 0 0 0 1
1 0 0 0 1 0 0 0 1
119 122 584.3664955350695 16.67 3 3 252 253
1 0 0 0 1 0 0 0 1
1 0 0 0 1 0 0 0 1
119 212 289.16323852085657 16.67 3 3 254 255
1 0 0 0 1 0 0 0 1
1 0 0 0 1 0 0 0 1
119 189 1136.2038332631507 16.67 3 3 256 257
1 0 0 0 1 0 0 0 1
1 0 0 0 1 0 0 0 1
34 172 256.8963048775858 16.67 3 3 258 259
1 0 0 0 1 0 0 0 1
1 0 0 0 1 0 0 0 1
77 94 60.91733119700805 16.67 3 3 260 261
1 0 0 0 1 0 0 0 1
1 0 0 0 1 0 0 0 1
77 193 202.44989422310377 16.67 3 3 262 263
1 0 0 0 1 0 0 0 1
1 0 0 0 1 0 0 0 1
97 95 828.712333110383 16.67 3 3 264 265
1 0 0 0 1 0 0 0 1
1 0 0 0 1 0 0 0 1
97 62 46.01549421405235 16.67 3 3 266 267
1 0 0 0 1 0 0 0 1
1 0 0 0 1 0 0 0 1
97 96 423.5610054221819 16.67 3 3 268 269
1 0 0 0 1 0 0 0 1
1 0 0 0 1 0 0 0 1
120 31 326.22951887936864 16.67 3 3 270 271
1 0 0 0 1 0 0 0 1
1 0 0 0 1 0 0 0 1
120 212 456.735431077427 16.67 3 3 272 273
1 0 0 0 1 0 0 0 1
1 0 0 0 1 0 0 0 1
35 70 239.74203644195168 16.67 3 3 274 275
1 0 0 0 1 0 0 0 1
1 0 0 0 1 0 0 0 1
35 203 87.65164872907401 16.67 3 3 276 277
1 0 0 0 1 0 0 0 1
1 0 0 0 1 0 0 0 1
35 209 905.8212578345158 16.67 3 3 278 279
1 0 0 0 1 0 0 0 1
1 0 0 0 1 0 0 0 1
121 212 592.3840935399552 16.67 3 3 280 281
1 0 0 0 1 0 0 0 1
1 0 0 0 1 0 0 0 1
121 122 284.2220619056707 16.67 3 3 282 283
1 0 0 0 1 0 0 0 1
1 0 0 0 1 0 0 0 1
121 123 838.9846054598006 16.67 3 3 284 285
1 0 0 0 1 0 0 0 1
1 0 0 0 1 0 0 0 1
123 194 617.5645428700159 16.67 3 3 286 287
1 0 0 0 1 0 0 0 1
1 0 0 0 1 0 0 0 1
123 189 586.6549292209561 16.67 3 3 288 289
1 0 0 0 1 0 0 0 1
1 0 0 0 1 0 0 0 1
125 49 663.9547631902306 16.67 3 3 290 291
1 0 0 0 1 0 0 0 1
1 0 0 0 1 0 0 0 1
125 126 1266.7396531027437 16.67 3 3 292 293
1 0 0 0 1 0 0 0 1
1 0 0 0 1 0 0 0 1
126 160 1270.8479861844155 16.67 3 3 294 295
1 0 0 0 1 0 0 0 1
1 0 0 0 1 0 0 0 1
127 14 625.9076689865317 16.67 3 3 296 297
1 0 0 0 1 0 0 0 1
1 0 0 0 1 0 0 0 1
127 156 1258.4886706067498 16.67 3 3 298 299
1 0 0 0 1 0 0 0 1
1 0 0 0 1 0 0 0 1
127 157 1139.1115355078368 16.67 3 3 300 301
1 0 0 0 1 0 0 0 1
1 0 0 0 1 0 0 0 1
127 63 659.6518749164683 16.67 3 3 302 303
1 0 0 0 1 0 0 0 1
1 0 0 0 1 0 0 0 1
129 133 359.7753638693646 16.67 3 3 304 305
1 0 0 0 1 0 0 0 1
1 0 0 0 1 0 0 0 1
129 142 119.74928495704431 16.67 3 3 306 307
1 0 0 0 1 0 0 0 1
1 0 0 0 1 0 0 0 1
129 128 154.44440340714164 16.67 3 3 308 309
1 0 0 0 1 0 0 0 1
1 0 0 0 1 0 0 0 1
130 15 57.0517128762556 16.67 3 3 310 311
1 0 0 0 1 0 0 0 1
1 0 0 0 1 0 0 0 1
130 26 440.1298960755303 16.67 3 3 312 313
1 0 0 0 1 0 0 0 1
1 0 0 0 1 0 0 0 1
130 18 504.87667900160943 16.67 3 3 314 315
1 0 0 0 1 0 0 0 1
1 0 0 0 1 0 0 0 1
131 183 34.78496388311914 16.67 3 3 316 317
1 0 0 0 1 0 0 0 1
1 0 0 0 1 0 0 0 1
131 178 388.44445190113595 16.67 3 3 318 319
1 0 0 0 1 0 0 0 1
1 0 0 0 1 0 0 0 1
131 179 245.25072075551068 16.67 3 3 320 321
1 0 0 0 1 0 0 0 1
1 0 0 0 1 0 0 0 1
133 19 214.14943977362543 16.67 3 3 322 323
1 0 0 0 1 0 0 0 1
1 0 0 0 1 0 0 0 1
134 178 524.6867321593206 16.67 3 3 324 325
1 0 0 0 1 0 0 0 1
1 0 0 0 1 0 0 0 1
134 158 1307.443673788622 16.67 3 3 326 327
1 0 0 0 1 0 0 0 1
1 0 0 0 1 0 0 0 1
134 145 179.75552033064406 16.67 3 3 328 329
1 0 0 0 1 0 0 0 1
1 0 0 0 1 0 0 0 1
134 185 433.5020702141499 16.67 3 3 330 331
1 0 0 0 1 0 0 0 1
1 0 0 0 1 0 0 0 1
135 158 345.2708643231006 16.67 3 3 332 333
1 0 0 0 1 0 0 0 1
1 0 0 0 1 0 0 0 1
135 146 543.1502485601112 16.67 3 3 334 335
1 0 0 0 1 0 0 0 1
1 0 0 0 1 0 0 0 1
135 181 17.80918759846311 16.67 3 3 336 337
1 0 0 0 1 0 0 0 1
1 0 0 0 1 0 0 0 1
136 201 534.1780523627874 16.67 3 3 338 339
1 0 0 0 1 0 0 0 1
1 0 0 0 1 0 0 0 1
136 162 1085.8082932945742 16.67 3 3 340 341
1 0 0 0 1 0 0 0 1
1 0 0 0 1 0 0 0 1
136 143 189.04253230439053 16.67 3 3 342 343
1 0 0 0 1 0 0 0 1
1 0 0 0 1 0 0 0 1
136 43 406.2505128931883 16.67 3 3 344 345
1 0 0 0 1 0 0 0 1
1 0 0 0 1 0 0 0 1
46 141 83.14278620461714 16.67 3 3 346 347
1 0 0 0 1 0 0 0 1
1 0 0 0 1 0 0 0 1
46 184 24.366571902770037 16.67 3 3 348 349
1 0 0 0 1 0 0 0 1
1 0 0 0 1 0 0 0 1
46 48 114.82878815078915 16.67 3 3 350 351
1 0 0 0 1 0 0 0 1
1 0 0 0 1 0 0 0 1
46 47 48.712656362712345 16.67 3 3 352 353
1 0 0 0 1 0 0 0 1
1 0 0 0 1 0 0 0 1
47 214 197.20814043258792 16.67 3 3 354 355
1 0 0 0 1 0 0 0 1
1 0 0 0 1 0 0 0 1
47 185 802.4185686481335 16.67 3 3 356 357
1 0 0 0 1 0 0 0 1
1 0 0 0 1 0 0 0 1
47 143 697.2268864600879 16.67 3 3 358 359
1 0 0 0 1 0 0 0 1
1 0 0 0 1 0 0 0 1
137 176 268.2438143978706 16.67 3 3 360 361
1 0 0 0 1 0 0 0 1
1 0 0 0 1 0 0 0 1
137 138 741.3298003145349 16.67 3 3 362 363
1 0 0 0 1 0 0 0 1
1 0 0 0 1 0 0 0 1
137 45 494.85588214207735 16.67 3 3 364 365
1 0 0 0 1 0 0 0 1
1 0 0 0 1 0 0 0 1
48 214 39.373646676014864 16.67 3 3 366 367
1 0 0 0 1 0 0 0 1
1 0 0 0 1 0 0 0 1
48 141 50.63454192034743 16.67 3 3 368 369
1 0 0 0 1 0 0 0 1
1 0 0 0 1 0 0 0 1
90 91 128.39653149382755 16.67 3 3 370 371
1 0 0 0 1 0 0 0 1
1 0 0 0 1 0 0 0 1
90 89 437.30955256192277 16.67 3 3 372 373
1 0 0 0 1 0 0 0 1
1 0 0 0 1 0 0 0 1
141 214 87.20458423880231 16.67 3 3 374 375
1 0 0 0 1 0 0 0 1
1 0 0 0 1 0 0 0 1
142 16 192.14200132616887 16.67 3 3 376 377
1 0 0 0 1 0 0 0 1
1 0 0 0 1 0 0 0 1
143 145 747.5566053077109 16.67 3 3 378 379
1 0 0 0 1 0 0 0 1
1 0 0 0 1 0 0 0 1
143 42 441.238398245607 16.67 3 3 380 381
1 0 0 0 1 0 0 0 1
1 0 0 0 1 0 0 0 1
144 8 330.3741350853516 16.67 3 3 382 383
1 0 0 0 1 0 0 0 1
1 0 0 0 1 0 0 0 1
144 185 131.60795219418543 16.67 3 3 384 385
1 0 0 0 1 0 0 0 1
1 0 0 0 1 0 0 0 1
144 20 327.5132738562415 16.67 3 3 386 387
1 0 0 0 1 0 0 0 1
1 0 0 0 1 0 0 0 1
145 201 213.7189855040096 16.67 3 3 388 389
1 0 0 0 1 0 0 0 1
1 0 0 0 1 0 0 0 1
146 182 418.11779811292985 16.67 3 3 390 391
1 0 0 0 1 0 0 0 1
1 0 0 0 1 0 0 0 1
146 156 744.3085502759386 16.67 3 3 392 393
1 0 0 0 1 0 0 0 1
1 0 0 0 1 0 0 0 1
64 203 84.2364984856755 16.67 3 3 394 395
1 0 0 0 1 0 0 0 1
1 0 0 0 1 0 0 0 1
64 1 475.76280010253 16.67 3 3 396 397
1 0 0 0 1 0 0 0 1
1 0 0 0 1 0 0 0 1
147 140 43.28172975197425 16.67 3 3 398 399
1 0 0 0 1 0 0 0 1
1 0 0 0 1 0 0 0 1
147 178 352.05096538148126 16.67 3 3 400 401
1 0 0 0 1 0 0 0 1
1 0 0 0 1 0 0 0 1
147 132 44.433142106361665 16.67 3 3 402 403
1 0 0 0 1 0 0 0 1
1 0 0 0 1 0 0 0 1
18 17 282.4134522900157 16.67 3 3 404 405
1 0 0 0 1 0 0 0 1
1 0 0 0 1 0 0 0 1
62 202 132.2674323930207 16.67 3 3 406 407
1 0 0 0 1 0 0 0 1
1 0 0 0 1 0 0 0 1
62 61 129.58866367462346 16.67 3 3 408 409
1 0 0 0 1 0 0 0 1
1 0 0 0 1 0 0 0 1
149 150 66.35531889801425 16.67 3 3 410 411
1 0 0 0 1 0 0 0 1
1 0 0 0 1 0 0 0 1
149 151 105.26916827269098 16.67 3 3 412 413
1 0 0 0 1 0 0 0 1
1 0 0 0 1 0 0 0 1
149 55 149.146685910387 16.67 3 3 414 415
1 0 0 0 1 0 0 0 1
1 0 0 0 1 0 0 0 1
150 58 488.22128362693917 16.67 3 3 416 417
1 0 0 0 1 0 0 0 1
1 0 0 0 1 0 0 0 1
150 151 167.4418977864341 16.67 3 3 418 419
1 0 0 0 1 0 0 0 1
1 0 0 0 1 0 0 0 1
151 195 413.9075716473762 16.67 3 3 420 421
1 0 0 0 1 0 0 0 1
1 0 0 0 1 0 0 0 1
54 195 298.329727385525 16.67 3 3 422 423
1 0 0 0 1 0 0 0 1
1 0 0 0 1 0 0 0 1
54 197 284.0328925878229 16.67 3 3 424 425
1 0 0 0 1 0 0 0 1
1 0 0 0 1 0 0 0 1
54 98 419.7364232352072 16.67 3 3 426 427
1 0 0 0 1 0 0 0 1
1 0 0 0 1 0 0 0 1
152 153 428.0283061167994 16.67 3 3 428 429
1 0 0 0 1 0 0 0 1
1 0 0 0 1 0 0 0 1
152 36 78.28207641501382 16.67 3 3 430 431
1 0 0 0 1 0 0 0 1
1 0 0 0 1 0 0 0 1
153 56 459.7199273971881 16.67 3 3 432 433
1 0 0 0 1 0 0 0 1
1 0 0 0 1 0 0 0 1
153 148 421.98682548765987 16.67 3 3 434 435
1 0 0 0 1 0 0 0 1
1 0 0 0 1 0 0 0 1
154 157 290.8043320489658 16.67 3 3 436 437
1 0 0 0 1 0 0 0 1
1 0 0 0 1 0 0 0 1
154 154 0.0 16.67 3 3 438 439
1 0 0 0 1 0 0 0 1
1 0 0 0 1 0 0 0 1
155 158 359.3150986006343 16.67 3 3 440 441
1 0 0 0 1 0 0 0 1
1 0 0 0 1 0 0 0 1
155 156 76.6906756169296 16.67 3 3 442 443
1 0 0 0 1 0 0 0 1
1 0 0 0 1 0 0 0 1
36 98 494.496375525642 16.67 3 3 444 445
1 0 0 0 1 0 0 0 1
1 0 0 0 1 0 0 0 1
159 173 269.2054535776528 16.67 3 3 446 447
1 0 0 0 1 0 0 0 1
1 0 0 0 1 0 0 0 1
159 175 424.7820551685778 16.67 3 3 448 449
1 0 0 0 1 0 0 0 1
1 0 0 0 1 0 0 0 1
159 215 568.3396125265699 16.67 3 3 450 451
1 0 0 0 1 0 0 0 1
1 0 0 0 1 0 0 0 1
160 79 352.1727604519059 16.67 3 3 452 453
1 0 0 0 1 0 0 0 1
1 0 0 0 1 0 0 0 1
160 215 563.2311685611824 16.67 3 3 454 455
1 0 0 0 1 0 0 0 1
1 0 0 0 1 0 0 0 1
160 163 331.5815243893575 16.67 3 3 456 457
1 0 0 0 1 0 0 0 1
1 0 0 0 1 0 0 0 1
55 56 332.37538620157807 16.67 3 3 458 459
1 0 0 0 1 0 0 0 1
1 0 0 0 1 0 0 0 1
55 195 363.01320273565096 16.67 3 3 460 461
1 0 0 0 1 0 0 0 1
1 0 0 0 1 0 0 0 1
162 166 44.357644067595835 16.67 3 3 462 463
1 0 0 0 1 0 0 0 1
1 0 0 0 1 0 0 0 1
164 186 339.69791676888957 16.67 3 3 464 465
1 0 0 0 1 0 0 0 1
1 0 0 0 1 0 0 0 1
164 205 573.8012637845296 16.67 3 3 466 467
1 0 0 0 1 0 0 0 1
1 0 0 0 1 0 0 0 1
161 76 962.8968714118175 16.67 3 3 468 469
1 0 0 0 1 0 0 0 1
1 0 0 0 1 0 0 0 1
161 188 2240.0425623996007 16.67 3 3 470 471
1 0 0 0 1 0 0 0 1
1 0 0 0 1 0 0 0 1
161 204 28.91718318201736 16.67 3 3 472 473
1 0 0 0 1 0 0 0 1
1 0 0 0 1 0 0 0 1
56 198 358.82512506831256 16.67 3 3 474 475
1 0 0 0 1 0 0 0 1
1 0 0 0 1 0 0 0 1
167 174 655.6846761304483 16.67 3 3 476 477
1 0 0 0 1 0 0 0 1
1 0 0 0 1 0 0 0 1
167 40 292.5095067208564 16.67 3 3 478 479
1 0 0 0 1 0 0 0 1
1 0 0 0 1 0 0 0 1
167 188 935.3135401656608 16.67 3 3 480 481
1 0 0 0 1 0 0 0 1
1 0 0 0 1 0 0 0 1
165 37 615.0067397535079 16.67 3 3 482 483
1 0 0 0 1 0 0 0 1
1 0 0 0 1 0 0 0 1
37 170 99.4687298944445 16.67 3 3 484 485
1 0 0 0 1 0 0 0 1
1 0 0 0 1 0 0 0 1
170 203 32.255367549157505 16.67 3 3 486 487
1 0 0 0 1 0 0 0 1
1 0 0 0 1 0 0 0 1
170 171 62.28888581798753 16.67 3 3 488 489
1 0 0 0 1 0 0 0 1
1 0 0 0 1 0 0 0 1
171 208 926.0524387596471 16.67 3 3 490 491
1 0 0 0 1 0 0 0 1
1 0 0 0 1 0 0 0 1
171 49 265.29675562035396 16.67 3 3 492 493
1 0 0 0 1 0 0 0 1
1 0 0 0 1 0 0 0 1
172 186 181.53655198021733 16.67 3 3 494 495
1 0 0 0 1 0 0 0 1
1 0 0 0 1 0 0 0 1
172 174 563.237437351554 16.67 3 3 496 497
1 0 0 0 1 0 0 0 1
1 0 0 0 1 0 0 0 1
173 49 830.228891308117 16.67 3 3 498 499
1 0 0 0 1 0 0 0 1
1 0 0 0 1 0 0 0 1
173 215 587.9965017439271 16.67 3 3 500 501
1 0 0 0 1 0 0 0 1
1 0 0 0 1 0 0 0 1
176 45 580.9339188591376 16.67 3 3 502 503
1 0 0 0 1 0 0 0 1
1 0 0 0 1 0 0 0 1
38 198 48.54844589806789 16.67 3 3 504 505
1 0 0 0 1 0 0 0 1
1 0 0 0 1 0 0 0 1
38 57 293.2916103874248 16.67 3 3 506 507
1 0 0 0 1 0 0 0 1
1 0 0 0 1 0 0 0 1
179 44 256.60994291557085 16.67 3 3 508 509
1 0 0 0 1 0 0 0 1
1 0 0 0 1 0 0 0 1
180 201 84.83753390668357 16.67 3 3 510 511
1 0 0 0 1 0 0 0 1
1 0 0 0 1 0 0 0 1
180 182 885.0510710194635 16.67 3 3 512 513
1 0 0 0 1 0 0 0 1
1 0 0 0 1 0 0 0 1
180 43 63.498449008966176 16.67 3 3 514 515
1 0 0 0 1 0 0 0 1
1 0 0 0 1 0 0 0 1
184 41 239.38714363307497 16.67 3 3 516 517
1 0 0 0 1 0 0 0 1
1 0 0 0 1 0 0 0 1
187 210 31.770363810424442 16.67 3 3 518 519
1 0 0 0 1 0 0 0 1
1 0 0 0 1 0 0 0 1
188 53 1068.4706868156343 16.67 3 3 520 521
1 0 0 0 1 0 0 0 1
1 0 0 0 1 0 0 0 1
189 212 847.2745189688915 16.67 3 3 522 523
1 0 0 0 1 0 0 0 1
1 0 0 0 1 0 0 0 1
189 204 891.3334223388163 16.67 3 3 524 525
1 0 0 0 1 0 0 0 1
1 0 0 0 1 0 0 0 1
190 206 613.27787803442 16.67 3 3 526 527
1 0 0 0 1 0 0 0 1
1 0 0 0 1 0 0 0 1
190 191 152.51815800294267 16.67 3 3 528 529
1 0 0 0 1 0 0 0 1
1 0 0 0 1 0 0 0 1
191 192 562.167190052659 16.67 3 3 530 531
1 0 0 0 1 0 0 0 1
1 0 0 0 1 0 0 0 1
192 203 896.2865745415916 16.67 3 3 532 533
1 0 0 0 1 0 0 0 1
1 0 0 0 1 0 0 0 1
57 58 30.164395316727294 16.67 3 3 534 535
1 0 0 0 1 0 0 0 1
1 0 0 0 1 0 0 0 1
57 51 2045.9518732483118 16.67 3 3 536 537
1 0 0 0 1 0 0 0 1
1 0 0 0 1 0 0 0 1
58 196 478.0348258899102 16.67 3 3 538 539
1 0 0 0 1 0 0 0 1
1 0 0 0 1 0 0 0 1
195 39 589.0806749672975 16.67 3 3 540 541
1 0 0 0 1 0 0 0 1
1 0 0 0 1 0 0 0 1
196 197 33.5130484495461 16.67 3 3 542 543
1 0 0 0 1 0 0 0 1
1 0 0 0 1 0 0 0 1
197 29 175.42755965899036 16.67 3 3 544 545
1 0 0 0 1 0 0 0 1
1 0 0 0 1 0 0 0 1
193 199 31.51455349277621 16.67 3 3 546 547
1 0 0 0 1 0 0 0 1
1 0 0 0 1 0 0 0 1
199 216 259.0613862315252 16.67 3 3 548 549
1 0 0 0 1 0 0 0 1
1 0 0 0 1 0 0 0 1
194 216 1483.190477048956 16.67 3 3 550 551
1 0 0 0 1 0 0 0 1
1 0 0 0 1 0 0 0 1
194 93 345.85089590528713 16.67 3 3 552 553
1 0 0 0 1 0 0 0 1
1 0 0 0 1 0 0 0 1
202 2 239.18937579130494 16.67 3 3 554 555
1 0 0 0 1 0 0 0 1
1 0 0 0 1 0 0 0 1
202 3 235.6996530356914 16.67 3 3 556 557
1 0 0 0 1 0 0 0 1
1 0 0 0 1 0 0 0 1
200 211 184.17710830078966 16.67 3 3 558 559
1 0 0 0 1 0 0 0 1
1 0 0 0 1 0 0 0 1
200 213 429.6519941408046 16.67 3 3 560 561
1 0 0 0 1 0 0 0 1
1 0 0 0 1 0 0 0 1
204 75 961.9672585901607 16.67 3 3 562 563
1 0 0 0 1 0 0 0 1
1 0 0 0 1 0 0 0 1
213 177 135.59859851342787 16.67 3 3 564 565
1 0 0 0 1 0 0 0 1
1 0 0 0 1 0 0 0 1
213 214 50.46109978191189 16.67 3 3 566 567
1 0 0 0 1 0 0 0 1
1 0 0 0 1 0 0 0 1
69 70 1339.8692371422187 16.67 3 3 568 569
1 0 0 0 1 0 0 0 1
1 0 0 0 1 0 0 0 1
69 73 659.8100794322829 16.67 3 3 570 571
1 0 0 0 1 0 0 0 1
1 0 0 0 1 0 0 0 1
216 92 72.005027582058 16.67 3 3 572 573
1 0 0 0 1 0 0 0 1
1 0 0 0 1 0 0 0 1
45 139 245.1477489792706 16.67 3 3 574 575
1 0 0 0 1 0 0 0 1
1 0 0 0 1 0 0 0 1
98 50 1785.0463364584255 16.67 3 3 576 577
1 0 0 0 1 0 0 0 1
1 0 0 0 1 0 0 0 1
142
1 -1 397 69 215
4 124 122 -1 120
7 110 112 108 -1
12 -1 152 148 150
18 315 404 -1 153
21 86 39 88 -1
22 116 -1 114 118
23 142 144 146 -1
25 -1 34 36 38
27 -1 232 230 228
30 138 140 -1 136
32 -1 82 80 84
33 90 47 92 -1
34 258 57 91 -1
35 278 274 -1 276
36 431 444 -1 107
37 123 484 -1 483
38 -1 506 504 83
45 503 365 -1 574
46 350 352 348 346
47 354 358 356 353
48 366 -1 351 368
49 499 291 -1 493
54 424 -1 422 426
55 458 460 -1 415
56 433 459 -1 474
57 -1 536 534 507
58 535 538 417 -1
62 406 267 -1 408
64 221 394 -1 396
65 42 40 44 -1
66 50 52 48 46
67 54 58 51 56
68 64 66 60 62
69 568 570 99 -1
70 -1 229 569 275
71 26 28 24 -1
72 30 -1 32 29
77 -1 262 27 260
80 68 -1 72 70
81 -1 74 76 78
82 126 128 130 -1
83 109 134 132 -1
84 8 6 4 2
85 14 -1 10 12
86 16 -1 15 18
87 -1 20 17 22
88 98 96 100 94
90 101 -1 372 370
97 268 -1 264 266
98 -1 576 427 445
99 156 160 158 154
100 162 -1 157 164
101 168 165 166 -1
102 159 174 170 172
103 180 176 -1 178
104 184 186 182 53
105 190 188 185 59
106 192 13 125 187
107 200 194 196 198
109 93 206 205 208
110 183 121 212 210
111 214 220 218 216
112 -1 217 224 222
114 49 211 -1 207
115 236 179 -1 234
116 244 242 238 240
117 -1 248 245 246
118 250 19 193 189
119 77 254 252 256
120 225 79 272 270
121 280 282 163 284
122 253 235 -1 283
123 288 285 169 286
124 95 127 111 177
127 296 302 298 300
129 304 -1 308 306
130 -1 310 314 312
131 318 320 -1 316
133 322 119 305 145
134 328 326 324 330
135 334 -1 332 336
136 340 344 338 342
137 360 151 362 364
141 374 369 347 -1
142 147 307 376 -1
143 380 343 378 359
144 386 384 -1 382
145 388 89 329 379
146 -1 392 335 390
147 400 -1 398 402
149 412 414 -1 410
150 416 418 411 -1
151 -1 420 413 419
152 428 430 -1 161
153 -1 434 432 429
154 439 436 438 141
156 393 299 443 -1
157 -1 301 437 139
158 333 137 441 327
159 450 446 21 448
160 452 295 454 456
161 470 203 472 468
162 462 173 341 81
163 249 457 9 243
164 466 -1 191 464
166 167 155 463 103
167 478 247 476 480
168 -1 106 102 104
170 -1 488 486 485
171 492 490 -1 489
172 496 494 209 259
173 500 -1 498 447
174 477 63 497 41
175 5 449 23 251
178 115 325 319 401
180 514 512 510 -1
182 171 391 35 513
185 357 331 117 385
186 61 465 55 495
188 43 481 471 520
189 522 257 289 524
190 526 528 237 -1
191 73 530 181 529
193 546 85 31 263
194 195 287 550 552
195 423 540 421 461
197 -1 544 425 543
198 -1 505 475 175
199 548 105 547 -1
200 33 -1 560 558
201 339 511 87 389
202 554 556 201 407
203 487 277 533 395
204 473 227 525 562
205 239 3 467 67
206 219 71 527 75
212 273 255 281 523
213 561 -1 566 564
214 567 355 367 375
215 455 501 451 7
216 197 572 549 551
