375
1 3600 196
7
31 32 324 315 139 133 134
1 3600 125
5
109 106 27 28 324
1 3600 125
4
23 28 324 315
1 3600 125
9
109 106 355 352 356 321 322 277 278
1 3600 304
10
355 350 317 318 137 132 138 223 21 3
1 3600 609
13
106 27 24 32 324 315 223 17 9 12 34 48 361
1 3600 609
15
25 22 351 345 346 356 321 322 372 400 249 215 212 61 62
1 3600 86
3
350 317 318
1 3600 243
6
135 132 138 312 320 392
1 3600 508
7
351 352 356 321 295 298 273
1 3600 609
15
106 355 345 346 356 321 295 296 73 74 282 284 275 179 171
1 3600 609
17
105 106 27 28 324 315 312 322 111 114 118 122 187 184 157 160 381
1 3600 609
8
27 24 32 324 315 312 295 300
1 3600 609
3
355 345 339
1 3600 609
13
109 106 355 352 356 321 295 296 259 65 68 265 217
1 3600 609
19
106 27 28 324 315 223 17 18 276 372 117 120 270 267 225 201 169 93 88
1 3600 609
24
109 106 355 350 317 318 137 132 138 223 21 3 6 39 36 155 53 50 210 328 376 382 205 208
1 3600 609
12
27 24 32 324 315 312 295 296 293 288 149 146
1 3600 609
8
135 136 319 316 351 352 343 340
1 3600 609
17
105 106 355 345 346 356 321 322 111 112 273 85 86 182 219 199 196
1 3600 609
21
23 28 324 315 223 17 9 10 276 372 117 118 83 86 184 177 180 167 125 126 144
1 3600 43
5
314 325 29 26 107
1 3600 174
4
132 138 314 370
1 3600 69
5
324 315 223 21 15
1 3600 69
5
141 138 223 21 3
1 3600 243
9
17 9 12 34 46 246 153 81 55
1 3600 609
16
371 315 223 21 3 6 40 44 163 79 55 50 210 326 61 62
1 3600 179
5
325 33 30 318 368
1 3600 110
6
29 22 351 352 356 392
1 3600 148
6
312 295 298 273 85 82
1 3600 508
13
279 276 111 112 281 282 284 275 179 171 174 387 383
1 3600 609
9
138 312 322 372 400 249 215 212 374
1 3600 609
7
315 312 295 300 291 288 149
1 3600 553
6
138 312 295 296 259 262
1 3600 609
10
371 315 223 17 18 276 111 114 120 270
1 3600 609
13
141 138 312 295 296 73 67 68 189 192 201 169 93
1 3600 609
13
279 11 12 36 155 53 50 210 328 376 382 384 257
1 3600 609
16
33 30 316 351 345 346 356 321 322 111 112 281 269 189 190 228
1 3600 609
10
324 315 312 295 296 259 262 195 190 226
1 3600 609
17
132 138 223 17 9 10 276 372 117 118 122 187 182 275 221 199 196
1 3600 609
19
21 3 6 40 44 360 165 79 55 50 212 374 207 204 386 394 131 128 144
1 3600 338
7
2 20 222 314 325 33 30
1 3600 75
7
37 13 8 16 222 314 325
1 3600 75
5
19 16 222 314 325
1 3600 138
7
247 47 35 38 7 4 10
1 3600 81
6
40 42 46 246 153 81
1 3600 81
4
39 34 48 361
1 3600 81
3
44 163 79
1 3600 609
7
155 53 50 210 326 61 62
1 3600 553
9
13 5 2 20 222 139 133 136 367
1 3600 217
10
153 53 50 214 250 123 83 84 272 299
1 3600 65
9
246 153 81 55 50 210 328 235 236
1 3600 145
11
153 53 50 214 248 253 187 184 157 158 174
1 3600 609
12
8 18 276 111 114 120 85 86 184 157 160 381
1 3600 609
8
18 276 111 112 281 75 72 293
1 3600 609
16
15 9 10 276 372 117 120 270 267 225 193 190 230 101 102 334
1 3600 553
6
15 18 276 111 112 281
1 3600 609
12
12 34 48 165 79 55 50 212 374 207 202 143
1 3600 609
10
153 53 50 210 328 376 382 205 208 254
1 3600 609
17
155 81 55 50 214 250 123 83 84 272 299 300 291 288 149 99 96
1 3600 609
12
10 276 372 117 120 270 283 269 189 190 230 332
1 3600 609
13
44 163 79 55 50 214 248 253 187 182 219 199 196
1 3600 609
16
4 10 276 372 400 253 187 182 275 179 171 172 91 94 126 144
1 3600 609
12
162 45 41 7 2 20 222 314 325 29 22 317
1 3600 290
11
81 78 164 49 35 13 8 16 222 314 325
1 3600 147
4
359 360 49 35
1 3600 147
4
154 37 38 7
1 3600 147
6
359 45 41 39 13 8
1 3600 147
6
51 52 152 247 47 35
1 3600 147
8
57 60 213 51 54 80 154 47
1 3600 108
4
53 50 212 61
1 3600 609
12
359 163 79 55 50 214 248 401 373 323 320 357
1 3600 609
12
328 235 232 185 87 82 119 115 110 323 320 392
1 3600 130
9
165 79 80 53 50 214 248 401 117
1 3600 128
6
57 60 374 380 161 158
1 3600 128
6
57 60 327 328 376 382
1 3600 320
4
245 63 60 374
1 3600 609
14
327 328 235 232 177 178 274 285 283 75 72 293 290 308
1 3600 609
12
50 214 250 187 182 275 221 216 225 193 190 230
1 3600 609
8
79 55 50 214 250 187 182 219
1 3600 609
11
245 63 60 374 207 204 384 390 131 128 127
1 3600 609
10
79 80 53 50 210 328 376 381 207 202
1 3600 609
14
50 214 248 253 123 83 84 272 299 300 291 288 149 146
1 3600 609
12
328 376 161 158 170 180 167 168 200 193 190 226
1 3600 609
9
50 214 250 187 182 275 221 199 196
1 3600 609
11
53 50 210 328 376 382 386 394 131 128 144
1 3600 609
20
63 60 374 380 161 156 185 186 123 119 116 373 323 320 357 353 350 317 31 25
1 3600 609
15
63 60 327 211 51 54 78 162 45 41 7 2 20 222 139
1 3600 508
11
63 60 213 51 52 152 247 37 13 8 14
1 3600 52
7
63 60 327 211 51 54 78
1 3600 609
23
63 60 374 207 204 386 175 170 178 274 285 267 264 69 64 258 297 294 320 357 347 348 398
1 3600 609
10
63 60 213 214 248 401 373 323 320 392
1 3600 609
9
63 60 327 328 235 232 185 87 82
1 3600 276
5
63 60 374 380 161
1 3600 304
3
63 60 374
1 3600 609
19
63 60 374 207 208 256 390 239 91 92 168 200 193 194 263 258 293 290 308
1 3600 609
12
63 60 327 328 235 232 177 178 274 285 283 75
1 3600 609
14
63 60 327 328 376 382 386 175 172 240 167 168 200 193
1 3600 609
10
63 60 374 207 208 254 143 129 89 92
1 3600 609
5
63 60 374 207 208
1 3600 609
14
63 60 213 214 248 401 117 115 112 281 269 189 190 228
1 3600 609
18
63 60 327 328 235 232 185 87 84 272 299 300 291 288 149 99 100 332
1 3600 609
13
63 60 327 328 376 382 384 390 239 91 92 168 196
1 3600 609
7
63 60 374 207 202 143 144
1 3600 89
3
349 344 354
1 3600 179
9
399 349 344 350 317 318 137 132 140
1 3600 508
10
349 346 356 321 322 277 11 5 6 39
1 3600 609
16
349 346 356 321 295 298 273 85 86 184 233 234 329 326 61 56
1 3600 609
10
356 321 322 372 400 249 215 212 61 62
1 3600 184
7
366 319 316 351 345 348 396
1 3600 109
6
319 316 351 352 356 321
1 3600 109
3
346 356 392
1 3600 304
7
369 137 132 138 312 322 111
1 3600 609
16
365 366 319 316 351 352 356 321 295 296 73 74 282 284 275 179
1 3600 609
17
346 356 321 295 296 259 262 195 192 201 169 166 241 238 391 257 209
1 3600 73
11
365 366 137 132 138 312 295 300 291 288 149
1 3600 138
11
363 366 319 31 32 324 315 312 295 296 73
1 3600 508
14
369 319 316 351 345 346 356 321 295 298 273 270 284 275
1 3600 609
16
137 132 138 312 295 296 259 65 68 265 217 199 169 93 88 128
1 3600 609
19
363 366 319 316 351 352 356 321 295 296 259 262 195 192 201 169 125 126 142
1 3600 609
9
346 356 321 295 296 293 288 149 146
1 3600 609
15
365 366 137 132 138 312 295 300 291 288 149 99 96 229 226
1 3600 609
18
363 366 319 316 23 28 324 315 312 322 111 114 120 270 267 217 199 196
1 3600 609
22
369 319 316 351 345 346 356 321 322 111 114 118 83 86 184 177 180 241 238 131 128 144
1 3600 217
5
357 353 350 23 24
1 3600 93
3
313 314 325
1 3600 169
5
393 321 322 277 19
1 3600 469
10
298 273 121 118 122 251 215 51 52 81
1 3600 609
8
322 372 400 249 215 212 61 62
1 3600 47
3
357 347 348
1 3600 264
3
393 321 295
1 3600 40
3
322 372 400
1 3600 358
11
321 295 298 281 282 284 275 179 171 174 387
1 3600 609
15
393 321 295 296 73 67 68 265 217 220 179 171 174 387 205
1 3600 179
6
321 295 296 293 288 304
1 3600 74
8
295 300 291 288 149 99 102 334
1 3600 169
5
298 281 269 265 225
1 3600 609
15
393 321 322 111 114 118 83 86 184 157 158 172 238 391 388
1 3600 609
12
296 73 74 282 284 275 179 180 241 238 391 257
1 3600 609
8
321 295 296 259 262 195 190 228
1 3600 609
4
320 357 343 340
1 3600 609
10
321 322 372 117 120 270 267 225 201 196
1 3600 609
15
393 321 295 296 259 65 68 189 192 201 169 93 94 126 144
1 3600 609
8
272 113 110 323 313 314 325 29
1 3600 164
14
237 232 177 178 221 216 264 69 66 72 297 294 313 139
1 3600 64
6
121 116 373 277 19 14
1 3600 117
8
122 252 249 215 51 54 78 162
1 3600 609
6
251 215 210 326 61 62
1 3600 338
14
237 232 185 186 123 119 115 110 323 320 357 347 348 396
1 3600 101
4
373 323 320 392
1 3600 101
5
272 299 294 320 392
1 3600 142
7
252 249 215 51 52 152 310
1 3600 103
4
253 187 184 233
1 3600 103
8
115 112 273 85 86 184 157 160
1 3600 103
5
253 187 184 233 234
1 3600 609
11
117 118 83 86 182 275 179 171 174 387 205
1 3600 469
7
120 270 283 75 72 293 288
1 3600 126
9
248 401 117 115 112 281 269 189 190
1 3600 64
3
182 219 216
1 3600 164
10
111 112 281 282 284 275 179 171 172 238
1 3600 609
11
117 120 270 267 217 199 169 93 88 128 142
1 3600 609
8
272 281 269 265 225 193 190 228
1 3600 609
8
114 120 270 267 264 189 190 226
1 3600 609
8
117 118 83 86 182 219 199 196
1 3600 609
11
118 122 187 184 157 158 172 91 94 126 144
1 3600 609
14
156 185 87 84 272 299 294 313 314 325 33 25 26 107
1 3600 553
10
170 178 274 285 283 75 72 297 294 313
1 3600 142
8
329 211 51 52 154 37 38 7
1 3600 57
8
387 383 377 329 211 51 54 76
1 3600 609
6
159 160 381 375 61 62
1 3600 609
14
170 178 221 216 264 69 64 258 297 294 320 357 347 348
1 3600 435
14
386 175 170 178 274 183 186 123 119 116 373 323 320 392
1 3600 66
7
377 329 211 51 52 152 310
1 3600 66
3
232 185 87
1 3600 148
5
386 175 170 176 157
1 3600 80
4
158 174 387 205
1 3600 609
12
170 180 167 168 200 193 194 263 258 293 288 304
1 3600 435
7
178 274 285 283 75 67 64
1 3600 138
9
376 382 384 390 131 89 92 168 198
1 3600 79
3
174 394 391
1 3600 358
5
234 376 382 384 257
1 3600 609
9
394 239 240 167 168 200 193 190 228
1 3600 609
11
177 180 241 91 92 168 200 193 190 230 332
1 3600 609
7
157 158 172 240 167 168 196
1 3600 609
8
156 177 180 241 91 88 128 144
1 3600 609
17
375 213 51 54 78 164 49 35 13 8 16 222 314 325 29 22 351
1 3600 609
13
380 161 156 185 87 82 119 115 110 323 313 139 140
1 3600 609
6
206 375 213 51 52 152
1 3600 179
6
206 380 377 329 211 51
1 3600 406
3
375 61 62
1 3600 609
17
204 386 175 170 178 274 285 283 280 299 294 313 139 133 136 367 364
1 3600 609
15
208 256 390 239 240 181 176 185 87 84 272 113 110 323 320
1 3600 406
5
380 161 156 233 236
1 3600 51
4
380 161 158 170
1 3600 609
10
380 161 156 185 87 84 272 299 300 308
1 3600 609
8
202 143 127 124 168 200 193 194
1 3600 609
8
207 204 386 175 170 178 274 285
1 3600 253
3
208 254 143
1 3600 609
12
207 208 256 390 131 89 92 168 200 193 190 228
1 3600 609
18
204 386 175 170 178 221 216 264 69 64 258 297 294 320 357 347 339 336
1 3600 609
8
207 202 143 127 95 92 168 196
1 3600 609
4
208 254 143 144
1 3600 609
6
301 294 320 357 353 350
1 3600 609
9
103 98 148 289 292 297 294 313 314
1 3600 609
15
103 100 231 191 188 265 266 271 121 116 373 277 11 12 36
1 3600 609
16
151 146 229 191 192 201 169 93 90 173 159 156 233 234 329 326
1 3600 609
15
303 289 292 73 74 282 271 85 82 122 251 215 212 61 62
1 3600 80
9
151 148 289 290 301 294 320 357 347
1 3600 217
3
309 301 294
1 3600 469
7
287 292 73 74 280 273 85
1 3600 609
11
149 99 100 231 191 192 224 217 218 275 179
1 3600 609
12
287 292 73 74 282 284 275 179 171 159 160 381
1 3600 145
5
307 291 288 149 150
1 3600 120
5
151 146 229 191 194
1 3600 120
5
303 289 292 73 70
1 3600 120
6
309 291 288 149 146 229
1 3600 120
4
287 292 73 70
1 3600 264
8
287 292 259 65 68 265 217 220
1 3600 609
11
100 231 191 192 201 169 93 88 130 391 388
1 3600 609
13
287 290 301 296 259 262 195 192 201 169 125 126 142
1 3600 338
5
287 288 149 99 96
1 3600 381
5
288 149 99 100 330
1 3600 609
7
151 146 229 191 192 201 196
1 3600 609
11
301 298 281 269 265 217 199 169 125 126 144
1 3600 609
8
258 297 294 320 357 347 344 354
1 3600 609
7
263 258 297 294 313 139 133
1 3600 609
9
71 74 280 113 110 277 11 5 6
1 3600 609
11
68 268 282 271 121 116 400 249 215 210 326
1 3600 609
13
195 188 265 266 284 183 186 252 249 215 212 61 62
1 3600 160
4
297 294 320 357
1 3600 97
9
335 103 98 148 289 290 301 294 320
1 3600 135
14
335 103 100 231 191 192 224 264 268 280 113 114 116 400
1 3600 469
8
71 74 282 271 85 86 184 233
1 3600 609
12
259 65 68 265 217 218 275 179 176 157 160 381
1 3600 64
4
335 103 98 148
1 3600 64
5
72 293 288 149 150
1 3600 121
4
191 194 263 260
1 3600 60
3
74 282 284
1 3600 60
4
191 188 265 217
1 3600 304
5
262 195 192 201 169
1 3600 609
11
71 67 68 265 225 201 169 93 88 128 142
1 3600 164
6
297 294 320 357 343 336
1 3600 609
4
191 192 201 196
1 3600 609
10
261 262 195 192 201 169 93 94 126 144
1 3600 609
13
268 280 113 110 277 19 16 222 314 325 33 25 22
1 3600 609
9
218 183 186 123 119 115 110 277 278
1 3600 553
8
265 266 271 121 116 373 277 19
1 3600 609
9
220 274 183 186 251 215 51 54 78
1 3600 609
14
192 224 266 271 85 82 122 252 249 215 210 326 61 62
1 3600 553
13
198 216 264 268 280 113 110 323 320 357 347 348 398
1 3600 217
8
274 183 186 252 401 373 323 320
1 3600 65
5
224 266 271 85 82
1 3600 145
7
188 265 217 220 179 171 159
1 3600 609
7
169 166 241 238 395 387 205
1 3600 276
6
264 69 66 72 293 286
1 3600 58
3
264 69 66
1 3600 58
4
216 264 69 66
1 3600 135
4
268 282 284 275
1 3600 75
8
282 284 275 179 171 172 238 391
1 3600 75
9
265 217 218 275 179 171 174 394 391
1 3600 609
7
179 171 174 387 384 257 254
1 3600 609
4
269 189 190 228
1 3600 358
8
274 219 216 225 193 190 230 332
1 3600 609
4
265 217 199 196
1 3600 609
7
192 201 169 93 88 128 144
1 3600 609
16
181 176 185 186 123 119 115 110 323 313 314 325 29 26 107 108
1 3600 609
19
129 130 391 385 383 377 329 211 51 52 154 47 43 41 7 2 20 222 139
1 3600 609
10
142 203 206 375 213 51 54 78 162 45
1 3600 508
9
130 395 387 383 377 329 211 51 54
1 3600 609
8
241 173 159 160 381 375 61 62
1 3600 609
16
239 240 181 178 274 285 283 75 72 297 294 320 357 347 348 398
1 3600 609
8
173 170 176 185 87 84 272 299
1 3600 152
12
127 95 90 240 181 178 274 183 87 82 119 115
1 3600 74
6
89 90 173 159 156 233
1 3600 358
4
391 257 209 206
1 3600 609
11
389 390 131 89 92 168 200 193 190 230 101
1 3600 276
7
240 181 178 274 285 283 75
1 3600 102
6
173 170 178 274 285 283
1 3600 102
3
168 198 216
1 3600 102
6
390 239 240 181 178 274
1 3600 179
5
389 390 239 91 94
1 3600 86
3
125 126 142
1 3600 609
7
240 167 168 200 193 190 228
1 3600 609
17
127 124 166 181 176 185 186 251 248 401 373 323 320 357 347 339 336
1 3600 609
5
131 89 92 168 196
1 3600 609
20
255 256 385 383 377 329 211 51 52 152 247 37 13 8 16 222 314 325 33 25
1 3600 609
16
203 206 375 213 51 52 154 47 43 41 7 2 20 222 139 140
1 3600 609
12
255 256 385 383 377 329 211 51 54 78 164 49
1 3600 609
7
255 209 206 375 61 62 242
1 3600 609
5
203 206 375 61 62
1 3600 609
20
255 256 385 383 377 329 211 51 52 152 247 37 13 8 16 222 139 133 136 367
1 3600 609
15
143 127 95 90 173 159 156 185 87 84 121 116 373 323 320
1 3600 609
10
203 204 386 175 170 176 185 186 123 119
1 3600 225
5
256 390 395 175 170
1 3600 243
3
255 209 206
1 3600 609
12
143 127 124 168 200 193 194 263 258 293 288 302
1 3600 609
16
143 129 89 92 168 198 216 264 69 64 258 297 294 320 357 343
1 3600 406
9
256 390 239 173 170 178 274 285 283
1 3600 58
5
143 127 124 166 241
1 3600 609
9
143 129 89 92 168 200 193 190 228
1 3600 609
16
209 204 383 161 156 185 186 252 401 373 323 320 357 347 339 336
1 3600 609
6
143 127 95 92 168 196
1 3600 609
5
256 390 131 128 144
1 3600 609
11
147 148 289 290 301 294 313 314 325 29 26
1 3600 609
9
147 148 289 290 301 294 313 314 370
1 3600 609
12
229 191 188 268 280 113 110 277 11 12 34 43
1 3600 609
16
229 191 192 224 266 271 121 115 110 277 11 5 6 40 42 48
1 3600 609
15
147 148 289 290 301 298 273 121 116 400 249 215 212 61 62
1 3600 609
10
97 98 148 289 292 297 294 320 357 347
1 3600 609
5
147 148 289 290 301
1 3600 609
6
229 191 188 268 280 113
1 3600 609
10
229 191 192 224 266 271 85 86 184 157
1 3600 609
11
229 191 192 201 169 93 88 130 395 387 205
1 3600 142
6
97 98 148 289 290 306
1 3600 276
6
147 148 289 292 259 65
1 3600 609
3
229 191 192
1 3600 609
7
229 191 192 201 169 93 88
1 3600 609
10
97 100 231 191 192 201 169 125 126 142
1 3600 179
10
147 148 289 290 301 294 320 357 343 336
1 3600 609
5
229 191 192 201 196
1 3600 609
17
97 98 148 289 292 73 74 282 284 275 179 180 241 91 94 126 144
1 3600 609
16
227 230 101 98 148 289 290 301 294 313 314 325 33 30 316 351
1 3600 609
7
337 338 344 350 317 318 137
1 3600 609
12
333 231 191 188 268 280 113 110 277 19 14 3
1 3600 609
11
227 191 192 224 266 271 121 116 400 249 215
1 3600 609
14
227 191 188 265 217 218 183 184 233 234 329 326 61 62
1 3600 609
4
337 342 347 348
1 3600 609
8
333 101 98 148 289 292 297 294
1 3600 609
8
227 191 188 268 280 273 85 82
1 3600 609
9
333 231 191 192 224 217 220 179 171
1 3600 609
16
333 101 98 148 289 292 73 74 282 284 275 179 171 174 387 205
1 3600 225
7
341 342 356 321 295 300 291
1 3600 93
13
337 338 346 356 321 295 300 291 288 149 99 100 231
1 3600 209
6
227 191 192 224 217 220
1 3600 609
15
341 342 356 321 322 111 114 118 83 86 184 177 180 167 93
1 3600 609
11
331 231 191 192 201 169 166 241 238 391 257
1 3600 553
13
333 101 98 148 289 290 301 294 320 357 347 339 340
1 3600 609
6
333 231 191 192 201 196
1 3600 609
19
337 338 346 356 321 322 111 114 118 122 187 184 157 158 172 91 88 128 144
1 3600 609
16
197 198 218 183 87 82 119 115 110 323 313 314 325 29 22 351
1 3600 609
16
197 198 218 183 186 251 248 401 373 277 19 14 20 222 139 133
1 3600 609
12
197 198 220 274 183 186 123 119 116 373 277 11
1 3600 609
11
197 198 218 183 186 251 215 51 54 78 164
1 3600 609
12
197 198 220 274 183 186 252 249 215 212 61 62
1 3600 609
14
197 200 193 194 263 258 297 294 313 139 133 136 367 362
1 3600 609
8
197 200 193 194 263 258 297 294
1 3600 609
5
197 198 216 266 271
1 3600 609
6
197 169 93 90 238 395
1 3600 609
8
197 198 218 183 184 157 160 381
1 3600 609
7
197 200 193 194 263 258 293
1 3600 406
7
197 198 216 264 69 64 260
1 3600 203
6
197 198 220 274 285 283
1 3600 553
4
197 169 125 126
1 3600 609
6
197 169 93 88 128 142
1 3600 609
5
197 200 193 190 228
1 3600 276
6
197 200 193 190 230 330
1 3600 609
5
197 169 125 126 144
1 3600 609
23
145 129 130 391 385 383 377 329 211 51 52 154 47 35 38 7 2 20 222 314 325 33 25
1 3600 609
15
145 142 203 206 375 213 51 54 78 164 49 35 13 8 16
1 3600 609
17
145 129 130 395 387 383 377 329 211 51 52 152 247 37 38 7 2
1 3600 609
7
145 142 255 209 206 375 61
1 3600 609
7
145 142 203 206 375 61 62
1 3600 609
20
145 129 89 90 240 181 176 185 87 84 121 115 110 323 313 139 133 136 367 364
1 3600 609
14
145 127 124 166 241 173 159 156 185 87 84 272 299 294
1 3600 609
10
145 129 130 239 240 181 176 233 236 378
1 3600 609
4
145 129 130 395
1 3600 609
7
145 129 130 391 385 383 381
1 3600 609
15
145 127 95 90 173 170 178 274 285 283 75 72 293 290 308
1 3600 609
11
145 127 124 168 200 193 190 230 101 102 334
1 3600 508
7
145 129 89 92 168 200 193
1 3600 304
3
145 127 124
1 3600 609
3
145 142 255
1 3600 609
9
145 129 89 92 168 200 193 190 228
1 3600 609
10
145 127 95 92 168 200 193 190 230 332
1 3600 609
6
145 129 89 92 168 196
