140
37.43745 116.37264 1 1
37.406376 116.3829 2 0
37.40688 116.37689 3 0
37.40696 116.376785 4 0
37.434147 116.348755 5 1
37.43418 116.34901 6 1
37.43443 116.35519 7 1
37.452 116.309685 8 0
37.449272 116.3098 9 0
37.408295 116.30699 10 0
37.419064 116.33079 11 1
37.419033 116.338295 12 0
37.419018 116.33745 13 0
37.4184 116.33751 14 0
37.454517 116.332504 15 0
37.454613 116.332245 16 0
37.463417 116.316055 17 0
37.45961 116.30713 18 0
37.466465 116.33611 19 0
37.466877 116.33677 20 0
37.467533 116.344055 21 0
37.408142 116.30771 22 1
37.40783 116.30691 23 0
37.46723 116.3439 24 0
37.421722 116.322716 25 1
37.421978 116.32288 26 1
37.43095 116.307175 27 0
37.46699 116.358894 28 0
37.41839 116.365036 29 1
37.422806 116.381325 30 1
37.42759 116.365395 31 0
37.428066 116.365295 32 0
37.43952 116.35534 33 1
37.45786 116.38446 34 0
37.44466 116.33244 35 0
37.460964 116.37894 36 1
37.466908 116.379196 37 0
37.448677 116.34121 38 0
37.46406 116.373436 39 1
37.463745 116.379074 40 1
37.434753 116.31007 41 0
37.442574 116.31003 42 0
37.42763 116.30776 43 0
37.449364 116.3098 44 0
37.40917 116.37158 45 1
37.408043 116.37129 46 0
37.41817 116.37196 47 1
37.41795 116.3788 48 0
37.41818 116.37174 49 1
37.46198 116.32258 50 1
37.46701 116.32938 51 0
37.40718 116.38289 52 0
37.408752 116.371315 53 1
37.40917 116.37133 54 1
37.419476 116.32939 55 1
37.41908 116.331406 56 1
37.45699 116.30911 57 0
37.442432 116.31005 58 0
37.46109 116.37331 59 1
37.461967 116.31624 60 1
37.461088 116.373116 61 1
37.4462415 116.372887 62 1
37.4463533 116.3726637 63 1
37.4391405 116.3580003 64 1
37.461738 116.3495275 65 1
37.4614575 116.3587455 66 1
37.4455313 116.388235 67 1
37.4256447 116.3721465 68 1
37.4523308 116.3584068 69 1
37.409479 116.3370698 70 1
37.4617265 116.34994 71 1
37.4658545 116.3292815 72 1
37.4327737 116.3723405 73 1
37.4666615 116.323357 74 1
37.4519435 116.37306 75 1
37.41568 116.389764 76 1
37.4184573 116.3573385 77 1
37.430172 116.35779 78 1
37.4341335 116.3578225 79 1
37.451069 116.388445 80 1
37.4519583 116.3728515 81 1
37.4527879 116.3398494 82 1
37.4525783 116.3495363 83 1
37.4525994 116.3492772 84 1
37.440567 116.3492025 85 1
37.4470447 116.3583033 86 1
37.4185915 116.3484124 87 1
37.447427 116.349173 88 1
37.447472 116.34941 89 1
37.4520734 116.3165912 90 1
37.4431991 116.33903 91 1
37.4563415 116.3163935 92 1
37.4470497 116.358112 93 1
37.440601 116.348978 94 1
37.4490424 116.3158638 95 1
37.4374025 116.37241 96 1
37.4187618 116.3379 97 1
37.4487551 116.3395199 98 1
37.424053 116.318383 99 1
37.4363532 116.3384633 100 1
37.4193495 116.32938 101 1
37.4618129 116.3289086 102 1
37.4563827 116.321443 103 0
37.4552678 116.332412 104 1
37.4410265 116.32372 105 1
37.4230432 116.31772 106 1
37.411625 116.312207 107 1
37.4233284 116.3184991 108 1
37.4409695 116.323912 109 1
37.43102 116.31006 110 1
37.4272693 116.3100498 111 1
37.4617992 116.343034 112 0
37.433133 116.3486535 113 1
37.4242063 116.3188497 114 0
37.420212 116.3855625 115 1
37.4324715 116.38346 116 1
37.4329285 116.365515 117 0
37.4370195 116.387535 118 1
37.437141 116.38366 119 1
37.4457055 116.384056 120 1
37.4513055 116.384232 121 1
37.4384267 116.3322133 122 1
37.4459275 116.379415 123 1
37.4517955 116.378655 124 1
37.4424935 116.3155813 125 1
37.463116 116.3888025 126 1
37.433021 116.348973 127 1
37.4302025 116.35759 128 1
37.4089925 116.34838 129 1
37.4097275 116.3483938 130 1
37.409746 116.347885 131 1
37.409001 116.34789 132 1
37.409481 116.356855 133 1
37.4088595 116.356832 134 1
37.408853 116.35716 135 1
37.409475 116.35717 136 1
37.4214947 116.371905 137 1
37.4194315 116.3863487 138 1
37.4526893 116.344451 139 1
37.4479965 116.3442487 140 1
200
129 132 54.49404744861255 16.67 3 3 2 3
1 0 0 0 1 0 0 0 1
1 0 0 0 1 0 0 0 1
129 130 64.94048043320272 16.67 3 3 4 5
1 0 0 0 1 0 0 0 1
1 0 0 0 1 0 0 0 1
129 134 939.950910851402 16.67 3 3 6 7
1 0 0 0 1 0 0 0 1
1 0 0 0 1 0 0 0 1
130 131 56.60306085353588 16.67 3 3 8 9
1 0 0 0 1 0 0 0 1
1 0 0 0 1 0 0 0 1
130 87 782.9497137278728 16.67 3 3 10 11
1 0 0 0 1 0 0 0 1
1 0 0 0 1 0 0 0 1
130 133 941.1524377608099 16.67 3 3 12 13
1 0 0 0 1 0 0 0 1
1 0 0 0 1 0 0 0 1
131 132 65.80733055957992 16.67 3 3 14 15
1 0 0 0 1 0 0 0 1
1 0 0 0 1 0 0 0 1
131 70 1202.9007651792942 16.67 3 3 16 17
1 0 0 0 1 0 0 0 1
1 0 0 0 1 0 0 0 1
131 87 783.5107592446269 16.67 3 3 18 19
1 0 0 0 1 0 0 0 1
1 0 0 0 1 0 0 0 1
132 70 1203.966120041594 16.67 3 3 20 21
1 0 0 0 1 0 0 0 1
1 0 0 0 1 0 0 0 1
25 108 489.9174386584126 16.67 3 3 22 23
1 0 0 0 1 0 0 0 1
1 0 0 0 1 0 0 0 1
25 26 29.047182708041994 16.67 3 3 24 25
1 0 0 0 1 0 0 0 1
1 0 0 0 1 0 0 0 1
25 107 1469.9744614803305 16.67 3 3 26 27
1 0 0 0 1 0 0 0 1
1 0 0 0 1 0 0 0 1
25 101 770.1003799303357 16.67 3 3 28 29
1 0 0 0 1 0 0 0 1
1 0 0 0 1 0 0 0 1
26 99 532.5935397095953 16.67 3 3 30 31
1 0 0 0 1 0 0 0 1
1 0 0 0 1 0 0 0 1
26 101 759.1725838415275 16.67 3 3 32 33
1 0 0 0 1 0 0 0 1
1 0 0 0 1 0 0 0 1
133 136 35.032571499010125 16.67 3 3 34 35
1 0 0 0 1 0 0 0 1
1 0 0 0 1 0 0 0 1
133 77 794.6898235710806 16.67 3 3 36 37
1 0 0 0 1 0 0 0 1
1 0 0 0 1 0 0 0 1
133 134 54.956112973691916 16.67 3 3 38 39
1 0 0 0 1 0 0 0 1
1 0 0 0 1 0 0 0 1
134 135 36.47870429233325 16.67 3 3 40 41
1 0 0 0 1 0 0 0 1
1 0 0 0 1 0 0 0 1
135 136 54.95244247199659 16.67 3 3 42 43
1 0 0 0 1 0 0 0 1
1 0 0 0 1 0 0 0 1
135 53 1574.0865593451313 16.67 3 3 44 45
1 0 0 0 1 0 0 0 1
1 0 0 0 1 0 0 0 1
136 77 793.6201881136432 16.67 3 3 46 47
1 0 0 0 1 0 0 0 1
1 0 0 0 1 0 0 0 1
136 54 1574.8477337509953 16.67 3 3 48 49
1 0 0 0 1 0 0 0 1
1 0 0 0 1 0 0 0 1
137 68 367.48973678237337 16.67 3 3 50 51
1 0 0 0 1 0 0 0 1
1 0 0 0 1 0 0 0 1
137 49 293.31212008710844 16.67 3 3 52 53
1 0 0 0 1 0 0 0 1
1 0 0 0 1 0 0 0 1
137 47 293.68450572375184 16.67 3 3 54 55
1 0 0 0 1 0 0 0 1
1 0 0 0 1 0 0 0 1
138 3 1528.1171982929598 16.67 3 3 56 57
1 0 0 0 1 0 0 0 1
1 0 0 0 1 0 0 0 1
138 4 1531.0868095667095 16.67 3 3 58 59
1 0 0 0 1 0 0 0 1
1 0 0 0 1 0 0 0 1
138 115 111.33300483376539 16.67 3 3 60 61
1 0 0 0 1 0 0 0 1
1 0 0 0 1 0 0 0 1
138 76 503.99731707795587 16.67 3 3 62 63
1 0 0 0 1 0 0 0 1
1 0 0 0 1 0 0 0 1
139 82 511.78016249866283 16.67 3 3 64 65
1 0 0 0 1 0 0 0 1
1 0 0 0 1 0 0 0 1
139 140 414.8821761079371 16.67 3 3 66 67
1 0 0 0 1 0 0 0 1
1 0 0 0 1 0 0 0 1
139 84 536.7407338660785 16.67 3 3 68 69
1 0 0 0 1 0 0 0 1
1 0 0 0 1 0 0 0 1
140 38 343.2078904908521 16.67 3 3 70 71
1 0 0 0 1 0 0 0 1
1 0 0 0 1 0 0 0 1
140 98 530.0986052649396 16.67 3 3 72 73
1 0 0 0 1 0 0 0 1
1 0 0 0 1 0 0 0 1
140 88 549.8942509411538 16.67 3 3 74 75
1 0 0 0 1 0 0 0 1
1 0 0 0 1 0 0 0 1
47 48 760.8683474817176 16.67 3 3 76 77
1 0 0 0 1 0 0 0 1
1 0 0 0 1 0 0 0 1
47 45 795.9925349216861 16.67 3 3 78 79
1 0 0 0 1 0 0 0 1
1 0 0 0 1 0 0 0 1
47 49 24.480329684995286 16.67 3 3 80 81
1 0 0 0 1 0 0 0 1
1 0 0 0 1 0 0 0 1
33 7 449.72445916234386 16.67 3 3 82 83
1 0 0 0 1 0 0 0 1
1 0 0 0 1 0 0 0 1
33 85 688.7331597940737 16.67 3 3 84 85
1 0 0 0 1 0 0 0 1
1 0 0 0 1 0 0 0 1
33 64 297.7216899333782 16.67 3 3 86 87
1 0 0 0 1 0 0 0 1
1 0 0 0 1 0 0 0 1
59 36 626.1648332590023 16.67 3 3 88 89
1 0 0 0 1 0 0 0 1
1 0 0 0 1 0 0 0 1
59 75 807.8241464836856 16.67 3 3 90 91
1 0 0 0 1 0 0 0 1
1 0 0 0 1 0 0 0 1
59 61 21.573868745068896 16.67 3 3 92 93
1 0 0 0 1 0 0 0 1
1 0 0 0 1 0 0 0 1
59 39 262.5308985940283 16.67 3 3 94 95
1 0 0 0 1 0 0 0 1
1 0 0 0 1 0 0 0 1
50 74 422.15970241699785 16.67 3 3 96 97
1 0 0 0 1 0 0 0 1
1 0 0 0 1 0 0 0 1
50 60 705.0202557008793 16.67 3 3 98 99
1 0 0 0 1 0 0 0 1
1 0 0 0 1 0 0 0 1
50 102 703.9061664166702 16.67 3 3 100 101
1 0 0 0 1 0 0 0 1
1 0 0 0 1 0 0 0 1
50 103 509.9799313189143 16.67 3 3 102 103
1 0 0 0 1 0 0 0 1
1 0 0 0 1 0 0 0 1
22 10 81.19787205269931 16.67 3 3 104 105
1 0 0 0 1 0 0 0 1
1 0 0 0 1 0 0 0 1
22 107 587.1342263343248 16.67 3 3 106 107
1 0 0 0 1 0 0 0 1
1 0 0 0 1 0 0 0 1
22 23 93.1324032704088 16.67 3 3 108 109
1 0 0 0 1 0 0 0 1
1 0 0 0 1 0 0 0 1
5 113 90.24487336079825 16.67 3 3 110 111
1 0 0 0 1 0 0 0 1
1 0 0 0 1 0 0 0 1
5 94 570.4278314125975 16.67 3 3 112 113
1 0 0 0 1 0 0 0 1
1 0 0 0 1 0 0 0 1
5 6 28.505778106803493 16.67 3 3 114 115
1 0 0 0 1 0 0 0 1
1 0 0 0 1 0 0 0 1
6 127 102.42239502110408 16.67 3 3 116 117
1 0 0 0 1 0 0 0 1
1 0 0 0 1 0 0 0 1
6 7 687.5814897559679 16.67 3 3 118 119
1 0 0 0 1 0 0 0 1
1 0 0 0 1 0 0 0 1
6 85 564.3783144644699 16.67 3 3 120 121
1 0 0 0 1 0 0 0 1
1 0 0 0 1 0 0 0 1
7 79 293.90710256677005 16.67 3 3 122 123
1 0 0 0 1 0 0 0 1
1 0 0 0 1 0 0 0 1
39 61 264.72540317527813 16.67 3 3 124 125
1 0 0 0 1 0 0 0 1
1 0 0 0 1 0 0 0 1
39 40 627.5718595509614 16.67 3 3 126 127
1 0 0 0 1 0 0 0 1
1 0 0 0 1 0 0 0 1
36 40 245.92629864607747 16.67 3 3 128 129
1 0 0 0 1 0 0 0 1
1 0 0 0 1 0 0 0 1
36 124 809.9092245288198 16.67 3 3 130 131
1 0 0 0 1 0 0 0 1
1 0 0 0 1 0 0 0 1
55 56 226.89443760160896 16.67 3 3 132 133
1 0 0 0 1 0 0 0 1
1 0 0 0 1 0 0 0 1
55 114 1244.3265710725304 16.67 3 3 134 135
1 0 0 0 1 0 0 0 1
1 0 0 0 1 0 0 0 1
55 111 2258.117228851662 16.67 3 3 136 137
1 0 0 0 1 0 0 0 1
1 0 0 0 1 0 0 0 1
56 97 722.6910083706354 16.67 3 3 138 139
1 0 0 0 1 0 0 0 1
1 0 0 0 1 0 0 0 1
56 13 672.1258985366803 16.67 3 3 140 141
1 0 0 0 1 0 0 0 1
1 0 0 0 1 0 0 0 1
40 126 1083.2502330168406 16.67 3 3 142 143
1 0 0 0 1 0 0 0 1
1 0 0 0 1 0 0 0 1
40 37 279.51202796381347 16.67 3 3 144 145
1 0 0 0 1 0 0 0 1
1 0 0 0 1 0 0 0 1
60 74 893.3383677883878 16.67 3 3 146 147
1 0 0 0 1 0 0 0 1
1 0 0 0 1 0 0 0 1
60 92 496.8405806413199 16.67 3 3 148 149
1 0 0 0 1 0 0 0 1
1 0 0 0 1 0 0 0 1
60 18 1034.1904417519515 16.67 3 3 150 151
1 0 0 0 1 0 0 0 1
1 0 0 0 1 0 0 0 1
49 29 745.7274481514955 16.67 3 3 152 153
1 0 0 0 1 0 0 0 1
1 0 0 0 1 0 0 0 1
49 77 1601.65977244596 16.67 3 3 154 155
1 0 0 0 1 0 0 0 1
1 0 0 0 1 0 0 0 1
1 96 25.918005102518872 16.67 3 3 156 157
1 0 0 0 1 0 0 0 1
1 0 0 0 1 0 0 0 1
1 62 776.7414686956926 16.67 3 3 158 159
1 0 0 0 1 0 0 0 1
1 0 0 0 1 0 0 0 1
1 119 1225.7473644445536 16.67 3 3 160 161
1 0 0 0 1 0 0 0 1
1 0 0 0 1 0 0 0 1
45 53 47.23987249841894 16.67 3 3 162 163
1 0 0 0 1 0 0 0 1
1 0 0 0 1 0 0 0 1
45 54 27.800446446472375 16.67 3 3 164 165
1 0 0 0 1 0 0 0 1
1 0 0 0 1 0 0 0 1
61 81 806.399343369856 16.67 3 3 166 167
1 0 0 0 1 0 0 0 1
1 0 0 0 1 0 0 0 1
61 66 1598.3580595082337 16.67 3 3 168 169
1 0 0 0 1 0 0 0 1
1 0 0 0 1 0 0 0 1
62 63 26.72115647319611 16.67 3 3 170 171
1 0 0 0 1 0 0 0 1
1 0 0 0 1 0 0 0 1
62 75 503.7730076501593 16.67 3 3 172 173
1 0 0 0 1 0 0 0 1
1 0 0 0 1 0 0 0 1
62 123 726.454385588381 16.67 3 3 174 175
1 0 0 0 1 0 0 0 1
1 0 0 0 1 0 0 0 1
63 96 790.7306629176474 16.67 3 3 176 177
1 0 0 0 1 0 0 0 1
1 0 0 0 1 0 0 0 1
63 86 1598.068322327604 16.67 3 3 178 179
1 0 0 0 1 0 0 0 1
1 0 0 0 1 0 0 0 1
63 81 495.2815671805127 16.67 3 3 180 181
1 0 0 0 1 0 0 0 1
1 0 0 0 1 0 0 0 1
64 93 698.4466635421488 16.67 3 3 182 183
1 0 0 0 1 0 0 0 1
1 0 0 0 1 0 0 0 1
64 96 1609.7155630390955 16.67 3 3 184 185
1 0 0 0 1 0 0 0 1
1 0 0 0 1 0 0 0 1
64 79 442.53078739391947 16.67 3 3 186 187
1 0 0 0 1 0 0 0 1
1 0 0 0 1 0 0 0 1
65 84 807.1214040181584 16.67 3 3 188 189
1 0 0 0 1 0 0 0 1
1 0 0 0 1 0 0 0 1
65 72 2280.5237427793354 16.67 3 3 190 191
1 0 0 0 1 0 0 0 1
1 0 0 0 1 0 0 0 1
65 71 45.88196660431039 16.67 3 3 192 193
1 0 0 0 1 0 0 0 1
1 0 0 0 1 0 0 0 1
65 112 722.1090018968487 16.67 3 3 194 195
1 0 0 0 1 0 0 0 1
1 0 0 0 1 0 0 0 1
66 28 488.6208747614273 16.67 3 3 196 197
1 0 0 0 1 0 0 0 1
1 0 0 0 1 0 0 0 1
66 69 806.4739473114219 16.67 3 3 198 199
1 0 0 0 1 0 0 0 1
1 0 0 0 1 0 0 0 1
66 71 979.4751638806548 16.67 3 3 200 201
1 0 0 0 1 0 0 0 1
1 0 0 0 1 0 0 0 1
67 126 1553.775870621885 16.67 3 3 202 203
1 0 0 0 1 0 0 0 1
1 0 0 0 1 0 0 0 1
67 120 464.9666839061335 16.67 3 3 204 205
1 0 0 0 1 0 0 0 1
1 0 0 0 1 0 0 0 1
67 118 755.4988864456521 16.67 3 3 206 207
1 0 0 0 1 0 0 0 1
1 0 0 0 1 0 0 0 1
67 80 489.4622262267404 16.67 3 3 208 209
1 0 0 0 1 0 0 0 1
1 0 0 0 1 0 0 0 1
68 30 1051.0003035921354 16.67 3 3 210 211
1 0 0 0 1 0 0 0 1
1 0 0 0 1 0 0 0 1
68 115 1567.1270292769668 16.67 3 3 212 213
1 0 0 0 1 0 0 0 1
1 0 0 0 1 0 0 0 1
68 78 1645.7692757367586 16.67 3 3 214 215
1 0 0 0 1 0 0 0 1
1 0 0 0 1 0 0 0 1
69 83 986.6573866756969 16.67 3 3 216 217
1 0 0 0 1 0 0 0 1
1 0 0 0 1 0 0 0 1
69 93 467.35926235101766 16.67 3 3 218 219
1 0 0 0 1 0 0 0 1
1 0 0 0 1 0 0 0 1
69 86 466.7914143984088 16.67 3 3 220 221
1 0 0 0 1 0 0 0 1
1 0 0 0 1 0 0 0 1
70 97 825.1227363851654 16.67 3 3 222 223
1 0 0 0 1 0 0 0 1
1 0 0 0 1 0 0 0 1
71 83 808.7357471745448 16.67 3 3 224 225
1 0 0 0 1 0 0 0 1
1 0 0 0 1 0 0 0 1
72 51 102.57398114246307 16.67 3 3 226 227
1 0 0 0 1 0 0 0 1
1 0 0 0 1 0 0 0 1
72 74 662.6542070924785 16.67 3 3 228 229
1 0 0 0 1 0 0 0 1
1 0 0 0 1 0 0 0 1
72 102 359.124353012718 16.67 3 3 230 231
1 0 0 0 1 0 0 0 1
1 0 0 0 1 0 0 0 1
73 96 408.8038581367734 16.67 3 3 232 233
1 0 0 0 1 0 0 0 1
1 0 0 0 1 0 0 0 1
73 116 1236.796162094944 16.67 3 3 234 235
1 0 0 0 1 0 0 0 1
1 0 0 0 1 0 0 0 1
73 117 759.1308634812442 16.67 3 3 236 237
1 0 0 0 1 0 0 0 1
1 0 0 0 1 0 0 0 1
75 124 622.3111583083509 16.67 3 3 238 239
1 0 0 0 1 0 0 0 1
1 0 0 0 1 0 0 0 1
75 81 23.222355292112454 16.67 3 3 240 241
1 0 0 0 1 0 0 0 1
1 0 0 0 1 0 0 0 1
76 52 1071.4070052193504 16.67 3 3 242 243
1 0 0 0 1 0 0 0 1
1 0 0 0 1 0 0 0 1
76 2 1121.551286819929 16.67 3 3 244 245
1 0 0 0 1 0 0 0 1
1 0 0 0 1 0 0 0 1
77 29 855.9963826731905 16.67 3 3 246 247
1 0 0 0 1 0 0 0 1
1 0 0 0 1 0 0 0 1
78 128 22.402841849091036 16.67 3 3 248 249
1 0 0 0 1 0 0 0 1
1 0 0 0 1 0 0 0 1
78 79 349.83791533201935 16.67 3 3 250 251
1 0 0 0 1 0 0 0 1
1 0 0 0 1 0 0 0 1
79 128 348.06913670500296 16.67 3 3 252 253
1 0 0 0 1 0 0 0 1
1 0 0 0 1 0 0 0 1
80 126 1064.2529907096805 16.67 3 3 254 255
1 0 0 0 1 0 0 0 1
1 0 0 0 1 0 0 0 1
80 121 468.95810872143284 16.67 3 3 256 257
1 0 0 0 1 0 0 0 1
1 0 0 0 1 0 0 0 1
82 98 357.8883715831634 16.67 3 3 258 259
1 0 0 0 1 0 0 0 1
1 0 0 0 1 0 0 0 1
82 15 830.9614779105603 16.67 3 3 260 261
1 0 0 0 1 0 0 0 1
1 0 0 0 1 0 0 0 1
82 112 870.7644366357777 16.67 3 3 262 263
1 0 0 0 1 0 0 0 1
1 0 0 0 1 0 0 0 1
83 84 28.872529239783894 16.67 3 3 264 265
1 0 0 0 1 0 0 0 1
1 0 0 0 1 0 0 0 1
83 89 450.99426244604064 16.67 3 3 266 267
1 0 0 0 1 0 0 0 1
1 0 0 0 1 0 0 0 1
84 88 456.75758510355905 16.67 3 3 268 269
1 0 0 0 1 0 0 0 1
1 0 0 0 1 0 0 0 1
85 89 610.0960855003386 16.67 3 3 270 271
1 0 0 0 1 0 0 0 1
1 0 0 0 1 0 0 0 1
85 94 25.144640669756146 16.67 3 3 272 273
1 0 0 0 1 0 0 0 1
1 0 0 0 1 0 0 0 1
86 93 21.2774810231968 16.67 3 3 274 275
1 0 0 0 1 0 0 0 1
1 0 0 0 1 0 0 0 1
87 113 1284.561890106263 16.67 3 3 276 277
1 0 0 0 1 0 0 0 1
1 0 0 0 1 0 0 0 1
87 12 1125.7484435726408 16.67 3 3 278 279
1 0 0 0 1 0 0 0 1
1 0 0 0 1 0 0 0 1
88 94 603.0192283598991 16.67 3 3 280 281
1 0 0 0 1 0 0 0 1
1 0 0 0 1 0 0 0 1
88 89 26.65257636232854 16.67 3 3 282 283
1 0 0 0 1 0 0 0 1
1 0 0 0 1 0 0 0 1
89 93 968.3958789124978 16.67 3 3 284 285
1 0 0 0 1 0 0 0 1
1 0 0 0 1 0 0 0 1
90 8 768.009107903448 16.67 3 3 286 287
1 0 0 0 1 0 0 0 1
1 0 0 0 1 0 0 0 1
90 92 377.4240205748452 16.67 3 3 288 289
1 0 0 0 1 0 0 0 1
1 0 0 0 1 0 0 0 1
90 95 279.5324626978408 16.67 3 3 290 291
1 0 0 0 1 0 0 0 1
1 0 0 0 1 0 0 0 1
90 98 2566.4848883753316 16.67 3 3 292 293
1 0 0 0 1 0 0 0 1
1 0 0 0 1 0 0 0 1
91 100 607.6965494265644 16.67 3 3 294 295
1 0 0 0 1 0 0 0 1
1 0 0 0 1 0 0 0 1
91 98 493.5515856086207 16.67 3 3 296 297
1 0 0 0 1 0 0 0 1
1 0 0 0 1 0 0 0 1
91 94 1129.7672281014277 16.67 3 3 298 299
1 0 0 0 1 0 0 0 1
1 0 0 0 1 0 0 0 1
91 95 2627.2729000361487 16.67 3 3 300 301
1 0 0 0 1 0 0 0 1
1 0 0 0 1 0 0 0 1
92 57 811.9587167675616 16.67 3 3 302 303
1 0 0 0 1 0 0 0 1
1 0 0 0 1 0 0 0 1
92 17 625.714990004702 16.67 3 3 304 305
1 0 0 0 1 0 0 0 1
1 0 0 0 1 0 0 0 1
95 44 674.9028394680282 16.67 3 3 306 307
1 0 0 0 1 0 0 0 1
1 0 0 0 1 0 0 0 1
95 9 674.6099733882272 16.67 3 3 308 309
1 0 0 0 1 0 0 0 1
1 0 0 0 1 0 0 0 1
29 31 813.5116238702449 16.67 3 3 310 311
1 0 0 0 1 0 0 0 1
1 0 0 0 1 0 0 0 1
97 100 1554.903087802875 16.67 3 3 312 313
1 0 0 0 1 0 0 0 1
1 0 0 0 1 0 0 0 1
97 11 791.0950512842054 16.67 3 3 314 315
1 0 0 0 1 0 0 0 1
1 0 0 0 1 0 0 0 1
99 108 65.28024474627614 16.67 3 3 316 317
1 0 0 0 1 0 0 0 1
1 0 0 0 1 0 0 0 1
99 111 969.2206479957748 16.67 3 3 318 319
1 0 0 0 1 0 0 0 1
1 0 0 0 1 0 0 0 1
100 122 718.72146666158 16.67 3 3 320 321
1 0 0 0 1 0 0 0 1
1 0 0 0 1 0 0 0 1
100 113 1168.2967775333084 16.67 3 3 322 323
1 0 0 0 1 0 0 0 1
1 0 0 0 1 0 0 0 1
101 11 158.8090028636606 16.67 3 3 324 325
1 0 0 0 1 0 0 0 1
1 0 0 0 1 0 0 0 1
30 115 523.9522440638906 16.67 3 3 326 327
1 0 0 0 1 0 0 0 1
1 0 0 0 1 0 0 0 1
30 116 885.9955498133597 16.67 3 3 328 329
1 0 0 0 1 0 0 0 1
1 0 0 0 1 0 0 0 1
102 19 899.9501833414495 16.67 3 3 330 331
1 0 0 0 1 0 0 0 1
1 0 0 0 1 0 0 0 1
102 20 981.8518998252765 16.67 3 3 332 333
1 0 0 0 1 0 0 0 1
1 0 0 0 1 0 0 0 1
103 16 1211.3173069077013 16.67 3 3 334 335
1 0 0 0 1 0 0 0 1
1 0 0 0 1 0 0 0 1
104 21 1687.7712192954396 16.67 3 3 336 337
1 0 0 0 1 0 0 0 1
1 0 0 0 1 0 0 0 1
104 105 1585.7750347370595 16.67 3 3 338 339
1 0 0 0 1 0 0 0 1
1 0 0 0 1 0 0 0 1
104 24 1657.4173938442773 16.67 3 3 340 341
1 0 0 0 1 0 0 0 1
1 0 0 0 1 0 0 0 1
104 109 1576.8769825248196 16.67 3 3 342 343
1 0 0 0 1 0 0 0 1
1 0 0 0 1 0 0 0 1
105 106 1722.2708335380376 16.67 3 3 344 345
1 0 0 0 1 0 0 0 1
1 0 0 0 1 0 0 0 1
105 109 21.935854026757227 16.67 3 3 346 347
1 0 0 0 1 0 0 0 1
1 0 0 0 1 0 0 0 1
105 125 914.2594118098284 16.67 3 3 348 349
1 0 0 0 1 0 0 0 1
1 0 0 0 1 0 0 0 1
106 108 90.2241886452444 16.67 3 3 350 351
1 0 0 0 1 0 0 0 1
1 0 0 0 1 0 0 0 1
106 109 1726.3868091325749 16.67 3 3 352 353
1 0 0 0 1 0 0 0 1
1 0 0 0 1 0 0 0 1
106 107 1180.1108666354044 16.67 3 3 354 355
1 0 0 0 1 0 0 0 1
1 0 0 0 1 0 0 0 1
109 122 950.0282364737519 16.67 3 3 356 357
1 0 0 0 1 0 0 0 1
1 0 0 0 1 0 0 0 1
53 46 62.68764899509336 16.67 3 3 358 359
1 0 0 0 1 0 0 0 1
1 0 0 0 1 0 0 0 1
53 54 36.95960179471859 16.67 3 3 360 361
1 0 0 0 1 0 0 0 1
1 0 0 0 1 0 0 0 1
110 27 320.8766944141469 16.67 3 3 362 363
1 0 0 0 1 0 0 0 1
1 0 0 0 1 0 0 0 1
110 41 329.63975422083126 16.67 3 3 364 365
1 0 0 0 1 0 0 0 1
1 0 0 0 1 0 0 0 1
110 111 331.20279706711455 16.67 3 3 366 367
1 0 0 0 1 0 0 0 1
1 0 0 0 1 0 0 0 1
111 43 256.6144153209999 16.67 3 3 368 369
1 0 0 0 1 0 0 0 1
1 0 0 0 1 0 0 0 1
11 14 749.5734975644656 16.67 3 3 370 371
1 0 0 0 1 0 0 0 1
1 0 0 0 1 0 0 0 1
113 127 36.879733059965794 16.67 3 3 372 373
1 0 0 0 1 0 0 0 1
1 0 0 0 1 0 0 0 1
115 118 1500.4981882638303 16.67 3 3 374 375
1 0 0 0 1 0 0 0 1
1 0 0 0 1 0 0 0 1
116 119 412.9257124319393 16.67 3 3 376 377
1 0 0 0 1 0 0 0 1
1 0 0 0 1 0 0 0 1
117 32 430.0624112221088 16.67 3 3 378 379
1 0 0 0 1 0 0 0 1
1 0 0 0 1 0 0 0 1
118 119 431.0404442662103 16.67 3 3 380 381
1 0 0 0 1 0 0 0 1
1 0 0 0 1 0 0 0 1
119 120 757.4966382315157 16.67 3 3 382 383
1 0 0 0 1 0 0 0 1
1 0 0 0 1 0 0 0 1
120 121 494.79116840721326 16.67 3 3 384 385
1 0 0 0 1 0 0 0 1
1 0 0 0 1 0 0 0 1
120 123 516.4595229384238 16.67 3 3 386 387
1 0 0 0 1 0 0 0 1
1 0 0 0 1 0 0 0 1
121 34 579.185215293654 16.67 3 3 388 389
1 0 0 0 1 0 0 0 1
1 0 0 0 1 0 0 0 1
121 124 621.6791234690315 16.67 3 3 390 391
1 0 0 0 1 0 0 0 1
1 0 0 0 1 0 0 0 1
122 35 550.9463159284932 16.67 3 3 392 393
1 0 0 0 1 0 0 0 1
1 0 0 0 1 0 0 0 1
123 124 524.9113719800297 16.67 3 3 394 395
1 0 0 0 1 0 0 0 1
1 0 0 0 1 0 0 0 1
125 58 615.1144038604973 16.67 3 3 396 397
1 0 0 0 1 0 0 0 1
1 0 0 0 1 0 0 0 1
125 42 617.355386888491 16.67 3 3 398 399
1 0 0 0 1 0 0 0 1
1 0 0 0 1 0 0 0 1
127 128 990.018508235123 16.67 3 3 400 401
1 0 0 0 1 0 0 0 1
1 0 0 0 1 0 0 0 1
100
1 160 158 156 -1
5 114 112 -1 110
6 118 120 115 116
7 122 83 119 -1
11 315 -1 325 370
22 106 -1 104 108
25 28 24 22 26
26 32 -1 30 25
29 153 310 247 -1
30 326 328 211 -1
33 86 -1 84 82
36 -1 128 89 130
39 126 -1 124 95
40 142 144 127 129
45 -1 79 164 162
47 76 55 80 78
49 81 53 152 154
50 100 96 98 102
53 163 360 45 358
54 165 -1 49 361
55 132 134 136 -1
56 140 -1 133 138
59 88 94 92 90
60 99 146 150 148
61 93 125 168 166
62 174 172 170 159
63 171 180 178 176
64 184 182 87 186
65 192 190 194 188
66 169 196 200 198
67 208 202 204 206
68 210 212 214 51
69 218 199 216 220
70 17 222 -1 21
71 201 -1 193 224
72 191 226 228 230
73 234 232 236 -1
74 229 -1 147 97
75 238 91 240 173
76 -1 63 242 244
77 246 155 37 47
78 215 250 248 -1
79 251 187 123 252
80 -1 254 256 209
81 241 167 -1 181
82 65 262 260 258
83 217 225 264 266
84 265 189 69 268
85 85 270 272 121
86 179 221 274 -1
87 11 276 278 19
88 282 269 75 280
89 284 267 283 271
90 292 288 286 290
91 298 296 300 294
92 149 304 302 289
93 275 219 285 183
94 273 281 299 113
95 301 291 306 308
96 157 177 185 233
97 312 139 314 223
98 73 259 293 297
99 31 -1 318 316
100 322 295 320 313
101 324 33 29 -1
102 330 231 101 332
104 340 336 338 342
105 346 339 348 344
106 350 345 352 354
107 27 355 107 -1
108 23 317 351 -1
109 356 343 347 353
110 -1 364 362 366
111 319 367 368 137
113 372 111 323 277
115 61 374 213 327
116 -1 376 235 329
118 -1 207 380 375
119 381 382 161 377
120 205 384 386 383
121 257 388 390 385
122 321 392 357 -1
123 387 394 175 -1
124 391 131 239 395
125 349 398 396 -1
126 203 -1 143 255
127 400 117 373 -1
128 249 253 401 -1
129 6 4 2 -1
130 12 10 8 5
131 9 18 16 14
132 3 15 20 -1
133 34 36 13 38
134 40 39 7 -1
135 44 42 41 -1
136 48 46 35 43
137 -1 50 52 54
138 62 60 58 56
139 68 -1 64 66
140 74 67 70 72
