427
1 3600 214
4
467 81 76 84
1 3600 356
9
261 258 79 80 466 365 359 356 767
1 3600 356
7
261 87 82 465 466 365 366
1 3600 356
3
526 361 358
1 3600 356
11
93 90 381 373 370 315 316 363 356 767 764
1 3600 356
15
259 262 249 244 95 98 815 813 65 62 328 781 778 786 557
1 3600 356
6
82 377 373 368 361 356
1 3600 611
6
466 365 366 786 763 549
1 3600 856
21
80 464 377 373 370 315 299 292 328 769 337 338 422 432 525 479 476 496 509 510 520
1 3600 856
23
381 378 813 331 334 57 9 4 717 718 730 233 230 338 387 384 389 394 500 506 590 668 818
1 3600 856
27
373 370 315 318 67 59 55 51 11 14 793 788 201 202 312 409 401 398 491 488 552 600 579 580 654 930 927
1 3600 308
4
76 84 88 94
1 3600 308
7
375 271 257 241 236 912 923
1 3600 308
8
466 526 369 370 542 812 814 99
1 3600 308
5
91 88 96 176 908
1 3600 329
9
378 813 65 62 213 214 718 734 235
1 3600 329
17
88 96 101 104 861 755 749 742 39 40 37 17 18 937 797 183 186
1 3600 778
11
90 381 373 370 315 318 297 292 328 769 337
1 3600 856
32
291 273 274 374 249 250 243 240 254 266 349 347 340 119 120 124 170 159 160 904 914 916 919 137 132 140 155 156 463 456 613 605
1 3600 856
16
365 366 779 767 764 547 407 383 386 424 429 430 446 484 558 614
1 3600 856
43
259 260 274 271 247 250 243 238 929 923 115 110 753 749 744 53 11 12 18 937 935 27 32 322 757 437 415 416 145 142 469 459 456 551 552 602 622 69 70 726 833 830 882
1 3600 856
11
373 370 542 331 334 747 748 311 308 167 164
1 3600 856
8
464 377 378 813 331 334 747 742
1 3600 856
21
80 466 526 361 362 295 292 213 214 718 732 709 217 211 206 312 854 439 415 416 145
1 3600 856
32
262 249 244 909 907 195 107 104 861 755 749 742 803 798 889 886 771 774 23 24 301 304 137 132 140 155 156 473 459 456 613 610
1 3600 856
21
466 365 366 786 557 419 420 442 505 502 512 497 495 492 569 570 578 601 602 620 634
1 3600 856
23
315 316 363 356 767 549 407 391 388 440 479 476 498 574 851 675 672 699 695 679 680 151 152
1 3600 108
9
545 548 766 357 362 317 314 371 372
1 3600 108
6
787 367 364 467 464 83
1 3600 276
3
356 767 762
1 3600 77
4
366 786 557 419
1 3600 450
6
547 407 391 394 504 516
1 3600 856
9
419 420 442 516 522 587 584 666 659
1 3600 856
16
419 405 383 384 435 432 455 452 474 512 514 616 656 691 671 676
1 3600 178
13
766 780 329 63 64 812 816 892 179 97 94 245 246
1 3600 83
9
362 295 292 213 7 4 197 185 186
1 3600 244
14
318 67 59 55 9 2 14 793 788 201 202 312 409 401
1 3600 778
11
547 407 391 388 440 524 455 450 492 569 570
1 3600 856
13
419 420 393 388 435 427 397 398 491 488 552 602 618
1 3600 856
20
787 779 780 769 235 230 338 424 429 430 446 484 558 614 624 643 640 696 631 628
1 3600 856
15
318 67 59 55 51 52 829 43 38 803 804 161 158 129 130
1 3600 856
11
299 292 328 721 716 197 185 182 796 795 23
1 3600 856
15
766 780 769 735 732 181 184 198 790 773 774 785 782 303 300
1 3600 856
23
766 780 721 718 730 227 228 209 206 31 32 322 757 437 415 416 145 142 469 459 456 613 608
1 3600 856
26
292 213 214 718 732 221 222 229 224 338 422 432 455 450 494 498 574 653 645 642 648 75 72 354 537 534
1 3600 856
23
292 328 769 235 232 219 222 209 206 312 409 401 398 491 488 552 602 618 651 69 72 149 152
1 3600 503
9
546 765 766 357 360 369 372 380 725
1 3600 70
7
421 418 556 787 367 359 362
1 3600 356
4
441 385 382 404
1 3600 117
3
442 516 511
1 3600 117
7
405 391 394 500 508 514 573
1 3600 503
9
384 440 479 474 503 500 506 588 616
1 3600 856
16
420 442 516 522 598 606 593 590 668 820 687 682 692 837 838 866
1 3600 658
19
524 433 423 339 225 228 320 217 205 200 789 792 15 10 52 745 748 754 113
1 3600 194
6
385 386 339 231 232 219
1 3600 124
9
420 393 390 383 386 422 427 428 411
1 3600 244
9
391 394 502 475 453 449 446 484 555
1 3600 856
20
388 440 479 476 498 576 580 654 703 700 738 835 832 727 151 148 352 639 533 530
1 3600 856
12
435 432 455 450 492 569 570 580 645 640 696 835
1 3600 856
20
435 427 397 400 408 313 31 26 934 936 19 16 36 41 38 743 748 752 859 117
1 3600 856
21
393 390 383 386 424 411 401 402 414 436 756 323 33 28 302 783 784 775 770 887 35
1 3600 856
9
407 383 386 424 411 412 439 415 416
1 3600 856
6
384 435 427 430 444 471
1 3600 856
13
407 391 394 500 508 497 495 483 484 558 601 602 620
1 3600 856
21
442 516 522 598 606 583 584 666 668 820 824 847 848 931 703 695 679 75 72 352 704
1 3600 856
16
586 523 517 443 421 418 556 787 367 364 467 81 78 291 273 261
1 3600 503
7
589 507 501 395 390 406 544
1 3600 212
4
513 475 478 441
1 3600 212
4
508 497 477 478
1 3600 212
5
515 513 503 395 392
1 3600 208
3
496 509 510
1 3600 200
4
512 514 616 660
1 3600 200
5
511 506 590 659 656
1 3600 200
7
476 498 574 851 675 670 683
1 3600 200
7
606 583 584 666 668 820 824
1 3600 475
8
593 590 668 820 687 684 841 837
1 3600 856
24
573 576 571 561 485 486 490 399 400 408 313 203 204 187 184 196 5 8 56 335 330 812 814 880
1 3600 535
12
588 573 499 477 453 454 433 423 339 336 768 329
1 3600 225
8
523 517 505 502 475 453 449 431
1 3600 192
7
582 593 588 573 576 578 559
1 3600 192
7
511 508 497 495 483 447 444
1 3600 259
12
521 517 505 502 475 476 495 492 569 561 558 614
1 3600 856
10
572 616 656 691 692 842 869 866 627 628
1 3600 856
21
475 453 449 446 486 461 462 157 154 141 133 136 918 917 915 905 161 158 129 130 852
1 3600 856
25
495 483 447 444 471 468 143 144 417 414 135 136 305 300 25 22 775 770 887 888 799 804 161 162 166
1 3600 856
15
598 606 593 588 573 576 578 559 555 550 457 458 468 143 144
1 3600 856
12
505 502 512 497 477 453 449 446 486 488 552 604
1 3600 856
9
590 659 660 653 645 642 646 623 620
1 3600 856
17
516 522 587 584 666 659 660 851 848 927 699 695 679 680 151 152 710
1 3600 856
20
581 571 568 493 451 454 433 423 339 225 226 731 719 215 212 293 298 314 371 368
1 3600 856
10
585 582 607 599 523 517 443 421 418 556
1 3600 611
9
850 661 658 591 507 501 395 390 406
1 3600 248
5
657 617 589 592 583
1 3600 248
3
591 507 501
1 3600 248
4
659 617 515 513
1 3600 248
3
575 572 589
1 3600 248
3
669 667 585
1 3600 214
4
652 661 658 668
1 3600 220
6
851 675 676 838 741 736
1 3600 220
6
661 656 825 687 684 875
1 3600 220
4
848 931 703 700
1 3600 220
11
665 666 668 820 824 691 671 672 699 700 736
1 3600 856
35
689 682 690 847 848 931 655 645 642 646 650 619 603 553 489 490 399 400 408 313 203 200 789 792 15 10 52 745 748 752 111 114 922 913 237
1 3600 856
25
823 669 659 660 653 645 642 625 615 559 485 447 431 397 400 412 855 313 207 210 187 182 789 792 844
1 3600 778
8
660 575 499 495 483 447 431 428
1 3600 208
7
671 672 926 931 655 581 571
1 3600 244
7
931 655 645 642 646 650 932
1 3600 244
13
692 842 869 741 738 835 832 727 71 72 354 537 529
1 3600 259
9
665 666 659 656 847 848 927 699 695
1 3600 856
27
823 669 591 588 573 576 578 601 604 612 457 458 472 157 154 141 133 136 918 917 915 905 161 162 166 481 169
1 3600 856
25
827 824 847 850 653 581 571 561 555 489 461 458 468 143 144 417 414 436 756 323 33 26 21 22 775
1 3600 856
14
655 645 642 625 615 601 553 489 490 399 402 414 436 756
1 3600 856
12
665 585 582 593 588 573 576 571 561 555 550 457
1 3600 856
11
703 695 679 680 151 148 352 706 857 637 635
1 3600 856
9
675 672 699 695 679 75 72 149 152
1 3600 856
19
867 839 677 674 850 575 499 477 478 441 385 382 406 548 766 357 362 317 314
1 3600 856
16
673 674 846 657 617 515 513 503 395 390 406 546 765 766 357 362
1 3600 856
14
897 871 874 685 686 821 669 591 507 508 497 477 478 441
1 3600 450
8
896 895 843 693 690 657 617 589
1 3600 315
7
839 836 840 685 686 821 818
1 3600 315
4
630 697 694 702
1 3600 315
5
698 926 849 846 657
1 3600 315
7
874 685 686 821 669 667 662
1 3600 315
9
739 701 702 930 849 846 825 821 818
1 3600 315
7
867 868 843 693 690 825 821
1 3600 244
3
871 874 924
1 3600 856
28
895 869 741 738 697 641 644 581 571 568 493 451 454 433 423 339 231 234 735 719 716 5 8 54 60 747 748 752
1 3600 856
22
869 741 738 835 832 727 71 68 623 603 553 489 490 399 400 408 313 207 208 223 220 181
1 3600 856
14
697 679 649 625 615 559 485 447 431 428 425 339 225 228
1 3600 713
3
702 655 581
1 3600 276
13
837 838 866 627 628 831 832 727 151 148 354 540 594
1 3600 255
4
737 701 695 679
1 3600 255
3
738 631 628
1 3600 856
36
627 630 697 641 642 646 650 619 603 604 612 457 462 157 154 141 133 136 305 302 783 784 794 936 19 16 34 890 801 802 743 748 311 306 117 118
1 3600 856
28
737 738 835 832 727 71 68 623 603 553 550 457 458 468 143 144 417 414 436 756 323 326 305 300 25 22 775 776
1 3600 856
16
873 876 869 839 677 674 850 575 499 477 453 449 444 471 468 143
1 3600 856
10
741 701 695 679 649 625 615 601 604 608
1 3600 856
7
699 695 679 75 72 352 639
1 3600 856
10
841 837 677 672 699 695 679 680 151 152
1 3600 353
7
112 860 809 806 817 379 376
1 3600 353
7
893 817 813 543 371 368 527
1 3600 353
9
812 814 99 89 85 86 260 272 288
1 3600 353
6
103 100 97 89 85 77
1 3600 225
13
755 749 746 61 55 9 4 717 720 781 767 549 544
1 3600 856
26
257 254 266 351 283 280 123 126 174 167 163 160 904 914 916 919 137 134 438 413 410 429 426 434 389 390
1 3600 856
36
257 241 236 912 923 115 110 753 749 744 53 47 45 37 17 18 937 935 27 32 322 757 437 415 416 145 142 469 470 491 487 482 494 496 509 501
1 3600 856
43
243 240 254 266 351 345 340 119 116 307 308 167 163 160 805 800 891 886 771 774 785 782 303 304 137 132 140 155 156 463 460 488 554 558 614 624 648 678 694 698 673 670 683
1 3600 856
32
266 349 109 110 753 749 744 53 11 14 793 788 201 202 312 409 401 398 445 446 484 560 570 580 654 930 927 673 676 836 840 924
1 3600 295
5
808 105 106 192 237
1 3600 295
3
266 750 115
1 3600 417
11
193 107 100 178 881 815 813 65 62 213 7
1 3600 417
13
188 107 104 809 806 817 813 65 62 328 721 718 730
1 3600 417
4
349 109 112 755
1 3600 417
12
347 340 119 116 307 310 749 744 53 11 14 793
1 3600 417
8
806 817 813 331 334 57 9 2
1 3600 417
13
247 244 95 98 815 813 331 334 61 55 9 4 197
1 3600 417
5
806 817 813 65 62
1 3600 417
11
351 283 280 123 124 168 480 309 310 749 744
1 3600 417
8
813 65 62 213 214 718 732 221
1 3600 417
5
807 808 861 755 749
1 3600 417
8
115 110 753 749 746 61 58 66
1 3600 417
3
755 749 744
1 3600 407
12
331 334 57 51 47 45 37 17 18 937 935 27
1 3600 856
16
178 881 815 813 65 66 297 292 328 769 337 338 422 432 455 450
1 3600 856
33
807 808 861 755 749 742 803 798 889 886 771 774 23 24 301 304 327 322 757 437 415 416 145 142 469 459 456 613 605 602 620 634 533
1 3600 856
31
102 190 923 115 110 859 173 174 167 163 160 904 914 916 919 137 132 140 155 156 473 459 456 551 552 602 622 69 70 726 864
1 3600 366
9
892 179 101 106 189 190 923 751 351
1 3600 366
9
106 192 237 240 254 266 351 283 278
1 3600 366
12
331 334 747 748 311 308 481 169 170 129 130 852
1 3600 389
10
909 177 101 104 861 113 110 859 173 174
1 3600 389
7
112 755 749 742 39 40 37
1 3600 778
17
808 861 755 749 742 803 800 891 886 771 774 785 782 303 29 32 322
1 3600 856
25
266 349 347 340 119 120 124 170 159 160 904 914 916 919 137 132 140 155 147 142 469 459 456 613 608
1 3600 856
25
929 923 115 110 753 749 744 53 11 14 793 788 201 202 312 854 413 401 398 491 488 552 602 620 632
1 3600 856
31
193 107 100 178 893 817 813 65 59 55 9 4 197 185 186 211 206 312 409 401 396 430 446 484 558 614 624 648 680 151 152
1 3600 186
9
6 212 293 296 319 314 371 372 376
1 3600 313
5
3 6 214 720 781
1 3600 313
6
180 733 734 768 781 767
1 3600 313
7
46 50 54 58 66 319 316
1 3600 267
13
845 793 199 185 180 709 321 229 224 338 387 382 404
1 3600 611
10
769 235 230 338 422 434 440 479 476 498
1 3600 856
18
185 186 205 202 312 409 410 429 430 448 450 492 569 570 577 574 661 658
1 3600 856
29
742 39 40 37 17 18 937 935 27 32 322 757 437 415 403 398 491 488 554 558 614 624 643 640 696 739 740 866 938
1 3600 313
9
15 10 52 745 748 754 860 105 100
1 3600 313
13
934 936 19 16 36 44 48 828 745 748 754 113 114
1 3600 313
7
53 50 56 335 330 812 816
1 3600 313
15
48 43 38 743 748 752 111 108 348 267 255 241 242 911 908
1 3600 313
6
63 59 60 747 748 752
1 3600 313
8
731 719 215 212 63 64 812 814
1 3600 313
5
56 335 330 812 814
1 3600 313
6
212 63 64 812 814 99
1 3600 313
7
792 15 10 52 745 748 754
1 3600 290
6
934 936 791 199 196 717
1 3600 290
7
829 49 46 11 14 793 788
1 3600 282
6
9 6 214 718 730 227
1 3600 282
6
185 186 211 206 312 409
1 3600 282
7
214 720 769 337 338 424 429
1 3600 282
7
221 218 227 224 338 422 432
1 3600 282
10
744 53 11 12 18 791 788 201 204 211
1 3600 282
8
222 209 206 312 854 413 401 396
1 3600 372
7
218 233 230 338 422 427 430
1 3600 856
19
27 32 322 757 437 415 416 145 142 469 459 456 613 605 602 618 651 647 643
1 3600 856
27
213 7 4 197 198 790 937 795 23 24 301 304 137 132 140 155 156 463 460 488 552 602 622 69 70 726 862
1 3600 259
7
48 828 745 748 311 306 117
1 3600 273
7
7 2 12 18 773 774 785
1 3600 273
5
52 745 748 311 308
1 3600 273
9
7 2 12 16 34 888 799 804 161
1 3600 231
5
182 796 795 785 782
1 3600 856
11
788 201 202 312 854 439 415 416 145 146 156
1 3600 856
17
14 793 790 937 935 27 30 312 409 401 398 491 488 552 602 620 632
1 3600 856
28
47 45 37 34 886 771 774 23 24 301 304 327 322 757 437 415 416 145 142 469 459 456 613 605 602 620 634 638
1 3600 713
20
313 207 210 216 708 733 734 768 329 293 298 314 371 372 380 91 92 375 275 272
1 3600 259
8
339 336 768 329 293 294 363 358
1 3600 145
8
30 312 409 410 425 387 384 389
1 3600 214
10
208 229 224 338 422 434 440 479 474 512
1 3600 713
11
422 432 455 452 474 512 514 616 658 668 818
1 3600 856
13
432 455 450 492 569 570 580 654 703 700 740 866 938
1 3600 342
10
433 423 339 231 234 768 329 63 64 812
1 3600 120
4
223 220 733 719
1 3600 120
4
320 708 733 734
1 3600 120
9
411 408 313 203 200 183 184 196 5
1 3600 231
7
32 322 757 437 415 403 396
1 3600 100
10
228 209 206 312 409 401 398 491 488 552
1 3600 100
5
430 446 484 560 570
1 3600 535
5
398 491 488 552 602
1 3600 856
12
396 430 446 484 558 614 624 648 75 70 726 862
1 3600 856
19
402 139 133 136 918 917 915 905 161 158 171 125 122 281 282 350 267 268 286
1 3600 225
6
28 302 783 784 775 770
1 3600 125
3
400 412 439
1 3600 407
11
228 209 206 31 28 304 137 132 140 155 156
1 3600 856
9
429 430 446 484 558 601 602 620 634
1 3600 856
16
854 439 415 416 145 142 469 459 456 613 605 602 620 634 636 856
1 3600 856
17
482 494 496 513 503 504 443 421 418 545 548 766 357 360 369 372 380
1 3600 856
12
577 572 515 509 501 395 390 406 546 765 766 357
1 3600 295
8
490 445 448 454 525 441 389 392
1 3600 97
7
482 451 452 474 503 504 518
1 3600 208
9
493 494 496 509 506 592 583 584 662
1 3600 778
12
487 447 448 452 476 498 574 851 675 676 838 868
1 3600 856
18
399 400 408 313 207 210 187 184 196 5 8 54 60 335 330 812 816 807
1 3600 329
7
431 397 400 412 855 313 203
1 3600 105
6
493 451 454 433 423 339
1 3600 105
15
486 461 458 472 157 154 141 138 414 436 756 323 33 30 207
1 3600 203
4
568 493 483 447
1 3600 121
12
492 569 570 580 645 642 646 69 72 354 540 596
1 3600 121
8
552 602 620 634 636 535 536 540
1 3600 535
8
446 484 558 614 624 648 680 726
1 3600 856
17
553 489 461 462 157 154 141 133 136 918 917 915 905 161 162 164 129
1 3600 713
16
559 485 486 490 471 468 143 144 417 414 436 756 323 326 918 917
1 3600 259
12
578 559 485 447 431 428 411 408 313 31 28 302
1 3600 182
3
444 491 461
1 3600 503
7
491 488 552 602 620 634 636
1 3600 856
10
570 580 645 640 679 75 72 149 152 712
1 3600 856
24
532 635 621 603 600 579 577 572 589 592 607 599 523 517 443 421 418 556 787 367 364 467 464 83
1 3600 856
22
538 857 637 635 621 603 553 489 490 399 400 408 313 207 208 229 226 731 719 215 212 293
1 3600 856
11
603 600 579 577 572 515 509 510 517 443 421
1 3600 231
11
933 619 603 553 554 560 568 493 494 496 513
1 3600 109
5
651 647 643 644 654
1 3600 259
6
355 73 74 678 696 739
1 3600 856
18
644 652 575 499 477 478 441 385 382 406 548 766 357 360 369 370 542 812
1 3600 856
24
933 619 603 604 612 457 458 472 157 154 141 133 136 305 300 25 22 775 770 887 890 801 802 743
1 3600 503
18
529 532 635 621 603 604 612 457 458 468 143 144 417 414 438 855 313 207
1 3600 161
11
597 541 355 149 150 681 649 625 615 559 555
1 3600 161
3
625 615 559
1 3600 161
7
933 619 603 600 579 571 568
1 3600 285
10
622 69 70 151 148 352 706 539 540 594
1 3600 135
4
69 70 726 833
1 3600 135
12
531 528 534 856 707 353 149 150 726 833 830 884
1 3600 856
37
596 531 532 635 621 603 553 489 490 399 402 414 436 756 323 33 26 934 936 773 770 887 888 799 804 161 162 166 175 127 121 118 341 342 900 285 280
1 3600 856
22
647 643 644 581 571 568 493 451 454 433 423 339 225 226 219 220 181 184 198 788 796 936
1 3600 856
18
597 541 355 73 68 623 603 553 550 457 462 157 154 141 133 136 305 300
1 3600 428
3
603 604 610
1 3600 251
5
595 541 538 857 637
1 3600 475
6
624 648 75 72 352 704
1 3600 856
21
74 678 641 644 652 661 658 667 585 586 523 517 443 421 418 556 787 367 364 467 81
1 3600 856
18
883 629 626 867 839 836 693 683 686 821 669 591 507 501 395 390 406 546
1 3600 856
15
863 727 681 678 694 698 926 849 850 575 499 477 478 441 385
1 3600 778
13
885 629 626 867 868 843 693 690 657 617 515 513 503
1 3600 237
14
865 833 834 697 694 698 673 674 846 825 821 669 667 662
1 3600 241
6
831 834 739 740 868 894
1 3600 241
8
863 833 834 739 740 868 877 872
1 3600 856
27
150 681 649 625 615 559 485 447 431 397 400 408 313 203 200 789 790 19 16 36 41 38 743 748 754 113 114
1 3600 856
15
863 727 71 68 650 619 603 553 489 490 399 400 408 313 203
1 3600 856
15
863 727 71 74 649 625 615 559 485 447 431 428 411 412 855
1 3600 450
6
678 641 644 581 571 568
1 3600 203
6
680 151 148 354 537 529
1 3600 203
5
863 727 71 68 647
1 3600 203
7
863 727 151 148 354 537 529
1 3600 295
4
863 833 834 697
1 3600 856
30
629 630 739 701 702 655 652 575 499 477 478 524 433 423 339 336 735 719 716 5 8 56 747 748 311 306 173 127 122 281
1 3600 856
23
73 68 623 603 604 612 457 458 468 143 144 417 414 436 756 323 33 26 21 22 775 770 887
1 3600 856
16
834 697 641 644 581 571 561 485 486 490 471 468 143 144 417 414
1 3600 856
10
148 73 68 650 619 603 553 550 457 458
1 3600 570
4
72 352 639 635
1 3600 225
4
149 152 710 728
1 3600 856
8
279 282 350 267 255 256 270 374
1 3600 856
15
131 128 171 168 480 309 310 749 746 61 58 66 319 316 363
1 3600 856
23
853 131 128 165 163 160 805 802 39 42 49 46 50 54 58 66 297 294 363 356 767 764 547
1 3600 856
22
853 131 128 159 160 805 798 889 35 17 13 3 4 717 720 781 778 786 557 419 420 442
1 3600 856
23
172 307 310 749 746 335 330 543 371 368 361 356 767 549 407 391 394 500 510 522 587 584 664
1 3600 856
33
279 282 350 267 255 241 242 251 248 93 90 725 722 465 466 365 366 786 763 764 547 407 391 394 500 506 590 668 820 687 684 875 870
1 3600 360
10
171 125 126 172 858 111 112 860 809 806
1 3600 360
4
118 341 346 109
1 3600 360
7
172 858 111 112 860 809 810
1 3600 360
9
341 346 348 750 922 191 103 100 97
1 3600 190
11
343 340 119 116 307 310 749 746 57 54 58
1 3600 856
21
900 285 280 123 124 170 159 160 805 800 891 886 771 772 937 797 183 180 709 321 229
1 3600 856
18
124 170 165 163 160 904 914 916 919 137 132 140 155 156 473 459 456 551
1 3600 856
23
119 120 126 174 167 163 160 904 914 916 919 137 132 140 155 156 463 456 613 605 602 618 932
1 3600 856
32
128 159 160 805 798 889 886 771 772 791 199 185 180 221 218 233 230 338 387 384 440 479 476 498 574 653 645 640 696 835 832 864
1 3600 342
3
344 283 280
1 3600 303
6
128 165 163 160 805 800
1 3600 303
8
343 340 119 116 858 753 749 742
1 3600 303
10
287 269 266 349 109 110 753 749 742 803
1 3600 303
6
128 159 160 805 802 39
1 3600 303
12
853 131 128 159 160 805 800 891 886 771 776 903
1 3600 611
22
345 340 119 120 124 168 480 167 163 160 904 914 916 919 327 322 757 437 415 416 145 146
1 3600 856
17
123 126 174 167 163 160 904 914 916 919 137 132 138 416 145 142 469
1 3600 856
31
281 282 350 267 255 256 247 248 263 258 79 80 466 365 366 786 557 419 420 442 516 511 508 514 573 576 578 601 602 620 632
1 3600 856
36
346 348 750 922 191 188 194 906 177 97 98 815 379 373 368 361 356 767 549 407 391 394 502 512 514 616 656 691 671 672 699 695 679 680 151 152
1 3600 856
7
801 802 743 746 335 330 543
1 3600 856
12
798 889 35 17 13 3 6 214 720 781 767 764
1 3600 856
14
916 919 327 322 757 437 438 413 410 429 426 434 385 382
1 3600 856
20
310 749 744 53 11 3 4 717 718 730 227 224 338 422 432 525 479 474 512 514
1 3600 856
21
777 774 785 782 303 29 30 312 409 410 425 387 384 440 479 476 498 574 851 675 670
1 3600 856
23
35 17 18 937 797 201 204 216 321 229 224 338 422 434 389 394 500 506 590 668 820 687 684
1 3600 335
11
936 19 13 10 50 54 58 64 812 816 807
1 3600 335
8
309 310 754 860 809 810 878 881
1 3600 314
4
166 309 310 749
1 3600 314
6
777 772 19 16 36 44
1 3600 314
8
916 919 305 29 30 207 208 320
1 3600 314
13
916 919 305 302 783 784 794 797 183 180 733 734 768
1 3600 231
16
805 800 891 886 771 774 23 20 27 30 312 409 401 396 426 432
1 3600 713
17
23 24 301 304 137 132 140 155 156 473 470 445 448 450 492 569 570
1 3600 856
17
24 301 29 32 322 757 437 415 403 398 491 488 552 602 620 634 533
1 3600 856
25
914 916 919 137 134 415 416 145 142 469 470 491 487 482 492 569 570 580 654 703 700 738 631 628 884
1 3600 353
14
784 775 770 887 890 801 804 161 158 171 125 122 281 278
1 3600 353
9
175 127 121 118 341 344 350 267 268
1 3600 353
15
791 792 15 10 52 745 748 752 111 108 347 342 900 285 280
1 3600 353
15
936 19 16 36 41 38 743 748 754 113 114 751 267 268 286
1 3600 353
7
804 161 162 164 171 125 121
1 3600 225
4
161 162 166 481
1 3600 314
15
163 160 805 798 889 35 17 18 937 935 27 32 322 757 437
1 3600 314
10
40 37 34 886 771 774 785 782 303 300
1 3600 314
7
774 785 782 303 304 918 920
1 3600 314
7
784 794 935 27 32 322 757
1 3600 314
10
777 772 791 788 201 202 312 854 439 415
1 3600 778
10
904 914 916 919 137 132 140 155 147 142
1 3600 856
16
771 774 794 797 201 202 312 409 401 398 491 488 552 602 620 634
1 3600 856
18
914 916 919 137 132 138 403 396 430 446 484 558 614 624 648 75 72 352
1 3600 856
19
305 300 25 20 934 797 789 199 196 717 215 212 293 298 314 371 372 376 723
1 3600 856
14
438 855 313 207 208 223 218 233 234 768 329 293 296 319
1 3600 856
10
303 29 30 312 409 410 425 387 384 440
1 3600 856
12
322 757 437 438 413 410 429 426 434 389 392 442
1 3600 856
13
403 396 426 432 455 452 474 503 500 506 590 668 818
1 3600 856
18
415 416 145 142 469 459 460 487 482 494 496 514 616 656 691 692 840 924
1 3600 611
22
414 436 756 323 33 30 203 204 216 708 733 719 215 212 63 64 812 816 892 179 176 908
1 3600 182
7
300 25 20 934 936 791 199
1 3600 231
6
323 33 30 207 208 229
1 3600 231
6
437 438 855 313 207 208
1 3600 231
6
155 156 473 470 445 448
1 3600 856
10
156 463 456 613 605 602 620 634 636 535
1 3600 856
17
301 29 30 312 409 401 398 445 446 484 558 614 624 646 69 72 149
1 3600 658
10
133 136 918 917 915 905 161 158 129 130
1 3600 287
12
302 783 784 775 770 887 888 799 804 161 162 166
1 3600 287
7
436 756 323 33 26 934 936
1 3600 287
7
921 917 915 905 805 802 39
1 3600 287
8
783 784 775 770 887 35 36 41
1 3600 287
6
919 305 300 25 22 785
1 3600 285
4
133 136 327 324
1 3600 305
8
301 304 137 134 415 416 145 142
1 3600 305
8
303 304 137 132 140 155 147 142
1 3600 305
9
919 327 322 757 437 415 416 145 142
1 3600 856
13
301 29 30 312 854 413 401 398 491 488 552 602 620
1 3600 856
16
437 415 403 396 430 446 484 558 614 624 648 680 151 148 352 704
1 3600 856
21
463 460 487 482 451 454 525 441 385 382 406 546 765 762 787 367 364 467 81 78 291
1 3600 856
16
609 612 551 554 560 568 493 451 452 474 503 395 390 404 418 556
1 3600 856
13
605 600 579 577 572 589 592 607 599 523 517 443 421
1 3600 856
8
469 470 445 448 452 476 498 572
1 3600 856
14
460 487 482 494 496 509 510 522 587 584 666 668 820 687
1 3600 856
16
469 459 456 551 554 560 570 577 574 851 846 691 692 842 894 898
1 3600 856
26
611 612 457 458 468 143 144 417 414 438 855 313 203 204 187 184 196 5 8 54 60 335 330 812 814 99
1 3600 713
9
470 399 400 408 313 207 210 216 708
1 3600 295
5
460 490 445 431 428
1 3600 129
3
470 491 487
1 3600 342
9
459 456 613 605 602 620 634 533 528
1 3600 856
7
456 551 552 602 618 651 69
1 3600 856
16
609 612 457 462 157 154 141 133 136 918 917 915 905 161 158 129
1 3600 611
8
472 157 154 141 133 136 918 917
1 3600 82
4
612 457 462 157
1 3600 155
6
609 605 602 620 634 636
1 3600 856
11
460 488 554 558 614 624 648 75 72 352 706
1 3600 856
23
621 622 647 643 644 652 661 658 591 507 501 395 390 406 548 766 357 360 527 467 81 78 291
1 3600 856
18
633 621 618 651 647 643 644 652 661 658 667 585 586 523 517 443 421 418
1 3600 856
18
856 707 353 149 150 681 678 694 698 926 849 846 657 617 515 509 501 395
1 3600 856
6
621 603 600 579 577 499
1 3600 856
12
637 638 353 73 74 678 694 698 673 670 683 686
1 3600 856
8
633 621 622 647 643 640 696 631
1 3600 856
29
638 353 149 150 681 678 694 702 655 581 571 568 493 451 454 433 423 339 336 768 329 63 64 812 816 807 808 105 106
1 3600 856
13
635 621 603 600 559 485 447 431 428 425 339 231 234
1 3600 856
11
621 603 553 489 490 399 400 408 313 207 208
1 3600 305
12
535 536 355 73 74 649 625 615 559 560 568 493
1 3600 182
3
535 529 530
1 3600 389
7
636 856 707 353 149 150 681
1 3600 856
26
635 621 603 553 489 490 399 400 408 313 203 200 789 792 15 10 52 745 748 311 308 175 127 122 281 278
1 3600 856
22
621 603 553 489 490 471 468 143 144 417 414 436 756 323 33 26 934 936 19 16 34 890
1 3600 778
12
635 621 603 553 489 461 458 472 157 154 141 133
1 3600 138
5
633 621 603 604 608
1 3600 778
3
633 634 636
1 3600 152
5
856 707 704 711 712
1 3600 856
27
353 73 74 678 694 698 673 670 690 825 821 669 591 507 501 395 390 406 546 765 766 357 362 317 314 371 372
1 3600 856
22
713 153 150 681 678 694 702 930 849 850 661 658 667 585 586 523 517 443 421 418 556 787
1 3600 856
16
715 153 148 73 74 678 694 698 926 849 850 575 499 477 478 441
1 3600 856
17
153 150 681 678 694 698 673 674 846 657 617 515 513 503 504 516 520
1 3600 856
12
713 153 150 726 833 834 739 740 839 836 693 690
1 3600 856
11
715 153 148 73 70 726 833 834 739 740 839
1 3600 856
33
715 153 150 71 74 649 625 615 559 485 447 448 454 433 423 339 336 768 329 293 298 314 371 372 380 91 92 375 271 247 250 243 238
1 3600 856
26
705 353 73 74 678 641 644 581 571 568 493 451 454 433 423 339 231 232 731 719 716 5 8 56 335 332
1 3600 856
14
713 153 150 681 649 643 644 652 575 499 477 478 441 435
1 3600 856
10
153 148 73 68 647 625 615 559 485 447
1 3600 372
6
705 353 73 68 647 625
1 3600 171
4
711 153 150 681
1 3600 856
40
353 73 74 678 694 702 930 849 846 825 821 669 667 585 582 607 599 523 517 443 421 418 556 787 367 364 467 464 723 724 91 88 94 909 910 243 240 254 268 286
1 3600 856
22
729 705 639 635 621 603 604 612 457 458 468 143 144 417 414 436 756 323 326 918 917 915
1 3600 856
13
711 153 150 71 68 623 603 553 489 490 471 472 157
1 3600 856
9
705 706 857 637 635 621 603 604 608
1 3600 161
6
715 710 705 639 635 632
1 3600 611
3
729 711 712
