549
1 3600 84
3
695 683 678
1 3600 123
7
459 451 448 738 727 561 556
1 3600 123
6
1022 511 514 687 19 16
1 3600 123
7
919 867 457 451 452 460 738
1 3600 123
10
677 680 685 25 20 26 703 700 561 558
1 3600 123
15
688 752 1024 919 863 864 880 890 601 465 462 575 231 228 741
1 3600 158
16
872 887 888 605 606 1120 1142 625 591 588 1067 977 978 1052 725 701
1 3600 412
18
695 692 513 514 687 19 11 14 703 698 708 197 200 406 1165 1139 1089 1082
1 3600 412
22
459 451 452 464 598 1070 1143 869 870 1074 1145 1146 1153 1097 1098 1063 127 130 759 754 1089 1084
1 3600 123
12
688 752 513 508 457 451 454 898 547 533 534 93
1 3600 123
15
751 752 1024 919 863 864 880 890 601 596 147 148 421 63 64
1 3600 123
9
859 856 876 887 890 898 147 144 152
1 3600 123
13
1024 919 867 457 451 454 601 596 547 533 534 93 90
1 3600 71
18
690 751 689 685 25 20 26 703 69 66 656 637 638 975 581 578 295 296
1 3600 274
22
685 19 11 14 291 288 722 719 716 910 1018 495 199 194 734 1162 1065 1062 1099 143 138 1212
1 3600 412
24
1024 919 863 859 854 872 892 895 605 602 613 616 609 297 294 579 580 974 639 632 640 1061 1062 135
1 3600 412
31
511 514 687 25 20 26 703 69 70 655 481 475 213 214 1169 1151 1097 671 307 308 771 772 279 276 714 1207 627 630 1033 1030 1218
1 3600 343
22
457 451 452 462 620 591 586 79 74 94 296 610 393 396 1187 1188 1185 997 998 441 433 430
1 3600 274
7
878 880 890 898 547 335 332
1 3600 412
21
856 876 892 895 605 602 613 616 609 610 193 188 1175 1172 973 968 1004 315 316 1199 933
1 3600 412
34
1022 511 508 457 451 448 740 1067 643 635 638 747 489 490 1181 1182 1095 1092 675 83 80 86 179 175 167 115 116 210 931 928 947 950 469 466
1 3600 412
25
851 852 687 19 11 14 291 288 722 293 43 38 383 386 1081 737 734 1139 981 982 521 518 835 832 1132
1 3600 412
19
878 882 459 451 452 464 596 547 323 320 986 988 992 998 441 436 444 544 1106
1 3600 412
28
919 863 864 880 890 601 598 1068 1120 869 615 77 74 96 609 610 393 394 900 1011 1007 1008 1195 257 250 943 941 938
1 3600 412
27
867 457 451 452 462 575 576 591 586 1074 99 94 296 610 193 188 1175 1172 675 672 111 106 259 260 984 925 922
1 3600 412
29
685 25 20 26 703 69 66 653 481 478 219 216 1065 1062 1166 1217 767 764 785 713 710 831 525 522 777 780 413 408 1234
1 3600 95
9
563 560 726 739 449 450 458 883 879
1 3600 95
7
17 18 686 853 850 866 863
1 3600 95
10
461 453 450 456 509 512 753 750 677 678
1 3600 95
12
59 56 1058 73 68 702 27 21 24 686 515 510
1 3600 91
6
557 560 724 57 58 739
1 3600 96
7
563 560 724 1053 1054 659 653
1 3600 96
6
559 560 701 702 15 12
1 3600 96
5
73 70 709 706 716
1 3600 96
5
560 701 698 704 722
1 3600 96
13
59 60 978 1054 659 656 649 650 654 709 706 718 1126
1 3600 316
11
563 560 701 698 706 716 385 382 1101 1102 553
1 3600 412
12
1058 1057 659 653 481 482 405 406 1165 1139 1089 1086
1 3600 76
16
559 560 724 1053 979 976 593 594 1075 871 868 1121 607 604 894 896
1 3600 92
6
976 1066 589 586 79 76
1 3600 92
6
59 60 976 593 594 99
1 3600 92
8
563 560 726 739 740 1067 643 644
1 3600 76
9
563 560 724 1058 73 66 656 649 477
1 3600 294
19
59 56 1058 73 70 655 651 477 472 485 486 1151 1097 671 669 664 729 730 133
1 3600 412
16
659 656 637 632 640 1061 127 130 957 954 809 802 1224 1226 1223 1131
1 3600 412
16
1057 1055 979 976 593 583 578 295 296 610 393 381 376 53 50 986
1 3600 216
14
850 457 451 454 898 547 323 324 49 46 1200 1205 845 840
1 3600 294
19
976 643 646 838 974 747 489 490 1181 1182 1095 1092 973 968 1004 315 316 1199 945
1 3600 412
21
557 560 701 698 708 197 200 406 219 214 1169 1151 1097 143 140 156 771 343 338 469 470
1 3600 412
23
976 643 646 585 578 1146 1153 1097 671 669 666 909 569 572 275 270 819 816 948 1044 1041 1042 1157
1 3600 412
30
1057 659 656 649 477 472 485 490 1181 1182 1175 1172 973 365 362 907 902 841 844 1204 1201 47 48 1001 998 1215 1111 543 544 1106
1 3600 412
31
23 20 26 291 288 705 708 655 481 475 472 485 490 1181 1182 1095 1092 973 365 360 372 395 396 1187 1017 1014 997 998 1215 1111 1108
1 3600 412
35
19 11 14 291 288 722 293 31 32 552 1103 1079 737 734 1162 1065 1062 135 136 963 959 793 786 775 772 347 348 951 817 820 927 924 985 541 536
1 3600 412
27
25 20 26 703 69 66 653 651 477 213 216 1065 127 130 957 815 812 1032 631 628 499 502 504 917 914 1158 1232
1 3600 179
10
1127 723 289 290 15 10 18 686 515 508
1 3600 178
9
1080 1019 911 717 707 699 702 27 21
1 3600 178
8
199 196 71 72 1059 725 561 562
1 3600 178
4
27 21 24 686
1 3600 178
5
721 705 699 700 726
1 3600 178
8
404 483 480 652 658 1056 1059 725
1 3600 178
9
495 199 200 406 479 480 652 658 1055
1 3600 178
9
719 707 708 71 72 1059 57 58 739
1 3600 178
5
26 15 10 18 686
1 3600 184
11
653 481 478 407 201 198 494 387 382 39 36
1 3600 184
6
293 43 38 383 386 495
1 3600 184
7
482 405 201 198 494 387 384
1 3600 196
5
721 722 293 43 40
1 3600 196
5
288 722 293 31 32
1 3600 196
8
910 1018 1081 737 734 1139 1089 1082
1 3600 196
6
194 736 1078 1102 553 550
1 3600 196
3
1139 1089 1082
1 3600 196
9
69 70 655 481 478 1165 1139 1089 1082
1 3600 412
5
737 734 1139 1089 1084
1 3600 242
16
26 703 700 726 739 740 229 230 574 622 599 596 547 533 534 93
1 3600 192
17
35 30 43 38 383 386 495 199 200 406 219 212 476 648 637 634 644
1 3600 192
11
195 200 404 483 475 472 633 634 642 1066 229
1 3600 192
9
66 656 637 638 747 489 490 1181 1178
1 3600 196
11
26 703 698 708 655 651 477 213 214 1061 1062
1 3600 196
3
66 656 637
1 3600 196
12
1018 495 199 200 406 219 214 1169 1151 1097 143 138
1 3600 196
9
1079 737 734 1162 1065 1062 1099 1096 1148
1 3600 196
12
38 1101 1079 737 734 1162 1065 1062 1166 1231 953 731
1 3600 196
12
69 66 656 637 632 485 486 1151 1097 143 138 1212
1 3600 196
6
719 707 708 655 481 475
1 3600 142
9
70 655 651 477 472 640 1061 127 128
1 3600 142
12
29 26 703 698 708 197 200 406 219 216 103 100
1 3600 374
22
66 656 649 477 213 214 1061 1062 135 136 767 764 787 790 810 1051 303 304 503 496 1133 1128
1 3600 412
23
30 292 723 705 708 655 481 475 472 633 638 975 581 578 295 296 610 393 381 376 565 566 55
1 3600 257
26
737 734 1162 1065 1062 1099 671 669 666 909 183 186 846 1077 181 109 112 328 1009 1006 235 238 904 1119 1113 1114
1 3600 205
16
656 637 638 747 489 490 1181 1182 1175 1172 675 672 221 222 696 165
1 3600 294
21
43 38 383 386 495 199 194 734 1139 755 756 762 807 804 801 798 715 277 280 282 743
1 3600 412
15
483 478 219 216 1065 127 130 965 959 809 802 1224 1226 501 502
1 3600 412
20
199 196 71 72 1059 57 58 739 461 464 600 898 547 533 435 432 436 444 544 1104
1 3600 412
24
1127 719 707 699 700 724 1053 979 976 593 594 99 96 609 610 393 396 1119 1113 1114 1196 1201 47 44
1 3600 412
23
1080 495 199 200 406 219 214 1169 1151 1152 1181 1182 1095 1092 973 968 1008 1195 257 250 943 937 934
1 3600 412
24
43 40 1103 1079 737 734 1162 1065 1062 1166 1217 767 764 785 713 710 283 284 525 522 1154 1161 1158 1234
1 3600 412
17
551 552 41 42 292 723 289 290 27 21 24 684 688 752 1024 919 863
1 3600 257
26
1083 1088 755 758 131 128 1134 953 731 728 1213 139 142 1096 1152 1147 1144 1075 587 590 621 463 453 450 456 851
1 3600 46
7
551 552 1103 1100 383 386 495
1 3600 46
5
1103 1079 1080 495 492
1 3600 158
9
1083 1088 1138 735 736 1078 1102 553 550
1 3600 79
9
551 552 1103 1079 737 734 1139 1089 1084
1 3600 412
13
555 33 30 292 723 705 699 700 726 739 449 454 601
1 3600 316
15
1083 1088 755 758 131 126 1060 641 633 634 642 1066 229 232 590
1 3600 91
19
551 552 41 38 383 386 495 199 200 406 219 214 1169 1151 1097 143 140 154 1212
1 3600 40
6
105 102 1065 127 130 957
1 3600 142
7
1083 1088 981 982 521 516 824
1 3600 412
33
1083 1088 981 761 762 807 804 801 783 784 775 343 338 951 946 271 272 263 268 245 246 253 254 318 424 1034 841 844 1117 1114 1185 1015 995
1 3600 412
30
1088 755 758 965 962 137 132 731 728 665 666 909 569 207 117 114 166 174 109 112 328 1009 1006 235 236 1048 841 844 1204 1201
1 3600 374
25
555 552 1103 1100 383 384 717 707 708 655 651 477 472 485 490 1181 1182 1175 1172 675 672 111 108 175 176
1 3600 316
13
755 756 762 812 1032 631 628 303 300 353 354 748 471
1 3600 412
5
981 982 1026 1032 631
1 3600 412
29
105 102 217 214 1169 487 490 1181 1182 1095 1092 973 970 205 202 1013 401 398 564 53 50 986 988 992 998 441 436 444 544
1 3600 412
21
1103 1079 737 734 1162 1065 1062 1099 671 669 666 909 569 572 930 243 248 985 541 538 938
1 3600 412
23
755 758 965 959 793 788 798 715 277 278 351 345 348 951 817 818 929 930 243 246 260 541 538
1 3600 412
11
981 982 521 518 1136 837 832 1132 1125 917 914
1 3600 412
16
1085 1088 1138 1164 479 480 652 67 68 702 15 10 18 684 688 752
1 3600 412
12
1087 1088 1138 735 195 196 71 68 702 27 21 24
1 3600 257
7
1085 1088 1138 1164 407 201 198
1 3600 58
7
1085 1088 1138 735 736 1078 1102
1 3600 412
22
1087 1088 755 758 965 962 767 768 309 306 669 666 909 183 186 225 171 172 202 1013 549 149
1 3600 412
46
1087 1088 981 761 762 807 804 801 783 713 277 280 284 828 467 470 311 312 949 946 271 272 263 266 125 120 211 208 848 1077 697 223 87 81 84 172 202 415 375 367 368 376 565 399 400 549
1 3600 412
11
1087 1088 755 758 131 128 1134 953 731 728 1213
1 3600 125
3
1085 1088 755
1 3600 77
9
1085 1088 981 761 762 812 1030 1218 1131
1 3600 412
31
1087 1088 755 758 957 954 793 786 775 343 338 951 817 820 927 924 985 261 253 254 314 159 162 241 238 904 1187 1017 991 987 51
1 3600 412
29
1087 1088 755 758 965 962 767 733 728 665 666 909 183 186 225 89 81 82 674 973 365 362 901 395 396 1187 1188 1185 997
1 3600 412
24
1085 1088 755 756 762 807 804 810 1051 303 298 3 8 748 1192 1047 1045 949 946 929 573 207 117 118
1 3600 412
12
1085 1088 981 761 762 814 954 793 786 775 343 336
1 3600 412
10
1085 1088 981 982 521 516 824 1222 501 496
1 3600 412
25
1087 1088 1138 1164 479 475 476 648 637 634 642 1066 589 590 624 1071 599 596 547 335 330 1111 543 544 1106
1 3600 412
31
1085 1088 755 758 965 962 767 768 771 772 347 348 951 817 818 271 272 263 268 245 246 253 254 314 423 424 1036 1048 841 842 1072
1 3600 412
29
1087 1088 755 758 131 128 1134 953 731 728 665 666 909 183 184 848 1077 181 178 220 111 106 1176 257 250 966 1199 933 934
1 3600 412
14
1085 1088 981 982 521 516 822 832 1132 1125 917 413 408 1234
1 3600 99
8
417 420 149 146 899 891 881 865
1 3600 99
7
146 597 600 455 450 456 509
1 3600 99
5
607 604 889 886 873
1 3600 84
8
460 738 727 701 702 15 10 16
1 3600 229
17
895 605 602 613 616 97 98 595 583 584 647 635 632 473 474 480 654
1 3600 412
21
598 1070 1143 869 870 1074 1145 1146 491 486 1168 215 218 407 201 198 494 387 382 39 40
1 3600 412
23
417 420 548 1012 203 173 170 224 187 182 908 667 664 729 730 952 1135 961 964 759 754 1089 1084
1 3600 69
8
451 452 464 596 147 148 421 63
1 3600 112
8
897 895 605 606 1069 623 575 231
1 3600 112
13
153 145 148 548 401 402 426 377 380 392 611 608 97
1 3600 112
6
465 462 620 591 586 1074
1 3600 112
7
1120 1140 613 616 609 610 193
1 3600 112
11
62 420 548 1012 203 204 971 972 1093 1090 1210
1 3600 112
10
601 598 1070 1143 869 615 77 74 94 294
1 3600 164
12
887 890 455 452 462 575 231 228 1067 643 635 632
1 3600 412
32
92 535 435 432 440 999 996 1184 1189 1186 905 239 240 1002 425 319 255 252 247 242 211 206 568 908 667 668 670 1098 1063 1064 103 100
1 3600 412
36
535 532 323 320 986 990 1016 1186 905 239 240 163 158 315 255 252 247 244 269 262 921 926 821 816 948 313 310 749 355 356 507 503 500 1223 825 822
1 3600 116
4
600 898 547 533
1 3600 116
5
1069 599 596 547 335
1 3600 116
13
419 420 548 401 398 566 55 50 986 988 992 998 333
1 3600 112
7
148 548 401 398 564 377 369
1 3600 112
14
887 888 605 602 613 616 609 610 193 188 1175 1172 973 365
1 3600 216
21
453 454 898 547 335 332 999 1000 49 46 1200 1205 845 840 1035 425 422 315 316 1199 945
1 3600 412
34
92 535 532 323 320 51 52 377 369 366 361 364 968 1008 329 113 108 180 1076 849 209 210 121 124 267 262 273 270 947 948 1044 1046 661 662
1 3600 412
32
897 893 877 878 882 459 451 452 462 620 591 586 1074 1145 1146 1153 1097 671 307 308 771 772 279 276 710 743 359 299 304 504 1124 1190
1 3600 412
7
535 435 432 436 444 544 1104
1 3600 412
21
151 145 146 547 323 324 49 46 1200 1205 845 840 1049 1037 425 319 255 250 943 941 938
1 3600 412
25
897 895 605 606 1120 869 615 77 74 94 296 610 393 394 900 1011 1007 1004 315 316 1199 933 934 539 536
1 3600 412
31
602 613 616 609 610 193 188 1095 1092 675 83 80 88 226 696 1076 119 116 210 931 928 819 816 948 1044 1041 1038 795 796 1158 1232
1 3600 77
18
1179 1180 1147 295 95 75 76 612 1141 1142 1071 599 600 891 881 879 857 860
1 3600 103
20
1012 203 204 971 972 1173 1174 1183 1180 491 488 746 639 636 657 67 68 702 15 10
1 3600 103
7
97 98 595 592 977 61 56
1 3600 103
12
294 579 580 974 639 636 657 67 68 702 15 10
1 3600 62
10
231 228 741 738 727 701 698 706 716 910
1 3600 412
17
625 591 233 228 1067 977 978 1054 1056 73 70 709 704 722 293 31 32
1 3600 412
17
576 591 586 1074 1145 1146 1153 1097 1098 135 136 963 964 759 754 1089 1086
1 3600 114
7
230 574 463 464 596 147 144
1 3600 114
17
646 585 578 295 296 610 393 381 376 427 403 400 549 421 63 64 90
1 3600 114
5
617 612 603 604 889
1 3600 114
7
1141 1121 1069 599 600 898 147
1 3600 114
4
621 463 453 450
1 3600 114
8
230 574 463 464 596 147 144 150
1 3600 66
3
1144 99 75
1 3600 114
9
869 870 1074 595 583 584 838 645 635
1 3600 114
6
579 580 974 639 636 649
1 3600 114
8
588 1067 643 644 974 747 489 486
1 3600 114
7
97 98 1145 1146 1153 1097 1098
1 3600 114
6
188 1183 1180 1153 1097 1098
1 3600 114
8
575 231 228 1067 643 635 638 747
1 3600 171
8
1067 643 635 632 640 1061 1062 135
1 3600 412
35
609 610 193 188 1175 1172 675 83 80 86 179 175 167 115 116 206 572 275 270 947 950 469 466 829 525 526 7 4 301 302 499 496 1133 833 834
1 3600 91
11
296 610 393 396 1187 1017 995 989 987 321 322
1 3600 116
9
79 74 94 296 610 393 394 900 1011
1 3600 116
9
548 401 402 426 377 378 388 203 204
1 3600 116
18
646 585 578 295 296 610 393 396 1119 1113 1116 1204 1201 47 48 1001 998 1215
1 3600 116
10
616 609 610 193 188 1095 1092 973 365 360
1 3600 116
12
594 99 96 609 610 393 396 1187 1188 1185 997 998
1 3600 58
8
99 94 296 610 193 188 1175 1170
1 3600 242
15
620 591 586 1074 1145 1146 1153 1097 143 140 156 771 772 279 280
1 3600 412
25
231 228 1067 643 644 974 747 489 486 1151 1097 143 138 1212 729 732 764 787 788 798 1207 627 628 303 300
1 3600 412
14
401 398 564 53 50 986 988 992 998 441 436 444 544 1106
1 3600 412
14
581 578 295 296 610 393 396 1119 1113 1114 1196 1201 47 44
1 3600 412
14
578 1146 1181 1182 1095 1092 675 672 111 106 259 260 541 538
1 3600 412
25
609 610 193 188 1175 1172 973 968 1008 1195 1177 259 260 984 925 926 821 816 948 1044 1046 661 411 408 1159
1 3600 294
11
1060 641 633 634 642 1066 741 449 450 456 509
1 3600 84
7
636 657 658 1055 1052 57 58
1 3600 80
9
1149 1150 1168 215 218 407 201 198 494
1 3600 80
4
489 484 473 474
1 3600 80
14
139 142 1096 1150 487 484 473 476 650 654 709 706 718 723
1 3600 125
13
491 484 473 474 482 405 201 198 494 1081 1078 1102 553
1 3600 412
7
650 481 478 1165 1139 1089 1084
1 3600 164
11
638 975 581 582 594 1075 587 590 577 574 463
1 3600 93
8
212 472 485 490 1181 1182 189 190
1 3600 93
11
1182 189 192 611 608 617 614 868 1142 625 577
1 3600 93
9
633 638 975 839 585 582 594 99 96
1 3600 93
10
1181 1182 1095 1092 973 970 205 202 1013 619
1 3600 93
3
1147 295 296
1 3600 69
5
141 142 1096 1150 1168
1 3600 82
3
215 216 103
1 3600 82
8
307 308 769 766 1216 1231 1135 129
1 3600 82
5
729 732 764 787 792
1 3600 82
5
664 1213 155 156 769
1 3600 257
14
1180 1153 1097 1098 1166 1217 963 959 809 802 1224 1221 1218 1131
1 3600 343
26
671 669 666 909 569 207 117 114 166 174 109 112 328 1009 1006 1010 907 904 1187 1017 991 987 321 322 533 530
1 3600 56
15
1060 1169 1151 1152 1181 1182 1175 1172 973 365 362 907 902 841 842
1 3600 75
9
1065 1062 1099 671 669 666 909 569 572
1 3600 75
15
212 472 485 490 1181 1182 1095 1092 973 968 1004 315 316 1199 945
1 3600 75
14
154 1212 665 666 909 183 184 848 1077 697 223 220 111 112
1 3600 67
22
1175 1172 675 83 80 86 222 696 1076 849 209 210 931 928 947 950 469 466 829 830 743 744
1 3600 274
17
1153 1097 143 140 156 771 774 785 713 710 743 359 3 4 353 356 528
1 3600 412
23
1152 1181 1182 1095 1092 973 365 362 907 902 841 844 1204 1201 47 48 1001 998 1215 1111 543 544 1104
1 3600 412
22
212 476 648 657 658 1055 979 61 58 739 461 453 454 898 547 335 330 1214 999 1000 49 44
1 3600 412
17
665 668 307 308 771 343 340 345 348 951 817 820 927 924 985 541 536
1 3600 412
12
732 764 785 713 710 743 744 527 522 777 778 796
1 3600 412
16
768 309 306 670 1096 1152 1147 1144 1075 587 590 621 463 453 450 458
1 3600 316
12
1216 1167 1063 1064 217 218 479 480 652 658 1055 979
1 3600 65
5
101 102 1163 1164 407
1 3600 105
10
129 126 1064 1163 735 736 1078 1102 553 554
1 3600 105
9
1231 1135 961 959 955 815 763 760 980
1 3600 229
7
805 806 763 760 980 1089 1086
1 3600 412
17
765 766 137 134 1063 1060 641 633 634 642 1066 229 230 574 463 453 450
1 3600 158
11
808 958 960 1134 1230 1167 1099 1096 1152 1147 1144
1 3600 99
10
808 955 956 131 126 1064 217 212 476 648
1 3600 99
4
1167 1099 1096 1150
1 3600 99
5
758 131 126 1060 1169
1 3600 99
11
715 277 278 773 770 157 141 142 1096 1152 1181
1 3600 99
11
765 768 309 306 670 1096 1150 487 488 746 639
1 3600 75
5
964 957 815 763 760
1 3600 92
3
812 1027 1028
1 3600 92
9
136 963 959 809 802 1033 1030 1218 825
1 3600 92
6
954 793 790 810 627 630
1 3600 412
25
715 277 278 347 348 951 946 929 930 243 246 253 254 318 424 1034 841 844 1117 1114 1185 997 998 441 438
1 3600 205
14
102 217 214 641 485 490 1181 1182 1175 1172 973 365 362 907
1 3600 60
12
952 1230 1217 767 764 775 343 338 951 817 820 927
1 3600 86
7
1135 961 959 793 788 798 1207
1 3600 86
6
133 136 767 768 771 772
1 3600 86
16
130 957 815 807 804 801 783 713 710 831 828 467 470 311 312 949
1 3600 76
5
800 810 1051 303 300
1 3600 412
39
982 1026 1030 1220 1226 501 502 506 357 354 748 1192 1047 1045 949 946 271 272 263 268 245 246 253 254 314 159 162 241 238 904 1187 1017 1014 997 998 441 436 444 544
1 3600 412
19
733 728 665 666 909 569 207 117 114 166 174 109 106 1176 257 250 943 941 938
1 3600 412
12
764 775 343 338 951 817 820 927 924 985 541 538
1 3600 412
13
130 957 815 812 1030 1218 1222 501 502 504 917 413 408
1 3600 412
31
1129 1130 1219 1220 1225 803 808 958 962 137 134 1063 1064 1163 735 195 198 494 1019 911 717 718 723 289 290 27 21 24 684 681 678
1 3600 412
13
827 517 520 983 980 1138 1164 407 404 483 480 652 658
1 3600 294
14
1129 1130 1219 1031 813 814 956 131 126 1060 215 218 407 404
1 3600 152
19
1222 501 498 1050 811 791 786 765 766 137 134 1063 1064 1163 735 736 1078 1102 553
1 3600 114
6
813 763 757 754 1089 1084
1 3600 412
26
1029 1026 1032 631 626 1206 799 783 784 775 770 157 141 142 1096 1152 1147 295 95 75 76 612 603 604 894 896
1 3600 412
32
837 832 1132 1125 917 781 776 1156 1043 1040 1045 949 946 929 930 211 208 185 186 225 89 81 82 674 1093 1094 189 192 611 297 95 98
1 3600 205
16
631 626 1206 799 789 786 765 768 309 306 670 1096 1150 487 488 746
1 3600 100
9
1130 1222 1227 1225 803 806 814 956 131
1 3600 100
3
1031 813 763
1 3600 100
12
824 1222 501 502 305 298 358 742 711 712 782 800
1 3600 100
11
1132 497 498 629 626 811 791 792 958 960 1134
1 3600 133
3
1224 1226 1223
1 3600 412
36
1032 631 628 303 300 5 8 748 311 312 949 817 818 271 274 573 207 117 114 164 697 227 171 172 202 389 379 376 53 50 986 988 992 998 441 433
1 3600 412
24
1026 1032 631 626 1206 715 277 278 351 345 348 951 946 271 272 263 268 245 246 253 254 314 423 424
1 3600 274
27
1032 631 626 1051 303 298 3 6 527 524 828 467 470 1192 1047 1045 949 817 818 929 930 211 117 118 847 225 171
1 3600 82
9
1132 1125 917 914 1160 1039 1040 1045 949
1 3600 77
4
631 628 303 300
1 3600 77
6
631 626 1051 303 300 353
1 3600 412
42
823 824 1222 501 502 305 298 358 742 283 284 828 467 468 951 817 820 927 924 985 261 258 1176 1194 1009 1006 235 236 1048 841 844 1204 1201 47 48 1001 998 1215 1111 543 544 1106
1 3600 412
40
1129 1132 1125 505 506 357 354 748 311 312 949 946 271 272 263 266 125 120 211 208 848 1077 181 109 112 328 1009 1006 1010 901 395 396 1187 1188 1185 997 998 1215 1111 1108
1 3600 412
21
824 1222 501 502 506 357 352 5 6 527 522 1156 663 660 1047 1045 949 817 820 927 922
1 3600 412
10
521 518 835 832 1132 1125 917 413 408 1232
1 3600 316
11
989 987 321 322 546 899 891 881 865 862 918
1 3600 412
6
322 546 597 465 460 738
1 3600 412
25
320 986 988 994 1016 1186 905 906 363 364 972 1173 1174 1183 1180 491 484 473 474 480 654 709 704 289 286
1 3600 412
29
986 990 1016 1186 397 394 373 361 364 972 1093 1094 1183 1180 491 484 473 476 650 654 709 706 716 385 382 39 42 31 32
1 3600 412
33
447 437 440 999 996 1184 1115 1112 1118 397 394 373 374 414 203 173 170 224 187 182 908 667 664 729 730 952 1135 129 130 759 754 1089 1084
1 3600 100
8
54 567 399 400 549 149 144 152
1 3600 100
10
447 444 542 1110 331 334 546 147 144 150
1 3600 100
9
447 437 433 434 532 546 899 455 450
1 3600 76
18
531 435 432 440 999 996 1184 1115 1112 1118 397 392 611 297 294 579 584 838
1 3600 294
16
437 440 999 993 994 1016 1186 397 392 611 297 294 579 580 645 635
1 3600 412
29
986 990 1014 1184 1115 1116 845 840 1035 1003 163 158 315 255 252 247 244 269 262 273 270 819 816 950 339 342 774 787 792
1 3600 412
38
429 432 440 999 1000 49 46 1200 1205 845 840 1049 237 234 1007 1008 329 113 108 180 165 115 116 210 931 928 947 948 313 310 749 9 2 299 302 499 500 1223
1 3600 105
4
431 434 532 335
1 3600 107
7
323 320 51 52 377 378 390
1 3600 107
8
332 999 996 1184 1189 1186 905 239
1 3600 107
10
332 999 993 989 987 51 52 377 369 370
1 3600 107
9
542 1110 1214 999 1000 49 46 1200 1205
1 3600 107
3
444 542 1110
1 3600 107
6
51 54 567 564 377 378
1 3600 158
23
445 437 440 999 996 1184 1115 1116 845 840 903 906 1011 1007 1008 329 113 110 221 87 88 224 187
1 3600 412
25
440 999 1000 49 46 1200 1205 845 840 1049 1037 425 319 255 252 260 984 925 926 821 816 950 349 344 341
1 3600 412
23
994 1016 1186 905 239 240 163 158 315 255 252 247 244 269 262 273 270 947 948 1044 1046 1193 749
1 3600 274
9
986 988 992 998 441 436 444 544 1104
1 3600 412
7
50 986 988 992 1000 49 44
1 3600 412
25
532 323 320 51 52 377 369 366 374 414 203 173 170 226 696 1076 849 209 210 121 124 267 262 921 922
1 3600 412
27
534 93 65 62 420 548 1012 203 173 85 80 86 179 175 167 115 116 206 572 928 819 816 948 1044 1041 1038 1161
1 3600 343
13
1188 1196 1201 47 48 325 322 546 597 600 455 450 456
1 3600 274
16
49 46 1200 1197 1115 1112 1118 397 392 611 608 97 98 595 592 977
1 3600 274
27
1214 999 996 1184 1189 1186 905 906 363 364 972 1173 1174 1183 1180 491 484 473 474 482 405 201 198 494 387 382 1101
1 3600 412
22
903 906 363 364 972 1093 1094 1183 1180 491 486 1168 215 218 407 201 198 494 387 382 39 40
1 3600 412
34
1214 999 996 1184 1115 1116 845 840 1049 237 234 1007 1008 329 113 108 180 1076 847 187 182 908 667 664 729 730 952 1135 961 964 759 754 1089 1084
1 3600 127
14
972 1173 1174 189 192 611 608 617 614 868 1142 1071 623 463
1 3600 127
15
422 1005 969 972 1093 1094 189 192 611 608 617 612 603 606 1069
1 3600 179
10
1015 1016 1186 397 392 611 297 294 579 582
1 3600 179
12
205 202 415 375 372 395 392 611 297 95 98 595
1 3600 179
15
241 234 1007 969 972 1173 1174 189 192 611 297 294 579 582 592
1 3600 179
5
970 205 202 1013 619
1 3600 179
9
1115 1112 1118 397 392 611 608 97 98
1 3600 179
15
49 46 1200 1205 845 840 903 906 363 364 972 1093 1094 1183 1178
1 3600 179
10
391 371 368 380 392 611 608 617 614 868
1 3600 127
24
49 46 1200 1205 845 840 1035 425 319 255 256 1177 107 110 221 222 227 224 187 182 908 667 668 670
1 3600 127
14
1037 1003 163 158 1005 969 972 1173 1174 1183 1180 491 484 473
1 3600 242
14
374 414 203 173 170 224 187 182 908 667 664 729 730 133
1 3600 412
32
1118 905 239 240 1002 425 319 316 1199 933 934 539 540 984 925 926 821 816 950 349 346 279 276 714 1207 627 630 1224 1221 1218 825 826
1 3600 186
4
999 993 989 987
1 3600 186
12
362 907 904 1119 1113 1114 1185 997 998 441 436 446
1 3600 186
9
368 376 565 566 55 50 321 322 533
1 3600 186
6
47 48 1001 998 333 334
1 3600 186
10
1048 841 844 1204 1201 47 48 1001 998 441
1 3600 186
12
391 379 376 53 50 986 988 992 998 441 433 428
1 3600 186
13
1209 317 318 424 1034 841 844 1117 1114 1185 997 998 441
1 3600 186
4
47 48 1001 993
1 3600 152
5
900 1011 235 240 1002
1 3600 152
5
1115 1116 845 840 1049
1 3600 152
6
415 375 372 900 907 902
1 3600 179
4
840 1035 425 422
1 3600 179
13
1186 397 394 373 361 364 968 1008 1195 1177 259 247 244
1 3600 179
16
361 364 968 1008 329 113 108 180 1076 119 116 210 121 122 269 264
1 3600 179
9
361 364 968 1008 1195 1177 259 247 244
1 3600 179
8
370 388 203 173 85 80 88 226
1 3600 179
12
1015 1016 1186 905 239 240 163 158 315 255 252 247
1 3600 179
11
1037 425 319 255 252 260 984 249 242 931 275
1 3600 179
11
370 390 414 203 204 971 968 1008 329 113 106
1 3600 179
8
364 972 675 672 221 179 175 167
1 3600 179
10
999 996 1184 1115 1116 845 840 1035 425 422
1 3600 179
10
1209 967 251 256 1177 107 108 175 167 168
1 3600 179
9
900 1011 1007 1008 329 113 110 673 83
1 3600 142
17
394 373 374 414 203 173 170 224 846 849 209 206 572 275 270 947 948
1 3600 412
23
163 158 315 316 1199 945 941 539 540 984 925 926 821 816 950 469 466 829 525 526 745 359 299
1 3600 412
18
1209 317 314 159 162 241 238 904 1187 1017 1014 997 998 1215 1111 543 544 1106
1 3600 147
14
1189 1186 905 239 240 1002 425 319 316 967 943 937 934 938
1 3600 257
12
1049 1037 1003 163 158 315 316 1199 945 941 539 536
1 3600 412
22
234 1007 1008 329 113 110 221 222 696 165 115 116 210 931 928 947 948 1044 1041 1038 795 796
1 3600 412
22
568 183 186 225 89 81 84 172 202 1013 549 149 146 899 891 886 873 855 858 862 918 1023
1 3600 374
22
256 1177 107 110 673 674 1093 1094 1183 1180 491 488 746 639 636 657 67 68 702 27 21 22
1 3600 205
16
267 262 273 274 573 568 908 667 668 670 1098 1063 1064 217 218 407
1 3600 412
21
1198 317 314 1005 969 972 1173 1174 1183 1180 491 484 473 476 650 654 197 194 736 1078 1102
1 3600 412
16
224 187 182 908 667 668 307 308 769 766 963 964 759 754 1089 1084
1 3600 242
13
171 172 202 389 379 376 427 403 400 549 149 144 152
1 3600 187
9
82 674 1093 1094 189 192 611 608 617
1 3600 187
13
220 673 674 1173 1174 189 192 611 297 95 75 76 612
1 3600 187
12
1091 1092 973 365 360 367 368 376 565 399 400 619
1 3600 216
6
187 182 908 667 668 670
1 3600 216
10
969 972 1093 1094 1183 1180 491 486 1168 215
1 3600 216
7
1174 1183 1180 491 484 640 1061
1 3600 216
7
674 1173 1174 1183 1180 491 484
1 3600 216
10
180 1076 119 116 206 568 908 667 668 307
1 3600 216
12
942 251 256 1194 1009 969 972 1093 1094 1183 1180 1153
1 3600 216
17
251 256 1194 1009 1006 1010 901 395 392 611 297 294 579 584 647 635 636
1 3600 216
11
178 87 81 82 674 1173 1174 1183 1180 491 484
1 3600 205
13
262 273 270 819 816 950 339 342 774 787 792 958 960
1 3600 205
11
270 947 950 349 346 773 770 769 766 1216 1231
1 3600 205
9
568 908 667 664 729 730 952 1135 129
1 3600 374
22
167 115 116 206 572 928 819 816 948 1044 1046 661 662 1157 777 780 916 1124 1133 833 823 826
1 3600 205
16
174 109 112 328 1009 1006 235 238 904 1187 1017 995 992 998 441 433
1 3600 218
9
327 328 1009 969 365 360 367 368 376
1 3600 218
19
111 112 328 1009 1004 159 162 1002 1036 1048 841 844 1204 1197 1185 997 998 1215 1111
1 3600 218
7
423 424 1003 241 238 904 1187
1 3600 218
7
112 328 1009 969 970 205 202
1 3600 218
13
930 211 117 114 164 697 223 87 81 84 172 202 415
1 3600 218
18
927 920 263 268 245 246 253 254 318 424 1034 841 844 1204 1201 47 48 1001
1 3600 218
4
172 202 415 375
1 3600 218
4
1009 1006 1010 907
1 3600 218
8
1009 1006 1010 901 395 381 376 565
1 3600 218
14
111 106 1176 257 254 318 424 1036 1048 841 844 1204 1201 47
1 3600 218
12
966 317 314 1005 969 365 360 367 368 376 565 566
1 3600 218
6
109 112 328 1009 1006 235
1 3600 218
8
1198 317 314 1005 1006 1010 901 395
1 3600 218
12
120 211 208 848 1077 181 178 220 673 674 973 365
1 3600 218
7
317 314 159 162 1002 1034 841
1 3600 219
10
211 117 118 1077 697 223 220 673 674 1173
1 3600 219
5
184 209 210 243 248
1 3600 219
12
927 920 263 266 125 120 211 208 185 186 225 89
1 3600 219
6
848 1077 181 109 106 1176
1 3600 208
7
931 928 947 948 1044 1041 1042
1 3600 208
6
122 269 262 921 926 821
1 3600 208
21
675 83 80 86 222 696 1076 849 209 210 931 275 270 819 816 950 349 344 350 279 280
1 3600 208
10
984 925 926 821 816 950 349 346 279 276
1 3600 208
13
1008 1195 1177 259 247 244 269 262 273 270 947 948 313
1 3600 208
11
164 1076 849 185 182 908 667 668 307 308 771
1 3600 208
11
934 539 540 984 925 926 821 816 948 313 310
1 3600 208
12
175 167 115 116 206 572 928 947 950 339 340 350
1 3600 208
6
1123 269 262 273 270 819
1 3600 208
11
1195 257 252 247 242 931 928 947 950 349 346
1 3600 208
8
270 819 816 948 1044 1046 1193 471
1 3600 208
8
934 539 540 984 925 926 821 818
1 3600 164
16
1198 967 251 252 247 244 269 262 273 270 947 948 313 310 749 355
1 3600 412
18
944 1198 317 318 424 1036 1048 841 844 1117 1114 1185 997 998 1215 1111 543 544
1 3600 374
15
169 166 174 109 112 328 1009 1004 159 162 1002 1034 841 842 1072
1 3600 216
6
122 245 248 985 541 538
1 3600 216
3
250 943 941
1 3600 412
11
260 984 925 926 821 816 948 1044 1041 1038 1161
1 3600 412
29
285 281 278 773 770 157 141 142 1096 1150 487 488 746 975 645 642 1066 741 449 450 458 883 865 862 918 1025 693 694 1020
1 3600 412
14
811 805 808 955 956 131 126 1064 1163 735 195 196 71 72
1 3600 294
10
667 668 670 1098 1063 1064 1163 735 195 198
1 3600 412
10
712 784 765 766 1216 1167 1063 1064 103 104
1 3600 412
11
667 664 729 732 766 963 964 759 754 1089 1086
1 3600 412
23
1042 663 660 1193 471 468 339 342 770 157 141 142 1096 1152 1147 1144 1075 871 868 1121 607 604 889
1 3600 242
12
773 770 157 154 139 142 1096 1152 1147 1144 1075 871
1 3600 68
12
947 950 339 342 774 765 766 137 134 1063 1060 215
1 3600 121
8
745 742 711 712 782 789 792 955
1 3600 121
8
816 950 349 344 350 279 276 714
1 3600 121
7
830 711 712 784 765 766 1216
1 3600 121
4
285 281 276 714
1 3600 105
8
282 743 359 299 304 503 496 1133
1 3600 412
24
662 1043 1040 1045 949 946 929 930 243 246 253 254 314 423 424 1003 241 238 904 1187 1017 991 987 321
1 3600 128
19
524 828 467 468 951 946 271 274 573 207 117 114 164 697 227 171 172 202 415
1 3600 129
12
1040 1045 949 817 818 929 573 207 117 114 166 176
1 3600 129
6
1045 949 946 271 274 573
1 3600 129
11
277 278 347 348 951 817 818 271 272 263 266
1 3600 129
10
660 1047 1045 949 946 929 930 211 117 118
1 3600 129
14
831 828 467 468 951 817 820 927 924 985 541 538 935 932
1 3600 129
6
337 338 951 946 271 272
1 3600 129
14
285 281 278 773 770 309 306 669 666 909 183 186 846 119
1 3600 129
7
909 569 572 275 272 263 268
1 3600 133
3
469 470 311
1 3600 133
6
1206 715 277 278 351 341
1 3600 122
6
772 279 280 284 525 522
1 3600 122
3
627 630 1224
1 3600 122
10
282 743 744 7 4 301 302 499 500 1227
1 3600 122
15
667 664 1213 155 156 769 764 785 713 710 831 525 522 1154 795
1 3600 122
7
350 279 280 282 743 359 299
1 3600 122
7
525 526 7 4 353 356 507
1 3600 412
35
524 830 711 712 784 765 733 728 665 666 909 183 186 225 89 81 82 674 973 365 360 372 395 396 1119 1113 1114 1185 997 998 441 436 444 544 1104
1 3600 412
13
281 278 347 348 951 817 820 927 924 985 541 538 938
1 3600 274
11
284 828 467 468 951 817 820 927 924 985 541
1 3600 316
4
661 411 412 914
1 3600 412
25
500 1227 1225 803 806 814 956 131 126 1060 641 633 634 642 1066 229 232 590 624 1071 599 600 891 881 865
1 3600 412
20
916 1124 1133 833 836 1137 519 520 983 980 1138 1164 479 480 652 67 72 1059 725 561
1 3600 412
18
352 301 302 629 630 1033 1027 983 980 1138 735 736 1080 1019 911 717 707 699
1 3600 412
13
1133 833 834 519 520 983 980 1138 735 736 1078 1102 553
1 3600 412
8
1221 1031 813 763 757 754 1089 1086
1 3600 412
26
358 742 711 714 799 800 805 808 958 962 137 134 1063 1060 641 633 634 642 1066 229 230 574 622 599 600 891
1 3600 412
16
302 1050 811 791 786 765 733 728 1213 139 142 1096 1152 1181 1182 189
1 3600 257
13
498 629 630 803 806 814 956 131 126 1064 217 212 476
1 3600 152
7
1227 1225 803 808 958 962 137
1 3600 152
11
529 507 503 500 1223 1219 1031 813 814 956 131
1 3600 140
4
500 1223 825 517
1 3600 140
4
1191 1133 833 836
1 3600 140
8
505 503 500 1223 825 517 520 1028
1 3600 412
25
8 748 1192 1047 1045 949 946 929 930 243 246 253 254 314 159 162 241 238 904 1187 1017 995 992 998 441
1 3600 412
25
529 357 354 748 311 312 949 946 271 272 263 268 245 246 253 254 318 424 1036 1048 841 844 1117 1114 1185
1 3600 142
19
302 1050 1206 799 789 786 775 770 309 306 669 666 909 183 186 846 1077 165 166
1 3600 153
8
497 502 305 300 5 8 748 1192
1 3600 153
9
412 781 776 523 524 285 281 278 773
1 3600 153
12
357 352 5 2 358 742 283 281 278 351 341 336
1 3600 153
8
1225 631 626 1206 715 277 278 351
1 3600 153
4
523 524 828 467
1 3600 153
8
628 303 298 3 6 527 522 1156
1 3600 153
9
1229 501 502 305 298 358 744 527 524
1 3600 153
6
498 303 298 358 742 283
1 3600 155
6
352 5 6 527 522 777
1 3600 155
8
795 779 780 916 505 503 500 1227
1 3600 412
32
781 778 794 1039 1040 1045 949 817 818 929 930 243 246 253 254 314 423 424 1034 841 844 1204 1201 47 48 1001 998 1215 1111 543 544 1106
1 3600 412
29
917 914 797 794 1039 1040 1045 949 817 820 927 924 985 261 258 1176 1194 1009 1006 1010 901 395 396 1187 1188 1196 1201 47 44
1 3600 412
11
529 357 354 748 471 468 951 817 820 927 922
1 3600 412
14
1107 545 542 1110 331 334 546 597 600 891 886 877 857 858
1 3600 412
14
1107 545 445 437 433 434 532 546 597 465 453 448 738 727
1 3600 412
17
1107 545 445 437 440 333 334 546 899 455 448 738 59 56 1058 73 70
1 3600 412
23
1105 545 542 1110 331 334 546 597 465 460 738 59 60 978 1054 659 653 481 478 1165 1139 1089 1082
1 3600 412
24
1107 545 445 437 433 434 532 546 899 455 448 738 59 56 1053 1054 659 653 481 478 1165 1139 1089 1086
1 3600 412
8
1107 545 445 437 433 434 534 93
1 3600 412
12
1105 545 445 437 440 333 334 546 597 598 1070 1143
1 3600 412
24
545 542 1110 1214 999 993 989 987 51 52 377 378 388 203 173 85 80 88 224 187 182 908 667 668
1 3600 412
32
1105 545 445 437 440 999 996 1015 1016 1186 905 906 1011 1007 1008 329 113 108 180 1076 847 187 182 908 667 664 729 732 764 785 782 798
1 3600 412
28
545 542 1110 1214 999 996 1184 1189 1186 397 392 611 297 294 579 580 974 639 632 640 1061 127 130 957 815 812 1030 1218
1 3600 103
6
1105 545 445 437 433 430
1 3600 147
8
545 445 437 440 999 1000 49 46
1 3600 412
19
1105 545 542 1110 1214 999 1000 49 46 1200 1205 845 840 1049 237 234 1007 1008 329
1 3600 412
24
545 445 437 440 999 996 1184 1115 1116 845 840 1035 425 422 315 255 252 247 242 931 928 947 948 313
1 3600 412
44
1105 545 445 437 440 999 993 989 987 51 54 567 564 377 369 366 361 364 972 675 672 221 222 696 165 115 116 206 572 928 819 816 948 1044 1046 1193 749 355 352 301 304 504 1124 1190
1 3600 294
13
545 542 1110 1214 999 1000 49 46 1200 1205 845 842 1072
1 3600 412
29
545 445 437 440 999 993 989 987 51 54 567 399 400 1012 203 173 170 226 696 1076 849 209 210 121 124 267 262 921 922
1 3600 412
31
1105 545 542 1110 1214 999 993 994 1016 1186 905 239 240 163 158 315 255 252 247 244 269 262 273 270 947 948 1044 1046 661 411 408
1 3600 412
13
1109 1110 331 334 546 899 455 450 456 866 918 1023 1020
1 3600 412
15
45 48 325 322 546 597 465 453 450 456 851 852 687 25 22
1 3600 412
22
45 46 1200 1197 1115 1112 1118 397 392 611 297 294 579 584 647 635 636 649 650 654 197 198
1 3600 412
22
45 46 1200 1197 1189 1186 397 392 611 297 294 579 580 974 639 636 649 477 213 216 1163 1139
1 3600 412
27
939 940 942 251 256 1177 107 108 175 167 115 116 206 568 908 667 664 729 730 952 1135 129 130 759 754 1089 1086
1 3600 412
14
939 935 932 1198 317 314 1005 969 970 205 202 1013 549 421
1 3600 412
11
45 46 1200 1197 1115 1112 1118 397 392 611 297
1 3600 412
16
1073 843 840 903 906 363 364 972 1093 1094 1183 1180 491 488 746 639
1 3600 412
20
1073 843 840 903 906 363 364 972 1093 1094 1183 1180 1153 1097 1098 1166 1217 963 964 759
1 3600 412
28
1073 843 840 1035 425 319 255 252 260 984 925 926 821 816 950 349 346 279 276 714 1207 627 630 1033 1027 521 516 826
1 3600 205
11
1073 843 844 1204 1201 47 48 325 322 533 435
1 3600 53
6
45 48 1001 998 1215 1111
1 3600 133
13
45 46 1200 1205 845 840 1049 237 234 1007 1008 329 326
1 3600 412
14
939 539 540 984 249 242 931 928 947 950 349 346 279 276
1 3600 412
29
45 46 1200 1205 845 840 1049 1037 425 319 255 252 247 244 269 262 273 270 819 816 950 469 466 829 525 526 7 2 299
1 3600 343
20
939 940 944 1198 317 314 159 162 241 238 904 1187 1017 1014 997 998 441 436 444 544
1 3600 412
13
1073 843 840 1035 1003 163 158 315 316 1199 933 934 938
1 3600 171
6
939 539 540 984 925 922
1 3600 412
30
45 46 1200 1197 1189 1186 397 394 900 1011 1007 1008 329 113 108 180 1076 119 116 210 931 928 947 948 1044 1041 1038 1161 1158 1232
1 3600 412
27
539 540 261 258 107 110 673 674 1173 1174 189 192 611 608 617 612 603 604 894 893 873 855 858 862 918 1025 693
1 3600 412
21
538 935 936 942 251 256 1194 1009 969 970 205 202 1013 549 149 146 899 455 450 456 851
1 3600 412
22
923 920 273 274 573 568 908 667 668 670 1096 1150 1168 215 218 407 201 196 709 704 722 1126
1 3600 412
28
537 540 261 258 107 110 673 674 1093 1094 1183 1180 491 484 473 474 480 654 709 706 716 385 382 39 42 31 32 550
1 3600 412
19
540 984 925 926 821 816 950 339 342 774 787 790 805 806 763 760 980 1089 1086
1 3600 412
15
537 538 940 944 1198 317 314 1005 969 970 205 202 1013 549 421
1 3600 412
14
935 936 942 251 256 1194 1009 969 972 1173 1174 189 192 611
1 3600 412
14
923 920 273 274 573 568 908 667 668 670 1096 1150 487 488
1 3600 412
13
923 920 273 274 573 568 908 667 664 729 730 952 1135
1 3600 412
19
540 984 925 926 821 816 948 313 310 749 355 356 507 503 500 1223 825 822 836
1 3600 412
19
538 935 932 1198 317 318 424 1036 1048 841 844 1117 1114 1185 997 998 441 436 446
1 3600 108
10
923 924 985 261 258 1176 1194 1009 1006 1010
1 3600 47
7
539 540 984 249 244 123 124
1 3600 128
8
923 926 821 816 950 349 346 279
1 3600 412
17
537 540 984 249 242 931 275 270 947 948 1044 1041 1042 1157 777 780 916
1 3600 412
20
940 944 1198 317 314 159 162 241 238 904 1187 1017 995 992 998 1215 1111 543 544 1104
1 3600 205
20
537 538 940 942 251 254 318 424 1034 841 844 1204 1201 47 48 1001 998 1215 1111 1108
1 3600 412
5
537 540 984 925 922
1 3600 412
18
935 936 942 251 252 247 244 269 262 273 270 947 948 1044 1046 661 411 408
1 3600 412
32
1160 1155 523 524 830 711 712 784 765 766 1216 1167 1063 1064 217 212 476 648 657 658 1055 1052 57 58 739 461 453 450 458 883 879 857
1 3600 412
23
1233 409 410 660 1193 471 468 339 342 770 769 766 1216 1167 1063 1060 215 212 476 648 657 658 1055
1 3600 412
22
797 794 1155 523 526 745 742 711 712 782 789 792 958 960 129 126 1064 1163 735 736 1080 387
1 3600 412
10
915 916 1124 1133 833 834 519 520 983 980
1 3600 412
16
1233 1159 915 916 505 503 498 1050 811 805 806 763 757 754 1089 1084
1 3600 412
31
409 410 660 1047 1045 949 946 929 573 207 208 848 1077 697 223 87 81 84 172 202 389 379 376 427 403 400 549 421 63 64 90
1 3600 412
24
1235 1159 797 779 776 523 524 285 281 278 773 770 157 141 142 1096 1150 487 488 746 975 645 642 1066
1 3600 412
16
1160 1155 523 524 830 711 712 784 765 766 137 134 1063 1060 641 633
1 3600 412
17
1235 409 412 916 1124 497 498 629 626 811 791 792 958 960 1134 953 133
1 3600 412
10
1233 409 412 916 1124 1133 833 834 519 520
1 3600 412
27
1233 1159 1160 1039 1040 1045 949 946 271 274 930 211 208 185 186 225 171 172 202 415 391 379 376 53 50 321 322
1 3600 412
21
409 410 660 1047 1045 949 817 818 929 573 207 117 114 166 174 178 87 81 84 172 202
1 3600 412
21
797 794 1039 1040 1045 949 946 271 272 263 266 125 120 211 117 118 1077 697 223 220 673
1 3600 137
4
1233 409 410 660
1 3600 63
3
1233 1159 1160
1 3600 412
38
1235 1159 915 781 776 1156 1043 1040 1045 949 817 818 271 272 263 268 245 246 258 1176 1194 1009 1006 1010 901 395 396 1119 1113 1114 1185 997 998 441 436 444 544 1104
1 3600 412
26
1159 797 794 1039 1040 1045 949 946 271 272 263 268 245 246 253 254 318 424 1036 1048 841 844 1204 1201 47 44
1 3600 412
14
1233 409 410 660 1047 1045 949 817 820 927 924 985 541 538
