400
1 3600 525
8
307 304 310 702 319 316 373 368
1 3600 525
7
362 370 321 322 366 97 98
1 3600 525
8
807 319 314 358 25 26 103 100
1 3600 525
7
370 51 54 100 332 395 392
1 3600 525
14
351 348 381 289 284 333 334 698 700 764 810 820 377 281
1 3600 525
10
593 329 326 369 363 360 820 377 281 282
1 3600 525
8
807 319 316 373 368 327 328 590
1 3600 525
11
283 280 376 821 361 315 318 703 131 128 828
1 3600 525
4
702 319 314 358
1 3600 510
11
629 255 260 632 619 267 268 562 69 72 521
1 3600 510
17
278 745 629 630 159 154 408 638 650 643 644 471 472 119 116 573 574
1 3600 510
24
811 808 359 315 318 703 311 305 306 153 156 241 236 545 291 91 88 556 834 585 588 600 69 72
1 3600 510
25
274 571 568 629 630 159 154 410 502 652 656 658 643 43 40 690 707 297 298 475 472 119 116 573 576
1 3600 510
28
371 372 317 318 806 275 270 173 174 759 457 185 182 186 13 14 198 216 293 91 92 469 464 405 406 562 69 72
1 3600 510
32
29 24 359 315 318 703 311 305 308 331 153 156 619 267 264 469 466 550 419 420 553 67 62 801 75 76 438 450 647 644 471 472
1 3600 510
8
50 321 324 328 477 45 46 826
1 3600 510
27
278 745 629 255 256 185 182 186 188 192 196 718 740 137 138 345 346 485 486 585 588 600 69 72 475 472 119
1 3600 510
10
359 362 368 327 325 322 366 97 98 814
1 3600 510
32
765 567 570 275 270 399 400 695 143 144 615 616 759 457 239 236 545 291 91 92 437 434 663 641 638 650 643 43 40 471 472 119
1 3600 510
7
96 367 323 324 328 477 45
1 3600 510
17
283 278 745 629 630 635 632 619 267 268 562 69 72 475 472 119 120
1 3600 510
13
280 376 821 361 315 318 703 131 132 313 49 44 478
1 3600 510
19
153 154 410 502 652 656 658 643 644 690 707 297 298 475 472 119 116 573 574
1 3600 510
6
273 274 807 703 311 49
1 3600 510
7
477 45 48 305 308 515 512
1 3600 510
37
700 567 568 629 255 258 564 457 185 182 186 190 207 202 228 234 179 180 485 482 481 413 37 34 803 801 79 80 438 448 532 39 40 690 707 297 294
1 3600 510
17
829 711 705 313 305 306 153 154 408 638 650 643 644 471 472 119 122
1 3600 510
15
829 129 130 702 319 316 373 368 327 325 322 366 97 98 814
1 3600 510
33
278 273 270 626 141 144 623 624 759 457 239 236 559 560 293 91 94 176 497 485 486 835 403 406 562 69 72 475 472 119 116 573 578
1 3600 517
47
581 381 289 284 333 101 102 27 30 700 567 568 629 255 256 185 182 163 17 14 196 718 740 137 134 795 597 537 519 507 383 251 245 248 529 524 443 444 441 438 450 793 39 40 690 675 676
1 3600 517
34
607 331 153 156 619 267 264 93 88 556 834 87 82 420 553 554 65 62 801 459 460 453 454 666 9 2 713 714 107 104 749 752 19 22
1 3600 724
15
129 132 313 305 306 153 154 410 502 652 656 658 643 43 38
1 3600 724
50
351 348 381 289 286 387 365 323 320 371 372 317 318 806 275 270 399 355 356 143 144 615 616 759 457 185 182 186 188 194 200 202 228 234 137 134 795 649 595 537 519 507 383 251 252 664 669 5 2 762
1 3600 512
13
272 745 629 630 635 632 241 242 540 11 12 190 732
1 3600 512
6
570 275 270 399 400 689
1 3600 512
6
317 314 360 820 377 374
1 3600 512
12
359 315 318 806 571 568 629 255 256 185 182 163
1 3600 512
4
283 278 273 270
1 3600 512
18
348 381 289 284 395 396 29 24 359 315 318 806 275 270 173 174 759 457
1 3600 512
15
379 289 284 333 101 55 50 371 363 315 318 806 275 270 626
1 3600 512
7
700 567 570 275 270 399 400
1 3600 512
11
607 331 153 158 635 261 258 564 758 617 614
1 3600 512
7
821 811 765 567 568 629 630
1 3600 512
21
583 381 289 286 387 390 367 323 324 326 369 372 317 318 806 275 270 399 355 352 141
1 3600 512
8
317 318 806 571 568 629 255 256
1 3600 512
4
570 275 270 399
1 3600 512
12
348 381 289 284 333 334 698 700 567 568 629 630
1 3600 512
11
359 315 318 703 311 305 306 153 158 635 636
1 3600 512
8
132 313 305 306 153 156 241 238
1 3600 441
7
593 477 45 48 305 306 153
1 3600 441
6
711 705 313 305 306 153
1 3600 441
14
697 698 700 567 568 629 255 260 632 619 267 268 562 601
1 3600 441
15
315 318 806 275 272 745 629 630 159 154 408 640 603 598 822
1 3600 441
16
700 567 568 629 255 260 632 619 267 264 437 434 663 641 433 430
1 3600 426
23
132 313 305 308 331 153 156 241 236 545 291 91 88 549 546 550 419 420 553 67 64 708 722
1 3600 724
41
379 289 284 395 396 29 24 359 315 318 806 275 270 173 174 759 457 239 236 559 560 293 91 94 180 485 341 336 489 481 413 37 34 61 56 523 524 443 446 669 666
1 3600 724
19
705 313 305 306 153 154 408 640 660 553 33 34 803 801 75 76 440 454 5
1 3600 467
24
394 333 101 102 27 24 809 810 820 377 281 278 745 629 255 258 564 457 185 182 163 17 14 196
1 3600 467
30
593 329 326 369 363 315 318 806 275 270 399 355 356 143 144 623 624 759 457 185 182 186 188 194 200 202 226 817 799 796
1 3600 314
11
567 568 629 255 256 239 236 559 560 211 214
1 3600 724
24
609 591 477 45 48 305 306 153 156 619 267 264 469 466 547 405 402 834 487 482 488 493 494 537
1 3600 724
26
583 381 289 284 395 396 29 24 809 810 820 377 281 278 745 629 630 159 154 410 502 652 654 65 62 801
1 3600 724
26
367 323 320 371 372 317 318 806 275 270 626 141 144 615 616 759 457 185 182 163 17 14 198 213 208 728
1 3600 724
29
351 348 381 289 284 333 334 698 700 567 568 629 255 260 632 241 236 545 291 91 94 176 497 347 342 795 597 537 519
1 3600 126
11
473 474 73 68 563 269 266 618 157 152 330
1 3600 126
16
513 514 309 304 310 702 319 314 358 25 28 397 394 285 288 380
1 3600 126
6
44 476 329 325 322 364
1 3600 126
22
123 118 473 470 645 642 651 639 409 155 158 631 628 569 566 701 699 335 332 285 286 818
1 3600 126
31
68 601 589 584 835 557 89 90 290 544 237 242 277 161 162 183 184 257 254 628 569 566 701 31 26 53 50 321 324 328 592
1 3600 126
33
572 117 118 473 474 299 296 706 691 41 42 642 659 657 653 503 411 155 152 307 304 312 133 130 702 319 314 362 370 321 322 364 386
1 3600 97
19
121 118 473 474 73 68 563 407 404 465 468 265 266 618 157 152 330 515 512
1 3600 109
15
479 45 48 305 308 331 153 154 408 638 650 643 644 690 707
1 3600 109
11
575 572 117 118 473 474 299 296 706 675 676
1 3600 109
4
473 470 690 675
1 3600 344
23
513 514 331 153 156 619 267 268 562 601 602 660 553 33 34 803 801 79 80 438 448 530 714
1 3600 724
25
47 48 305 306 153 156 619 267 264 469 466 550 419 420 553 67 62 801 75 76 440 454 666 9 2
1 3600 97
29
295 296 706 691 645 646 451 439 77 74 800 63 66 552 421 418 491 483 484 181 95 90 292 561 558 237 240 633 261
1 3600 120
8
124 514 331 153 154 408 433 430
1 3600 120
12
577 572 117 118 473 470 41 42 642 651 639 409
1 3600 120
29
47 44 476 329 326 369 363 315 318 806 275 270 173 174 759 457 239 236 545 291 91 88 556 834 585 588 600 69 70
1 3600 129
15
123 118 473 470 41 38 533 449 439 81 78 800 63 64 708
1 3600 724
11
118 473 470 41 38 533 530 712 3 8 670
1 3600 724
11
520 299 296 706 691 41 38 533 530 712 3
1 3600 381
19
123 118 473 474 73 68 601 589 584 487 484 496 785 139 136 741 719 225 203
1 3600 278
11
513 514 331 153 156 241 236 559 560 217 213
1 3600 426
14
579 572 117 118 473 474 73 68 563 407 402 834 487 482
1 3600 724
31
47 48 310 702 806 571 568 629 255 256 185 182 186 188 192 196 718 740 137 134 795 649 595 537 519 507 510 385 251 252 664
1 3600 724
31
815 99 96 367 323 320 371 363 360 820 377 281 278 745 629 255 258 564 457 185 182 186 190 207 202 228 230 738 779 771 772
1 3600 724
16
473 470 645 646 451 439 440 445 442 525 528 249 244 250 382 506
1 3600 195
32
677 674 691 645 642 659 657 653 639 640 662 435 436 93 90 292 217 199 193 189 187 183 184 456 758 175 172 271 274 807 319 314
1 3600 98
12
805 681 674 707 297 298 475 472 119 116 573 578
1 3600 98
6
691 471 472 119 116 573
1 3600 98
7
679 674 707 297 298 475 472
1 3600 131
10
691 41 38 533 530 716 754 113 114 222
1 3600 89
5
681 674 691 41 38
1 3600 89
10
296 706 691 645 646 451 448 530 714 113
1 3600 724
8
18 753 748 105 106 715 712 762
1 3600 402
30
20 115 112 715 712 3 4 668 665 253 250 382 506 518 536 596 794 135 136 235 229 203 206 191 187 183 184 456 565 259
1 3600 113
25
23 18 223 109 110 112 755 717 712 3 8 667 455 452 461 458 800 802 35 32 552 661 641 409 155
1 3600 110
8
474 73 68 601 602 641 638 503
1 3600 110
10
805 681 674 691 645 642 659 657 654 708
1 3600 201
11
23 18 753 303 300 105 106 715 712 3 6
1 3600 724
9
679 674 691 41 38 533 530 712 3
1 3600 724
20
298 73 68 563 407 404 548 89 90 292 211 214 220 727 724 776 771 768 165 166
1 3600 402
9
691 645 642 651 639 640 662 435 436
1 3600 362
14
470 41 38 792 451 439 77 74 459 462 525 522 57 58
1 3600 557
9
677 674 691 645 646 451 439 440 445
1 3600 724
25
223 115 112 715 531 449 439 81 78 800 802 35 36 412 480 483 484 496 177 178 741 719 720 727 728
1 3600 724
19
833 805 681 674 691 41 38 792 451 439 440 445 446 665 253 250 384 511 506
1 3600 724
14
42 642 651 503 411 155 158 631 628 569 566 701 31 26
1 3600 289
28
748 105 106 755 717 712 3 4 455 441 77 74 800 63 66 552 421 418 551 467 468 265 266 618 157 152 330 515
1 3600 84
3
40 690 675
1 3600 84
9
112 715 531 532 39 40 690 707 297
1 3600 154
6
105 106 715 531 532 39
1 3600 114
4
38 533 530 716
1 3600 724
21
42 642 659 657 653 639 640 603 600 563 269 266 618 633 634 631 628 744 279 280 374
1 3600 452
22
109 110 112 755 717 712 3 8 667 668 447 442 525 522 57 60 35 32 552 661 603 600
1 3600 150
10
748 105 106 715 531 449 450 647 642 659
1 3600 82
6
110 112 715 712 3 8
1 3600 452
6
109 106 755 717 712 3
1 3600 724
27
110 112 715 712 3 4 668 665 247 244 250 382 506 518 536 594 648 794 135 136 235 230 738 779 771 768 786
1 3600 724
23
303 300 105 106 715 531 449 439 81 78 800 802 35 36 412 85 86 835 557 89 90 292 217
1 3600 517
17
105 110 112 755 717 712 3 8 667 455 452 692 525 528 429 424 57
1 3600 426
4
792 451 439 77
1 3600 724
28
106 715 712 3 4 455 452 461 458 800 63 64 555 552 421 422 480 488 337 340 484 181 95 90 292 211 208 728
1 3600 724
15
748 105 110 112 715 712 3 8 667 668 665 253 250 382 506
1 3600 724
23
757 717 531 532 39 42 642 651 503 411 155 158 631 628 569 566 701 699 335 332 285 286 818
1 3600 724
7
713 531 532 39 40 471 474
1 3600 557
7
761 713 531 532 39 40 690
1 3600 71
5
761 713 714 107 108
1 3600 724
18
531 449 439 81 78 800 63 66 552 421 418 551 467 468 265 266 618 633
1 3600 724
11
717 531 532 39 40 690 707 297 298 73 70
1 3600 724
6
717 531 449 450 647 642
1 3600 329
4
717 712 3 8
1 3600 724
20
763 3 4 668 665 247 244 250 384 511 506 518 536 596 794 135 136 741 233 230
1 3600 724
19
717 712 3 8 667 455 441 77 74 800 802 35 36 412 85 86 835 403 404
1 3600 724
18
757 717 712 3 4 668 447 442 525 522 57 60 35 32 552 421 83 84
1 3600 724
12
3 8 667 455 445 442 525 528 249 244 250 382
1 3600 724
28
761 3 4 455 452 461 458 800 63 64 555 552 421 422 480 483 484 347 344 784 177 178 235 230 738 779 771 772
1 3600 724
16
757 717 531 449 439 81 78 459 462 525 528 249 244 250 382 506
1 3600 187
16
616 625 622 145 142 694 401 398 271 274 807 319 314 358 25 26
1 3600 187
15
622 145 140 627 271 274 807 319 314 358 25 28 397 394 285
1 3600 187
6
375 376 821 811 765 701
1 3600 187
8
357 354 398 271 274 807 319 314
1 3600 187
16
613 616 175 172 271 272 279 280 376 821 811 808 25 28 397 394
1 3600 187
11
142 694 401 398 271 274 807 319 316 373 370
1 3600 187
9
259 254 628 569 566 701 699 335 332
1 3600 97
20
174 759 457 239 236 545 291 91 88 549 405 406 562 69 72 475 472 119 116 573
1 3600 452
22
623 624 759 457 185 182 163 17 14 196 718 740 179 180 485 486 585 588 600 69 72 475
1 3600 724
26
733 207 202 228 234 137 134 795 339 336 489 481 413 37 34 61 56 523 524 443 444 454 5 2 713 714
1 3600 724
34
174 759 457 185 182 186 13 14 198 213 210 293 91 88 556 834 87 82 420 553 554 65 62 801 459 460 453 454 666 9 2 713 716 756
1 3600 193
3
399 400 695
1 3600 193
6
621 624 759 565 259 260
1 3600 189
3
259 260 632
1 3600 189
10
143 144 623 624 759 457 185 182 163 160
1 3600 189
6
630 635 632 241 236 545
1 3600 189
5
182 163 160 276 243
1 3600 189
7
615 616 759 457 239 242 277
1 3600 189
16
356 143 144 623 624 759 565 259 260 632 619 267 268 562 69 70
1 3600 329
18
355 352 141 144 615 616 759 457 239 236 545 291 91 92 437 434 663 641
1 3600 724
8
630 159 154 410 502 650 643 646
1 3600 724
23
17 14 196 718 740 179 176 497 485 341 336 493 494 537 519 507 383 251 245 246 664 669 5
1 3600 165
18
564 457 185 182 186 188 194 200 202 226 817 799 735 738 779 771 768 786
1 3600 165
16
747 141 144 623 624 759 457 185 182 186 190 207 202 226 817 799
1 3600 165
4
399 400 689 685
1 3600 165
13
564 457 185 182 186 188 194 200 202 226 817 799 796
1 3600 165
17
813 615 616 759 457 239 236 559 560 211 214 220 727 724 776 771 766
1 3600 168
19
695 143 144 623 624 759 457 239 236 545 291 91 94 176 785 345 342 795 649
1 3600 168
9
733 207 201 195 192 198 213 214 218
1 3600 381
21
144 615 616 759 565 259 260 632 619 267 264 469 466 550 419 420 553 33 34 61 56
1 3600 724
16
457 185 182 163 17 14 196 718 740 137 134 795 597 537 519 507
1 3600 724
14
144 623 624 759 457 185 182 186 188 192 198 213 208 728
1 3600 724
15
239 236 559 560 293 91 94 180 485 341 336 498 595 537 519
1 3600 71
28
823 599 600 563 269 266 618 157 152 307 304 312 133 130 702 319 314 362 370 51 52 103 100 332 285 288 380 349
1 3600 78
17
601 589 584 835 557 89 90 290 544 237 240 157 152 330 515 125 126
1 3600 78
8
267 268 562 69 72 475 472 119
1 3600 122
20
432 638 652 654 65 62 801 79 80 438 448 530 716 754 113 111 104 301 302 750
1 3600 517
5
432 638 650 643 43
1 3600 724
21
823 599 602 660 553 33 34 61 56 425 428 529 524 443 446 669 666 9 2 713 716
1 3600 91
18
589 586 435 436 93 90 290 544 237 238 456 758 617 614 145 140 353 354
1 3600 91
3
155 158 635
1 3600 91
9
542 618 633 261 258 564 758 625 622
1 3600 106
5
276 243 240 619 267
1 3600 81
8
263 264 437 434 663 660 553 67
1 3600 81
3
410 502 652
1 3600 482
17
263 264 469 464 405 402 834 87 84 413 37 34 803 801 75 76 438
1 3600 724
17
542 267 264 469 466 550 419 420 553 67 62 801 459 460 453 454 5
1 3600 88
12
823 599 589 584 487 484 181 178 741 233 230 736
1 3600 101
8
276 243 236 545 291 91 88 549
1 3600 101
5
542 618 241 236 559
1 3600 101
7
236 545 291 91 88 549 465
1 3600 100
7
602 660 553 33 34 61 56
1 3600 426
12
823 599 602 660 553 554 65 62 801 79 80 440
1 3600 724
10
156 241 242 540 11 14 196 720 727 728
1 3600 724
11
432 640 662 587 584 487 341 338 597 537 519
1 3600 301
9
411 155 152 307 304 310 702 319 314
1 3600 111
12
554 655 656 658 643 644 471 472 119 116 573 578
1 3600 52
9
663 641 638 650 643 644 690 675 678
1 3600 150
12
67 62 801 75 76 438 448 530 714 107 104 301
1 3600 724
12
654 65 62 801 459 460 453 454 666 9 2 760
1 3600 289
14
552 421 418 551 547 548 89 90 290 544 237 238 456 565
1 3600 72
9
66 552 661 603 600 563 269 266 618
1 3600 72
6
723 709 655 653 503 504
1 3600 147
4
652 654 708 722
1 3600 64
14
652 654 555 33 34 61 56 523 524 443 446 669 5 6
1 3600 724
13
501 502 652 654 65 62 801 79 80 440 454 666 9
1 3600 381
16
501 411 408 640 662 587 584 487 484 347 344 139 136 235 230 734
1 3600 96
6
709 555 552 421 83 86
1 3600 86
6
723 709 555 552 421 422
1 3600 86
3
640 660 421
1 3600 124
12
501 502 652 654 65 66 33 34 61 56 425 428
1 3600 724
14
657 653 639 640 662 435 436 93 90 292 217 213 208 728
1 3600 724
11
709 555 552 421 418 491 488 493 494 537 519
1 3600 724
16
532 39 42 642 651 639 409 155 158 631 628 569 566 701 31 26
1 3600 517
10
647 642 651 639 409 155 152 330 515 512
1 3600 160
8
448 530 714 113 111 104 749 750
1 3600 69
5
7 2 713 714 107
1 3600 452
3
9 2 760
1 3600 724
20
451 439 77 74 800 802 35 36 412 480 483 484 496 177 178 741 719 197 15 16
1 3600 362
16
647 642 659 657 653 639 640 603 600 563 407 404 548 89 90 290
1 3600 53
12
671 667 668 447 442 463 458 800 63 66 552 661
1 3600 249
5
530 712 3 8 670
1 3600 724
22
451 439 440 445 446 665 253 250 384 511 506 518 536 594 648 794 135 136 235 229 203 206
1 3600 452
12
647 642 651 639 640 662 435 436 93 90 292 217
1 3600 131
9
451 439 81 78 459 462 525 522 57
1 3600 57
5
7 4 455 441 77
1 3600 724
22
439 77 74 800 802 35 36 412 480 488 337 338 794 135 136 741 233 230 738 779 771 772
1 3600 724
8
671 667 668 665 253 250 382 506
1 3600 724
26
4 668 665 253 250 382 506 518 536 495 492 489 490 551 467 468 265 266 618 633 261 254 628 744 279 282
1 3600 724
30
8 667 455 452 461 458 800 63 64 655 653 503 411 155 152 307 304 310 702 319 316 373 368 327 325 322 366 97 98 814
1 3600 724
9
2 713 531 532 39 40 690 675 676
1 3600 249
6
2 713 716 754 113 114
1 3600 241
3
2 713 716
1 3600 724
32
4 455 441 81 78 800 802 35 36 412 85 86 835 557 89 90 290 544 237 242 277 161 162 183 184 257 254 628 744 279 280 374
1 3600 724
13
8 667 455 441 77 74 800 63 64 655 653 639 433
1 3600 658
11
4 668 447 442 463 458 800 63 64 655 656
1 3600 106
3
2 713 531
1 3600 724
18
8 667 668 665 247 244 250 384 511 506 518 536 596 794 135 136 741 719
1 3600 724
19
4 455 445 442 525 528 429 424 57 60 35 36 412 480 483 484 181 95 90
1 3600 724
9
8 667 668 447 442 525 522 57 58
1 3600 206
4
4 455 445 442
1 3600 724
24
8 667 668 665 253 250 382 506 518 536 594 648 794 343 344 784 177 178 235 230 738 779 771 772
1 3600 724
8
4 668 665 247 244 250 382 506
1 3600 213
18
197 15 12 187 183 184 257 254 628 744 279 280 376 821 361 362 370 321
1 3600 402
23
724 774 780 739 231 234 137 138 345 346 485 486 585 588 600 69 72 475 472 119 116 573 578
1 3600 724
18
735 231 234 179 176 497 485 486 585 586 663 641 638 650 643 644 690 707
1 3600 724
17
224 720 221 215 212 216 293 91 92 437 434 663 641 638 650 643 43
1 3600 724
20
739 231 232 740 137 134 795 649 595 537 519 507 383 251 252 664 669 5 2 760
1 3600 319
13
171 164 769 770 777 725 209 210 561 558 237 240 633
1 3600 319
6
687 684 688 695 357 352
1 3600 319
10
683 684 688 695 143 144 615 616 759 457
1 3600 319
17
734 798 816 227 203 201 195 189 187 183 184 456 758 617 614 145 140
1 3600 319
11
769 770 777 725 726 721 197 15 16 162 183
1 3600 319
8
687 684 688 695 143 144 623 620
1 3600 319
4
684 688 401 398
1 3600 319
11
797 798 816 227 203 206 191 187 183 184 456
1 3600 319
6
148 174 759 457 185 182
1 3600 293
8
10 541 243 240 157 154 410 504
1 3600 293
14
770 778 739 231 234 179 180 485 486 585 586 663 641 433
1 3600 293
16
201 195 192 198 216 293 91 88 556 403 406 562 601 602 641 409
1 3600 482
18
783 775 725 726 721 718 740 137 138 345 346 485 482 481 423 420 553 554
1 3600 724
21
731 205 202 228 232 740 179 176 497 485 482 481 413 37 34 803 801 75 76 438 450
1 3600 724
21
731 205 202 228 234 137 134 795 597 537 519 507 510 385 251 245 246 664 669 666 9
1 3600 321
8
205 202 226 817 799 735 738 781
1 3600 321
8
148 174 759 457 185 182 186 190
1 3600 321
7
770 778 739 734 798 816 830
1 3600 321
3
738 781 782
1 3600 317
5
14 198 216 293 91
1 3600 317
16
683 684 688 695 143 144 615 616 759 457 185 182 163 160 276 540
1 3600 317
13
169 164 769 770 777 725 209 210 293 91 94 176 785
1 3600 317
5
195 192 198 213 214
1 3600 317
17
684 688 695 143 144 623 624 759 457 185 182 186 13 14 196 718 740
1 3600 317
8
739 231 229 224 720 221 215 210
1 3600 317
5
737 231 234 179 95
1 3600 317
14
171 164 769 770 777 725 209 212 216 293 91 92 265 268
1 3600 317
15
789 769 770 777 725 726 221 215 210 293 91 88 549 546 467
1 3600 317
6
816 227 228 232 740 179
1 3600 317
12
171 164 769 770 778 739 231 234 179 95 92 469
1 3600 317
7
769 770 777 725 209 212 216
1 3600 317
4
740 137 138 345
1 3600 233
17
798 816 227 224 720 221 215 210 293 91 88 556 834 87 84 413 414
1 3600 724
18
195 192 198 216 293 91 94 180 485 482 481 413 37 34 803 801 79 80
1 3600 289
6
164 769 770 777 725 728
1 3600 724
11
192 196 718 740 137 134 795 649 595 537 519
1 3600 278
14
467 468 265 266 618 633 634 631 628 569 566 701 699 696
1 3600 301
9
403 406 269 266 618 157 152 330 515
1 3600 482
12
210 293 91 92 437 434 663 641 638 650 643 644
1 3600 724
14
88 556 834 87 82 420 553 554 655 656 658 643 43 38
1 3600 724
18
137 134 795 649 499 489 490 419 420 553 67 62 801 75 76 438 448 530
1 3600 181
10
219 215 212 199 15 10 541 243 240 633
1 3600 181
13
339 340 484 496 177 95 90 290 544 237 238 456 758
1 3600 187
5
406 562 601 598 822
1 3600 187
9
135 136 741 719 197 15 10 541 277
1 3600 187
6
216 561 558 237 240 619
1 3600 187
6
549 405 406 562 69 70
1 3600 187
4
243 240 157 154
1 3600 120
11
215 210 293 91 92 437 434 663 641 638 650
1 3600 658
16
556 834 87 84 413 37 34 61 56 523 524 443 444 454 5 6
1 3600 724
20
216 293 91 94 180 485 341 336 493 494 537 519 507 383 251 252 664 669 666 9
1 3600 195
15
484 181 95 90 292 211 214 220 727 724 776 771 768 165 170
1 3600 195
19
136 741 719 197 193 189 187 183 184 456 758 625 622 145 142 694 689 685 686
1 3600 195
6
548 89 94 178 235 230
1 3600 195
4
540 11 14 196
1 3600 195
8
95 90 292 211 208 724 774 782
1 3600 195
15
468 93 90 292 217 213 214 220 721 225 226 817 799 735 738
1 3600 195
7
220 727 724 776 771 768 165
1 3600 195
11
402 557 89 90 292 217 199 193 194 200 206
1 3600 159
7
221 215 210 293 91 92 469
1 3600 159
6
469 466 550 491 488 498
1 3600 197
6
497 485 486 585 586 435
1 3600 197
9
91 94 176 497 485 482 481 413 37
1 3600 197
9
212 216 293 91 88 549 546 550 419
1 3600 197
11
213 214 220 721 718 740 137 134 795 649 499
1 3600 197
12
497 485 482 481 423 420 553 33 34 61 56 425
1 3600 197
9
407 402 834 487 341 336 498 595 537
1 3600 197
5
487 341 338 597 537
1 3600 268
13
346 485 482 490 419 420 553 67 62 801 459 460 453
1 3600 724
13
834 487 484 347 344 139 136 235 230 738 779 771 772
1 3600 724
5
134 795 597 537 519
1 3600 603
21
415 412 85 86 835 403 404 465 468 265 266 618 633 634 159 152 307 304 312 133 130
1 3600 426
11
37 32 552 661 641 409 155 152 307 304 49
1 3600 402
17
535 519 507 383 251 245 248 529 524 443 444 441 438 450 793 39 40
1 3600 603
11
56 523 524 693 461 458 79 80 438 450 793
1 3600 724
10
37 34 803 801 75 76 438 448 530 716
1 3600 381
9
418 551 467 468 265 266 618 633 261
1 3600 103
10
495 492 337 340 486 585 588 602 641 409
1 3600 150
5
32 554 655 653 639
1 3600 150
7
35 32 554 655 653 503 500
1 3600 150
4
82 420 553 67
1 3600 185
11
423 420 553 554 655 656 658 643 43 38 533
1 3600 724
9
553 67 62 801 459 460 453 454 5
1 3600 219
15
83 86 835 557 89 90 290 544 237 238 456 758 175 149 146
1 3600 130
13
60 35 36 412 480 483 484 496 177 178 741 719 720
1 3600 130
7
35 32 552 421 83 86 835
1 3600 130
5
421 418 551 547 548
1 3600 130
5
418 491 488 498 648
1 3600 130
6
661 662 435 436 93 90
1 3600 97
8
495 492 337 340 486 585 586 435
1 3600 134
4
427 428 249 246
1 3600 134
6
415 37 34 803 801 459
1 3600 134
8
82 420 553 67 62 801 459 460
1 3600 724
12
417 412 480 483 484 181 95 90 292 211 208 728
1 3600 344
5
488 493 494 537 519
1 3600 724
16
447 442 463 458 800 63 64 655 653 503 411 155 152 307 304 310
1 3600 724
19
509 510 385 251 245 248 529 524 443 444 441 438 450 647 644 471 472 119 122
1 3600 557
12
461 458 79 80 438 450 793 39 40 690 707 297
1 3600 452
7
438 448 530 714 107 104 749
1 3600 724
9
251 252 664 669 666 9 2 713 716
1 3600 724
19
509 506 518 536 596 794 135 136 741 719 197 15 16 162 183 184 456 758 617
1 3600 426
13
63 66 552 421 418 551 467 464 548 89 90 290 544
1 3600 136
5
81 78 800 63 64
1 3600 226
6
524 443 444 454 666 670
1 3600 226
4
447 444 441 438
1 3600 226
7
527 524 443 444 441 438 450
1 3600 402
6
385 251 252 664 669 5
1 3600 724
16
525 528 249 244 250 384 511 506 518 536 594 648 794 135 136 235
1 3600 233
13
506 518 536 596 794 343 344 784 177 95 90 292 211
1 3600 254
10
509 383 251 245 248 429 424 57 60 35
1 3600 254
7
527 522 57 60 35 36 412
1 3600 254
12
247 248 429 424 57 60 35 32 552 661 662 435
1 3600 254
9
525 528 249 244 250 382 506 518 536
1 3600 254
6
78 800 63 66 552 421
1 3600 254
8
77 74 800 63 66 552 421 83
1 3600 254
7
251 245 248 529 522 57 60
1 3600 254
6
509 383 251 245 248 429
1 3600 233
4
459 462 525 526
1 3600 233
6
825 523 524 443 446 669
1 3600 724
17
250 382 506 518 536 594 648 794 135 136 741 233 230 738 779 771 772
1 3600 724
3
384 511 506
1 3600 724
18
729 726 221 215 212 199 193 189 187 183 184 257 254 628 744 273 274 807
1 3600 724
20
729 209 212 199 15 16 162 183 184 257 254 628 569 570 807 703 311 49 44 478
1 3600 724
22
729 726 221 215 210 561 558 237 240 619 267 268 562 601 602 641 638 652 656 658 643 644
1 3600 724
28
773 770 778 739 231 234 137 138 345 346 485 486 585 588 602 641 638 650 643 43 38 533 530 714 113 111 104 301
1 3600 724
23
773 770 778 739 231 234 179 180 485 482 481 413 37 34 803 801 75 76 440 454 5 2 762
1 3600 724
22
773 770 778 739 734 798 816 227 203 206 191 187 183 184 456 758 617 614 145 142 694 689
1 3600 724
16
773 770 778 739 231 229 203 206 191 13 10 541 243 240 157 154
1 3600 724
12
773 770 778 739 231 232 740 179 95 92 437 434
1 3600 724
20
773 770 778 739 231 234 137 134 795 649 595 537 519 507 383 251 252 664 669 666
1 3600 724
20
729 209 210 293 91 88 556 834 87 82 420 553 67 62 801 79 80 440 454 5
1 3600 88
18
729 726 721 197 193 189 187 183 184 456 758 625 622 145 142 694 689 685
1 3600 226
9
729 726 721 718 740 137 134 795 339
1 3600 724
20
773 770 777 725 209 212 216 293 91 88 549 546 550 419 420 553 33 34 61 56
1 3600 724
19
773 770 778 739 231 234 179 180 485 482 490 419 420 553 67 62 801 459 460
1 3600 724
5
729 724 776 771 772
1 3600 724
11
729 726 721 718 740 137 134 795 597 537 519
1 3600 724
29
518 536 495 492 337 340 486 835 403 406 269 266 618 633 634 631 628 569 566 764 808 25 28 397 394 285 288 380 580
1 3600 724
19
518 536 594 499 337 340 486 835 403 406 562 69 72 475 472 119 116 573 574
1 3600 724
18
507 510 385 251 252 664 447 444 441 438 450 647 644 690 675 680 804 832
1 3600 724
13
507 383 251 252 664 669 666 9 2 713 714 107 108
1 3600 724
11
507 383 251 252 664 669 5 2 713 716 756
1 3600 724
14
518 536 596 794 343 344 784 177 95 90 290 544 237 238
1 3600 724
13
518 536 495 492 337 340 484 181 95 90 290 544 237
1 3600 724
10
518 536 596 339 340 486 585 586 663 641
1 3600 724
15
507 510 385 251 245 248 529 524 693 461 458 75 76 438 448
1 3600 724
8
507 383 251 252 664 669 666 9
1 3600 724
25
518 536 594 648 794 135 136 741 719 197 15 16 162 183 184 456 758 617 614 145 142 694 689 685 686
1 3600 233
10
518 536 495 492 489 483 486 835 403 406
1 3600 106
8
507 383 251 245 248 429 424 57
1 3600 301
10
507 510 385 251 245 248 529 524 443 444
1 3600 724
11
518 536 596 794 135 136 741 719 720 727 728
