380
1 3600 246
4
147 144 483 405
1 3600 387
6
648 493 455 456 807 810
1 3600 387
22
144 473 468 149 152 156 825 820 751 752 707 708 723 718 1001 998 797 3 4 702 732 1044
1 3600 387
9
196 493 488 483 397 402 843 155 153
1 3600 387
5
652 493 455 456 812
1 3600 387
19
171 172 143 144 473 468 817 818 820 751 141 138 688 704 854 889 7 8 13
1 3600 387
10
144 473 401 402 860 928 839 840 823 824
1 3600 387
25
483 480 467 465 451 443 440 446 837 832 751 752 707 708 726 990 1007 993 994 803 799 3 4 702 732
1 3600 387
18
480 484 486 453 443 313 305 300 283 284 291 288 677 674 688 708 723 718
1 3600 387
12
1023 171 172 79 80 431 434 427 415 411 412 485
1 3600 387
4
489 455 456 812
1 3600 387
29
654 656 660 664 439 427 423 420 383 386 307 303 300 283 284 291 294 179 174 677 680 685 686 688 704 59 62 989 986
1 3600 366
24
655 652 493 455 456 814 858 944 805 808 818 820 751 141 138 687 682 693 694 771 772 786 790 795
1 3600 1283
24
144 483 397 402 860 449 446 847 297 298 179 174 690 873 739 734 667 672 917 915 912 1010 193 190
1 3600 361
8
647 93 77 80 431 434 436 643
1 3600 361
16
94 160 143 146 663 660 664 439 427 424 115 116 419 416 379 376
1 3600 361
12
160 143 144 483 405 406 410 416 379 374 744 1026
1 3600 361
6
145 146 663 660 664 639
1 3600 309
14
473 401 398 465 451 443 313 305 302 310 392 510 517 520
1 3600 309
12
648 493 455 460 471 468 149 152 154 838 1031 119
1 3600 583
23
199 196 493 488 473 401 402 843 838 925 629 133 130 134 834 297 293 290 867 868 37 34 878
1 3600 1283
21
651 652 493 455 456 814 856 853 817 818 820 751 752 707 704 781 782 577 111 19 14
1 3600 1283
15
480 484 486 498 383 384 502 504 540 363 243 239 240 616 748
1 3600 1166
22
654 656 662 147 144 483 480 467 465 451 443 313 305 300 283 286 209 201 206 600 700 613
1 3600 1283
36
142 79 80 431 434 427 423 379 371 369 366 361 362 541 99 102 536 395 311 308 329 332 1038 327 324 352 319 316 340 227 224 231 234 600 597 593
1 3600 780
8
129 132 628 923 841 842 403 396
1 3600 780
6
470 461 454 492 649 646
1 3600 780
8
945 831 829 826 853 469 401 396
1 3600 780
7
153 148 469 472 145 146 663
1 3600 780
21
5 2 796 999 1000 719 722 709 706 753 750 833 836 447 441 442 450 464 466 481 482
1 3600 780
11
830 859 815 457 460 471 472 145 142 173 170
1 3600 780
22
6 888 855 705 689 675 676 289 290 285 282 301 302 306 387 382 421 422 426 435 430 81
1 3600 780
4
481 482 489 490
1 3600 780
8
947 813 457 454 492 649 93 94
1 3600 780
5
459 454 492 649 646
1 3600 780
21
729 713 716 721 722 709 706 753 750 821 822 922 924 929 861 403 400 472 145 146 663
1 3600 780
10
628 924 839 842 403 396 482 145 142 173
1 3600 780
6
471 472 145 142 161 162
1 3600 780
16
725 709 689 139 140 750 833 836 447 441 442 452 487 413 407 408
1 3600 780
12
709 706 753 750 821 819 809 806 457 454 492 649
1 3600 780
5
461 454 492 197 198
1 3600 780
6
479 475 471 472 145 146
1 3600 780
5
859 856 853 469 472
1 3600 689
4
830 942 946 805
1 3600 689
16
149 152 158 922 629 630 137 134 832 751 141 138 687 684 699 693
1 3600 689
22
731 703 5 2 798 802 891 888 63 58 705 689 139 140 750 821 819 816 469 470 474 478
1 3600 689
10
833 135 131 128 978 1030 929 861 403 398
1 3600 689
10
753 750 821 824 157 153 148 852 827 828
1 3600 770
24
808 151 152 158 922 629 133 128 927 851 849 847 844 177 174 677 678 882 886 775 776 784 569 570
1 3600 770
15
923 823 820 751 141 138 687 682 693 57 54 771 772 786 790
1 3600 770
11
826 853 817 818 820 751 752 707 704 59 60
1 3600 770
6
726 987 988 855 781 782
1 3600 770
11
825 820 751 752 707 708 723 720 1003 997 994
1 3600 770
29
829 826 853 149 152 154 838 1031 979 129 130 134 834 297 293 288 690 920 1013 875 739 736 669 672 907 775 776 784 783
1 3600 770
3
5 2 798
1 3600 770
13
946 805 808 818 820 751 752 707 704 781 782 569 570
1 3600 770
21
838 925 629 630 137 134 832 751 141 138 687 682 693 694 771 772 784 577 111 107 104
1 3600 770
7
992 1006 991 987 988 63 58
1 3600 770
13
829 826 853 149 152 156 825 820 751 752 707 704 59
1 3600 770
23
860 449 446 847 297 293 290 867 864 921 873 769 766 885 882 886 775 776 786 790 795 792 908
1 3600 770
8
993 994 891 888 855 781 782 577
1 3600 770
4
699 693 57 54
1 3600 770
6
141 138 687 682 693 694
1 3600 770
13
801 802 891 888 63 58 781 782 785 786 790 795 792
1 3600 770
7
704 781 782 577 578 109 104
1 3600 770
28
944 805 808 151 152 158 922 629 133 128 927 851 849 847 844 177 174 677 678 882 763 764 771 772 784 569 570 574
1 3600 770
11
1004 1006 991 987 988 855 781 782 577 111 107
1 3600 770
22
149 152 158 922 629 630 137 134 834 297 298 295 288 690 873 739 734 667 672 907 775 776
1 3600 1166
25
471 401 398 465 451 443 313 305 300 283 284 867 864 1013 875 739 736 669 672 917 915 912 181 184 562
1 3600 746
8
398 465 462 486 498 383 377 371
1 3600 746
21
715 716 721 722 709 689 687 684 681 676 175 178 295 290 285 282 301 304 312 442 452
1 3600 746
28
992 1006 991 727 709 689 675 676 289 290 285 282 301 281 278 309 310 394 391 388 501 385 377 378 417 414 426 436
1 3600 746
23
4 9 6 888 63 58 705 706 753 750 833 836 447 441 442 450 462 413 410 418 117 114 425
1 3600 746
11
148 469 401 396 405 406 410 414 426 436 643
1 3600 777
10
471 401 402 860 928 1031 125 121 122 851
1 3600 777
19
1045 733 703 5 2 798 800 999 1002 721 722 709 689 687 684 681 676 175 176
1 3600 777
20
713 716 721 722 709 689 675 678 884 767 768 874 881 876 902 1014 591 588 213 208
1 3600 777
6
822 841 838 1031 125 126
1 3600 777
11
484 486 498 383 386 390 395 311 308 329 330
1 3600 777
16
475 471 401 398 465 451 443 313 305 281 277 273 269 263 259 255
1 3600 777
4
401 402 860 449
1 3600 777
21
830 944 805 808 151 152 158 922 629 133 130 134 834 297 293 290 285 282 301 302 310
1 3600 777
13
121 122 851 849 447 441 313 305 281 278 329 332 513
1 3600 777
3
979 927 851
1 3600 777
13
805 808 818 822 922 629 630 137 134 834 844 177 174
1 3600 777
7
399 402 843 838 1031 125 126
1 3600 792
14
707 689 687 682 693 57 52 762 883 884 41 42 967 964
1 3600 792
18
947 813 814 856 853 817 818 820 751 141 138 687 684 699 693 694 765 762
1 3600 792
14
927 851 849 847 297 293 288 677 678 882 886 775 778 933
1 3600 792
11
141 138 687 682 693 694 771 772 777 778 936
1 3600 792
23
477 471 401 402 860 449 446 847 844 177 174 690 873 769 766 885 882 886 906 917 915 75 72
1 3600 1166
13
715 712 728 801 802 891 888 855 781 782 569 23 20
1 3600 1283
23
1006 991 727 709 706 753 750 833 834 297 293 290 285 282 301 302 310 394 537 103 98 540 363
1 3600 754
21
152 154 838 929 449 441 313 305 281 277 274 506 1033 337 315 316 340 227 222 221 203
1 3600 1283
11
860 449 441 313 305 300 283 286 209 212 589
1 3600 401
22
568 785 773 770 695 692 683 686 139 140 750 821 819 816 852 857 815 457 454 492 649 646
1 3600 456
27
576 785 777 774 906 673 666 735 738 872 691 175 178 299 296 835 135 136 631 628 923 159 153 150 809 806 457
1 3600 456
9
63 58 705 706 753 750 821 824 157
1 3600 456
9
780 854 889 890 995 996 1002 717 714
1 3600 456
8
783 780 854 889 7 8 702 732
1 3600 456
12
995 996 1000 719 722 709 706 753 750 821 822 841
1 3600 456
9
22 568 783 780 59 62 989 986 990
1 3600 456
19
777 774 887 883 884 767 768 874 1012 865 866 291 292 296 846 848 850 123 118
1 3600 456
15
791 787 773 770 55 56 692 683 686 139 140 750 821 822 841
1 3600 456
11
793 794 791 787 773 770 695 692 698 685 686
1 3600 456
10
891 888 855 705 706 753 750 833 135 131
1 3600 456
15
106 110 576 783 780 854 889 890 803 799 3 4 702 732 1044
1 3600 456
10
58 705 706 753 750 833 135 136 631 628
1 3600 456
18
108 579 576 785 777 774 906 673 668 737 738 872 691 175 176 845 835 135
1 3600 456
20
16 563 185 180 913 914 916 907 887 883 679 676 289 292 296 846 848 850 926 129
1 3600 383
6
61 58 781 782 785 786
1 3600 383
6
106 110 576 785 786 790
1 3600 442
18
24 562 566 191 192 1011 913 914 916 907 775 776 786 790 795 792 908 954
1 3600 442
4
575 571 23 24
1 3600 442
5
109 106 19 16 563
1 3600 513
42
789 787 777 774 906 673 666 735 738 874 881 35 32 893 894 905 595 592 596 601 235 230 225 226 341 317 318 347 344 349 251 252 237 238 242 360 367 368 370 378 417 411
1 3600 432
23
24 185 180 913 914 916 673 668 737 738 874 1012 865 866 291 292 296 846 848 850 123 120 126
1 3600 432
32
568 785 773 770 765 762 883 884 767 768 874 881 878 898 595 587 584 603 207 202 220 223 226 341 317 314 338 325 320 344 354 358
1 3600 432
8
705 689 675 676 289 290 285 286
1 3600 439
6
772 777 774 906 673 670
1 3600 439
10
573 571 568 785 777 774 906 673 668 974
1 3600 439
8
802 891 888 855 781 782 785 777
1 3600 439
17
773 770 55 52 762 883 884 41 38 31 28 47 48 967 962 969 735
1 3600 439
10
785 777 774 887 883 884 41 42 967 964
1 3600 427
13
63 58 781 782 577 111 19 16 566 191 192 557 552
1 3600 1283
28
909 793 794 791 787 773 770 695 692 698 681 676 175 178 295 290 285 282 301 302 310 394 537 103 98 540 363 364
1 3600 1069
22
800 999 1000 719 722 709 689 675 676 289 290 285 282 301 281 277 274 335 323 320 344 354
1 3600 1283
17
576 785 773 770 765 762 883 884 767 768 874 881 876 902 1014 591 588
1 3600 1283
26
185 180 913 914 916 673 666 735 738 872 920 865 866 285 282 301 304 312 442 450 464 466 481 482 489 492
1 3600 494
15
562 17 18 110 576 783 780 705 706 753 750 833 135 131 128
1 3600 149
7
955 909 793 794 791 787 784
1 3600 149
7
25 22 568 783 780 59 62
1 3600 1283
25
566 191 192 1011 913 914 916 907 887 883 679 676 175 178 295 290 285 282 301 302 306 387 377 374 744
1 3600 855
34
185 180 913 914 916 673 666 968 963 966 43 40 767 768 874 881 35 32 902 905 595 592 598 213 208 257 254 258 262 268 270 507 335 331
1 3600 321
12
562 566 191 192 1011 913 914 916 673 666 968 972
1 3600 389
6
191 187 180 551 554 948
1 3600 1283
26
567 17 18 110 576 783 780 705 689 139 140 750 833 836 447 441 442 452 498 421 379 371 369 366 545 546
1 3600 1283
24
955 909 793 794 791 787 777 774 887 883 884 767 768 874 881 878 900 591 584 603 207 200 210 214
1 3600 1283
18
191 192 1011 913 914 916 673 668 737 738 874 881 876 893 894 905 595 587
1 3600 318
9
1025 745 375 378 422 426 435 430 81
1 3600 318
14
487 413 410 418 117 114 425 426 438 665 661 657 655 650
1 3600 318
15
373 370 376 382 499 487 485 481 482 145 142 161 95 92 646
1 3600 285
8
499 453 443 440 448 928 839 840
1 3600 285
13
437 427 415 411 412 463 464 399 400 468 852 857 858
1 3600 558
29
410 416 420 383 384 500 389 307 303 300 283 284 867 864 1013 875 769 766 885 882 763 53 54 771 772 784 569 570 574
1 3600 1283
35
416 379 376 386 390 395 392 508 534 327 324 339 315 265 259 255 256 209 212 599 593 594 899 879 880 875 739 734 667 672 917 915 912 181 184
1 3600 313
4
498 421 417 418
1 3600 313
8
373 369 366 361 362 541 505 503
1 3600 374
17
498 383 384 500 101 102 536 395 311 308 329 330 334 506 271 269 263
1 3600 374
16
664 439 427 423 379 371 369 366 361 243 239 236 253 250 348 345
1 3600 374
6
419 416 420 383 386 307
1 3600 374
13
113 116 419 411 412 463 451 443 440 446 847 297 298
1 3600 374
16
635 429 434 427 423 379 376 384 500 389 390 395 392 510 517 518
1 3600 374
11
747 375 378 420 499 453 443 440 446 848 850
1 3600 374
12
498 383 386 307 308 329 332 1038 327 324 352 319
1 3600 374
9
423 379 376 384 500 101 102 536 395
1 3600 374
22
373 369 366 361 243 239 236 253 246 357 355 345 321 326 1039 333 328 279 280 304 312 440
1 3600 374
19
113 116 419 416 420 383 386 390 395 392 508 529 343 346 319 316 261 255 256
1 3600 374
12
416 379 371 369 366 361 243 239 236 253 250 348
1 3600 374
16
434 427 423 420 383 386 307 308 329 332 513 508 529 526 530 980
1 3600 374
7
747 375 376 382 499 453 443
1 3600 291
22
429 434 427 415 411 412 463 451 443 313 305 300 283 284 291 288 677 678 882 886 775 778
1 3600 1283
27
361 362 541 99 102 536 395 311 303 300 283 284 291 294 179 174 690 873 739 736 669 672 917 915 912 551 552
1 3600 381
6
416 379 371 369 366 545
1 3600 381
20
439 427 424 115 116 419 416 420 383 384 502 504 540 363 364 547 548 91 88 740
1 3600 371
23
116 419 411 407 404 480 467 465 451 443 313 305 281 277 273 269 266 337 315 316 340 227 222
1 3600 371
21
366 361 243 239 236 253 248 940 357 355 345 346 319 316 340 227 219 216 203 206 600
1 3600 1283
23
419 416 379 376 386 390 395 311 308 329 330 323 324 339 315 316 340 227 224 231 234 600 597
1 3600 592
5
448 861 403 396 405
1 3600 592
15
921 691 175 176 845 846 447 448 861 403 400 472 145 142 79
1 3600 592
13
543 363 360 367 368 370 378 422 426 438 665 661 657
1 3600 668
10
845 835 832 751 752 707 708 723 720 717
1 3600 668
11
505 503 385 382 499 487 485 467 399 402 860
1 3600 668
12
276 280 304 312 442 450 464 399 400 468 852 857
1 3600 668
17
528 509 512 333 328 279 280 304 312 442 450 464 399 400 470 461 456
1 3600 668
13
395 311 303 300 283 284 291 288 677 674 688 708 724
1 3600 668
8
296 835 135 136 631 628 924 929
1 3600 668
10
309 303 304 312 440 446 848 850 926 978
1 3600 668
9
440 446 837 832 751 141 138 688 708
1 3600 668
10
325 322 334 275 276 280 304 312 442 450
1 3600 668
19
259 255 256 287 284 291 292 296 835 135 131 132 628 923 159 153 148 852 827
1 3600 666
28
543 541 99 100 389 307 303 300 283 284 867 868 37 34 880 875 769 766 885 882 763 764 771 772 784 577 111 107
1 3600 666
23
267 268 272 276 280 300 283 284 291 294 179 174 677 680 685 686 688 708 723 718 1001 998 797
1 3600 666
24
346 319 316 340 227 222 215 211 212 589 590 1015 903 877 880 875 769 766 885 882 886 775 776 786
1 3600 666
29
1033 267 263 259 255 256 209 201 206 602 585 586 594 904 895 892 33 34 880 875 739 734 667 672 907 775 776 786 788
1 3600 1283
26
981 531 527 524 511 393 311 303 300 283 284 291 288 690 873 739 736 669 672 917 915 912 1010 193 190 567
1 3600 654
6
450 462 413 410 418 117
1 3600 654
10
445 313 305 302 306 387 377 374 744 1024
1 3600 654
6
302 310 394 391 388 501
1 3600 654
4
387 382 421 417
1 3600 654
14
850 123 118 1030 839 842 403 396 405 406 410 418 117 114
1 3600 654
8
503 385 382 421 422 426 435 430
1 3600 654
10
525 343 344 349 251 252 237 238 242 360
1 3600 654
11
289 290 285 282 301 302 306 387 377 374 744
1 3600 654
20
317 318 347 344 354 356 247 252 237 238 242 360 367 368 370 378 422 426 435 432
1 3600 654
18
289 290 285 282 301 281 278 309 310 394 391 388 501 385 377 374 744 1026
1 3600 654
12
531 527 528 509 393 394 537 103 98 540 363 360
1 3600 654
7
511 393 394 391 387 382 421
1 3600 654
6
282 301 302 306 388 501
1 3600 654
6
100 501 385 377 374 744
1 3600 654
19
834 297 293 290 285 282 301 302 310 394 537 103 98 540 363 360 367 368 372
1 3600 654
11
1034 845 846 447 441 442 452 487 413 410 418
1 3600 654
3
413 410 414
1 3600 654
14
254 258 264 318 347 344 349 251 252 237 238 242 360 367
1 3600 654
17
1037 1034 177 178 295 290 285 282 301 281 278 309 306 387 377 374 746
1 3600 654
15
507 335 331 328 309 310 394 391 387 382 421 417 418 117 112
1 3600 654
14
926 978 1030 839 842 403 396 405 406 410 414 426 435 428
1 3600 629
3
278 329 332
1 3600 629
14
295 290 285 282 301 281 277 274 335 323 320 342 524 517
1 3600 629
9
485 481 397 402 843 838 1031 119 122
1 3600 629
7
293 290 285 282 301 281 278
1 3600 629
10
254 260 317 314 338 325 326 535 509 510
1 3600 656
18
256 209 212 589 590 901 879 880 875 739 734 667 672 917 915 75 65 68
1 3600 656
11
272 276 280 300 283 284 867 864 1013 875 769
1 3600 656
11
486 453 443 313 305 300 283 284 867 868 37
1 3600 656
11
1037 1034 177 174 690 920 1013 881 35 32 902
1 3600 656
21
102 536 395 311 303 300 283 284 291 288 677 678 882 886 906 917 915 912 1010 557 554
1 3600 656
17
255 256 209 212 599 593 594 904 903 877 880 875 769 766 885 882 763
1 3600 656
16
531 527 343 321 324 339 315 316 340 227 224 205 206 602 585 590
1 3600 656
14
541 99 102 536 395 311 303 300 283 284 867 868 37 34
1 3600 656
9
298 179 174 677 678 884 41 42 967
1 3600 656
14
395 311 303 300 283 284 291 288 690 873 739 736 669 670
1 3600 656
16
543 541 505 503 500 389 307 308 279 280 300 283 284 867 864 1013
1 3600 656
16
209 212 589 586 594 899 879 880 875 739 734 667 672 917 915 910
1 3600 656
19
440 446 837 832 751 141 138 687 684 681 678 884 41 38 31 28 47 48 967
1 3600 656
13
869 864 921 873 739 736 669 672 917 915 75 65 68
1 3600 656
6
174 690 873 739 734 667
1 3600 656
19
1039 333 328 279 280 300 283 284 291 294 179 174 677 678 882 886 775 778 938
1 3600 656
24
339 315 316 340 227 224 231 234 602 585 590 1015 903 33 34 880 875 769 766 885 882 886 775 778
1 3600 656
5
284 291 288 677 678
1 3600 656
27
337 315 316 340 227 219 216 203 206 600 597 593 594 904 895 892 877 880 875 769 766 41 38 959 27 28 47
1 3600 656
19
445 440 446 837 832 751 752 707 704 781 782 569 23 20 558 185 180 551 554
1 3600 675
12
835 832 751 752 707 704 781 782 577 111 19 14
1 3600 475
15
291 292 296 846 447 441 442 452 498 421 422 426 435 428 632
1 3600 475
16
516 511 393 394 537 103 100 501 385 377 378 422 426 435 428 632
1 3600 603
4
318 347 344 354
1 3600 603
7
259 255 256 209 201 206 600
1 3600 603
9
178 295 290 285 286 209 201 206 602
1 3600 603
9
177 178 295 290 285 286 209 212 870
1 3600 603
14
363 243 239 236 253 250 348 345 346 319 316 340 227 222
1 3600 603
6
254 260 340 227 222 221
1 3600 603
13
308 329 330 323 324 352 319 316 340 227 224 231 234
1 3600 458
8
305 300 283 286 209 212 599 593
1 3600 675
29
975 737 734 968 963 966 49 46 29 30 39 40 885 679 674 139 140 750 821 819 809 804 947 813 457 454 492 653 650
1 3600 590
22
51 29 30 39 40 885 679 680 685 686 688 708 726 990 1007 1005 1001 998 797 3 4 13
1 3600 590
13
769 766 885 882 763 53 56 692 683 686 688 708 726
1 3600 590
13
961 39 40 885 679 674 139 140 750 821 819 809 804
1 3600 590
17
899 900 1015 903 33 36 869 864 921 691 677 680 685 686 688 708 724
1 3600 641
12
71 69 64 74 912 181 186 190 561 15 18 110
1 3600 641
13
43 40 885 882 763 764 771 772 784 569 570 572 582
1 3600 641
9
975 669 672 907 775 776 784 577 111
1 3600 641
13
34 880 875 769 766 885 882 763 53 54 771 772 784
1 3600 641
10
64 74 912 181 184 25 22 570 572 582
1 3600 641
8
931 932 779 776 784 569 570 574
1 3600 641
14
26 958 39 40 885 679 674 688 708 723 720 1003 997 994
1 3600 675
9
939 779 776 786 790 795 792 908 954
1 3600 570
25
931 932 779 774 887 763 53 56 692 683 686 139 140 750 821 819 816 469 472 145 146 663 660 664 639
1 3600 570
29
595 592 596 601 207 202 217 218 226 341 317 314 338 325 320 344 354 356 941 249 252 237 238 242 360 367 368 370 378
1 3600 649
16
32 893 894 1014 591 588 213 208 257 254 258 264 318 353 325 322
1 3600 649
11
69 64 74 914 916 673 668 737 738 872 920
1 3600 649
11
892 33 36 869 866 285 282 301 281 278 329
1 3600 649
15
969 735 738 874 1012 865 866 285 282 301 281 277 274 335 323
1 3600 649
11
64 74 914 916 673 666 735 738 874 1012 865
1 3600 649
15
591 584 603 235 230 225 226 341 317 318 347 342 524 517 522
1 3600 649
10
595 592 598 213 210 218 226 341 317 318
1 3600 649
9
1012 921 691 175 176 845 846 848 850
1 3600 649
15
958 39 40 767 768 872 691 289 290 285 282 301 281 277 274
1 3600 649
17
1014 591 588 213 208 257 254 258 262 266 337 338 325 326 535 509 510
1 3600 649
14
668 737 738 872 920 865 866 285 282 301 302 308 329 330
1 3600 649
18
39 40 767 768 874 881 878 898 595 592 596 601 207 204 225 226 341 317
1 3600 649
23
887 883 679 676 175 178 299 293 290 285 282 301 302 310 392 512 1038 327 320 344 349 350 358
1 3600 649
20
965 962 969 735 738 872 691 289 290 285 282 301 302 308 329 332 1038 327 320 344
1 3600 649
16
69 64 72 84 951 911 914 916 907 887 883 679 676 175 178 299
1 3600 649
12
881 878 900 591 584 603 207 202 220 223 226 341
1 3600 649
9
35 36 869 866 285 282 301 281 277
1 3600 649
16
973 969 735 738 872 691 289 290 285 282 301 302 310 394 537 538
1 3600 649
19
43 40 767 768 874 881 876 902 905 595 592 598 213 208 257 254 258 264 318
1 3600 649
16
45 48 43 40 767 768 874 1012 865 866 285 282 301 281 277 274
1 3600 649
12
53 56 692 683 686 139 140 750 833 836 447 441
1 3600 649
18
673 668 737 738 874 881 878 898 595 592 596 601 235 230 225 226 341 317
1 3600 675
3
914 916 907
1 3600 675
7
39 40 767 768 874 881 876
1 3600 675
9
74 914 916 673 666 968 963 966 49
1 3600 675
7
40 885 882 886 775 778 938
1 3600 603
6
672 917 915 912 1010 193
1 3600 603
10
47 48 967 962 969 667 672 917 915 912
1 3600 603
5
911 912 551 554 948
1 3600 603
11
880 875 739 736 669 672 917 915 912 1010 193
1 3600 603
12
47 48 967 962 969 667 672 917 915 912 181 182
1 3600 603
9
937 779 774 906 917 915 912 1010 557
1 3600 603
16
901 879 880 875 769 766 885 882 763 764 771 772 784 569 23 20
1 3600 801
22
43 40 885 679 676 175 178 295 290 285 282 301 302 306 388 501 502 504 540 363 364 1042
1 3600 566
6
894 1014 591 584 603 600
1 3600 566
20
935 932 779 774 887 883 884 767 768 874 881 35 32 902 905 595 587 584 604 609
1 3600 566
9
767 768 874 881 878 900 591 584 604
1 3600 494
11
671 668 737 738 874 881 876 902 905 595 587
1 3600 494
11
762 883 884 767 768 874 881 878 898 595 592
1 3600 1283
28
949 555 556 193 187 184 559 21 22 568 783 780 705 706 753 750 821 824 157 153 148 469 472 145 142 161 95 77
1 3600 713
21
550 181 186 190 567 17 18 110 576 783 780 705 706 753 750 833 135 131 128 978 125
1 3600 279
9
553 556 193 187 184 25 22 570 572
1 3600 513
15
183 186 190 561 15 18 110 576 785 786 790 795 792 908 954
1 3600 1283
25
190 567 563 25 22 568 783 780 705 706 753 750 821 822 841 842 403 398 466 484 413 410 418 117 112
1 3600 377
19
953 911 914 916 907 887 883 679 676 289 290 285 282 301 281 278 329 332 1038
1 3600 326
4
183 180 913 910
1 3600 326
17
186 192 1011 913 914 916 673 666 735 738 874 881 35 32 893 894 1014
1 3600 326
9
184 562 17 18 110 576 785 777 778
1 3600 326
13
953 911 914 916 673 668 737 738 874 881 878 896 1028
1 3600 326
6
21 22 568 785 777 778
1 3600 326
3
913 914 916
1 3600 611
3
550 181 182
1 3600 1283
35
189 190 567 17 18 110 576 785 773 770 695 692 698 681 676 175 178 295 290 285 282 301 302 310 392 508 529 343 344 349 251 252 237 240 616
1 3600 916
16
913 914 916 907 887 883 679 676 289 290 285 286 209 210 214 223
1 3600 754
19
15 18 110 576 783 780 705 706 753 750 833 834 297 293 290 285 286 209 212
1 3600 1166
19
164 615 241 238 242 362 541 505 503 385 382 499 487 485 481 482 489 492 653
1 3600 916
21
1043 365 362 541 99 102 536 395 311 303 300 283 284 291 294 179 174 677 680 699 693
1 3600 1283
31
627 622 619 620 617 241 236 253 250 348 345 321 322 331 328 279 280 304 312 440 446 837 832 751 752 707 704 781 782 577 111
1 3600 1283
25
607 608 605 603 207 200 208 287 284 291 292 296 835 832 751 752 707 704 781 782 577 111 19 16 563
1 3600 587
13
167 164 615 241 238 242 360 367 368 370 374 744 1024
1 3600 587
11
1041 549 544 367 368 370 378 417 414 426 438
1 3600 587
14
627 622 619 620 617 241 238 242 362 541 505 503 385 382
1 3600 587
5
863 645 437 435 428
1 3600 587
21
607 608 605 603 235 230 225 226 341 317 314 338 325 326 1039 513 393 394 391 388 501
1 3600 587
11
615 241 238 242 360 367 368 370 378 422 426
1 3600 506
11
627 167 164 620 617 241 236 253 246 357 355
1 3600 506
8
362 541 505 503 385 382 499 453
1 3600 506
19
168 619 615 241 236 253 250 348 345 321 322 334 275 276 280 300 283 284 291
1 3600 641
31
620 617 241 236 253 248 940 357 355 345 321 326 1039 333 328 279 280 300 283 284 291 288 677 678 882 886 906 917 915 910 950
1 3600 1283
34
169 164 615 241 236 253 250 348 345 321 322 331 328 309 303 304 312 440 446 837 832 751 752 707 704 781 782 569 23 24 185 186 192 557
1 3600 321
24
168 619 620 617 241 236 253 246 357 355 345 346 319 316 340 227 219 216 203 206 602 604 609 606
1 3600 596
17
743 89 90 549 546 365 243 239 236 253 250 348 345 346 319 316 340
1 3600 596
26
90 549 544 361 362 541 99 102 536 395 392 508 534 327 324 339 315 316 340 227 224 231 234 602 604 609
1 3600 596
7
749 617 241 236 253 248 940
1 3600 596
21
1043 365 362 541 99 100 389 307 308 329 330 334 506 271 269 263 259 255 256 209 201
1 3600 596
27
637 429 434 427 423 420 383 386 390 395 392 508 534 327 324 339 315 316 340 227 222 221 203 206 602 604 609
1 3600 596
6
365 243 239 236 253 246
1 3600 596
6
611 612 701 601 235 232
1 3600 596
18
607 608 605 603 207 202 217 218 226 341 317 318 347 344 354 356 247 252
1 3600 596
3
615 241 238
1 3600 596
14
637 429 434 427 423 379 371 369 366 361 243 239 236 253
1 3600 596
7
611 612 701 601 602 604 609
1 3600 596
26
761 755 741 89 90 549 544 361 243 239 236 253 250 348 345 346 319 316 340 227 224 231 234 600 700 710
1 3600 1069
24
549 544 361 362 541 505 503 500 389 307 308 329 330 334 506 1033 267 263 259 255 256 209 212 599
1 3600 1166
20
701 601 207 200 208 287 282 301 304 312 442 450 464 466 481 482 145 142 161 162
1 3600 641
13
217 211 208 287 284 291 292 296 835 832 751 752 707
1 3600 987
22
250 350 355 345 321 322 334 275 276 280 300 283 284 291 294 179 174 677 680 699 693 694
1 3600 1283
35
248 940 357 355 345 342 528 509 512 333 328 309 303 304 312 440 446 837 832 751 141 138 687 682 693 57 54 771 772 784 577 111 19 16 564
1 3600 337
18
341 317 314 338 325 326 535 509 393 394 391 387 382 421 417 418 117 112
1 3600 337
17
229 230 225 226 341 317 314 336 1032 507 335 331 328 309 306 388 501
1 3600 437
16
940 357 355 345 321 326 1039 333 328 279 280 300 283 284 867 868
1 3600 437
7
348 345 346 319 265 259 255
1 3600 437
14
701 601 207 200 208 257 254 258 264 318 347 342 526 532
1 3600 437
10
233 230 205 200 208 287 284 291 288 677
1 3600 437
8
200 208 287 284 291 292 296 835
1 3600 437
14
233 230 225 226 341 317 314 338 325 326 535 529 526 532
1 3600 356
27
357 355 345 321 322 334 275 276 280 300 283 284 291 294 179 174 690 873 739 736 669 672 917 915 75 65 68
1 3600 356
9
229 234 602 585 590 901 879 880 875
1 3600 1283
20
203 206 600 597 593 594 904 903 877 880 875 739 734 667 672 917 915 912 1010 193
1 3600 411
5
237 240 614 165 166
1 3600 411
7
237 240 616 621 618 623 624
1 3600 411
6
242 364 547 548 91 88
1 3600 411
5
601 602 604 609 606
1 3600 411
15
355 345 346 319 316 340 227 222 221 203 206 602 604 609 606
1 3600 411
9
351 251 252 237 240 614 165 166 624
1 3600 411
10
249 252 237 238 242 360 545 548 91 86
1 3600 401
13
357 355 345 346 319 316 340 227 224 231 234 602 604
1 3600 401
10
355 345 321 324 339 315 316 340 227 219
1 3600 446
5
233 234 600 597 598
1 3600 446
16
239 236 253 250 348 345 346 319 265 259 255 256 209 212 589 586
1 3600 446
3
871 589 586
1 3600 446
4
211 212 599 593
1 3600 1283
21
213 208 257 254 258 262 268 272 276 280 304 312 442 450 464 466 481 482 489 492 649
1 3600 1283
18
213 208 287 284 291 292 296 835 135 136 631 628 923 159 153 148 852 857
1 3600 1283
19
589 590 1015 895 892 877 880 875 769 766 885 882 763 764 771 772 784 569 570
1 3600 1283
20
593 594 899 879 880 875 769 766 885 882 763 764 771 772 786 790 795 792 908 954
1 3600 855
18
598 213 208 257 254 258 262 266 1032 507 335 331 328 309 306 387 377 371
1 3600 229
14
587 588 213 210 214 223 226 341 317 318 347 342 526 532
1 3600 139
17
589 590 1015 903 33 34 880 875 769 766 885 882 886 775 778 933 934
1 3600 675
15
586 594 899 879 880 875 739 736 669 672 917 915 912 181 182
1 3600 801
22
213 210 218 226 341 317 314 338 325 326 1039 513 393 394 537 103 98 540 363 364 547 548
1 3600 66
4
599 596 601 602
