270
1 3600 98
5
255 248 277 83 86
1 3600 102
4
277 215 216 205
1 3600 102
3
254 127 122
1 3600 102
16
233 234 255 250 273 267 268 261 247 227 5 8 434 139 125 122
1 3600 102
5
264 418 281 205 210
1 3600 102
7
436 460 415 416 470 399 287
1 3600 228
9
216 205 206 226 244 165 166 434 139
1 3600 570
21
87 82 275 270 413 411 408 472 447 443 440 393 394 377 378 490 335 332 359 360 432
1 3600 570
21
436 407 401 169 19 20 182 175 176 198 228 397 390 371 303 304 348 283 27 32 34
1 3600 109
6
275 270 413 411 181 184
1 3600 109
4
436 111 105 103
1 3600 109
5
253 248 436 111 105
1 3600 116
8
273 267 268 261 262 445 446 173
1 3600 407
12
85 88 216 205 208 218 439 7 8 167 157 154
1 3600 570
14
253 254 127 124 138 161 162 427 333 330 354 351 305 289
1 3600 570
25
234 255 250 273 270 415 15 10 422 474 467 421 363 364 239 236 240 95 92 112 308 317 320 336 452
1 3600 570
8
273 270 461 407 401 107 103 75
1 3600 570
16
233 234 255 248 277 215 212 268 469 425 422 474 467 464 197 194
1 3600 570
16
273 270 413 411 181 184 256 454 421 363 55 50 202 231 45 40
1 3600 570
17
85 88 212 268 261 247 244 165 157 158 334 375 367 368 329 311 113
1 3600 570
19
85 88 216 205 206 5 2 286 377 373 347 305 306 327 324 79 80 338 458
1 3600 111
9
123 124 138 435 9 4 207 204 217
1 3600 111
6
246 260 269 213 89 86
1 3600 111
7
493 219 209 204 280 419 265
1 3600 111
3
209 204 217
1 3600 111
3
279 217 214
1 3600 77
4
225 226 246 260
1 3600 99
9
205 208 218 439 7 8 153 150 333
1 3600 99
7
129 124 133 130 149 146 158
1 3600 99
7
223 218 225 5 8 153 150
1 3600 99
4
7 2 165 157
1 3600 237
11
244 286 395 390 381 373 374 495 355 29 30
1 3600 570
15
469 470 399 377 380 371 303 289 294 296 344 49 46 462 500
1 3600 74
12
124 138 435 167 164 286 398 471 425 11 12 405
1 3600 97
9
221 209 210 262 445 443 440 393 396
1 3600 97
5
286 395 396 229 199
1 3600 114
5
5 8 153 146 154
1 3600 228
19
205 210 262 445 446 173 178 197 198 45 40 387 383 329 327 324 79 76 120
1 3600 570
23
281 205 206 5 8 434 161 131 134 140 357 360 431 37 38 67 68 342 47 48 121 116 496
1 3600 570
9
246 262 445 446 173 176 194 51 54
1 3600 518
18
280 419 265 266 270 415 15 10 422 474 467 421 191 188 477 59 56 236
1 3600 570
8
165 157 154 379 380 389 386 41
1 3600 570
16
210 247 244 165 157 158 330 354 285 282 293 290 322 317 320 338
1 3600 570
16
279 205 210 262 399 395 390 389 383 384 313 308 317 320 338 458
1 3600 211
19
427 333 334 375 367 370 391 392 441 442 446 473 409 410 412 271 274 83 86
1 3600 86
4
434 139 125 122
1 3600 86
7
143 144 163 149 152 9 6
1 3600 86
7
138 435 9 6 438 219 220
1 3600 86
7
160 435 9 4 207 204 278
1 3600 114
6
133 134 140 357 353 331
1 3600 95
3
145 140 448
1 3600 95
5
147 150 359 356 450
1 3600 95
3
162 427 359
1 3600 570
4
330 29 32 34
1 3600 285
11
167 164 245 246 260 469 417 15 12 411 181
1 3600 121
14
133 130 149 146 154 379 376 395 396 229 230 203 195 177
1 3600 59
6
157 154 490 375 367 368
1 3600 77
16
137 133 134 144 427 359 360 31 32 38 63 64 340 344 121 118
1 3600 570
11
158 334 495 285 282 293 294 298 79 76 116
1 3600 570
24
143 140 357 353 354 351 305 306 328 382 97 94 241 237 238 365 362 420 466 183 21 18 101 98
1 3600 570
7
164 286 395 396 229 230 203
1 3600 570
7
153 146 154 379 380 389 386
1 3600 570
8
154 379 380 389 386 91 92 114
1 3600 570
12
333 334 375 347 348 293 290 324 319 320 338 458
1 3600 570
12
358 426 145 135 132 125 126 255 248 277 83 86
1 3600 190
11
451 141 144 427 151 152 9 4 207 204 278
1 3600 89
3
356 141 142
1 3600 89
5
36 430 361 358 426
1 3600 89
3
358 151 148
1 3600 139
5
429 430 361 356 450
1 3600 89
5
357 360 431 428 498
1 3600 570
11
449 357 353 354 351 346 372 376 398 471 417
1 3600 438
10
449 357 353 354 494 491 379 380 391 392
1 3600 139
8
429 37 33 26 282 349 346 372
1 3600 75
4
29 32 38 301
1 3600 75
8
31 26 282 293 294 298 325 326
1 3600 335
11
431 37 38 63 60 463 47 48 121 118 452
1 3600 570
16
31 32 38 301 295 290 322 489 115 93 94 241 237 57 58 365
1 3600 570
14
37 33 26 284 351 305 302 368 382 386 41 44 230 243
1 3600 570
10
33 26 282 293 288 306 311 113 93 90
1 3600 570
9
433 31 32 38 301 298 319 314 487
1 3600 570
13
451 357 353 354 351 305 289 290 324 79 80 338 458
1 3600 570
14
35 33 28 331 159 156 164 245 246 260 269 266 274 276
1 3600 570
13
501 61 62 39 33 28 331 159 147 148 131 132 125
1 3600 407
7
35 33 28 352 358 426 163
1 3600 53
6
499 429 430 361 356 450
1 3600 570
17
501 463 343 340 297 295 288 302 370 391 392 441 442 446 173 178 465
1 3600 570
15
501 463 47 48 121 77 78 325 326 328 382 386 41 44 199
1 3600 570
8
501 61 62 301 295 292 349 346
1 3600 129
7
501 463 47 48 345 297 298
1 3600 237
6
501 463 47 48 121 116
1 3600 570
16
35 33 26 284 494 491 379 376 398 445 446 173 174 467 421 363
1 3600 570
14
501 463 343 69 66 301 298 319 316 309 113 93 94 241
1 3600 570
10
501 61 62 301 295 290 322 489 115 93
1 3600 570
8
501 463 47 48 121 118 337 338
1 3600 570
9
501 463 47 48 121 77 80 338 458
1 3600 161
6
168 400 404 412 271 272
1 3600 161
6
14 414 461 437 249 252
1 3600 161
4
104 110 437 249
1 3600 161
5
108 406 437 249 254
1 3600 152
8
420 466 475 423 424 468 269 264
1 3600 152
8
106 402 408 472 447 444 263 211
1 3600 335
11
460 415 416 470 399 377 378 155 147 148 162
1 3600 570
16
13 10 422 472 447 443 440 393 390 371 366 347 350 355 352 356
1 3600 570
23
169 170 259 256 454 464 197 194 202 243 240 95 92 114 486 315 318 299 296 341 342 462 500
1 3600 144
4
20 180 410 412
1 3600 144
3
180 410 412
1 3600 154
6
169 19 20 182 175 172
1 3600 154
9
105 103 100 170 23 24 256 454 464
1 3600 154
5
24 185 182 175 178
1 3600 154
3
182 175 178
1 3600 154
8
407 401 402 408 472 447 443 440
1 3600 154
12
407 404 13 10 422 474 467 421 363 55 50 195
1 3600 228
11
474 175 176 198 45 40 387 388 381 373 374
1 3600 475
19
75 72 259 256 454 421 363 364 239 236 240 95 92 114 488 323 291 292 283
1 3600 570
16
470 445 443 440 393 390 389 383 384 313 308 317 320 336 452 497
1 3600 115
8
24 256 454 421 191 186 478 482
1 3600 115
5
256 454 421 191 188
1 3600 126
8
106 402 408 474 467 421 363 55
1 3600 570
7
474 467 464 197 198 45 42
1 3600 570
19
454 421 363 364 59 56 201 202 231 45 40 387 383 329 327 324 79 80 338
1 3600 570
14
175 176 194 200 236 240 95 92 114 486 315 320 338 458
1 3600 105
14
441 442 446 473 423 11 14 414 271 272 251 254 235 232
1 3600 41
4
441 442 444 263
1 3600 118
11
440 393 394 377 378 490 335 332 426 145 142
1 3600 475
10
394 287 165 166 434 161 131 134 140 448
1 3600 570
13
179 172 447 444 399 377 373 374 495 285 27 32 34
1 3600 63
8
441 442 446 473 409 403 400 109
1 3600 63
4
445 446 173 174
1 3600 63
7
196 465 466 475 423 11 14
1 3600 124
5
179 172 447 443 440
1 3600 32
4
395 390 371 368
1 3600 163
10
399 377 373 367 303 289 294 296 344 49
1 3600 570
13
173 176 198 45 40 387 383 329 327 324 79 76 116
1 3600 150
8
442 446 173 178 465 455 257 258
1 3600 69
6
446 173 178 197 194 200
1 3600 203
5
194 202 243 240 95
1 3600 570
10
393 390 371 368 384 313 308 317 320 338
1 3600 570
13
173 176 198 45 40 91 92 112 308 317 320 338 458
1 3600 380
10
366 372 376 398 471 468 269 213 214 276
1 3600 93
8
374 491 155 156 164 3 6 438
1 3600 55
6
381 378 155 147 148 160
1 3600 139
5
490 335 330 29 30
1 3600 570
5
495 285 27 32 34
1 3600 184
15
391 396 229 230 203 51 54 362 420 455 257 25 22 171 168
1 3600 31
4
370 391 392 441
1 3600 139
3
381 378 490
1 3600 40
6
373 347 348 293 294 296
1 3600 40
6
490 375 367 303 306 311
1 3600 570
11
347 348 293 294 300 67 68 340 344 121 116
1 3600 518
13
380 389 386 41 44 199 177 174 183 21 18 101 98
1 3600 158
4
97 94 241 242
1 3600 96
4
389 386 41 42
1 3600 259
8
383 329 327 324 79 80 338 456
1 3600 570
9
371 303 289 290 322 317 320 338 458
1 3600 570
14
66 39 33 28 331 159 156 164 245 227 207 204 217 214
1 3600 248
7
295 288 302 366 372 376 287
1 3600 95
9
345 341 65 62 39 36 430 361 358
1 3600 148
6
318 299 300 39 36 428
1 3600 148
4
350 355 29 30
1 3600 148
4
348 283 27 32
1 3600 285
7
305 289 294 300 63 60 500
1 3600 518
18
343 340 297 298 319 314 487 115 93 94 241 237 238 476 189 190 420 455
1 3600 211
9
349 346 367 370 391 392 441 442 446
1 3600 159
5
326 328 369 366 372
1 3600 159
6
309 312 385 382 388 381
1 3600 159
9
121 118 337 321 316 309 312 385 382
1 3600 159
4
310 307 304 346
1 3600 159
3
323 326 328
1 3600 128
4
290 324 79 80
1 3600 128
7
325 291 294 300 63 64 342
1 3600 126
4
320 336 452 497
1 3600 126
5
64 340 344 121 116
1 3600 570
16
301 295 288 302 368 382 386 41 44 230 203 51 52 58 476 480
1 3600 407
12
284 494 491 379 376 395 396 229 230 243 237 57
1 3600 167
5
316 489 115 93 90
1 3600 90
4
321 314 487 115
1 3600 570
4
79 80 338 458
1 3600 570
20
453 119 77 78 325 291 292 349 350 494 335 332 426 145 135 132 125 126 255 248
1 3600 570
18
453 337 81 78 299 295 292 283 284 355 331 332 151 152 9 4 207 204
1 3600 570
7
500 35 33 28 352 358 151
1 3600 211
5
500 499 429 430 432
1 3600 248
6
117 120 49 46 462 500
1 3600 570
16
61 62 301 295 288 302 370 391 394 398 471 425 11 12 405 109
1 3600 570
15
463 343 340 297 298 325 326 328 382 386 41 44 199 196 179
1 3600 438
7
61 62 301 295 288 306 328
1 3600 30
6
497 117 120 345 341 69
1 3600 518
6
453 119 120 49 46 462
1 3600 570
18
463 343 65 62 301 298 319 316 309 113 93 94 241 237 57 53 54 193
1 3600 570
11
496 453 337 321 314 487 115 93 94 241 237
1 3600 570
9
117 77 78 325 326 328 382 386 41
1 3600 380
7
463 47 48 121 118 337 338
1 3600 570
5
496 453 337 338 458
1 3600 438
14
362 420 466 475 423 424 417 414 271 272 251 254 235 232
1 3600 475
13
479 187 190 420 466 475 423 424 468 261 211 208 220
1 3600 570
14
71 74 102 104 110 460 415 416 468 261 247 244 165 157
1 3600 570
16
483 481 189 192 55 50 202 231 228 397 394 287 165 157 158 330
1 3600 570
24
485 481 477 239 201 195 177 172 447 444 263 211 206 224 439 7 8 153 150 359 360 431 428 498
1 3600 128
7
187 190 420 466 183 180 403
1 3600 128
4
71 74 102 104
1 3600 128
8
192 362 420 455 257 185 180 410
1 3600 135
11
478 481 477 59 56 201 195 196 179 172 447
1 3600 518
11
187 192 55 52 56 236 240 95 96 383 384
1 3600 570
15
71 72 23 17 20 182 475 472 447 443 440 393 390 371 303
1 3600 570
17
259 256 454 464 197 198 45 40 91 92 114 488 317 320 336 452 497
1 3600 163
7
189 190 420 455 257 258 73
1 3600 122
3
481 477 239
1 3600 122
9
23 24 256 454 421 363 55 50 202
1 3600 122
5
364 59 56 236 242
1 3600 475
8
483 481 477 239 236 240 43 40
1 3600 570
16
99 100 168 400 404 13 14 416 470 399 377 380 389 97 92 114
1 3600 570
14
192 55 50 202 243 240 95 92 112 308 317 320 338 458
1 3600 570
10
231 199 177 174 475 409 410 412 271 274
1 3600 380
13
53 50 195 196 179 172 447 444 263 247 227 224 492
1 3600 570
11
231 228 397 394 287 3 8 434 161 162 145
1 3600 570
13
231 228 397 394 287 165 166 153 148 131 134 140 448
1 3600 570
15
56 236 240 43 40 387 383 329 307 304 350 285 27 32 34
1 3600 95
5
242 203 51 54 362
1 3600 62
6
242 231 228 397 394 398
1 3600 146
8
231 45 40 387 388 381 373 374
1 3600 300
8
50 195 198 228 397 390 371 303
1 3600 570
11
45 40 387 383 329 327 324 299 300 63 60
1 3600 40
8
238 365 362 420 455 257 25 22
1 3600 167
3
230 203 200
1 3600 55
3
231 45 40
1 3600 570
6
236 240 95 92 114 486
1 3600 570
10
243 240 95 92 112 308 317 320 338 458
1 3600 570
12
96 388 381 378 155 156 164 245 246 260 269 266
1 3600 570
6
44 228 397 394 287 3
1 3600 570
7
387 388 381 378 155 147 152
1 3600 570
8
95 96 383 369 366 374 495 355
1 3600 570
13
40 387 388 371 303 289 294 300 67 68 342 462 500
1 3600 380
6
43 44 199 196 465 466
1 3600 158
6
41 44 228 397 392 441
1 3600 77
4
40 387 383 384
1 3600 100
4
92 114 486 315
1 3600 570
10
95 92 112 310 327 324 79 76 116 496
1 3600 407
8
41 42 241 237 57 58 365 193
1 3600 47
3
94 241 237
1 3600 76
6
92 114 488 317 320 338
1 3600 570
10
40 387 383 384 313 308 317 320 338 458
1 3600 570
22
457 339 321 316 323 291 292 283 284 494 335 159 156 166 9 6 438 219 209 204 217 89
1 3600 570
13
339 321 316 309 310 307 304 350 355 331 159 156 164
1 3600 570
9
315 318 325 291 292 349 350 494 335
1 3600 570
10
487 488 323 324 299 300 39 36 430 361
1 3600 570
7
315 318 299 300 63 60 500
1 3600 570
13
112 312 385 369 366 372 376 398 471 417 15 12 405
1 3600 570
9
487 488 309 310 307 304 346 372 376
1 3600 184
4
115 112 312 385
1 3600 49
6
488 323 291 294 296 341
1 3600 438
6
486 315 318 79 76 116
1 3600 570
8
487 115 93 94 241 237 238 476
1 3600 438
8
115 93 90 41 44 199 194 51
1 3600 69
9
339 81 78 325 326 328 382 386 41
1 3600 335
4
486 315 320 338
1 3600 300
6
112 308 317 320 338 458
1 3600 570
22
459 339 81 78 325 291 292 283 27 30 361 358 151 152 9 4 207 204 280 419 265 266
1 3600 570
16
459 339 321 316 309 312 385 369 366 374 491 155 156 164 245 227
1 3600 570
17
459 339 336 119 120 345 341 69 66 39 33 28 352 356 141 135 132
1 3600 570
13
459 339 81 78 299 295 292 283 284 355 352 356 450
1 3600 570
9
459 339 336 119 120 49 46 462 500
1 3600 570
18
459 339 321 316 323 326 307 302 370 391 392 441 442 446 473 409 181 184
1 3600 570
10
459 339 81 78 325 291 288 302 370 391
1 3600 570
8
459 339 321 316 309 312 385 382
1 3600 196
7
459 339 81 78 299 295 292
1 3600 356
5
459 339 336 452 497
1 3600 570
13
459 339 321 316 489 115 93 94 241 242 203 51 54
1 3600 570
13
459 339 321 316 309 113 93 90 41 44 230 203 200
1 3600 570
8
459 339 321 314 487 115 93 94
1 3600 150
5
459 339 321 316 489
