246
1 3600 142
3
349 350 401
1 3600 200
5
403 183 178 63 64
1 3600 200
6
349 352 133 134 180 186
1 3600 200
4
181 135 136 409
1 3600 200
6
411 401 183 135 69 66
1 3600 200
3
165 166 174
1 3600 200
6
361 185 186 391 63 66
1 3600 264
11
170 339 273 83 80 240 242 254 291 294 328
1 3600 1127
14
401 361 275 201 196 206 339 177 172 320 59 56 285 282
1 3600 1240
16
165 166 174 317 314 239 236 354 299 213 214 248 205 121 124 151
1 3600 158
5
134 180 184 275 201
1 3600 158
4
184 357 277 278
1 3600 136
9
133 136 75 67 62 390 175 176 338
1 3600 413
7
133 69 62 392 319 314 239
1 3600 1240
20
405 71 72 139 55 52 192 245 242 252 256 363 145 146 248 372 383 265 7 4
1 3600 1240
17
352 133 134 178 390 317 312 269 83 76 218 303 300 113 37 40 90
1 3600 1240
9
350 401 361 275 33 30 278 43 48
1 3600 1240
13
169 170 339 273 270 227 85 88 9 10 117 118 131
1 3600 1240
20
349 350 401 361 275 201 196 47 44 103 106 11 12 303 300 304 109 110 35 38
1 3600 1240
17
401 183 178 392 394 61 56 245 246 354 299 296 95 98 344 155 152
1 3600 106
3
179 182 402
1 3600 106
6
176 338 207 197 200 274
1 3600 106
3
312 173 167
1 3600 120
3
62 390 175
1 3600 120
3
175 172 320
1 3600 120
10
163 158 71 72 139 55 52 192 245 242
1 3600 120
6
75 67 64 262 394 61
1 3600 120
7
172 313 318 394 51 52 194
1 3600 288
11
269 83 76 218 340 251 252 258 292 363 145
1 3600 1240
5
392 394 51 54 140
1 3600 172
8
160 408 137 134 182 361 357 358
1 3600 113
3
176 273 270
1 3600 113
8
317 314 239 81 78 223 226 370
1 3600 112
6
395 319 314 239 236 354
1 3600 539
15
72 262 319 312 320 239 236 217 218 303 300 304 336 343 344
1 3600 1240
18
314 239 240 242 254 291 292 366 368 375 372 19 17 3 6 266 378 155
1 3600 1240
12
163 158 71 67 62 390 175 176 338 207 47 48
1 3600 1240
11
269 270 227 224 105 106 117 114 306 129 126
1 3600 1240
14
63 64 139 55 52 192 245 246 354 299 296 335 109 37
1 3600 1240
13
312 269 83 76 218 303 300 304 336 343 93 90 156
1 3600 288
9
315 316 391 63 66 70 159 160 406
1 3600 124
4
321 313 318 393
1 3600 124
7
333 255 243 244 57 60 395
1 3600 124
7
243 244 193 53 54 138 73
1 3600 124
6
138 65 66 70 159 162
1 3600 112
8
253 250 355 247 244 193 53 54
1 3600 102
5
253 243 244 285 282
1 3600 102
8
245 242 252 260 213 214 248 372
1 3600 102
9
195 192 245 242 252 256 363 364 368
1 3600 496
9
291 292 366 368 375 205 121 124 151
1 3600 590
12
388 195 53 50 395 319 312 269 272 338 207 197
1 3600 126
8
260 298 341 219 220 101 104 228
1 3600 94
10
388 195 192 245 246 354 299 296 335 305
1 3600 94
11
55 50 61 58 239 81 78 223 85 88 101
1 3600 151
9
258 292 363 145 146 248 372 383 265
1 3600 1240
13
52 192 245 246 217 218 303 300 113 110 35 40 90
1 3600 1240
10
239 81 78 223 226 25 22 324 45 48
1 3600 1240
9
246 217 220 9 10 117 118 131 126
1 3600 1240
9
239 236 354 299 296 95 98 93 41
1 3600 1240
14
388 195 192 245 242 252 260 296 95 96 343 344 155 156
1 3600 1127
13
125 120 204 249 215 212 298 355 237 238 321 173 167
1 3600 275
15
362 293 290 255 243 241 238 315 316 391 63 66 70 159 162
1 3600 251
6
147 144 362 257 253 243
1 3600 251
3
362 293 259
1 3600 251
18
120 204 374 369 367 293 290 255 250 341 219 77 82 268 313 318 263 139
1 3600 251
11
120 21 18 373 249 215 212 298 355 247 244
1 3600 251
3
284 193 53
1 3600 251
15
17 3 6 266 378 345 342 337 305 301 302 219 216 237 238
1 3600 251
14
211 203 204 249 147 144 362 257 253 243 244 193 194 389
1 3600 251
4
284 245 242 252
1 3600 139
7
367 293 290 255 243 244 285
1 3600 250
14
120 204 249 215 212 298 355 237 238 59 60 51 54 140
1 3600 250
11
365 362 293 259 253 243 244 193 194 389 386
1 3600 250
7
368 375 205 121 124 151 148
1 3600 250
6
16 20 202 123 124 188
1 3600 1240
22
14 265 266 378 345 342 399 111 112 301 302 13 8 89 84 224 230 45 42 279 31 32
1 3600 476
14
21 18 373 374 369 367 257 253 250 341 13 8 89 84
1 3600 231
7
287 284 245 246 217 220 101
1 3600 231
11
287 284 57 58 239 81 78 223 85 88 9
1 3600 212
8
214 248 372 383 265 266 378 345
1 3600 212
5
15 3 6 266 380
1 3600 212
14
287 284 245 242 254 291 292 363 145 146 248 372 383 265
1 3600 886
10
191 125 120 21 17 3 6 266 378 412
1 3600 1240
14
203 204 249 147 142 212 298 341 13 10 107 102 45 48
1 3600 1240
17
18 373 249 147 144 362 293 290 255 250 341 13 10 117 114 306 129
1 3600 1240
14
249 215 212 296 335 305 301 302 13 10 117 114 306 310
1 3600 1240
10
362 293 259 260 296 95 98 93 90 156
1 3600 1240
21
149 150 125 120 204 374 369 367 257 253 243 241 238 315 316 187 181 135 132 353 348
1 3600 1240
14
209 203 204 249 215 212 298 341 219 77 82 268 313 318
1 3600 335
13
141 55 50 395 319 312 269 83 76 218 340 251 254
1 3600 93
14
209 203 204 374 369 365 362 293 290 255 243 244 285 286
1 3600 93
14
141 55 50 61 58 239 236 354 299 213 214 248 372 383
1 3600 310
6
141 55 52 194 389 386
1 3600 1240
25
150 125 120 21 18 373 249 147 144 362 293 259 253 250 355 217 77 82 272 338 207 197 198 281 276
1 3600 1240
20
189 125 120 21 17 14 265 266 378 345 99 94 335 305 301 302 219 220 101 104
1 3600 517
11
387 388 195 192 245 246 217 218 303 300 304
1 3600 210
11
149 150 125 120 21 17 3 6 266 378 345
1 3600 496
11
150 125 122 203 21 17 3 6 266 378 155
1 3600 1240
17
189 125 120 204 249 215 212 298 355 237 81 82 272 338 207 47 48
1 3600 1240
20
387 388 195 53 54 138 262 319 312 269 270 25 22 324 231 105 106 117 118 131
1 3600 1240
17
209 203 204 374 369 367 293 290 255 250 341 13 10 117 114 306 310
1 3600 1240
10
209 203 21 17 14 265 266 378 155 156
1 3600 139
11
46 206 171 168 181 135 136 409 161 158 404
1 3600 139
4
274 185 181 135
1 3600 142
6
276 356 360 183 135 69
1 3600 476
13
33 30 278 43 44 103 100 9 12 340 251 254 332
1 3600 1240
12
196 206 339 273 83 80 240 242 252 256 363 145
1 3600 1240
18
196 47 44 231 105 100 221 218 340 299 213 143 146 248 205 121 124 151
1 3600 200
3
30 276 358
1 3600 160
6
385 281 278 43 44 325
1 3600 160
5
43 44 325 23 26
1 3600 160
5
280 199 196 206 339
1 3600 160
11
32 274 185 169 166 172 269 270 227 222 232
1 3600 288
10
28 199 196 206 339 273 270 227 85 86
1 3600 1240
10
43 44 103 106 11 12 303 300 113 110
1 3600 1240
18
331 279 280 199 196 206 339 273 83 76 218 303 300 304 109 37 40 90
1 3600 1240
9
331 43 44 231 105 106 117 118 131
1 3600 1240
15
44 325 23 24 227 85 88 221 218 303 300 304 336 399 35
1 3600 1240
16
274 185 186 317 314 239 236 354 299 296 95 96 343 93 90 156
1 3600 139
10
27 24 271 268 173 174 391 63 68 132
1 3600 109
11
229 225 226 271 268 313 318 263 73 74 409
1 3600 109
5
271 272 177 174 391
1 3600 118
7
80 240 242 254 291 294 328
1 3600 476
11
227 85 88 221 216 354 251 252 258 292 366
1 3600 1240
14
105 100 9 12 340 299 213 214 248 205 121 124 151 148
1 3600 138
5
338 207 197 198 384
1 3600 138
7
324 45 42 279 31 28 384
1 3600 138
11
325 23 24 271 268 173 167 168 184 357 358
1 3600 133
4
27 22 324 231
1 3600 151
5
229 105 106 117 118
1 3600 151
4
231 225 222 234
1 3600 151
7
206 339 177 172 320 239 236
1 3600 151
5
79 76 216 354 299
1 3600 151
3
85 88 101
1 3600 354
13
324 103 100 9 12 303 300 304 336 343 344 379 267
1 3600 1240
10
233 79 76 218 303 300 113 37 40 90
1 3600 1240
5
25 22 324 45 48
1 3600 775
10
233 223 224 105 106 117 114 306 129 126
1 3600 1240
13
23 24 227 85 88 221 218 303 300 304 109 110 35
1 3600 1240
13
222 79 80 240 242 252 260 296 95 98 93 90 152
1 3600 459
8
301 302 219 77 82 272 338 171
1 3600 116
14
304 334 297 298 355 247 241 238 315 318 263 65 66 70
1 3600 144
7
89 84 222 79 80 238 59
1 3600 144
10
116 11 8 221 216 247 244 193 194 396
1 3600 144
8
84 222 79 80 238 59 56 193
1 3600 127
13
9 12 340 251 254 291 292 363 364 368 375 372 19
1 3600 775
6
247 244 193 194 389 386
1 3600 365
6
220 101 102 45 42 330
1 3600 163
6
341 13 10 107 104 228
1 3600 163
6
116 107 104 225 226 271
1 3600 163
8
119 116 11 8 89 84 226 370
1 3600 163
6
119 116 107 102 325 23
1 3600 163
6
235 223 226 25 22 322
1 3600 107
4
87 88 221 218
1 3600 156
16
87 88 9 12 340 251 252 256 366 368 375 372 383 15 3 4
1 3600 156
3
336 343 344
1 3600 156
13
221 216 354 299 213 143 146 248 372 383 265 7 4
1 3600 156
12
116 11 12 303 300 113 110 398 343 344 379 380
1 3600 1240
5
304 336 343 344 412
1 3600 1240
9
355 237 81 82 272 338 207 47 48
1 3600 302
7
88 101 106 117 118 131 126
1 3600 496
10
119 116 11 12 303 300 304 109 37 38
1 3600 1240
12
115 116 11 12 303 300 113 110 35 40 90 156
1 3600 1240
13
111 108 305 301 302 219 77 82 268 313 316 187 181
1 3600 476
15
2 14 382 373 249 147 144 362 257 253 243 241 238 315 316
1 3600 127
11
6 264 382 373 249 147 144 362 293 294 328
1 3600 130
6
94 297 261 258 292 363
1 3600 130
9
337 334 297 298 355 247 244 285 288
1 3600 258
12
97 94 297 261 253 243 244 57 60 51 54 140
1 3600 1240
11
111 112 301 302 219 220 89 84 224 230 45
1 3600 318
14
378 155 91 41 36 108 305 301 302 13 8 101 104 228
1 3600 130
6
92 99 94 297 298 355
1 3600 130
8
345 342 337 305 301 302 219 216
1 3600 130
8
96 337 305 301 302 219 220 89
1 3600 130
7
399 111 112 301 302 13 8
1 3600 175
4
379 267 7 4
1 3600 1240
16
41 36 108 334 297 298 355 237 238 321 173 176 338 207 47 48
1 3600 826
9
111 112 301 302 13 10 117 114 306
1 3600 253
18
2 14 382 373 374 369 367 293 290 255 250 341 13 10 117 114 306 310
1 3600 1240
3
378 155 152
1 3600 1240
17
413 345 99 94 297 261 253 243 241 238 315 318 393 179 182 400 410
1 3600 1240
18
91 41 36 108 334 297 298 355 237 238 321 313 318 393 63 66 70 159
1 3600 1033
11
91 92 342 97 94 297 261 253 243 244 57
1 3600 326
7
154 379 267 264 382 373 249
1 3600 248
9
413 379 267 264 15 16 20 202 208
1 3600 1240
12
413 345 342 337 305 301 302 219 220 101 102 45
1 3600 1240
10
413 345 342 337 305 301 302 219 77 82
1 3600 620
11
91 41 34 111 112 301 302 219 77 78 234
1 3600 100
5
413 155 91 41 36
1 3600 1240
15
91 92 99 94 297 298 355 237 81 82 272 338 207 47 48
1 3600 1240
14
91 41 34 111 108 305 301 302 13 10 117 118 131 126
1 3600 1240
13
413 345 342 337 305 301 302 13 10 117 114 306 310
1 3600 1240
3
413 155 156
1 3600 1240
7
49 46 197 200 274 360 402
1 3600 1240
9
49 46 206 339 177 174 391 63 66
1 3600 1240
10
49 46 206 339 273 83 80 240 242 252
1 3600 1240
16
49 46 206 339 177 172 320 239 240 242 254 291 292 363 145 142
1 3600 1240
15
49 44 103 100 221 218 340 299 213 214 248 205 121 124 151
1 3600 253
4
49 42 279 276
1 3600 443
5
49 46 206 339 273
1 3600 1240
8
49 44 103 100 221 218 303 300
1 3600 1240
15
49 46 206 171 166 172 320 239 236 354 299 296 95 98 93
1 3600 1240
15
49 46 206 339 273 83 76 216 354 299 296 95 98 344 412
1 3600 1240
8
49 44 103 106 117 118 131 126
1 3600 1240
14
49 46 206 339 273 83 76 218 303 300 304 109 37 38
1 3600 1240
15
49 44 231 105 100 9 12 303 300 113 110 35 40 90 156
1 3600 1240
17
128 307 115 116 107 104 225 226 271 268 173 167 168 181 182 400 410
1 3600 1240
11
130 119 116 107 102 325 23 24 271 268 173
1 3600 954
11
128 307 115 116 11 8 221 216 247 244 57
1 3600 1240
11
127 130 119 116 11 12 340 251 252 256 363
1 3600 1240
14
128 307 115 116 107 100 221 216 247 244 193 194 389 386
1 3600 1240
14
307 115 116 107 104 225 226 271 268 313 316 187 184 275
1 3600 302
5
307 115 116 107 102
1 3600 113
6
127 130 119 116 11 12
1 3600 354
10
127 130 119 116 11 12 303 300 304 109
1 3600 1240
12
307 115 116 11 12 303 300 304 336 343 344 412
1 3600 1240
8
307 115 116 107 104 230 45 48
1 3600 310
13
127 130 119 116 11 12 340 299 296 335 109 37 38
1 3600 1240
14
127 130 119 116 11 12 303 300 113 110 35 40 90 156
1 3600 1240
18
309 307 115 116 11 8 89 84 222 79 82 272 177 167 168 184 360 402
1 3600 1240
13
311 307 115 116 107 100 89 84 226 271 268 313 316
1 3600 1127
13
311 307 115 116 11 8 89 84 222 79 80 238 59
1 3600 954
10
40 90 154 379 267 7 2 16 20 121
1 3600 1240
11
40 90 154 379 267 264 15 16 20 202 208
1 3600 1240
15
36 108 334 297 261 253 243 241 238 315 316 187 184 357 277
1 3600 886
11
34 111 112 301 302 219 77 78 223 226 370
1 3600 222
8
309 307 115 116 107 100 89 86
1 3600 133
9
309 307 115 116 11 12 303 300 113
1 3600 1240
5
39 40 90 154 412
1 3600 1240
17
39 34 398 97 94 297 298 355 237 238 321 269 272 338 207 47 48
1 3600 375
11
36 112 301 302 13 10 117 114 306 129 126
1 3600 1033
12
39 36 108 305 301 302 13 10 117 114 306 310
1 3600 1240
14
311 307 115 116 11 12 340 299 296 95 98 93 90 152
1 3600 1240
14
153 91 92 99 94 297 298 355 237 238 321 173 167 164
1 3600 1240
12
153 91 92 99 94 297 261 253 243 244 57 60
1 3600 1240
17
153 154 379 267 264 382 373 374 369 365 362 293 290 255 243 241 238
1 3600 1240
8
153 154 379 267 264 382 373 374
1 3600 1240
16
153 91 41 34 111 108 334 297 261 253 243 244 193 194 389 386
1 3600 1240
16
157 91 92 342 337 305 301 302 219 77 82 272 338 207 197 198
1 3600 1240
14
153 91 41 36 112 301 302 219 220 89 84 226 25 22
1 3600 1240
9
153 91 92 99 94 297 298 341 13
1 3600 620
5
153 154 379 267 7
1 3600 1240
3
157 154 412
1 3600 1240
14
153 91 41 34 111 112 301 302 219 220 101 102 45 48
1 3600 1240
13
153 91 92 342 337 305 301 302 13 10 117 118 131
1 3600 539
15
157 91 41 36 108 334 297 298 341 13 10 117 114 306 308
