247
1 3600 223
32
485 469 149 154 355 350 407 408 461 439 436 440 454 341 342 480 213 19 16 471 472 600 602 303 300 612 307 217 214 364 370 372
1 3600 69
11
499 373 371 365 215 216 306 613 301 302 606
1 3600 69
21
485 483 123 126 337 333 159 156 161 162 169 170 399 339 342 480 213 19 16 471 472
1 3600 238
9
499 225 220 318 383 375 378 532 577
1 3600 357
8
216 306 618 609 595 535 536 545
1 3600 39
26
373 297 292 311 309 306 613 610 605 603 601 473 470 17 18 212 211 208 443 444 450 447 448 415 412 111
1 3600 77
22
296 371 367 317 318 383 384 566 572 561 558 622 626 9 4 49 46 35 25 22 452 207
1 3600 357
17
225 220 318 383 375 380 529 530 588 592 475 470 17 20 32 621 267
1 3600 357
19
216 306 618 615 605 603 601 473 470 17 18 212 211 47 50 235 232 256 403
1 3600 357
7
485 483 467 331 159 156 325
1 3600 357
13
485 469 149 150 349 350 410 167 168 462 79 82 100
1 3600 357
17
225 220 318 383 384 505 500 550 558 275 39 44 230 239 234 241 242
1 3600 357
24
216 306 613 301 302 603 601 473 470 17 18 212 481 347 53 48 258 285 283 229 226 403 400 492
1 3600 96
7
300 612 307 308 310 293 296
1 3600 96
10
601 581 576 533 379 374 382 319 221 224
1 3600 87
3
607 604 611
1 3600 104
3
474 593 589
1 3600 104
11
471 474 585 582 531 528 381 374 384 566 572
1 3600 104
13
610 605 603 601 597 598 593 589 531 391 394 387 388
1 3600 104
9
301 302 603 601 597 579 576 533 379
1 3600 104
8
597 598 585 533 379 374 384 568
1 3600 357
21
11 14 477 478 267 268 627 623 559 560 573 567 385 375 376 386 395 392 536 545 542
1 3600 76
22
605 603 601 473 470 17 18 212 481 343 340 455 441 437 438 460 409 406 351 354 155 148
1 3600 112
11
302 603 601 473 470 17 20 32 621 479 476
1 3600 112
10
605 603 601 473 470 17 18 212 211 35
1 3600 112
12
470 17 18 212 481 343 340 431 37 13 14 477
1 3600 112
15
312 317 318 383 384 566 572 561 558 622 626 269 266 620 33
1 3600 112
4
17 18 212 211
1 3600 77
22
614 609 595 535 393 394 387 377 374 384 505 500 550 558 275 276 280 282 284 259 260 286
1 3600 357
17
302 603 601 473 470 17 20 32 621 267 268 291 255 250 229 45 42
1 3600 357
28
318 383 384 566 572 561 558 275 39 44 226 257 57 60 66 91 85 86 83 78 463 163 160 157 158 332 334 510
1 3600 275
17
316 313 309 306 618 615 605 603 601 473 470 17 18 212 481 343 338
1 3600 357
13
607 603 601 473 470 17 18 212 481 343 338 249 247
1 3600 357
22
617 614 609 595 587 531 528 381 374 384 566 547 550 558 622 279 280 229 226 403 400 492
1 3600 357
8
504 385 382 319 221 222 365 215
1 3600 186
5
379 374 382 319 314
1 3600 186
8
590 594 608 619 307 308 312 366
1 3600 186
9
390 530 583 584 599 596 600 602 604
1 3600 186
6
589 583 577 580 600 602
1 3600 186
9
390 526 532 577 578 596 600 602 606
1 3600 186
4
588 592 475 470
1 3600 186
3
319 316 366
1 3600 186
10
589 586 594 608 619 307 217 214 364 223
1 3600 188
5
385 375 378 532 577
1 3600 188
4
393 394 387 388
1 3600 188
4
576 582 586 535
1 3600 201
7
576 533 527 391 392 536 545
1 3600 201
10
551 546 567 385 375 380 395 392 536 545
1 3600 201
4
536 545 542 552
1 3600 201
6
391 392 536 545 542 552
1 3600 255
19
571 569 566 572 561 558 622 626 269 266 479 429 95 98 175 176 448 415 412
1 3600 155
10
378 532 584 475 470 17 20 32 621 479
1 3600 155
14
591 592 475 470 17 18 212 481 343 340 455 441 437 438
1 3600 155
23
500 550 558 275 276 280 251 252 7 2 259 49 46 208 23 26 419 271 272 450 447 199 200
1 3600 193
11
394 387 377 374 384 566 572 561 558 622 626
1 3600 193
11
584 475 470 17 18 212 211 47 48 5 8
1 3600 193
10
524 383 384 505 500 550 558 275 39 44
1 3600 193
6
563 558 275 39 44 230
1 3600 193
21
524 383 375 376 386 529 530 588 592 599 596 473 470 17 18 212 211 47 50 235 236
1 3600 193
11
524 383 384 566 572 561 558 622 626 9 2
1 3600 193
15
390 530 583 577 580 473 470 17 20 32 621 267 268 9 2
1 3600 155
5
561 558 275 39 42
1 3600 357
24
524 383 375 378 532 577 578 596 473 470 17 18 212 481 343 338 398 171 166 411 165 160 325 141
1 3600 325
11
558 622 279 280 282 284 3 4 49 52 89
1 3600 325
18
375 378 532 584 475 470 17 18 212 481 343 344 89 84 90 67 61 56
1 3600 357
11
547 550 558 275 276 280 229 226 403 400 496
1 3600 357
12
543 544 537 534 594 608 619 307 308 310 293 296
1 3600 325
9
544 537 393 394 381 374 382 319 316
1 3600 90
6
553 543 544 537 534 594
1 3600 90
7
265 268 627 623 559 560 573
1 3600 90
6
543 544 537 393 394 387
1 3600 275
13
544 537 534 591 592 475 470 17 20 32 621 267 262
1 3600 357
26
541 544 537 534 587 588 592 599 596 473 470 17 18 212 211 208 443 433 193 196 438 201 187 190 415 353
1 3600 325
4
263 266 479 476
1 3600 111
18
541 544 537 534 591 592 475 470 17 18 212 481 347 53 48 5 6 253
1 3600 96
15
544 537 393 394 387 377 374 384 505 500 550 558 275 39 42
1 3600 357
35
541 544 537 534 587 583 577 580 473 470 17 18 212 211 35 25 26 631 183 184 179 174 99 96 458 109 112 116 126 337 334 321 141 135 130
1 3600 357
21
541 544 537 393 390 526 532 577 578 596 473 470 17 18 212 481 343 338 396 81 82
1 3600 357
18
555 543 544 537 534 591 592 475 470 17 18 212 211 47 50 59 54 104
1 3600 357
19
543 544 537 393 394 381 374 384 566 572 561 558 622 279 280 229 226 403 400
1 3600 119
28
127 117 113 110 413 414 449 446 451 445 442 209 210 213 19 16 471 472 600 602 303 300 612 307 217 214 364 370
1 3600 119
3
330 468 484
1 3600 81
20
153 154 355 352 414 449 177 178 270 418 27 24 34 210 213 19 16 471 472 600
1 3600 255
15
97 94 428 478 620 33 21 16 471 474 593 590 535 536 575
1 3600 357
23
107 108 459 97 94 426 628 15 12 34 210 213 19 16 471 474 593 590 535 536 545 542 556
1 3600 71
6
148 466 123 117 113 108
1 3600 129
13
513 349 352 414 191 186 200 439 436 440 454 341 342
1 3600 129
6
113 110 413 414 191 188
1 3600 129
11
467 331 159 156 161 164 407 189 186 198 177
1 3600 129
5
413 414 191 188 408
1 3600 129
13
349 350 410 167 170 435 436 205 206 453 23 24 13
1 3600 129
8
459 97 98 175 178 270 416 442
1 3600 129
9
161 162 169 172 461 439 197 192 432
1 3600 129
12
337 333 159 156 328 355 352 414 449 446 195 192
1 3600 188
24
125 126 337 333 159 156 161 162 462 73 76 82 87 84 92 247 243 240 235 238 231 228 251 254
1 3600 357
22
513 349 350 410 167 170 464 397 249 247 244 71 63 61 56 256 227 228 281 277 274 624
1 3600 133
10
513 349 350 407 408 173 168 462 357 358
1 3600 133
37
295 292 311 309 306 613 610 605 603 601 473 470 17 20 32 621 479 476 629 630 419 416 433 203 204 437 434 171 166 411 351 354 329 325 141 135 130
1 3600 133
5
513 151 152 156 325
1 3600 133
7
115 116 126 337 334 321 322
1 3600 76
9
349 350 410 167 170 464 75 76 82
1 3600 357
11
413 414 191 186 200 439 434 399 249 247 243
1 3600 357
22
113 108 459 97 98 175 178 185 182 630 27 22 209 47 48 260 237 232 256 403 400 496
1 3600 132
24
203 206 457 454 341 342 480 213 19 16 471 472 600 602 604 611 612 307 308 312 366 223 224 498
1 3600 167
14
341 342 480 213 19 16 471 472 600 602 604 614 619 307
1 3600 167
6
19 16 471 472 600 602
1 3600 167
8
480 213 19 16 471 472 600 602
1 3600 167
15
94 428 478 620 33 21 16 471 472 600 602 303 300 612 307
1 3600 167
25
98 175 176 446 451 445 442 209 47 48 258 285 283 281 277 274 559 551 501 504 385 382 319 221 222
1 3600 167
8
34 210 213 19 16 471 472 597
1 3600 172
28
449 446 451 445 417 418 27 24 36 430 341 344 53 50 235 238 231 45 38 274 559 560 573 567 385 375 380 529
1 3600 172
15
192 203 206 453 209 47 48 5 8 627 623 559 560 573 567
1 3600 172
6
16 471 474 585 533 379
1 3600 357
17
430 341 342 480 213 19 16 471 472 581 576 582 586 535 536 545 542
1 3600 168
14
22 452 207 202 193 194 447 448 415 353 348 151 152 158
1 3600 168
8
431 37 13 14 629 427 95 96
1 3600 168
11
343 340 455 441 437 438 201 187 190 415 412
1 3600 168
19
618 615 605 603 601 473 470 17 18 212 481 343 338 398 171 168 163 160 157
1 3600 168
9
444 273 179 174 99 96 458 109 106
1 3600 168
9
455 441 437 438 460 409 406 351 348
1 3600 168
16
20 32 621 479 429 426 183 184 272 450 447 448 415 353 354 155
1 3600 168
17
419 271 179 176 199 187 188 406 165 160 157 158 332 336 127 122 482
1 3600 141
4
98 175 178 270
1 3600 141
8
19 16 471 472 600 602 604 614
1 3600 141
11
446 451 273 185 182 628 15 12 34 210 213
1 3600 173
17
414 191 186 200 439 434 464 81 82 87 84 90 67 61 56 233 236
1 3600 173
9
440 454 341 344 53 48 258 3 6
1 3600 173
12
186 200 460 173 170 399 249 247 243 240 235 236
1 3600 173
9
272 445 442 209 47 50 235 238 488
1 3600 173
18
449 446 195 196 434 464 75 76 82 87 84 90 71 63 61 56 233 238
1 3600 173
6
427 428 478 267 268 291
1 3600 173
8
270 418 27 24 34 47 48 258
1 3600 173
13
202 432 417 418 631 628 477 478 267 268 291 255 250
1 3600 173
8
416 442 209 47 50 235 238 231
1 3600 357
14
167 170 399 249 247 243 65 61 56 256 227 45 38 274
1 3600 148
21
426 183 184 272 450 447 199 200 460 409 404 411 351 354 329 325 141 136 143 129 132
1 3600 148
5
411 165 160 325 320
1 3600 157
10
419 416 433 203 204 437 438 460 173 168
1 3600 157
5
204 437 434 171 168
1 3600 157
15
182 628 15 12 36 430 341 342 347 89 86 83 77 72 357
1 3600 157
15
613 301 302 603 601 473 470 17 18 212 481 347 89 86 100
1 3600 157
8
12 36 430 341 344 89 86 100
1 3600 157
5
200 439 434 464 75
1 3600 91
5
15 12 34 47 50
1 3600 357
9
47 48 260 237 232 256 403 400 494
1 3600 357
14
5 8 627 623 559 551 501 504 385 382 319 221 224 373
1 3600 83
13
290 269 266 620 33 21 16 471 472 600 602 604 611
1 3600 104
15
285 253 250 281 278 623 559 560 573 567 385 375 376 386 529
1 3600 104
11
623 559 551 501 504 385 375 380 529 530 588
1 3600 104
11
258 3 6 283 281 277 274 559 560 573 567
1 3600 104
12
289 261 5 8 627 623 559 551 548 573 567 385
1 3600 178
5
261 5 8 269 262
1 3600 188
19
239 234 241 242 246 248 396 465 435 438 201 187 190 415 412 111 112 114 118
1 3600 98
9
33 21 16 471 472 600 602 604 614
1 3600 98
8
239 234 51 46 210 213 19 20
1 3600 98
11
621 479 429 426 630 419 271 179 176 199 200
1 3600 98
7
29 32 621 479 429 95 98
1 3600 98
3
29 21 18
1 3600 98
6
9 4 49 46 208 452
1 3600 74
11
31 32 621 267 268 291 255 250 229 230 488
1 3600 96
6
238 231 45 38 274 624
1 3600 96
6
289 237 238 231 45 40
1 3600 325
18
621 479 476 629 630 419 416 444 450 447 448 415 353 354 329 325 322 423
1 3600 77
7
31 21 18 212 481 347 89
1 3600 82
10
31 32 621 267 268 291 255 250 229 226
1 3600 82
4
255 250 229 226
1 3600 357
6
250 229 226 403 400 496
1 3600 357
11
274 559 560 573 567 385 382 319 221 224 498
1 3600 357
10
274 559 551 501 504 385 382 319 316 313
1 3600 96
15
402 257 57 58 51 52 346 480 213 19 16 471 474 593 590
1 3600 102
8
41 44 228 251 254 290 269 262
1 3600 357
19
402 257 57 60 62 70 245 246 248 398 435 197 194 447 177 174 99 96 458
1 3600 198
19
43 44 228 251 254 290 269 266 620 33 21 16 471 472 600 602 303 300 612
1 3600 64
6
625 622 626 9 2 259
1 3600 64
6
43 44 230 239 236 288
1 3600 238
4
625 275 39 40
1 3600 357
26
275 276 280 251 252 7 4 260 237 234 241 69 70 91 85 86 83 78 463 163 160 325 141 138 145 143
1 3600 357
9
275 39 44 230 239 234 241 242 246
1 3600 148
7
44 230 239 234 59 54 104
1 3600 188
7
276 280 229 226 403 400 494
1 3600 357
26
321 324 161 162 462 73 74 397 339 342 480 213 19 16 471 472 600 602 303 300 612 307 308 310 293 296
1 3600 357
25
131 134 140 324 161 164 407 408 461 439 436 440 454 341 342 480 213 19 16 471 472 600 602 604 616
1 3600 357
20
142 137 140 324 161 162 462 79 82 87 88 53 48 258 3 8 627 623 559 562
1 3600 357
27
487 323 324 328 355 350 410 167 170 399 339 342 480 213 19 16 471 474 593 589 531 528 395 392 536 545 538
1 3600 151
3
140 320 335
1 3600 151
10
421 422 323 320 335 336 127 117 114 120
1 3600 151
8
160 157 158 332 336 127 117 113
1 3600 151
7
487 323 320 335 336 127 117
1 3600 151
7
511 335 336 127 117 114 118
1 3600 117
8
323 324 161 164 407 189 186 198
1 3600 117
6
515 359 356 463 169 172
1 3600 297
18
133 134 140 324 161 162 462 79 82 87 84 90 71 68 240 235 236 288
1 3600 357
20
131 134 140 324 328 355 352 414 449 177 174 99 94 428 478 267 268 627 623 624
1 3600 91
8
359 356 463 163 160 325 322 486
1 3600 148
6
359 356 73 76 82 100
1 3600 148
5
162 462 79 82 100
1 3600 148
14
335 333 330 149 150 349 350 410 167 170 464 81 82 100
1 3600 148
8
139 140 324 161 162 169 170 464
1 3600 148
8
139 140 324 161 162 462 357 360
1 3600 148
5
140 324 161 162 462
1 3600 297
18
144 139 140 324 328 355 350 410 167 170 399 249 93 90 67 61 54 104
1 3600 357
20
487 323 324 161 164 407 408 173 170 399 249 247 243 240 59 56 256 403 400 496
1 3600 357
22
76 80 397 339 342 480 213 19 16 471 472 600 602 604 614 619 307 217 214 364 370 372
1 3600 275
23
169 172 461 439 436 205 206 453 209 210 213 19 16 471 472 597 579 576 533 379 374 382 319
1 3600 297
16
361 356 73 76 82 87 88 346 480 213 19 16 471 474 585 582
1 3600 357
15
339 342 480 213 19 16 471 474 593 589 586 535 536 545 542
1 3600 72
7
463 169 166 411 351 348 512
1 3600 87
14
85 88 345 342 480 213 19 16 471 472 600 602 604 614
1 3600 87
6
101 83 80 465 435 197
1 3600 87
7
435 436 440 456 453 23 24
1 3600 87
8
83 77 74 465 435 436 205 202
1 3600 76
4
101 87 88 53
1 3600 357
8
249 247 243 240 235 238 231 45
1 3600 78
5
75 72 357 358 514
1 3600 78
16
74 465 171 166 405 406 351 348 151 148 466 123 126 337 334 510
1 3600 78
8
356 463 163 160 325 141 135 132
1 3600 79
3
103 87 88
1 3600 96
4
397 249 247 243
1 3600 96
4
87 84 90 71
1 3600 96
3
89 84 90
1 3600 357
9
249 247 244 67 61 56 256 403 400
1 3600 357
21
71 63 61 56 256 227 228 281 277 274 559 560 573 567 385 382 319 221 222 370 297
1 3600 357
18
246 248 339 342 480 213 19 16 471 472 600 602 303 300 612 307 217 214
1 3600 255
13
243 240 235 238 231 45 38 274 559 551 501 504 568
1 3600 357
20
63 64 240 51 46 210 213 19 16 471 472 581 576 533 527 391 392 536 545 542
1 3600 325
14
58 51 46 208 443 444 450 447 448 415 412 111 106 118
1 3600 63
10
57 60 66 91 92 248 398 171 166 411
1 3600 68
8
240 235 236 261 258 285 253 254
1 3600 68
5
63 61 56 233 236
1 3600 188
4
55 56 256 403
1 3600 255
9
70 91 85 86 83 78 357 358 514
1 3600 81
7
57 60 66 245 246 248 396
1 3600 81
3
246 248 396
1 3600 81
7
70 91 85 86 83 77 72
1 3600 123
4
65 61 54 104
1 3600 119
5
61 56 256 403 400
1 3600 357
16
401 402 227 228 281 278 623 559 560 573 567 385 382 319 221 224
1 3600 357
14
497 401 402 227 45 38 274 559 551 546 567 385 382 319
1 3600 357
12
497 401 402 227 228 281 278 623 559 551 501 502
1 3600 357
20
497 401 402 227 45 38 274 559 560 573 567 385 375 376 386 395 392 536 545 538
1 3600 357
19
493 401 402 257 57 58 51 46 35 25 26 631 427 95 96 458 109 106 118
1 3600 357
13
401 402 257 57 60 64 242 246 248 398 171 166 411
1 3600 155
9
493 401 402 227 228 251 254 290 269
1 3600 127
7
495 401 402 227 228 281 277
1 3600 357
23
401 402 257 233 234 51 52 345 340 455 441 437 438 460 409 406 351 354 329 325 141 136 143
1 3600 357
9
401 402 257 57 60 66 91 85 86
1 3600 63
7
495 401 402 257 57 54 104
