98
1 3600 39
5
201 185 186 190 199
1 3600 50
6
185 179 157 31 26 36
1 3600 50
5
202 101 104 151 152
1 3600 50
5
200 159 31 32 84
1 3600 50
4
179 173 155 31
1 3600 50
6
171 147 144 87 92 131
1 3600 211
10
200 202 101 106 130 93 90 55 58 74
1 3600 48
10
198 191 187 188 167 162 139 135 121 43
1 3600 48
6
193 177 157 158 202 204
1 3600 48
9
196 191 187 188 167 164 169 139 135
1 3600 36
12
178 184 200 171 147 144 109 53 56 63 60 47
1 3600 211
20
191 187 188 167 164 170 202 101 104 89 86 109 110 97 94 65 60 67 51 48
1 3600 211
4
158 202 204 214
1 3600 211
10
193 196 191 187 188 167 162 139 135 123
1 3600 77
6
35 27 30 158 202 206
1 3600 77
9
57 52 108 145 146 165 166 189 186
1 3600 77
7
91 88 105 100 203 159 156
1 3600 77
7
131 107 100 203 201 185 186
1 3600 77
10
128 150 105 102 141 146 165 166 189 186
1 3600 77
6
203 159 154 172 176 192
1 3600 77
5
203 201 185 186 190
1 3600 63
8
27 30 158 171 147 144 149 55
1 3600 63
4
54 91 92 153
1 3600 81
7
130 93 86 109 53 58 74
1 3600 75
6
108 145 146 169 163 166
1 3600 75
6
30 156 178 188 167 160
1 3600 80
6
151 129 107 102 141 142
1 3600 80
14
80 33 30 158 202 101 106 130 93 90 148 109 110 212
1 3600 80
17
27 30 154 172 178 184 200 202 101 104 89 90 55 56 63 60 67
1 3600 80
8
101 104 89 86 109 53 56 63
1 3600 80
6
90 55 56 63 60 47
1 3600 80
15
85 82 37 27 30 158 171 147 144 109 110 97 98 114 19
1 3600 132
12
130 93 86 109 110 97 94 65 60 67 51 48
1 3600 211
8
86 109 110 181 125 122 132 208
1 3600 211
9
93 90 55 56 25 9 6 116 3
1 3600 211
8
75 59 54 91 88 105 100 206
1 3600 25
4
75 59 52 108
1 3600 211
11
75 59 56 72 98 114 13 14 3 4 120
1 3600 92
4
75 59 56 72
1 3600 141
7
75 59 56 63 60 47 48
1 3600 211
8
75 59 52 110 181 125 45 40
1 3600 211
11
75 59 56 63 64 113 11 6 116 118 127
1 3600 32
5
166 189 179 173 155
1 3600 32
3
170 202 206
1 3600 34
9
135 123 124 180 111 108 87 92 153
1 3600 211
7
168 147 144 109 53 58 74
1 3600 41
5
162 139 135 121 43
1 3600 43
8
162 139 135 121 5 2 117 7
1 3600 43
6
133 134 136 205 101 102
1 3600 43
9
135 123 126 119 15 12 115 112 65
1 3600 43
11
121 5 2 117 7 10 99 73 63 60 67
1 3600 211
8
133 123 126 119 15 12 19 22
1 3600 92
8
161 164 169 139 135 123 45 40
1 3600 88
5
44 126 119 15 16
1 3600 38
10
95 96 111 108 145 140 103 100 203 159
1 3600 65
10
66 61 62 57 54 91 92 131 107 100
1 3600 65
12
18 13 14 118 127 122 134 138 168 170 159 31
1 3600 65
3
19 20 24
1 3600 65
5
7 10 99 96 111
1 3600 65
7
10 112 95 96 111 108 149
1 3600 211
10
140 103 106 128 152 93 90 55 58 74
1 3600 58
12
66 61 64 113 11 6 116 3 4 120 132 210
1 3600 58
9
114 13 14 118 127 122 134 138 168
1 3600 58
10
114 13 14 3 4 120 134 138 163 166
1 3600 58
6
9 6 116 118 127 122
1 3600 58
10
66 61 62 57 54 148 145 146 165 160
1 3600 34
5
115 112 65 60 47
1 3600 39
7
7 8 24 63 60 67 70
1 3600 211
9
21 18 13 14 3 4 120 132 208
1 3600 65
8
64 95 96 181 125 45 42 5
1 3600 65
7
62 25 9 6 116 3 4
1 3600 211
16
71 66 61 62 57 54 91 88 105 100 203 201 185 179 173 174
1 3600 62
13
69 66 61 62 57 52 108 87 92 153 150 105 100
1 3600 211
7
69 66 61 62 57 58 74
1 3600 192
10
71 66 61 64 95 96 212 183 125 122
1 3600 38
6
49 46 61 64 113 11
1 3600 38
8
23 18 115 99 96 111 108 145
1 3600 211
3
49 50 70
1 3600 211
14
71 66 61 62 72 98 114 13 14 3 4 120 132 208
1 3600 162
9
69 66 61 64 113 11 6 116 118
1 3600 211
10
215 137 138 163 166 189 186 190 197 192
1 3600 211
8
215 137 135 123 124 180 97 73
1 3600 211
9
41 44 124 182 213 111 53 58 74
1 3600 36
5
215 137 135 132 210
1 3600 84
13
215 137 135 121 5 2 15 12 115 112 65 60 67
1 3600 211
13
41 42 5 2 117 7 8 24 63 60 67 51 48
1 3600 211
5
215 137 135 132 208
1 3600 57
3
209 133 121
1 3600 211
9
14 118 127 122 134 136 205 203 159
1 3600 162
3
124 180 111
1 3600 211
7
12 115 99 73 57 58 74
1 3600 58
5
4 120 134 138 163
1 3600 62
9
14 118 127 122 134 136 205 101 102
1 3600 62
4
126 119 117 7
1 3600 62
6
5 2 15 12 115 112
1 3600 211
9
119 117 7 10 112 65 60 47 48
1 3600 96
6
17 14 3 4 43 40
1 3600 124
3
14 3 4
