369
36.05126 103.85085 1 0
36.083572 103.76248 2 0
36.08359 103.762596 3 0
36.041115 103.83627 4 0
36.041237 103.76313 5 0
36.06954 103.714035 6 0
36.06967 103.714035 7 0
36.07082 103.83774 8 0
36.07792 103.843254 9 0
36.045715 103.721664 10 0
36.04128 103.84623 11 0
36.041058 103.86748 12 0
36.0532 103.91886 13 0
36.053112 103.91873 14 0
36.06329 103.83463 15 1
36.041557 103.9193 16 0
36.083813 103.77398 17 0
36.054375 103.71316 18 0
36.073563 103.854416 19 1
36.073296 103.84988 20 1
36.04108 103.852615 21 0
36.068146 103.8657 22 0
36.07942 103.71306 23 0
36.060913 103.8968 24 0
36.04186 103.91962 25 0
36.04112 103.802246 26 0
36.073723 103.89492 27 0
36.051487 103.88089 28 0
36.05157 103.91762 29 0
36.05691 103.87505 30 1
36.058754 103.86716 31 1
36.0593 103.864815 32 0
36.066696 103.766396 33 0
36.07261 103.770645 34 1
36.076694 103.76231 35 1
36.078304 103.769844 36 0
36.079597 103.76133 37 0
36.053757 103.87869 38 0
36.05523 103.88225 39 1
36.05588 103.87946 40 1
36.05812 103.8959 41 0
36.066532 103.82516 42 1
36.06932 103.86104 43 1
36.069397 103.86071 44 1
36.07452 103.84929 45 1
36.08358 103.822365 46 0
36.045616 103.85264 47 1
36.04162 103.919174 48 0
36.04168 103.919136 49 0
36.04105 103.82176 50 0
36.065533 103.74951 51 0
36.07286 103.742714 52 0
36.068268 103.76682 53 1
36.04566 103.852394 54 1
36.07469 103.76537 55 1
36.084103 103.772934 56 0
36.041008 103.86294 57 0
36.071102 103.794395 58 1
36.047825 103.85315 59 1
36.083878 103.892494 60 0
36.083824 103.89241 61 0
36.057972 103.809074 62 0
36.059807 103.80816 63 0
36.052975 103.8616 64 1
36.06746 103.84349 65 0
36.047764 103.85339 66 1
36.04516 103.895485 67 0
36.04145 103.91863 68 1
36.041016 103.916504 69 0
36.053722 103.81055 70 0
36.052094 103.72088 71 1
36.05805 103.72747 72 1
36.05901 103.724174 73 1
36.066257 103.716064 74 0
36.066326 103.71609 75 0
36.08362 103.822426 76 0
36.0831 103.91672 77 0
36.083046 103.916824 78 0
36.041058 103.84163 79 0
36.04117 103.82574 80 0
36.048927 103.89657 81 1
36.05011 103.87255 82 1
36.0428 103.88412 83 1
36.046562 103.88566 84 1
36.083622 103.72448 85 0
36.07947 103.74479 86 0
36.052963 103.81723 87 1
36.063656 103.818115 88 1
36.072193 103.82552 89 1
36.041058 103.86248 90 0
36.057175 103.809685 91 1
36.05961 103.80933 92 0
36.063213 103.83245 93 0
36.060047 103.80821 94 0
36.06192 103.770546 95 1
36.070835 103.78087 96 1
36.070793 103.781136 97 1
36.072384 103.74696 98 0
36.046436 103.849144 99 1
36.04534 103.868416 100 1
36.04515 103.89529 101 0
36.046814 103.90664 102 1
36.04783 103.91958 103 0
36.050762 103.905785 104 1
36.042915 103.81965 105 0
36.051968 103.91344 106 0
36.048973 103.90508 107 1
36.049145 103.90488 108 0
36.042625 103.89411 109 0
36.07847 103.7485 110 1
36.041294 103.82159 111 0
36.04124 103.82168 112 0
36.041294 103.821434 113 0
36.083717 103.83291 114 0
36.08427 103.83154 115 0
36.04101 103.915955 116 0
36.07319 103.74139 117 0
36.07974 103.71275 118 0
36.08423 103.73583 119 0
36.083523 103.736984 120 0
36.07442 103.89115 121 0
36.083843 103.72414 122 0
36.05801 103.78974 123 0
36.067734 103.79251 124 0
36.065426 103.78635 125 1
36.065563 103.78502 126 1
36.064625 103.79091 127 0
36.06418 103.79188 128 1
36.0529 103.725 129 0
36.081745 103.89642 130 0
36.081654 103.89637 131 0
36.084198 103.77308 132 0
36.072212 103.79173 133 1
36.04858 103.84989 134 1
36.05104 103.85078 135 1
36.04178 103.82095 136 1
36.0615 103.71649 137 1
36.041016 103.81487 138 0
36.074005 103.85177 139 0
36.050804 103.901276 140 1
36.04854 103.861664 141 1
36.0597634 103.8149361 142 1
36.0580177 103.8886546 143 1
36.0591217 103.8835867 144 1
36.0597987 103.8808413 145 1
36.0516728 103.873 146 1
36.052355 103.8459 147 1
36.0507477 103.8778062 148 1
36.0608327 103.8764888 149 1
36.0627007 103.868542 150 1
36.064974 103.859512 151 1
36.0470409 103.8695273 152 1
36.046889 103.8690213 153 1
36.056964 103.8444367 154 1
36.0554395 103.7633483 155 1
36.0579382 103.7609008 156 1
36.0628114 103.8146716 157 1
36.0641874 103.7996822 158 1
36.067272 103.7399135 159 1
36.0676612 103.7330208 160 1
36.0556831 103.8294609 161 1
36.0595327 103.8574323 162 1
36.0606938 103.858046 163 1
36.0604685 103.8576575 164 1
36.0458025 103.902165 165 1
36.0466175 103.9019675 166 1
36.0417605 103.7609865 167 0
36.0477532 103.760847 168 1
36.0649147 103.721085 169 1
36.0657435 103.718535 170 1
36.0659507 103.789123 171 1
36.0672342 103.775451 172 1
36.0673065 103.7750908 173 1
36.067152 103.820145 174 0
36.0703573 103.8266972 175 1
36.0759116 103.8229964 176 0
36.0616683 103.8297473 177 1
36.074322 103.7352388 178 1
36.080604 103.7370275 179 1
36.0688 103.78991 180 1
36.0687507 103.7901467 181 1
36.0722672 103.78242 182 1
36.073904 103.7803598 183 1
36.0743235 103.7798802 184 1
36.0766673 103.7753587 185 1
36.0597849 103.7867598 186 1
36.059015 103.71524 187 1
36.0727013 103.7439097 188 0
36.052415 103.855045 189 0
36.0524615 103.854885 190 0
36.0579923 103.8608594 191 1
36.0579976 103.8570007 192 1
36.058044 103.8568021 193 0
36.057019 103.844178 194 0
36.069293 103.8819053 195 1
36.0745157 103.8626532 196 1
36.076292 103.863928 197 0
36.0628915 103.8588175 198 1
36.0631778 103.85851 199 1
36.0452302 103.83813 200 1
36.0597941 103.8027291 201 1
36.0649453 103.918405 202 0
36.0437239 103.8458849 203 1
36.0504208 103.908905 204 1
36.047528 103.909832 205 1
36.0413933 103.9084567 206 0
36.0835599 103.8341472 207 0
36.0777629 103.8305678 208 1
36.0578818 103.7843983 209 1
36.0637989 103.7887563 210 1
36.0577234 103.78412 211 1
36.0602675 103.773985 212 1
36.060334 103.7736852 213 1
36.0578305 103.769 214 1
36.0495409 103.7677097 215 1
36.0424773 103.768945 216 0
36.0424867 103.7690722 217 0
36.0747468 103.714603 218 0
36.0623217 103.7139247 219 1
36.0758108 103.7281394 220 1
36.04371 103.8367873 221 1
36.053115 103.742643 222 1
36.0433864 103.8387491 223 1
36.0834644 103.73801 224 1
36.079142 103.7788213 225 0
36.0551414 103.8144776 226 1
36.067035 103.8045712 227 1
36.051096 103.7241775 228 1
36.041165 103.733785 229 0
36.0537505 103.7156725 230 1
36.066202 103.732245 231 1
36.0716088 103.8280059 232 1
36.0668453 103.8194283 233 1
36.0747047 103.8552233 234 1
36.0718845 103.850705 235 1
36.0525797 103.8236814 236 1
36.0594297 103.808579 237 1
36.0506114 103.8391193 238 1
36.0516287 103.8344497 239 1
36.057838 103.81778 240 1
36.058002 103.8395433 241 1
36.0615213 103.8256793 242 1
36.0563979 103.8365273 243 1
36.0645222 103.901781 244 1
36.077381 103.8739417 245 1
36.0560952 103.866052 246 1
36.0786143 103.7282483 247 1
36.07867 103.716165 248 1
36.0514133 103.90859 249 1
36.0728868 103.8985373 250 1
36.0716696 103.871855 251 1
36.0700502 103.857355 252 1
36.0626798 103.8437091 253 1
36.0717466 103.9043464 254 1
36.075878 103.8643 255 0
36.0527743 103.8353907 256 0
36.0463636 103.8957772 257 1
36.050261 103.9036239 258 1
36.0505795 103.890085 259 0
36.0513204 103.8862021 260 1
36.0516628 103.8975842 261 1
36.0597095 103.88932 262 1
36.062407 103.89025 263 1
36.063577 103.8458677 264 1
36.0638896 103.8632767 265 1
36.0639472 103.8493812 266 1
36.0633373 103.762106 267 1
36.0666355 103.779775 268 1
36.069483 103.7638468 269 1
36.0711057 103.7640705 270 1
36.0717037 103.7762647 271 1
36.0531933 103.891043 272 1
36.079015 103.82817 273 1
36.0438913 103.86003 274 1
36.046131 103.8450225 275 1
36.0603715 103.878739 276 1
36.0604143 103.8785467 277 1
36.0415877 103.9187 278 1
36.0540445 103.88719 279 1
36.0510321 103.8164816 280 1
36.046286 103.8237768 281 1
36.0555039 103.8176393 282 1
36.0435465 103.85185 283 1
36.0593158 103.8238716 284 1
36.0418677 103.8593463 285 1
36.0557254 103.823727 286 1
36.055542 103.898987 287 1
36.077182 103.764535 288 1
36.0453354 103.8294628 289 1
36.0456445 103.8274305 290 0
36.043723 103.8378617 291 1
36.069127 103.7670875 292 1
36.0436115 103.851635 293 1
36.0573538 103.814893 294 1
36.0421335 103.88107 295 0
36.050315 103.854201 296 1
36.0543402 103.8556263 297 1
36.057082 103.8924575 298 1
36.0722175 103.7661575 299 1
36.0525773 103.8428717 300 1
36.0415155 103.88365 301 0
36.0555845 103.898755 302 1
36.0689753 103.76739 303 1
36.0591197 103.8396707 304 0
36.0829078 103.8940132 305 1
36.0785713 103.7280733 306 1
36.0624647 103.7989513 307 1
36.0597879 103.8075627 308 1
36.0602258 103.8049877 309 1
36.0546984 103.8041636 310 1
36.04698 103.8031335 311 1
36.0452333 103.8688997 312 1
36.0523693 103.8245867 313 0
36.0527602 103.8672532 314 1
36.048922 103.860185 315 1
36.0421967 103.8673638 316 1
36.049575 103.832837 317 1
36.055559 103.8627075 318 1
36.0729805 103.902935 319 0
36.0729343 103.9024898 320 1
36.0659033 103.7894989 321 1
36.0621265 103.787754 322 1
36.076095 103.86411 323 0
36.0513023 103.8034645 324 1
36.04903 103.844059 325 1
36.048114 103.838648 326 1
36.0415923 103.8508317 327 1
36.041343 103.851068 328 1
36.0504295 103.8703418 329 1
36.0497667 103.87735 330 1
36.0481993 103.8317417 331 1
36.0719683 103.776856 332 1
36.0728175 103.7438375 333 0
36.0678797 103.8232701 334 0
36.0517567 103.871962 335 0
36.060231 103.8045442 336 1
36.0608747 103.8047583 337 0
36.0506179 103.7987277 338 1
36.0531388 103.8118283 339 0
36.060652 103.718985 340 1
36.0668685 103.8918531 341 0
36.053517 103.907715 342 0
36.048878 103.89681 343 0
36.0562875 103.84725 344 1
36.0521465 103.828495 345 1
36.06147 103.846082 346 1
36.0636918 103.8224938 347 1
36.0669435 103.741711 348 1
36.0823995 103.876159 349 1
36.0602003 103.8084 350 1
36.0414175 103.846715 351 1
36.0420723 103.867792 352 1
36.0572185 103.860198 353 1
36.0496423 103.9042 354 1
36.0545366 103.8078212 355 1
36.0417507 103.8001713 356 0
36.0630542 103.8365491 357 1
36.072438 103.847805 358 0
36.056569 103.7604117 359 0
36.0517595 103.84299 360 1
36.0582 103.71782 361 1
36.064451 103.9019775 362 1
36.0685395 103.8454434 363 1
36.067051 103.84559 364 1
36.0746913 103.8547967 365 0
36.077243 103.76483 366 1
36.0722845 103.766485 367 1
36.0747455 103.7656 368 1
36.0841014 103.8793356 369 0
498
230 71 597.9262583861835 16.67 3 3 2 3
1 0 0 0 1 0 0 0 1
1 0 0 0 1 0 0 0 1
230 228 975.4155488581023 16.67 3 3 4 5
1 0 0 0 1 0 0 0 1
1 0 0 0 1 0 0 0 1
230 18 284.979753446861 16.67 3 3 6 7
1 0 0 0 1 0 0 0 1
1 0 0 0 1 0 0 0 1
230 361 465.8821212529953 16.67 3 3 8 9
1 0 0 0 1 0 0 0 1
1 0 0 0 1 0 0 0 1
362 13 2132.4498516069125 16.67 3 3 10 11
1 0 0 0 1 0 0 0 1
1 0 0 0 1 0 0 0 1
362 14 2123.5195174329383 16.67 3 3 12 13
1 0 0 0 1 0 0 0 1
1 0 0 0 1 0 0 0 1
362 244 22.7691776240387 16.67 3 3 14 15
1 0 0 0 1 0 0 0 1
1 0 0 0 1 0 0 0 1
362 287 867.1363110984074 16.67 3 3 16 17
1 0 0 0 1 0 0 0 1
1 0 0 0 1 0 0 0 1
363 364 134.78463866326837 16.67 3 3 18 19
1 0 0 0 1 0 0 0 1
1 0 0 0 1 0 0 0 1
363 264 448.5471836320845 16.67 3 3 20 21
1 0 0 0 1 0 0 0 1
1 0 0 0 1 0 0 0 1
363 235 657.831755588852 16.67 3 3 22 23
1 0 0 0 1 0 0 0 1
1 0 0 0 1 0 0 0 1
363 233 2896.930964676249 16.67 3 3 24 25
1 0 0 0 1 0 0 0 1
1 0 0 0 1 0 0 0 1
64 297 675.5296266454953 16.67 3 3 26 27
1 0 0 0 1 0 0 0 1
1 0 0 0 1 0 0 0 1
64 318 262.9369224196517 16.67 3 3 28 29
1 0 0 0 1 0 0 0 1
1 0 0 0 1 0 0 0 1
64 314 628.9424764517872 16.67 3 3 30 31
1 0 0 0 1 0 0 0 1
1 0 0 0 1 0 0 0 1
64 315 396.9025576155629 16.67 3 3 32 33
1 0 0 0 1 0 0 0 1
1 0 0 0 1 0 0 0 1
364 65 236.3999473621551 16.67 3 3 34 35
1 0 0 0 1 0 0 0 1
1 0 0 0 1 0 0 0 1
364 19 1142.7640158013849 16.67 3 3 36 37
1 0 0 0 1 0 0 0 1
1 0 0 0 1 0 0 0 1
231 159 858.1578085976845 16.67 3 3 38 39
1 0 0 0 1 0 0 0 1
1 0 0 0 1 0 0 0 1
231 160 156.9934009306007 16.67 3 3 40 41
1 0 0 0 1 0 0 0 1
1 0 0 0 1 0 0 0 1
231 72 904.9325091844235 16.67 3 3 42 43
1 0 0 0 1 0 0 0 1
1 0 0 0 1 0 0 0 1
366 288 33.259495481615595 16.67 3 3 44 45
1 0 0 0 1 0 0 0 1
1 0 0 0 1 0 0 0 1
366 36 565.6613721963179 16.67 3 3 46 47
1 0 0 0 1 0 0 0 1
1 0 0 0 1 0 0 0 1
366 3 622.1893479024275 16.67 3 3 48 49
1 0 0 0 1 0 0 0 1
1 0 0 0 1 0 0 0 1
366 368 240.2421832138326 16.67 3 3 50 51
1 0 0 0 1 0 0 0 1
1 0 0 0 1 0 0 0 1
367 299 36.913122550047675 16.67 3 3 52 53
1 0 0 0 1 0 0 0 1
1 0 0 0 1 0 0 0 1
367 303 314.00034951587185 16.67 3 3 54 55
1 0 0 0 1 0 0 0 1
1 0 0 0 1 0 0 0 1
367 34 463.52364785375835 16.67 3 3 56 57
1 0 0 0 1 0 0 0 1
1 0 0 0 1 0 0 0 1
367 368 242.1034126902699 16.67 3 3 58 59
1 0 0 0 1 0 0 0 1
1 0 0 0 1 0 0 0 1
368 55 26.058312515170563 16.67 3 3 60 61
1 0 0 0 1 0 0 0 1
1 0 0 0 1 0 0 0 1
368 34 592.9376725203213 16.67 3 3 62 63
1 0 0 0 1 0 0 0 1
1 0 0 0 1 0 0 0 1
232 208 622.198205013242 16.67 3 3 64 65
1 0 0 0 1 0 0 0 1
1 0 0 0 1 0 0 0 1
232 175 183.93590987806087 16.67 3 3 66 67
1 0 0 0 1 0 0 0 1
1 0 0 0 1 0 0 0 1
232 8 1084.7687276536092 16.67 3 3 68 69
1 0 0 0 1 0 0 0 1
1 0 0 0 1 0 0 0 1
233 42 637.9971253148449 16.67 3 3 70 71
1 0 0 0 1 0 0 0 1
1 0 0 0 1 0 0 0 1
233 174 84.33178243188564 16.67 3 3 72 73
1 0 0 0 1 0 0 0 1
1 0 0 0 1 0 0 0 1
233 227 1652.2240448067905 16.67 3 3 74 75
1 0 0 0 1 0 0 0 1
1 0 0 0 1 0 0 0 1
43 151 425.994476701068 16.67 3 3 76 77
1 0 0 0 1 0 0 0 1
1 0 0 0 1 0 0 0 1
43 22 528.8356022538081 16.67 3 3 78 79
1 0 0 0 1 0 0 0 1
1 0 0 0 1 0 0 0 1
43 255 692.0180985259823 16.67 3 3 80 81
1 0 0 0 1 0 0 0 1
1 0 0 0 1 0 0 0 1
43 44 37.34356575311549 16.67 3 3 82 83
1 0 0 0 1 0 0 0 1
1 0 0 0 1 0 0 0 1
234 365 47.453967749676394 16.67 3 3 84 85
1 0 0 0 1 0 0 0 1
1 0 0 0 1 0 0 0 1
234 235 562.7603640427295 16.67 3 3 86 87
1 0 0 0 1 0 0 0 1
1 0 0 0 1 0 0 0 1
234 349 2428.641642417871 16.67 3 3 88 89
1 0 0 0 1 0 0 0 1
1 0 0 0 1 0 0 0 1
59 66 27.246133043829744 16.67 3 3 90 91
1 0 0 0 1 0 0 0 1
1 0 0 0 1 0 0 0 1
59 54 212.0324614697636 16.67 3 3 92 93
1 0 0 0 1 0 0 0 1
1 0 0 0 1 0 0 0 1
59 134 368.818515077904 16.67 3 3 94 95
1 0 0 0 1 0 0 0 1
1 0 0 0 1 0 0 0 1
59 296 252.54549491398998 16.67 3 3 96 97
1 0 0 0 1 0 0 0 1
1 0 0 0 1 0 0 0 1
83 84 379.1405066645078 16.67 3 3 98 99
1 0 0 0 1 0 0 0 1
1 0 0 0 1 0 0 0 1
83 109 1111.0172731000087 16.67 3 3 100 101
1 0 0 0 1 0 0 0 1
1 0 0 0 1 0 0 0 1
83 301 126.77137439262047 16.67 3 3 102 103
1 0 0 0 1 0 0 0 1
1 0 0 0 1 0 0 0 1
15 357 214.45742613131014 16.67 3 3 104 105
1 0 0 0 1 0 0 0 1
1 0 0 0 1 0 0 0 1
15 208 1377.1875375854202 16.67 3 3 106 107
1 0 0 0 1 0 0 0 1
1 0 0 0 1 0 0 0 1
15 93 242.51868817051778 16.67 3 3 108 109
1 0 0 0 1 0 0 0 1
1 0 0 0 1 0 0 0 1
235 19 439.3828038574428 16.67 3 3 110 111
1 0 0 0 1 0 0 0 1
1 0 0 0 1 0 0 0 1
235 20 156.5634714578417 16.67 3 3 112 113
1 0 0 0 1 0 0 0 1
1 0 0 0 1 0 0 0 1
84 330 967.9668615563241 16.67 3 3 114 115
1 0 0 0 1 0 0 0 1
1 0 0 0 1 0 0 0 1
84 101 1078.3722929228998 16.67 3 3 116 117
1 0 0 0 1 0 0 0 1
1 0 0 0 1 0 0 0 1
91 237 237.08983146755293 16.67 3 3 118 119
1 0 0 0 1 0 0 0 1
1 0 0 0 1 0 0 0 1
91 280 936.0520195442671 16.67 3 3 120 121
1 0 0 0 1 0 0 0 1
1 0 0 0 1 0 0 0 1
91 337 640.9135607438136 16.67 3 3 122 123
1 0 0 0 1 0 0 0 1
1 0 0 0 1 0 0 0 1
236 313 102.43268034040437 16.67 3 3 124 125
1 0 0 0 1 0 0 0 1
1 0 0 0 1 0 0 0 1
236 87 718.2343631619415 16.67 3 3 126 127
1 0 0 0 1 0 0 0 1
1 0 0 0 1 0 0 0 1
236 281 565.9289631852232 16.67 3 3 128 129
1 0 0 0 1 0 0 0 1
1 0 0 0 1 0 0 0 1
236 286 282.85682726727856 16.67 3 3 130 131
1 0 0 0 1 0 0 0 1
1 0 0 0 1 0 0 0 1
237 92 85.07087365175796 16.67 3 3 132 133
1 0 0 0 1 0 0 0 1
1 0 0 0 1 0 0 0 1
237 308 117.51231305641834 16.67 3 3 134 135
1 0 0 0 1 0 0 0 1
1 0 0 0 1 0 0 0 1
238 256 457.9624745788673 16.67 3 3 136 137
1 0 0 0 1 0 0 0 1
1 0 0 0 1 0 0 0 1
238 239 527.2611872646382 16.67 3 3 138 139
1 0 0 0 1 0 0 0 1
1 0 0 0 1 0 0 0 1
238 326 230.56762836155073 16.67 3 3 140 141
1 0 0 0 1 0 0 0 1
1 0 0 0 1 0 0 0 1
238 360 442.6325650811065 16.67 3 3 142 143
1 0 0 0 1 0 0 0 1
1 0 0 0 1 0 0 0 1
44 196 508.310995907227 16.67 3 3 144 145
1 0 0 0 1 0 0 0 1
1 0 0 0 1 0 0 0 1
44 252 377.673625167965 16.67 3 3 146 147
1 0 0 0 1 0 0 0 1
1 0 0 0 1 0 0 0 1
44 199 610.2010024375905 16.67 3 3 148 149
1 0 0 0 1 0 0 0 1
1 0 0 0 1 0 0 0 1
239 256 146.8256303654472 16.67 3 3 150 151
1 0 0 0 1 0 0 0 1
1 0 0 0 1 0 0 0 1
239 317 257.395397464427 16.67 3 3 152 153
1 0 0 0 1 0 0 0 1
1 0 0 0 1 0 0 0 1
96 97 29.819599767829914 16.67 3 3 154 155
1 0 0 0 1 0 0 0 1
1 0 0 0 1 0 0 0 1
96 268 396.618932761381 16.67 3 3 156 157
1 0 0 0 1 0 0 0 1
1 0 0 0 1 0 0 0 1
96 332 457.83971901474706 16.67 3 3 158 159
1 0 0 0 1 0 0 0 1
1 0 0 0 1 0 0 0 1
240 282 210.41369030344077 16.67 3 3 160 161
1 0 0 0 1 0 0 0 1
1 0 0 0 1 0 0 0 1
240 88 524.3521679613503 16.67 3 3 162 163
1 0 0 0 1 0 0 0 1
1 0 0 0 1 0 0 0 1
240 286 688.0474761667741 16.67 3 3 164 165
1 0 0 0 1 0 0 0 1
1 0 0 0 1 0 0 0 1
240 294 323.97706831578233 16.67 3 3 166 167
1 0 0 0 1 0 0 0 1
1 0 0 0 1 0 0 0 1
241 243 365.07256212061174 16.67 3 3 168 169
1 0 0 0 1 0 0 0 1
1 0 0 0 1 0 0 0 1
241 194 522.9080892319488 16.67 3 3 170 171
1 0 0 0 1 0 0 0 1
1 0 0 0 1 0 0 0 1
241 304 101.47274176688119 16.67 3 3 172 173
1 0 0 0 1 0 0 0 1
1 0 0 0 1 0 0 0 1
97 268 403.1744019541536 16.67 3 3 174 175
1 0 0 0 1 0 0 0 1
1 0 0 0 1 0 0 0 1
97 182 194.79436196236475 16.67 3 3 176 177
1 0 0 0 1 0 0 0 1
1 0 0 0 1 0 0 0 1
242 284 282.34066090936926 16.67 3 3 178 179
1 0 0 0 1 0 0 0 1
1 0 0 0 1 0 0 0 1
242 347 404.41435722974705 16.67 3 3 180 181
1 0 0 0 1 0 0 0 1
1 0 0 0 1 0 0 0 1
242 177 452.56183014001897 16.67 3 3 182 183
1 0 0 0 1 0 0 0 1
1 0 0 0 1 0 0 0 1
68 16 75.12383026037136 16.67 3 3 184 185
1 0 0 0 1 0 0 0 1
1 0 0 0 1 0 0 0 1
68 48 62.395143321993224 16.67 3 3 186 187
1 0 0 0 1 0 0 0 1
1 0 0 0 1 0 0 0 1
68 69 239.61409712583765 16.67 3 3 188 189
1 0 0 0 1 0 0 0 1
1 0 0 0 1 0 0 0 1
30 149 387.24580750921257 16.67 3 3 190 191
1 0 0 0 1 0 0 0 1
1 0 0 0 1 0 0 0 1
30 40 499.06520949103816 16.67 3 3 192 193
1 0 0 0 1 0 0 0 1
1 0 0 0 1 0 0 0 1
30 31 892.9055785414268 16.67 3 3 194 195
1 0 0 0 1 0 0 0 1
1 0 0 0 1 0 0 0 1
30 146 523.1049871733221 16.67 3 3 196 197
1 0 0 0 1 0 0 0 1
1 0 0 0 1 0 0 0 1
92 142 623.560833660688 16.67 3 3 198 199
1 0 0 0 1 0 0 0 1
1 0 0 0 1 0 0 0 1
243 304 426.6839165999313 16.67 3 3 200 201
1 0 0 0 1 0 0 0 1
1 0 0 0 1 0 0 0 1
243 161 788.419441263969 16.67 3 3 202 203
1 0 0 0 1 0 0 0 1
1 0 0 0 1 0 0 0 1
243 177 890.4669804756314 16.67 3 3 204 205
1 0 0 0 1 0 0 0 1
1 0 0 0 1 0 0 0 1
244 302 871.0362324022767 16.67 3 3 206 207
1 0 0 0 1 0 0 0 1
1 0 0 0 1 0 0 0 1
244 341 1123.9659669255766 16.67 3 3 208 209
1 0 0 0 1 0 0 0 1
1 0 0 0 1 0 0 0 1
245 252 1958.6143791379143 16.67 3 3 210 211
1 0 0 0 1 0 0 0 1
1 0 0 0 1 0 0 0 1
245 195 1145.7023718632468 16.67 3 3 212 213
1 0 0 0 1 0 0 0 1
1 0 0 0 1 0 0 0 1
245 251 563.3281578885327 16.67 3 3 214 215
1 0 0 0 1 0 0 0 1
1 0 0 0 1 0 0 0 1
246 191 602.0866740728007 16.67 3 3 216 217
1 0 0 0 1 0 0 0 1
1 0 0 0 1 0 0 0 1
246 31 268.9139342493372 16.67 3 3 218 219
1 0 0 0 1 0 0 0 1
1 0 0 0 1 0 0 0 1
246 335 764.2249848484428 16.67 3 3 220 221
1 0 0 0 1 0 0 0 1
1 0 0 0 1 0 0 0 1
246 146 868.920231586158 16.67 3 3 222 223
1 0 0 0 1 0 0 0 1
1 0 0 0 1 0 0 0 1
247 306 19.84033465212934 16.67 3 3 224 225
1 0 0 0 1 0 0 0 1
1 0 0 0 1 0 0 0 1
247 85 614.9418041015576 16.67 3 3 226 227
1 0 0 0 1 0 0 0 1
1 0 0 0 1 0 0 0 1
247 220 252.25363337762784 16.67 3 3 228 229
1 0 0 0 1 0 0 0 1
1 0 0 0 1 0 0 0 1
247 120 1066.909131401383 16.67 3 3 230 231
1 0 0 0 1 0 0 0 1
1 0 0 0 1 0 0 0 1
53 303 89.77545432774156 16.67 3 3 232 233
1 0 0 0 1 0 0 0 1
1 0 0 0 1 0 0 0 1
53 33 148.9599924163063 16.67 3 3 234 235
1 0 0 0 1 0 0 0 1
1 0 0 0 1 0 0 0 1
53 292 82.74407907155636 16.67 3 3 236 237
1 0 0 0 1 0 0 0 1
1 0 0 0 1 0 0 0 1
248 306 1324.2539361387426 16.67 3 3 238 239
1 0 0 0 1 0 0 0 1
1 0 0 0 1 0 0 0 1
248 23 351.7994845529473 16.67 3 3 240 241
1 0 0 0 1 0 0 0 1
1 0 0 0 1 0 0 0 1
248 118 391.7409597870701 16.67 3 3 242 243
1 0 0 0 1 0 0 0 1
1 0 0 0 1 0 0 0 1
54 99 368.0791337341524 16.67 3 3 244 245
1 0 0 0 1 0 0 0 1
1 0 0 0 1 0 0 0 1
54 293 202.6024489884166 16.67 3 3 246 247
1 0 0 0 1 0 0 0 1
1 0 0 0 1 0 0 0 1
54 47 27.640223523210008 16.67 3 3 248 249
1 0 0 0 1 0 0 0 1
1 0 0 0 1 0 0 0 1
249 204 95.86031130759272 16.67 3 3 250 251
1 0 0 0 1 0 0 0 1
1 0 0 0 1 0 0 0 1
249 106 541.6294642231447 16.67 3 3 252 253
1 0 0 0 1 0 0 0 1
1 0 0 0 1 0 0 0 1
249 104 317.3695839506235 16.67 3 3 254 255
1 0 0 0 1 0 0 0 1
1 0 0 0 1 0 0 0 1
249 342 212.6953150251241 16.67 3 3 256 257
1 0 0 0 1 0 0 0 1
1 0 0 0 1 0 0 0 1
55 288 242.46228533923787 16.67 3 3 258 259
1 0 0 0 1 0 0 0 1
1 0 0 0 1 0 0 0 1
55 299 238.85750365705263 16.67 3 3 260 261
1 0 0 0 1 0 0 0 1
1 0 0 0 1 0 0 0 1
100 153 154.68684734510123 16.67 3 3 262 263
1 0 0 0 1 0 0 0 1
1 0 0 0 1 0 0 0 1
100 316 305.88476591116074 16.67 3 3 264 265
1 0 0 0 1 0 0 0 1
1 0 0 0 1 0 0 0 1
100 312 54.63716471566414 16.67 3 3 266 267
1 0 0 0 1 0 0 0 1
1 0 0 0 1 0 0 0 1
47 66 210.36970617362707 16.67 3 3 268 269
1 0 0 0 1 0 0 0 1
1 0 0 0 1 0 0 0 1
47 274 836.2843159198752 16.67 3 3 270 271
1 0 0 0 1 0 0 0 1
1 0 0 0 1 0 0 0 1
47 283 205.76853281572377 16.67 3 3 272 273
1 0 0 0 1 0 0 0 1
1 0 0 0 1 0 0 0 1
250 27 409.2114701038136 16.67 3 3 274 275
1 0 0 0 1 0 0 0 1
1 0 0 0 1 0 0 0 1
250 320 439.5457930541774 16.67 3 3 276 277
1 0 0 0 1 0 0 0 1
1 0 0 0 1 0 0 0 1
250 254 654.0609518144629 16.67 3 3 278 279
1 0 0 0 1 0 0 0 1
1 0 0 0 1 0 0 0 1
250 78 2229.117032301491 16.67 3 3 280 281
1 0 0 0 1 0 0 0 1
1 0 0 0 1 0 0 0 1
251 45 2522.3136380504816 16.67 3 3 282 283
1 0 0 0 1 0 0 0 1
1 0 0 0 1 0 0 0 1
251 150 886.3393494134822 16.67 3 3 284 285
1 0 0 0 1 0 0 0 1
1 0 0 0 1 0 0 0 1
251 195 1137.8427382995433 16.67 3 3 286 287
1 0 0 0 1 0 0 0 1
1 0 0 0 1 0 0 0 1
126 171 457.5899488424665 16.67 3 3 288 289
1 0 0 0 1 0 0 0 1
1 0 0 0 1 0 0 0 1
126 172 1074.6414425994428 16.67 3 3 290 291
1 0 0 0 1 0 0 0 1
1 0 0 0 1 0 0 0 1
126 128 772.9075211967352 16.67 3 3 292 293
1 0 0 0 1 0 0 0 1
1 0 0 0 1 0 0 0 1
31 32 265.3474451739704 16.67 3 3 294 295
1 0 0 0 1 0 0 0 1
1 0 0 0 1 0 0 0 1
31 150 386.650396385507 16.67 3 3 296 297
1 0 0 0 1 0 0 0 1
1 0 0 0 1 0 0 0 1
95 213 377.0763591992607 16.67 3 3 298 299
1 0 0 0 1 0 0 0 1
1 0 0 0 1 0 0 0 1
95 267 947.1511924453785 16.67 3 3 300 301
1 0 0 0 1 0 0 0 1
1 0 0 0 1 0 0 0 1
95 173 699.9137474831495 16.67 3 3 302 303
1 0 0 0 1 0 0 0 1
1 0 0 0 1 0 0 0 1
252 266 1042.669490370219 16.67 3 3 304 305
1 0 0 0 1 0 0 0 1
1 0 0 0 1 0 0 0 1
134 99 209.85668630281927 16.67 3 3 306 307
1 0 0 0 1 0 0 0 1
1 0 0 0 1 0 0 0 1
134 135 242.30872629226522 16.67 3 3 308 309
1 0 0 0 1 0 0 0 1
1 0 0 0 1 0 0 0 1
134 325 649.6786312640793 16.67 3 3 310 311
1 0 0 0 1 0 0 0 1
1 0 0 0 1 0 0 0 1
135 300 890.2117974915825 16.67 3 3 312 313
1 0 0 0 1 0 0 0 1
1 0 0 0 1 0 0 0 1
135 296 385.96506838090846 16.67 3 3 314 315
1 0 0 0 1 0 0 0 1
1 0 0 0 1 0 0 0 1
141 153 831.5018363261289 16.67 3 3 316 317
1 0 0 0 1 0 0 0 1
1 0 0 0 1 0 0 0 1
141 274 455.747429297055 16.67 3 3 318 319
1 0 0 0 1 0 0 0 1
1 0 0 0 1 0 0 0 1
141 315 168.01525956066646 16.67 3 3 320 321
1 0 0 0 1 0 0 0 1
1 0 0 0 1 0 0 0 1
39 40 315.70816401493136 16.67 3 3 322 323
1 0 0 0 1 0 0 0 1
1 0 0 0 1 0 0 0 1
39 279 559.5799836025302 16.67 3 3 324 325
1 0 0 0 1 0 0 0 1
1 0 0 0 1 0 0 0 1
39 28 368.9226824971614 16.67 3 3 326 327
1 0 0 0 1 0 0 0 1
1 0 0 0 1 0 0 0 1
39 144 380.1348798462943 16.67 3 3 328 329
1 0 0 0 1 0 0 0 1
1 0 0 0 1 0 0 0 1
253 264 253.2271098753609 16.67 3 3 330 331
1 0 0 0 1 0 0 0 1
1 0 0 0 1 0 0 0 1
253 357 796.9157880195636 16.67 3 3 332 333
1 0 0 0 1 0 0 0 1
1 0 0 0 1 0 0 0 1
253 346 285.4028054866067 16.67 3 3 334 335
1 0 0 0 1 0 0 0 1
1 0 0 0 1 0 0 0 1
71 73 721.6550074910934 16.67 3 3 336 337
1 0 0 0 1 0 0 0 1
1 0 0 0 1 0 0 0 1
71 228 377.50570600493063 16.67 3 3 338 339
1 0 0 0 1 0 0 0 1
1 0 0 0 1 0 0 0 1
254 202 1678.613582789308 16.67 3 3 340 341
1 0 0 0 1 0 0 0 1
1 0 0 0 1 0 0 0 1
254 320 232.42378555441852 16.67 3 3 342 343
1 0 0 0 1 0 0 0 1
1 0 0 0 1 0 0 0 1
102 165 505.87009325749875 16.67 3 3 344 345
1 0 0 0 1 0 0 0 1
1 0 0 0 1 0 0 0 1
102 205 360.71455506254466 16.67 3 3 346 347
1 0 0 0 1 0 0 0 1
1 0 0 0 1 0 0 0 1
102 206 527.5892477215617 16.67 3 3 348 349
1 0 0 0 1 0 0 0 1
1 0 0 0 1 0 0 0 1
102 107 260.33629896225654 16.67 3 3 350 351
1 0 0 0 1 0 0 0 1
1 0 0 0 1 0 0 0 1
110 35 1543.969519590772 16.67 3 3 352 353
1 0 0 0 1 0 0 0 1
1 0 0 0 1 0 0 0 1
110 86 422.2345921181089 16.67 3 3 354 355
1 0 0 0 1 0 0 0 1
1 0 0 0 1 0 0 0 1
110 98 573.1579215803878 16.67 3 3 356 357
1 0 0 0 1 0 0 0 1
1 0 0 0 1 0 0 0 1
257 260 1154.2767460014925 16.67 3 3 358 359
1 0 0 0 1 0 0 0 1
1 0 0 0 1 0 0 0 1
257 354 981.9260516033867 16.67 3 3 360 361
1 0 0 0 1 0 0 0 1
1 0 0 0 1 0 0 0 1
257 166 688.750839993882 16.67 3 3 362 363
1 0 0 0 1 0 0 0 1
1 0 0 0 1 0 0 0 1
257 81 246.76429566226722 16.67 3 3 364 365
1 0 0 0 1 0 0 0 1
1 0 0 0 1 0 0 0 1
258 354 84.84272628248755 16.67 3 3 366 367
1 0 0 0 1 0 0 0 1
1 0 0 0 1 0 0 0 1
258 140 265.61564436333475 16.67 3 3 368 369
1 0 0 0 1 0 0 0 1
1 0 0 0 1 0 0 0 1
258 104 244.50301649590835 16.67 3 3 370 371
1 0 0 0 1 0 0 0 1
1 0 0 0 1 0 0 0 1
259 272 258.0168059763916 16.67 3 3 372 373
1 0 0 0 1 0 0 0 1
1 0 0 0 1 0 0 0 1
259 260 436.89330023119095 16.67 3 3 374 375
1 0 0 0 1 0 0 0 1
1 0 0 0 1 0 0 0 1
260 148 935.0577666825045 16.67 3 3 376 377
1 0 0 0 1 0 0 0 1
1 0 0 0 1 0 0 0 1
260 279 268.421576251608 16.67 3 3 378 379
1 0 0 0 1 0 0 0 1
1 0 0 0 1 0 0 0 1
261 302 375.85125089160186 16.67 3 3 380 381
1 0 0 0 1 0 0 0 1
1 0 0 0 1 0 0 0 1
261 287 382.0571873009082 16.67 3 3 382 383
1 0 0 0 1 0 0 0 1
1 0 0 0 1 0 0 0 1
261 140 417.7322738907162 16.67 3 3 384 385
1 0 0 0 1 0 0 0 1
1 0 0 0 1 0 0 0 1
261 81 270.58656940787426 16.67 3 3 386 387
1 0 0 0 1 0 0 0 1
1 0 0 0 1 0 0 0 1
262 41 745.5291290593187 16.67 3 3 388 389
1 0 0 0 1 0 0 0 1
1 0 0 0 1 0 0 0 1
262 143 169.13076189797064 16.67 3 3 390 391
1 0 0 0 1 0 0 0 1
1 0 0 0 1 0 0 0 1
262 263 263.6261284044423 16.67 3 3 392 393
1 0 0 0 1 0 0 0 1
1 0 0 0 1 0 0 0 1
263 24 740.6495877776355 16.67 3 3 394 395
1 0 0 0 1 0 0 0 1
1 0 0 0 1 0 0 0 1
263 341 438.89194882496906 16.67 3 3 396 397
1 0 0 0 1 0 0 0 1
1 0 0 0 1 0 0 0 1
264 266 392.1221059402306 16.67 3 3 398 399
1 0 0 0 1 0 0 0 1
1 0 0 0 1 0 0 0 1
140 343 525.9493037834148 16.67 3 3 400 401
1 0 0 0 1 0 0 0 1
1 0 0 0 1 0 0 0 1
265 151 429.8401485249989 16.67 3 3 402 403
1 0 0 0 1 0 0 0 1
1 0 0 0 1 0 0 0 1
265 198 503.92241668965704 16.67 3 3 404 405
1 0 0 0 1 0 0 0 1
1 0 0 0 1 0 0 0 1
265 150 595.1843417878199 16.67 3 3 406 407
1 0 0 0 1 0 0 0 1
1 0 0 0 1 0 0 0 1
266 199 1017.4921738930975 16.67 3 3 408 409
1 0 0 0 1 0 0 0 1
1 0 0 0 1 0 0 0 1
267 156 503.4992350062705 16.67 3 3 410 411
1 0 0 0 1 0 0 0 1
1 0 0 0 1 0 0 0 1
267 51 1414.5356514605517 16.67 3 3 412 413
1 0 0 0 1 0 0 0 1
1 0 0 0 1 0 0 0 1
267 269 585.3821333170146 16.67 3 3 414 415
1 0 0 0 1 0 0 0 1
1 0 0 0 1 0 0 0 1
268 172 483.83873374330386 16.67 3 3 416 417
1 0 0 0 1 0 0 0 1
1 0 0 0 1 0 0 0 1
268 125 739.1906529939988 16.67 3 3 418 419
1 0 0 0 1 0 0 0 1
1 0 0 0 1 0 0 0 1
269 178 3210.8570962784775 16.67 3 3 420 421
1 0 0 0 1 0 0 0 1
1 0 0 0 1 0 0 0 1
269 270 147.96215816288796 16.67 3 3 422 423
1 0 0 0 1 0 0 0 1
1 0 0 0 1 0 0 0 1
269 292 361.789503766246 16.67 3 3 424 425
1 0 0 0 1 0 0 0 1
1 0 0 0 1 0 0 0 1
270 35 539.0958363708451 16.67 3 3 426 427
1 0 0 0 1 0 0 0 1
1 0 0 0 1 0 0 0 1
270 299 252.6789148415498 16.67 3 3 428 429
1 0 0 0 1 0 0 0 1
1 0 0 0 1 0 0 0 1
271 332 69.92254166594795 16.67 3 3 430 431
1 0 0 0 1 0 0 0 1
1 0 0 0 1 0 0 0 1
271 173 416.2302477972643 16.67 3 3 432 433
1 0 0 0 1 0 0 0 1
1 0 0 0 1 0 0 0 1
271 34 630.2076092126682 16.67 3 3 434 435
1 0 0 0 1 0 0 0 1
1 0 0 0 1 0 0 0 1
271 184 465.93137280848765 16.67 3 3 436 437
1 0 0 0 1 0 0 0 1
1 0 0 0 1 0 0 0 1
20 45 128.09197624289325 16.67 3 3 438 439
1 0 0 0 1 0 0 0 1
1 0 0 0 1 0 0 0 1
20 358 243.2894457269017 16.67 3 3 440 441
1 0 0 0 1 0 0 0 1
1 0 0 0 1 0 0 0 1
20 139 219.61992756540027 16.67 3 3 442 443
1 0 0 0 1 0 0 0 1
1 0 0 0 1 0 0 0 1
272 298 383.3627910361309 16.67 3 3 444 445
1 0 0 0 1 0 0 0 1
1 0 0 0 1 0 0 0 1
272 279 435.24082905109196 16.67 3 3 446 447
1 0 0 0 1 0 0 0 1
1 0 0 0 1 0 0 0 1
273 208 289.4131164459906 16.67 3 3 448 449
1 0 0 0 1 0 0 0 1
1 0 0 0 1 0 0 0 1
273 76 761.1048110168891 16.67 3 3 450 451
1 0 0 0 1 0 0 0 1
1 0 0 0 1 0 0 0 1
273 46 764.87212578728 16.67 3 3 452 453
1 0 0 0 1 0 0 0 1
1 0 0 0 1 0 0 0 1
273 115 602.9037706463741 16.67 3 3 454 455
1 0 0 0 1 0 0 0 1
1 0 0 0 1 0 0 0 1
274 285 197.19578176428809 16.67 3 3 456 457
1 0 0 0 1 0 0 0 1
1 0 0 0 1 0 0 0 1
274 316 829.6432908836778 16.67 3 3 458 459
1 0 0 0 1 0 0 0 1
1 0 0 0 1 0 0 0 1
275 99 459.137840845762 16.67 3 3 460 461
1 0 0 0 1 0 0 0 1
1 0 0 0 1 0 0 0 1
275 200 770.7256872660646 16.67 3 3 462 463
1 0 0 0 1 0 0 0 1
1 0 0 0 1 0 0 0 1
275 203 236.72150350351296 16.67 3 3 464 465
1 0 0 0 1 0 0 0 1
1 0 0 0 1 0 0 0 1
275 325 281.81516846561993 16.67 3 3 466 467
1 0 0 0 1 0 0 0 1
1 0 0 0 1 0 0 0 1
276 145 239.38313451624296 16.67 3 3 468 469
1 0 0 0 1 0 0 0 1
1 0 0 0 1 0 0 0 1
276 277 21.72747686879146 16.67 3 3 470 471
1 0 0 0 1 0 0 0 1
1 0 0 0 1 0 0 0 1
276 195 875.8866263136345 16.67 3 3 472 473
1 0 0 0 1 0 0 0 1
1 0 0 0 1 0 0 0 1
277 149 231.91249366641821 16.67 3 3 474 475
1 0 0 0 1 0 0 0 1
1 0 0 0 1 0 0 0 1
277 195 881.2127815031967 16.67 3 3 476 477
1 0 0 0 1 0 0 0 1
1 0 0 0 1 0 0 0 1
278 116 309.63714334430153 16.67 3 3 478 479
1 0 0 0 1 0 0 0 1
1 0 0 0 1 0 0 0 1
278 25 105.19470492021604 16.67 3 3 480 481
1 0 0 0 1 0 0 0 1
1 0 0 0 1 0 0 0 1
278 49 49.189172605897056 16.67 3 3 482 483
1 0 0 0 1 0 0 0 1
1 0 0 0 1 0 0 0 1
117 178 691.5500113403872 16.67 3 3 484 485
1 0 0 0 1 0 0 0 1
1 0 0 0 1 0 0 0 1
117 52 150.1891014032503 16.67 3 3 486 487
1 0 0 0 1 0 0 0 1
1 0 0 0 1 0 0 0 1
45 175 2540.0652870140607 16.67 3 3 488 489
1 0 0 0 1 0 0 0 1
1 0 0 0 1 0 0 0 1
87 282 232.92643885004333 16.67 3 3 490 491
1 0 0 0 1 0 0 0 1
1 0 0 0 1 0 0 0 1
87 280 192.5132824874637 16.67 3 3 492 493
1 0 0 0 1 0 0 0 1
1 0 0 0 1 0 0 0 1
40 145 384.32262502291144 16.67 3 3 494 495
1 0 0 0 1 0 0 0 1
1 0 0 0 1 0 0 0 1
40 38 209.18567192052618 16.67 3 3 496 497
1 0 0 0 1 0 0 0 1
1 0 0 0 1 0 0 0 1
280 308 1266.2318336707697 16.67 3 3 498 499
1 0 0 0 1 0 0 0 1
1 0 0 0 1 0 0 0 1
280 281 916.6155172120884 16.67 3 3 500 501
1 0 0 0 1 0 0 0 1
1 0 0 0 1 0 0 0 1
88 347 486.94101372466895 16.67 3 3 502 503
1 0 0 0 1 0 0 0 1
1 0 0 0 1 0 0 0 1
88 157 390.3664625461881 16.67 3 3 504 505
1 0 0 0 1 0 0 0 1
1 0 0 0 1 0 0 0 1
281 289 638.043848321248 16.67 3 3 506 507
1 0 0 0 1 0 0 0 1
1 0 0 0 1 0 0 0 1
281 80 509.16320434651544 16.67 3 3 508 509
1 0 0 0 1 0 0 0 1
1 0 0 0 1 0 0 0 1
282 286 677.2559210101075 16.67 3 3 510 511
1 0 0 0 1 0 0 0 1
1 0 0 0 1 0 0 0 1
282 226 353.0938158172768 16.67 3 3 512 513
1 0 0 0 1 0 0 0 1
1 0 0 0 1 0 0 0 1
137 340 287.7301958494778 16.67 3 3 514 515
1 0 0 0 1 0 0 0 1
1 0 0 0 1 0 0 0 1
137 187 263.1028402076149 16.67 3 3 516 517
1 0 0 0 1 0 0 0 1
1 0 0 0 1 0 0 0 1
137 170 444.1054872265677 16.67 3 3 518 519
1 0 0 0 1 0 0 0 1
1 0 0 0 1 0 0 0 1
137 219 294.6740895308233 16.67 3 3 520 521
1 0 0 0 1 0 0 0 1
1 0 0 0 1 0 0 0 1
312 152 176.87658807742284 16.67 3 3 522 523
1 0 0 0 1 0 0 0 1
1 0 0 0 1 0 0 0 1
312 352 309.75820474075584 16.67 3 3 524 525
1 0 0 0 1 0 0 0 1
1 0 0 0 1 0 0 0 1
283 285 847.1585501233047 16.67 3 3 526 527
1 0 0 0 1 0 0 0 1
1 0 0 0 1 0 0 0 1
283 293 24.612360277721283 16.67 3 3 528 529
1 0 0 0 1 0 0 0 1
1 0 0 0 1 0 0 0 1
283 328 216.37027470171392 16.67 3 3 530 531
1 0 0 0 1 0 0 0 1
1 0 0 0 1 0 0 0 1
284 286 323.16439402350875 16.67 3 3 532 533
1 0 0 0 1 0 0 0 1
1 0 0 0 1 0 0 0 1
284 347 422.17010095447705 16.67 3 3 534 535
1 0 0 0 1 0 0 0 1
1 0 0 0 1 0 0 0 1
285 57 407.0335166782043 16.67 3 3 536 537
1 0 0 0 1 0 0 0 1
1 0 0 0 1 0 0 0 1
285 90 355.99728061781997 16.67 3 3 538 539
1 0 0 0 1 0 0 0 1
1 0 0 0 1 0 0 0 1
128 210 349.04619604967166 16.67 3 3 540 541
1 0 0 0 1 0 0 0 1
1 0 0 0 1 0 0 0 1
128 307 801.3157658957955 16.67 3 3 542 543
1 0 0 0 1 0 0 0 1
1 0 0 0 1 0 0 0 1
287 302 26.080206809006555 16.67 3 3 544 545
1 0 0 0 1 0 0 0 1
1 0 0 0 1 0 0 0 1
287 342 987.4950005592164 16.67 3 3 546 547
1 0 0 0 1 0 0 0 1
1 0 0 0 1 0 0 0 1
288 35 251.2812716114043 16.67 3 3 548 549
1 0 0 0 1 0 0 0 1
1 0 0 0 1 0 0 0 1
288 2 618.1023656366414 16.67 3 3 550 551
1 0 0 0 1 0 0 0 1
1 0 0 0 1 0 0 0 1
289 331 361.28499974434897 16.67 3 3 552 553
1 0 0 0 1 0 0 0 1
1 0 0 0 1 0 0 0 1
289 290 227.69784086250908 16.67 3 3 554 555
1 0 0 0 1 0 0 0 1
1 0 0 0 1 0 0 0 1
289 221 827.5047404077875 16.67 3 3 556 557
1 0 0 0 1 0 0 0 1
1 0 0 0 1 0 0 0 1
290 345 596.4721690989371 16.67 3 3 558 559
1 0 0 0 1 0 0 0 1
1 0 0 0 1 0 0 0 1
291 200 138.76411149552413 16.67 3 3 560 561
1 0 0 0 1 0 0 0 1
1 0 0 0 1 0 0 0 1
291 221 119.48091640523687 16.67 3 3 562 563
1 0 0 0 1 0 0 0 1
1 0 0 0 1 0 0 0 1
291 223 103.21730564187406 16.67 3 3 564 565
1 0 0 0 1 0 0 0 1
1 0 0 0 1 0 0 0 1
292 303 36.29711557683475 16.67 3 3 566 567
1 0 0 0 1 0 0 0 1
1 0 0 0 1 0 0 0 1
292 299 296.4163112834857 16.67 3 3 568 569
1 0 0 0 1 0 0 0 1
1 0 0 0 1 0 0 0 1
72 73 376.5444636717552 16.67 3 3 570 571
1 0 0 0 1 0 0 0 1
1 0 0 0 1 0 0 0 1
72 129 538.319297258606 16.67 3 3 572 573
1 0 0 0 1 0 0 0 1
1 0 0 0 1 0 0 0 1
293 327 202.34081428695592 16.67 3 3 574 575
1 0 0 0 1 0 0 0 1
1 0 0 0 1 0 0 0 1
293 203 639.5012516113907 16.67 3 3 576 577
1 0 0 0 1 0 0 0 1
1 0 0 0 1 0 0 0 1
294 142 216.6728270618446 16.67 3 3 578 579
1 0 0 0 1 0 0 0 1
1 0 0 0 1 0 0 0 1
294 226 204.18560292267554 16.67 3 3 580 581
1 0 0 0 1 0 0 0 1
1 0 0 0 1 0 0 0 1
295 152 1357.296610734266 16.67 3 3 582 583
1 0 0 0 1 0 0 0 1
1 0 0 0 1 0 0 0 1
295 301 292.2323971571463 16.67 3 3 584 585
1 0 0 0 1 0 0 0 1
1 0 0 0 1 0 0 0 1
51 348 876.4816360865277 16.67 3 3 586 587
1 0 0 0 1 0 0 0 1
1 0 0 0 1 0 0 0 1
296 66 246.4459528956798 16.67 3 3 588 589
1 0 0 0 1 0 0 0 1
1 0 0 0 1 0 0 0 1
296 147 941.1306573641133 16.67 3 3 590 591
1 0 0 0 1 0 0 0 1
1 0 0 0 1 0 0 0 1
297 344 947.7684666862192 16.67 3 3 592 593
1 0 0 0 1 0 0 0 1
1 0 0 0 1 0 0 0 1
297 189 184.75675753345337 16.67 3 3 594 595
1 0 0 0 1 0 0 0 1
1 0 0 0 1 0 0 0 1
297 190 187.94213133035223 16.67 3 3 596 597
1 0 0 0 1 0 0 0 1
1 0 0 0 1 0 0 0 1
298 302 713.1158204894907 16.67 3 3 598 599
1 0 0 0 1 0 0 0 1
1 0 0 0 1 0 0 0 1
298 143 431.17427125367385 16.67 3 3 600 601
1 0 0 0 1 0 0 0 1
1 0 0 0 1 0 0 0 1
142 350 727.8863849638866 16.67 3 3 602 603
1 0 0 0 1 0 0 0 1
1 0 0 0 1 0 0 0 1
142 226 418.6154537299502 16.67 3 3 604 605
1 0 0 0 1 0 0 0 1
1 0 0 0 1 0 0 0 1
300 147 337.34490495458704 16.67 3 3 606 607
1 0 0 0 1 0 0 0 1
1 0 0 0 1 0 0 0 1
300 154 431.0732954188673 16.67 3 3 608 609
1 0 0 0 1 0 0 0 1
1 0 0 0 1 0 0 0 1
300 360 74.69120645341428 16.67 3 3 610 611
1 0 0 0 1 0 0 0 1
1 0 0 0 1 0 0 0 1
121 27 423.88547996958556 16.67 3 3 612 613
1 0 0 0 1 0 0 0 1
1 0 0 0 1 0 0 0 1
121 349 1814.7556796255155 16.67 3 3 614 615
1 0 0 0 1 0 0 0 1
1 0 0 0 1 0 0 0 1
143 144 572.231917524382 16.67 3 3 616 617
1 0 0 0 1 0 0 0 1
1 0 0 0 1 0 0 0 1
144 145 311.3004854956317 16.67 3 3 618 619
1 0 0 0 1 0 0 0 1
1 0 0 0 1 0 0 0 1
303 173 869.3808477021678 16.67 3 3 620 621
1 0 0 0 1 0 0 0 1
1 0 0 0 1 0 0 0 1
146 82 149.14888833281842 16.67 3 3 622 623
1 0 0 0 1 0 0 0 1
1 0 0 0 1 0 0 0 1
146 148 540.8907798295044 16.67 3 3 624 625
1 0 0 0 1 0 0 0 1
1 0 0 0 1 0 0 0 1
305 60 190.1112722224514 16.67 3 3 626 627
1 0 0 0 1 0 0 0 1
1 0 0 0 1 0 0 0 1
305 61 196.37440732436642 16.67 3 3 628 629
1 0 0 0 1 0 0 0 1
1 0 0 0 1 0 0 0 1
305 130 287.3181305597968 16.67 3 3 630 631
1 0 0 0 1 0 0 0 1
1 0 0 0 1 0 0 0 1
305 131 285.2762264147372 16.67 3 3 632 633
1 0 0 0 1 0 0 0 1
1 0 0 0 1 0 0 0 1
147 344 384.1010145443609 16.67 3 3 634 635
1 0 0 0 1 0 0 0 1
1 0 0 0 1 0 0 0 1
147 1 559.1827960281485 16.67 3 3 636 637
1 0 0 0 1 0 0 0 1
1 0 0 0 1 0 0 0 1
148 330 101.74696027168648 16.67 3 3 638 639
1 0 0 0 1 0 0 0 1
1 0 0 0 1 0 0 0 1
148 28 349.3062629805456 16.67 3 3 640 641
1 0 0 0 1 0 0 0 1
1 0 0 0 1 0 0 0 1
149 150 899.5115351964922 16.67 3 3 642 643
1 0 0 0 1 0 0 0 1
1 0 0 0 1 0 0 0 1
306 220 248.2071880595878 16.67 3 3 644 645
1 0 0 0 1 0 0 0 1
1 0 0 0 1 0 0 0 1
306 122 644.8161533254757 16.67 3 3 646 647
1 0 0 0 1 0 0 0 1
1 0 0 0 1 0 0 0 1
307 158 174.89175561917267 16.67 3 3 648 649
1 0 0 0 1 0 0 0 1
1 0 0 0 1 0 0 0 1
307 125 1426.347667089605 16.67 3 3 650 651
1 0 0 0 1 0 0 0 1
1 0 0 0 1 0 0 0 1
307 201 483.8542682008428 16.67 3 3 652 653
1 0 0 0 1 0 0 0 1
1 0 0 0 1 0 0 0 1
151 198 202.50110195146755 16.67 3 3 654 655
1 0 0 0 1 0 0 0 1
1 0 0 0 1 0 0 0 1
308 309 289.0378248713638 16.67 3 3 656 657
1 0 0 0 1 0 0 0 1
1 0 0 0 1 0 0 0 1
308 63 66.44301574142176 16.67 3 3 658 659
1 0 0 0 1 0 0 0 1
1 0 0 0 1 0 0 0 1
152 153 57.90184751270746 16.67 3 3 660 661
1 0 0 0 1 0 0 0 1
1 0 0 0 1 0 0 0 1
152 329 317.8486233094597 16.67 3 3 662 663
1 0 0 0 1 0 0 0 1
1 0 0 0 1 0 0 0 1
153 315 999.4691414177684 16.67 3 3 664 665
1 0 0 0 1 0 0 0 1
1 0 0 0 1 0 0 0 1
309 336 49.32020731663831 16.67 3 3 666 667
1 0 0 0 1 0 0 0 1
1 0 0 0 1 0 0 0 1
309 62 497.5260197557241 16.67 3 3 668 669
1 0 0 0 1 0 0 0 1
1 0 0 0 1 0 0 0 1
309 310 505.2678018400021 16.67 3 3 670 671
1 0 0 0 1 0 0 0 1
1 0 0 0 1 0 0 0 1
310 336 499.1875328617098 16.67 3 3 672 673
1 0 0 0 1 0 0 0 1
1 0 0 0 1 0 0 0 1
310 324 315.0571780803805 16.67 3 3 674 675
1 0 0 0 1 0 0 0 1
1 0 0 0 1 0 0 0 1
154 344 318.7005409138738 16.67 3 3 676 677
1 0 0 0 1 0 0 0 1
1 0 0 0 1 0 0 0 1
154 194 29.189720424146778 16.67 3 3 678 679
1 0 0 0 1 0 0 0 1
1 0 0 0 1 0 0 0 1
154 346 444.4869269250725 16.67 3 3 680 681
1 0 0 0 1 0 0 0 1
1 0 0 0 1 0 0 0 1
311 26 536.0390964442996 16.67 3 3 682 683
1 0 0 0 1 0 0 0 1
1 0 0 0 1 0 0 0 1
311 324 390.3594116616664 16.67 3 3 684 685
1 0 0 0 1 0 0 0 1
1 0 0 0 1 0 0 0 1
311 338 589.0832394090796 16.67 3 3 686 687
1 0 0 0 1 0 0 0 1
1 0 0 0 1 0 0 0 1
313 345 435.07129067622105 16.67 3 3 688 689
1 0 0 0 1 0 0 0 1
1 0 0 0 1 0 0 0 1
155 156 352.8959160660668 16.67 3 3 690 691
1 0 0 0 1 0 0 0 1
1 0 0 0 1 0 0 0 1
155 214 664.2219362603815 16.67 3 3 692 693
1 0 0 0 1 0 0 0 1
1 0 0 0 1 0 0 0 1
155 168 744.8856479708111 16.67 3 3 694 695
1 0 0 0 1 0 0 0 1
1 0 0 0 1 0 0 0 1
314 318 564.6541066399134 16.67 3 3 696 697
1 0 0 0 1 0 0 0 1
1 0 0 0 1 0 0 0 1
314 329 402.330577024013 16.67 3 3 698 699
1 0 0 0 1 0 0 0 1
1 0 0 0 1 0 0 0 1
156 222 2076.0836776766805 16.67 3 3 700 701
1 0 0 0 1 0 0 0 1
1 0 0 0 1 0 0 0 1
65 42 2040.0348350966242 16.67 3 3 702 703
1 0 0 0 1 0 0 0 1
1 0 0 0 1 0 0 0 1
316 352 48.91275397364609 16.67 3 3 704 705
1 0 0 0 1 0 0 0 1
1 0 0 0 1 0 0 0 1
157 158 1671.4311592385059 16.67 3 3 706 707
1 0 0 0 1 0 0 0 1
1 0 0 0 1 0 0 0 1
157 347 873.4354630322042 16.67 3 3 708 709
1 0 0 0 1 0 0 0 1
1 0 0 0 1 0 0 0 1
158 185 2928.230358267101 16.67 3 3 710 711
1 0 0 0 1 0 0 0 1
1 0 0 0 1 0 0 0 1
158 182 2052.3956495063057 16.67 3 3 712 713
1 0 0 0 1 0 0 0 1
1 0 0 0 1 0 0 0 1
317 331 173.58932337113504 16.67 3 3 714 715
1 0 0 0 1 0 0 0 1
1 0 0 0 1 0 0 0 1
317 326 659.4090198381737 16.67 3 3 716 717
1 0 0 0 1 0 0 0 1
1 0 0 0 1 0 0 0 1
317 345 535.3362058019577 16.67 3 3 718 719
1 0 0 0 1 0 0 0 1
1 0 0 0 1 0 0 0 1
318 353 316.4375137828697 16.67 3 3 720 721
1 0 0 0 1 0 0 0 1
1 0 0 0 1 0 0 0 1
319 77 1782.4456230380858 16.67 3 3 722 723
1 0 0 0 1 0 0 0 1
1 0 0 0 1 0 0 0 1
319 320 49.68087879413499 16.67 3 3 724 725
1 0 0 0 1 0 0 0 1
1 0 0 0 1 0 0 0 1
159 160 767.2785168948508 16.67 3 3 726 727
1 0 0 0 1 0 0 0 1
1 0 0 0 1 0 0 0 1
159 7 2885.7967414413674 16.67 3 3 728 729
1 0 0 0 1 0 0 0 1
1 0 0 0 1 0 0 0 1
159 348 202.05444614561037 16.67 3 3 730 731
1 0 0 0 1 0 0 0 1
1 0 0 0 1 0 0 0 1
160 6 2117.998437559307 16.67 3 3 732 733
1 0 0 0 1 0 0 0 1
1 0 0 0 1 0 0 0 1
161 345 335.59530030946877 16.67 3 3 734 735
1 0 0 0 1 0 0 0 1
1 0 0 0 1 0 0 0 1
161 177 539.0145985909917 16.67 3 3 736 737
1 0 0 0 1 0 0 0 1
1 0 0 0 1 0 0 0 1
162 163 124.70836525877895 16.67 3 3 738 739
1 0 0 0 1 0 0 0 1
1 0 0 0 1 0 0 0 1
162 164 87.77312884236356 16.67 3 3 740 741
1 0 0 0 1 0 0 0 1
1 0 0 0 1 0 0 0 1
162 191 405.47818128142495 16.67 3 3 742 743
1 0 0 0 1 0 0 0 1
1 0 0 0 1 0 0 0 1
162 192 146.10743791811834 16.67 3 3 744 745
1 0 0 0 1 0 0 0 1
1 0 0 0 1 0 0 0 1
125 171 311.94871306719773 16.67 3 3 746 747
1 0 0 0 1 0 0 0 1
1 0 0 0 1 0 0 0 1
164 199 261.35209211635686 16.67 3 3 748 749
1 0 0 0 1 0 0 0 1
1 0 0 0 1 0 0 0 1
164 190 783.039552263577 16.67 3 3 750 751
1 0 0 0 1 0 0 0 1
1 0 0 0 1 0 0 0 1
163 198 215.38570584356464 16.67 3 3 752 753
1 0 0 0 1 0 0 0 1
1 0 0 0 1 0 0 0 1
163 189 815.6177386755726 16.67 3 3 754 755
1 0 0 0 1 0 0 0 1
1 0 0 0 1 0 0 0 1
165 67 745.0708129911876 16.67 3 3 756 757
1 0 0 0 1 0 0 0 1
1 0 0 0 1 0 0 0 1
165 166 76.4985873999429 16.67 3 3 758 759
1 0 0 0 1 0 0 0 1
1 0 0 0 1 0 0 0 1
81 343 27.049597110399905 16.67 3 3 760 761
1 0 0 0 1 0 0 0 1
1 0 0 0 1 0 0 0 1
82 330 534.6602094623362 16.67 3 3 762 763
1 0 0 0 1 0 0 0 1
1 0 0 0 1 0 0 0 1
82 329 247.23022395926424 16.67 3 3 764 765
1 0 0 0 1 0 0 0 1
1 0 0 0 1 0 0 0 1
166 107 405.769568190994 16.67 3 3 766 767
1 0 0 0 1 0 0 0 1
1 0 0 0 1 0 0 0 1
321 127 194.4891955154423 16.67 3 3 768 769
1 0 0 0 1 0 0 0 1
1 0 0 0 1 0 0 0 1
321 171 42.01733758191182 16.67 3 3 770 771
1 0 0 0 1 0 0 0 1
1 0 0 0 1 0 0 0 1
321 210 206.4013866156206 16.67 3 3 772 773
1 0 0 0 1 0 0 0 1
1 0 0 0 1 0 0 0 1
321 181 265.89372802817473 16.67 3 3 774 775
1 0 0 0 1 0 0 0 1
1 0 0 0 1 0 0 0 1
73 340 595.6072021510223 16.67 3 3 776 777
1 0 0 0 1 0 0 0 1
1 0 0 0 1 0 0 0 1
322 133 1008.6834897845406 16.67 3 3 778 779
1 0 0 0 1 0 0 0 1
1 0 0 0 1 0 0 0 1
322 210 187.14732054283718 16.67 3 3 780 781
1 0 0 0 1 0 0 0 1
1 0 0 0 1 0 0 0 1
322 186 237.76144866217885 16.67 3 3 782 783
1 0 0 0 1 0 0 0 1
1 0 0 0 1 0 0 0 1
168 167 539.0246858400284 16.67 3 3 784 785
1 0 0 0 1 0 0 0 1
1 0 0 0 1 0 0 0 1
168 359 794.1020078348644 16.67 3 3 786 787
1 0 0 0 1 0 0 0 1
1 0 0 0 1 0 0 0 1
169 340 448.7268748532727 16.67 3 3 788 789
1 0 0 0 1 0 0 0 1
1 0 0 0 1 0 0 0 1
169 169 0.0 16.67 3 3 790 791
1 0 0 0 1 0 0 0 1
1 0 0 0 1 0 0 0 1
169 170 293.1880503743396 16.67 3 3 792 793
1 0 0 0 1 0 0 0 1
1 0 0 0 1 0 0 0 1
104 354 202.97734764809056 16.67 3 3 794 795
1 0 0 0 1 0 0 0 1
1 0 0 0 1 0 0 0 1
170 74 278.6295035052397 16.67 3 3 796 797
1 0 0 0 1 0 0 0 1
1 0 0 0 1 0 0 0 1
170 75 276.8842606049714 16.67 3 3 798 799
1 0 0 0 1 0 0 0 1
1 0 0 0 1 0 0 0 1
324 355 565.0379184964816 16.67 3 3 800 801
1 0 0 0 1 0 0 0 1
1 0 0 0 1 0 0 0 1
171 180 270.6595793197531 16.67 3 3 802 803
1 0 0 0 1 0 0 0 1
1 0 0 0 1 0 0 0 1
172 173 40.57867437250053 16.67 3 3 804 805
1 0 0 0 1 0 0 0 1
1 0 0 0 1 0 0 0 1
172 332 453.31136744262204 16.67 3 3 806 807
1 0 0 0 1 0 0 0 1
1 0 0 0 1 0 0 0 1
325 326 607.3226989978797 16.67 3 3 808 809
1 0 0 0 1 0 0 0 1
1 0 0 0 1 0 0 0 1
325 360 272.68019595126594 16.67 3 3 810 811
1 0 0 0 1 0 0 0 1
1 0 0 0 1 0 0 0 1
326 200 265.60171185815864 16.67 3 3 812 813
1 0 0 0 1 0 0 0 1
1 0 0 0 1 0 0 0 1
327 351 458.05413090520574 16.67 3 3 814 815
1 0 0 0 1 0 0 0 1
1 0 0 0 1 0 0 0 1
327 328 34.5393526099383 16.67 3 3 816 817
1 0 0 0 1 0 0 0 1
1 0 0 0 1 0 0 0 1
328 21 173.64696405255376 16.67 3 3 818 819
1 0 0 0 1 0 0 0 1
1 0 0 0 1 0 0 0 1
174 334 353.6191036946408 16.67 3 3 820 821
1 0 0 0 1 0 0 0 1
1 0 0 0 1 0 0 0 1
175 42 383.9805600461853 16.67 3 3 822 823
1 0 0 0 1 0 0 0 1
1 0 0 0 1 0 0 0 1
175 89 210.62164055998772 16.67 3 3 824 825
1 0 0 0 1 0 0 0 1
1 0 0 0 1 0 0 0 1
329 335 216.09982296624415 16.67 3 3 826 827
1 0 0 0 1 0 0 0 1
1 0 0 0 1 0 0 0 1
177 357 766.5638721343271 16.67 3 3 828 829
1 0 0 0 1 0 0 0 1
1 0 0 0 1 0 0 0 1
107 204 444.81898729117086 16.67 3 3 830 831
1 0 0 0 1 0 0 0 1
1 0 0 0 1 0 0 0 1
178 179 598.6329341390131 16.67 3 3 832 833
1 0 0 0 1 0 0 0 1
1 0 0 0 1 0 0 0 1
178 220 800.7260580903628 16.67 3 3 834 835
1 0 0 0 1 0 0 0 1
1 0 0 0 1 0 0 0 1
331 200 758.8915133422477 16.67 3 3 836 837
1 0 0 0 1 0 0 0 1
1 0 0 0 1 0 0 0 1
179 224 279.323958630338 16.67 3 3 838 839
1 0 0 0 1 0 0 0 1
1 0 0 0 1 0 0 0 1
179 86 869.1993818382198 16.67 3 3 840 841
1 0 0 0 1 0 0 0 1
1 0 0 0 1 0 0 0 1
332 183 426.70976837751084 16.67 3 3 842 843
1 0 0 0 1 0 0 0 1
1 0 0 0 1 0 0 0 1
180 181 26.69187784881417 16.67 3 3 844 845
1 0 0 0 1 0 0 0 1
1 0 0 0 1 0 0 0 1
180 182 889.2981670540757 16.67 3 3 846 847
1 0 0 0 1 0 0 0 1
1 0 0 0 1 0 0 0 1
182 183 272.2675746337821 16.67 3 3 848 849
1 0 0 0 1 0 0 0 1
1 0 0 0 1 0 0 0 1
183 184 65.31443842867367 16.67 3 3 850 851
1 0 0 0 1 0 0 0 1
1 0 0 0 1 0 0 0 1
334 89 461.4260455000288 16.67 3 3 852 853
1 0 0 0 1 0 0 0 1
1 0 0 0 1 0 0 0 1
89 176 436.42293600242806 16.67 3 3 854 855
1 0 0 0 1 0 0 0 1
1 0 0 0 1 0 0 0 1
184 224 4727.970745321305 16.67 3 3 856 857
1 0 0 0 1 0 0 0 1
1 0 0 0 1 0 0 0 1
184 185 545.1457944872619 16.67 3 3 858 859
1 0 0 0 1 0 0 0 1
1 0 0 0 1 0 0 0 1
185 224 4197.930357217604 16.67 3 3 860 861
1 0 0 0 1 0 0 0 1
1 0 0 0 1 0 0 0 1
181 124 278.239188330209 16.67 3 3 862 863
1 0 0 0 1 0 0 0 1
1 0 0 0 1 0 0 0 1
186 209 313.4150661105412 16.67 3 3 864 865
1 0 0 0 1 0 0 0 1
1 0 0 0 1 0 0 0 1
186 123 367.8131357823966 16.67 3 3 866 867
1 0 0 0 1 0 0 0 1
1 0 0 0 1 0 0 0 1
186 58 1325.105689051836 16.67 3 3 868 869
1 0 0 0 1 0 0 0 1
1 0 0 0 1 0 0 0 1
187 219 331.2967649249921 16.67 3 3 870 871
1 0 0 0 1 0 0 0 1
1 0 0 0 1 0 0 0 1
187 361 296.10782659588625 16.67 3 3 872 873
1 0 0 0 1 0 0 0 1
1 0 0 0 1 0 0 0 1
191 353 101.23462151950649 16.67 3 3 874 875
1 0 0 0 1 0 0 0 1
1 0 0 0 1 0 0 0 1
192 193 22.47514840411888 16.67 3 3 876 877
1 0 0 0 1 0 0 0 1
1 0 0 0 1 0 0 0 1
192 353 362.3784056168661 16.67 3 3 878 879
1 0 0 0 1 0 0 0 1
1 0 0 0 1 0 0 0 1
193 346 1231.2378492520913 16.67 3 3 880 881
1 0 0 0 1 0 0 0 1
1 0 0 0 1 0 0 0 1
336 201 205.6280310474225 16.67 3 3 882 883
1 0 0 0 1 0 0 0 1
1 0 0 0 1 0 0 0 1
196 197 213.50578389259007 16.67 3 3 884 885
1 0 0 0 1 0 0 0 1
1 0 0 0 1 0 0 0 1
196 323 215.38862919754806 16.67 3 3 886 887
1 0 0 0 1 0 0 0 1
1 0 0 0 1 0 0 0 1
337 350 409.47631828842117 16.67 3 3 888 889
1 0 0 0 1 0 0 0 1
1 0 0 0 1 0 0 0 1
198 199 42.79740535528755 16.67 3 3 890 891
1 0 0 0 1 0 0 0 1
1 0 0 0 1 0 0 0 1
19 349 2544.9643934366854 16.67 3 3 892 893
1 0 0 0 1 0 0 0 1
1 0 0 0 1 0 0 0 1
338 201 937.344524980966 16.67 3 3 894 895
1 0 0 0 1 0 0 0 1
1 0 0 0 1 0 0 0 1
338 356 813.2195993043852 16.67 3 3 896 897
1 0 0 0 1 0 0 0 1
1 0 0 0 1 0 0 0 1
136 113 69.32826674013526 16.67 3 3 898 899
1 0 0 0 1 0 0 0 1
1 0 0 0 1 0 0 0 1
136 111 83.51457310366297 16.67 3 3 900 901
1 0 0 0 1 0 0 0 1
1 0 0 0 1 0 0 0 1
136 105 176.95627215308224 16.67 3 3 902 903
1 0 0 0 1 0 0 0 1
1 0 0 0 1 0 0 0 1
340 361 255.67401778583528 16.67 3 3 904 905
1 0 0 0 1 0 0 0 1
1 0 0 0 1 0 0 0 1
203 351 226.99468276821585 16.67 3 3 906 907
1 0 0 0 1 0 0 0 1
1 0 0 0 1 0 0 0 1
203 223 794.0937474699197 16.67 3 3 908 909
1 0 0 0 1 0 0 0 1
1 0 0 0 1 0 0 0 1
204 205 279.7656900966755 16.67 3 3 910 911
1 0 0 0 1 0 0 0 1
1 0 0 0 1 0 0 0 1
204 29 974.6156348121427 16.67 3 3 912 913
1 0 0 0 1 0 0 0 1
1 0 0 0 1 0 0 0 1
205 103 1084.3350270136293 16.67 3 3 914 915
1 0 0 0 1 0 0 0 1
1 0 0 0 1 0 0 0 1
8 9 885.0061475906497 16.67 3 3 916 917
1 0 0 0 1 0 0 0 1
1 0 0 0 1 0 0 0 1
207 208 655.6226263396597 16.67 3 3 918 919
1 0 0 0 1 0 0 0 1
1 0 0 0 1 0 0 0 1
207 114 138.3013677028631 16.67 3 3 920 921
1 0 0 0 1 0 0 0 1
1 0 0 0 1 0 0 0 1
348 188 572.4015694765023 16.67 3 3 922 923
1 0 0 0 1 0 0 0 1
1 0 0 0 1 0 0 0 1
348 333 578.5349940718476 16.67 3 3 924 925
1 0 0 0 1 0 0 0 1
1 0 0 0 1 0 0 0 1
209 112 4407.470939715256 16.67 3 3 926 927
1 0 0 0 1 0 0 0 1
1 0 0 0 1 0 0 0 1
209 211 34.06638352937046 16.67 3 3 928 929
1 0 0 0 1 0 0 0 1
1 0 0 0 1 0 0 0 1
133 132 2337.0363272228647 16.67 3 3 930 931
1 0 0 0 1 0 0 0 1
1 0 0 0 1 0 0 0 1
133 225 1564.7859647002758 16.67 3 3 932 933
1 0 0 0 1 0 0 0 1
1 0 0 0 1 0 0 0 1
133 58 312.695930885338 16.67 3 3 934 935
1 0 0 0 1 0 0 0 1
1 0 0 0 1 0 0 0 1
211 213 1183.863770841831 16.67 3 3 936 937
1 0 0 0 1 0 0 0 1
1 0 0 0 1 0 0 0 1
211 50 4445.927486791446 16.67 3 3 938 939
1 0 0 0 1 0 0 0 1
1 0 0 0 1 0 0 0 1
211 212 1150.0022423745654 16.67 3 3 940 941
1 0 0 0 1 0 0 0 1
1 0 0 0 1 0 0 0 1
212 213 33.870029463111244 16.67 3 3 942 943
1 0 0 0 1 0 0 0 1
1 0 0 0 1 0 0 0 1
212 214 596.0601127490922 16.67 3 3 944 945
1 0 0 0 1 0 0 0 1
1 0 0 0 1 0 0 0 1
213 214 567.5319083091589 16.67 3 3 946 947
1 0 0 0 1 0 0 0 1
1 0 0 0 1 0 0 0 1
349 369 384.934648802919 16.67 3 3 948 949
1 0 0 0 1 0 0 0 1
1 0 0 0 1 0 0 0 1
214 215 758.9068113939076 16.67 3 3 950 951
1 0 0 0 1 0 0 0 1
1 0 0 0 1 0 0 0 1
215 216 649.7578764376608 16.67 3 3 952 953
1 0 0 0 1 0 0 0 1
1 0 0 0 1 0 0 0 1
215 5 903.7388057401186 16.67 3 3 954 955
1 0 0 0 1 0 0 0 1
1 0 0 0 1 0 0 0 1
215 217 652.0726526456045 16.67 3 3 956 957
1 0 0 0 1 0 0 0 1
1 0 0 0 1 0 0 0 1
350 94 25.22541871632674 16.67 3 3 958 959
1 0 0 0 1 0 0 0 1
1 0 0 0 1 0 0 0 1
218 219 1119.2973195926443 16.67 3 3 960 961
1 0 0 0 1 0 0 0 1
1 0 0 0 1 0 0 0 1
218 220 1508.3065489785167 16.67 3 3 962 963
1 0 0 0 1 0 0 0 1
1 0 0 0 1 0 0 0 1
351 11 55.33183417865209 16.67 3 3 964 965
1 0 0 0 1 0 0 0 1
1 0 0 0 1 0 0 0 1
352 12 97.57832400753236 16.67 3 3 966 967
1 0 0 0 1 0 0 0 1
1 0 0 0 1 0 0 0 1
221 4 240.3139498929504 16.67 3 3 968 969
1 0 0 0 1 0 0 0 1
1 0 0 0 1 0 0 0 1
354 108 87.84665745240648 16.67 3 3 970 971
1 0 0 0 1 0 0 0 1
1 0 0 0 1 0 0 0 1
101 67 21.702981030732197 16.67 3 3 972 973
1 0 0 0 1 0 0 0 1
1 0 0 0 1 0 0 0 1
222 228 2061.4037095366807 16.67 3 3 974 975
1 0 0 0 1 0 0 0 1
1 0 0 0 1 0 0 0 1
222 229 1457.5651751503497 16.67 3 3 976 977
1 0 0 0 1 0 0 0 1
1 0 0 0 1 0 0 0 1
355 70 312.15953243597306 16.67 3 3 978 979
1 0 0 0 1 0 0 0 1
1 0 0 0 1 0 0 0 1
355 138 1446.343847415861 16.67 3 3 980 981
1 0 0 0 1 0 0 0 1
1 0 0 0 1 0 0 0 1
223 79 382.7032085575373 16.67 3 3 982 983
1 0 0 0 1 0 0 0 1
1 0 0 0 1 0 0 0 1
224 119 251.99471408498948 16.67 3 3 984 985
1 0 0 0 1 0 0 0 1
1 0 0 0 1 0 0 0 1
226 339 345.2625440205932 16.67 3 3 986 987
1 0 0 0 1 0 0 0 1
1 0 0 0 1 0 0 0 1
58 227 1189.1907100061917 16.67 3 3 988 989
1 0 0 0 1 0 0 0 1
1 0 0 0 1 0 0 0 1
227 17 3721.113422977752 16.67 3 3 990 991
1 0 0 0 1 0 0 0 1
1 0 0 0 1 0 0 0 1
227 56 3838.084737146517 16.67 3 3 992 993
1 0 0 0 1 0 0 0 1
1 0 0 0 1 0 0 0 1
35 37 282.7561559173184 16.67 3 3 994 995
1 0 0 0 1 0 0 0 1
1 0 0 0 1 0 0 0 1
228 10 558.7213727116434 16.67 3 3 996 997
1 0 0 0 1 0 0 0 1
1 0 0 0 1 0 0 0 1
240
15 104 106 108 -1
19 892 -1 111 37
20 442 438 440 113
30 192 190 194 196
31 195 296 294 219
34 435 63 57 -1
35 549 994 353 427
39 324 328 322 326
40 323 494 193 496
42 703 823 71 -1
43 78 80 82 76
44 83 144 146 148
45 283 -1 488 439
47 270 268 249 272
53 232 236 -1 234
54 248 93 244 246
55 61 258 -1 260
58 988 -1 935 869
59 90 96 94 92
64 30 28 26 32
66 -1 589 91 269
68 184 186 188 -1
71 338 336 3 -1
72 -1 43 570 572
73 571 -1 776 337
81 760 387 -1 365
82 762 623 764 -1
83 100 98 -1 102
84 116 -1 114 99
87 127 490 -1 492
88 502 -1 504 163
89 825 854 -1 853
91 120 118 122 -1
95 298 302 300 -1
96 154 -1 158 156
97 -1 176 155 174
99 245 307 461 -1
100 266 262 -1 264
102 346 350 344 348
104 255 -1 371 794
107 830 -1 767 351
110 352 -1 354 356
125 746 -1 419 651
126 288 -1 290 292
128 542 293 540 -1
133 934 930 932 779
134 95 308 310 306
135 314 -1 312 309
136 900 -1 902 898
137 514 518 520 516
140 369 -1 385 400
141 316 -1 320 318
142 579 602 199 604
143 601 391 616 -1
144 617 -1 618 329
145 619 -1 469 495
146 624 197 223 622
147 636 634 607 591
148 377 640 625 638
149 475 -1 642 191
150 643 285 407 297
151 403 77 -1 654
152 583 662 660 523
153 661 664 317 263
154 676 680 678 609
155 692 690 -1 694
156 -1 411 700 691
157 708 505 706 -1
158 707 710 712 649
159 730 728 726 39
160 727 -1 732 41
161 203 736 -1 734
162 742 740 738 744
163 -1 752 739 754
164 -1 748 750 741
165 345 758 756 -1
166 766 -1 363 759
168 695 786 -1 784
169 791 792 790 788
170 793 798 796 519
171 771 802 289 747
172 417 806 804 291
173 805 433 621 303
175 489 67 824 822
177 205 828 183 737
178 421 832 834 485
179 840 838 -1 833
180 844 -1 846 803
181 862 -1 845 775
182 847 848 177 713
183 849 850 843 -1
184 851 858 856 437
185 711 -1 860 859
186 868 783 864 866
187 872 517 870 -1
191 217 -1 743 874
192 878 745 876 -1
195 473 213 287 477
196 886 884 -1 145
198 405 655 890 753
199 891 149 409 749
200 463 813 837 561
201 883 -1 653 895
203 577 465 908 906
204 912 251 831 910
205 914 911 347 -1
208 107 919 449 65
209 926 865 928 -1
210 541 773 -1 781
211 929 940 936 938
212 941 -1 942 944
213 943 299 946 937
214 945 947 693 950
215 956 951 954 952
219 521 961 -1 871
220 229 645 963 835
221 563 -1 557 968
222 701 -1 974 976
223 909 -1 565 982
224 857 861 984 839
226 513 605 581 986
227 75 990 989 992
228 975 5 339 996
230 4 8 6 2
231 38 40 -1 42
232 68 64 66 -1
233 25 72 74 70
234 88 -1 84 86
235 110 87 112 23
236 124 130 126 128
237 132 -1 134 119
238 142 136 138 140
239 139 150 -1 152
240 164 162 166 160
241 170 172 168 -1
242 182 -1 180 178
243 169 200 204 202
244 15 -1 208 206
245 212 -1 210 214
246 222 218 216 220
247 230 226 224 228
248 238 242 240 -1
249 252 256 254 250
250 276 280 274 278
251 286 215 282 284
252 147 211 304 -1
253 330 -1 332 334
254 340 342 279 -1
257 360 364 358 362
258 370 -1 368 366
260 375 378 376 359
261 384 380 382 386
262 388 392 -1 390
263 394 396 -1 393
264 398 21 331 -1
265 406 402 404 -1
266 408 305 399 -1
267 301 414 412 410
268 175 157 416 418
269 424 422 420 415
270 428 426 -1 423
271 430 436 434 432
272 -1 444 446 373
273 454 450 452 448
274 458 319 271 456
275 460 466 462 464
276 468 472 470 -1
277 471 476 474 -1
278 482 480 478 -1
279 447 -1 325 379
280 493 498 121 500
281 506 129 501 508
282 510 161 512 491
283 526 273 528 530
284 179 534 -1 532
285 536 457 527 538
286 533 165 511 131
287 546 17 544 383
288 45 550 548 259
289 556 552 507 554
291 564 560 562 -1
292 566 568 425 237
293 529 247 576 574
294 167 578 -1 580
296 97 590 315 588
297 27 592 596 594
298 598 -1 600 445
299 53 261 429 569
300 606 608 313 610
302 545 207 599 381
303 620 55 567 233
305 630 626 628 632
306 225 646 239 644
307 652 648 543 650
308 135 658 656 499
309 657 668 666 670
310 671 672 -1 674
311 -1 684 686 682
312 -1 522 267 524
314 698 696 31 -1
315 665 33 -1 321
316 704 265 459 -1
317 716 153 718 714
318 697 -1 720 29
320 725 -1 277 343
321 768 774 770 772
322 780 778 -1 782
324 800 675 -1 685
325 311 810 808 467
326 809 141 717 812
327 -1 575 814 816
328 818 531 817 -1
329 765 826 699 663
330 115 639 763 -1
331 836 715 -1 553
332 159 842 431 807
336 667 -1 882 673
338 687 894 -1 896
340 777 789 515 904
344 593 -1 677 635
345 719 735 689 559
346 881 -1 335 681
347 181 503 709 535
348 922 924 731 587
349 615 948 89 893
350 603 -1 889 958
351 815 907 964 -1
352 -1 525 705 966
353 721 875 879 -1
354 795 367 361 970
355 978 -1 801 980
357 333 -1 105 829
360 -1 611 143 811
361 -1 905 873 9
362 10 12 14 16
363 18 22 24 20
364 36 19 34 -1
366 46 48 44 50
367 56 58 52 54
368 62 51 60 59
