304
1 3600 212
9
365 177 172 375 378 285 286 599 600
1 3600 212
4
615 612 595 175
1 3600 212
4
383 380 173 174
1 3600 228
5
91 94 392 550 704
1 3600 228
9
615 217 210 236 278 173 176 43 40
1 3600 228
8
601 598 287 284 379 376 382 97
1 3600 228
10
210 234 708 379 376 382 97 15 8 704
1 3600 228
14
711 235 232 652 617 185 180 553 554 611 395 396 402 430
1 3600 228
7
547 97 98 412 550 193 194
1 3600 228
14
659 289 284 283 280 175 176 43 40 86 527 399 402 195
1 3600 228
7
364 388 91 92 548 413 13
1 3600 228
11
598 287 284 379 376 382 97 15 8 193 190
1 3600 228
10
216 612 595 596 457 187 55 50 74 89
1 3600 228
7
284 283 278 173 176 43 40
1 3600 271
19
213 216 612 652 47 44 322 171 166 69 70 545 542 497 498 491 492 201 198
1 3600 488
15
175 178 180 553 554 531 525 528 33 30 628 461 458 508 578
1 3600 488
23
235 236 280 596 185 182 55 50 72 27 28 481 475 467 472 535 532 541 63 60 346 305 302
1 3600 215
5
596 457 454 619 451
1 3600 215
5
232 652 47 48 454
1 3600 215
6
278 173 178 182 169 166
1 3600 215
3
612 652 47
1 3600 215
10
291 288 656 708 283 280 596 457 49 44
1 3600 215
4
379 374 173 178
1 3600 240
13
215 210 232 595 175 176 364 388 91 94 394 610 465
1 3600 240
7
547 391 39 36 553 75 72
1 3600 240
10
236 278 173 176 43 40 86 527 524 25
1 3600 256
16
376 382 97 98 412 393 396 400 561 419 414 460 629 630 634 473
1 3600 488
20
652 47 44 326 621 451 231 224 223 21 16 701 559 115 113 108 655 607 121 5
1 3600 488
24
601 598 287 284 379 376 382 97 98 13 8 193 188 518 566 570 249 250 254 261 262 266 301 298
1 3600 488
12
215 210 236 280 596 185 180 57 52 227 228 292
1 3600 488
8
178 182 169 164 231 224 223 218
1 3600 488
24
291 284 379 376 382 391 91 85 88 75 67 70 545 542 497 500 587 588 129 124 117 118 366 682
1 3600 488
33
291 288 656 235 232 652 617 457 454 619 622 641 295 292 223 220 336 359 356 163 158 125 126 696 645 107 110 101 102 131 134 718 441
1 3600 488
22
376 382 97 98 412 550 193 190 521 522 419 416 432 506 77 80 661 505 495 405 406 667
1 3600 97
10
90 389 365 177 172 279 237 211 212 664
1 3600 97
3
93 85 41
1 3600 97
10
431 403 398 526 610 555 552 181 184 597
1 3600 97
9
189 192 9 14 96 383 377 378 285
1 3600 97
4
12 99 96 383
1 3600 84
3
403 397 95
1 3600 102
5
396 402 425 420 518
1 3600 102
3
393 396 400
1 3600 102
5
550 193 188 518 564
1 3600 222
7
421 422 522 419 416 432 508
1 3600 488
13
393 394 527 528 33 30 511 79 76 247 244 385 253
1 3600 86
8
96 391 39 36 57 52 167 164
1 3600 75
3
431 403 398
1 3600 75
3
398 524 25
1 3600 80
8
93 94 396 400 197 200 33 34
1 3600 305
18
13 8 193 190 521 522 560 197 198 629 630 479 476 155 150 581 123 5
1 3600 488
15
85 88 554 465 27 28 481 475 467 468 486 495 341 338 348
1 3600 488
12
12 412 393 394 610 465 462 593 577 219 222 225
1 3600 488
10
705 551 393 394 610 465 462 593 577 219
1 3600 488
9
403 398 524 25 22 361 362 701 105
1 3600 488
22
193 190 521 522 419 414 460 629 31 34 485 482 647 155 156 645 642 654 693 691 686 209
1 3600 488
18
85 86 527 528 493 490 590 587 161 158 117 118 370 131 132 721 443 321
1 3600 203
15
563 560 197 200 529 526 87 41 42 177 174 281 282 285 290
1 3600 81
5
567 519 189 192 551
1 3600 81
4
417 418 560 401
1 3600 81
3
401 397 95
1 3600 163
7
566 570 509 459 415 418 562
1 3600 65
5
461 458 506 59 64
1 3600 65
3
416 434 458
1 3600 244
9
565 566 570 249 250 252 386 706 712
1 3600 375
13
460 199 200 493 490 499 496 543 544 71 68 227 230
1 3600 104
7
567 519 421 424 403 398 524
1 3600 85
9
414 460 629 31 34 485 482 129 124
1 3600 85
12
569 570 249 246 77 82 489 469 470 580 151 152
1 3600 108
4
570 509 506 77
1 3600 488
11
416 434 460 629 511 79 80 537 63 60 331
1 3600 488
21
435 417 418 560 197 200 493 490 590 501 502 516 357 358 337 221 222 293 294 636 672
1 3600 488
8
200 493 29 22 361 358 444 453
1 3600 488
20
565 566 570 249 246 59 62 538 505 411 3 6 208 687 688 145 148 133 130 103
1 3600 488
13
560 197 198 629 630 479 476 155 150 581 582 607 608
1 3600 488
16
570 249 250 254 351 352 333 311 307 308 312 328 348 449 439 436
1 3600 488
21
246 77 78 512 473 466 474 480 29 26 73 51 54 186 456 616 653 613 217 212 664
1 3600 203
9
509 433 417 418 523 520 191 192 551
1 3600 37
3
579 571 567
1 3600 111
5
579 509 506 77 78
1 3600 50
5
247 244 385 253 254
1 3600 50
4
249 250 256 626
1 3600 488
14
579 509 459 460 199 200 529 524 530 555 75 67 68 167
1 3600 325
12
246 77 82 534 635 479 476 646 589 586 501 496
1 3600 86
14
249 250 254 351 354 347 345 342 408 207 204 7 4 122
1 3600 41
4
512 535 532 541
1 3600 128
12
249 244 385 386 706 271 268 276 307 308 243 240
1 3600 488
22
625 65 62 540 574 505 411 203 204 208 687 690 692 109 112 114 558 700 17 20 222 293
1 3600 488
17
246 77 82 489 469 470 580 151 152 127 124 159 162 357 358 444 453
1 3600 488
12
433 434 460 629 31 34 485 482 129 126 696 645
1 3600 444
9
624 626 347 345 342 408 428 440 719
1 3600 488
11
509 506 59 62 538 505 411 203 206 426 319
1 3600 488
26
713 707 259 264 353 354 627 625 65 62 540 533 534 635 632 35 32 529 526 87 41 42 177 174 594 613
1 3600 488
9
585 245 248 571 567 519 421 422 520
1 3600 305
11
301 298 330 61 62 536 81 78 510 628 199
1 3600 189
7
269 263 260 255 251 246 507
1 3600 189
5
332 353 350 255 251
1 3600 189
6
301 304 347 61 58 507
1 3600 189
5
256 625 65 58 507
1 3600 189
7
713 707 387 384 245 248 578
1 3600 189
4
255 251 248 578
1 3600 189
7
275 269 270 707 387 384 245
1 3600 181
4
262 268 276 307
1 3600 181
3
272 713 714
1 3600 488
17
351 354 347 345 340 494 487 469 466 474 480 29 26 73 51 54 169
1 3600 488
28
712 273 269 266 301 298 328 339 342 408 207 202 3 4 120 606 643 644 157 154 646 589 586 591 499 496 543 544
1 3600 287
10
354 627 625 65 62 540 533 534 513 510
1 3600 177
20
385 386 706 271 266 311 307 308 243 238 348 667 319 320 442 720 133 136 609 121
1 3600 177
7
585 385 253 256 625 65 62
1 3600 157
4
273 276 307 308
1 3600 157
5
276 310 301 298 328
1 3600 157
7
385 386 259 264 333 301 298
1 3600 488
22
354 347 345 340 494 411 3 6 208 605 608 137 130 371 368 557 558 700 17 20 222 293
1 3600 488
17
264 353 354 347 345 342 408 428 440 719 135 130 103 104 700 17 20
1 3600 488
20
333 311 307 308 243 238 348 449 446 427 207 204 208 605 606 654 373 371 366 684
1 3600 488
12
715 271 266 301 298 328 348 449 439 317 320 442
1 3600 488
9
275 276 307 308 243 238 348 667 319
1 3600 99
5
181 179 172 279 237
1 3600 99
4
53 56 37 42
1 3600 99
5
167 168 183 179 172
1 3600 85
14
325 322 171 166 69 70 463 464 531 525 399 402 430 520
1 3600 488
22
325 326 679 671 637 295 292 223 21 18 359 356 517 503 498 491 492 201 196 561 419 414
1 3600 488
19
325 45 48 187 55 50 72 27 28 481 484 633 631 628 461 435 432 508 578
1 3600 488
21
180 57 52 69 70 545 542 497 500 587 588 647 477 467 468 486 495 341 344 346 355
1 3600 86
3
167 170 323
1 3600 112
5
451 231 226 69 66
1 3600 112
8
617 185 180 553 554 531 25 22
1 3600 112
3
553 89 86
1 3600 112
4
55 50 72 462
1 3600 112
9
621 451 231 224 223 21 16 363 360
1 3600 174
8
165 166 69 70 545 542 497 498
1 3600 488
20
169 164 231 224 223 21 16 701 559 556 369 119 113 108 693 609 604 209 205 202
1 3600 488
26
619 622 641 295 292 223 220 336 359 356 163 158 125 126 153 150 581 123 5 2 203 206 409 343 338 329
1 3600 63
6
325 326 679 671 637 295
1 3600 135
5
50 72 462 593 577
1 3600 375
8
231 224 223 21 16 701 559 115
1 3600 488
15
187 55 50 72 27 28 481 475 476 155 156 645 642 654 693
1 3600 488
21
180 553 554 531 25 22 542 515 503 500 587 161 158 117 118 370 131 134 718 441 321
1 3600 75
6
66 74 552 37 38 390
1 3600 36
3
24 525 399
1 3600 132
6
528 201 196 561 419 416
1 3600 348
11
66 74 89 84 94 396 400 561 419 414 458
1 3600 488
20
545 542 497 500 587 588 483 484 633 634 535 532 541 63 60 331 313 309 306 277
1 3600 67
4
71 68 53 56
1 3600 67
5
524 530 555 552 181
1 3600 67
8
516 357 358 19 20 222 225 230
1 3600 85
3
543 23 24
1 3600 62
4
528 33 34 485
1 3600 62
3
463 27 28
1 3600 62
4
22 361 356 163
1 3600 195
16
70 545 361 362 701 105 102 131 132 149 144 689 686 209 7 2
1 3600 488
13
497 498 491 481 475 467 468 486 495 405 406 349 239
1 3600 144
7
75 51 52 227 228 294 638
1 3600 58
3
462 593 577
1 3600 105
8
28 490 590 587 588 129 124 117
1 3600 375
16
554 611 527 528 33 34 633 634 473 470 582 607 608 137 134 141
1 3600 488
18
72 27 28 481 482 647 155 150 581 123 5 6 205 206 426 447 439 317
1 3600 256
16
35 32 201 196 401 397 95 90 389 365 177 172 279 237 211 214
1 3600 81
8
499 496 543 23 26 464 611 395
1 3600 112
7
477 478 631 628 461 415 418
1 3600 112
9
32 201 196 561 523 423 420 518 566
1 3600 99
9
478 631 511 79 80 573 541 63 64
1 3600 305
11
468 486 504 539 63 64 624 626 305 300 311
1 3600 187
12
485 480 490 499 502 514 543 544 71 68 227 230
1 3600 107
6
31 32 529 526 87 88
1 3600 107
6
493 490 590 501 502 516
1 3600 107
5
124 159 162 357 360
1 3600 107
5
491 29 24 530 611
1 3600 107
8
694 697 127 128 483 480 29 26
1 3600 77
4
479 476 155 156
1 3600 111
6
581 471 472 535 532 541
1 3600 111
13
158 125 126 696 645 642 607 604 209 7 2 410 495
1 3600 111
3
468 486 495
1 3600 111
6
123 5 2 410 504 660
1 3600 111
7
33 30 630 634 473 470 123
1 3600 256
8
475 467 468 486 495 341 338 239
1 3600 488
13
474 482 589 161 162 357 358 337 221 222 293 294 636
1 3600 128
6
645 107 112 114 558 700
1 3600 90
4
124 117 114 558
1 3600 90
5
588 129 126 696 645
1 3600 105
12
482 129 124 117 113 110 101 102 131 132 721 443
1 3600 488
8
582 654 693 137 134 718 441 321
1 3600 488
24
4 122 580 151 154 646 589 586 501 496 543 544 463 73 51 54 186 49 46 653 233 211 212 662
1 3600 305
10
58 507 459 415 418 523 520 191 192 551
1 3600 135
6
540 572 81 76 507 433
1 3600 45
3
541 63 64
1 3600 90
5
537 63 60 331 299
1 3600 488
17
411 3 6 208 687 690 692 109 110 101 104 700 17 20 222 225 230
1 3600 187
14
202 3 4 120 606 643 107 112 116 159 160 586 501 496
1 3600 85
4
488 534 513 510
1 3600 85
8
82 489 469 466 476 155 152 127
1 3600 85
7
404 494 487 469 466 474 482
1 3600 85
5
4 122 580 151 154
1 3600 88
3
487 488 534
1 3600 62
4
486 495 405 343
1 3600 62
6
6 205 206 409 343 344
1 3600 488
20
204 208 687 688 139 140 135 130 371 368 557 558 700 17 20 222 293 294 640 674
1 3600 488
12
469 466 474 480 490 499 502 516 357 358 19 20
1 3600 108
9
574 505 411 203 204 208 605 608 692
1 3600 48
7
473 470 582 654 373 131 132
1 3600 232
4
206 426 319 316
1 3600 488
16
315 312 330 61 62 536 81 78 510 628 199 196 401 397 95 90
1 3600 488
15
315 309 303 300 267 263 260 255 251 248 571 567 519 421 422
1 3600 488
12
340 494 504 575 533 534 635 631 628 461 415 418
1 3600 119
5
346 627 257 251 248
1 3600 45
7
315 312 299 304 355 350 255
1 3600 488
18
238 339 340 494 487 469 472 635 632 35 32 529 526 87 41 36 57 54
1 3600 488
14
342 408 428 442 720 133 130 103 100 111 112 116 159 162
1 3600 203
14
407 408 428 440 719 135 136 692 109 106 644 697 127 128
1 3600 53
8
239 242 312 330 61 62 540 572
1 3600 53
10
315 312 328 348 667 427 207 202 3 4
1 3600 135
4
313 243 238 348
1 3600 488
23
241 238 339 342 404 494 487 469 466 474 480 29 26 73 67 68 167 164 450 622 674 671 672
1 3600 488
17
241 238 348 449 439 317 320 442 720 133 130 103 104 700 17 20 218
1 3600 444
10
339 342 408 207 204 208 605 606 643 107
1 3600 128
3
345 342 408
1 3600 113
3
348 667 319
1 3600 348
13
673 670 675 623 618 455 456 597 594 613 217 212 662
1 3600 488
6
229 226 53 56 37 40
1 3600 488
15
223 218 576 592 463 464 531 525 399 402 195 188 518 566 568
1 3600 488
15
226 69 66 74 89 84 94 396 400 561 419 416 432 508 578
1 3600 488
22
295 292 223 21 18 359 356 517 503 498 491 492 33 30 511 79 76 247 250 254 261 258
1 3600 96
7
677 678 327 322 171 168 183
1 3600 96
4
229 230 450 618
1 3600 108
10
292 223 220 334 452 445 359 356 517 514
1 3600 348
10
226 53 56 37 40 86 527 528 33 30
1 3600 488
15
295 292 223 21 16 701 559 556 369 370 372 655 583 471 468
1 3600 488
20
295 229 224 223 21 16 701 105 102 131 132 721 443 429 409 406 349 329 313 314
1 3600 187
3
677 675 641
1 3600 134
5
224 223 21 18 359
1 3600 134
8
640 623 451 165 166 69 70 593
1 3600 134
5
295 292 223 21 16
1 3600 305
8
292 223 21 16 701 559 556 369
1 3600 488
23
674 678 327 322 171 166 69 70 545 542 497 500 587 161 158 117 113 108 693 691 688 145 148
1 3600 488
31
670 675 623 618 455 187 55 50 72 27 22 542 497 500 587 588 647 155 150 694 645 642 607 608 137 134 141 142 441 321 316
1 3600 444
18
335 221 218 576 592 463 464 611 395 392 413 99 96 383 377 378 709 710
1 3600 406
8
359 360 23 24 525 399 402 425
1 3600 488
11
363 356 517 503 498 491 492 201 198 461 435
1 3600 488
17
359 356 163 160 588 483 484 633 634 535 83 80 573 541 63 64 624
1 3600 488
21
701 559 115 113 108 693 691 686 209 205 202 410 495 341 344 346 355 352 265 262 268
1 3600 108
7
20 218 576 592 71 66 51
1 3600 92
4
359 356 517 514
1 3600 92
4
592 463 464 555
1 3600 99
13
219 220 336 359 356 163 158 125 128 647 477 478 631
1 3600 375
15
21 16 701 105 100 111 108 655 607 604 209 7 2 410 504
1 3600 488
19
445 359 362 701 559 556 369 370 131 132 149 146 443 429 426 666 349 239 240
1 3600 46
5
335 221 222 293 296
1 3600 168
5
219 21 16 701 702
1 3600 68
9
452 445 359 356 163 158 117 118 370
1 3600 68
3
703 559 556
1 3600 305
5
16 701 105 102 131
1 3600 488
18
18 359 356 163 158 125 126 153 150 581 123 120 608 137 134 718 441 321
1 3600 488
16
700 363 360 23 24 530 555 552 181 184 616 653 233 211 212 662
1 3600 444
13
643 644 157 154 477 478 631 628 199 196 401 397 95
1 3600 488
9
115 116 125 128 483 484 35 30 628
1 3600 488
13
559 115 113 106 642 583 471 472 535 83 76 247 248
1 3600 488
11
642 583 471 472 535 532 541 63 64 624 257
1 3600 348
13
115 116 159 160 586 501 496 543 544 71 68 167 170
1 3600 94
13
367 119 116 159 160 586 591 499 496 543 23 24 530
1 3600 77
11
372 109 106 644 695 151 154 477 478 632 35
1 3600 77
10
103 100 111 106 644 157 154 646 589 586
1 3600 97
7
370 372 693 609 604 209 205
1 3600 488
10
108 655 607 121 5 2 203 206 409 406
1 3600 348
10
104 700 17 20 222 225 228 294 636 670
1 3600 77
4
700 363 358 444
1 3600 77
5
119 116 159 162 357
1 3600 119
4
373 371 368 557
1 3600 95
5
654 693 137 134 141
1 3600 95
4
642 607 604 209
1 3600 95
6
654 373 131 132 721 443
1 3600 488
7
693 691 686 209 205 206 426
1 3600 488
21
440 143 140 135 136 609 121 122 580 151 152 127 128 483 484 35 32 529 526 87 41
1 3600 488
17
209 7 2 410 504 660 81 76 507 433 417 418 523 520 191 192 551
1 3600 488
12
133 136 692 655 583 471 472 513 510 628 461 435
1 3600 444
9
138 689 690 609 606 583 471 472 513
1 3600 488
11
146 443 429 409 343 338 239 242 309 306 277
1 3600 488
22
148 133 130 372 109 106 644 697 153 154 646 483 480 29 26 73 51 54 186 49 46 617
1 3600 348
19
719 135 136 609 121 122 580 151 152 127 128 589 586 501 496 543 544 71 66
1 3600 90
4
605 606 583 471
1 3600 86
10
138 689 686 209 205 202 410 487 488 534
1 3600 86
4
207 202 3 4
1 3600 132
9
687 688 139 142 441 321 318 447 448
1 3600 488
13
130 371 368 557 558 700 17 20 222 293 294 636 672
1 3600 325
13
440 719 135 136 692 109 112 116 159 162 357 358 337
1 3600 125
3
690 692 373
1 3600 125
6
140 135 130 103 100 111
1 3600 125
4
148 133 136 692
1 3600 125
7
442 147 144 689 690 609 606
1 3600 122
4
687 688 145 146
1 3600 65
6
145 146 443 321 316 436
1 3600 488
24
438 448 407 343 344 61 58 507 459 415 418 523 520 191 192 9 14 96 383 377 378 709 657 658
1 3600 488
19
446 666 349 329 299 300 267 270 707 387 384 245 248 571 567 519 189 192 9
1 3600 488
15
448 349 239 242 309 306 310 332 265 260 255 251 248 571 568
1 3600 488
14
438 446 666 407 404 494 504 575 572 81 76 507 508 578
1 3600 488
11
437 317 318 666 349 329 299 302 306 277 272
1 3600 488
28
437 438 446 427 409 404 494 504 539 540 533 534 635 632 35 32 529 526 87 88 552 181 182 169 170 323 326 698
1 3600 488
15
437 317 318 447 448 407 404 494 487 469 466 474 480 29 26
1 3600 444
11
438 446 427 207 204 7 4 122 580 151 152
1 3600 139
8
318 666 407 404 494 504 660 81
1 3600 80
4
448 349 239 240
1 3600 488
18
439 317 320 442 720 133 130 103 104 700 17 20 222 225 230 450 620 679
1 3600 488
14
320 440 719 135 130 371 119 116 159 162 357 358 444 453
1 3600 375
7
427 207 204 208 605 606 654
1 3600 45
6
427 207 202 3 4 120
1 3600 348
3
437 438 446
