242
1 3600 170
4
615 599 329 330
1 3600 95
8
599 329 269 272 61 58 252 292
1 3600 95
7
326 575 576 245 246 291 292
1 3600 95
3
383 380 31
1 3600 95
6
613 583 379 380 482 659
1 3600 210
8
483 31 32 634 115 112 671 672
1 3600 546
16
271 243 240 577 574 578 83 80 249 250 256 260 264 462 474 570
1 3600 115
6
613 583 584 603 77 74
1 3600 115
7
615 599 383 384 77 78 455
1 3600 91
10
599 329 326 580 656 666 191 192 171 172
1 3600 321
16
583 584 603 77 78 157 154 512 175 176 145 146 344 285 280 552
1 3600 546
19
599 329 326 578 590 93 94 98 116 89 86 660 63 68 325 322 621 139 142
1 3600 546
10
31 28 36 40 153 150 452 480 361 358
1 3600 546
11
659 637 634 191 188 592 594 596 640 537 538
1 3600 546
15
601 383 384 77 78 455 452 45 42 50 72 369 370 377 374
1 3600 546
21
31 28 34 192 171 168 161 158 586 664 137 130 550 633 109 106 529 185 186 319 316
1 3600 128
4
591 57 60 273
1 3600 128
5
92 657 581 327 269
1 3600 128
3
247 244 241
1 3600 128
3
575 273 270
1 3600 149
6
634 115 116 89 90 628
1 3600 149
5
653 291 253 59 60
1 3600 151
8
651 291 121 27 24 263 258 298
1 3600 151
9
636 656 93 94 96 476 671 672 669
1 3600 151
8
293 121 118 254 295 296 510 493
1 3600 151
4
80 249 250 256
1 3600 151
7
628 644 672 489 484 510 493
1 3600 151
6
653 291 253 250 254 502
1 3600 151
7
291 121 27 24 263 260 264
1 3600 151
8
83 80 476 671 672 669 509 510
1 3600 260
17
28 36 38 592 175 176 145 123 128 498 587 341 338 323 320 622 565
1 3600 97
10
656 666 191 188 505 506 155 150 456 516
1 3600 128
10
578 83 84 94 98 116 171 166 178 543
1 3600 128
7
248 97 98 116 171 172 568
1 3600 128
7
56 590 666 191 192 89 86
1 3600 128
12
653 291 253 248 476 113 116 171 166 178 640 347
1 3600 147
12
28 34 192 171 168 161 164 129 126 287 282 288
1 3600 147
13
250 254 500 645 646 660 163 164 129 124 197 194 226
1 3600 364
11
98 112 671 501 295 298 460 277 274 321 322
1 3600 546
12
580 637 33 28 36 40 75 78 455 452 480 361
1 3600 420
9
28 36 38 592 594 47 42 50 72
1 3600 455
11
116 171 172 568 145 146 342 642 211 214 224
1 3600 546
22
121 118 256 258 296 485 486 63 64 586 589 287 282 227 230 234 238 221 216 426 430 3
1 3600 273
9
488 673 670 477 81 82 579 327 269
1 3600 130
10
469 25 26 120 253 248 97 95 92 657
1 3600 130
9
484 297 259 257 251 252 290 247 244
1 3600 130
9
486 661 87 88 193 190 667 591 579
1 3600 130
7
673 670 113 99 95 85 82
1 3600 130
5
23 26 120 253 59
1 3600 130
6
605 267 261 257 251 248
1 3600 130
3
673 645 629
1 3600 78
4
471 263 260 264
1 3600 127
6
471 263 258 298 462 472
1 3600 127
9
264 460 277 274 622 654 473 474 572
1 3600 127
9
510 67 64 341 135 132 141 138 618
1 3600 127
7
24 263 260 264 462 474 567
1 3600 341
18
261 258 294 502 668 673 645 646 335 169 166 178 597 47 44 453 456 518
1 3600 70
10
471 263 258 296 485 486 163 164 496 149
1 3600 136
3
494 69 62
1 3600 136
6
649 646 335 161 158 586
1 3600 136
8
267 264 460 492 67 64 586 589
1 3600 136
6
460 494 325 322 624 133
1 3600 105
8
264 460 277 278 325 322 621 139
1 3600 546
15
26 118 254 500 645 646 335 332 568 177 178 543 541 55 52
1 3600 546
10
486 163 164 129 124 345 346 641 543 541
1 3600 364
15
261 258 296 485 486 163 164 129 124 197 200 416 391 237 238
1 3600 496
18
649 646 660 63 64 341 336 137 130 552 19 17 12 102 110 560 547 544
1 3600 546
20
567 564 619 620 339 340 159 160 332 173 170 117 114 635 33 30 381 382 598 614
1 3600 202
11
609 267 261 258 296 508 668 673 670 113 114
1 3600 97
7
609 267 264 299 294 502 668
1 3600 97
8
609 267 261 257 254 500 645 648
1 3600 97
4
609 267 261 257
1 3600 97
5
472 655 623 275 276
1 3600 165
4
451 448 474 572
1 3600 546
20
446 655 619 139 140 626 467 464 553 281 286 127 122 144 177 174 513 155 150 456
1 3600 303
11
564 623 321 324 69 62 661 87 88 193 188
1 3600 94
13
567 564 619 139 142 300 559 111 108 632 289 283 284
1 3600 61
4
655 619 620 624
1 3600 546
30
571 475 472 655 619 139 142 300 563 561 533 185 182 9 5 2 431 427 401 209 202 215 210 375 376 371 368 349 350 360
1 3600 546
17
448 463 460 492 67 64 586 499 496 149 146 342 373 376 371 367 364
1 3600 546
20
446 655 623 321 322 624 626 105 13 16 20 632 289 227 230 234 236 392 223 215
1 3600 496
12
573 567 564 619 139 142 300 563 547 544 527 521
1 3600 67
9
74 41 37 29 30 482 331 269 243
1 3600 85
9
491 157 152 478 504 189 190 667 93
1 3600 287
15
603 77 78 157 154 512 175 176 569 333 334 647 644 672 669
1 3600 546
19
77 78 455 452 45 48 542 640 347 344 285 280 552 465 466 627 625 323 320
1 3600 109
5
77 78 157 150 456
1 3600 115
7
78 455 452 480 53 54 540
1 3600 115
7
385 380 31 32 634 115 116
1 3600 115
7
379 380 31 28 34 192 89
1 3600 115
5
515 457 452 45 48
1 3600 115
7
603 77 78 157 154 512 594
1 3600 115
7
491 157 154 512 594 596 640
1 3600 170
10
154 512 175 176 145 148 497 498 587 65
1 3600 546
25
491 157 150 452 480 361 355 356 362 366 370 377 374 211 214 222 394 239 235 231 226 288 633 21 17
1 3600 84
13
524 585 379 384 77 78 455 452 480 361 351 352 357
1 3600 121
10
457 452 480 361 351 348 365 366 370 638
1 3600 341
18
379 380 31 32 634 191 188 592 594 596 640 347 344 197 198 425 423 419
1 3600 546
20
74 478 504 592 175 176 145 123 126 287 282 227 230 234 238 395 396 398 402 406
1 3600 127
9
49 44 453 454 79 76 602 585 582
1 3600 99
5
29 32 636 581 575
1 3600 99
9
46 595 593 189 190 667 591 57 58
1 3600 99
6
596 179 167 170 117 99
1 3600 74
8
86 647 644 501 255 119 27 22
1 3600 420
10
168 161 158 65 68 495 461 265 266 608
1 3600 91
7
35 29 30 381 378 584 525
1 3600 91
7
169 166 174 513 155 150 456
1 3600 91
7
174 513 507 479 75 76 602
1 3600 91
6
144 177 174 513 155 156
1 3600 67
5
506 512 175 176 145
1 3600 104
6
176 145 148 497 498 664
1 3600 104
8
89 86 660 163 164 129 126 287
1 3600 104
7
175 167 172 333 161 158 341
1 3600 104
10
512 594 47 48 542 640 347 147 123 126
1 3600 104
4
347 344 285 282
1 3600 104
14
38 189 192 89 86 660 63 64 586 664 137 130 550 633
1 3600 210
8
596 640 347 344 285 280 552 465
1 3600 156
8
173 166 178 597 47 42 50 70
1 3600 95
6
166 178 543 541 55 50
1 3600 95
6
38 592 594 47 42 54
1 3600 86
5
145 123 124 197 200
1 3600 321
17
47 42 50 72 369 370 377 374 211 214 203 208 402 406 415 408 523
1 3600 455
16
665 499 165 160 334 87 88 117 114 635 636 658 331 328 598 614
1 3600 74
13
551 131 134 340 65 66 511 508 503 255 251 252 290
1 3600 70
4
340 65 66 493
1 3600 70
11
633 21 18 553 281 284 125 128 165 162 487
1 3600 127
8
63 68 279 274 622 654 447 450
1 3600 195
13
163 164 129 122 146 346 641 543 49 44 453 456 516
1 3600 84
4
665 587 159 160
1 3600 84
4
122 144 177 174
1 3600 84
5
62 661 87 88 193
1 3600 84
5
345 147 144 569 173
1 3600 84
4
128 165 160 332
1 3600 72
5
137 130 552 19 20
1 3600 75
10
280 552 465 15 12 100 301 143 138 616
1 3600 75
15
197 198 425 389 386 392 396 398 400 428 548 183 184 530 546
1 3600 75
10
163 158 341 135 132 626 105 100 301 304
1 3600 546
16
289 227 228 418 421 391 392 396 225 215 210 375 376 371 367 363
1 3600 107
9
127 124 345 346 537 538 371 368 73
1 3600 81
8
586 589 287 282 227 230 234 238
1 3600 81
5
553 550 289 227 195
1 3600 95
11
664 137 130 552 19 20 109 106 529 185 180
1 3600 546
20
625 323 324 495 461 299 259 262 25 26 120 290 247 244 241 242 268 328 598 614
1 3600 303
13
133 136 337 340 159 162 487 488 673 670 113 114 635
1 3600 89
11
558 101 104 627 625 323 320 275 276 461 265
1 3600 68
6
466 627 141 138 618 654
1 3600 546
18
626 467 464 553 281 284 345 346 641 597 595 593 39 37 29 30 381 378
1 3600 165
23
142 300 559 533 530 544 181 186 522 409 414 407 403 399 397 393 390 417 201 196 345 346 641
1 3600 126
3
13 16 18
1 3600 126
7
303 143 140 133 136 665 589
1 3600 126
7
624 626 105 102 108 632 289
1 3600 126
4
15 16 20 632
1 3600 126
6
322 339 135 130 552 19
1 3600 126
4
16 20 632 289
1 3600 121
4
301 143 138 616
1 3600 546
19
110 533 185 182 549 429 217 218 225 215 210 375 376 371 367 363 357 354 360
1 3600 420
19
305 300 563 547 544 527 307 308 314 441 442 407 403 209 202 215 210 375 376
1 3600 105
6
624 626 105 102 108 557
1 3600 104
4
560 547 544 610
1 3600 104
6
303 300 559 533 185 180
1 3600 546
13
353 71 51 43 46 595 593 189 190 667 657 658 331
1 3600 546
18
353 350 360 481 453 151 152 41 37 29 32 636 581 575 576 245 246 650
1 3600 546
17
71 51 54 540 542 179 167 168 334 647 644 672 489 484 297 259 262
1 3600 546
21
356 362 366 370 539 534 343 147 148 497 498 664 337 338 621 618 565 566 475 449 450
1 3600 63
8
354 360 481 453 454 79 76 385
1 3600 101
5
53 43 46 595 593
1 3600 364
19
351 348 365 366 370 377 374 211 214 224 219 220 239 235 231 226 288 551 552
1 3600 546
11
53 54 540 542 640 347 344 285 280 131 132
1 3600 237
3
359 355 356
1 3600 74
5
352 362 366 370 638
1 3600 74
5
359 351 348 369 370
1 3600 273
14
361 351 71 72 365 366 370 377 374 211 214 203 208 400
1 3600 546
15
356 362 366 370 377 374 211 214 222 394 221 216 426 432 7
1 3600 546
14
639 539 536 641 179 167 170 117 112 477 81 82 579 327
1 3600 341
16
639 377 372 343 147 144 569 173 170 117 99 96 249 252 290 650
1 3600 455
12
639 539 534 343 147 123 126 588 587 65 68 279
1 3600 546
12
343 147 148 497 165 162 487 484 297 298 462 474
1 3600 113
7
536 641 543 541 55 52 481
1 3600 75
4
535 536 641 597
1 3600 75
4
43 48 542 640
1 3600 86
10
54 540 542 640 347 344 285 282 288 633
1 3600 420
8
343 344 125 128 498 664 337 338
1 3600 46
6
535 538 371 367 364 349
1 3600 127
4
370 377 374 643
1 3600 52
12
43 46 596 179 176 145 123 126 287 280 550 555
1 3600 52
11
72 369 370 377 374 211 214 222 393 390 420
1 3600 237
26
51 43 48 542 640 347 344 197 198 425 423 421 233 234 238 221 216 426 430 459 11 8 183 180 545 531
1 3600 546
22
214 224 397 393 387 388 424 199 196 125 128 165 160 169 170 117 99 95 85 82 579 327
1 3600 420
18
220 239 235 231 226 283 286 588 587 65 66 511 508 503 255 251 59 56
1 3600 321
12
424 199 196 125 128 165 162 487 488 673 501 255
1 3600 546
23
238 395 396 398 402 406 443 440 315 318 187 184 532 560 562 301 143 138 618 565 566 475 449
1 3600 364
18
239 235 232 420 422 424 199 196 125 122 144 177 174 513 155 156 79 76
1 3600 151
15
417 229 226 283 286 588 499 165 162 661 87 88 193 35 36
1 3600 151
5
201 196 125 128 496
1 3600 183
6
199 194 226 283 286 588
1 3600 183
4
643 343 344 285
1 3600 183
23
214 203 208 402 404 430 459 439 436 523 520 526 545 531 528 107 103 13 14 464 553 131 136
1 3600 183
10
219 220 239 235 231 226 283 286 127 128
1 3600 183
7
420 419 229 226 288 633 21
1 3600 113
11
404 432 7 4 8 183 184 528 107 103 104
1 3600 364
14
198 425 389 386 392 223 215 210 375 376 371 367 363 357
1 3600 170
5
215 210 375 376 638
1 3600 170
6
195 196 345 342 373 376
1 3600 170
10
423 421 391 392 223 215 210 375 376 371
1 3600 170
8
225 215 210 375 376 371 368 73
1 3600 170
14
220 239 236 387 388 424 199 196 345 346 641 543 49 42
1 3600 170
8
228 201 196 345 342 535 538 638
1 3600 97
5
234 238 221 216 428
1 3600 182
8
238 221 218 398 402 406 415 412
1 3600 182
4
430 459 411 408
1 3600 182
14
200 416 233 234 238 221 216 428 548 435 436 630 315 309
1 3600 182
6
391 392 396 398 402 406
1 3600 182
5
556 109 106 529 530
1 3600 182
6
208 400 426 430 445 443
1 3600 182
9
402 404 432 7 4 8 183 180 545
1 3600 546
29
440 315 309 306 526 545 546 562 101 104 627 625 323 324 495 492 511 485 488 673 670 477 81 82 579 327 328 598 612
1 3600 546
14
107 103 104 627 625 323 320 275 276 461 299 294 255 251
1 3600 420
12
318 187 184 532 558 301 143 138 620 323 324 279
1 3600 546
13
663 631 523 187 184 532 558 301 143 138 618 654 447
1 3600 546
21
545 546 561 111 103 13 14 464 553 131 134 340 159 160 169 170 193 35 29 30 381
1 3600 273
11
531 528 107 108 632 551 281 284 345 346 641
1 3600 248
9
317 309 306 526 545 546 561 111 108
1 3600 248
13
444 431 427 217 220 239 235 231 226 283 286 588 499
1 3600 248
13
631 437 434 183 184 532 560 562 101 104 467 464 553
1 3600 214
4
526 545 546 562
1 3600 214
4
181 184 528 107
1 3600 214
8
187 184 532 558 101 104 627 625
1 3600 214
8
611 545 546 562 301 143 138 616
1 3600 546
18
611 181 182 9 5 6 433 405 403 399 225 215 210 375 376 371 367 363
1 3600 248
16
314 441 413 414 407 403 209 202 215 210 375 376 371 367 364 73
1 3600 249
6
410 458 431 427 401 399
1 3600 249
10
185 182 549 429 217 218 397 223 215 210
1 3600 249
9
5 6 433 405 403 399 397 393 390
1 3600 249
6
10 458 431 427 217 218
1 3600 249
11
186 522 409 414 407 403 399 397 393 390 420
1 3600 249
9
308 318 522 437 438 458 431 427 401
1 3600 249
4
438 11 5 6
1 3600 249
9
308 314 441 442 407 403 209 202 215
1 3600 249
8
444 431 427 217 220 239 235 231
1 3600 249
7
3 6 429 217 220 239 235
1 3600 218
4
523 520 526 545
1 3600 218
5
663 631 437 434 9
