254
40.786037 111.633736 1 0
40.788727 111.65964 2 0
40.79972 111.64596 3 0
40.794838 111.63956 4 1
40.796974 111.64246 5 0
40.802288 111.64552 6 0
40.8145 111.69127 7 1
40.81854 111.68944 8 1
40.81561 111.69626 9 0
40.792385 111.68194 10 0
40.80816 111.6814 11 1
40.789112 111.68904 12 0
40.785835 111.665955 13 0
40.83098 111.70865 14 0
40.79374 111.68765 15 1
40.823627 111.71146 16 0
40.831116 111.7086 17 0
40.831253 111.69394 18 0
40.81876 111.63496 19 1
40.815872 111.61879 20 0
40.811253 111.61564 21 0
40.829346 111.61595 22 0
40.833073 111.62169 23 0
40.83157 111.61808 24 0
40.83203 111.69074 25 1
40.79566 111.61562 26 0
40.839207 111.67477 27 0
40.838867 111.67498 28 0
40.839653 111.67486 29 0
40.786232 111.63383 30 0
40.79234 111.65768 31 1
40.806267 111.64447 32 0
40.802814 111.66977 33 1
40.80143 111.65251 34 0
40.821327 111.69206 35 1
40.833073 111.65404 36 0
40.83972 111.63986 37 0
40.837433 111.65485 38 0
40.785843 111.69913 39 0
40.785942 111.69897 40 0
40.789238 111.69752 41 1
40.789185 111.69738 42 1
40.78717 111.69827 43 0
40.790386 111.70973 44 1
40.790188 111.7094 45 1
40.787144 111.711426 46 1
40.794 111.70744 47 1
40.795246 111.7078 48 1
40.795357 111.707016 49 0
40.794647 111.69975 50 1
40.786896 111.70459 51 1
40.78674 111.70422 52 0
40.798607 111.653046 53 0
40.78834 111.69753 54 1
40.78854 111.697975 55 1
40.785843 111.68635 56 0
40.79784 111.676476 57 1
40.817303 111.68462 58 1
40.829517 111.682396 59 1
40.81738 111.684875 60 1
40.82976 111.68806 61 0
40.827595 111.674805 62 0
40.828957 111.679436 63 1
40.83124 111.68162 64 0
40.82732 111.68597 65 1
40.832897 111.70058 66 0
40.81944 111.69295 67 1
40.826767 111.68365 68 1
40.809864 111.70925 69 1
40.817257 111.66607 70 1
40.83097 111.678986 71 0
40.80023 111.67122 72 1
40.82216 111.70462 73 1
40.8033 111.68351 74 1
40.83288 111.686646 75 1
40.80111 111.67478 76 1
40.82423 111.6737 77 1
40.81809 111.68758 78 1
40.815464 111.67766 79 1
40.807106 111.71034 80 0
40.80287 111.71169 81 0
40.822983 111.67425 82 0
40.826115 111.68648 83 0
40.83355 111.67772 84 1
40.825066 111.61644 85 0
40.80602 111.61576 86 0
40.788147 111.617714 87 0
40.807938 111.63669 88 1
40.807278 111.63457 89 1
40.800945 111.61946 90 0
40.787285 111.68567 91 0
40.796722 111.71058 92 0
40.78819 111.68524 93 1
40.839695 111.68741 94 0
40.78603 111.6896 95 0
40.825172 111.61636 96 0
40.796303 111.71089 97 0
40.78598 111.6912 98 0
40.786026 111.65245 99 0
40.816727 111.656364 100 1
40.827164 111.6348 101 0
40.810043 111.643524 102 0
40.798134 111.6259 103 1
40.838673 111.71159 104 0
40.819447 111.665596 105 0
40.815304 111.648796 106 1
40.813656 111.66878 107 1
40.789078 111.63659 108 0
40.80277 111.623825 109 1
40.83973 111.63373 110 0
40.83745 111.654976 111 0
40.815937 111.618744 112 0
40.80737 111.647865 113 0
40.80737 111.647865 114 0
40.806545 111.6381 115 0
40.80959 111.64133 116 0
40.786728 111.71173 117 0
40.79086 111.6968 118 1
40.794724 111.62967 119 1
40.79855 111.62689 120 1
40.794296 111.61662 121 1
40.793034 111.61664 122 1
40.795708 111.62015 123 1
40.793842 111.62083 124 1
40.797188 111.623665 125 1
40.795624 111.694595 126 1
40.78587 111.698715 127 0
40.788143 111.69818 128 1
40.839367 111.64601 129 0
40.7994392 111.658916 130 1
40.796333 111.63957 131 1
40.801561 111.64105 132 1
40.8000677 111.648524 133 1
40.7942015 111.649937 134 1
40.8162615 111.64248 135 1
40.823507 111.640165 136 1
40.799697 111.705062 137 1
40.813452 111.686565 138 1
40.8281017 111.695362 139 1
40.7990153 111.6853733 140 1
40.788151 111.6854475 141 1
40.785895 111.674185 142 0
40.792665 111.6833275 143 1
40.8170425 111.6306 144 0
40.8153175 111.638485 145 1
40.8218924 111.633091 146 1
40.818957 111.626085 147 1
40.825939 111.6183875 148 1
40.8287663 111.6247833 149 1
40.827259 111.6212375 150 1
40.7909715 111.7020485 151 1
40.7906719 111.6510177 152 1
40.7936236 111.6618842 153 1
40.8023273 111.6482983 154 1
40.8084861 111.6539951 155 1
40.8278573 111.65901 156 1
40.828174 111.6558183 157 1
40.8326383 111.666571 158 1
40.8386115 111.664565 159 0
40.833745 111.69035 160 1
40.8336885 111.6897575 161 1
40.8322335 111.69082 162 1
40.838512 111.67535 163 0
40.826044 111.68075 164 1
40.8262163 111.68114 165 1
40.827863 111.63869 166 1
40.8165768 111.62038 167 1
40.793417 111.639545 168 1
40.8004963 111.6319053 169 1
40.8048725 111.62885 170 1
40.810002 111.6251325 171 1
40.7952405 111.6334075 172 1
40.7987685 111.6805685 173 1
40.8009435 111.692417 174 0
40.8008865 111.692212 175 1
40.7968827 111.6729357 176 1
40.7934447 111.63936 177 1
40.828045 111.658795 178 1
40.8099372 111.6881928 179 1
40.8201403 111.6608553 180 1
40.8207595 111.670255 181 1
40.8127852 111.6992525 182 1
40.80602 111.672668 183 1
40.8070917 111.6769412 184 1
40.8223767 111.6722687 185 1
40.8182913 111.6672607 186 1
40.8050157 111.6687861 187 1
40.8072816 111.647965 188 1
40.817468 111.6489008 189 1
40.8124065 111.630797 190 1
40.807901 111.6200825 191 1
40.820199 111.66106 192 1
40.819115 111.6560875 193 1
40.8133273 111.6741675 194 1
40.8108603 111.6656725 195 0
40.814601 111.70747 196 1
40.8252145 111.65942 197 1
40.8017225 111.6577725 198 1
40.8152762 111.663483 199 1
40.8120123 111.6695867 200 1
40.803282 111.641854 201 1
40.8105143 111.65765 202 1
40.8353212 111.65535 203 1
40.8337915 111.64169 204 1
40.8344422 111.6475515 205 1
40.790755 111.6966175 206 1
40.7996595 111.704932 207 1
40.794028 111.7068267 208 1
40.794447 111.707654 209 1
40.794835 111.706831 210 1
40.8024875 111.636595 211 0
40.8031425 111.640575 212 0
40.7936535 111.695535 213 1
40.796055 111.7065925 214 1
40.815582 111.667835 215 1
40.807905 111.7014225 216 1
40.82901 111.6716617 217 1
40.814659 111.6737213 218 1
40.8050585 111.69045 219 1
40.8289935 111.679835 220 1
40.8227665 111.67436 221 1
40.8021815 111.67909 222 1
40.826703 111.689445 223 1
40.8201985 111.6959675 224 1
40.8223753 111.6724633 225 1
40.82588 111.6865975 226 1
40.8017053 111.704159 227 1
40.8220395 111.6696025 228 1
40.8275645 111.692838 229 1
40.8295515 111.701838 230 1
40.830626 111.6914225 231 1
40.8334725 111.6774375 232 1
40.837645 111.6757475 233 1
40.838982 111.6876875 234 1
40.827452 111.6675903 235 1
40.8276817 111.6631517 236 1
40.787895 111.697678 237 1
40.8364232 111.6649645 238 1
40.816815 111.672615 239 1
40.8288786 111.6472413 240 1
40.7948055 111.707155 241 1
40.8376195 111.6754375 242 1
40.7944085 111.70734 243 1
40.827515 111.69264 244 1
40.8331743 111.63651 245 1
40.824244 111.6479375 246 1
40.824919 111.656035 247 1
40.821164 111.61708 248 0
40.8365425 111.699133 249 0
40.8210605 111.665035 250 1
40.7938145 111.6346025 251 1
40.788295 111.635758 252 1
40.79433 111.624325 253 1
40.8177725 111.6621975 254 1
349
199 202 762.4585169204003 16.67 3 3 2 3
1 0 0 0 1 0 0 0 1
1 0 0 0 1 0 0 0 1
199 254 254.1096483364579 16.67 3 3 4 5
1 0 0 0 1 0 0 0 1
1 0 0 0 1 0 0 0 1
199 186 490.77722679579153 16.67 3 3 6 7
1 0 0 0 1 0 0 0 1
1 0 0 0 1 0 0 0 1
199 70 332.4896537355266 16.67 3 3 8 9
1 0 0 0 1 0 0 0 1
1 0 0 0 1 0 0 0 1
200 194 521.277721905192 16.67 3 3 10 11
1 0 0 0 1 0 0 0 1
1 0 0 0 1 0 0 0 1
200 195 445.93402560205334 16.67 3 3 12 13
1 0 0 0 1 0 0 0 1
1 0 0 0 1 0 0 0 1
200 183 609.7219517952707 16.67 3 3 14 15
1 0 0 0 1 0 0 0 1
1 0 0 0 1 0 0 0 1
200 107 164.87963626755365 16.67 3 3 16 17
1 0 0 0 1 0 0 0 1
1 0 0 0 1 0 0 0 1
201 177 873.2646969517451 16.67 3 3 18 19
1 0 0 0 1 0 0 0 1
1 0 0 0 1 0 0 0 1
201 114 751.8071156020233 16.67 3 3 20 21
1 0 0 0 1 0 0 0 1
1 0 0 0 1 0 0 0 1
201 132 170.23340953419427 16.67 3 3 22 23
1 0 0 0 1 0 0 0 1
1 0 0 0 1 0 0 0 1
201 212 142.71099400935506 16.67 3 3 24 25
1 0 0 0 1 0 0 0 1
1 0 0 0 1 0 0 0 1
202 100 542.0997477606244 16.67 3 3 26 27
1 0 0 0 1 0 0 0 1
1 0 0 0 1 0 0 0 1
202 155 440.825087080411 16.67 3 3 28 29
1 0 0 0 1 0 0 0 1
1 0 0 0 1 0 0 0 1
203 38 186.1716099016129 16.67 3 3 30 31
1 0 0 0 1 0 0 0 1
1 0 0 0 1 0 0 0 1
203 205 870.35476310906 16.67 3 3 32 33
1 0 0 0 1 0 0 0 1
1 0 0 0 1 0 0 0 1
203 238 1073.162185849591 16.67 3 3 34 35
1 0 0 0 1 0 0 0 1
1 0 0 0 1 0 0 0 1
203 111 183.8705802469936 16.67 3 3 36 37
1 0 0 0 1 0 0 0 1
1 0 0 0 1 0 0 0 1
204 245 578.3612231273511 16.67 3 3 38 39
1 0 0 0 1 0 0 0 1
1 0 0 0 1 0 0 0 1
204 37 538.7166604740058 16.67 3 3 40 41
1 0 0 0 1 0 0 0 1
1 0 0 0 1 0 0 0 1
204 205 654.1044344502122 16.67 3 3 42 43
1 0 0 0 1 0 0 0 1
1 0 0 0 1 0 0 0 1
205 240 469.3655796526244 16.67 3 3 44 45
1 0 0 0 1 0 0 0 1
1 0 0 0 1 0 0 0 1
205 129 448.4086916043145 16.67 3 3 46 47
1 0 0 0 1 0 0 0 1
1 0 0 0 1 0 0 0 1
206 42 157.0384094190963 16.67 3 3 48 49
1 0 0 0 1 0 0 0 1
1 0 0 0 1 0 0 0 1
206 54 227.23546162770833 16.67 3 3 50 51
1 0 0 0 1 0 0 0 1
1 0 0 0 1 0 0 0 1
206 213 272.1024360797014 16.67 3 3 52 53
1 0 0 0 1 0 0 0 1
1 0 0 0 1 0 0 0 1
207 227 192.47557625402771 16.67 3 3 54 55
1 0 0 0 1 0 0 0 1
1 0 0 0 1 0 0 0 1
207 214 355.1941150228325 16.67 3 3 56 57
1 0 0 0 1 0 0 0 1
1 0 0 0 1 0 0 0 1
207 46 1277.2864084646953 16.67 3 3 58 59
1 0 0 0 1 0 0 0 1
1 0 0 0 1 0 0 0 1
208 47 68.24078007049654 16.67 3 3 60 61
1 0 0 0 1 0 0 0 1
1 0 0 0 1 0 0 0 1
208 243 65.45402783638514 16.67 3 3 62 63
1 0 0 0 1 0 0 0 1
1 0 0 0 1 0 0 0 1
208 151 590.3717628741095 16.67 3 3 64 65
1 0 0 0 1 0 0 0 1
1 0 0 0 1 0 0 0 1
209 97 392.3075916716874 16.67 3 3 66 67
1 0 0 0 1 0 0 0 1
1 0 0 0 1 0 0 0 1
209 243 35.067467350594036 16.67 3 3 68 69
1 0 0 0 1 0 0 0 1
1 0 0 0 1 0 0 0 1
209 44 412.5241235916716 16.67 3 3 70 71
1 0 0 0 1 0 0 0 1
1 0 0 0 1 0 0 0 1
210 241 36.114869421651036 16.67 3 3 72 73
1 0 0 0 1 0 0 0 1
1 0 0 0 1 0 0 0 1
210 214 106.07566105436474 16.67 3 3 74 75
1 0 0 0 1 0 0 0 1
1 0 0 0 1 0 0 0 1
210 151 623.3970259090312 16.67 3 3 76 77
1 0 0 0 1 0 0 0 1
1 0 0 0 1 0 0 0 1
211 212 446.004158623332 16.67 3 3 78 79
1 0 0 0 1 0 0 0 1
1 0 0 0 1 0 0 0 1
211 169 547.7763755259605 16.67 3 3 80 81
1 0 0 0 1 0 0 0 1
1 0 0 0 1 0 0 0 1
213 118 274.03719112683734 16.67 3 3 82 83
1 0 0 0 1 0 0 0 1
1 0 0 0 1 0 0 0 1
213 50 476.119628293368 16.67 3 3 84 85
1 0 0 0 1 0 0 0 1
1 0 0 0 1 0 0 0 1
213 126 196.077203405911 16.67 3 3 86 87
1 0 0 0 1 0 0 0 1
1 0 0 0 1 0 0 0 1
214 137 350.6693321508532 16.67 3 3 88 89
1 0 0 0 1 0 0 0 1
1 0 0 0 1 0 0 0 1
214 50 770.0751803951632 16.67 3 3 90 91
1 0 0 0 1 0 0 0 1
1 0 0 0 1 0 0 0 1
215 107 193.17484105262133 16.67 3 3 92 93
1 0 0 0 1 0 0 0 1
1 0 0 0 1 0 0 0 1
215 70 241.64866384193402 16.67 3 3 94 95
1 0 0 0 1 0 0 0 1
1 0 0 0 1 0 0 0 1
215 239 541.5787232750276 16.67 3 3 96 97
1 0 0 0 1 0 0 0 1
1 0 0 0 1 0 0 0 1
216 227 604.0700679921654 16.67 3 3 98 99
1 0 0 0 1 0 0 0 1
1 0 0 0 1 0 0 0 1
216 219 1243.461505568184 16.67 3 3 100 101
1 0 0 0 1 0 0 0 1
1 0 0 0 1 0 0 0 1
216 69 885.9117838756239 16.67 3 3 102 103
1 0 0 0 1 0 0 0 1
1 0 0 0 1 0 0 0 1
216 182 476.3982065979088 16.67 3 3 104 105
1 0 0 0 1 0 0 0 1
1 0 0 0 1 0 0 0 1
217 71 831.0043487673688 16.67 3 3 106 107
1 0 0 0 1 0 0 0 1
1 0 0 0 1 0 0 0 1
217 235 471.3442497353931 16.67 3 3 108 109
1 0 0 0 1 0 0 0 1
1 0 0 0 1 0 0 0 1
217 77 461.67230754994284 16.67 3 3 110 111
1 0 0 0 1 0 0 0 1
1 0 0 0 1 0 0 0 1
218 79 443.1993020810702 16.67 3 3 112 113
1 0 0 0 1 0 0 0 1
1 0 0 0 1 0 0 0 1
218 194 122.56896952252256 16.67 3 3 114 115
1 0 0 0 1 0 0 0 1
1 0 0 0 1 0 0 0 1
218 107 555.9274785336371 16.67 3 3 116 117
1 0 0 0 1 0 0 0 1
1 0 0 0 1 0 0 0 1
218 239 219.22305038563962 16.67 3 3 118 119
1 0 0 0 1 0 0 0 1
1 0 0 0 1 0 0 0 1
219 179 481.289795082461 16.67 3 3 120 121
1 0 0 0 1 0 0 0 1
1 0 0 0 1 0 0 0 1
219 175 402.1331798726302 16.67 3 3 122 123
1 0 0 0 1 0 0 0 1
1 0 0 0 1 0 0 0 1
219 74 785.8069211106099 16.67 3 3 124 125
1 0 0 0 1 0 0 0 1
1 0 0 0 1 0 0 0 1
220 59 288.17416841810945 16.67 3 3 126 127
1 0 0 0 1 0 0 0 1
1 0 0 0 1 0 0 0 1
220 63 44.475677642983996 16.67 3 3 128 129
1 0 0 0 1 0 0 0 1
1 0 0 0 1 0 0 0 1
220 84 449.7853455436061 16.67 3 3 130 131
1 0 0 0 1 0 0 0 1
1 0 0 0 1 0 0 0 1
220 165 275.0742240592913 16.67 3 3 132 133
1 0 0 0 1 0 0 0 1
1 0 0 0 1 0 0 0 1
221 79 715.7399835568594 16.67 3 3 134 135
1 0 0 0 1 0 0 0 1
1 0 0 0 1 0 0 0 1
221 225 213.46999721834567 16.67 3 3 136 137
1 0 0 0 1 0 0 0 1
1 0 0 0 1 0 0 0 1
221 226 1385.8240863395151 16.67 3 3 138 139
1 0 0 0 1 0 0 0 1
1 0 0 0 1 0 0 0 1
222 76 487.6927053584004 16.67 3 3 140 141
1 0 0 0 1 0 0 0 1
1 0 0 0 1 0 0 0 1
222 74 500.4482156365976 16.67 3 3 142 143
1 0 0 0 1 0 0 0 1
1 0 0 0 1 0 0 0 1
222 173 331.0123799660156 16.67 3 3 144 145
1 0 0 0 1 0 0 0 1
1 0 0 0 1 0 0 0 1
222 184 477.42361148676457 16.67 3 3 146 147
1 0 0 0 1 0 0 0 1
1 0 0 0 1 0 0 0 1
223 244 361.79996974515785 16.67 3 3 148 149
1 0 0 0 1 0 0 0 1
1 0 0 0 1 0 0 0 1
223 225 1923.1865378055827 16.67 3 3 150 151
1 0 0 0 1 0 0 0 1
1 0 0 0 1 0 0 0 1
223 226 324.1313951382254 16.67 3 3 152 153
1 0 0 0 1 0 0 0 1
1 0 0 0 1 0 0 0 1
223 35 537.7682858355232 16.67 3 3 154 155
1 0 0 0 1 0 0 0 1
1 0 0 0 1 0 0 0 1
224 67 341.56853784592676 16.67 3 3 156 157
1 0 0 0 1 0 0 0 1
1 0 0 0 1 0 0 0 1
224 244 718.3426241957134 16.67 3 3 158 159
1 0 0 0 1 0 0 0 1
1 0 0 0 1 0 0 0 1
224 182 722.9374258205956 16.67 3 3 160 161
1 0 0 0 1 0 0 0 1
1 0 0 0 1 0 0 0 1
224 229 710.8822206011422 16.67 3 3 162 163
1 0 0 0 1 0 0 0 1
1 0 0 0 1 0 0 0 1
225 185 21.640188204151507 16.67 3 3 164 165
1 0 0 0 1 0 0 0 1
1 0 0 0 1 0 0 0 1
225 181 280.6976812047721 16.67 3 3 166 167
1 0 0 0 1 0 0 0 1
1 0 0 0 1 0 0 0 1
226 35 718.1662700981582 16.67 3 3 168 169
1 0 0 0 1 0 0 0 1
1 0 0 0 1 0 0 0 1
227 137 196.62666799046832 16.67 3 3 170 171
1 0 0 0 1 0 0 0 1
1 0 0 0 1 0 0 0 1
227 81 843.1799188075453 16.67 3 3 172 173
1 0 0 0 1 0 0 0 1
1 0 0 0 1 0 0 0 1
15 143 489.11536641756845 16.67 3 3 174 175
1 0 0 0 1 0 0 0 1
1 0 0 0 1 0 0 0 1
15 126 788.4151268524295 16.67 3 3 176 177
1 0 0 0 1 0 0 0 1
1 0 0 0 1 0 0 0 1
15 140 511.2068704061627 16.67 3 3 178 179
1 0 0 0 1 0 0 0 1
1 0 0 0 1 0 0 0 1
228 185 297.8409870578059 16.67 3 3 180 181
1 0 0 0 1 0 0 0 1
1 0 0 0 1 0 0 0 1
228 181 129.87321082665923 16.67 3 3 182 183
1 0 0 0 1 0 0 0 1
1 0 0 0 1 0 0 0 1
228 235 507.46458329217955 16.67 3 3 184 185
1 0 0 0 1 0 0 0 1
1 0 0 0 1 0 0 0 1
228 250 514.5521600115655 16.67 3 3 186 187
1 0 0 0 1 0 0 0 1
1 0 0 0 1 0 0 0 1
229 244 22.408450826726906 16.67 3 3 188 189
1 0 0 0 1 0 0 0 1
1 0 0 0 1 0 0 0 1
229 231 301.8912928558206 16.67 3 3 190 191
1 0 0 0 1 0 0 0 1
1 0 0 0 1 0 0 0 1
229 139 284.28990812580406 16.67 3 3 192 193
1 0 0 0 1 0 0 0 1
1 0 0 0 1 0 0 0 1
230 139 730.4018305774784 16.67 3 3 194 195
1 0 0 0 1 0 0 0 1
1 0 0 0 1 0 0 0 1
230 17 763.3822867516631 16.67 3 3 196 197
1 0 0 0 1 0 0 0 1
1 0 0 0 1 0 0 0 1
230 73 694.6271999364018 16.67 3 3 198 199
1 0 0 0 1 0 0 0 1
1 0 0 0 1 0 0 0 1
230 14 766.9832980964148 16.67 3 3 200 201
1 0 0 0 1 0 0 0 1
1 0 0 0 1 0 0 0 1
231 25 140.41190218927554 16.67 3 3 202 203
1 0 0 0 1 0 0 0 1
1 0 0 0 1 0 0 0 1
231 244 294.700840756865 16.67 3 3 204 205
1 0 0 0 1 0 0 0 1
1 0 0 0 1 0 0 0 1
231 162 150.94024378481083 16.67 3 3 206 207
1 0 0 0 1 0 0 0 1
1 0 0 0 1 0 0 0 1
232 158 1210.410846070724 16.67 3 3 208 209
1 0 0 0 1 0 0 0 1
1 0 0 0 1 0 0 0 1
232 242 413.76933629932466 16.67 3 3 210 211
1 0 0 0 1 0 0 0 1
1 0 0 0 1 0 0 0 1
232 63 440.1453896714416 16.67 3 3 212 213
1 0 0 0 1 0 0 0 1
1 0 0 0 1 0 0 0 1
232 84 32.0840969987242 16.67 3 3 214 215
1 0 0 0 1 0 0 0 1
1 0 0 0 1 0 0 0 1
233 234 1332.5054801172207 16.67 3 3 216 217
1 0 0 0 1 0 0 0 1
1 0 0 0 1 0 0 0 1
233 163 85.29014748281746 16.67 3 3 218 219
1 0 0 0 1 0 0 0 1
1 0 0 0 1 0 0 0 1
233 242 34.539245586075666 16.67 3 3 220 221
1 0 0 0 1 0 0 0 1
1 0 0 0 1 0 0 0 1
233 84 408.41803261026917 16.67 3 3 222 223
1 0 0 0 1 0 0 0 1
1 0 0 0 1 0 0 0 1
234 94 67.4565643604233 16.67 3 3 224 225
1 0 0 0 1 0 0 0 1
1 0 0 0 1 0 0 0 1
234 25 676.2357344011792 16.67 3 3 226 227
1 0 0 0 1 0 0 0 1
1 0 0 0 1 0 0 0 1
234 162 666.0931409651754 16.67 3 3 228 229
1 0 0 0 1 0 0 0 1
1 0 0 0 1 0 0 0 1
235 158 450.8779980519427 16.67 3 3 230 231
1 0 0 0 1 0 0 0 1
1 0 0 0 1 0 0 0 1
235 236 493.95853046276767 16.67 3 3 232 233
1 0 0 0 1 0 0 0 1
1 0 0 0 1 0 0 0 1
236 250 595.1962704802768 16.67 3 3 234 235
1 0 0 0 1 0 0 0 1
1 0 0 0 1 0 0 0 1
236 156 460.8013902449949 16.67 3 3 236 237
1 0 0 0 1 0 0 0 1
1 0 0 0 1 0 0 0 1
237 98 738.1882660490894 16.67 3 3 238 239
1 0 0 0 1 0 0 0 1
1 0 0 0 1 0 0 0 1
237 128 59.60054712035595 16.67 3 3 240 241
1 0 0 0 1 0 0 0 1
1 0 0 0 1 0 0 0 1
237 54 40.92194485439664 16.67 3 3 242 243
1 0 0 0 1 0 0 0 1
1 0 0 0 1 0 0 0 1
237 127 205.83010142834502 16.67 3 3 244 245
1 0 0 0 1 0 0 0 1
1 0 0 0 1 0 0 0 1
238 158 365.1234090414403 16.67 3 3 246 247
1 0 0 0 1 0 0 0 1
1 0 0 0 1 0 0 0 1
238 159 189.39226785163424 16.67 3 3 248 249
1 0 0 0 1 0 0 0 1
1 0 0 0 1 0 0 0 1
238 242 1168.9573185408747 16.67 3 3 250 251
1 0 0 0 1 0 0 0 1
1 0 0 0 1 0 0 0 1
239 181 423.16745539710047 16.67 3 3 252 253
1 0 0 0 1 0 0 0 1
1 0 0 0 1 0 0 0 1
240 157 955.6185765646097 16.67 3 3 254 255
1 0 0 0 1 0 0 0 1
1 0 0 0 1 0 0 0 1
240 166 954.7518601617008 16.67 3 3 256 257
1 0 0 0 1 0 0 0 1
1 0 0 0 1 0 0 0 1
240 246 397.5776994881573 16.67 3 3 258 259
1 0 0 0 1 0 0 0 1
1 0 0 0 1 0 0 0 1
241 48 80.74471256411427 16.67 3 3 260 261
1 0 0 0 1 0 0 0 1
1 0 0 0 1 0 0 0 1
241 243 39.245824070626675 16.67 3 3 262 263
1 0 0 0 1 0 0 0 1
1 0 0 0 1 0 0 0 1
241 49 48.93385837311819 16.67 3 3 264 265
1 0 0 0 1 0 0 0 1
1 0 0 0 1 0 0 0 1
87 119 1440.2361633884902 16.67 3 3 266 267
1 0 0 0 1 0 0 0 1
1 0 0 0 1 0 0 0 1
87 122 428.4398831719342 16.67 3 3 268 269
1 0 0 0 1 0 0 0 1
1 0 0 0 1 0 0 0 1
243 47 36.14328966485403 16.67 3 3 270 271
1 0 0 0 1 0 0 0 1
1 0 0 0 1 0 0 0 1
242 27 152.79923757034769 16.67 3 3 272 273
1 0 0 0 1 0 0 0 1
1 0 0 0 1 0 0 0 1
245 166 508.39637732815675 16.67 3 3 274 275
1 0 0 0 1 0 0 0 1
1 0 0 0 1 0 0 0 1
245 149 1355.7446310514945 16.67 3 3 276 277
1 0 0 0 1 0 0 0 1
1 0 0 0 1 0 0 0 1
245 110 632.3022153379238 16.67 3 3 278 279
1 0 0 0 1 0 0 0 1
1 0 0 0 1 0 0 0 1
246 247 902.2461416712789 16.67 3 3 280 281
1 0 0 0 1 0 0 0 1
1 0 0 0 1 0 0 0 1
246 136 866.5379964090263 16.67 3 3 282 283
1 0 0 0 1 0 0 0 1
1 0 0 0 1 0 0 0 1
246 189 580.1649322572113 16.67 3 3 284 285
1 0 0 0 1 0 0 0 1
1 0 0 0 1 0 0 0 1
247 157 274.95840054054406 16.67 3 3 286 287
1 0 0 0 1 0 0 0 1
1 0 0 0 1 0 0 0 1
247 193 488.42751730318275 16.67 3 3 288 289
1 0 0 0 1 0 0 0 1
1 0 0 0 1 0 0 0 1
247 197 377.2384435023134 16.67 3 3 290 291
1 0 0 0 1 0 0 0 1
1 0 0 0 1 0 0 0 1
250 192 447.93283448937837 16.67 3 3 292 293
1 0 0 0 1 0 0 0 1
1 0 0 0 1 0 0 0 1
250 105 149.42559228973596 16.67 3 3 294 295
1 0 0 0 1 0 0 0 1
1 0 0 0 1 0 0 0 1
251 172 179.0835050142528 16.67 3 3 296 297
1 0 0 0 1 0 0 0 1
1 0 0 0 1 0 0 0 1
251 177 529.9577217955298 16.67 3 3 298 299
1 0 0 0 1 0 0 0 1
1 0 0 0 1 0 0 0 1
251 108 455.90580259477684 16.67 3 3 300 301
1 0 0 0 1 0 0 0 1
1 0 0 0 1 0 0 0 1
252 30 275.92591725355027 16.67 3 3 302 303
1 0 0 0 1 0 0 0 1
1 0 0 0 1 0 0 0 1
252 172 640.527159089324 16.67 3 3 304 305
1 0 0 0 1 0 0 0 1
1 0 0 0 1 0 0 0 1
252 108 113.60411391036651 16.67 3 3 306 307
1 0 0 0 1 0 0 0 1
1 0 0 0 1 0 0 0 1
253 124 390.81558264671133 16.67 3 3 308 309
1 0 0 0 1 0 0 0 1
1 0 0 0 1 0 0 0 1
253 125 251.54956693760627 16.67 3 3 310 311
1 0 0 0 1 0 0 0 1
1 0 0 0 1 0 0 0 1
253 119 595.2983476342632 16.67 3 3 312 313
1 0 0 0 1 0 0 0 1
1 0 0 0 1 0 0 0 1
254 192 240.20903180094558 16.67 3 3 314 315
1 0 0 0 1 0 0 0 1
1 0 0 0 1 0 0 0 1
254 180 248.96598089011906 16.67 3 3 316 317
1 0 0 0 1 0 0 0 1
1 0 0 0 1 0 0 0 1
254 100 654.6353968260634 16.67 3 3 318 319
1 0 0 0 1 0 0 0 1
1 0 0 0 1 0 0 0 1
18 139 308.7211409210695 16.67 3 3 320 321
1 0 0 0 1 0 0 0 1
1 0 0 0 1 0 0 0 1
18 66 751.2248254012402 16.67 3 3 322 323
1 0 0 0 1 0 0 0 1
1 0 0 0 1 0 0 0 1
119 172 417.8850386491841 16.67 3 3 324 325
1 0 0 0 1 0 0 0 1
1 0 0 0 1 0 0 0 1
119 120 446.44537173960407 16.67 3 3 326 327
1 0 0 0 1 0 0 0 1
1 0 0 0 1 0 0 0 1
120 103 115.52536208947618 16.67 3 3 328 329
1 0 0 0 1 0 0 0 1
1 0 0 0 1 0 0 0 1
120 109 492.30656178477426 16.67 3 3 330 331
1 0 0 0 1 0 0 0 1
1 0 0 0 1 0 0 0 1
120 169 581.2786367950964 16.67 3 3 332 333
1 0 0 0 1 0 0 0 1
1 0 0 0 1 0 0 0 1
121 103 1081.3531304363446 16.67 3 3 334 335
1 0 0 0 1 0 0 0 1
1 0 0 0 1 0 0 0 1
121 26 159.8494117908385 16.67 3 3 336 337
1 0 0 0 1 0 0 0 1
1 0 0 0 1 0 0 0 1
121 122 106.26655716735746 16.67 3 3 338 339
1 0 0 0 1 0 0 0 1
1 0 0 0 1 0 0 0 1
121 123 410.14611248205216 16.67 3 3 340 341
1 0 0 0 1 0 0 0 1
1 0 0 0 1 0 0 0 1
122 124 470.87485517238923 16.67 3 3 342 343
1 0 0 0 1 0 0 0 1
1 0 0 0 1 0 0 0 1
123 124 174.3409727525751 16.67 3 3 344 345
1 0 0 0 1 0 0 0 1
1 0 0 0 1 0 0 0 1
123 125 410.2513674190322 16.67 3 3 346 347
1 0 0 0 1 0 0 0 1
1 0 0 0 1 0 0 0 1
125 103 260.9830924697866 16.67 3 3 348 349
1 0 0 0 1 0 0 0 1
1 0 0 0 1 0 0 0 1
50 151 401.3404894587413 16.67 3 3 350 351
1 0 0 0 1 0 0 0 1
1 0 0 0 1 0 0 0 1
8 67 397.59893830512914 16.67 3 3 352 353
1 0 0 0 1 0 0 0 1
1 0 0 0 1 0 0 0 1
8 78 210.27361122323464 16.67 3 3 354 355
1 0 0 0 1 0 0 0 1
1 0 0 0 1 0 0 0 1
8 7 396.23787224646105 16.67 3 3 356 357
1 0 0 0 1 0 0 0 1
1 0 0 0 1 0 0 0 1
88 115 195.78437514283556 16.67 3 3 358 359
1 0 0 0 1 0 0 0 1
1 0 0 0 1 0 0 0 1
88 89 242.2044631992216 16.67 3 3 360 361
1 0 0 0 1 0 0 0 1
1 0 0 0 1 0 0 0 1
88 116 534.3834858968373 16.67 3 3 362 363
1 0 0 0 1 0 0 0 1
1 0 0 0 1 0 0 0 1
51 45 602.4300073432512 16.67 3 3 364 365
1 0 0 0 1 0 0 0 1
1 0 0 0 1 0 0 0 1
51 52 43.19027030119913 16.67 3 3 366 367
1 0 0 0 1 0 0 0 1
1 0 0 0 1 0 0 0 1
51 151 444.5433488461152 16.67 3 3 368 369
1 0 0 0 1 0 0 0 1
1 0 0 0 1 0 0 0 1
41 118 158.3013021218138 16.67 3 3 370 371
1 0 0 0 1 0 0 0 1
1 0 0 0 1 0 0 0 1
41 29 4936.19651019448 16.67 3 3 372 373
1 0 0 0 1 0 0 0 1
1 0 0 0 1 0 0 0 1
41 40 320.94425831629763 16.67 3 3 374 375
1 0 0 0 1 0 0 0 1
1 0 0 0 1 0 0 0 1
32 102 334.78756011719963 16.67 3 3 376 377
1 0 0 0 1 0 0 0 1
1 0 0 0 1 0 0 0 1
32 188 397.92234972476246 16.67 3 3 378 379
1 0 0 0 1 0 0 0 1
1 0 0 0 1 0 0 0 1
42 43 196.4068983213022 16.67 3 3 380 381
1 0 0 0 1 0 0 0 1
1 0 0 0 1 0 0 0 1
42 28 4868.378002769312 16.67 3 3 382 383
1 0 0 0 1 0 0 0 1
1 0 0 0 1 0 0 0 1
89 170 667.521429156273 16.67 3 3 384 385
1 0 0 0 1 0 0 0 1
1 0 0 0 1 0 0 0 1
89 190 601.9713524051105 16.67 3 3 386 387
1 0 0 0 1 0 0 0 1
1 0 0 0 1 0 0 0 1
54 55 52.27131148111983 16.67 3 3 388 389
1 0 0 0 1 0 0 0 1
1 0 0 0 1 0 0 0 1
54 95 903.0227342470333 16.67 3 3 390 391
1 0 0 0 1 0 0 0 1
1 0 0 0 1 0 0 0 1
177 172 678.9742959188396 16.67 3 3 392 393
1 0 0 0 1 0 0 0 1
1 0 0 0 1 0 0 0 1
177 168 20.704081087060015 16.67 3 3 394 395
1 0 0 0 1 0 0 0 1
1 0 0 0 1 0 0 0 1
55 118 235.002516463391 16.67 3 3 396 397
1 0 0 0 1 0 0 0 1
1 0 0 0 1 0 0 0 1
55 128 40.45860931856596 16.67 3 3 398 399
1 0 0 0 1 0 0 0 1
1 0 0 0 1 0 0 0 1
71 75 866.8331619716672 16.67 3 3 400 401
1 0 0 0 1 0 0 0 1
1 0 0 0 1 0 0 0 1
72 76 402.74947689901825 16.67 3 3 402 403
1 0 0 0 1 0 0 0 1
1 0 0 0 1 0 0 0 1
72 176 340.28797120303 16.67 3 3 404 405
1 0 0 0 1 0 0 0 1
1 0 0 0 1 0 0 0 1
72 187 485.3305698991904 16.67 3 3 406 407
1 0 0 0 1 0 0 0 1
1 0 0 0 1 0 0 0 1
25 161 177.22668156727462 16.67 3 3 408 409
1 0 0 0 1 0 0 0 1
1 0 0 0 1 0 0 0 1
31 152 754.0524982690156 16.67 3 3 410 411
1 0 0 0 1 0 0 0 1
1 0 0 0 1 0 0 0 1
31 153 479.8415085209227 16.67 3 3 412 413
1 0 0 0 1 0 0 0 1
1 0 0 0 1 0 0 0 1
31 2 374.20149393053526 16.67 3 3 414 415
1 0 0 0 1 0 0 0 1
1 0 0 0 1 0 0 0 1
128 39 220.58837228095297 16.67 3 3 416 417
1 0 0 0 1 0 0 0 1
1 0 0 0 1 0 0 0 1
192 180 23.292835720277296 16.67 3 3 418 419
1 0 0 0 1 0 0 0 1
1 0 0 0 1 0 0 0 1
192 197 459.7870907417832 16.67 3 3 420 421
1 0 0 0 1 0 0 0 1
1 0 0 0 1 0 0 0 1
11 179 770.0400811272436 16.67 3 3 422 423
1 0 0 0 1 0 0 0 1
1 0 0 0 1 0 0 0 1
11 74 471.5766514706185 16.67 3 3 424 425
1 0 0 0 1 0 0 0 1
1 0 0 0 1 0 0 0 1
11 184 503.91379476975555 16.67 3 3 426 427
1 0 0 0 1 0 0 0 1
1 0 0 0 1 0 0 0 1
105 186 209.1112900459692 16.67 3 3 428 429
1 0 0 0 1 0 0 0 1
1 0 0 0 1 0 0 0 1
35 67 187.11190616747461 16.67 3 3 430 431
1 0 0 0 1 0 0 0 1
1 0 0 0 1 0 0 0 1
198 34 585.7171390820341 16.67 3 3 432 433
1 0 0 0 1 0 0 0 1
1 0 0 0 1 0 0 0 1
198 130 230.45790267617653 16.67 3 3 434 435
1 0 0 0 1 0 0 0 1
1 0 0 0 1 0 0 0 1
198 155 707.5257697603798 16.67 3 3 436 437
1 0 0 0 1 0 0 0 1
1 0 0 0 1 0 0 0 1
198 187 1255.712864861876 16.67 3 3 438 439
1 0 0 0 1 0 0 0 1
1 0 0 0 1 0 0 0 1
100 193 203.30775524204714 16.67 3 3 440 441
1 0 0 0 1 0 0 0 1
1 0 0 0 1 0 0 0 1
100 106 850.0531561550773 16.67 3 3 442 443
1 0 0 0 1 0 0 0 1
1 0 0 0 1 0 0 0 1
4 134 1155.184375797522 16.67 3 3 444 445
1 0 0 0 1 0 0 0 1
1 0 0 0 1 0 0 0 1
4 131 125.86260585188155 16.67 3 3 446 447
1 0 0 0 1 0 0 0 1
1 0 0 0 1 0 0 0 1
4 168 119.63957642845 16.67 3 3 448 449
1 0 0 0 1 0 0 0 1
1 0 0 0 1 0 0 0 1
44 45 40.30539783146375 16.67 3 3 450 451
1 0 0 0 1 0 0 0 1
1 0 0 0 1 0 0 0 1
44 137 940.19310524092 16.67 3 3 452 453
1 0 0 0 1 0 0 0 1
1 0 0 0 1 0 0 0 1
45 47 387.95122301096114 16.67 3 3 454 455
1 0 0 0 1 0 0 0 1
1 0 0 0 1 0 0 0 1
45 46 341.2284687960826 16.67 3 3 456 457
1 0 0 0 1 0 0 0 1
1 0 0 0 1 0 0 0 1
106 188 681.4580865534551 16.67 3 3 458 459
1 0 0 0 1 0 0 0 1
1 0 0 0 1 0 0 0 1
106 189 182.49427346372323 16.67 3 3 460 461
1 0 0 0 1 0 0 0 1
1 0 0 0 1 0 0 0 1
93 142 1244.4285890341216 16.67 3 3 462 463
1 0 0 0 1 0 0 0 1
1 0 0 0 1 0 0 0 1
93 143 432.64860903366485 16.67 3 3 464 465
1 0 0 0 1 0 0 0 1
1 0 0 0 1 0 0 0 1
93 91 89.95683773604755 16.67 3 3 466 467
1 0 0 0 1 0 0 0 1
1 0 0 0 1 0 0 0 1
93 141 23.30683220585185 16.67 3 3 468 469
1 0 0 0 1 0 0 0 1
1 0 0 0 1 0 0 0 1
57 76 333.6848644739518 16.67 3 3 470 471
1 0 0 0 1 0 0 0 1
1 0 0 0 1 0 0 0 1
57 176 401.85111138187216 16.67 3 3 472 473
1 0 0 0 1 0 0 0 1
1 0 0 0 1 0 0 0 1
57 173 461.75682269365694 16.67 3 3 474 475
1 0 0 0 1 0 0 0 1
1 0 0 0 1 0 0 0 1
130 33 1239.9669982897346 16.67 3 3 476 477
1 0 0 0 1 0 0 0 1
1 0 0 0 1 0 0 0 1
130 153 590.4332335656535 16.67 3 3 478 479
1 0 0 0 1 0 0 0 1
1 0 0 0 1 0 0 0 1
130 53 656.5028947601093 16.67 3 3 480 481
1 0 0 0 1 0 0 0 1
1 0 0 0 1 0 0 0 1
58 60 29.087460688207543 16.67 3 3 482 483
1 0 0 0 1 0 0 0 1
1 0 0 0 1 0 0 0 1
58 79 789.2865145325255 16.67 3 3 484 485
1 0 0 0 1 0 0 0 1
1 0 0 0 1 0 0 0 1
58 138 389.633587314167 16.67 3 3 486 487
1 0 0 0 1 0 0 0 1
1 0 0 0 1 0 0 0 1
58 164 852.253822961573 16.67 3 3 488 489
1 0 0 0 1 0 0 0 1
1 0 0 0 1 0 0 0 1
59 65 438.32378163395674 16.67 3 3 490 491
1 0 0 0 1 0 0 0 1
1 0 0 0 1 0 0 0 1
59 68 270.16056737668487 16.67 3 3 492 493
1 0 0 0 1 0 0 0 1
1 0 0 0 1 0 0 0 1
59 64 168.71432390163324 16.67 3 3 494 495
1 0 0 0 1 0 0 0 1
1 0 0 0 1 0 0 0 1
131 5 325.87204505114084 16.67 3 3 496 497
1 0 0 0 1 0 0 0 1
1 0 0 0 1 0 0 0 1
131 132 469.878431797042 16.67 3 3 498 499
1 0 0 0 1 0 0 0 1
1 0 0 0 1 0 0 0 1
132 6 500.82492855984066 16.67 3 3 500 501
1 0 0 0 1 0 0 0 1
1 0 0 0 1 0 0 0 1
133 134 518.2075602818878 16.67 3 3 502 503
1 0 0 0 1 0 0 0 1
1 0 0 0 1 0 0 0 1
133 3 286.61974739004023 16.67 3 3 504 505
1 0 0 0 1 0 0 0 1
1 0 0 0 1 0 0 0 1
133 154 191.85983456139152 16.67 3 3 506 507
1 0 0 0 1 0 0 0 1
1 0 0 0 1 0 0 0 1
60 78 306.67799262863855 16.67 3 3 508 509
1 0 0 0 1 0 0 0 1
1 0 0 0 1 0 0 0 1
60 138 380.25535939215683 16.67 3 3 510 511
1 0 0 0 1 0 0 0 1
1 0 0 0 1 0 0 0 1
60 165 851.7649432153341 16.67 3 3 512 513
1 0 0 0 1 0 0 0 1
1 0 0 0 1 0 0 0 1
134 152 320.5265769037375 16.67 3 3 514 515
1 0 0 0 1 0 0 0 1
1 0 0 0 1 0 0 0 1
135 136 661.885134220866 16.67 3 3 516 517
1 0 0 0 1 0 0 0 1
1 0 0 0 1 0 0 0 1
135 145 451.2988908071809 16.67 3 3 518 519
1 0 0 0 1 0 0 0 1
1 0 0 0 1 0 0 0 1
135 189 721.1880118149105 16.67 3 3 520 521
1 0 0 0 1 0 0 0 1
1 0 0 0 1 0 0 0 1
136 166 401.57911305504456 16.67 3 3 522 523
1 0 0 0 1 0 0 0 1
1 0 0 0 1 0 0 0 1
136 146 798.2886363751638 16.67 3 3 524 525
1 0 0 0 1 0 0 0 1
1 0 0 0 1 0 0 0 1
61 75 306.0092321483715 16.67 3 3 526 527
1 0 0 0 1 0 0 0 1
1 0 0 0 1 0 0 0 1
138 179 346.80188733420505 16.67 3 3 528 529
1 0 0 0 1 0 0 0 1
1 0 0 0 1 0 0 0 1
138 7 530.5868690461161 16.67 3 3 530 531
1 0 0 0 1 0 0 0 1
1 0 0 0 1 0 0 0 1
140 175 776.617848810761 16.67 3 3 532 533
1 0 0 0 1 0 0 0 1
1 0 0 0 1 0 0 0 1
140 74 415.9670720600953 16.67 3 3 534 535
1 0 0 0 1 0 0 0 1
1 0 0 0 1 0 0 0 1
140 173 534.7061081421974 16.67 3 3 536 537
1 0 0 0 1 0 0 0 1
1 0 0 0 1 0 0 0 1
141 143 447.23271791587143 16.67 3 3 538 539
1 0 0 0 1 0 0 0 1
1 0 0 0 1 0 0 0 1
141 56 218.70624412271684 16.67 3 3 540 541
1 0 0 0 1 0 0 0 1
1 0 0 0 1 0 0 0 1
141 12 407.6036354328768 16.67 3 3 542 543
1 0 0 0 1 0 0 0 1
1 0 0 0 1 0 0 0 1
142 176 935.5051168110998 16.67 3 3 544 545
1 0 0 0 1 0 0 0 1
1 0 0 0 1 0 0 0 1
143 10 156.08281360461731 16.67 3 3 546 547
1 0 0 0 1 0 0 0 1
1 0 0 0 1 0 0 0 1
33 187 215.21589871658023 16.67 3 3 548 549
1 0 0 0 1 0 0 0 1
1 0 0 0 1 0 0 0 1
33 176 610.8990401897331 16.67 3 3 550 551
1 0 0 0 1 0 0 0 1
1 0 0 0 1 0 0 0 1
109 170 586.1457328661311 16.67 3 3 552 553
1 0 0 0 1 0 0 0 1
1 0 0 0 1 0 0 0 1
109 90 509.1251088965721 16.67 3 3 554 555
1 0 0 0 1 0 0 0 1
1 0 0 0 1 0 0 0 1
109 191 599.7849857960678 16.67 3 3 556 557
1 0 0 0 1 0 0 0 1
1 0 0 0 1 0 0 0 1
145 19 487.4330167089197 16.67 3 3 558 559
1 0 0 0 1 0 0 0 1
1 0 0 0 1 0 0 0 1
145 189 1172.3104231261514 16.67 3 3 560 561
1 0 0 0 1 0 0 0 1
1 0 0 0 1 0 0 0 1
145 190 889.3293647196564 16.67 3 3 562 563
1 0 0 0 1 0 0 0 1
1 0 0 0 1 0 0 0 1
146 19 335.6764560555148 16.67 3 3 564 565
1 0 0 0 1 0 0 0 1
1 0 0 0 1 0 0 0 1
146 147 817.3023585509328 16.67 3 3 566 567
1 0 0 0 1 0 0 0 1
1 0 0 0 1 0 0 0 1
147 167 665.2771951191553 16.67 3 3 568 569
1 0 0 0 1 0 0 0 1
1 0 0 0 1 0 0 0 1
147 190 760.5549034556552 16.67 3 3 570 571
1 0 0 0 1 0 0 0 1
1 0 0 0 1 0 0 0 1
148 85 228.68523427499088 16.67 3 3 572 573
1 0 0 0 1 0 0 0 1
1 0 0 0 1 0 0 0 1
148 22 394.53716620707087 16.67 3 3 574 575
1 0 0 0 1 0 0 0 1
1 0 0 0 1 0 0 0 1
148 150 335.8254738158101 16.67 3 3 576 577
1 0 0 0 1 0 0 0 1
1 0 0 0 1 0 0 0 1
148 96 234.51733663356538 16.67 3 3 578 579
1 0 0 0 1 0 0 0 1
1 0 0 0 1 0 0 0 1
149 23 499.6398317993399 16.67 3 3 580 581
1 0 0 0 1 0 0 0 1
1 0 0 0 1 0 0 0 1
149 150 414.1948228726833 16.67 3 3 582 583
1 0 0 0 1 0 0 0 1
1 0 0 0 1 0 0 0 1
150 24 504.84723207560626 16.67 3 3 584 585
1 0 0 0 1 0 0 0 1
1 0 0 0 1 0 0 0 1
152 99 422.3283559462331 16.67 3 3 586 587
1 0 0 0 1 0 0 0 1
1 0 0 0 1 0 0 0 1
152 153 1233.6627507512833 16.67 3 3 588 589
1 0 0 0 1 0 0 0 1
1 0 0 0 1 0 0 0 1
153 13 796.7831179543238 16.67 3 3 590 591
1 0 0 0 1 0 0 0 1
1 0 0 0 1 0 0 0 1
65 83 116.17716423109152 16.67 3 3 592 593
1 0 0 0 1 0 0 0 1
1 0 0 0 1 0 0 0 1
65 68 262.1509160841538 16.67 3 3 594 595
1 0 0 0 1 0 0 0 1
1 0 0 0 1 0 0 0 1
154 34 474.39999953030065 16.67 3 3 596 597
1 0 0 0 1 0 0 0 1
1 0 0 0 1 0 0 0 1
154 188 418.6781534258417 16.67 3 3 598 599
1 0 0 0 1 0 0 0 1
1 0 0 0 1 0 0 0 1
154 113 427.20157876242746 16.67 3 3 600 601
1 0 0 0 1 0 0 0 1
1 0 0 0 1 0 0 0 1
155 188 678.1784172672898 16.67 3 3 602 603
1 0 0 0 1 0 0 0 1
1 0 0 0 1 0 0 0 1
66 249 346.3679938127318 16.67 3 3 604 605
1 0 0 0 1 0 0 0 1
1 0 0 0 1 0 0 0 1
157 178 331.19227652522613 16.67 3 3 606 607
1 0 0 0 1 0 0 0 1
1 0 0 0 1 0 0 0 1
158 36 1393.9494871514607 16.67 3 3 608 609
1 0 0 0 1 0 0 0 1
1 0 0 0 1 0 0 0 1
156 197 227.00113950184817 16.67 3 3 610 611
1 0 0 0 1 0 0 0 1
1 0 0 0 1 0 0 0 1
156 178 28.6540580749801 16.67 3 3 612 613
1 0 0 0 1 0 0 0 1
1 0 0 0 1 0 0 0 1
160 162 137.49316726853982 16.67 3 3 614 615
1 0 0 0 1 0 0 0 1
1 0 0 0 1 0 0 0 1
160 104 2398.0423847775896 16.67 3 3 616 617
1 0 0 0 1 0 0 0 1
1 0 0 0 1 0 0 0 1
160 161 66.0583238115989 16.67 3 3 618 619
1 0 0 0 1 0 0 0 1
1 0 0 0 1 0 0 0 1
161 75 352.6277419081041 16.67 3 3 620 621
1 0 0 0 1 0 0 0 1
1 0 0 0 1 0 0 0 1
68 78 850.9268297995055 16.67 3 3 622 623
1 0 0 0 1 0 0 0 1
1 0 0 0 1 0 0 0 1
68 165 282.9369080843971 16.67 3 3 624 625
1 0 0 0 1 0 0 0 1
1 0 0 0 1 0 0 0 1
63 62 527.5730875793105 16.67 3 3 626 627
1 0 0 0 1 0 0 0 1
1 0 0 0 1 0 0 0 1
63 164 285.356359117488 16.67 3 3 628 629
1 0 0 0 1 0 0 0 1
1 0 0 0 1 0 0 0 1
69 80 261.87209376473254 16.67 3 3 630 631
1 0 0 0 1 0 0 0 1
1 0 0 0 1 0 0 0 1
69 196 445.1288672485098 16.67 3 3 632 633
1 0 0 0 1 0 0 0 1
1 0 0 0 1 0 0 0 1
164 77 798.694146763713 16.67 3 3 634 635
1 0 0 0 1 0 0 0 1
1 0 0 0 1 0 0 0 1
164 165 45.72796711501501 16.67 3 3 636 637
1 0 0 0 1 0 0 0 1
1 0 0 0 1 0 0 0 1
126 175 516.2271408690792 16.67 3 3 638 639
1 0 0 0 1 0 0 0 1
1 0 0 0 1 0 0 0 1
166 101 436.55523335096336 16.67 3 3 640 641
1 0 0 0 1 0 0 0 1
1 0 0 0 1 0 0 0 1
70 186 158.45665541550315 16.67 3 3 642 643
1 0 0 0 1 0 0 0 1
1 0 0 0 1 0 0 0 1
167 20 186.49478408452762 16.67 3 3 644 645
1 0 0 0 1 0 0 0 1
1 0 0 0 1 0 0 0 1
167 248 532.6338955665964 16.67 3 3 646 647
1 0 0 0 1 0 0 0 1
1 0 0 0 1 0 0 0 1
167 112 189.72699656887877 16.67 3 3 648 649
1 0 0 0 1 0 0 0 1
1 0 0 0 1 0 0 0 1
168 1 896.268690007971 16.67 3 3 650 651
1 0 0 0 1 0 0 0 1
1 0 0 0 1 0 0 0 1
169 170 501.1375375638797 16.67 3 3 652 653
1 0 0 0 1 0 0 0 1
1 0 0 0 1 0 0 0 1
170 171 597.7582596718107 16.67 3 3 654 655
1 0 0 0 1 0 0 0 1
1 0 0 0 1 0 0 0 1
171 190 661.6148360914137 16.67 3 3 656 657
1 0 0 0 1 0 0 0 1
1 0 0 0 1 0 0 0 1
171 191 588.7528964366269 16.67 3 3 658 659
1 0 0 0 1 0 0 0 1
1 0 0 0 1 0 0 0 1
19 144 505.92542594539583 16.67 3 3 660 661
1 0 0 0 1 0 0 0 1
1 0 0 0 1 0 0 0 1
73 16 770.5731165878515 16.67 3 3 662 663
1 0 0 0 1 0 0 0 1
1 0 0 0 1 0 0 0 1
73 196 710.6773658966938 16.67 3 3 664 665
1 0 0 0 1 0 0 0 1
1 0 0 0 1 0 0 0 1
174 175 23.295847587861736 16.67 3 3 666 667
1 0 0 0 1 0 0 0 1
1 0 0 0 1 0 0 0 1
76 183 475.3798187053954 16.67 3 3 668 669
1 0 0 0 1 0 0 0 1
1 0 0 0 1 0 0 0 1
77 82 121.4562847838608 16.67 3 3 670 671
1 0 0 0 1 0 0 0 1
1 0 0 0 1 0 0 0 1
46 117 48.67827970976889 16.67 3 3 672 673
1 0 0 0 1 0 0 0 1
1 0 0 0 1 0 0 0 1
178 197 248.10210618935912 16.67 3 3 674 675
1 0 0 0 1 0 0 0 1
1 0 0 0 1 0 0 0 1
179 182 1253.0007395125829 16.67 3 3 676 677
1 0 0 0 1 0 0 0 1
1 0 0 0 1 0 0 0 1
181 185 262.03884367763317 16.67 3 3 678 679
1 0 0 0 1 0 0 0 1
1 0 0 0 1 0 0 0 1
182 196 926.4915478601666 16.67 3 3 680 681
1 0 0 0 1 0 0 0 1
1 0 0 0 1 0 0 0 1
183 187 439.87332149469694 16.67 3 3 682 683
1 0 0 0 1 0 0 0 1
1 0 0 0 1 0 0 0 1
183 184 483.67383189420553 16.67 3 3 684 685
1 0 0 0 1 0 0 0 1
1 0 0 0 1 0 0 0 1
48 92 333.1786870421042 16.67 3 3 686 687
1 0 0 0 1 0 0 0 1
1 0 0 0 1 0 0 0 1
48 49 87.68156488160679 16.67 3 3 688 689
1 0 0 0 1 0 0 0 1
1 0 0 0 1 0 0 0 1
180 193 537.1628186365267 16.67 3 3 690 691
1 0 0 0 1 0 0 0 1
1 0 0 0 1 0 0 0 1
184 194 608.7732199481031 16.67 3 3 692 693
1 0 0 0 1 0 0 0 1
1 0 0 0 1 0 0 0 1
191 86 506.0724329145423 16.67 3 3 694 695
1 0 0 0 1 0 0 0 1
1 0 0 0 1 0 0 0 1
191 21 568.9024332933318 16.67 3 3 696 697
1 0 0 0 1 0 0 0 1
1 0 0 0 1 0 0 0 1
7 9 562.7056051290962 16.67 3 3 698 699
1 0 0 0 1 0 0 0 1
1 0 0 0 1 0 0 0 1
173
4 444 446 -1 448
7 698 357 531 -1
8 352 -1 354 356
11 422 -1 426 424
15 176 178 174 -1
19 559 565 660 -1
25 -1 227 408 203
31 412 -1 410 414
33 -1 548 477 550
35 -1 155 169 430
41 -1 370 372 374
42 -1 382 49 380
44 -1 452 71 450
45 451 454 365 456
46 -1 59 457 672
47 -1 271 61 455
48 686 -1 688 261
50 91 -1 85 350
51 364 368 366 -1
54 388 51 390 243
55 -1 396 389 398
57 474 470 472 -1
58 482 488 484 486
59 490 494 127 492
60 508 512 483 510
63 129 213 626 628
65 -1 491 594 592
67 157 431 353 -1
68 595 493 624 622
69 -1 632 103 630
70 642 -1 9 95
72 402 406 -1 404
73 662 199 -1 664
74 125 425 143 535
75 621 -1 401 527
76 141 668 403 471
77 635 111 -1 670
78 355 623 509 -1
79 485 135 113 -1
84 -1 223 215 131
88 362 -1 360 358
89 361 386 384 -1
93 468 464 462 466
100 319 440 442 27
103 329 -1 335 349
106 443 460 -1 458
107 117 93 -1 17
109 552 556 554 331
118 397 83 -1 371
119 324 326 313 267
120 332 330 328 327
121 340 334 336 338
122 342 339 -1 269
123 346 -1 341 344
124 309 345 343 -1
125 348 -1 347 311
126 -1 638 177 87
128 -1 399 241 416
130 476 435 480 478
131 496 498 -1 447
132 500 23 -1 499
133 -1 506 504 502
134 -1 503 445 514
135 520 516 518 -1
136 283 522 524 517
137 453 171 -1 89
138 530 511 487 528
139 195 321 193 -1
140 532 534 536 179
141 542 538 469 540
143 539 175 546 465
145 519 558 562 560
146 525 -1 566 564
147 567 -1 568 570
148 576 574 578 572
149 277 580 582 -1
150 583 584 577 -1
151 65 77 351 369
152 411 588 515 586
153 590 479 589 413
154 596 598 600 507
155 29 -1 602 437
156 237 -1 612 610
157 606 -1 255 287
158 209 247 608 231
160 616 -1 618 614
161 619 -1 620 409
162 -1 615 229 207
164 636 629 634 489
165 625 133 637 513
166 257 275 640 523
167 569 646 648 644
168 -1 449 395 650
169 81 652 333 -1
170 385 654 553 653
171 656 -1 658 655
172 297 393 325 305
173 537 145 475 -1
175 667 123 533 639
176 473 405 551 545
177 394 19 299 392
178 613 -1 607 674
179 676 529 423 121
180 419 -1 690 317
181 167 678 183 253
182 680 161 677 105
183 684 15 682 669
184 427 692 685 147
185 165 -1 181 679
186 -1 429 7 643
187 407 683 439 549
188 603 459 379 599
189 461 285 521 561
190 563 571 657 387
191 659 696 694 557
192 293 420 418 315
193 691 289 -1 441
194 -1 115 11 693
196 -1 665 681 633
197 611 675 291 421
198 438 436 432 434
199 8 6 4 2
200 10 16 12 14
201 18 20 24 22
202 3 26 28 -1
203 34 36 30 32
204 42 40 38 -1
205 33 46 43 44
206 48 52 -1 50
207 58 54 -1 56
208 60 62 64 -1
209 66 -1 68 70
210 72 74 76 -1
213 84 86 53 82
214 57 88 90 75
215 96 -1 94 92
216 102 104 100 98
217 106 -1 108 110
218 112 118 116 114
219 101 120 124 122
220 126 130 128 132
221 138 -1 136 134
222 142 146 140 144
223 148 150 152 154
224 158 162 156 160
225 137 151 164 166
226 153 -1 139 168
227 172 99 55 170
228 180 184 186 182
229 192 190 188 163
230 200 196 194 198
231 191 206 202 204
232 214 210 208 212
233 216 218 220 222
234 228 224 217 226
235 109 230 232 185
236 233 -1 236 234
237 240 242 238 244
238 250 248 35 246
239 -1 252 97 119
240 254 45 256 258
241 260 264 73 262
242 221 272 251 211
243 69 263 63 270
244 189 205 149 159
245 39 278 276 274
246 280 259 282 284
247 290 286 281 288
250 187 235 292 294
251 298 296 -1 300
252 306 304 -1 302
253 312 310 308 -1
254 314 316 318 5
