320
1 3600 732
3
477 329 324
1 3600 30
8
477 329 326 315 316 141 144 225
1 3600 878
9
475 329 326 315 316 141 144 225 226
1 3600 878
17
477 329 326 315 312 449 347 161 164 398 283 278 209 210 19 16 446
1 3600 878
18
325 326 117 114 45 46 520 249 133 126 203 198 395 396 385 386 69 70
1 3600 313
5
325 326 315 312 449
1 3600 418
10
475 329 326 315 316 322 349 346 43 48
1 3600 878
15
475 329 326 117 114 268 408 31 28 442 393 181 186 405 402
1 3600 878
20
325 326 315 316 322 163 164 398 301 129 132 189 183 184 365 366 436 355 350 388
1 3600 516
10
325 326 315 312 449 43 44 123 120 469
1 3600 878
6
325 326 117 114 268 155
1 3600 878
18
477 329 326 315 316 141 144 225 228 398 301 129 132 189 183 184 432 167
1 3600 878
21
475 329 326 315 312 449 43 48 408 490 441 191 183 184 432 533 67 64 287 284 530
1 3600 878
13
477 329 326 117 114 268 408 488 487 482 215 216 222
1 3600 878
17
325 326 315 312 449 43 44 123 85 82 94 176 215 216 220 259 256
1 3600 878
23
325 326 315 316 322 163 164 398 301 129 132 189 183 184 432 167 168 270 274 231 232 303 195
1 3600 76
6
145 140 317 314 327 324
1 3600 111
5
143 140 317 314 452
1 3600 111
7
419 225 228 165 160 346 448
1 3600 108
4
225 228 398 283
1 3600 108
4
228 398 283 280
1 3600 142
10
143 140 322 163 164 398 283 278 345 331
1 3600 438
14
143 144 225 228 398 301 129 126 203 200 213 210 23 5
1 3600 63
8
314 117 114 45 48 155 125 120
1 3600 111
8
315 312 449 43 46 520 249 133
1 3600 111
11
419 145 140 322 349 346 43 46 337 151 146
1 3600 204
15
329 326 117 114 268 408 31 28 442 393 181 186 381 369 366
1 3600 488
14
117 114 123 120 157 158 414 137 134 492 107 110 412 265
1 3600 274
12
419 145 140 322 349 346 43 48 155 91 92 172
1 3600 292
6
322 349 346 43 44 123
1 3600 302
4
114 268 408 31
1 3600 878
13
144 225 228 398 301 129 132 248 441 442 393 181 184
1 3600 878
14
329 326 315 312 449 43 48 408 488 487 482 215 216 222
1 3600 878
16
117 114 45 46 520 441 191 183 184 432 533 67 64 239 193 196
1 3600 878
14
311 312 449 43 48 408 488 435 432 533 67 62 303 195
1 3600 878
10
282 399 165 162 323 317 314 327 328 474
1 3600 25
6
282 399 165 160 346 448
1 3600 438
4
282 399 229 226
1 3600 32
5
278 345 331 73 74
1 3600 244
7
278 345 331 73 76 9 6
1 3600 266
10
227 228 398 301 129 126 203 200 415 159
1 3600 50
3
282 399 165
1 3600 120
9
227 228 398 301 129 126 203 198 395
1 3600 338
11
278 209 210 19 20 32 444 411 412 371 372
1 3600 878
12
278 209 212 415 159 156 121 124 91 94 176 471
1 3600 732
13
278 345 15 16 444 397 109 104 407 363 364 434 153
1 3600 488
8
227 228 398 301 129 132 189 190
1 3600 878
16
278 345 15 20 34 243 240 139 134 492 401 404 381 369 366 438
1 3600 878
17
227 224 145 140 322 349 346 43 44 123 85 82 94 176 215 216 222
1 3600 878
14
282 301 129 132 189 183 184 432 167 170 277 274 338 259
1 3600 878
10
282 301 129 132 248 521 47 44 115 112
1 3600 878
21
9 6 103 96 375 370 430 383 380 187 180 392 443 29 30 409 269 115 116 327 324
1 3600 123
16
18 211 212 201 202 127 132 248 491 409 49 42 448 313 314 327
1 3600 60
16
75 72 330 15 16 444 397 394 199 202 127 128 300 399 229 226
1 3600 78
3
34 243 240
1 3600 83
9
209 210 23 5 2 10 428 53 54
1 3600 83
8
19 20 25 5 2 10 69 70
1 3600 83
6
331 73 76 9 6 386
1 3600 83
4
385 7 8 78
1 3600 83
4
447 444 411 101
1 3600 516
14
447 444 397 109 106 401 404 187 182 190 440 521 47 42
1 3600 62
6
344 279 282 399 165 160
1 3600 65
10
9 6 103 96 57 58 267 262 363 366
1 3600 65
8
72 330 15 18 211 212 201 202
1 3600 59
12
19 16 444 411 111 104 383 369 366 436 355 352
1 3600 878
7
139 136 415 159 156 469 341
1 3600 732
9
18 211 212 415 159 156 121 124 152
1 3600 338
15
24 32 444 397 109 104 407 363 366 438 522 167 170 273 270
1 3600 438
9
134 492 401 404 381 369 364 432 523
1 3600 878
14
212 201 202 127 132 248 491 488 487 482 471 465 251 247
1 3600 878
20
76 9 6 103 100 412 265 262 363 366 438 522 533 67 62 233 234 259 256 526
1 3600 878
9
208 279 282 399 165 160 346 448 450
1 3600 878
24
13 10 428 53 37 40 373 370 430 383 380 187 180 392 443 29 30 409 269 115 116 327 328 474
1 3600 418
17
517 514 437 367 364 185 182 190 440 521 47 42 347 348 323 317 310
1 3600 488
16
499 353 354 437 367 362 263 264 413 410 445 17 14 344 279 280
1 3600 125
5
13 3 4 24 34
1 3600 125
5
387 384 445 33 21
1 3600 125
18
499 500 510 509 497 389 351 354 437 367 368 382 105 108 396 445 33 25
1 3600 125
4
97 102 7 8
1 3600 125
19
499 353 354 437 367 368 380 405 400 493 135 138 241 242 35 21 14 331 73
1 3600 125
4
384 445 446 243
1 3600 125
7
52 429 11 3 8 77 74
1 3600 133
4
6 103 98 494
1 3600 133
5
99 102 7 8 80
1 3600 878
14
517 514 437 367 364 185 180 392 443 29 30 409 49 42
1 3600 195
11
387 384 397 394 199 202 127 132 248 521 337
1 3600 132
8
51 54 356 97 100 111 106 401
1 3600 132
5
71 68 387 384 397
1 3600 132
14
13 10 428 53 37 40 267 262 363 366 436 355 350 291
1 3600 132
10
81 77 72 330 15 20 32 444 411 412
1 3600 132
16
375 370 430 383 369 366 436 355 350 390 297 294 496 508 511 501
1 3600 132
12
96 57 58 267 262 363 366 436 355 350 390 297
1 3600 132
6
6 103 96 357 61 58
1 3600 878
12
56 375 370 430 383 380 187 184 434 153 91 92
1 3600 878
15
103 100 111 106 401 404 187 184 432 167 168 272 277 274 338
1 3600 548
12
57 39 40 267 262 363 366 438 522 533 67 64
1 3600 516
8
54 61 58 267 262 363 366 438
1 3600 878
19
52 99 100 111 108 394 135 136 415 159 156 469 361 89 82 94 176 471 465
1 3600 878
20
499 500 427 422 506 513 391 351 354 437 438 522 167 168 270 274 231 234 259 260
1 3600 878
13
384 397 394 199 202 127 132 248 491 409 269 115 112
1 3600 488
10
121 122 45 42 448 313 314 327 328 476
1 3600 39
4
448 313 314 117
1 3600 351
6
157 158 414 213 208 279
1 3600 351
9
347 161 164 398 283 278 345 331 73
1 3600 878
9
121 124 152 435 365 362 263 266 41
1 3600 208
6
43 44 268 155 125 120
1 3600 20
4
156 121 122 45
1 3600 191
10
121 124 152 489 490 441 442 393 181 186
1 3600 585
17
43 48 408 31 28 442 393 181 184 432 523 439 436 355 350 390 379
1 3600 85
7
121 85 82 94 178 482 215
1 3600 53
4
43 44 268 155
1 3600 94
11
43 46 520 441 191 183 184 432 533 67 62
1 3600 516
11
43 48 408 31 28 442 393 181 184 432 533
1 3600 878
11
156 469 361 89 82 94 176 215 216 222 246
1 3600 798
13
43 44 268 408 488 487 482 215 216 220 259 260 524
1 3600 798
13
121 124 152 435 432 167 170 277 274 231 232 303 195
1 3600 878
10
147 150 336 47 44 115 116 327 328 476
1 3600 55
3
162 323 141
1 3600 105
3
300 283 280
1 3600 71
13
333 334 336 520 249 133 126 203 200 213 210 19 14
1 3600 208
13
131 126 203 200 137 138 241 242 35 25 5 8 80
1 3600 97
9
129 132 248 491 409 155 125 120 157
1 3600 97
4
399 165 160 346
1 3600 97
5
47 44 123 120 157
1 3600 55
3
163 164 398
1 3600 89
7
333 334 336 520 249 133 126
1 3600 89
9
147 148 334 336 520 249 133 126 206
1 3600 89
10
163 164 398 301 129 132 189 183 186 405
1 3600 89
8
408 490 441 191 183 186 405 402
1 3600 89
9
147 150 336 520 441 442 393 181 186
1 3600 89
6
201 198 492 401 404 381
1 3600 105
5
137 134 395 109 104
1 3600 182
7
349 346 43 44 123 85 86
1 3600 75
5
334 336 47 48 155
1 3600 87
6
48 408 31 28 442 393
1 3600 87
6
132 189 183 180 392 478
1 3600 87
7
164 398 301 129 132 189 183
1 3600 98
6
46 520 441 191 183 184
1 3600 878
13
159 156 469 319 320 359 305 173 93 94 176 471 465
1 3600 627
17
201 202 127 132 189 183 184 432 533 67 64 239 193 196 257 260 524
1 3600 418
13
408 31 28 442 393 181 184 432 533 67 62 303 195
1 3600 878
17
404 187 182 188 133 128 300 399 229 224 145 140 317 314 327 328 476
1 3600 195
12
367 364 185 182 188 133 128 300 399 229 224 145
1 3600 244
12
368 382 431 413 410 445 17 18 211 208 279 280
1 3600 35
7
382 105 110 101 102 7 8
1 3600 66
9
362 263 266 59 60 55 52 429 69
1 3600 283
6
394 135 136 415 159 156
1 3600 42
9
199 202 127 132 248 491 409 49 44
1 3600 42
10
394 199 202 127 128 300 399 165 162 349
1 3600 42
7
109 104 383 380 187 182 188
1 3600 65
5
400 493 199 202 206
1 3600 54
7
369 366 436 355 350 291 288
1 3600 54
10
403 404 381 369 366 436 355 350 390 512
1 3600 54
13
207 203 198 492 401 404 381 369 366 436 355 350 291
1 3600 54
10
109 104 407 363 366 436 355 352 500 427
1 3600 516
12
202 127 132 248 491 488 487 482 471 465 459 460
1 3600 266
5
367 364 434 153 125
1 3600 65
13
109 104 383 369 366 438 522 167 170 273 270 274 231
1 3600 48
8
364 432 533 67 64 287 284 530
1 3600 878
13
104 407 363 366 438 522 167 168 270 274 338 221 222
1 3600 878
10
364 432 167 170 277 274 231 234 259 254
1 3600 548
12
401 404 187 180 392 443 29 30 409 269 115 112
1 3600 878
17
354 437 367 368 380 187 182 190 440 521 47 42 448 313 314 327 324
1 3600 488
22
295 296 391 351 354 437 367 364 185 180 392 443 29 30 409 49 44 115 116 327 328 472
1 3600 732
9
374 97 102 7 4 22 211 208 279
1 3600 69
14
351 354 437 367 362 406 105 108 396 445 17 14 331 73
1 3600 115
6
41 36 52 429 11 3
1 3600 115
12
293 290 351 354 437 367 362 406 431 371 374 97
1 3600 115
13
421 424 497 389 351 354 437 367 368 382 105 110 101
1 3600 115
13
353 354 437 367 362 263 264 413 410 385 7 8 80
1 3600 878
16
299 296 391 351 354 437 438 522 433 185 182 190 440 521 47 42
1 3600 108
13
370 430 383 380 187 180 392 443 440 521 337 335 332
1 3600 132
10
514 437 367 368 380 405 400 493 199 202
1 3600 132
7
514 437 367 368 380 405 402
1 3600 132
6
506 513 391 351 354 437
1 3600 132
8
501 353 354 437 367 368 380 405
1 3600 132
8
502 509 497 295 296 391 351 354
1 3600 132
15
391 351 354 437 367 368 380 405 400 493 135 136 201 202 204
1 3600 132
4
412 265 262 363
1 3600 132
10
497 389 351 354 437 367 362 406 105 106
1 3600 132
6
111 106 493 199 202 204
1 3600 105
11
267 262 363 366 436 355 350 390 512 507 504
1 3600 105
10
430 383 369 366 436 355 352 500 427 424
1 3600 878
10
391 351 354 437 438 522 433 434 153 91
1 3600 675
10
105 108 394 135 136 415 159 156 121 124
1 3600 199
11
370 430 383 380 187 184 432 533 67 64 287
1 3600 97
9
505 423 426 501 353 354 437 367 364
1 3600 878
17
410 445 33 21 18 211 212 415 159 156 121 85 82 94 176 215 216
1 3600 878
11
262 363 366 438 522 533 67 62 303 195 196
1 3600 878
20
505 506 513 391 351 354 437 367 364 185 180 392 443 29 30 409 49 42 448 450
1 3600 878
12
219 214 177 95 90 154 269 115 116 327 328 476
1 3600 274
8
84 122 45 42 347 348 323 141
1 3600 878
11
361 89 84 122 45 42 347 161 164 229 226
1 3600 878
12
318 468 157 158 414 213 210 19 14 331 73 76
1 3600 878
19
463 253 247 223 220 339 275 271 169 166 433 365 362 263 266 59 39 36 50
1 3600 137
4
90 154 49 42
1 3600 182
14
463 458 464 470 483 179 95 83 88 360 468 157 158 414
1 3600 548
8
340 468 157 158 414 137 134 492
1 3600 878
15
219 216 220 235 232 63 66 532 523 439 436 355 350 388 496
1 3600 168
3
178 482 471
1 3600 168
6
455 175 93 94 176 471
1 3600 168
6
359 305 173 93 94 176
1 3600 162
3
94 178 486
1 3600 162
3
89 82 90
1 3600 162
3
95 83 84
1 3600 162
4
361 89 84 124
1 3600 162
4
307 304 87 84
1 3600 162
10
318 361 89 82 94 178 482 215 216 220
1 3600 162
7
458 464 470 483 486 153 125
1 3600 162
3
177 95 90
1 3600 162
8
174 307 304 358 343 340 468 121
1 3600 123
9
467 251 247 223 220 235 232 63 64
1 3600 675
5
178 486 435 432 533
1 3600 126
3
470 215 216
1 3600 126
3
216 222 244
1 3600 128
4
82 94 178 484
1 3600 351
13
461 458 464 470 483 486 489 409 269 45 42 448 450
1 3600 878
20
339 275 276 171 166 433 185 182 188 133 128 300 399 165 162 323 317 314 327 324
1 3600 251
5
122 115 116 327 328
1 3600 878
9
152 489 490 249 133 128 300 283 280
1 3600 675
10
489 490 249 133 126 203 200 137 138 241
1 3600 878
11
153 125 120 157 158 414 213 210 23 5 2
1 3600 73
3
122 45 42
1 3600 64
10
235 232 63 66 532 433 185 182 190 440
1 3600 237
5
152 435 185 186 405
1 3600 548
12
339 275 271 169 166 523 439 436 355 350 390 379
1 3600 15
3
124 91 92
1 3600 87
6
91 94 176 215 216 220
1 3600 17
3
435 432 167
1 3600 231
5
124 152 435 432 533
1 3600 156
4
487 482 215 216
1 3600 69
6
487 482 215 216 220 259
1 3600 120
4
259 256 197 194
1 3600 878
7
30 409 269 115 116 327 324
1 3600 292
19
285 286 65 66 532 433 185 182 188 133 128 300 399 165 162 323 317 314 327
1 3600 878
12
66 532 433 185 182 188 133 128 300 399 229 226
1 3600 365
11
171 166 433 365 368 382 431 413 410 445 446
1 3600 548
14
166 523 439 367 362 263 264 371 374 97 102 7 8 78
1 3600 144
13
277 274 338 221 217 214 177 95 83 88 360 468 157
1 3600 82
14
65 66 532 433 185 180 392 443 440 521 337 335 149 146
1 3600 82
13
230 275 276 171 166 433 185 182 188 133 126 203 200
1 3600 82
15
285 286 65 66 532 433 185 182 188 133 126 203 200 415 416
1 3600 65
5
442 393 181 186 381
1 3600 186
14
286 239 236 302 233 230 275 271 169 166 433 365 368 382
1 3600 117
8
27 30 488 487 179 176 215 218
1 3600 75
11
65 62 233 234 221 217 214 177 95 90 125
1 3600 75
5
481 443 29 30 488
1 3600 75
6
171 166 433 434 153 125
1 3600 75
3
27 30 488
1 3600 65
3
392 443 29
1 3600 75
6
236 302 63 66 532 433
1 3600 75
5
481 393 181 184 432
1 3600 75
5
230 275 271 169 166
1 3600 488
3
338 221 222
1 3600 135
11
191 183 184 432 533 67 62 303 195 196 528
1 3600 51
12
393 181 184 432 167 168 270 274 231 232 303 195
1 3600 878
21
531 285 286 65 66 532 433 185 182 188 133 128 300 399 165 162 323 317 314 327 324
1 3600 627
12
185 180 392 443 440 521 47 42 448 313 314 452
1 3600 878
9
522 433 185 182 188 133 128 300 283
1 3600 365
9
365 362 406 105 108 396 445 17 18
1 3600 399
13
532 523 439 367 362 263 266 59 60 55 52 429 69
1 3600 585
9
433 185 182 190 440 491 409 49 42
1 3600 72
15
531 285 286 65 66 532 433 185 180 392 443 440 521 337 151
1 3600 38
3
439 367 368
1 3600 70
14
531 285 286 65 66 532 523 439 436 355 352 500 510 503
1 3600 516
5
532 433 434 153 91
1 3600 199
3
434 153 125
1 3600 19
4
532 167 170 277
1 3600 128
7
432 533 67 64 287 284 530
1 3600 878
10
432 167 168 270 274 231 234 221 222 244
1 3600 585
7
531 285 286 239 193 196 528
1 3600 135
6
522 533 67 62 303 195
1 3600 878
12
464 470 483 179 95 90 154 269 115 116 327 324
1 3600 878
14
245 223 217 214 483 486 489 409 49 44 115 116 327 328
1 3600 878
14
247 223 217 214 483 486 489 490 249 133 128 300 283 280
1 3600 878
16
250 464 470 177 95 83 88 360 468 157 158 414 213 210 19 20
1 3600 878
10
464 470 483 486 435 365 366 436 515 516
1 3600 878
10
247 223 217 214 177 95 83 84 120 157
1 3600 732
9
245 223 217 214 177 95 90 154 269
1 3600 878
11
252 458 464 470 483 486 489 490 249 133 126
1 3600 878
16
245 223 217 214 177 95 90 154 408 31 28 191 183 186 381 382
1 3600 39
8
250 464 470 177 95 92 174 456
1 3600 114
6
223 217 214 177 95 90
1 3600 313
8
223 217 214 483 486 489 31 28
1 3600 878
9
245 223 220 339 275 276 171 166 523
1 3600 204
4
459 253 247 244
1 3600 46
3
220 259 260
1 3600 313
12
223 217 214 177 95 83 84 122 45 42 448 450
1 3600 878
25
261 258 235 230 275 271 169 166 433 185 182 188 133 128 300 399 229 224 145 140 317 314 327 328 474
1 3600 878
17
529 197 194 302 63 66 532 433 185 182 188 133 128 300 399 229 224
1 3600 878
15
255 258 339 275 276 171 166 433 185 182 188 133 128 300 283
1 3600 878
20
525 261 258 235 230 275 271 169 166 523 439 367 368 380 405 400 493 135 138 241
1 3600 878
15
529 197 194 302 63 66 532 523 439 367 362 406 431 413 101
1 3600 798
13
527 257 258 221 217 214 483 179 95 90 154 49 42
1 3600 399
9
485 179 95 83 84 122 45 46 518
1 3600 798
13
529 197 194 302 63 66 532 433 185 186 405 400 493
1 3600 878
11
261 258 339 275 276 171 166 523 439 436 355
1 3600 82
11
529 257 258 221 217 214 177 95 92 174 456
1 3600 52
3
525 261 258
1 3600 92
3
527 197 192
1 3600 488
7
527 197 192 238 287 284 530
1 3600 48
6
258 221 222 246 252 458
1 3600 191
7
257 258 221 217 214 483 484
1 3600 36
4
525 261 256 197
1 3600 878
18
194 302 63 66 532 433 185 180 392 443 29 30 409 269 115 116 327 324
1 3600 878
6
451 313 316 141 144 418
1 3600 878
7
451 449 347 161 164 398 283
1 3600 878
17
194 302 233 230 275 271 169 166 433 365 368 382 105 108 396 445 33
1 3600 878
16
451 449 347 161 164 398 283 278 209 210 23 5 6 103 96 57
1 3600 878
6
451 449 43 44 123 120
1 3600 292
13
237 238 65 66 532 433 185 182 188 133 128 300 399
1 3600 418
12
113 114 45 46 520 441 442 393 181 184 365 366
1 3600 627
11
302 233 230 275 276 171 166 523 439 436 515
1 3600 244
11
302 233 234 221 217 214 177 95 92 172 306
1 3600 101
7
192 238 65 66 532 433 434
1 3600 38
9
192 238 65 66 532 433 185 180 392
1 3600 133
5
237 238 287 284 530
1 3600 365
11
451 449 43 44 123 85 82 94 176 471 465
1 3600 41
18
113 114 45 46 520 441 191 183 184 432 167 170 277 274 338 259 256 528
1 3600 139
16
113 114 268 408 31 28 442 393 181 184 432 533 67 64 239 193
