409
39.636925 118.16568 1 1
39.638 118.14388 2 1
39.64858 118.13004 3 0
39.632877 118.184654 4 0
39.632458 118.18427 5 0
39.681076 118.174675 6 0
39.68108 118.17889 7 0
39.68174 118.15105 8 0
39.681744 118.15122 9 0
39.58067 118.108536 10 0
39.580666 118.10865 11 0
39.679466 118.151245 12 1
39.680477 118.11895 13 0
39.666412 118.12933 14 1
39.66546 118.12933 15 0
39.622425 118.177666 16 1
39.649467 118.12986 17 0
39.667107 118.10654 18 0
39.68051 118.157425 19 0
39.669365 118.1845 20 0
39.609234 118.11786 21 1
39.59921 118.11017 22 0
39.616203 118.15778 23 0
39.666424 118.13444 24 1
39.669693 118.12933 25 1
39.663376 118.13448 26 1
39.58814 118.11792 27 1
39.623672 118.183304 28 0
39.669876 118.16986 29 0
39.628883 118.12411 30 1
39.680218 118.169525 31 0
39.644146 118.18377 32 0
39.630875 118.10635 33 0
39.62602 118.10675 34 1
39.60142 118.14064 35 0
39.627064 118.18453 36 0
39.63692 118.17887 37 1
39.637596 118.162506 38 0
39.64216 118.17132 39 1
39.611122 118.138794 40 1
39.603676 118.171936 41 0
39.680313 118.12655 42 0
39.643745 118.11124 43 0
39.643635 118.11122 44 0
39.61412 118.11239 45 0
39.61207 118.11224 46 1
39.612076 118.11517 47 1
39.609234 118.11522 48 1
39.604744 118.11167 49 1
39.604744 118.115265 50 1
39.599613 118.16491 51 1
39.596073 118.11533 52 0
39.616177 118.11784 53 1
39.590595 118.108986 54 1
39.590225 118.117905 55 1
39.61948 118.16569 56 1
39.653435 118.18434 57 0
39.666985 118.1065 58 0
39.625957 118.10629 59 0
39.62276 118.10621 60 0
39.61849 118.10612 61 0
39.66757 118.165665 62 1
39.659073 118.165665 63 1
39.646748 118.16567 64 1
39.61948 118.12826 65 1
39.64378 118.16562 66 1
39.619495 118.163025 67 1
39.61607 118.147575 68 1
39.666428 118.13573 69 1
39.66641 118.12819 70 1
39.669888 118.17252 71 0
39.648827 118.18392 72 0
39.64861 118.13462 73 1
39.589935 118.124115 74 1
39.584408 118.12737 75 1
39.604767 118.13298 76 1
39.60475 118.12612 77 0
39.68078 118.12525 78 0
39.616566 118.180916 79 0
39.6195 118.1602 80 1
39.5844 118.12426 81 1
39.603485 118.14256 82 0
39.616505 118.10621 83 0
39.62135 118.10642 84 0
39.6236 118.1833 85 0
39.579712 118.114456 86 0
39.590096 118.12085 87 0
39.6195 118.1578 88 1
39.618862 118.18438 89 0
39.616306 118.18431 90 0
39.586315 118.11792 91 0
39.66756 118.15747 92 1
39.667564 118.15728 93 1
39.616062 118.15157 94 1
39.578327 118.135765 95 0
39.578682 118.13595 96 0
39.667233 118.106544 97 0
39.67221 118.1131 98 1
39.667408 118.107765 99 0
39.612072 118.11784 100 1
39.64867 118.16303 101 1
39.648567 118.163216 102 1
39.579712 118.1146 103 0
39.590366 118.11464 104 1
39.59058 118.109245 105 1
39.616184 118.120834 106 1
39.59842 118.17227 107 0
39.58857 118.10753 108 1
39.611057 118.14392 109 1
39.582443 118.13977 110 0
39.65907 118.17708 111 1
39.665485 118.18336 112 0
39.66989 118.17467 113 1
39.6195 118.151375 114 1
39.65833 118.18405 115 0
39.619507 118.14387 116 1
39.67391 118.17467 117 1
39.676807 118.18362 118 1
39.589943 118.12734 119 1
39.60475 118.12726 120 1
39.589962 118.133224 121 1
39.584423 118.13324 122 1
39.604744 118.11504 123 1
39.609238 118.115005 124 1
39.612076 118.11496 125 1
39.681675 118.16944 126 0
39.667576 118.171295 127 1
39.592567 118.18466 128 0
39.63249 118.12409 129 0
39.628918 118.16567 130 1
39.614487 118.18341 131 0
39.68058 118.11887 132 0
39.608288 118.18457 133 0
39.628925 118.16018 134 1
39.628918 118.151375 135 1
39.628918 118.143875 136 1
39.6536621 118.1513144 137 1
39.6485705 118.1438125 138 1
39.6437713 118.1513339 139 1
39.6652937 118.16569 140 1
39.6325315 118.136039 141 1
39.6514497 118.135712 142 0
39.6653017 118.135935 143 1
39.6653042 118.1357363 144 1
39.681601 118.13585 145 0
39.6816105 118.135665 146 0
39.6438725 118.1438475 147 1
39.633593 118.1603817 148 1
39.640247 118.160235 149 1
39.6241675 118.163025 150 1
39.6242577 118.1602 151 1
39.6242345 118.1513675 152 1
39.6242297 118.1438725 153 1
39.624238 118.1282475 154 1
39.624278 118.16569 155 1
39.6236076 118.1830828 156 1
39.6325435 118.15138 157 1
39.63287 118.184555 158 0
39.624306 118.12408 159 0
39.632498 118.115195 160 1
39.6679127 118.1512476 161 1
39.6698843 118.1633865 162 1
39.6392683 118.16568 163 1
39.6402157 118.17129 164 1
39.6403365 118.171488 165 1
39.6485577 118.165665 166 1
39.6437245 118.128125 167 1
39.6437352 118.135955 168 1
39.5904378 118.1394028 169 1
39.6695093 118.1815757 170 1
39.596053 118.133186 171 1
39.6632933 118.1281233 172 1
39.669774 118.1282 173 1
39.674285 118.17098 174 1
39.6534285 118.17908 175 1
39.6292713 118.1069693 176 1
39.6292325 118.106745 177 0
39.62269 118.106665 178 1
39.622756 118.1069935 179 1
39.6145222 118.1827952 180 1
39.6161453 118.1388233 181 1
39.616133 118.14388 182 1
39.6698099 118.151187 183 1
39.674238 118.1512908 184 1
39.6590493 118.1513442 185 1
39.679735 118.15106 186 1
39.6788905 118.151141 187 1
39.6742405 118.1510217 188 0
39.6653657 118.1573712 189 1
39.6653285 118.143719 190 1
39.6653984 118.174528 191 1
39.6654476 118.1809006 192 1
39.58857 118.107835 193 1
39.5882455 118.114375 194 1
39.640263 118.183928 195 1
39.6372105 118.1835727 196 1
39.643847 118.1831245 197 1
39.643731 118.1790342 198 0
39.6730983 118.183052 199 1
39.679405 118.1697238 200 1
39.6793362 118.169952 201 1
39.6793848 118.17467 202 1
39.679443 118.178884 203 1
39.6794153 118.1632769 204 1
39.6590348 118.180905 205 1
39.6533932 118.1809672 206 1
39.6654188 118.171495 207 1
39.66988 118.1713863 208 1
39.6590565 118.1713842 209 1
39.653442 118.171405 210 1
39.648617 118.171408 211 1
39.6653663 118.1513045 212 1
39.638156 118.1513467 213 1
39.6654 118.151119 214 1
39.6651955 118.13723 215 1
39.6654167 118.1713025 216 1
39.6653015 118.13445 217 1
39.6652769 118.1281235 218 1
39.6659108 118.1199259 219 1
39.6438065 118.171405 220 1
39.63253 118.1714115 221 1
39.636925 118.171405 222 1
39.6161366 118.1714063 223 1
39.628895 118.171398 224 1
39.62423 118.171401 225 1
39.6193115 118.171413 226 1
39.611125 118.1716346 227 1
39.596369 118.16842 228 1
39.594426 118.16248 229 1
39.5978425 118.1721417 230 1
39.5927467 118.184042 231 0
39.5842755 118.1394575 232 1
39.6435853 118.12163 233 1
39.658992 118.13578 234 1
39.6437892 118.160115 235 1
39.643596 118.1214533 236 0
39.643761 118.1283133 237 1
39.638007 118.136 238 1
39.638748 118.1215575 239 1
39.619503 118.136077 240 1
39.61916 118.177767 241 1
39.6333777 118.17865 242 0
39.632547 118.14389 243 1
39.622456 118.1830595 244 1
39.6162265 118.115158 245 1
39.5932515 118.123945 246 1
39.6160876 118.114975 247 1
39.6091075 118.11213 248 1
39.6794034 118.1836436 249 1
39.676804 118.17467 250 1
39.6698483 118.1573383 251 1
39.674283 118.16329 252 1
39.6485881 118.1513037 253 1
39.653545 118.11335 254 1
39.653619 118.137305 255 1
39.6742865 118.170795 256 1
39.58997 118.135743 257 1
39.6436942 118.1149023 258 1
39.669767 118.135915 259 1
39.6346387 118.1602 260 1
39.6242381 118.1776944 261 1
39.6325597 118.1282387 262 1
39.6287445 118.17856 263 1
39.6434635 118.1697575 264 1
39.659003 118.13725 265 1
39.653618 118.13452 266 1
39.658989 118.1281563 267 1
39.651409 118.136075 268 1
39.669756 118.134397 269 1
39.6161915 118.128265 270 1
39.65342 118.1655975 271 1
39.653848 118.157453 272 1
39.6538012 118.1437507 273 1
39.587751 118.12736 274 1
39.669769 118.135717 275 1
39.5804345 118.125955 276 1
39.5803965 118.12615 277 1
39.6161872 118.1361176 278 1
39.6066412 118.1457428 279 1
39.5814292 118.1144785 280 1
39.6322585 118.10668 281 0
39.628939 118.1150287 282 1
39.578477 118.12636 283 0
39.578522 118.126562 284 0
39.616295 118.1831175 285 1
39.6186377 118.1829971 286 1
39.6289015 118.128295 287 1
39.6242487 118.13607 288 1
39.6048337 118.1350738 289 1
39.601919 118.123945 290 1
39.6370758 118.1633114 291 1
39.6403167 118.1790287 292 1
39.6401313 118.1657 293 1
39.6438043 118.1692567 294 1
39.608126 118.138768 295 1
39.6051158 118.1721132 296 1
39.631676 118.1785583 297 0
39.6325312 118.1785762 298 1
39.601867 118.110995 299 1
39.601896 118.115275 300 1
39.601897 118.115065 301 1
39.6030567 118.1500167 302 0
39.61613 118.1513675 303 1
39.5802307 118.1299033 304 1
39.6111165 118.165715 305 1
39.6031294 118.1535523 306 1
39.60192 118.120928 307 1
39.6073091 118.1288364 308 1
39.5864625 118.123858 309 1
39.6118293 118.1354585 310 1
39.5828385 118.108693 311 1
39.582897 118.108408 312 1
39.6697735 118.12802 313 0
39.6111315 118.174868 314 1
39.6153207 118.1775667 315 1
39.6161365 118.16569 316 1
39.6505735 118.1599 317 1
39.6742542 118.1573525 318 1
39.643696 118.11509 319 1
39.6590078 118.1124355 320 1
39.6721365 118.11292 321 0
39.6195522 118.115059 322 1
39.611069 118.147545 323 1
39.6793925 118.1573446 324 1
39.6590633 118.1573887 325 1
39.6485927 118.160165 326 1
39.632545 118.1602133 327 1
39.6485446 118.135928 328 1
39.621279 118.106745 329 1
39.6589997 118.1432062 330 1
39.658992 118.13597 331 1
39.59756 118.141047 332 1
39.6030595 118.149775 333 1
39.625963 118.106955 334 1
39.63804 118.16024 335 1
39.653537 118.113152 336 1
39.621284 118.10697 337 1
39.6536102 118.12817 338 1
39.607252 118.12724 339 1
39.6088685 118.1315975 340 1
39.6018255 118.13316 341 1
39.580565 118.133275 342 1
39.6161385 118.163035 343 1
39.6789833 118.130212 344 1
39.5877972 118.1357412 345 1
39.5880423 118.1397375 346 1
39.596075 118.123965 347 1
39.5956718 118.1360072 348 1
39.5992715 118.124176 349 1
39.619473 118.106925 350 0
39.607422 118.1238025 351 1
39.607374 118.1240005 352 1
39.653614 118.136005 353 1
39.6110253 118.160229 354 1
39.5932465 118.120825 355 1
39.6018836 118.1356235 356 1
39.601869 118.12417 357 1
39.60191 118.11785 358 1
39.6018025 118.127275 359 1
39.6018145 118.1297875 360 1
39.596061 118.1298396 361 1
39.5960715 118.12731 362 1
39.596073 118.124176 363 1
39.5932463 118.13574 364 1
39.593258 118.13966 365 1
39.599295 118.13318 366 1
39.599286 118.129795 367 1
39.599279 118.1273 368 1
39.628901 118.136077 369 1
39.609916 118.12087 370 0
39.6321545 118.10669 371 0
39.6130821 118.1514429 372 1
39.5844285 118.135784 373 1
39.5808423 118.1358138 374 1
39.60476 118.1297825 375 1
39.5844283 118.12446 376 1
39.587756 118.1241125 377 1
39.6386975 118.11503 378 1
39.6386425 118.12825 379 1
39.593239 118.117875 380 1
39.607401 118.117836 381 1
39.648511 118.1141663 382 1
39.65899 118.13448 383 1
39.6485025 118.1282 384 1
39.587765 118.123888 385 1
39.587769 118.13322 386 1
39.587762 118.1298375 387 1
39.6075898 118.134606 388 1
39.6080663 118.1439467 389 1
39.6110775 118.15363 390 1
39.611072 118.149915 391 1
39.6161107 118.1601933 392 1
39.606948 118.15782 393 1
39.653614 118.13581 394 1
39.632532 118.1656675 395 1
39.5932515 118.11501 396 1
39.5844 118.129877 397 1
39.58995 118.12982 398 1
39.5932288 118.12982 399 1
39.599308 118.138764 400 1
39.611071 118.1497 401 1
39.6110915 118.15339 402 1
39.5932255 118.12733 403 1
39.5932385 118.13321 404 1
39.5932215 118.124148 405 1
39.607377 118.11503 406 1
39.6073815 118.11524 407 1
39.648635 118.182795 408 1
39.6324925 118.115 409 1
639
237 167 21.171264861047707 16.67 3 3 2 3
1 0 0 0 1 0 0 0 1
1 0 0 0 1 0 0 0 1
237 168 849.7735581750314 16.67 3 3 4 5
1 0 0 0 1 0 0 0 1
1 0 0 0 1 0 0 0 1
237 384 406.2019556511341 16.67 3 3 6 7
1 0 0 0 1 0 0 0 1
1 0 0 0 1 0 0 0 1
237 379 438.34489953708675 16.67 3 3 8 9
1 0 0 0 1 0 0 0 1
1 0 0 0 1 0 0 0 1
238 168 490.56227813648405 16.67 3 3 10 11
1 0 0 0 1 0 0 0 1
1 0 0 0 1 0 0 0 1
238 141 468.9167424538858 16.67 3 3 12 13
1 0 0 0 1 0 0 0 1
1 0 0 0 1 0 0 0 1
238 2 876.2702770517593 16.67 3 3 14 15
1 0 0 0 1 0 0 0 1
1 0 0 0 1 0 0 0 1
238 379 863.5304122001355 16.67 3 3 16 17
1 0 0 0 1 0 0 0 1
1 0 0 0 1 0 0 0 1
239 233 414.3181772662895 16.67 3 3 18 19
1 0 0 0 1 0 0 0 1
1 0 0 0 1 0 0 0 1
239 236 415.317690628816 16.67 3 3 20 21
1 0 0 0 1 0 0 0 1
1 0 0 0 1 0 0 0 1
239 378 725.8825388647252 16.67 3 3 22 23
1 0 0 0 1 0 0 0 1
1 0 0 0 1 0 0 0 1
239 379 744.2727861864496 16.67 3 3 24 25
1 0 0 0 1 0 0 0 1
1 0 0 0 1 0 0 0 1
240 65 869.2665921162967 16.67 3 3 26 27
1 0 0 0 1 0 0 0 1
1 0 0 0 1 0 0 0 1
240 278 284.0617239767439 16.67 3 3 28 29
1 0 0 0 1 0 0 0 1
1 0 0 0 1 0 0 0 1
240 116 866.5955843855785 16.67 3 3 30 31
1 0 0 0 1 0 0 0 1
1 0 0 0 1 0 0 0 1
240 288 406.5094142808188 16.67 3 3 32 33
1 0 0 0 1 0 0 0 1
1 0 0 0 1 0 0 0 1
241 226 706.6953103437523 16.67 3 3 34 35
1 0 0 0 1 0 0 0 1
1 0 0 0 1 0 0 0 1
241 315 329.6230168709162 16.67 3 3 36 37
1 0 0 0 1 0 0 0 1
1 0 0 0 1 0 0 0 1
241 16 279.90121416492997 16.67 3 3 38 39
1 0 0 0 1 0 0 0 1
1 0 0 0 1 0 0 0 1
241 286 583.3147266645834 16.67 3 3 40 41
1 0 0 0 1 0 0 0 1
1 0 0 0 1 0 0 0 1
242 298 72.95825926769105 16.67 3 3 42 43
1 0 0 0 1 0 0 0 1
1 0 0 0 1 0 0 0 1
242 37 304.35145711600654 16.67 3 3 44 45
1 0 0 0 1 0 0 0 1
1 0 0 0 1 0 0 0 1
243 141 873.0462294131156 16.67 3 3 46 47
1 0 0 0 1 0 0 0 1
1 0 0 0 1 0 0 0 1
243 2 467.0080751805476 16.67 3 3 48 49
1 0 0 0 1 0 0 0 1
1 0 0 0 1 0 0 0 1
243 136 310.79990983466644 16.67 3 3 50 51
1 0 0 0 1 0 0 0 1
1 0 0 0 1 0 0 0 1
243 157 832.9014294936054 16.67 3 3 52 53
1 0 0 0 1 0 0 0 1
1 0 0 0 1 0 0 0 1
244 16 599.7727093960724 16.67 3 3 54 55
1 0 0 0 1 0 0 0 1
1 0 0 0 1 0 0 0 1
244 156 98.67393085326506 16.67 3 3 56 57
1 0 0 0 1 0 0 0 1
1 0 0 0 1 0 0 0 1
244 286 327.12879409480195 16.67 3 3 58 59
1 0 0 0 1 0 0 0 1
1 0 0 0 1 0 0 0 1
245 47 355.5441739404978 16.67 3 3 60 61
1 0 0 0 1 0 0 0 1
1 0 0 0 1 0 0 0 1
245 322 285.09997842437974 16.67 3 3 62 63
1 0 0 0 1 0 0 0 1
1 0 0 0 1 0 0 0 1
245 53 298.27333121044387 16.67 3 3 64 65
1 0 0 0 1 0 0 0 1
1 0 0 0 1 0 0 0 1
245 247 23.573160615422022 16.67 3 3 66 67
1 0 0 0 1 0 0 0 1
1 0 0 0 1 0 0 0 1
246 347 241.95818641858924 16.67 3 3 68 69
1 0 0 0 1 0 0 0 1
1 0 0 0 1 0 0 0 1
246 385 470.18528275643615 16.67 3 3 70 71
1 0 0 0 1 0 0 0 1
1 0 0 0 1 0 0 0 1
246 355 346.9498362137577 16.67 3 3 72 73
1 0 0 0 1 0 0 0 1
1 0 0 0 1 0 0 0 1
246 405 22.719868067776833 16.67 3 3 74 75
1 0 0 0 1 0 0 0 1
1 0 0 0 1 0 0 0 1
247 83 975.3392647410116 16.67 3 3 76 77
1 0 0 0 1 0 0 0 1
1 0 0 0 1 0 0 0 1
247 125 343.6479042816133 16.67 3 3 78 79
1 0 0 0 1 0 0 0 1
1 0 0 0 1 0 0 0 1
247 322 296.93340569813483 16.67 3 3 80 81
1 0 0 0 1 0 0 0 1
1 0 0 0 1 0 0 0 1
248 49 377.30973389406927 16.67 3 3 82 83
1 0 0 0 1 0 0 0 1
1 0 0 0 1 0 0 0 1
248 124 319.9005582795587 16.67 3 3 84 85
1 0 0 0 1 0 0 0 1
1 0 0 0 1 0 0 0 1
248 46 254.0954722708708 16.67 3 3 86 87
1 0 0 0 1 0 0 0 1
1 0 0 0 1 0 0 0 1
249 203 529.2868704006489 16.67 3 3 88 89
1 0 0 0 1 0 0 0 1
1 0 0 0 1 0 0 0 1
249 118 222.22614085129362 16.67 3 3 90 91
1 0 0 0 1 0 0 0 1
1 0 0 0 1 0 0 0 1
249 199 543.6119158470214 16.67 3 3 92 93
1 0 0 0 1 0 0 0 1
1 0 0 0 1 0 0 0 1
250 118 995.2560159276014 16.67 3 3 94 95
1 0 0 0 1 0 0 0 1
1 0 0 0 1 0 0 0 1
250 117 247.6898042265366 16.67 3 3 96 97
1 0 0 0 1 0 0 0 1
1 0 0 0 1 0 0 0 1
250 202 220.88384476480613 16.67 3 3 98 99
1 0 0 0 1 0 0 0 1
1 0 0 0 1 0 0 0 1
251 318 377.1306035278225 16.67 3 3 100 101
1 0 0 0 1 0 0 0 1
1 0 0 0 1 0 0 0 1
251 162 672.5776997780414 16.67 3 3 102 103
1 0 0 0 1 0 0 0 1
1 0 0 0 1 0 0 0 1
251 183 684.0434418461191 16.67 3 3 104 105
1 0 0 0 1 0 0 0 1
1 0 0 0 1 0 0 0 1
251 92 196.4160205167418 16.67 3 3 106 107
1 0 0 0 1 0 0 0 1
1 0 0 0 1 0 0 0 1
252 318 660.2652045089457 16.67 3 3 108 109
1 0 0 0 1 0 0 0 1
1 0 0 0 1 0 0 0 1
252 162 376.6397382570557 16.67 3 3 110 111
1 0 0 0 1 0 0 0 1
1 0 0 0 1 0 0 0 1
252 204 439.2784277051035 16.67 3 3 112 113
1 0 0 0 1 0 0 0 1
1 0 0 0 1 0 0 0 1
252 256 834.5694561066194 16.67 3 3 114 115
1 0 0 0 1 0 0 0 1
1 0 0 0 1 0 0 0 1
111 205 425.35750517187137 16.67 3 3 116 117
1 0 0 0 1 0 0 0 1
1 0 0 0 1 0 0 0 1
111 175 531.7128443579336 16.67 3 3 118 119
1 0 0 0 1 0 0 0 1
1 0 0 0 1 0 0 0 1
111 209 633.3841859120902 16.67 3 3 120 121
1 0 0 0 1 0 0 0 1
1 0 0 0 1 0 0 0 1
111 191 611.5961327223871 16.67 3 3 122 123
1 0 0 0 1 0 0 0 1
1 0 0 0 1 0 0 0 1
253 138 833.0361807302606 16.67 3 3 124 125
1 0 0 0 1 0 0 0 1
1 0 0 0 1 0 0 0 1
253 139 412.43920429080066 16.67 3 3 126 127
1 0 0 0 1 0 0 0 1
1 0 0 0 1 0 0 0 1
253 326 985.3924631222368 16.67 3 3 128 129
1 0 0 0 1 0 0 0 1
1 0 0 0 1 0 0 0 1
253 137 434.44921849287346 16.67 3 3 130 131
1 0 0 0 1 0 0 0 1
1 0 0 0 1 0 0 0 1
254 338 1648.0199193851363 16.67 3 3 132 133
1 0 0 0 1 0 0 0 1
1 0 0 0 1 0 0 0 1
254 320 478.63212801225086 16.67 3 3 134 135
1 0 0 0 1 0 0 0 1
1 0 0 0 1 0 0 0 1
254 336 22.02860432080519 16.67 3 3 136 137
1 0 0 0 1 0 0 0 1
1 0 0 0 1 0 0 0 1
254 382 440.44732732629774 16.67 3 3 138 139
1 0 0 0 1 0 0 0 1
1 0 0 0 1 0 0 0 1
255 353 144.56295534317314 16.67 3 3 140 141
1 0 0 0 1 0 0 0 1
1 0 0 0 1 0 0 0 1
255 265 460.99753206295895 16.67 3 3 142 143
1 0 0 0 1 0 0 0 1
1 0 0 0 1 0 0 0 1
255 273 716.9430749990031 16.67 3 3 144 145
1 0 0 0 1 0 0 0 1
1 0 0 0 1 0 0 0 1
255 268 233.47222155059023 16.67 3 3 146 147
1 0 0 0 1 0 0 0 1
1 0 0 0 1 0 0 0 1
256 174 20.57273097544283 16.67 3 3 148 149
1 0 0 0 1 0 0 0 1
1 0 0 0 1 0 0 0 1
256 208 382.84330671869105 16.67 3 3 150 151
1 0 0 0 1 0 0 0 1
1 0 0 0 1 0 0 0 1
256 200 454.00056206699566 16.67 3 3 152 153
1 0 0 0 1 0 0 0 1
1 0 0 0 1 0 0 0 1
257 121 280.11813731883535 16.67 3 3 154 155
1 0 0 0 1 0 0 0 1
1 0 0 0 1 0 0 0 1
257 169 408.94590991671157 16.67 3 3 156 157
1 0 0 0 1 0 0 0 1
1 0 0 0 1 0 0 0 1
257 364 280.7622540383458 16.67 3 3 158 159
1 0 0 0 1 0 0 0 1
1 0 0 0 1 0 0 0 1
257 345 186.19789012731957 16.67 3 3 160 161
1 0 0 0 1 0 0 0 1
1 0 0 0 1 0 0 0 1
258 43 407.2775303870596 16.67 3 3 162 163
1 0 0 0 1 0 0 0 1
1 0 0 0 1 0 0 0 1
258 44 409.50971206898504 16.67 3 3 164 165
1 0 0 0 1 0 0 0 1
1 0 0 0 1 0 0 0 1
258 319 20.873144265812538 16.67 3 3 166 167
1 0 0 0 1 0 0 0 1
1 0 0 0 1 0 0 0 1
258 378 428.0948551967205 16.67 3 3 168 169
1 0 0 0 1 0 0 0 1
1 0 0 0 1 0 0 0 1
259 145 1012.9697258730906 16.67 3 3 170 171
1 0 0 0 1 0 0 0 1
1 0 0 0 1 0 0 0 1
259 183 1698.2776425031832 16.67 3 3 172 173
1 0 0 0 1 0 0 0 1
1 0 0 0 1 0 0 0 1
259 143 382.218618887908 16.67 3 3 174 175
1 0 0 0 1 0 0 0 1
1 0 0 0 1 0 0 0 1
259 275 22.0186190952097 16.67 3 3 176 177
1 0 0 0 1 0 0 0 1
1 0 0 0 1 0 0 0 1
260 327 179.30968849103223 16.67 3 3 178 179
1 0 0 0 1 0 0 0 1
1 0 0 0 1 0 0 0 1
260 291 404.0694378988964 16.67 3 3 180 181
1 0 0 0 1 0 0 0 1
1 0 0 0 1 0 0 0 1
260 335 291.31986395519607 16.67 3 3 182 183
1 0 0 0 1 0 0 0 1
1 0 0 0 1 0 0 0 1
260 148 91.80442197878764 16.67 3 3 184 185
1 0 0 0 1 0 0 0 1
1 0 0 0 1 0 0 0 1
261 16 155.3285750666655 16.67 3 3 186 187
1 0 0 0 1 0 0 0 1
1 0 0 0 1 0 0 0 1
261 263 397.8053412438036 16.67 3 3 188 189
1 0 0 0 1 0 0 0 1
1 0 0 0 1 0 0 0 1
261 156 601.6283751771336 16.67 3 3 190 191
1 0 0 0 1 0 0 0 1
1 0 0 0 1 0 0 0 1
261 225 699.8376625726571 16.67 3 3 192 193
1 0 0 0 1 0 0 0 1
1 0 0 0 1 0 0 0 1
262 287 313.3586753746121 16.67 3 3 194 195
1 0 0 0 1 0 0 0 1
1 0 0 0 1 0 0 0 1
262 141 867.4106518546328 16.67 3 3 196 197
1 0 0 0 1 0 0 0 1
1 0 0 0 1 0 0 0 1
262 160 1450.4923583060877 16.67 3 3 198 199
1 0 0 0 1 0 0 0 1
1 0 0 0 1 0 0 0 1
262 379 520.9456095709664 16.67 3 3 200 201
1 0 0 0 1 0 0 0 1
1 0 0 0 1 0 0 0 1
263 297 251.07389087754416 16.67 3 3 202 203
1 0 0 0 1 0 0 0 1
1 0 0 0 1 0 0 0 1
263 224 796.5314915577195 16.67 3 3 204 205
1 0 0 0 1 0 0 0 1
1 0 0 0 1 0 0 0 1
263 36 679.2976437228355 16.67 3 3 206 207
1 0 0 0 1 0 0 0 1
1 0 0 0 1 0 0 0 1
264 220 185.54429284004755 16.67 3 3 208 209
1 0 0 0 1 0 0 0 1
1 0 0 0 1 0 0 0 1
264 163 578.4809382358211 16.67 3 3 210 211
1 0 0 0 1 0 0 0 1
1 0 0 0 1 0 0 0 1
264 39 206.51483159788683 16.67 3 3 212 213
1 0 0 0 1 0 0 0 1
1 0 0 0 1 0 0 0 1
264 294 62.87259583704124 16.67 3 3 214 215
1 0 0 0 1 0 0 0 1
1 0 0 0 1 0 0 0 1
265 215 530.1409266551163 16.67 3 3 216 217
1 0 0 0 1 0 0 0 1
1 0 0 0 1 0 0 0 1
265 330 662.340136763958 16.67 3 3 218 219
1 0 0 0 1 0 0 0 1
1 0 0 0 1 0 0 0 1
265 331 142.34140090786846 16.67 3 3 220 221
1 0 0 0 1 0 0 0 1
1 0 0 0 1 0 0 0 1
266 394 143.4507124568705 16.67 3 3 222 223
1 0 0 0 1 0 0 0 1
1 0 0 0 1 0 0 0 1
266 383 459.9510811712389 16.67 3 3 224 225
1 0 0 0 1 0 0 0 1
1 0 0 0 1 0 0 0 1
266 338 706.1316555365909 16.67 3 3 226 227
1 0 0 0 1 0 0 0 1
1 0 0 0 1 0 0 0 1
266 142 228.10716981460757 16.67 3 3 228 229
1 0 0 0 1 0 0 0 1
1 0 0 0 1 0 0 0 1
267 383 703.2067380015027 16.67 3 3 230 231
1 0 0 0 1 0 0 0 1
1 0 0 0 1 0 0 0 1
267 338 460.4784993318347 16.67 3 3 232 233
1 0 0 0 1 0 0 0 1
1 0 0 0 1 0 0 0 1
267 320 1748.1817748944254 16.67 3 3 234 235
1 0 0 0 1 0 0 0 1
1 0 0 0 1 0 0 0 1
267 172 368.50692324020184 16.67 3 3 236 237
1 0 0 0 1 0 0 0 1
1 0 0 0 1 0 0 0 1
268 328 245.79071273673782 16.67 3 3 238 239
1 0 0 0 1 0 0 0 1
1 0 0 0 1 0 0 0 1
268 353 188.94989368962246 16.67 3 3 240 241
1 0 0 0 1 0 0 0 1
1 0 0 0 1 0 0 0 1
269 173 689.1191889117447 16.67 3 3 242 243
1 0 0 0 1 0 0 0 1
1 0 0 0 1 0 0 0 1
269 24 285.2462444925118 16.67 3 3 244 245
1 0 0 0 1 0 0 0 1
1 0 0 0 1 0 0 0 1
269 25 563.4852525492876 16.67 3 3 246 247
1 0 0 0 1 0 0 0 1
1 0 0 0 1 0 0 0 1
269 275 146.79057491010263 16.67 3 3 248 249
1 0 0 0 1 0 0 0 1
1 0 0 0 1 0 0 0 1
270 65 281.70139734169805 16.67 3 3 250 251
1 0 0 0 1 0 0 0 1
1 0 0 0 1 0 0 0 1
270 106 826.3407199490607 16.67 3 3 252 253
1 0 0 0 1 0 0 0 1
1 0 0 0 1 0 0 0 1
270 278 873.2232207731678 16.67 3 3 254 255
1 0 0 0 1 0 0 0 1
1 0 0 0 1 0 0 0 1
271 272 906.4239420831183 16.67 3 3 256 257
1 0 0 0 1 0 0 0 1
1 0 0 0 1 0 0 0 1
271 63 484.0472790591113 16.67 3 3 258 259
1 0 0 0 1 0 0 0 1
1 0 0 0 1 0 0 0 1
271 210 645.8071177628857 16.67 3 3 260 261
1 0 0 0 1 0 0 0 1
1 0 0 0 1 0 0 0 1
271 166 416.3599153761524 16.67 3 3 262 263
1 0 0 0 1 0 0 0 1
1 0 0 0 1 0 0 0 1
272 325 446.56929468541125 16.67 3 3 264 265
1 0 0 0 1 0 0 0 1
1 0 0 0 1 0 0 0 1
272 317 390.6914198171635 16.67 3 3 266 267
1 0 0 0 1 0 0 0 1
1 0 0 0 1 0 0 0 1
273 138 447.8835606082696 16.67 3 3 268 269
1 0 0 0 1 0 0 0 1
1 0 0 0 1 0 0 0 1
273 330 449.1737915820775 16.67 3 3 270 271
1 0 0 0 1 0 0 0 1
1 0 0 0 1 0 0 0 1
273 137 841.1812543957069 16.67 3 3 272 273
1 0 0 0 1 0 0 0 1
1 0 0 0 1 0 0 0 1
274 75 286.48923595893683 16.67 3 3 274 275
1 0 0 0 1 0 0 0 1
1 0 0 0 1 0 0 0 1
274 377 361.12805355454446 16.67 3 3 276 277
1 0 0 0 1 0 0 0 1
1 0 0 0 1 0 0 0 1
274 387 275.5040370369005 16.67 3 3 278 279
1 0 0 0 1 0 0 0 1
1 0 0 0 1 0 0 0 1
274 119 187.86230509430436 16.67 3 3 280 281
1 0 0 0 1 0 0 0 1
1 0 0 0 1 0 0 0 1
275 146 1013.6023727777055 16.67 3 3 282 283
1 0 0 0 1 0 0 0 1
1 0 0 0 1 0 0 0 1
275 69 285.98012805974986 16.67 3 3 284 285
1 0 0 0 1 0 0 0 1
1 0 0 0 1 0 0 0 1
276 277 21.927563641851076 16.67 3 3 286 287
1 0 0 0 1 0 0 0 1
1 0 0 0 1 0 0 0 1
276 283 173.7104948301616 16.67 3 3 288 289
1 0 0 0 1 0 0 0 1
1 0 0 0 1 0 0 0 1
276 81 388.63708385157537 16.67 3 3 290 291
1 0 0 0 1 0 0 0 1
1 0 0 0 1 0 0 0 1
276 280 1279.0516139320403 16.67 3 3 292 293
1 0 0 0 1 0 0 0 1
1 0 0 0 1 0 0 0 1
277 376 393.3502626277029 16.67 3 3 294 295
1 0 0 0 1 0 0 0 1
1 0 0 0 1 0 0 0 1
277 284 167.06215298109797 16.67 3 3 296 297
1 0 0 0 1 0 0 0 1
1 0 0 0 1 0 0 0 1
277 304 417.6154968005953 16.67 3 3 298 299
1 0 0 0 1 0 0 0 1
1 0 0 0 1 0 0 0 1
278 181 300.9000795988397 16.67 3 3 300 301
1 0 0 0 1 0 0 0 1
1 0 0 0 1 0 0 0 1
278 310 380.4351891222908 16.67 3 3 302 303
1 0 0 0 1 0 0 0 1
1 0 0 0 1 0 0 0 1
279 389 234.09167847288 16.67 3 3 304 305
1 0 0 0 1 0 0 0 1
1 0 0 0 1 0 0 0 1
279 391 599.4626792105772 16.67 3 3 306 307
1 0 0 0 1 0 0 0 1
1 0 0 0 1 0 0 0 1
279 333 543.3363091699204 16.67 3 3 308 309
1 0 0 0 1 0 0 0 1
1 0 0 0 1 0 0 0 1
279 400 998.4888150155634 16.67 3 3 310 311
1 0 0 0 1 0 0 0 1
1 0 0 0 1 0 0 0 1
280 103 147.79222254635422 16.67 3 3 312 313
1 0 0 0 1 0 0 0 1
1 0 0 0 1 0 0 0 1
280 194 584.3072093305482 16.67 3 3 314 315
1 0 0 0 1 0 0 0 1
1 0 0 0 1 0 0 0 1
280 86 147.1946115543186 16.67 3 3 316 317
1 0 0 0 1 0 0 0 1
1 0 0 0 1 0 0 0 1
282 176 896.6714527834648 16.67 3 3 318 319
1 0 0 0 1 0 0 0 1
1 0 0 0 1 0 0 0 1
282 160 305.37683295560015 16.67 3 3 320 321
1 0 0 0 1 0 0 0 1
1 0 0 0 1 0 0 0 1
282 322 803.9549049969335 16.67 3 3 322 323
1 0 0 0 1 0 0 0 1
1 0 0 0 1 0 0 0 1
282 30 1009.8681667762837 16.67 3 3 324 325
1 0 0 0 1 0 0 0 1
1 0 0 0 1 0 0 0 1
285 180 156.0340579548146 16.67 3 3 326 327
1 0 0 0 1 0 0 0 1
1 0 0 0 1 0 0 0 1
285 90 132.61147734961443 16.67 3 3 328 329
1 0 0 0 1 0 0 0 1
1 0 0 0 1 0 0 0 1
285 79 245.90893898642454 16.67 3 3 330 331
1 0 0 0 1 0 0 0 1
1 0 0 0 1 0 0 0 1
285 286 201.1271635132333 16.67 3 3 332 333
1 0 0 0 1 0 0 0 1
1 0 0 0 1 0 0 0 1
286 89 154.97656340905667 16.67 3 3 334 335
1 0 0 0 1 0 0 0 1
1 0 0 0 1 0 0 0 1
287 154 399.4482294276849 16.67 3 3 336 337
1 0 0 0 1 0 0 0 1
1 0 0 0 1 0 0 0 1
287 30 465.38217080435913 16.67 3 3 338 339
1 0 0 0 1 0 0 0 1
1 0 0 0 1 0 0 0 1
287 369 865.3722980664834 16.67 3 3 340 341
1 0 0 0 1 0 0 0 1
1 0 0 0 1 0 0 0 1
288 154 869.8764521225313 16.67 3 3 342 343
1 0 0 0 1 0 0 0 1
1 0 0 0 1 0 0 0 1
288 153 867.6534598122288 16.67 3 3 344 345
1 0 0 0 1 0 0 0 1
1 0 0 0 1 0 0 0 1
288 369 398.48161598688375 16.67 3 3 346 347
1 0 0 0 1 0 0 0 1
1 0 0 0 1 0 0 0 1
289 388 241.79506604072412 16.67 3 3 348 349
1 0 0 0 1 0 0 0 1
1 0 0 0 1 0 0 0 1
289 356 260.0408546004848 16.67 3 3 350 351
1 0 0 0 1 0 0 0 1
1 0 0 0 1 0 0 0 1
289 35 684.5921921563955 16.67 3 3 352 353
1 0 0 0 1 0 0 0 1
1 0 0 0 1 0 0 0 1
290 347 500.7192943856239 16.67 3 3 354 355
1 0 0 0 1 0 0 0 1
1 0 0 0 1 0 0 0 1
290 357 25.38450697286395 16.67 3 3 356 357
1 0 0 0 1 0 0 0 1
1 0 0 0 1 0 0 0 1
290 307 335.49579866457924 16.67 3 3 358 359
1 0 0 0 1 0 0 0 1
1 0 0 0 1 0 0 0 1
290 351 471.7636578769672 16.67 3 3 360 361
1 0 0 0 1 0 0 0 1
1 0 0 0 1 0 0 0 1
291 38 100.02936559109509 16.67 3 3 362 363
1 0 0 0 1 0 0 0 1
1 0 0 0 1 0 0 0 1
291 163 323.4636972530637 16.67 3 3 364 365
1 0 0 0 1 0 0 0 1
1 0 0 0 1 0 0 0 1
291 148 441.69423243877213 16.67 3 3 366 367
1 0 0 0 1 0 0 0 1
1 0 0 0 1 0 0 0 1
292 198 292.37585554677054 16.67 3 3 368 369
1 0 0 0 1 0 0 0 1
1 0 0 0 1 0 0 0 1
292 37 291.4029578218993 16.67 3 3 370 371
1 0 0 0 1 0 0 0 1
1 0 0 0 1 0 0 0 1
292 195 544.830315415368 16.67 3 3 372 373
1 0 0 0 1 0 0 0 1
1 0 0 0 1 0 0 0 1
292 165 838.541020267761 16.67 3 3 374 375
1 0 0 0 1 0 0 0 1
1 0 0 0 1 0 0 0 1
293 163 73.93454719533418 16.67 3 3 376 377
1 0 0 0 1 0 0 0 1
1 0 0 0 1 0 0 0 1
293 66 312.5749446431607 16.67 3 3 378 379
1 0 0 0 1 0 0 0 1
1 0 0 0 1 0 0 0 1
293 149 607.798517421276 16.67 3 3 380 381
1 0 0 0 1 0 0 0 1
1 0 0 0 1 0 0 0 1
294 64 471.8214244591586 16.67 3 3 382 383
1 0 0 0 1 0 0 0 1
1 0 0 0 1 0 0 0 1
294 220 238.89487068307432 16.67 3 3 384 385
1 0 0 0 1 0 0 0 1
1 0 0 0 1 0 0 0 1
294 66 404.4128873420738 16.67 3 3 386 387
1 0 0 0 1 0 0 0 1
1 0 0 0 1 0 0 0 1
295 40 256.6907779888194 16.67 3 3 388 389
1 0 0 0 1 0 0 0 1
1 0 0 0 1 0 0 0 1
295 388 465.0960180396741 16.67 3 3 390 391
1 0 0 0 1 0 0 0 1
1 0 0 0 1 0 0 0 1
295 389 575.903400273517 16.67 3 3 392 393
1 0 0 0 1 0 0 0 1
1 0 0 0 1 0 0 0 1
295 82 579.5703905122936 16.67 3 3 394 395
1 0 0 0 1 0 0 0 1
1 0 0 0 1 0 0 0 1
296 227 517.5884480745761 16.67 3 3 396 397
1 0 0 0 1 0 0 0 1
1 0 0 0 1 0 0 0 1
296 180 1435.4394434339542 16.67 3 3 398 399
1 0 0 0 1 0 0 0 1
1 0 0 0 1 0 0 0 1
296 230 623.1561775600458 16.67 3 3 400 401
1 0 0 0 1 0 0 0 1
1 0 0 0 1 0 0 0 1
297 298 73.269148879624 16.67 3 3 402 403
1 0 0 0 1 0 0 0 1
1 0 0 0 1 0 0 0 1
298 221 796.727441266122 16.67 3 3 404 405
1 0 0 0 1 0 0 0 1
1 0 0 0 1 0 0 0 1
298 5 633.1917623030683 16.67 3 3 406 407
1 0 0 0 1 0 0 0 1
1 0 0 0 1 0 0 0 1
299 49 257.676739145518 16.67 3 3 408 409
1 0 0 0 1 0 0 0 1
1 0 0 0 1 0 0 0 1
299 301 452.598567155766 16.67 3 3 410 411
1 0 0 0 1 0 0 0 1
1 0 0 0 1 0 0 0 1
299 22 245.44243653435532 16.67 3 3 412 413
1 0 0 0 1 0 0 0 1
1 0 0 0 1 0 0 0 1
300 50 244.0194668900112 16.67 3 3 414 415
1 0 0 0 1 0 0 0 1
1 0 0 0 1 0 0 0 1
300 105 1178.8434552712085 16.67 3 3 416 417
1 0 0 0 1 0 0 0 1
1 0 0 0 1 0 0 0 1
300 301 23.352532195157448 16.67 3 3 418 419
1 0 0 0 1 0 0 0 1
1 0 0 0 1 0 0 0 1
300 358 286.3471108429811 16.67 3 3 420 421
1 0 0 0 1 0 0 0 1
1 0 0 0 1 0 0 0 1
301 54 1180.9675928951187 16.67 3 3 422 423
1 0 0 0 1 0 0 0 1
1 0 0 0 1 0 0 0 1
301 123 243.94709081422246 16.67 3 3 424 425
1 0 0 0 1 0 0 0 1
1 0 0 0 1 0 0 0 1
302 306 393.2143718971676 16.67 3 3 426 427
1 0 0 0 1 0 0 0 1
1 0 0 0 1 0 0 0 1
302 333 26.878542241580185 16.67 3 3 428 429
1 0 0 0 1 0 0 0 1
1 0 0 0 1 0 0 0 1
303 94 23.259574584688384 16.67 3 3 430 431
1 0 0 0 1 0 0 0 1
1 0 0 0 1 0 0 0 1
303 23 713.1088702430483 16.67 3 3 432 433
1 0 0 0 1 0 0 0 1
1 0 0 0 1 0 0 0 1
303 114 288.683796608267 16.67 3 3 434 435
1 0 0 0 1 0 0 0 1
1 0 0 0 1 0 0 0 1
303 68 421.7640910647253 16.67 3 3 436 437
1 0 0 0 1 0 0 0 1
1 0 0 0 1 0 0 0 1
304 397 357.3497493762246 16.67 3 3 438 439
1 0 0 0 1 0 0 0 1
1 0 0 0 1 0 0 0 1
304 342 376.032214291109 16.67 3 3 440 441
1 0 0 0 1 0 0 0 1
1 0 0 0 1 0 0 0 1
305 316 430.06583106834785 16.67 3 3 442 443
1 0 0 0 1 0 0 0 1
1 0 0 0 1 0 0 0 1
305 227 658.2704939150096 16.67 3 3 444 445
1 0 0 0 1 0 0 0 1
1 0 0 0 1 0 0 0 1
305 354 610.103025465712 16.67 3 3 446 447
1 0 0 0 1 0 0 0 1
1 0 0 0 1 0 0 0 1
306 333 420.0851981499695 16.67 3 3 448 449
1 0 0 0 1 0 0 0 1
1 0 0 0 1 0 0 0 1
306 393 576.4233735842013 16.67 3 3 450 451
1 0 0 0 1 0 0 0 1
1 0 0 0 1 0 0 0 1
73 17 534.3824156802474 16.67 3 3 452 453
1 0 0 0 1 0 0 0 1
1 0 0 0 1 0 0 0 1
73 328 145.5596861761727 16.67 3 3 454 455
1 0 0 0 1 0 0 0 1
1 0 0 0 1 0 0 0 1
73 3 509.31065639209396 16.67 3 3 456 457
1 0 0 0 1 0 0 0 1
1 0 0 0 1 0 0 0 1
307 355 743.2343759031224 16.67 3 3 458 459
1 0 0 0 1 0 0 0 1
1 0 0 0 1 0 0 0 1
307 358 342.2801690370505 16.67 3 3 460 461
1 0 0 0 1 0 0 0 1
1 0 0 0 1 0 0 0 1
308 375 242.41070818936169 16.67 3 3 462 463
1 0 0 0 1 0 0 0 1
1 0 0 0 1 0 0 0 1
308 339 177.58992128551185 16.67 3 3 464 465
1 0 0 0 1 0 0 0 1
1 0 0 0 1 0 0 0 1
308 340 334.8459695229991 16.67 3 3 466 467
1 0 0 0 1 0 0 0 1
1 0 0 0 1 0 0 0 1
309 91 660.4371846253376 16.67 3 3 468 469
1 0 0 0 1 0 0 0 1
1 0 0 0 1 0 0 0 1
309 385 111.67304082400351 16.67 3 3 470 471
1 0 0 0 1 0 0 0 1
1 0 0 0 1 0 0 0 1
309 81 182.3199191811913 16.67 3 3 472 473
1 0 0 0 1 0 0 0 1
1 0 0 0 1 0 0 0 1
310 40 375.83022642342985 16.67 3 3 474 475
1 0 0 0 1 0 0 0 1
1 0 0 0 1 0 0 0 1
310 340 498.67566738124003 16.67 3 3 476 477
1 0 0 0 1 0 0 0 1
1 0 0 0 1 0 0 0 1
311 312 32.08663211785178 16.67 3 3 478 479
1 0 0 0 1 0 0 0 1
1 0 0 0 1 0 0 0 1
311 11 186.25262604308475 16.67 3 3 480 481
1 0 0 0 1 0 0 0 1
1 0 0 0 1 0 0 0 1
311 193 500.39100257928646 16.67 3 3 482 483
1 0 0 0 1 0 0 0 1
1 0 0 0 1 0 0 0 1
312 10 191.39194414547552 16.67 3 3 484 485
1 0 0 0 1 0 0 0 1
1 0 0 0 1 0 0 0 1
312 108 495.9029179910802 16.67 3 3 486 487
1 0 0 0 1 0 0 0 1
1 0 0 0 1 0 0 0 1
313 218 385.06331300807756 16.67 3 3 488 489
1 0 0 0 1 0 0 0 1
1 0 0 0 1 0 0 0 1
313 173 20.016367196364772 16.67 3 3 490 491
1 0 0 0 1 0 0 0 1
1 0 0 0 1 0 0 0 1
314 227 359.5602853591884 16.67 3 3 492 493
1 0 0 0 1 0 0 0 1
1 0 0 0 1 0 0 0 1
314 314 0.0 16.67 3 3 494 495
1 0 0 0 1 0 0 0 1
1 0 0 0 1 0 0 0 1
314 315 467.8218985369703 16.67 3 3 496 497
1 0 0 0 1 0 0 0 1
1 0 0 0 1 0 0 0 1
315 180 585.4283812318802 16.67 3 3 498 499
1 0 0 0 1 0 0 0 1
1 0 0 0 1 0 0 0 1
315 223 688.6037038431687 16.67 3 3 500 501
1 0 0 0 1 0 0 0 1
1 0 0 0 1 0 0 0 1
316 56 286.4125089795603 16.67 3 3 502 503
1 0 0 0 1 0 0 0 1
1 0 0 0 1 0 0 0 1
316 343 295.24079097799 16.67 3 3 504 505
1 0 0 0 1 0 0 0 1
1 0 0 0 1 0 0 0 1
316 223 635.6627681609779 16.67 3 3 506 507
1 0 0 0 1 0 0 0 1
1 0 0 0 1 0 0 0 1
46 125 302.4692940852769 16.67 3 3 508 509
1 0 0 0 1 0 0 0 1
1 0 0 0 1 0 0 0 1
46 45 176.40877349842387 16.67 3 3 510 511
1 0 0 0 1 0 0 0 1
1 0 0 0 1 0 0 0 1
47 125 23.352375016680277 16.67 3 3 512 513
1 0 0 0 1 0 0 0 1
1 0 0 0 1 0 0 0 1
47 100 296.9089657968433 16.67 3 3 514 515
1 0 0 0 1 0 0 0 1
1 0 0 0 1 0 0 0 1
47 48 243.53053489350654 16.67 3 3 516 517
1 0 0 0 1 0 0 0 1
1 0 0 0 1 0 0 0 1
317 101 384.3286318509257 16.67 3 3 518 519
1 0 0 0 1 0 0 0 1
1 0 0 0 1 0 0 0 1
317 326 172.13693725279967 16.67 3 3 520 521
1 0 0 0 1 0 0 0 1
1 0 0 0 1 0 0 0 1
48 124 23.910839701126346 16.67 3 3 522 523
1 0 0 0 1 0 0 0 1
1 0 0 0 1 0 0 0 1
48 21 293.5727144816383 16.67 3 3 524 525
1 0 0 0 1 0 0 0 1
1 0 0 0 1 0 0 0 1
48 407 158.7211540847077 16.67 3 3 526 527
1 0 0 0 1 0 0 0 1
1 0 0 0 1 0 0 0 1
318 324 439.79061589989277 16.67 3 3 528 529
1 0 0 0 1 0 0 0 1
1 0 0 0 1 0 0 0 1
318 184 674.0732909971434 16.67 3 3 530 531
1 0 0 0 1 0 0 0 1
1 0 0 0 1 0 0 0 1
319 378 428.06538728646086 16.67 3 3 532 533
1 0 0 0 1 0 0 0 1
1 0 0 0 1 0 0 0 1
319 382 424.90301205903336 16.67 3 3 534 535
1 0 0 0 1 0 0 0 1
1 0 0 0 1 0 0 0 1
320 98 1132.6454256167276 16.67 3 3 536 537
1 0 0 0 1 0 0 0 1
1 0 0 0 1 0 0 0 1
320 336 475.0808327347557 16.67 3 3 538 539
1 0 0 0 1 0 0 0 1
1 0 0 0 1 0 0 0 1
321 132 979.8392838773905 16.67 3 3 540 541
1 0 0 0 1 0 0 0 1
1 0 0 0 1 0 0 0 1
321 99 701.722262955991 16.67 3 3 542 543
1 0 0 0 1 0 0 0 1
1 0 0 0 1 0 0 0 1
49 123 374.75001810615936 16.67 3 3 544 545
1 0 0 0 1 0 0 0 1
1 0 0 0 1 0 0 0 1
322 65 1467.9878017309557 16.67 3 3 546 547
1 0 0 0 1 0 0 0 1
1 0 0 0 1 0 0 0 1
50 407 225.98907816289474 16.67 3 3 548 549
1 0 0 0 1 0 0 0 1
1 0 0 0 1 0 0 0 1
50 123 25.020401802457247 16.67 3 3 550 551
1 0 0 0 1 0 0 0 1
1 0 0 0 1 0 0 0 1
323 109 403.1077843451358 16.67 3 3 552 553
1 0 0 0 1 0 0 0 1
1 0 0 0 1 0 0 0 1
323 401 239.63990962583904 16.67 3 3 554 555
1 0 0 0 1 0 0 0 1
1 0 0 0 1 0 0 0 1
323 68 428.4424225402421 16.67 3 3 556 557
1 0 0 0 1 0 0 0 1
1 0 0 0 1 0 0 0 1
324 19 96.05726795304464 16.67 3 3 558 559
1 0 0 0 1 0 0 0 1
1 0 0 0 1 0 0 0 1
324 204 659.6852397944939 16.67 3 3 560 561
1 0 0 0 1 0 0 0 1
1 0 0 0 1 0 0 0 1
324 187 691.1879570040351 16.67 3 3 562 563
1 0 0 0 1 0 0 0 1
1 0 0 0 1 0 0 0 1
325 185 672.1602627512694 16.67 3 3 564 565
1 0 0 0 1 0 0 0 1
1 0 0 0 1 0 0 0 1
325 189 539.5477742311941 16.67 3 3 566 567
1 0 0 0 1 0 0 0 1
1 0 0 0 1 0 0 0 1
325 63 920.3397143565336 16.67 3 3 568 569
1 0 0 0 1 0 0 0 1
1 0 0 0 1 0 0 0 1
326 101 318.66185787093997 16.67 3 3 570 571
1 0 0 0 1 0 0 0 1
1 0 0 0 1 0 0 0 1
326 102 339.2837843860169 16.67 3 3 572 573
1 0 0 0 1 0 0 0 1
1 0 0 0 1 0 0 0 1
130 395 309.52716186513686 16.67 3 3 574 575
1 0 0 0 1 0 0 0 1
1 0 0 0 1 0 0 0 1
130 224 636.9668750015732 16.67 3 3 576 577
1 0 0 0 1 0 0 0 1
1 0 0 0 1 0 0 0 1
130 155 397.40673570153723 16.67 3 3 578 579
1 0 0 0 1 0 0 0 1
1 0 0 0 1 0 0 0 1
130 134 610.4980983562 16.67 3 3 580 581
1 0 0 0 1 0 0 0 1
1 0 0 0 1 0 0 0 1
327 395 606.5178019020824 16.67 3 3 582 583
1 0 0 0 1 0 0 0 1
1 0 0 0 1 0 0 0 1
327 148 91.68575516620652 16.67 3 3 584 585
1 0 0 0 1 0 0 0 1
1 0 0 0 1 0 0 0 1
327 134 310.0467773360125 16.67 3 3 586 587
1 0 0 0 1 0 0 0 1
1 0 0 0 1 0 0 0 1
328 138 876.7732845604554 16.67 3 3 588 589
1 0 0 0 1 0 0 0 1
1 0 0 0 1 0 0 0 1
328 168 411.8031311265379 16.67 3 3 590 591
1 0 0 0 1 0 0 0 1
1 0 0 0 1 0 0 0 1
329 61 248.7994858663313 16.67 3 3 592 593
1 0 0 0 1 0 0 0 1
1 0 0 0 1 0 0 0 1
329 178 121.18774682649526 16.67 3 3 594 595
1 0 0 0 1 0 0 0 1
1 0 0 0 1 0 0 0 1
329 337 25.02406702793831 16.67 3 3 596 597
1 0 0 0 1 0 0 0 1
1 0 0 0 1 0 0 0 1
329 84 36.64870009370517 16.67 3 3 598 599
1 0 0 0 1 0 0 0 1
1 0 0 0 1 0 0 0 1
330 190 544.7974515762629 16.67 3 3 600 601
1 0 0 0 1 0 0 0 1
1 0 0 0 1 0 0 0 1
331 353 460.42392217112985 16.67 3 3 602 603
1 0 0 0 1 0 0 0 1
1 0 0 0 1 0 0 0 1
331 234 21.128339300203958 16.67 3 3 604 605
1 0 0 0 1 0 0 0 1
1 0 0 0 1 0 0 0 1
331 143 540.1837916332399 16.67 3 3 606 607
1 0 0 0 1 0 0 0 1
1 0 0 0 1 0 0 0 1
94 372 255.65688954414964 16.67 3 3 608 609
1 0 0 0 1 0 0 0 1
1 0 0 0 1 0 0 0 1
94 392 958.935433892944 16.67 3 3 610 611
1 0 0 0 1 0 0 0 1
1 0 0 0 1 0 0 0 1
332 333 1078.9159579713596 16.67 3 3 612 613
1 0 0 0 1 0 0 0 1
1 0 0 0 1 0 0 0 1
332 365 399.58590128538424 16.67 3 3 614 615
1 0 0 0 1 0 0 0 1
1 0 0 0 1 0 0 0 1
332 400 294.7632134404931 16.67 3 3 616 617
1 0 0 0 1 0 0 0 1
1 0 0 0 1 0 0 0 1
334 179 274.71393891874953 16.67 3 3 618 619
1 0 0 0 1 0 0 0 1
1 0 0 0 1 0 0 0 1
334 34 23.313277269143633 16.67 3 3 620 621
1 0 0 0 1 0 0 0 1
1 0 0 0 1 0 0 0 1
334 176 283.3614156633262 16.67 3 3 622 623
1 0 0 0 1 0 0 0 1
1 0 0 0 1 0 0 0 1
335 213 989.0007307678004 16.67 3 3 624 625
1 0 0 0 1 0 0 0 1
1 0 0 0 1 0 0 0 1
335 38 254.83570579094166 16.67 3 3 626 627
1 0 0 0 1 0 0 0 1
1 0 0 0 1 0 0 0 1
335 149 188.99807729868718 16.67 3 3 628 629
1 0 0 0 1 0 0 0 1
1 0 0 0 1 0 0 0 1
336 382 444.84387011200164 16.67 3 3 630 631
1 0 0 0 1 0 0 0 1
1 0 0 0 1 0 0 0 1
337 179 126.11287404803313 16.67 3 3 632 633
1 0 0 0 1 0 0 0 1
1 0 0 0 1 0 0 0 1
337 350 155.20390952795495 16.67 3 3 634 635
1 0 0 0 1 0 0 0 1
1 0 0 0 1 0 0 0 1
338 384 437.31401716977416 16.67 3 3 636 637
1 0 0 0 1 0 0 0 1
1 0 0 0 1 0 0 0 1
339 120 214.36657478721875 16.67 3 3 638 639
1 0 0 0 1 0 0 0 1
1 0 0 0 1 0 0 0 1
339 352 360.3897858034272 16.67 3 3 640 641
1 0 0 0 1 0 0 0 1
1 0 0 0 1 0 0 0 1
340 76 383.5412647071849 16.67 3 3 642 643
1 0 0 0 1 0 0 0 1
1 0 0 0 1 0 0 0 1
341 356 273.99082474312104 16.67 3 3 644 645
1 0 0 0 1 0 0 0 1
1 0 0 0 1 0 0 0 1
341 76 252.82188726788777 16.67 3 3 646 647
1 0 0 0 1 0 0 0 1
1 0 0 0 1 0 0 0 1
341 366 216.82512771250734 16.67 3 3 648 649
1 0 0 0 1 0 0 0 1
1 0 0 0 1 0 0 0 1
341 360 375.02920684446434 16.67 3 3 650 651
1 0 0 0 1 0 0 0 1
1 0 0 0 1 0 0 0 1
342 122 330.67853376714555 16.67 3 3 652 653
1 0 0 0 1 0 0 0 1
1 0 0 0 1 0 0 0 1
342 374 283.3176889917612 16.67 3 3 654 655
1 0 0 0 1 0 0 0 1
1 0 0 0 1 0 0 0 1
343 392 316.0110878199798 16.67 3 3 656 657
1 0 0 0 1 0 0 0 1
1 0 0 0 1 0 0 0 1
343 67 287.5282633166892 16.67 3 3 658 659
1 0 0 0 1 0 0 0 1
1 0 0 0 1 0 0 0 1
30 159 392.019166015594 16.67 3 3 660 661
1 0 0 0 1 0 0 0 1
1 0 0 0 1 0 0 0 1
30 129 308.93567220957067 16.67 3 3 662 663
1 0 0 0 1 0 0 0 1
1 0 0 0 1 0 0 0 1
106 53 332.9386866374233 16.67 3 3 664 665
1 0 0 0 1 0 0 0 1
1 0 0 0 1 0 0 0 1
106 370 536.946993075727 16.67 3 3 666 667
1 0 0 0 1 0 0 0 1
1 0 0 0 1 0 0 0 1
344 78 572.8088373256816 16.67 3 3 668 669
1 0 0 0 1 0 0 0 1
1 0 0 0 1 0 0 0 1
344 187 2327.3557265445675 16.67 3 3 670 671
1 0 0 0 1 0 0 0 1
1 0 0 0 1 0 0 0 1
344 219 1600.024600391937 16.67 3 3 672 673
1 0 0 0 1 0 0 0 1
1 0 0 0 1 0 0 0 1
345 373 288.72854384960635 16.67 3 3 674 675
1 0 0 0 1 0 0 0 1
1 0 0 0 1 0 0 0 1
345 386 280.37235777560676 16.67 3 3 676 677
1 0 0 0 1 0 0 0 1
1 0 0 0 1 0 0 0 1
345 346 444.89181019389804 16.67 3 3 678 679
1 0 0 0 1 0 0 0 1
1 0 0 0 1 0 0 0 1
346 232 324.3025421329511 16.67 3 3 680 681
1 0 0 0 1 0 0 0 1
1 0 0 0 1 0 0 0 1
346 169 208.63443437993683 16.67 3 3 682 683
1 0 0 0 1 0 0 0 1
1 0 0 0 1 0 0 0 1
347 363 23.46420264165379 16.67 3 3 684 685
1 0 0 0 1 0 0 0 1
1 0 0 0 1 0 0 0 1
348 364 209.9489817358059 16.67 3 3 686 687
1 0 0 0 1 0 0 0 1
1 0 0 0 1 0 0 0 1
348 400 437.10472522728713 16.67 3 3 688 689
1 0 0 0 1 0 0 0 1
1 0 0 0 1 0 0 0 1
348 171 315.41836120134604 16.67 3 3 690 691
1 0 0 0 1 0 0 0 1
1 0 0 0 1 0 0 0 1
349 368 347.39497318064247 16.67 3 3 692 693
1 0 0 0 1 0 0 0 1
1 0 0 0 1 0 0 0 1
349 363 274.05819439062356 16.67 3 3 694 695
1 0 0 0 1 0 0 0 1
1 0 0 0 1 0 0 0 1
349 357 222.56350124936327 16.67 3 3 696 697
1 0 0 0 1 0 0 0 1
1 0 0 0 1 0 0 0 1
351 381 663.487894217357 16.67 3 3 698 699
1 0 0 0 1 0 0 0 1
1 0 0 0 1 0 0 0 1
351 352 22.398692578808753 16.67 3 3 700 701
1 0 0 0 1 0 0 0 1
1 0 0 0 1 0 0 0 1
352 357 472.0081481268146 16.67 3 3 702 703
1 0 0 0 1 0 0 0 1
1 0 0 0 1 0 0 0 1
353 394 21.684348227742767 16.67 3 3 704 705
1 0 0 0 1 0 0 0 1
1 0 0 0 1 0 0 0 1
354 390 733.8342102340583 16.67 3 3 706 707
1 0 0 0 1 0 0 0 1
1 0 0 0 1 0 0 0 1
354 392 435.6782393359772 16.67 3 3 708 709
1 0 0 0 1 0 0 0 1
1 0 0 0 1 0 0 0 1
354 393 440.1944124356448 16.67 3 3 710 711
1 0 0 0 1 0 0 0 1
1 0 0 0 1 0 0 0 1
355 380 328.0458976209346 16.67 3 3 712 713
1 0 0 0 1 0 0 0 1
1 0 0 0 1 0 0 0 1
355 87 269.9831883540694 16.67 3 3 714 715
1 0 0 0 1 0 0 0 1
1 0 0 0 1 0 0 0 1
356 400 413.10978290973605 16.67 3 3 716 717
1 0 0 0 1 0 0 0 1
1 0 0 0 1 0 0 0 1
357 359 345.32855275219333 16.67 3 3 718 719
1 0 0 0 1 0 0 0 1
1 0 0 0 1 0 0 0 1
358 380 742.9372236049654 16.67 3 3 720 721
1 0 0 0 1 0 0 0 1
1 0 0 0 1 0 0 0 1
358 381 470.4719258183479 16.67 3 3 722 723
1 0 0 0 1 0 0 0 1
1 0 0 0 1 0 0 0 1
359 368 216.23190355212486 16.67 3 3 724 725
1 0 0 0 1 0 0 0 1
1 0 0 0 1 0 0 0 1
359 120 252.5479528394147 16.67 3 3 726 727
1 0 0 0 1 0 0 0 1
1 0 0 0 1 0 0 0 1
359 360 279.39637859073366 16.67 3 3 728 729
1 0 0 0 1 0 0 0 1
1 0 0 0 1 0 0 0 1
360 375 252.37165260884285 16.67 3 3 730 731
1 0 0 0 1 0 0 0 1
1 0 0 0 1 0 0 0 1
360 367 216.64400052088752 16.67 3 3 732 733
1 0 0 0 1 0 0 0 1
1 0 0 0 1 0 0 0 1
361 362 281.2974761858635 16.67 3 3 734 735
1 0 0 0 1 0 0 0 1
1 0 0 0 1 0 0 0 1
361 399 242.69341895799582 16.67 3 3 736 737
1 0 0 0 1 0 0 0 1
1 0 0 0 1 0 0 0 1
361 171 372.126287345846 16.67 3 3 738 739
1 0 0 0 1 0 0 0 1
1 0 0 0 1 0 0 0 1
361 367 276.3861139207023 16.67 3 3 740 741
1 0 0 0 1 0 0 0 1
1 0 0 0 1 0 0 0 1
362 368 274.8442914985401 16.67 3 3 742 743
1 0 0 0 1 0 0 0 1
1 0 0 0 1 0 0 0 1
362 403 243.87622116082028 16.67 3 3 744 745
1 0 0 0 1 0 0 0 1
1 0 0 0 1 0 0 0 1
362 363 348.5064203613974 16.67 3 3 746 747
1 0 0 0 1 0 0 0 1
1 0 0 0 1 0 0 0 1
363 405 244.35719297097458 16.67 3 3 748 749
1 0 0 0 1 0 0 0 1
1 0 0 0 1 0 0 0 1
364 404 281.34131199708276 16.67 3 3 750 751
1 0 0 0 1 0 0 0 1
1 0 0 0 1 0 0 0 1
364 365 435.91215324526985 16.67 3 3 752 753
1 0 0 0 1 0 0 0 1
1 0 0 0 1 0 0 0 1
365 169 243.35174874021715 16.67 3 3 754 755
1 0 0 0 1 0 0 0 1
1 0 0 0 1 0 0 0 1
366 171 277.78612713843825 16.67 3 3 756 757
1 0 0 0 1 0 0 0 1
1 0 0 0 1 0 0 0 1
366 366 0.0 16.67 3 3 758 759
1 0 0 0 1 0 0 0 1
1 0 0 0 1 0 0 0 1
367 368 277.4491038418295 16.67 3 3 760 761
1 0 0 0 1 0 0 0 1
1 0 0 0 1 0 0 0 1
369 141 310.9689953609482 16.67 3 3 762 763
1 0 0 0 1 0 0 0 1
1 0 0 0 1 0 0 0 1
369 136 867.1527479227682 16.67 3 3 764 765
1 0 0 0 1 0 0 0 1
1 0 0 0 1 0 0 0 1
372 390 297.72612590925763 16.67 3 3 766 767
1 0 0 0 1 0 0 0 1
1 0 0 0 1 0 0 0 1
372 391 241.9087557302619 16.67 3 3 768 769
1 0 0 0 1 0 0 0 1
1 0 0 0 1 0 0 0 1
372 401 259.3169590566018 16.67 3 3 770 771
1 0 0 0 1 0 0 0 1
1 0 0 0 1 0 0 0 1
373 232 408.71015160235817 16.67 3 3 772 773
1 0 0 0 1 0 0 0 1
1 0 0 0 1 0 0 0 1
373 122 282.8977357318159 16.67 3 3 774 775
1 0 0 0 1 0 0 0 1
1 0 0 0 1 0 0 0 1
373 374 307.3613349536119 16.67 3 3 776 777
1 0 0 0 1 0 0 0 1
1 0 0 0 1 0 0 0 1
65 154 407.56477210559854 16.67 3 3 778 779
1 0 0 0 1 0 0 0 1
1 0 0 0 1 0 0 0 1
374 96 185.76942309031014 16.67 3 3 780 781
1 0 0 0 1 0 0 0 1
1 0 0 0 1 0 0 0 1
374 95 215.64495604289215 16.67 3 3 782 783
1 0 0 0 1 0 0 0 1
1 0 0 0 1 0 0 0 1
375 120 280.5078130800795 16.67 3 3 784 785
1 0 0 0 1 0 0 0 1
1 0 0 0 1 0 0 0 1
375 76 355.56821584547026 16.67 3 3 786 787
1 0 0 0 1 0 0 0 1
1 0 0 0 1 0 0 0 1
376 377 287.7956711678976 16.67 3 3 788 789
1 0 0 0 1 0 0 0 1
1 0 0 0 1 0 0 0 1
376 81 22.372211552717243 16.67 3 3 790 791
1 0 0 0 1 0 0 0 1
1 0 0 0 1 0 0 0 1
376 75 323.6018732762233 16.67 3 3 792 793
1 0 0 0 1 0 0 0 1
1 0 0 0 1 0 0 0 1
377 74 186.735264507199 16.67 3 3 794 795
1 0 0 0 1 0 0 0 1
1 0 0 0 1 0 0 0 1
377 385 24.97671224860224 16.67 3 3 796 797
1 0 0 0 1 0 0 0 1
1 0 0 0 1 0 0 0 1
378 160 531.2083991976613 16.67 3 3 798 799
1 0 0 0 1 0 0 0 1
1 0 0 0 1 0 0 0 1
380 396 318.59491689938847 16.67 3 3 800 801
1 0 0 0 1 0 0 0 1
1 0 0 0 1 0 0 0 1
380 55 258.29365282584934 16.67 3 3 802 803
1 0 0 0 1 0 0 0 1
1 0 0 0 1 0 0 0 1
381 21 157.06182042505108 16.67 3 3 804 805
1 0 0 0 1 0 0 0 1
1 0 0 0 1 0 0 0 1
381 407 288.6846699445342 16.67 3 3 806 807
1 0 0 0 1 0 0 0 1
1 0 0 0 1 0 0 0 1
382 384 1560.5726709283792 16.67 3 3 808 809
1 0 0 0 1 0 0 0 1
1 0 0 0 1 0 0 0 1
383 234 144.56242292044644 16.67 3 3 810 811
1 0 0 0 1 0 0 0 1
1 0 0 0 1 0 0 0 1
383 26 375.48293587175357 16.67 3 3 812 813
1 0 0 0 1 0 0 0 1
1 0 0 0 1 0 0 0 1
384 167 409.1888961454145 16.67 3 3 814 815
1 0 0 0 1 0 0 0 1
1 0 0 0 1 0 0 0 1
385 27 664.4298906939293 16.67 3 3 816 817
1 0 0 0 1 0 0 0 1
1 0 0 0 1 0 0 0 1
386 121 187.93531501060306 16.67 3 3 818 819
1 0 0 0 1 0 0 0 1
1 0 0 0 1 0 0 0 1
386 122 286.7527209623205 16.67 3 3 820 821
1 0 0 0 1 0 0 0 1
1 0 0 0 1 0 0 0 1
386 387 376.14051878807385 16.67 3 3 822 823
1 0 0 0 1 0 0 0 1
1 0 0 0 1 0 0 0 1
387 397 288.14876727634095 16.67 3 3 824 825
1 0 0 0 1 0 0 0 1
1 0 0 0 1 0 0 0 1
387 398 187.51641783104702 16.67 3 3 826 827
1 0 0 0 1 0 0 0 1
1 0 0 0 1 0 0 0 1
388 388 0.0 16.67 3 3 828 829
1 0 0 0 1 0 0 0 1
1 0 0 0 1 0 0 0 1
389 109 256.2378542023677 16.67 3 3 830 831
1 0 0 0 1 0 0 0 1
1 0 0 0 1 0 0 0 1
390 393 585.0200257177128 16.67 3 3 832 833
1 0 0 0 1 0 0 0 1
1 0 0 0 1 0 0 0 1
390 402 26.7153643200182 16.67 3 3 834 835
1 0 0 0 1 0 0 0 1
1 0 0 0 1 0 0 0 1
391 401 23.908537428265646 16.67 3 3 836 837
1 0 0 0 1 0 0 0 1
1 0 0 0 1 0 0 0 1
391 402 386.4298165162485 16.67 3 3 838 839
1 0 0 0 1 0 0 0 1
1 0 0 0 1 0 0 0 1
392 80 290.3369148419893 16.67 3 3 840 841
1 0 0 0 1 0 0 0 1
1 0 0 0 1 0 0 0 1
393 402 607.2033752087837 16.67 3 3 842 843
1 0 0 0 1 0 0 0 1
1 0 0 0 1 0 0 0 1
394 234 460.4553808998455 16.67 3 3 844 845
1 0 0 0 1 0 0 0 1
1 0 0 0 1 0 0 0 1
394 142 185.61907162869016 16.67 3 3 846 847
1 0 0 0 1 0 0 0 1
1 0 0 0 1 0 0 0 1
395 221 638.7430805357202 16.67 3 3 848 849
1 0 0 0 1 0 0 0 1
1 0 0 0 1 0 0 0 1
395 1 376.22870076965654 16.67 3 3 850 851
1 0 0 0 1 0 0 0 1
1 0 0 0 1 0 0 0 1
396 104 250.66069381746595 16.67 3 3 852 853
1 0 0 0 1 0 0 0 1
1 0 0 0 1 0 0 0 1
396 52 244.38121425678244 16.67 3 3 854 855
1 0 0 0 1 0 0 0 1
1 0 0 0 1 0 0 0 1
397 122 373.97680034212823 16.67 3 3 856 857
1 0 0 0 1 0 0 0 1
1 0 0 0 1 0 0 0 1
397 75 278.78372003907793 16.67 3 3 858 859
1 0 0 0 1 0 0 0 1
1 0 0 0 1 0 0 0 1
398 121 378.5322756434943 16.67 3 3 860 861
1 0 0 0 1 0 0 0 1
1 0 0 0 1 0 0 0 1
398 399 280.9763740898302 16.67 3 3 862 863
1 0 0 0 1 0 0 0 1
1 0 0 0 1 0 0 0 1
398 119 275.78108115146046 16.67 3 3 864 865
1 0 0 0 1 0 0 0 1
1 0 0 0 1 0 0 0 1
399 403 276.89259100885494 16.67 3 3 866 867
1 0 0 0 1 0 0 0 1
1 0 0 0 1 0 0 0 1
399 404 376.97497019267377 16.67 3 3 868 869
1 0 0 0 1 0 0 0 1
1 0 0 0 1 0 0 0 1
403 405 353.8442483932865 16.67 3 3 870 871
1 0 0 0 1 0 0 0 1
1 0 0 0 1 0 0 0 1
403 119 281.28234415880723 16.67 3 3 872 873
1 0 0 0 1 0 0 0 1
1 0 0 0 1 0 0 0 1
404 121 280.770264572677 16.67 3 3 874 875
1 0 0 0 1 0 0 0 1
1 0 0 0 1 0 0 0 1
404 171 241.1915589714298 16.67 3 3 876 877
1 0 0 0 1 0 0 0 1
1 0 0 0 1 0 0 0 1
405 74 281.6468331527991 16.67 3 3 878 879
1 0 0 0 1 0 0 0 1
1 0 0 0 1 0 0 0 1
406 124 159.4622866316315 16.67 3 3 880 881
1 0 0 0 1 0 0 0 1
1 0 0 0 1 0 0 0 1
406 406 0.0 16.67 3 3 882 883
1 0 0 0 1 0 0 0 1
1 0 0 0 1 0 0 0 1
406 407 23.355557201358252 16.67 3 3 884 885
1 0 0 0 1 0 0 0 1
1 0 0 0 1 0 0 0 1
408 197 411.5935071482655 16.67 3 3 886 887
1 0 0 0 1 0 0 0 1
1 0 0 0 1 0 0 0 1
408 72 126.17752928291391 16.67 3 3 888 889
1 0 0 0 1 0 0 0 1
1 0 0 0 1 0 0 0 1
408 206 455.2950119605197 16.67 3 3 890 891
1 0 0 0 1 0 0 0 1
1 0 0 0 1 0 0 0 1
408 211 1266.2556726964556 16.67 3 3 892 893
1 0 0 0 1 0 0 0 1
1 0 0 0 1 0 0 0 1
409 160 21.689463560961183 16.67 3 3 894 895
1 0 0 0 1 0 0 0 1
1 0 0 0 1 0 0 0 1
409 371 924.5401131903083 16.67 3 3 896 897
1 0 0 0 1 0 0 0 1
1 0 0 0 1 0 0 0 1
409 281 925.4158737363684 16.67 3 3 898 899
1 0 0 0 1 0 0 0 1
1 0 0 0 1 0 0 0 1
134 151 399.74481273473504 16.67 3 3 900 901
1 0 0 0 1 0 0 0 1
1 0 0 0 1 0 0 0 1
134 135 979.1319074137223 16.67 3 3 902 903
1 0 0 0 1 0 0 0 1
1 0 0 0 1 0 0 0 1
135 152 401.1270092221459 16.67 3 3 904 905
1 0 0 0 1 0 0 0 1
1 0 0 0 1 0 0 0 1
135 136 834.0133934147148 16.67 3 3 906 907
1 0 0 0 1 0 0 0 1
1 0 0 0 1 0 0 0 1
135 157 310.51247143370637 16.67 3 3 908 909
1 0 0 0 1 0 0 0 1
1 0 0 0 1 0 0 0 1
136 153 401.5373424076655 16.67 3 3 910 911
1 0 0 0 1 0 0 0 1
1 0 0 0 1 0 0 0 1
98 58 859.4561524791494 16.67 3 3 912 913
1 0 0 0 1 0 0 0 1
1 0 0 0 1 0 0 0 1
98 13 961.1890523092733 16.67 3 3 914 915
1 0 0 0 1 0 0 0 1
1 0 0 0 1 0 0 0 1
21 100 243.14453718458068 16.67 3 3 916 917
1 0 0 0 1 0 0 0 1
1 0 0 0 1 0 0 0 1
82 35 277.2868597874047 16.67 3 3 918 919
1 0 0 0 1 0 0 0 1
1 0 0 0 1 0 0 0 1
88 80 266.88428589340407 16.67 3 3 920 921
1 0 0 0 1 0 0 0 1
1 0 0 0 1 0 0 0 1
88 114 714.4714736904589 16.67 3 3 922 923
1 0 0 0 1 0 0 0 1
1 0 0 0 1 0 0 0 1
88 23 282.4242362913993 16.67 3 3 924 925
1 0 0 0 1 0 0 0 1
1 0 0 0 1 0 0 0 1
74 119 358.6264144346452 16.67 3 3 926 927
1 0 0 0 1 0 0 0 1
1 0 0 0 1 0 0 0 1
12 186 30.874558681747473 16.67 3 3 928 929
1 0 0 0 1 0 0 0 1
1 0 0 0 1 0 0 0 1
12 187 50.59316544695087 16.67 3 3 930 931
1 0 0 0 1 0 0 0 1
1 0 0 0 1 0 0 0 1
12 9 194.9802994483305 16.67 3 3 932 933
1 0 0 0 1 0 0 0 1
1 0 0 0 1 0 0 0 1
1 163 200.67259515969423 16.67 3 3 934 935
1 0 0 0 1 0 0 0 1
1 0 0 0 1 0 0 0 1
1 222 636.6302236390719 16.67 3 3 936 937
1 0 0 0 1 0 0 0 1
1 0 0 0 1 0 0 0 1
71 208 126.07132425029488 16.67 3 3 938 939
1 0 0 0 1 0 0 0 1
1 0 0 0 1 0 0 0 1
71 113 239.0839007348244 16.67 3 3 940 941
1 0 0 0 1 0 0 0 1
1 0 0 0 1 0 0 0 1
101 102 22.48521296936842 16.67 3 3 942 943
1 0 0 0 1 0 0 0 1
1 0 0 0 1 0 0 0 1
102 64 314.20636798530103 16.67 3 3 944 945
1 0 0 0 1 0 0 0 1
1 0 0 0 1 0 0 0 1
120 77 126.77003579964348 16.67 3 3 946 947
1 0 0 0 1 0 0 0 1
1 0 0 0 1 0 0 0 1
56 226 636.571470751058 16.67 3 3 948 949
1 0 0 0 1 0 0 0 1
1 0 0 0 1 0 0 0 1
56 67 296.3555444825888 16.67 3 3 950 951
1 0 0 0 1 0 0 0 1
1 0 0 0 1 0 0 0 1
40 181 430.351852262327 16.67 3 3 952 953
1 0 0 0 1 0 0 0 1
1 0 0 0 1 0 0 0 1
40 109 570.0475521544043 16.67 3 3 954 955
1 0 0 0 1 0 0 0 1
1 0 0 0 1 0 0 0 1
53 100 351.64428336968797 16.67 3 3 956 957
1 0 0 0 1 0 0 0 1
1 0 0 0 1 0 0 0 1
54 105 28.829932444527934 16.67 3 3 958 959
1 0 0 0 1 0 0 0 1
1 0 0 0 1 0 0 0 1
54 108 237.33441354235669 16.67 3 3 960 961
1 0 0 0 1 0 0 0 1
1 0 0 0 1 0 0 0 1
55 27 178.68090246199827 16.67 3 3 962 963
1 0 0 0 1 0 0 0 1
1 0 0 0 1 0 0 0 1
55 104 363.2748321423162 16.67 3 3 964 965
1 0 0 0 1 0 0 0 1
1 0 0 0 1 0 0 0 1
27 194 394.31399326180605 16.67 3 3 966 967
1 0 0 0 1 0 0 0 1
1 0 0 0 1 0 0 0 1
66 64 254.20549441448034 16.67 3 3 968 969
1 0 0 0 1 0 0 0 1
1 0 0 0 1 0 0 0 1
66 235 612.1663376521467 16.67 3 3 970 971
1 0 0 0 1 0 0 0 1
1 0 0 0 1 0 0 0 1
2 213 830.4178365826045 16.67 3 3 972 973
1 0 0 0 1 0 0 0 1
1 0 0 0 1 0 0 0 1
2 147 502.90698152887364 16.67 3 3 974 975
1 0 0 0 1 0 0 0 1
1 0 0 0 1 0 0 0 1
37 222 830.1214413429063 16.67 3 3 976 977
1 0 0 0 1 0 0 0 1
1 0 0 0 1 0 0 0 1
37 196 523.5400337156639 16.67 3 3 978 979
1 0 0 0 1 0 0 0 1
1 0 0 0 1 0 0 0 1
14 24 568.2420538099361 16.67 3 3 980 981
1 0 0 0 1 0 0 0 1
1 0 0 0 1 0 0 0 1
14 70 126.77015139945216 16.67 3 3 982 983
1 0 0 0 1 0 0 0 1
1 0 0 0 1 0 0 0 1
14 25 280.8543557371887 16.67 3 3 984 985
1 0 0 0 1 0 0 0 1
1 0 0 0 1 0 0 0 1
14 15 81.49141928106143 16.67 3 3 986 987
1 0 0 0 1 0 0 0 1
1 0 0 0 1 0 0 0 1
39 220 141.30672228209613 16.67 3 3 988 989
1 0 0 0 1 0 0 0 1
1 0 0 0 1 0 0 0 1
39 164 166.52434916512098 16.67 3 3 990 991
1 0 0 0 1 0 0 0 1
1 0 0 0 1 0 0 0 1
113 170 768.6172501037263 16.67 3 3 992 993
1 0 0 0 1 0 0 0 1
1 0 0 0 1 0 0 0 1
113 117 344.0956040037615 16.67 3 3 994 995
1 0 0 0 1 0 0 0 1
1 0 0 0 1 0 0 0 1
114 152 405.5501710179316 16.67 3 3 996 997
1 0 0 0 1 0 0 0 1
1 0 0 0 1 0 0 0 1
114 116 834.5696177407508 16.67 3 3 998 999
1 0 0 0 1 0 0 0 1
1 0 0 0 1 0 0 0 1
116 153 404.5385998831928 16.67 3 3 1000 1001
1 0 0 0 1 0 0 0 1
1 0 0 0 1 0 0 0 1
116 182 289.0132799267894 16.67 3 3 1002 1003
1 0 0 0 1 0 0 0 1
1 0 0 0 1 0 0 0 1
62 127 626.0662646516402 16.67 3 3 1004 1005
1 0 0 0 1 0 0 0 1
1 0 0 0 1 0 0 0 1
62 92 911.2990365540562 16.67 3 3 1006 1007
1 0 0 0 1 0 0 0 1
1 0 0 0 1 0 0 0 1
62 162 321.6242149716649 16.67 3 3 1008 1009
1 0 0 0 1 0 0 0 1
1 0 0 0 1 0 0 0 1
62 140 194.86837011610916 16.67 3 3 1010 1011
1 0 0 0 1 0 0 0 1
1 0 0 0 1 0 0 0 1
63 140 532.5571636746469 16.67 3 3 1012 1013
1 0 0 0 1 0 0 0 1
1 0 0 0 1 0 0 0 1
63 209 635.98682195487 16.67 3 3 1014 1015
1 0 0 0 1 0 0 0 1
1 0 0 0 1 0 0 0 1
64 166 154.95581156138329 16.67 3 3 1016 1017
1 0 0 0 1 0 0 0 1
1 0 0 0 1 0 0 0 1
108 193 33.91654466520198 16.67 3 3 1018 1019
1 0 0 0 1 0 0 0 1
1 0 0 0 1 0 0 0 1
124 125 243.18584172997987 16.67 3 3 1020 1021
1 0 0 0 1 0 0 0 1
1 0 0 0 1 0 0 0 1
109 182 434.87741493671166 16.67 3 3 1022 1023
1 0 0 0 1 0 0 0 1
1 0 0 0 1 0 0 0 1
68 182 410.9260380487454 16.67 3 3 1024 1025
1 0 0 0 1 0 0 0 1
1 0 0 0 1 0 0 0 1
24 217 96.09267641034057 16.67 3 3 1026 1027
1 0 0 0 1 0 0 0 1
1 0 0 0 1 0 0 0 1
24 69 143.45071230382507 16.67 3 3 1028 1029
1 0 0 0 1 0 0 0 1
1 0 0 0 1 0 0 0 1
69 144 96.20006754550245 16.67 3 3 1030 1031
1 0 0 0 1 0 0 0 1
1 0 0 0 1 0 0 0 1
70 218 97.2751144011516 16.67 3 3 1032 1033
1 0 0 0 1 0 0 0 1
1 0 0 0 1 0 0 0 1
70 173 287.96133033303556 16.67 3 3 1034 1035
1 0 0 0 1 0 0 0 1
1 0 0 0 1 0 0 0 1
110 232 160.85151262596773 16.67 3 3 1036 1037
1 0 0 0 1 0 0 0 1
1 0 0 0 1 0 0 0 1
110 229 2726.2285666868415 16.67 3 3 1038 1039
1 0 0 0 1 0 0 0 1
1 0 0 0 1 0 0 0 1
80 151 407.5365864546742 16.67 3 3 1040 1041
1 0 0 0 1 0 0 0 1
1 0 0 0 1 0 0 0 1
80 67 314.14533680959175 16.67 3 3 1042 1043
1 0 0 0 1 0 0 0 1
1 0 0 0 1 0 0 0 1
25 173 125.84914769081232 16.67 3 3 1044 1045
1 0 0 0 1 0 0 0 1
1 0 0 0 1 0 0 0 1
51 228 479.17383471050834 16.67 3 3 1046 1047
1 0 0 0 1 0 0 0 1
1 0 0 0 1 0 0 0 1
51 229 520.1380438920811 16.67 3 3 1048 1049
1 0 0 0 1 0 0 0 1
1 0 0 0 1 0 0 0 1
51 41 855.3536441388555 16.67 3 3 1050 1051
1 0 0 0 1 0 0 0 1
1 0 0 0 1 0 0 0 1
92 93 21.131113460476584 16.67 3 3 1052 1053
1 0 0 0 1 0 0 0 1
1 0 0 0 1 0 0 0 1
92 189 188.1505146250654 16.67 3 3 1054 1055
1 0 0 0 1 0 0 0 1
1 0 0 0 1 0 0 0 1
93 161 671.4773843345508 16.67 3 3 1056 1057
1 0 0 0 1 0 0 0 1
1 0 0 0 1 0 0 0 1
93 189 188.44494380516514 16.67 3 3 1058 1059
1 0 0 0 1 0 0 0 1
1 0 0 0 1 0 0 0 1
104 194 184.08882874968705 16.67 3 3 1060 1061
1 0 0 0 1 0 0 0 1
1 0 0 0 1 0 0 0 1
104 105 600.2138532552875 16.67 3 3 1062 1063
1 0 0 0 1 0 0 0 1
1 0 0 0 1 0 0 0 1
105 193 232.92254145335872 16.67 3 3 1064 1065
1 0 0 0 1 0 0 0 1
1 0 0 0 1 0 0 0 1
117 174 411.58798244759595 16.67 3 3 1066 1067
1 0 0 0 1 0 0 0 1
1 0 0 0 1 0 0 0 1
117 199 934.6789327719226 16.67 3 3 1068 1069
1 0 0 0 1 0 0 0 1
1 0 0 0 1 0 0 0 1
137 185 461.2425469786516 16.67 3 3 1070 1071
1 0 0 0 1 0 0 0 1
1 0 0 0 1 0 0 0 1
138 147 402.2725324839708 16.67 3 3 1072 1073
1 0 0 0 1 0 0 0 1
1 0 0 0 1 0 0 0 1
127 216 184.83534515071872 16.67 3 3 1074 1075
1 0 0 0 1 0 0 0 1
1 0 0 0 1 0 0 0 1
127 208 197.4807627073221 16.67 3 3 1076 1077
1 0 0 0 1 0 0 0 1
1 0 0 0 1 0 0 0 1
139 213 480.8305454225965 16.67 3 3 1078 1079
1 0 0 0 1 0 0 0 1
1 0 0 0 1 0 0 0 1
139 147 832.5461483264751 16.67 3 3 1080 1081
1 0 0 0 1 0 0 0 1
1 0 0 0 1 0 0 0 1
139 235 976.475204143649 16.67 3 3 1082 1083
1 0 0 0 1 0 0 0 1
1 0 0 0 1 0 0 0 1
140 216 624.2088293165148 16.67 3 3 1084 1085
1 0 0 0 1 0 0 0 1
1 0 0 0 1 0 0 0 1
140 189 925.0859471635217 16.67 3 3 1086 1087
1 0 0 0 1 0 0 0 1
1 0 0 0 1 0 0 0 1
143 215 144.29297404345832 16.67 3 3 1088 1089
1 0 0 0 1 0 0 0 1
1 0 0 0 1 0 0 0 1
143 190 865.5977406792994 16.67 3 3 1090 1091
1 0 0 0 1 0 0 0 1
1 0 0 0 1 0 0 0 1
144 217 143.03904378715336 16.67 3 3 1092 1093
1 0 0 0 1 0 0 0 1
1 0 0 0 1 0 0 0 1
144 234 540.3562885045712 16.67 3 3 1094 1095
1 0 0 0 1 0 0 0 1
1 0 0 0 1 0 0 0 1
147 168 877.7388348681426 16.67 3 3 1096 1097
1 0 0 0 1 0 0 0 1
1 0 0 0 1 0 0 0 1
149 235 303.6213068257591 16.67 3 3 1098 1099
1 0 0 0 1 0 0 0 1
1 0 0 0 1 0 0 0 1
150 151 314.240032630959 16.67 3 3 1100 1101
1 0 0 0 1 0 0 0 1
1 0 0 0 1 0 0 0 1
150 155 296.503855973267 16.67 3 3 1102 1103
1 0 0 0 1 0 0 0 1
1 0 0 0 1 0 0 0 1
150 67 400.21150463798995 16.67 3 3 1104 1105
1 0 0 0 1 0 0 0 1
1 0 0 0 1 0 0 0 1
151 152 982.1917831315707 16.67 3 3 1106 1107
1 0 0 0 1 0 0 0 1
1 0 0 0 1 0 0 0 1
152 153 833.4574858881117 16.67 3 3 1108 1109
1 0 0 0 1 0 0 0 1
1 0 0 0 1 0 0 0 1
154 159 463.4700407441736 16.67 3 3 1110 1111
1 0 0 0 1 0 0 0 1
1 0 0 0 1 0 0 0 1
155 225 635.0867063429662 16.67 3 3 1112 1113
1 0 0 0 1 0 0 0 1
1 0 0 0 1 0 0 0 1
156 85 24.16179857523097 16.67 3 3 1114 1115
1 0 0 0 1 0 0 0 1
1 0 0 0 1 0 0 0 1
156 28 25.208738520026944 16.67 3 3 1116 1117
1 0 0 0 1 0 0 0 1
1 0 0 0 1 0 0 0 1
157 213 480.6809652963242 16.67 3 3 1118 1119
1 0 0 0 1 0 0 0 1
1 0 0 0 1 0 0 0 1
161 214 215.55791400877425 16.67 3 3 1120 1121
1 0 0 0 1 0 0 0 1
1 0 0 0 1 0 0 0 1
161 183 162.53698664344944 16.67 3 3 1122 1123
1 0 0 0 1 0 0 0 1
1 0 0 0 1 0 0 0 1
161 212 218.05951166903208 16.67 3 3 1124 1125
1 0 0 0 1 0 0 0 1
1 0 0 0 1 0 0 0 1
162 29 719.8651108771634 16.67 3 3 1126 1127
1 0 0 0 1 0 0 0 1
1 0 0 0 1 0 0 0 1
164 222 282.0814708676433 16.67 3 3 1128 1129
1 0 0 0 1 0 0 0 1
1 0 0 0 1 0 0 0 1
164 165 24.326887457686674 16.67 3 3 1130 1131
1 0 0 0 1 0 0 0 1
1 0 0 0 1 0 0 0 1
165 220 297.28817390463894 16.67 3 3 1132 1133
1 0 0 0 1 0 0 0 1
1 0 0 0 1 0 0 0 1
165 222 292.281127406478 16.67 3 3 1134 1135
1 0 0 0 1 0 0 0 1
1 0 0 0 1 0 0 0 1
166 211 638.6520392695066 16.67 3 3 1136 1137
1 0 0 0 1 0 0 0 1
1 0 0 0 1 0 0 0 1
167 233 722.3539461102315 16.67 3 3 1138 1139
1 0 0 0 1 0 0 0 1
1 0 0 0 1 0 0 0 1
170 20 325.42187165707537 16.67 3 3 1140 1141
1 0 0 0 1 0 0 0 1
1 0 0 0 1 0 0 0 1
170 199 348.3189052611522 16.67 3 3 1142 1143
1 0 0 0 1 0 0 0 1
1 0 0 0 1 0 0 0 1
170 192 355.67978064757295 16.67 3 3 1144 1145
1 0 0 0 1 0 0 0 1
1 0 0 0 1 0 0 0 1
172 218 169.80428205869953 16.67 3 3 1146 1147
1 0 0 0 1 0 0 0 1
1 0 0 0 1 0 0 0 1
172 26 706.9118416796683 16.67 3 3 1148 1149
1 0 0 0 1 0 0 0 1
1 0 0 0 1 0 0 0 1
174 208 379.7235681839549 16.67 3 3 1150 1151
1 0 0 0 1 0 0 0 1
1 0 0 0 1 0 0 0 1
174 201 447.19261570885016 16.67 3 3 1152 1153
1 0 0 0 1 0 0 0 1
1 0 0 0 1 0 0 0 1
118 199 323.64112970127127 16.67 3 3 1154 1155
1 0 0 0 1 0 0 0 1
1 0 0 0 1 0 0 0 1
175 206 209.88177121026214 16.67 3 3 1156 1157
1 0 0 0 1 0 0 0 1
1 0 0 0 1 0 0 0 1
175 210 853.4744885643152 16.67 3 3 1158 1159
1 0 0 0 1 0 0 0 1
1 0 0 0 1 0 0 0 1
176 33 153.64880901248884 16.67 3 3 1160 1161
1 0 0 0 1 0 0 0 1
1 0 0 0 1 0 0 0 1
176 177 25.16295182483446 16.67 3 3 1162 1163
1 0 0 0 1 0 0 0 1
1 0 0 0 1 0 0 0 1
26 217 164.86424172200975 16.67 3 3 1164 1165
1 0 0 0 1 0 0 0 1
1 0 0 0 1 0 0 0 1
178 179 36.96462973624104 16.67 3 3 1166 1167
1 0 0 0 1 0 0 0 1
1 0 0 0 1 0 0 0 1
178 34 285.38562975977266 16.67 3 3 1168 1169
1 0 0 0 1 0 0 0 1
1 0 0 0 1 0 0 0 1
178 60 50.95083049400381 16.67 3 3 1170 1171
1 0 0 0 1 0 0 0 1
1 0 0 0 1 0 0 0 1
177 34 275.13921328095216 16.67 3 3 1172 1173
1 0 0 0 1 0 0 0 1
1 0 0 0 1 0 0 0 1
180 131 68.43332400521585 16.67 3 3 1174 1175
1 0 0 0 1 0 0 0 1
1 0 0 0 1 0 0 0 1
181 182 562.3150573440976 16.67 3 3 1176 1177
1 0 0 0 1 0 0 0 1
1 0 0 0 1 0 0 0 1
183 188 379.68694246813516 16.67 3 3 1178 1179
1 0 0 0 1 0 0 0 1
1 0 0 0 1 0 0 0 1
184 187 398.55822941687245 16.67 3 3 1180 1181
1 0 0 0 1 0 0 0 1
1 0 0 0 1 0 0 0 1
184 188 29.92516557130031 16.67 3 3 1182 1183
1 0 0 0 1 0 0 0 1
1 0 0 0 1 0 0 0 1
185 214 544.2557499803189 16.67 3 3 1184 1185
1 0 0 0 1 0 0 0 1
1 0 0 0 1 0 0 0 1
185 212 540.8122897710277 16.67 3 3 1186 1187
1 0 0 0 1 0 0 0 1
1 0 0 0 1 0 0 0 1
186 42 2726.0046361768664 16.67 3 3 1188 1189
1 0 0 0 1 0 0 0 1
1 0 0 0 1 0 0 0 1
186 8 171.59896692023847 16.67 3 3 1190 1191
1 0 0 0 1 0 0 0 1
1 0 0 0 1 0 0 0 1
34 59 51.436636647824606 16.67 3 3 1192 1193
1 0 0 0 1 0 0 0 1
1 0 0 0 1 0 0 0 1
190 214 822.915976082772 16.67 3 3 1194 1195
1 0 0 0 1 0 0 0 1
1 0 0 0 1 0 0 0 1
190 215 721.6781970545658 16.67 3 3 1196 1197
1 0 0 0 1 0 0 0 1
1 0 0 0 1 0 0 0 1
191 207 337.2795369986516 16.67 3 3 1198 1199
1 0 0 0 1 0 0 0 1
1 0 0 0 1 0 0 0 1
191 192 708.6570151081733 16.67 3 3 1200 1201
1 0 0 0 1 0 0 0 1
1 0 0 0 1 0 0 0 1
192 205 548.9450368765115 16.67 3 3 1202 1203
1 0 0 0 1 0 0 0 1
1 0 0 0 1 0 0 0 1
192 112 273.5084098015717 16.67 3 3 1204 1205
1 0 0 0 1 0 0 0 1
1 0 0 0 1 0 0 0 1
193 194 727.7911484918488 16.67 3 3 1206 1207
1 0 0 0 1 0 0 0 1
1 0 0 0 1 0 0 0 1
195 197 319.6492225210794 16.67 3 3 1208 1209
1 0 0 0 1 0 0 0 1
1 0 0 0 1 0 0 0 1
195 196 264.36269406237227 16.67 3 3 1210 1211
1 0 0 0 1 0 0 0 1
1 0 0 0 1 0 0 0 1
196 158 387.4227689379988 16.67 3 3 1212 1213
1 0 0 0 1 0 0 0 1
1 0 0 0 1 0 0 0 1
196 4 390.09923974225484 16.67 3 3 1214 1215
1 0 0 0 1 0 0 0 1
1 0 0 0 1 0 0 0 1
197 198 454.957107206571 16.67 3 3 1216 1217
1 0 0 0 1 0 0 0 1
1 0 0 0 1 0 0 0 1
197 32 76.21011175032368 16.67 3 3 1218 1219
1 0 0 0 1 0 0 0 1
1 0 0 0 1 0 0 0 1
200 204 716.9073347611001 16.67 3 3 1220 1221
1 0 0 0 1 0 0 0 1
1 0 0 0 1 0 0 0 1
200 31 73.0073833621198 16.67 3 3 1222 1223
1 0 0 0 1 0 0 0 1
1 0 0 0 1 0 0 0 1
200 201 26.05042607829331 16.67 3 3 1224 1225
1 0 0 0 1 0 0 0 1
1 0 0 0 1 0 0 0 1
201 126 208.10430919980817 16.67 3 3 1226 1227
1 0 0 0 1 0 0 0 1
1 0 0 0 1 0 0 0 1
201 202 524.6665127973042 16.67 3 3 1228 1229
1 0 0 0 1 0 0 0 1
1 0 0 0 1 0 0 0 1
202 203 468.6307971538671 16.67 3 3 1230 1231
1 0 0 0 1 0 0 0 1
1 0 0 0 1 0 0 0 1
202 6 144.74099348266864 16.67 3 3 1232 1233
1 0 0 0 1 0 0 0 1
1 0 0 0 1 0 0 0 1
203 7 140.1027349393915 16.67 3 3 1234 1235
1 0 0 0 1 0 0 0 1
1 0 0 0 1 0 0 0 1
205 115 354.8963460074911 16.67 3 3 1236 1237
1 0 0 0 1 0 0 0 1
1 0 0 0 1 0 0 0 1
205 206 483.02334166296896 16.67 3 3 1238 1239
1 0 0 0 1 0 0 0 1
1 0 0 0 1 0 0 0 1
206 57 375.0784566579433 16.67 3 3 1240 1241
1 0 0 0 1 0 0 0 1
1 0 0 0 1 0 0 0 1
207 209 544.7615287271784 16.67 3 3 1242 1243
1 0 0 0 1 0 0 0 1
1 0 0 0 1 0 0 0 1
207 216 21.407098544682793 16.67 3 3 1244 1245
1 0 0 0 1 0 0 0 1
1 0 0 0 1 0 0 0 1
209 216 544.5683284490143 16.67 3 3 1246 1247
1 0 0 0 1 0 0 0 1
1 0 0 0 1 0 0 0 1
210 211 413.0987642185846 16.67 3 3 1248 1249
1 0 0 0 1 0 0 0 1
1 0 0 0 1 0 0 0 1
212 214 20.82866904936034 16.67 3 3 1250 1251
1 0 0 0 1 0 0 0 1
1 0 0 0 1 0 0 0 1
217 218 703.5212493671763 16.67 3 3 1252 1253
1 0 0 0 1 0 0 0 1
1 0 0 0 1 0 0 0 1
219 97 1492.3891554823983 16.67 3 3 1254 1255
1 0 0 0 1 0 0 0 1
1 0 0 0 1 0 0 0 1
219 18 1492.053706818483 16.67 3 3 1256 1257
1 0 0 0 1 0 0 0 1
1 0 0 0 1 0 0 0 1
221 224 311.3129829174614 16.67 3 3 1258 1259
1 0 0 0 1 0 0 0 1
1 0 0 0 1 0 0 0 1
223 226 271.9708346212938 16.67 3 3 1260 1261
1 0 0 0 1 0 0 0 1
1 0 0 0 1 0 0 0 1
223 227 430.05609106437305 16.67 3 3 1262 1263
1 0 0 0 1 0 0 0 1
1 0 0 0 1 0 0 0 1
224 225 399.5419510363376 16.67 3 3 1264 1265
1 0 0 0 1 0 0 0 1
1 0 0 0 1 0 0 0 1
225 226 421.2837629883675 16.67 3 3 1266 1267
1 0 0 0 1 0 0 0 1
1 0 0 0 1 0 0 0 1
229 228 681.1986757039354 16.67 3 3 1268 1269
1 0 0 0 1 0 0 0 1
1 0 0 0 1 0 0 0 1
230 133 1646.5502238742126 16.67 3 3 1270 1271
1 0 0 0 1 0 0 0 1
1 0 0 0 1 0 0 0 1
230 228 432.6900451184723 16.67 3 3 1272 1273
1 0 0 0 1 0 0 0 1
1 0 0 0 1 0 0 0 1
230 107 51.49888694701805 16.67 3 3 1274 1275
1 0 0 0 1 0 0 0 1
1 0 0 0 1 0 0 0 1
231 128 70.42678073205457 16.67 3 3 1276 1277
1 0 0 0 1 0 0 0 1
1 0 0 0 1 0 0 0 1
233 236 19.670705164979218 16.67 3 3 1278 1279
1 0 0 0 1 0 0 0 1
1 0 0 0 1 0 0 0 1
323
1 936 934 -1 851
2 972 974 15 49
12 -1 932 928 930
14 980 984 982 986
16 55 187 -1 39
21 -1 916 525 805
24 1028 245 981 1026
25 247 -1 1044 985
26 -1 1164 1149 813
27 817 963 966 -1
30 339 662 325 660
34 621 1173 1192 1169
37 978 371 976 45
39 -1 988 213 990
40 954 952 475 389
46 508 510 -1 87
47 514 61 512 516
48 524 517 522 526
49 544 83 -1 409
50 -1 548 550 415
51 1046 1050 -1 1048
53 665 -1 65 956
54 958 423 -1 960
55 -1 803 964 962
56 948 -1 950 503
62 1004 1008 1006 1010
63 1014 1012 569 259
64 383 1016 945 969
65 27 778 547 251
66 387 968 970 379
67 951 1105 1043 659
68 437 -1 1024 557
69 -1 285 1029 1030
70 983 1034 -1 1032
73 454 452 456 -1
74 926 879 -1 795
75 859 275 793 -1
76 -1 643 787 647
80 1042 1040 921 841
81 791 473 -1 291
88 920 -1 922 924
92 1007 107 1052 1054
93 1053 -1 1056 1058
94 610 -1 431 608
98 -1 914 912 537
100 -1 957 515 917
101 942 519 571 -1
102 944 943 573 -1
104 965 853 1062 1060
105 1063 417 959 1064
106 253 -1 664 666
108 1018 961 -1 487
109 553 1022 955 831
111 116 122 120 118
113 992 994 941 -1
114 923 996 998 435
116 999 1000 31 1002
117 1068 97 1066 995
118 -1 91 95 1154
119 865 873 927 281
120 785 639 946 727
121 155 875 861 819
122 775 821 857 653
123 551 -1 545 425
124 523 1020 85 881
125 513 79 509 1021
127 -1 1076 1005 1074
130 576 574 580 578
134 581 587 902 900
135 903 908 906 904
136 907 51 765 910
137 -1 1070 273 131
138 125 269 589 1072
139 1082 127 1080 1078
140 1084 1011 1086 1013
141 47 13 197 763
143 1090 175 607 1088
144 -1 1031 1092 1094
147 1081 1073 1096 975
148 367 185 -1 585
149 381 1098 -1 629
150 1102 -1 1100 1104
151 1101 901 1106 1041
152 1107 905 1108 997
153 1109 911 345 1001
154 343 337 1110 779
155 1112 579 1103 -1
156 1114 1116 191 57
157 -1 1118 53 909
160 199 799 895 321
161 1057 1122 1120 1124
162 1126 111 103 1009
163 211 377 365 935
164 1130 991 -1 1128
165 375 1132 1131 1134
166 1136 263 -1 1017
167 3 815 1138 -1
168 1097 591 5 11
169 -1 755 157 683
170 1140 1142 993 1144
171 691 757 739 877
172 1148 1146 -1 237
173 243 1045 491 1035
174 1067 1152 149 1150
175 1156 119 1158 -1
176 319 1160 1162 623
178 1166 1168 1170 595
179 -1 619 1167 633
180 1174 327 499 399
181 1176 -1 301 953
182 1025 1003 1177 1023
183 105 1178 173 1123
184 531 1180 1182 -1
185 565 1186 1184 1071
186 -1 1190 1188 929
187 563 931 671 1181
189 1087 1055 1059 567
190 1194 1091 1196 601
191 1200 -1 1198 123
192 1204 1145 1201 1202
193 1206 1065 1019 483
194 967 1061 1207 315
195 -1 1208 373 1210
196 1214 1211 979 1212
197 1218 887 1216 1209
199 1155 93 1069 1143
200 1224 1222 1220 153
201 1228 1226 1225 1153
202 1230 1232 1229 99
203 89 1234 1231 -1
204 1221 -1 561 113
205 1236 1203 117 1238
206 1240 1239 1157 891
207 1199 -1 1244 1242
208 939 1151 151 1077
209 121 1246 1015 1243
210 1159 -1 261 1248
211 893 1249 1137 -1
212 -1 1125 1250 1187
213 625 1079 973 1119
214 1251 1121 1195 1185
215 1197 -1 1089 217
216 1245 1075 1085 1247
217 1093 1027 1252 1165
218 1253 1033 489 1147
219 -1 673 1254 1256
220 1133 209 385 989
221 405 -1 849 1258
222 977 1135 937 1129
223 501 1260 507 1262
224 205 1259 577 1264
225 193 1265 1113 1266
226 35 1267 949 1261
227 493 1263 445 397
228 1273 1047 1269 -1
229 1268 1049 1039 -1
230 1270 1274 401 1272
232 -1 681 773 1037
233 1139 -1 1278 19
234 605 1095 811 845
235 971 -1 1083 1099
237 4 6 2 8
238 14 10 16 12
239 18 20 22 24
240 30 32 26 28
241 40 38 34 36
243 52 48 46 50
244 -1 56 54 58
245 64 62 66 60
246 74 68 72 70
247 67 80 76 78
248 84 86 -1 82
249 90 -1 88 92
250 94 98 -1 96
251 102 100 104 106
252 114 112 108 110
253 128 130 124 126
254 132 134 136 138
255 144 142 140 146
256 148 152 115 150
257 156 158 154 160
258 166 162 164 168
259 172 170 176 174
260 180 182 184 178
261 190 188 192 186
262 196 200 198 194
263 206 202 204 189
264 208 214 210 212
265 218 216 220 143
266 222 224 226 228
267 230 236 234 232
268 147 240 -1 238
269 248 242 246 244
270 254 250 252 -1
271 260 258 256 262
272 257 264 -1 266
273 272 270 145 268
274 278 280 276 274
275 177 282 249 284
276 286 290 292 288
277 298 294 287 296
278 300 29 255 302
279 308 306 304 310
280 293 314 316 312
282 324 320 318 322
285 328 332 330 326
286 334 59 41 333
287 340 195 338 336
288 344 346 342 33
289 352 348 -1 350
290 356 360 358 354
291 364 362 181 366
292 372 368 374 370
293 -1 378 380 376
294 384 382 386 215
295 392 388 390 394
296 398 396 -1 400
298 406 43 404 403
299 410 408 -1 412
300 420 414 418 416
301 419 424 411 422
303 432 434 436 430
304 440 438 299 -1
305 444 442 446 -1
306 450 -1 448 427
307 359 -1 460 458
308 466 -1 464 462
309 -1 470 468 472
310 474 303 476 -1
311 -1 482 478 480
312 479 486 -1 484
314 495 496 494 492
315 498 37 500 497
316 506 502 504 443
317 518 267 -1 520
318 109 528 530 101
319 -1 534 167 532
320 235 536 135 538
322 546 323 81 63
323 554 556 552 -1
324 560 558 562 529
325 568 566 564 265
326 570 521 129 572
327 582 584 179 586
328 588 239 455 590
329 596 594 598 592
330 -1 600 219 271
331 221 606 604 602
332 612 -1 616 614
333 449 309 613 429
334 -1 622 620 618
335 626 628 624 183
336 137 539 -1 630
337 -1 632 597 634
338 227 233 133 636
339 465 -1 640 638
340 477 -1 467 642
341 644 646 650 648
342 654 652 441 -1
343 505 658 656 -1
344 670 -1 668 672
345 678 161 676 674
346 -1 682 679 680
347 684 355 -1 69
348 -1 688 690 686
349 692 696 -1 694
351 700 -1 698 361
352 641 -1 701 702
353 141 603 704 241
354 447 708 706 710
355 73 459 712 714
356 716 351 645 -1
357 718 703 357 697
358 461 722 421 720
359 728 726 719 724
360 651 730 729 732
361 738 740 734 736
362 735 742 746 744
363 747 695 685 748
364 752 687 750 159
365 -1 615 753 754
366 759 649 758 756
367 -1 733 760 741
368 761 725 693 743
369 764 762 341 347
372 766 609 770 768
373 772 675 774 776
374 780 777 655 782
375 786 463 784 731
376 792 788 790 295
377 277 794 796 789
378 23 533 169 798
379 17 9 25 201
380 713 721 800 802
381 699 804 806 723
382 808 139 631 535
383 810 812 231 225
384 7 637 809 814
385 797 71 816 471
386 677 818 822 820
387 823 826 279 824
388 829 391 828 349
389 305 830 393 -1
390 707 767 834 832
391 838 769 836 307
392 657 840 611 709
393 711 833 842 451
394 705 844 223 846
395 848 850 583 575
396 801 854 -1 852
397 856 825 858 439
398 860 862 864 827
399 868 737 866 863
400 617 311 717 689
401 837 771 555 -1
402 835 -1 839 843
403 867 745 870 872
404 751 876 869 874
405 871 749 75 878
406 883 880 882 884
407 807 527 885 549
408 888 890 892 886
409 894 -1 898 896
