287
1 3600 210
5
503 498 489 490 5
1 3600 375
3
385 380 480
1 3600 375
12
305 7 4 13 16 505 121 118 407 285 286 308
1 3600 375
11
503 373 378 506 421 31 26 337 319 322 430
1 3600 375
10
3 4 13 16 505 121 118 407 404 520
1 3600 375
12
303 7 4 491 488 499 373 376 505 321 322 123
1 3600 375
13
331 334 509 23 18 26 337 338 461 423 353 275 270
1 3600 375
6
329 332 489 490 479 480
1 3600 375
3
13 16 505
1 3600 375
22
8 312 481 381 384 11 16 21 24 29 26 496 437 438 515 279 276 353 275 270 286 306
1 3600 562
13
381 384 11 16 505 121 118 273 270 286 310 473 351
1 3600 1180
26
488 499 373 378 506 511 29 26 337 340 49 46 519 517 265 260 432 267 211 214 289 125 126 452 477 135
1 3600 1180
25
331 334 365 366 31 26 337 338 279 189 186 199 202 226 99 94 93 88 228 325 129 126 454 259 254
1 3600 354
7
303 7 4 491 488 333 334
1 3600 354
9
7 8 316 15 16 21 24 510 512
1 3600 354
9
3 4 13 16 21 18 26 496 393
1 3600 354
4
484 11 16 377
1 3600 342
7
488 499 373 376 505 321 322
1 3600 342
5
505 121 122 355 352
1 3600 562
10
21 18 26 496 437 438 517 59 52 200
1 3600 1180
17
13 16 505 321 322 355 149 146 152 215 208 216 69 72 223 181 109
1 3600 1180
27
301 7 4 491 488 499 373 378 23 24 29 26 337 338 514 517 59 54 280 239 236 105 102 435 157 154 325
1 3600 1180
14
488 499 373 378 506 421 31 26 496 393 45 38 291 294
1 3600 1180
12
16 505 321 318 340 49 46 519 517 59 54 282
1 3600 1180
21
4 13 16 21 18 26 337 338 461 423 143 138 160 266 433 199 200 206 197 194 371
1 3600 1180
24
329 334 361 362 366 31 26 337 338 279 189 186 199 202 224 197 192 171 172 81 82 179 109 106
1 3600 1180
20
329 332 499 373 376 505 121 118 273 151 152 289 269 85 86 181 109 110 156 167
1 3600 180
6
504 17 12 5 6 302
1 3600 180
12
307 287 284 406 119 120 504 17 10 385 380 482
1 3600 180
3
312 481 478
1 3600 180
15
271 274 352 422 460 339 336 27 19 20 17 12 5 6 302
1 3600 171
5
466 309 287 271 272
1 3600 184
4
405 285 286 310
1 3600 184
4
285 286 310 473
1 3600 184
10
315 316 15 16 505 121 118 273 151 152
1 3600 357
7
286 310 447 448 133 136 442
1 3600 1180
10
467 468 289 125 126 454 259 252 247 242
1 3600 171
8
487 383 384 11 16 21 24 29
1 3600 152
10
494 15 16 21 18 26 496 437 438 515
1 3600 152
8
494 487 484 11 16 505 321 322
1 3600 162
6
309 287 271 274 149 141
1 3600 562
10
151 147 141 138 160 211 208 216 89 90
1 3600 1180
22
521 405 406 431 355 352 277 189 186 199 202 226 177 97 94 71 68 228 113 114 399 400
1 3600 1180
19
315 312 481 478 491 488 499 373 378 506 511 29 26 496 393 45 42 62 296
1 3600 1180
11
308 467 468 215 210 266 433 199 200 204 248
1 3600 1180
12
316 15 16 505 321 318 340 438 517 59 54 280
1 3600 1180
14
431 355 352 277 189 186 199 200 206 197 192 171 168 101
1 3600 1180
18
523 405 285 286 310 35 32 448 474 476 453 127 130 409 391 386 163 164
1 3600 472
14
471 472 311 287 284 406 119 122 323 320 504 17 10 485
1 3600 48
5
311 287 284 404 520
1 3600 337
5
150 270 286 310 473
1 3600 52
3
447 448 133
1 3600 536
9
472 35 32 448 457 451 127 130 414
1 3600 694
10
147 148 354 323 318 336 27 30 420 512
1 3600 196
10
350 472 311 287 271 274 352 277 278 339
1 3600 96
5
147 141 138 160 191
1 3600 218
12
472 447 448 133 134 476 453 127 128 324 229 69
1 3600 1180
12
152 215 208 220 85 86 181 109 110 117 114 402
1 3600 1180
11
147 141 142 422 460 514 518 47 50 426 291
1 3600 1180
27
471 472 35 32 448 457 451 127 128 324 155 111 108 178 83 76 98 227 203 198 261 264 516 439 49 50 428
1 3600 1180
18
447 448 474 476 453 127 124 269 221 216 89 92 95 77 78 101 104 370
1 3600 1180
16
35 32 448 133 136 440 453 127 128 324 113 116 156 434 231 232
1 3600 1180
9
215 208 216 69 72 185 182 435 167
1 3600 1180
16
459 451 127 124 288 153 150 272 119 120 504 377 372 498 333 328
1 3600 337
6
345 346 350 472 311 306
1 3600 191
6
443 440 453 127 124 288
1 3600 191
9
476 453 127 128 324 229 217 209 214
1 3600 191
5
446 311 308 467 468
1 3600 193
12
125 126 450 456 449 33 34 473 470 349 347 342
1 3600 214
3
440 453 127
1 3600 214
11
345 346 350 472 447 448 457 451 127 130 412
1 3600 214
13
343 346 350 472 35 32 448 474 476 453 454 259 256
1 3600 214
7
32 448 457 451 454 259 256
1 3600 1180
13
343 346 348 471 472 311 287 271 274 354 323 318 336
1 3600 536
22
463 459 451 127 128 324 155 111 108 178 83 80 173 170 193 196 207 201 53 58 516 439
1 3600 168
23
463 459 451 127 130 409 391 386 417 397 398 115 116 111 108 180 222 73 70 95 96 176 424
1 3600 175
4
85 86 181 109
1 3600 175
14
343 346 350 472 447 448 133 134 476 453 127 128 324 155
1 3600 288
11
37 32 448 474 476 453 127 128 326 391 386
1 3600 1180
19
346 348 471 472 311 287 271 274 352 277 278 514 518 47 41 42 60 294 296
1 3600 1180
18
448 133 134 476 453 127 124 269 85 75 72 185 182 103 104 237 238 281
1 3600 1180
13
37 34 311 308 467 468 215 210 266 433 199 200 204
1 3600 1180
14
32 448 457 451 127 128 324 113 116 111 106 434 231 232
1 3600 1180
10
474 476 453 127 130 409 391 386 163 164
1 3600 1180
21
253 258 455 127 124 269 221 209 210 161 158 278 339 336 27 28 25 22 508 335 328
1 3600 1180
7
131 124 288 469 466 309 287
1 3600 590
8
258 455 127 128 324 229 217 218
1 3600 338
4
258 455 450 458
1 3600 338
6
415 131 126 450 458 462
1 3600 338
6
258 455 452 477 475 449
1 3600 338
3
455 452 477
1 3600 338
4
258 455 127 124
1 3600 338
5
253 258 455 452 477
1 3600 338
12
258 455 452 441 137 132 449 446 473 351 347 344
1 3600 257
4
258 455 127 130
1 3600 1180
17
409 327 324 229 89 92 95 98 227 203 198 261 264 516 439 436 393
1 3600 1180
20
415 409 391 386 163 166 434 103 100 169 170 193 196 207 201 198 187 188 278 339
1 3600 590
9
246 253 258 455 127 124 288 153 147
1 3600 200
5
127 128 324 229 89
1 3600 302
10
243 246 253 258 455 127 130 409 391 388
1 3600 302
3
391 386 417
1 3600 1180
22
246 253 258 455 452 477 475 449 33 34 311 287 284 406 431 323 318 340 49 41 38 291
1 3600 1180
20
455 127 128 324 155 111 108 178 83 80 175 176 227 203 53 58 516 518 47 50
1 3600 1180
9
327 324 113 116 156 434 103 104 370
1 3600 1180
7
413 409 327 324 155 111 106
1 3600 1180
12
245 246 253 258 455 127 128 326 391 386 163 164
1 3600 286
10
44 392 497 27 19 20 17 14 317 9
1 3600 286
10
364 509 379 372 498 489 490 479 381 382
1 3600 286
7
357 360 335 332 489 490 479
1 3600 171
5
376 17 14 495 313
1 3600 907
11
437 49 46 519 517 265 260 187 190 211 214
1 3600 1180
16
31 26 337 338 279 159 139 140 146 152 289 125 126 450 458 462
1 3600 1180
20
357 362 366 31 26 496 437 438 517 59 52 202 226 99 94 93 88 228 325 326
1 3600 173
7
43 44 392 497 27 28 25
1 3600 254
5
31 26 337 340 49
1 3600 254
4
40 46 519 515
1 3600 254
3
40 48 341
1 3600 254
9
366 420 511 29 26 337 338 461 423
1 3600 254
5
31 26 337 338 461
1 3600 254
5
45 40 48 341 319
1 3600 254
6
511 29 26 496 437 438
1 3600 310
13
364 509 23 20 505 121 122 355 352 277 189 186 199
1 3600 1180
13
437 438 517 265 262 57 52 202 226 177 97 94 93
1 3600 1180
18
18 26 337 338 514 517 59 54 249 250 371 105 102 435 107 110 117 114
1 3600 274
9
357 362 366 31 26 496 393 45 38
1 3600 274
5
393 45 42 64 66
1 3600 421
13
513 511 29 26 337 340 49 46 519 517 59 54 282
1 3600 907
17
420 507 23 20 505 321 322 355 149 141 138 160 191 186 199 200 204
1 3600 1180
18
507 379 376 505 121 118 273 151 152 215 208 216 69 72 185 182 231 232
1 3600 1180
19
513 511 29 26 337 338 279 189 186 199 202 224 197 194 371 105 102 435 167
1 3600 190
4
320 504 17 12
1 3600 78
3
353 275 270
1 3600 262
7
517 265 260 432 267 211 214
1 3600 590
11
515 461 423 143 140 146 152 289 125 126 450
1 3600 1180
11
322 430 273 151 152 289 125 126 454 259 256
1 3600 114
6
460 339 336 27 19 22
1 3600 114
3
340 436 393
1 3600 114
7
48 436 497 27 28 510 512
1 3600 153
6
355 352 422 460 514 517
1 3600 107
6
277 189 186 199 200 206
1 3600 107
6
143 138 160 266 433 199
1 3600 107
7
517 59 52 202 224 197 192
1 3600 328
15
338 279 189 186 199 202 226 177 174 81 82 179 109 110 117
1 3600 1180
12
423 277 159 160 211 208 216 228 113 114 399 400
1 3600 274
7
514 518 47 41 42 62 298
1 3600 193
5
460 514 517 59 54
1 3600 257
3
54 280 239
1 3600 907
14
423 277 189 186 199 200 206 197 192 171 168 101 102 435
1 3600 1180
14
438 517 265 260 199 202 226 99 77 82 179 109 106 167
1 3600 621
12
267 161 139 140 148 354 123 120 504 17 12 5
1 3600 166
20
170 193 196 225 203 198 187 188 276 353 354 123 120 504 17 10 485 486 317 314
1 3600 125
8
211 214 469 466 309 310 473 470
1 3600 181
10
187 188 276 353 275 270 286 310 35 36
1 3600 737
13
199 202 226 177 97 94 71 68 228 325 129 126 454
1 3600 319
12
227 203 53 58 516 439 436 497 27 30 367 363
1 3600 212
5
161 139 140 148 354
1 3600 212
7
176 424 193 194 251 248 55
1 3600 212
4
141 142 422 460
1 3600 212
7
141 138 160 266 433 261 264
1 3600 212
4
158 278 514 517
1 3600 212
5
141 142 422 460 514
1 3600 157
3
207 201 198
1 3600 195
8
224 197 192 171 172 81 82 184
1 3600 195
7
267 211 208 216 89 92 95
1 3600 195
8
206 197 192 425 99 94 71 74
1 3600 195
3
226 177 97
1 3600 195
8
211 208 220 85 86 181 109 110
1 3600 513
11
81 82 179 109 110 117 114 399 396 416 418
1 3600 907
10
263 264 516 439 49 50 426 291 294 296
1 3600 407
11
193 196 207 201 53 58 516 518 47 50 428
1 3600 125
5
200 204 248 280 394
1 3600 280
9
213 208 216 69 72 185 182 231 232
1 3600 1180
6
171 168 101 102 435 167
1 3600 1180
15
184 223 87 84 268 288 153 150 272 119 120 504 377 372 498
1 3600 562
19
108 180 87 84 221 209 214 153 150 272 119 120 504 17 10 385 382 486 495
1 3600 274
13
75 68 228 325 129 126 452 441 137 132 449 446 473
1 3600 180
6
76 94 71 74 84 268
1 3600 180
4
325 129 126 452
1 3600 231
8
68 228 325 129 126 454 259 256
1 3600 1180
17
116 111 108 178 83 78 101 104 237 238 281 55 58 516 439 49 41
1 3600 310
13
184 73 70 95 96 176 227 203 198 187 188 278 339
1 3600 187
5
217 209 210 161 139
1 3600 187
9
216 89 92 95 96 174 173 170 193
1 3600 187
4
83 76 98 227
1 3600 187
11
169 170 193 196 225 203 198 187 188 159 139
1 3600 187
5
89 92 95 98 227
1 3600 178
7
88 69 74 86 181 109 110
1 3600 191
3
114 399 400
1 3600 191
5
113 114 399 396 416
1 3600 191
5
88 228 113 114 402
1 3600 1180
13
96 176 227 203 198 261 264 516 518 47 41 38 464
1 3600 1180
15
185 83 80 173 170 193 196 207 201 53 58 516 439 49 50
1 3600 274
7
178 83 78 101 104 237 234
1 3600 138
3
222 185 182
1 3600 655
6
72 185 182 435 167 164
1 3600 1180
20
417 397 398 115 112 229 217 209 214 153 150 272 431 323 320 504 17 12 5 6
1 3600 1180
9
389 390 408 131 124 288 153 150 272
1 3600 1072
7
397 398 115 112 229 217 218
1 3600 231
8
389 390 408 131 126 452 477 135
1 3600 136
10
396 416 387 390 408 131 126 454 259 256
1 3600 1180
18
398 115 116 111 108 180 87 84 221 209 210 161 158 278 339 336 27 30
1 3600 1180
15
163 166 434 103 104 370 251 205 201 198 187 188 276 353 354
1 3600 393
8
390 408 131 124 288 215 210 161
1 3600 201
6
163 166 434 183 184 73
1 3600 201
7
398 115 116 111 108 178 83
1 3600 201
11
419 417 397 398 115 116 111 108 180 222 73
1 3600 201
6
389 390 327 324 155 111
1 3600 347
4
386 417 397 400
1 3600 1180
21
401 398 115 116 156 434 103 104 237 238 281 55 58 516 439 436 393 45 42 64 66
1 3600 1180
19
389 390 327 324 229 89 92 95 98 227 203 198 261 264 516 518 47 50 428
1 3600 1072
10
401 398 115 116 156 434 103 104 237 238
1 3600 357
5
115 116 156 434 103
1 3600 393
5
403 399 396 416 163
1 3600 1072
14
297 295 290 39 44 392 497 27 28 25 22 379 372 498
1 3600 1072
14
293 290 427 51 48 341 319 322 430 407 285 286 308 467
1 3600 1180
13
465 427 51 48 341 319 322 430 407 285 286 310 473
1 3600 1180
17
293 61 43 40 46 519 515 279 276 353 275 270 286 310 447 448 457
1 3600 1180
20
63 43 40 46 519 515 461 423 143 140 146 152 289 125 126 454 259 252 247 242
1 3600 209
9
39 44 392 497 27 28 510 507 379
1 3600 209
9
63 43 44 392 497 27 30 367 363
1 3600 200
6
427 51 48 438 517 59
1 3600 655
10
290 427 51 46 519 517 265 260 432 267
1 3600 1180
14
39 44 392 437 438 517 59 54 249 250 371 105 100 79
1 3600 1180
20
297 295 61 43 40 46 519 517 265 262 57 54 280 239 236 105 102 435 167 162
1 3600 357
4
299 63 64 66
1 3600 120
6
67 65 60 290 427 428
1 3600 655
13
67 65 43 44 392 437 438 517 59 54 280 239 234
1 3600 1180
16
67 65 43 40 46 519 517 59 52 200 204 250 371 105 102 231
1 3600 1180
21
465 39 44 392 437 341 338 279 189 186 199 202 226 99 77 82 179 109 106 167 164
1 3600 1180
10
51 48 341 336 27 19 22 508 335 330
1 3600 1072
12
51 48 436 497 27 19 20 17 14 495 313 314
1 3600 1180
13
429 51 48 341 319 320 121 118 407 285 286 310 473
1 3600 1180
15
55 56 263 260 187 190 211 214 469 466 309 310 473 351 347
1 3600 1180
18
429 51 48 341 319 322 430 273 151 152 289 125 126 454 259 252 247 242
1 3600 262
10
426 39 44 392 497 27 30 420 507 379
1 3600 115
4
429 51 48 341
1 3600 246
6
283 249 250 195 196 225
1 3600 907
12
51 48 438 517 59 52 202 226 177 97 94 93
1 3600 1180
11
280 239 236 105 102 435 157 117 114 399 396
1 3600 98
9
55 58 516 518 47 41 42 62 296
1 3600 621
8
429 51 46 519 517 59 54 282
1 3600 93
14
429 51 48 438 515 279 189 186 199 200 206 197 194 371
1 3600 843
20
429 426 39 40 46 519 517 265 262 57 52 202 224 197 192 171 172 81 82 182
1 3600 1180
7
249 250 371 105 102 435 167
1 3600 1180
13
281 55 58 516 515 339 319 320 504 17 10 385 380
1 3600 1072
14
370 251 205 201 198 187 188 276 353 354 123 118 407 404
1 3600 1180
11
235 236 105 100 79 76 94 93 88 217 218
1 3600 1180
22
195 192 171 172 81 82 179 109 110 154 325 129 126 450 456 449 33 34 473 351 347 342
1 3600 1180
11
250 195 192 425 99 94 93 88 228 325 326
1 3600 694
12
395 281 55 58 516 515 339 336 27 28 510 507
1 3600 196
8
370 251 205 201 198 261 264 516
1 3600 96
7
251 205 201 198 432 267 161
1 3600 218
9
371 105 100 79 82 179 109 110 154
1 3600 1180
10
239 236 105 102 435 157 117 114 399 396
1 3600 694
15
370 195 196 225 203 53 58 516 439 436 393 45 42 60 294
1 3600 117
3
235 238 281
1 3600 80
4
105 102 231 232
1 3600 1180
7
239 236 105 102 435 167 164
1 3600 1180
16
107 108 180 87 84 268 288 153 150 272 119 120 504 17 12 5
1 3600 1180
13
233 230 183 184 73 68 217 209 214 153 150 272 119
1 3600 1180
14
183 179 109 110 154 325 129 126 452 477 475 449 446 473
1 3600 983
16
369 105 100 79 76 94 71 74 84 268 125 126 450 456 449 444
1 3600 1180
11
100 79 76 94 93 88 228 325 326 408 414
1 3600 1180
20
233 230 183 83 80 175 176 227 203 198 187 188 278 339 336 27 30 367 363 356
1 3600 655
10
100 169 170 193 196 207 201 53 58 516
1 3600 207
9
369 370 251 205 201 198 187 188 159
1 3600 107
8
369 105 100 79 82 184 223 87
1 3600 347
7
230 435 157 117 114 399 396
1 3600 1180
15
230 103 104 370 251 248 55 58 516 439 436 393 45 38 291
1 3600 1072
4
104 237 238 281
1 3600 78
4
369 237 238 394
1 3600 368
3
103 104 368
1 3600 190
3
102 435 167
1 3600 1180
20
166 107 108 180 87 84 268 288 153 147 148 354 323 320 504 377 372 498 333 328
1 3600 1180
16
165 166 107 108 180 87 75 68 217 209 214 469 466 309 287 284
1 3600 1180
16
162 387 390 408 131 126 452 441 137 132 449 33 34 473 470 349
1 3600 1180
16
165 162 387 390 408 131 126 452 477 475 449 446 473 351 347 344
1 3600 1180
4
162 387 390 408
1 3600 1180
21
165 166 107 108 180 222 73 68 217 209 210 161 158 278 339 336 27 30 367 363 360
1 3600 1180
14
166 434 183 83 80 175 176 227 203 198 187 188 276 353
1 3600 983
10
165 166 157 117 112 229 217 209 210 266
1 3600 328
5
165 166 434 103 100
1 3600 246
5
162 417 397 398 402
1 3600 1180
21
166 107 108 180 87 75 70 95 98 227 203 198 261 264 516 518 47 41 42 60 292
1 3600 1180
19
165 166 434 183 83 80 173 170 193 196 207 201 53 58 516 439 49 50 428
1 3600 983
10
165 166 434 103 104 370 251 248 280 394
1 3600 121
3
165 166 434
