159
1 3600 154
3
335 239 236
1 3600 154
4
338 243 240 291
1 3600 154
4
271 237 238 334
1 3600 172
5
273 270 185 177 182
1 3600 172
9
273 237 234 241 244 345 342 331 193
1 3600 172
4
186 274 280 374
1 3600 172
8
383 333 43 44 242 279 274 282
1 3600 172
11
244 356 169 172 285 286 373 201 199 194 210
1 3600 172
6
293 231 228 169 174 331
1 3600 172
13
293 231 219 220 258 305 302 255 256 306 308 289 286
1 3600 172
10
385 333 239 236 270 295 296 165 160 207
1 3600 172
15
333 43 40 246 347 225 87 82 91 88 92 252 377 378 329
1 3600 227
13
44 242 339 189 184 326 301 298 359 165 162 151 131
1 3600 159
13
369 327 185 186 276 175 168 229 232 336 363 247 248
1 3600 159
6
43 40 246 362 337 233
1 3600 159
5
237 234 241 45 40
1 3600 159
7
333 239 234 241 244 356 353
1 3600 159
5
231 228 353 350 171
1 3600 159
7
383 333 239 234 241 244 356
1 3600 159
11
270 185 186 276 175 170 259 81 86 224 348
1 3600 124
21
269 270 185 177 180 282 328 379 376 253 93 96 100 102 104 53 56 109 106 69 66
1 3600 124
10
335 239 234 241 242 279 274 280 374 287
1 3600 273
21
333 43 40 246 362 337 233 219 222 87 84 302 255 256 306 308 217 214 79 39 32
1 3600 273
5
40 246 347 225 226
1 3600 273
11
345 342 175 170 305 85 82 91 88 94 98
1 3600 273
17
177 182 165 162 209 195 196 137 77 74 325 27 30 115 110 118 312
1 3600 86
3
299 300 368
1 3600 86
6
283 181 176 184 326 368
1 3600 86
8
190 375 161 164 297 294 271 268
1 3600 86
13
200 372 191 192 330 343 344 245 240 235 238 332 384
1 3600 86
7
183 180 275 278 243 240 235
1 3600 68
3
209 195 198
1 3600 86
12
190 373 201 199 194 210 159 133 130 13 14 154
1 3600 86
4
199 194 208 151
1 3600 86
10
359 165 160 207 210 159 133 127 128 340
1 3600 65
5
374 287 284 173 170
1 3600 77
7
199 196 203 204 216 7 2
1 3600 77
9
282 328 379 376 253 93 94 49 46
1 3600 78
17
166 196 137 35 36 74 321 318 73 25 30 115 112 21 22 317 314
1 3600 273
12
179 180 275 276 175 170 259 221 222 224 348 366
1 3600 273
14
299 296 165 160 374 287 288 7 4 54 59 47 48 98
1 3600 273
11
210 159 133 127 121 122 19 20 117 118 312
1 3600 170
10
15 12 150 163 164 183 176 188 338 243
1 3600 120
10
153 15 16 135 132 158 211 206 281 282
1 3600 120
4
132 158 211 206
1 3600 120
4
150 209 195 167
1 3600 120
5
15 16 149 150 163
1 3600 120
3
131 132 158
1 3600 109
3
17 14 154
1 3600 273
31
155 15 12 148 135 127 121 122 140 23 20 113 114 31 24 65 68 107 108 57 52 105 103 101 97 89 90 83 86 224 348
1 3600 78
15
125 122 19 20 113 114 31 24 65 68 107 108 57 52 105
1 3600 104
11
132 158 211 195 196 203 204 214 79 39 32
1 3600 104
10
146 166 196 137 77 74 325 27 28 63
1 3600 104
10
122 140 23 20 117 111 114 31 26 322
1 3600 273
17
132 158 211 195 198 200 372 287 288 309 307 257 254 303 85 86 226
1 3600 273
17
155 15 16 149 150 163 160 374 191 192 328 379 376 253 93 94 98
1 3600 273
11
157 15 12 131 127 121 122 140 317 311 312
1 3600 125
11
83 80 221 218 232 336 363 247 41 42 332
1 3600 125
10
246 362 337 233 228 357 345 342 277 187
1 3600 125
10
349 225 223 220 258 171 174 277 278 339
1 3600 125
7
249 246 362 337 233 230 292
1 3600 125
4
352 357 245 242
1 3600 125
7
229 230 290 235 238 332 382
1 3600 133
9
337 233 228 169 172 329 193 190 375
1 3600 133
11
91 88 96 100 102 104 3 6 289 286 191
1 3600 273
18
172 285 213 203 204 214 79 39 32 318 73 25 30 115 112 21 18 138
1 3600 126
5
218 232 336 363 247
1 3600 126
3
363 347 348
1 3600 120
9
87 82 91 88 96 100 102 104 53
1 3600 120
4
353 350 305 302
1 3600 120
10
225 87 84 302 255 256 306 308 217 214
1 3600 120
4
352 169 172 379
1 3600 120
9
81 82 91 88 96 100 102 104 53
1 3600 120
9
225 87 82 91 88 96 100 102 104
1 3600 195
10
349 225 223 220 258 171 172 285 213 137
1 3600 182
3
219 222 226
1 3600 273
5
302 255 93 94 98
1 3600 273
20
87 82 91 88 94 49 46 58 55 56 109 106 69 64 25 30 115 110 118 312
1 3600 167
10
6 309 307 257 254 303 304 171 174 277
1 3600 167
15
52 105 103 101 97 89 90 83 86 224 346 247 41 42 332
1 3600 167
6
90 83 80 221 218 230
1 3600 182
7
57 5 6 289 284 329 283
1 3600 182
7
46 58 55 5 6 289 286
1 3600 182
13
52 105 103 101 97 92 252 377 378 329 283 181 182
1 3600 182
8
71 64 72 319 33 34 136 197
1 3600 182
10
46 58 55 5 6 217 205 202 197 167
1 3600 182
10
97 92 252 377 378 329 193 190 373 201
1 3600 182
4
6 289 286 375
1 3600 94
19
263 260 264 67 64 25 30 115 112 21 22 141 123 120 126 134 17 14 154
1 3600 178
16
57 54 59 47 48 95 89 90 83 84 304 351 352 229 232 336
1 3600 178
7
309 307 257 254 303 304 259
1 3600 178
8
47 48 95 89 90 83 80 258
1 3600 178
6
212 284 173 168 229 219
1 3600 178
15
69 64 72 323 324 75 37 38 78 215 205 202 212 284 173
1 3600 178
10
215 216 309 307 257 254 303 304 259 221
1 3600 178
15
197 198 200 372 191 192 330 343 344 356 229 232 336 363 347
1 3600 178
3
90 83 80
1 3600 178
6
284 173 170 305 85 82
1 3600 133
5
57 52 105 103 101
1 3600 133
4
56 109 106 69
1 3600 166
17
96 100 102 104 53 56 109 106 69 64 25 30 115 110 118 310 314
1 3600 166
17
253 256 306 308 217 214 79 39 36 74 325 27 30 115 112 21 22
1 3600 166
11
109 106 69 64 25 30 115 110 118 310 314
1 3600 166
13
49 46 58 55 56 109 106 69 64 25 30 115 110
1 3600 166
7
4 56 109 106 69 64 61
1 3600 166
5
267 264 67 64 25
1 3600 166
5
263 71 64 72 323
1 3600 273
13
57 52 105 103 101 97 89 90 83 86 224 348 366
1 3600 273
6
57 54 59 47 48 98
1 3600 273
10
267 264 67 64 25 30 115 110 118 312
1 3600 227
13
8 136 197 194 206 281 275 278 243 45 42 332 384
1 3600 216
8
319 320 75 76 136 212 286 191
1 3600 216
7
143 146 166 198 200 372 191
1 3600 216
14
20 113 114 31 26 324 321 33 38 78 215 205 202 197
1 3600 192
8
27 30 115 112 21 18 123 124
1 3600 192
14
62 29 30 115 112 21 22 141 123 120 126 130 13 14
1 3600 192
6
136 197 194 208 151 148
1 3600 192
13
78 215 205 202 197 194 210 159 133 134 17 14 154
1 3600 192
8
136 197 194 208 151 13 14 152
1 3600 182
9
38 78 215 216 309 307 257 254 303
1 3600 198
10
60 72 319 33 38 78 215 216 309 307
1 3600 198
5
37 38 78 215 205
1 3600 198
7
320 75 76 136 212 284 379
1 3600 198
8
73 65 68 107 108 57 52 105
1 3600 198
6
78 215 216 309 307 257
1 3600 198
13
315 311 119 111 114 31 26 324 75 37 38 78 215
1 3600 198
14
145 146 166 198 200 372 287 288 7 2 53 54 59 47
1 3600 198
10
322 73 65 68 107 108 57 54 59 47
1 3600 198
5
39 34 136 212 284
1 3600 165
12
11 8 35 32 318 323 27 30 115 112 21 18
1 3600 165
7
25 30 115 110 118 310 314
1 3600 273
22
20 113 114 31 24 65 68 107 108 57 52 105 103 101 97 89 90 83 86 224 348 366
1 3600 273
14
111 114 31 24 65 68 107 108 57 54 59 47 48 98
1 3600 273
7
323 27 30 115 110 118 312
1 3600 273
7
227 223 218 230 290 235 236
1 3600 273
12
227 223 218 228 357 345 342 331 283 280 207 210
1 3600 273
16
227 223 220 258 171 174 277 274 280 161 162 151 148 17 14 152
1 3600 61
5
367 349 225 87 82
1 3600 170
5
227 87 82 91 88
1 3600 273
22
367 349 346 362 337 233 228 169 172 285 213 137 77 74 325 27 30 115 112 21 22 317
1 3600 273
4
227 224 348 366
1 3600 273
9
367 349 225 87 82 91 88 94 98
1 3600 273
22
367 349 346 247 41 44 242 279 274 280 207 210 159 133 127 121 122 19 22 317 311 312
1 3600 273
9
99 95 92 252 377 378 329 330 277
1 3600 273
12
99 95 92 252 377 378 329 193 190 375 161 162
1 3600 273
18
99 49 46 58 55 5 6 289 286 375 207 210 159 133 130 13 14 156
1 3600 273
7
99 95 92 254 303 304 171
1 3600 144
6
99 49 46 58 55 5
1 3600 273
16
99 49 46 58 55 56 109 106 69 64 25 30 115 110 118 310
1 3600 273
7
99 95 89 90 83 86 226
1 3600 273
19
99 95 92 256 306 308 217 214 79 39 32 318 73 25 30 115 110 118 312
1 3600 273
16
313 310 316 141 123 120 126 132 158 211 206 281 275 276 343 344
1 3600 273
14
313 119 111 114 31 26 324 321 33 34 136 197 198 200
1 3600 273
7
313 310 316 141 123 124 340
1 3600 273
21
313 119 111 114 31 26 322 319 320 75 76 136 212 284 173 168 229 232 336 363 247
1 3600 273
11
313 119 111 114 31 24 65 68 107 108 57
1 3600 136
11
313 119 111 114 31 26 324 321 33 34 9
1 3600 273
22
313 119 116 113 114 31 24 65 68 107 108 57 52 105 103 101 97 89 90 83 86 226
1 3600 273
16
313 119 111 114 31 24 65 68 107 108 57 54 59 47 48 98
