90
1 3600 82
4
82 135 136 93
1 3600 82
3
128 160 133
1 3600 69
10
110 153 83 80 157 158 107 108 189 186
1 3600 69
11
112 131 126 123 124 154 158 63 25 22 182
1 3600 69
13
169 133 15 5 6 157 158 63 64 33 28 182 186
1 3600 69
10
167 164 137 134 83 3 6 157 158 107
1 3600 88
9
161 129 130 151 119 120 147 89 90
1 3600 71
4
126 75 76 227
1 3600 71
5
130 151 119 120 141
1 3600 71
4
161 129 126 75
1 3600 71
5
83 84 71 66 223
1 3600 71
8
167 164 93 13 5 8 69 66
1 3600 71
4
126 75 76 229
1 3600 48
8
153 83 80 157 158 179 43 44
1 3600 195
11
130 151 119 120 226 229 99 94 201 195 39
1 3600 150
11
137 134 83 84 71 66 223 217 211 212 218
1 3600 195
5
157 158 179 174 224
1 3600 45
9
23 24 62 159 156 7 4 10 18
1 3600 45
8
185 188 109 106 159 156 81 82
1 3600 45
11
183 29 32 65 62 159 156 7 4 12 92
1 3600 63
3
108 189 186
1 3600 195
10
189 184 51 49 46 215 210 95 100 91
1 3600 36
5
24 62 159 155 69
1 3600 41
5
27 24 64 180 206
1 3600 41
6
189 183 29 30 53 54
1 3600 195
11
29 30 170 177 174 222 228 139 140 147 144
1 3600 195
8
26 106 179 43 46 215 197 198
1 3600 195
6
187 184 51 49 46 230
1 3600 59
5
97 98 67 70 85
1 3600 195
11
90 101 94 216 175 176 171 53 50 185 186
1 3600 130
3
97 100 91
1 3600 14
4
88 146 121 79
1 3600 195
8
97 98 223 175 176 190 181 173
1 3600 24
8
103 97 94 201 61 56 39 36
1 3600 69
5
90 101 94 201 61
1 3600 195
7
146 141 138 229 223 224 230
1 3600 41
7
72 74 127 128 160 163 115
1 3600 41
4
178 159 156 81
1 3600 41
3
156 7 4
1 3600 48
9
77 73 68 154 158 63 25 26 108
1 3600 50
6
143 138 229 99 100 91
1 3600 50
4
87 90 101 96
1 3600 28
3
72 78 118
1 3600 41
12
87 90 101 98 67 68 154 158 63 64 180 204
1 3600 41
3
176 171 53
1 3600 41
9
70 124 9 6 157 158 63 64 180
1 3600 39
8
155 69 66 223 217 201 202 232
1 3600 48
5
174 217 211 197 198
1 3600 48
6
179 43 46 215 197 59
1 3600 48
3
217 201 61
1 3600 82
7
87 90 101 94 211 214 230
1 3600 44
12
207 181 65 62 159 156 7 2 82 135 136 21
1 3600 44
4
205 181 65 25
1 3600 44
4
31 28 23 26
1 3600 195
9
62 159 155 125 122 149 119 120 147
1 3600 43
6
191 177 174 222 228 227
1 3600 43
4
191 177 174 222
1 3600 43
7
177 178 159 155 125 122 75
1 3600 43
7
172 65 62 159 155 125 122
1 3600 52
5
207 181 173 53 54
1 3600 195
7
191 177 174 222 99 96 104
1 3600 52
7
173 53 49 46 215 197 59
1 3600 36
3
55 49 46
1 3600 195
12
233 203 200 95 96 102 146 121 118 148 123 85
1 3600 195
11
145 146 226 77 73 68 154 158 63 64 33
1 3600 35
4
105 97 100 91
1 3600 33
5
203 200 216 222 228
1 3600 195
6
192 196 214 47 42 176
1 3600 48
6
203 200 95 96 102 144
1 3600 48
6
235 203 195 57 58 198
1 3600 48
3
38 192 196
1 3600 48
5
57 58 196 212 218
1 3600 195
5
235 203 200 216 224
1 3600 139
6
95 98 228 77 74 127
1 3600 195
7
58 196 214 47 48 50 208
1 3600 98
4
95 100 91 88
1 3600 25
7
59 60 200 95 100 91 86
1 3600 25
5
214 225 222 228 139
1 3600 52
6
196 214 47 48 52 172
1 3600 31
6
221 213 197 193 39 40
1 3600 31
4
201 195 39 40
1 3600 52
3
196 212 220
1 3600 31
3
196 214 230
1 3600 195
11
225 222 67 72 74 149 150 113 110 160 163
1 3600 195
5
231 47 48 50 208
1 3600 195
5
231 225 222 99 96
1 3600 45
6
231 225 222 67 70 122
1 3600 25
5
47 42 176 190 204
1 3600 178
6
231 215 210 95 96 104
1 3600 22
3
215 212 220
