615
23.051281 113.11689 1 0
23.034037 113.10904 2 1
23.048426 113.171936 3 0
23.059685 113.181335 4 0
23.029295 113.19845 5 0
23.020481 113.19828 6 0
22.989925 113.11796 7 0
23.026596 113.11587 8 1
22.999306 113.075325 9 0
22.999199 113.07535 10 0
23.019442 113.13193 11 1
23.010593 113.197464 12 0
23.062325 113.07552 13 0
23.069708 113.11265 14 0
23.070412 113.115135 15 1
23.067331 113.10317 16 0
23.071798 113.09478 17 0
22.994095 113.12598 18 0
22.993982 113.117935 19 1
23.070063 113.14669 20 1
23.07007 113.14651 21 1
23.050594 113.12712 22 0
23.026588 113.10882 23 1
23.038883 113.190285 24 1
23.03866 113.18961 25 0
22.98753 113.105515 26 0
23.059244 113.08018 27 1
23.057272 113.075035 28 0
23.056995 113.075195 29 0
22.987741 113.19381 30 0
22.987741 113.19388 31 0
23.019236 113.198425 32 0
23.017708 113.18816 33 0
23.047316 113.07483 34 0
23.069653 113.09813 35 0
23.071545 113.09972 36 0
23.067707 113.10528 37 0
23.06778 113.105255 38 0
23.069641 113.11268 39 0
23.07161 113.1349 40 0
23.064873 113.198494 41 0
23.07047 113.19739 42 0
23.071093 113.183846 43 0
23.069712 113.11926 44 0
23.032621 113.17131 45 1
23.026033 113.16466 46 0
23.026197 113.16465 47 0
22.994686 113.12468 48 0
22.995573 113.125946 49 1
22.996363 113.15106 50 0
23.0006 113.151375 51 0
22.998255 113.14795 52 0
22.997986 113.14922 53 1
22.996653 113.14897 54 0
22.998953 113.14943 55 0
23.024323 113.14957 56 0
23.041801 113.1462 57 1
23.072224 113.134544 58 0
23.014164 113.08927 59 0
22.987907 113.1178 60 0
23.014587 113.13419 61 1
23.0286 113.19751 62 0
23.034029 113.16285 63 1
23.029932 113.15513 64 0
23.02035 113.1633 65 0
23.034176 113.16285 66 1
23.026575 113.14296 67 0
23.068676 113.119446 68 0
23.067503 113.07482 69 0
23.0371 113.17609 70 0
23.04215 113.144684 71 1
23.014414 113.0989 72 0
23.014627 113.107704 73 1
23.014484 113.10918 74 1
23.038551 113.18988 75 0
23.041307 113.19811 76 0
23.041693 113.1459 77 1
23.069595 113.14334 78 1
23.062883 113.15412 79 0
23.061209 113.15493 80 0
23.061169 113.15356 81 0
23.015505 113.08296 82 1
22.98831 113.08349 83 0
23.008554 113.07707 84 0
23.000032 113.0792 85 0
23.040413 113.15286 86 1
23.02934 113.123245 87 0
23.030085 113.12221 88 1
23.030085 113.124 89 1
23.030245 113.12439 90 0
23.030256 113.12236 91 0
23.030409 113.1427 92 1
23.032465 113.17146 93 1
23.002195 113.13824 94 1
23.002348 113.13823 95 1
23.072165 113.16307 96 0
23.068954 113.16931 97 1
22.994238 113.17193 98 0
23.014341 113.08537 99 1
23.014086 113.07801 100 1
23.0141 113.08539 101 1
23.013912 113.078 102 1
23.013908 113.08167 103 1
23.014315 113.08222 104 1
23.057089 113.07513 105 0
23.070751 113.09942 106 0
23.058857 113.07867 107 1
23.057226 113.07507 108 0
23.062231 113.076256 109 0
23.048582 113.09512 110 0
23.052107 113.07767 111 0
23.07229 113.19842 112 0
23.020212 113.14982 113 0
23.032322 113.1721 114 1
22.987663 113.09165 115 0
22.99419 113.15554 116 0
22.998533 113.13907 117 1
23.014387 113.089554 118 1
23.01438 113.08809 119 1
23.061884 113.09992 120 0
23.061787 113.09994 121 0
23.07186 113.16395 122 0
23.072294 113.15622 123 0
22.987576 113.19692 124 0
23.071928 113.11944 125 0
23.01385 113.07466 126 0
22.994379 113.12153 127 1
22.988798 113.08286 128 1
23.061953 113.17443 129 0
23.054958 113.17447 130 1
23.043665 113.183945 131 0
23.043852 113.171814 132 0
23.065357 113.15762 133 1
23.010456 113.14772 134 0
23.00899 113.15917 135 0
23.044746 113.10968 136 1
23.044739 113.11242 137 1
23.055965 113.11449 138 0
23.014648 113.139694 139 1
23.014606 113.137955 140 1
23.04544 113.14989 141 1
23.045004 113.149765 142 0
23.044947 113.15018 143 0
22.99454 113.13003 144 0
23.065042 113.148796 145 0
23.06517 113.14911 146 0
23.057676 113.149315 147 0
23.057468 113.149155 148 0
23.05742 113.15059 149 0
23.057617 113.15063 150 1
23.04186 113.14675 151 1
23.017048 113.11782 152 0
23.001966 113.14002 153 1
23.00222 113.139626 154 1
22.991047 113.155846 155 1
22.992298 113.15585 156 1
23.044104 113.12889 157 0
23.064793 113.15745 158 0
23.065346 113.157394 159 1
23.069822 113.15725 160 1
23.019997 113.16696 161 0
23.023651 113.16784 162 0
23.031553 113.19843 163 0
23.071667 113.1495 164 0
23.064814 113.15766 165 0
22.999594 113.075554 166 0
22.987679 113.110954 167 0
23.020721 113.17346 168 0
23.019508 113.13049 169 1
23.000292 113.13885 170 1
22.98773 113.12157 171 0
23.017447 113.10024 172 0
23.035177 113.1424 173 1
23.070593 113.11923 174 1
23.021418 113.167076 175 0
23.016022 113.16183 176 0
23.034286 113.167725 177 1
23.040592 113.15344 178 1
23.067326 113.10394 179 1
23.070354 113.11552 180 1
23.030386 113.13876 181 0
23.047663 113.13 182 0
23.047783 113.097694 183 0
23.016508 113.16276 184 0
22.987925 113.16816 185 1
22.98757 113.16611 186 0
22.98751 113.1653 187 0
22.988844 113.174 188 1
22.987791 113.18697 189 0
23.023539 113.167076 190 1
23.069756 113.16361 191 0
23.036314 113.18357 192 0
23.036247 113.18353 193 0
23.01405 113.07596 194 0
23.068724 113.16748 195 0
23.068739 113.16738 196 0
23.037823 113.17629 197 0
23.017036 113.11828 198 0
23.014353 113.09593 199 1
23.01431 113.08201 200 1
23.013914 113.08192 201 1
23.01521 113.153915 202 1
23.038568 113.075356 203 0
23.041424 113.198105 204 0
23.037212 113.18526 205 0
23.037518 113.186516 206 0
23.058035 113.13355 207 0
23.040783 113.15293 208 0
23.040434 113.15354 209 1
23.040155 113.15425 210 0
22.998499 113.197685 211 0
23.006416 113.19829 212 0
23.006369 113.1977 213 0
22.987537 113.141304 214 0
22.990044 113.140274 215 0
22.994162 113.13888 216 0
23.014374 113.09743 217 1
22.992977 113.09622 218 1
23.071949 113.08483 219 0
23.047441 113.07485 220 0
22.993393 113.13932 221 1
23.010172 113.1057 222 0
22.998762 113.196465 223 0
23.00462 113.07508 224 0
22.987751 113.09173 225 0
23.01457 113.13434 226 0
22.99147 113.1397 227 0
23.050175 113.16186 228 0
23.050241 113.16221 229 0
22.999792 113.12599 230 1
22.997355 113.11153 231 0
22.997492 113.11153 232 0
23.0632525 113.0793025 233 0
23.0159353 113.1608347 234 1
23.0239257 113.1497717 235 0
23.060396 113.1462414 236 1
23.0571277 113.1497278 237 1
23.0339437 113.0963097 238 1
23.0340106 113.0880327 239 1
23.0297057 113.0963933 240 1
23.0340443 113.09668 241 1
23.0446078 113.176319 242 1
23.0448525 113.1672327 243 1
23.0491688 113.1811115 244 1
23.036829 113.1810084 245 1
23.026446 113.171841 246 1
23.0235805 113.184811 247 1
23.0279156 113.1232483 248 1
23.0242481 113.1185172 249 1
23.0257796 113.1234532 250 1
23.01438 113.1176333 251 1
23.0247876 113.0965912 252 1
23.027089 113.105236 253 1
23.0379486 113.1067582 254 1
23.0342597 113.1069713 255 1
22.9885145 113.094942 256 1
22.9878395 113.101815 257 1
22.9969106 113.0966891 258 1
22.996326 113.096967 259 1
22.999268 113.0889902 260 1
23.0259727 113.194665 261 1
23.0339021 113.18672 262 1
23.0368847 113.1858763 263 0
23.0435808 113.1843042 264 1
23.0390963 113.0759753 265 1
23.040453 113.075908 266 0
23.0202567 113.149268 267 1
23.0347818 113.1362502 268 1
23.0359538 113.15017 269 1
23.0344112 113.118622 270 1
23.0302017 113.1185 271 1
23.026543 113.1151175 272 1
23.0378358 113.1188376 273 1
23.0392893 113.1129854 274 1
23.0274746 113.1185152 275 1
23.0265352 113.1097416 276 1
23.0505726 113.1221024 277 1
23.0301884 113.1232673 278 1
23.0343604 113.1229552 279 1
23.0470695 113.1219775 280 1
23.0214429 113.123825 281 1
23.038063 113.122652 282 1
23.015748 113.0995681 283 0
23.000458 113.0832587 284 1
23.0190911 113.13079 285 1
23.019268 113.1318525 286 1
23.0301968 113.1279888 287 1
23.0193497 113.1311 288 1
23.0198338 113.131231 289 0
23.019714 113.1309295 290 0
23.0190414 113.1312972 291 0
23.0337588 113.1279532 292 1
23.0137379 113.0887996 293 1
23.0421657 113.0972018 294 1
23.0422479 113.0961055 295 1
23.0420939 113.0971747 296 1
23.0421774 113.0957019 297 1
23.0450265 113.194751 298 1
22.9932147 113.0960912 299 1
22.9914183 113.1260067 300 0
22.9936533 113.1467808 301 1
23.0671763 113.1049686 302 1
23.0701275 113.1302 303 1
23.0697614 113.1496529 304 1
23.0507763 113.1044946 305 1
23.054269 113.096795 306 1
23.0547393 113.0966433 307 0
23.0659877 113.094565 308 1
23.07039 113.097835 309 0
22.9914136 113.1122542 310 1
22.9945338 113.11757 311 1
23.018747 113.0883013 312 1
23.0398155 113.08798 313 1
23.029841 113.0820925 314 1
23.033959 113.082211 315 1
23.039651 113.08205 316 1
23.034535 113.0746225 317 0
23.014616 113.1178367 318 1
23.061043 113.1501515 319 0
23.0611741 113.1501995 320 0
23.0611103 113.154224 321 1
23.061142 113.149615 322 0
23.0695095 113.146567 323 1
23.0491366 113.189863 324 1
23.055467 113.185505 325 1
23.0341775 113.1123833 326 1
23.0265155 113.1057825 327 0
23.021807 113.1053312 328 1
23.0375864 113.1084448 329 1
23.038392 113.108602 330 0
23.041933 113.1039732 331 1
23.0422053 113.096555 332 1
23.0352556 113.1119302 333 1
23.0618197 113.097738 334 1
23.0443083 113.189854 335 1
23.0374855 113.096635 336 1
23.037514 113.0962792 337 1
23.0370184 113.07465 338 0
23.0190624 113.1386338 339 1
23.0452966 113.1050374 340 1
23.0423815 113.1091975 341 1
22.998699 113.1942575 342 1
23.01028 113.195015 343 1
22.9890028 113.1861026 344 0
22.9900062 113.1934568 345 1
23.0422721 113.1454471 346 1
23.0498845 113.1760925 347 1
23.0548968 113.1760512 348 1
23.0265298 113.1029812 349 1
23.0296565 113.1057808 350 0
23.0681766 113.1652123 351 1
23.0659348 113.1346892 352 1
23.068773 113.13427 353 0
23.0684563 113.1834975 354 1
23.030441 113.11348 355 1
23.0501537 113.14027 356 1
23.050144 113.1400187 357 1
23.0576114 113.146187 358 1
23.057683 113.1459517 359 1
23.0606444 113.1403633 360 1
23.0653367 113.1404432 361 0
23.06549 113.1406533 362 1
23.064809 113.198455 363 0
23.067979 113.1836 364 1
23.0701293 113.1965467 365 1
23.0445249 113.1543721 366 1
23.0299475 113.1546235 367 1
23.056122 113.1582075 368 1
23.0501805 113.158744 369 1
23.057052 113.15413 370 1
22.9986506 113.1259296 371 1
22.9988093 113.126141 372 1
22.9949164 113.113349 373 1
23.018533 113.1030487 374 1
23.0108835 113.13437 375 1
23.0024405 113.134134 376 1
23.0005595 113.134125 377 1
23.035222 113.154675 378 1
23.0351123 113.1544467 379 1
23.0347414 113.15887 380 1
23.0326027 113.1718895 381 1
23.0377745 113.1718325 382 1
23.0399239 113.134873 383 1
23.0260885 113.163115 384 1
23.0277227 113.16709 385 1
23.0608613 113.14957 386 0
23.0605498 113.1433858 387 1
23.0147737 113.1099167 388 1
23.0216216 113.109764 389 1
23.0195655 113.10969 390 1
23.0148164 113.1096682 391 1
22.9984054 113.151457 392 1
23.0304464 113.1371862 393 1
23.0444725 113.1220225 394 0
23.0307061 113.1230156 395 0
23.0651605 113.1435795 396 1
23.069073 113.1358 397 1
23.0694375 113.1405346 398 1
23.0720745 113.13531 399 0
23.0579053 113.1402961 400 1
23.0694337 113.1643267 401 1
23.0240262 113.1933538 402 1
22.9997566 113.1469663 403 1
23.0108526 113.149472 404 1
23.0047978 113.0889035 405 1
23.0104875 113.197395 406 0
23.0258426 113.1952582 407 1
23.0375885 113.1860025 408 1
23.0264353 113.19436 409 0
23.0312595 113.190035 410 1
23.010827 113.12411 411 0
23.0294412 113.159052 412 1
23.039351 113.1588 413 0
23.0285555 113.163025 414 1
23.0394735 113.158805 415 1
23.04008 113.154405 416 1
23.0388955 113.162745 417 1
23.0406495 113.1542668 418 1
23.050396 113.1661 419 1
23.044583 113.1609495 420 1
23.044776 113.1659852 421 1
23.0218252 113.1176851 422 1
23.019585 113.139498 423 1
22.9889673 113.089186 424 1
23.0122345 113.0803675 425 1
23.008496 113.0772055 426 0
22.9934607 113.0869844 427 1
22.9901225 113.1469088 428 1
23.0275204 113.1679282 429 1
23.0715998 113.0780822 430 0
23.069058 113.0781667 431 1
23.0043845 113.1240525 432 1
23.0109105 113.1388 433 0
22.9984657 113.1300929 434 1
22.998526 113.138835 435 1
22.9976087 113.1341412 436 1
22.988224 113.098 437 0
23.0425628 113.1137465 438 1
23.0146487 113.0996542 439 1
23.035942 113.14995 440 1
23.0402624 113.194906 441 1
23.041745 113.1466 442 1
23.0501433 113.14291 443 1
23.0504777 113.1500925 444 1
23.0574412 113.1500411 445 1
23.0577761 113.1433051 446 1
23.0578293 113.1343263 447 1
23.0581679 113.134042 448 1
23.058574 113.1499913 449 1
23.0605753 113.1345133 450 1
23.0610402 113.134589 451 1
23.065152 113.1497034 452 1
23.0651996 113.1500371 453 1
23.0694507 113.1409051 454 1
23.050081 113.1541483 455 0
23.0344415 113.166968 456 1
23.061071 113.15345 457 0
23.0373633 113.18577 458 1
23.0312396 113.176935 459 1
23.005118 113.185363 460 1
23.038273 113.074732 461 0
23.029692 113.0748633 462 0
23.0445333 113.1496661 463 0
23.0417395 113.1473275 464 1
23.041069 113.15013 465 1
23.041104 113.14989 466 1
23.0469462 113.1190652 467 1
23.029601 113.1235183 468 0
23.0299052 113.1830839 469 1
23.0306023 113.1235158 470 1
23.0312383 113.189775 471 0
23.040877 113.176265 472 1
23.0502238 113.1459713 473 1
23.050244 113.1456687 474 1
23.0017293 113.1387733 475 1
23.0026407 113.13866 476 1
23.0046555 113.114179 477 1
23.00433 113.11766 478 1
23.0699213 113.1602467 479 1
23.0721488 113.1602567 480 1
23.0249122 113.177794 481 1
23.0418685 113.16737 482 1
23.0721624 113.1495552 483 0
23.0198425 113.149345 484 1
22.9938652 113.1390431 485 1
23.014436 113.1030577 486 1
23.0532963 113.0968592 487 1
23.0407197 113.096504 488 1
23.0535421 113.0962302 489 1
23.040588 113.0963308 490 1
23.0715803 113.1957935 491 1
22.9931262 113.159914 492 1
22.9980467 113.1584093 493 1
22.994464 113.160168 494 1
23.0299727 113.1500213 495 1
23.029898 113.1497887 496 1
23.0201763 113.1495833 497 1
23.034033 113.1029612 498 1
23.0506639 113.1106529 499 0
23.0440245 113.114475 500 1
23.0296655 113.1088625 501 1
23.040057 113.1546525 502 1
22.992769 113.15821 503 1
23.0428215 113.10444 504 0
23.0084865 113.088806 505 1
23.0085305 113.0870315 506 0
23.0148549 113.0887879 507 1
23.0186785 113.088073 508 1
23.071595 113.1646567 509 0
23.0721283 113.1572037 510 1
23.0503444 113.14969 511 1
23.0500176 113.1496896 512 1
23.0150805 113.149595 513 1
23.0150735 113.14939 514 1
23.058338 113.1295583 515 1
23.0504665 113.1298425 516 1
23.0294958 113.1026523 517 1
23.0525437 113.097588 518 1
23.0371095 113.18263 519 1
23.038052 113.1812329 520 1
23.0691903 113.15742 521 1
23.050483 113.1696333 522 0
23.0465629 113.1049933 523 1
23.0465785 113.10479 524 1
23.0553227 113.1812733 525 1
23.0408587 113.1547067 526 1
23.0699764 113.1600036 527 1
23.0474418 113.1042619 528 1
23.037407 113.103235 529 1
23.0721527 113.160077 530 1
23.0472173 113.1163283 531 1
23.0505773 113.134575 532 1
23.0507205 113.1343378 533 1
23.050665 113.1192375 534 1
23.0559003 113.1107067 535 1
23.0022345 113.139075 536 1
23.0141757 113.1390867 537 1
23.0141587 113.13873 538 1
23.021049 113.138756 539 1
23.039404 113.16025 540 1
23.045493 113.15004 541 1
23.0016226 113.139148 542 1
23.003032 113.139065 543 1
23.0005415 113.130205 544 1
23.0026753 113.131432 545 0
23.000545 113.1299975 546 1
23.0680367 113.1234025 547 1
23.0703487 113.1233003 548 1
23.0702187 113.1231033 549 1
23.0644665 113.1499885 550 1
23.065006 113.15053 551 1
23.0651543 113.1505067 552 0
22.995458 113.1079833 553 1
22.9920246 113.1032 554 1
22.9916685 113.10806 555 1
22.9957608 113.1031117 556 1
23.004283 113.103205 557 1
23.0105233 113.10321 558 0
23.0043265 113.117845 559 1
23.041909 113.1174775 560 1
22.9973525 113.11795 561 1
22.98781 113.10208 562 1
22.988042 113.155365 563 1
22.9909985 113.15951 564 1
22.992611 113.1598175 565 1
23.0297957 113.088095 566 1
23.0294817 113.0967425 567 1
23.0265423 113.0990083 568 1
23.0422763 113.1225533 569 0
23.044959 113.11588 570 0
23.01469 113.13881 571 1
23.0215752 113.1029875 572 1
23.058218 113.12974 573 1
23.0314585 113.1983425 574 0
23.0325865 113.1966885 575 1
23.0368135 113.1962575 576 0
23.0383485 113.1676925 577 1
23.0408923 113.1665663 578 1
23.0652122 113.1463741 579 1
23.0295047 113.1031459 580 1
23.0369465 113.176285 581 1
23.002246 113.138845 582 1
23.0140663 113.11247 583 1
22.9973425 113.11771 584 1
23.0041327 113.103 585 0
23.0216345 113.096845 586 0
23.0145505 113.09585 587 0
23.038447 113.1667597 588 1
23.014693 113.1390125 589 1
23.0349915 113.19104 590 1
23.071335 113.1359667 591 1
23.0654202 113.1541412 592 1
23.050086 113.143166 593 0
23.0654492 113.1670442 594 1
23.0613202 113.157754 595 1
23.014578 113.097635 596 1
23.0492532 113.1853331 597 1
23.0432873 113.1848233 598 1
23.0438633 113.1848566 599 0
23.0554705 113.185768 600 0
23.0376185 113.186344 601 0
23.0376012 113.185586 602 1
23.0371563 113.1861972 603 1
23.0582075 113.133717 604 0
23.0694012 113.1440775 605 1
23.054099 113.1210375 606 1
22.999224 113.1905387 607 0
22.9989835 113.1918925 608 0
23.0439948 113.18105 609 1
22.9936418 113.1469975 610 1
22.9941165 113.1341518 611 1
23.026563 113.195207 612 1
23.031706 113.1921 613 1
23.0444089 113.1496487 614 0
22.997383 113.113605 615 1
826
8 275 307.58724979607956 16.67 3 3 2 3
1 0 0 0 1 0 0 0 1
1 0 0 0 1 0 0 0 1
8 272 83.85495509975573 16.67 3 3 4 5
1 0 0 0 1 0 0 0 1
1 0 0 0 1 0 0 0 1
8 422 528.3272588791981 16.67 3 3 6 7
1 0 0 0 1 0 0 0 1
1 0 0 0 1 0 0 0 1
119 118 162.80099089686777 16.67 3 3 8 9
1 0 0 0 1 0 0 0 1
1 0 0 0 1 0 0 0 1
119 507 91.57261755133179 16.67 3 3 10 11
1 0 0 0 1 0 0 0 1
1 0 0 0 1 0 0 0 1
119 99 302.4951953427711 16.67 3 3 12 13
1 0 0 0 1 0 0 0 1
1 0 0 0 1 0 0 0 1
103 200 55.87859981290485 16.67 3 3 14 15
1 0 0 0 1 0 0 0 1
1 0 0 0 1 0 0 0 1
103 102 408.1107591954804 16.67 3 3 16 17
1 0 0 0 1 0 0 0 1
1 0 0 0 1 0 0 0 1
103 425 224.314954994797 16.67 3 3 18 19
1 0 0 0 1 0 0 0 1
1 0 0 0 1 0 0 0 1
103 201 27.807228386206013 16.67 3 3 20 21
1 0 0 0 1 0 0 0 1
1 0 0 0 1 0 0 0 1
104 200 23.35798175601013 16.67 3 3 22 23
1 0 0 0 1 0 0 0 1
1 0 0 0 1 0 0 0 1
104 508 789.356036268874 16.67 3 3 24 25
1 0 0 0 1 0 0 0 1
1 0 0 0 1 0 0 0 1
104 99 350.2957333823898 16.67 3 3 26 27
1 0 0 0 1 0 0 0 1
1 0 0 0 1 0 0 0 1
104 201 52.890739010854496 16.67 3 3 28 29
1 0 0 0 1 0 0 0 1
1 0 0 0 1 0 0 0 1
97 351 462.5607409213481 16.67 3 3 30 31
1 0 0 0 1 0 0 0 1
1 0 0 0 1 0 0 0 1
97 180 5983.258732338073 16.67 3 3 32 33
1 0 0 0 1 0 0 0 1
1 0 0 0 1 0 0 0 1
97 364 1592.2013210607424 16.67 3 3 34 35
1 0 0 0 1 0 0 0 1
1 0 0 0 1 0 0 0 1
217 259 1847.9460616309673 16.67 3 3 36 37
1 0 0 0 1 0 0 0 1
1 0 0 0 1 0 0 0 1
217 72 163.5178847975032 16.67 3 3 38 39
1 0 0 0 1 0 0 0 1
1 0 0 0 1 0 0 0 1
217 199 166.81652616232444 16.67 3 3 40 41
1 0 0 0 1 0 0 0 1
1 0 0 0 1 0 0 0 1
45 66 954.1312312712828 16.67 3 3 42 43
1 0 0 0 1 0 0 0 1
1 0 0 0 1 0 0 0 1
45 381 64.46864188108694 16.67 3 3 44 45
1 0 0 0 1 0 0 0 1
1 0 0 0 1 0 0 0 1
45 382 530.5848227429674 16.67 3 3 46 47
1 0 0 0 1 0 0 0 1
1 0 0 0 1 0 0 0 1
199 59 740.856483764702 16.67 3 3 48 49
1 0 0 0 1 0 0 0 1
1 0 0 0 1 0 0 0 1
199 258 1787.2398429013256 16.67 3 3 50 51
1 0 0 0 1 0 0 0 1
1 0 0 0 1 0 0 0 1
127 19 401.83073921342077 16.67 3 3 52 53
1 0 0 0 1 0 0 0 1
1 0 0 0 1 0 0 0 1
127 18 495.7011893198362 16.67 3 3 54 55
1 0 0 0 1 0 0 0 1
1 0 0 0 1 0 0 0 1
127 171 680.6463722335519 16.67 3 3 56 57
1 0 0 0 1 0 0 0 1
1 0 0 0 1 0 0 0 1
230 546 452.25782692055725 16.67 3 3 58 59
1 0 0 0 1 0 0 0 1
1 0 0 0 1 0 0 0 1
230 372 101.98293369355196 16.67 3 3 60 61
1 0 0 0 1 0 0 0 1
1 0 0 0 1 0 0 0 1
230 432 517.1185407723204 16.67 3 3 62 63
1 0 0 0 1 0 0 0 1
1 0 0 0 1 0 0 0 1
94 475 76.08743535158845 16.67 3 3 64 65
1 0 0 0 1 0 0 0 1
1 0 0 0 1 0 0 0 1
94 582 67.47931364030778 16.67 3 3 66 67
1 0 0 0 1 0 0 0 1
1 0 0 0 1 0 0 0 1
94 376 457.28552816206945 16.67 3 3 68 69
1 0 0 0 1 0 0 0 1
1 0 0 0 1 0 0 0 1
95 476 56.427752039743844 16.67 3 3 70 71
1 0 0 0 1 0 0 0 1
1 0 0 0 1 0 0 0 1
95 582 69.18148163460042 16.67 3 3 72 73
1 0 0 0 1 0 0 0 1
1 0 0 0 1 0 0 0 1
95 376 455.5809146637682 16.67 3 3 74 75
1 0 0 0 1 0 0 0 1
1 0 0 0 1 0 0 0 1
234 412 1396.4671767210991 16.67 3 3 76 77
1 0 0 0 1 0 0 0 1
1 0 0 0 1 0 0 0 1
234 202 773.0554988709823 16.67 3 3 78 79
1 0 0 0 1 0 0 0 1
1 0 0 0 1 0 0 0 1
234 184 221.97575499584784 16.67 3 3 80 81
1 0 0 0 1 0 0 0 1
1 0 0 0 1 0 0 0 1
235 497 384.2986998628594 16.67 3 3 82 83
1 0 0 0 1 0 0 0 1
1 0 0 0 1 0 0 0 1
235 495 619.4940395684791 16.67 3 3 84 85
1 0 0 0 1 0 0 0 1
1 0 0 0 1 0 0 0 1
236 579 492.9948582716442 16.67 3 3 86 87
1 0 0 0 1 0 0 0 1
1 0 0 0 1 0 0 0 1
236 386 373.195311438851 16.67 3 3 88 89
1 0 0 0 1 0 0 0 1
1 0 0 0 1 0 0 0 1
236 387 317.93748650111104 16.67 3 3 90 91
1 0 0 0 1 0 0 0 1
1 0 0 0 1 0 0 0 1
236 322 382.8363825705194 16.67 3 3 92 93
1 0 0 0 1 0 0 0 1
1 0 0 0 1 0 0 0 1
237 452 821.0381017641212 16.67 3 3 94 95
1 0 0 0 1 0 0 0 1
1 0 0 0 1 0 0 0 1
237 147 72.48813015679437 16.67 3 3 96 97
1 0 0 0 1 0 0 0 1
1 0 0 0 1 0 0 0 1
237 148 72.5919335690519 16.67 3 3 98 99
1 0 0 0 1 0 0 0 1
1 0 0 0 1 0 0 0 1
237 511 694.0691999003449 16.67 3 3 100 101
1 0 0 0 1 0 0 0 1
1 0 0 0 1 0 0 0 1
238 239 920.4426427428414 16.67 3 3 102 103
1 0 0 0 1 0 0 0 1
1 0 0 0 1 0 0 0 1
238 240 433.79969652429656 16.67 3 3 104 105
1 0 0 0 1 0 0 0 1
1 0 0 0 1 0 0 0 1
238 241 42.44545376199927 16.67 3 3 106 107
1 0 0 0 1 0 0 0 1
1 0 0 0 1 0 0 0 1
238 337 365.38604999094184 16.67 3 3 108 109
1 0 0 0 1 0 0 0 1
1 0 0 0 1 0 0 0 1
239 313 594.0789993398562 16.67 3 3 110 111
1 0 0 0 1 0 0 0 1
1 0 0 0 1 0 0 0 1
239 315 647.4049719385797 16.67 3 3 112 113
1 0 0 0 1 0 0 0 1
1 0 0 0 1 0 0 0 1
239 566 431.3915277675915 16.67 3 3 114 115
1 0 0 0 1 0 0 0 1
1 0 0 0 1 0 0 0 1
240 252 503.79551055869086 16.67 3 3 116 117
1 0 0 0 1 0 0 0 1
1 0 0 0 1 0 0 0 1
240 566 922.8317440568903 16.67 3 3 118 119
1 0 0 0 1 0 0 0 1
1 0 0 0 1 0 0 0 1
241 567 466.96972050745114 16.67 3 3 120 121
1 0 0 0 1 0 0 0 1
1 0 0 0 1 0 0 0 1
241 498 698.4816141508798 16.67 3 3 122 123
1 0 0 0 1 0 0 0 1
1 0 0 0 1 0 0 0 1
241 336 352.19401621514294 16.67 3 3 124 125
1 0 0 0 1 0 0 0 1
1 0 0 0 1 0 0 0 1
242 243 1010.7229997705074 16.67 3 3 126 127
1 0 0 0 1 0 0 0 1
1 0 0 0 1 0 0 0 1
242 609 529.8219608337067 16.67 3 3 128 129
1 0 0 0 1 0 0 0 1
1 0 0 0 1 0 0 0 1
242 472 381.8122437824039 16.67 3 3 130 131
1 0 0 0 1 0 0 0 1
1 0 0 0 1 0 0 0 1
242 347 540.5408927151605 16.67 3 3 132 133
1 0 0 0 1 0 0 0 1
1 0 0 0 1 0 0 0 1
170 377 526.141427542183 16.67 3 3 134 135
1 0 0 0 1 0 0 0 1
1 0 0 0 1 0 0 0 1
170 435 180.77821419776845 16.67 3 3 136 137
1 0 0 0 1 0 0 0 1
1 0 0 0 1 0 0 0 1
170 475 147.37129511262404 16.67 3 3 138 139
1 0 0 0 1 0 0 0 1
1 0 0 0 1 0 0 0 1
243 351 2397.2538282694522 16.67 3 3 140 141
1 0 0 0 1 0 0 0 1
1 0 0 0 1 0 0 0 1
243 482 305.7274511116591 16.67 3 3 142 143
1 0 0 0 1 0 0 0 1
1 0 0 0 1 0 0 0 1
244 597 469.52888955464175 16.67 3 3 144 145
1 0 0 0 1 0 0 0 1
1 0 0 0 1 0 0 0 1
244 347 562.905910959608 16.67 3 3 146 147
1 0 0 0 1 0 0 0 1
1 0 0 0 1 0 0 0 1
244 609 529.4709195905373 16.67 3 3 148 149
1 0 0 0 1 0 0 0 1
1 0 0 0 1 0 0 0 1
244 525 629.951487014581 16.67 3 3 150 151
1 0 0 0 1 0 0 0 1
1 0 0 0 1 0 0 0 1
245 519 182.59516854800313 16.67 3 3 152 153
1 0 0 0 1 0 0 0 1
1 0 0 0 1 0 0 0 1
245 520 127.61988328990064 16.67 3 3 154 155
1 0 0 0 1 0 0 0 1
1 0 0 0 1 0 0 0 1
245 540 2323.362797081707 16.67 3 3 156 157
1 0 0 0 1 0 0 0 1
1 0 0 0 1 0 0 0 1
245 581 525.388128432691 16.67 3 3 158 159
1 0 0 0 1 0 0 0 1
1 0 0 0 1 0 0 0 1
246 114 602.0492338822645 16.67 3 3 160 161
1 0 0 0 1 0 0 0 1
1 0 0 0 1 0 0 0 1
246 93 617.4501011542892 16.67 3 3 162 163
1 0 0 0 1 0 0 0 1
1 0 0 0 1 0 0 0 1
246 481 680.3405357963135 16.67 3 3 164 165
1 0 0 0 1 0 0 0 1
1 0 0 0 1 0 0 0 1
246 429 448.78872918967164 16.67 3 3 166 167
1 0 0 0 1 0 0 0 1
1 0 0 0 1 0 0 0 1
247 402 951.0691188026135 16.67 3 3 168 169
1 0 0 0 1 0 0 0 1
1 0 0 0 1 0 0 0 1
247 469 675.1857544203323 16.67 3 3 170 171
1 0 0 0 1 0 0 0 1
1 0 0 0 1 0 0 0 1
247 481 792.1161526344016 16.67 3 3 172 173
1 0 0 0 1 0 0 0 1
1 0 0 0 1 0 0 0 1
145 452 101.53018712865045 16.67 3 3 174 175
1 0 0 0 1 0 0 0 1
1 0 0 0 1 0 0 0 1
145 579 269.88197797392553 16.67 3 3 176 177
1 0 0 0 1 0 0 0 1
1 0 0 0 1 0 0 0 1
248 275 528.2606492917403 16.67 3 3 178 179
1 0 0 0 1 0 0 0 1
1 0 0 0 1 0 0 0 1
248 250 219.78380257199038 16.67 3 3 180 181
1 0 0 0 1 0 0 0 1
1 0 0 0 1 0 0 0 1
248 87 145.77441497014397 16.67 3 3 182 183
1 0 0 0 1 0 0 0 1
1 0 0 0 1 0 0 0 1
146 452 66.01283339907286 16.67 3 3 184 185
1 0 0 0 1 0 0 0 1
1 0 0 0 1 0 0 0 1
146 579 304.26760065570124 16.67 3 3 186 187
1 0 0 0 1 0 0 0 1
1 0 0 0 1 0 0 0 1
249 275 330.2110095868418 16.67 3 3 188 189
1 0 0 0 1 0 0 0 1
1 0 0 0 1 0 0 0 1
249 250 570.8323091116994 16.67 3 3 190 191
1 0 0 0 1 0 0 0 1
1 0 0 0 1 0 0 0 1
249 422 264.66962768997746 16.67 3 3 192 193
1 0 0 0 1 0 0 0 1
1 0 0 0 1 0 0 0 1
250 281 445.74910194441316 16.67 3 3 194 195
1 0 0 0 1 0 0 0 1
1 0 0 0 1 0 0 0 1
251 318 33.091519375764726 16.67 3 3 196 197
1 0 0 0 1 0 0 0 1
1 0 0 0 1 0 0 0 1
251 478 1028.6305818126416 16.67 3 3 198 199
1 0 0 0 1 0 0 0 1
1 0 0 0 1 0 0 0 1
251 422 762.0445077967256 16.67 3 3 200 201
1 0 0 0 1 0 0 0 1
1 0 0 0 1 0 0 0 1
252 567 480.70269434054876 16.67 3 3 202 203
1 0 0 0 1 0 0 0 1
1 0 0 0 1 0 0 0 1
252 568 323.25723608265804 16.67 3 3 204 205
1 0 0 0 1 0 0 0 1
1 0 0 0 1 0 0 0 1
252 312 1109.9539719537124 16.67 3 3 206 207
1 0 0 0 1 0 0 0 1
1 0 0 0 1 0 0 0 1
253 328 540.670024776277 16.67 3 3 208 209
1 0 0 0 1 0 0 0 1
1 0 0 0 1 0 0 0 1
253 23 401.83178923767474 16.67 3 3 210 211
1 0 0 0 1 0 0 0 1
1 0 0 0 1 0 0 0 1
253 349 257.18596525338205 16.67 3 3 212 213
1 0 0 0 1 0 0 0 1
1 0 0 0 1 0 0 0 1
253 327 84.48692913561626 16.67 3 3 214 215
1 0 0 0 1 0 0 0 1
1 0 0 0 1 0 0 0 1
254 529 395.686924430326 16.67 3 3 216 217
1 0 0 0 1 0 0 0 1
1 0 0 0 1 0 0 0 1
254 329 191.1803257896931 16.67 3 3 218 219
1 0 0 0 1 0 0 0 1
1 0 0 0 1 0 0 0 1
254 255 378.2391952704513 16.67 3 3 220 221
1 0 0 0 1 0 0 0 1
1 0 0 0 1 0 0 0 1
255 498 446.533350960951 16.67 3 3 222 223
1 0 0 0 1 0 0 0 1
1 0 0 0 1 0 0 0 1
255 333 560.7774709313156 16.67 3 3 224 225
1 0 0 0 1 0 0 0 1
1 0 0 0 1 0 0 0 1
255 2 231.16927972594212 16.67 3 3 226 227
1 0 0 0 1 0 0 0 1
1 0 0 0 1 0 0 0 1
256 299 497.84308444392127 16.67 3 3 228 229
1 0 0 0 1 0 0 0 1
1 0 0 0 1 0 0 0 1
256 437 341.352941181017 16.67 3 3 230 231
1 0 0 0 1 0 0 0 1
1 0 0 0 1 0 0 0 1
256 218 478.42349044147005 16.67 3 3 232 233
1 0 0 0 1 0 0 0 1
1 0 0 0 1 0 0 0 1
257 562 29.622811819035835 16.67 3 3 234 235
1 0 0 0 1 0 0 0 1
1 0 0 0 1 0 0 0 1
257 556 823.631982511708 16.67 3 3 236 237
1 0 0 0 1 0 0 0 1
1 0 0 0 1 0 0 0 1
257 437 426.05693976539834 16.67 3 3 238 239
1 0 0 0 1 0 0 0 1
1 0 0 0 1 0 0 0 1
147 358 347.90198041173056 16.67 3 3 240 241
1 0 0 0 1 0 0 0 1
1 0 0 0 1 0 0 0 1
148 358 330.372874702196 16.67 3 3 242 243
1 0 0 0 1 0 0 0 1
1 0 0 0 1 0 0 0 1
168 481 645.1937046660602 16.67 3 3 244 245
1 0 0 0 1 0 0 0 1
1 0 0 0 1 0 0 0 1
168 493 2861.1982724559625 16.67 3 3 246 247
1 0 0 0 1 0 0 0 1
1 0 0 0 1 0 0 0 1
258 259 67.3503308608437 16.67 3 3 248 249
1 0 0 0 1 0 0 0 1
1 0 0 0 1 0 0 0 1
258 260 889.4903480467373 16.67 3 3 250 251
1 0 0 0 1 0 0 0 1
1 0 0 0 1 0 0 0 1
258 299 384.1254317401827 16.67 3 3 252 253
1 0 0 0 1 0 0 0 1
1 0 0 0 1 0 0 0 1
259 556 685.7466469903941 16.67 3 3 254 255
1 0 0 0 1 0 0 0 1
1 0 0 0 1 0 0 0 1
259 218 352.73938856159634 16.67 3 3 256 257
1 0 0 0 1 0 0 0 1
1 0 0 0 1 0 0 0 1
260 427 634.9173479599576 16.67 3 3 258 259
1 0 0 0 1 0 0 0 1
1 0 0 0 1 0 0 0 1
260 284 648.8889395225638 16.67 3 3 260 261
1 0 0 0 1 0 0 0 1
1 0 0 0 1 0 0 0 1
260 405 566.125361572031 16.67 3 3 262 263
1 0 0 0 1 0 0 0 1
1 0 0 0 1 0 0 0 1
149 370 395.45098357555247 16.67 3 3 264 265
1 0 0 0 1 0 0 0 1
1 0 0 0 1 0 0 0 1
149 445 61.077190782740544 16.67 3 3 266 267
1 0 0 0 1 0 0 0 1
1 0 0 0 1 0 0 0 1
261 612 85.33645947003465 16.67 3 3 268 269
1 0 0 0 1 0 0 0 1
1 0 0 0 1 0 0 0 1
261 32 806.3260026882117 16.67 3 3 270 271
1 0 0 0 1 0 0 0 1
1 0 0 0 1 0 0 0 1
261 402 246.86853994087747 16.67 3 3 272 273
1 0 0 0 1 0 0 0 1
1 0 0 0 1 0 0 0 1
261 407 67.29523973524329 16.67 3 3 274 275
1 0 0 0 1 0 0 0 1
1 0 0 0 1 0 0 0 1
150 449 120.96485758501157 16.67 3 3 276 277
1 0 0 0 1 0 0 0 1
1 0 0 0 1 0 0 0 1
150 370 393.4761310173147 16.67 3 3 278 279
1 0 0 0 1 0 0 0 1
1 0 0 0 1 0 0 0 1
150 445 67.91216811825691 16.67 3 3 280 281
1 0 0 0 1 0 0 0 1
1 0 0 0 1 0 0 0 1
262 192 428.51169291292035 16.67 3 3 282 283
1 0 0 0 1 0 0 0 1
1 0 0 0 1 0 0 0 1
262 590 493.15827305728806 16.67 3 3 284 285
1 0 0 0 1 0 0 0 1
1 0 0 0 1 0 0 0 1
262 193 428.27625337839726 16.67 3 3 286 287
1 0 0 0 1 0 0 0 1
1 0 0 0 1 0 0 0 1
262 603 338.05839285206173 16.67 3 3 288 289
1 0 0 0 1 0 0 0 1
1 0 0 0 1 0 0 0 1
263 205 76.28040774817683 16.67 3 3 290 291
1 0 0 0 1 0 0 0 1
1 0 0 0 1 0 0 0 1
263 458 50.38325107606991 16.67 3 3 292 293
1 0 0 0 1 0 0 0 1
1 0 0 0 1 0 0 0 1
264 597 591.6184172716164 16.67 3 3 294 295
1 0 0 0 1 0 0 0 1
1 0 0 0 1 0 0 0 1
264 598 65.0704815600225 16.67 3 3 296 297
1 0 0 0 1 0 0 0 1
1 0 0 0 1 0 0 0 1
264 599 67.8899631327856 16.67 3 3 298 299
1 0 0 0 1 0 0 0 1
1 0 0 0 1 0 0 0 1
264 602 628.2675565610144 16.67 3 3 300 301
1 0 0 0 1 0 0 0 1
1 0 0 0 1 0 0 0 1
151 442 20.41362328095658 16.67 3 3 302 303
1 0 0 0 1 0 0 0 1
1 0 0 0 1 0 0 0 1
151 464 65.39213852627441 16.67 3 3 304 305
1 0 0 0 1 0 0 0 1
1 0 0 0 1 0 0 0 1
151 57 61.45825244982217 16.67 3 3 306 307
1 0 0 0 1 0 0 0 1
1 0 0 0 1 0 0 0 1
265 203 87.5523045836653 16.67 3 3 308 309
1 0 0 0 1 0 0 0 1
1 0 0 0 1 0 0 0 1
265 266 139.03553916023554 16.67 3 3 310 311
1 0 0 0 1 0 0 0 1
1 0 0 0 1 0 0 0 1
265 316 677.8982117991392 16.67 3 3 312 313
1 0 0 0 1 0 0 0 1
1 0 0 0 1 0 0 0 1
169 281 767.1599237323577 16.67 3 3 314 315
1 0 0 0 1 0 0 0 1
1 0 0 0 1 0 0 0 1
169 288 69.74107471760684 16.67 3 3 316 317
1 0 0 0 1 0 0 0 1
1 0 0 0 1 0 0 0 1
169 290 53.22688484440524 16.67 3 3 318 319
1 0 0 0 1 0 0 0 1
1 0 0 0 1 0 0 0 1
267 484 43.247994055019355 16.67 3 3 320 321
1 0 0 0 1 0 0 0 1
1 0 0 0 1 0 0 0 1
267 423 1088.6142763244966 16.67 3 3 322 323
1 0 0 0 1 0 0 0 1
1 0 0 0 1 0 0 0 1
267 56 417.5240186353342 16.67 3 3 324 325
1 0 0 0 1 0 0 0 1
1 0 0 0 1 0 0 0 1
268 383 548.0513282068501 16.67 3 3 326 327
1 0 0 0 1 0 0 0 1
1 0 0 0 1 0 0 0 1
268 292 928.5615880516422 16.67 3 3 328 329
1 0 0 0 1 0 0 0 1
1 0 0 0 1 0 0 0 1
268 173 685.0635652575413 16.67 3 3 330 331
1 0 0 0 1 0 0 0 1
1 0 0 0 1 0 0 0 1
268 440 1528.061815177647 16.67 3 3 332 333
1 0 0 0 1 0 0 0 1
1 0 0 0 1 0 0 0 1
269 465 523.4803222654062 16.67 3 3 334 335
1 0 0 0 1 0 0 0 1
1 0 0 0 1 0 0 0 1
269 440 24.494176626348636 16.67 3 3 336 337
1 0 0 0 1 0 0 0 1
1 0 0 0 1 0 0 0 1
269 495 612.2961886650669 16.67 3 3 338 339
1 0 0 0 1 0 0 0 1
1 0 0 0 1 0 0 0 1
269 379 483.3103347198551 16.67 3 3 340 341
1 0 0 0 1 0 0 0 1
1 0 0 0 1 0 0 0 1
270 273 351.27785258123635 16.67 3 3 342 343
1 0 0 0 1 0 0 0 1
1 0 0 0 1 0 0 0 1
270 271 430.99557453237236 16.67 3 3 344 345
1 0 0 0 1 0 0 0 1
1 0 0 0 1 0 0 0 1
270 279 481.88762078508705 16.67 3 3 346 347
1 0 0 0 1 0 0 0 1
1 0 0 0 1 0 0 0 1
271 275 279.09343984118806 16.67 3 3 348 349
1 0 0 0 1 0 0 0 1
1 0 0 0 1 0 0 0 1
271 88 412.7314541442292 16.67 3 3 350 351
1 0 0 0 1 0 0 0 1
1 0 0 0 1 0 0 0 1
271 91 429.2748625778283 16.67 3 3 352 353
1 0 0 0 1 0 0 0 1
1 0 0 0 1 0 0 0 1
272 276 597.8102131870374 16.67 3 3 354 355
1 0 0 0 1 0 0 0 1
1 0 0 0 1 0 0 0 1
272 355 438.521567076803 16.67 3 3 356 357
1 0 0 0 1 0 0 0 1
1 0 0 0 1 0 0 0 1
273 274 667.5568426369258 16.67 3 3 358 359
1 0 0 0 1 0 0 0 1
1 0 0 0 1 0 0 0 1
273 282 424.80482098157506 16.67 3 3 360 361
1 0 0 0 1 0 0 0 1
1 0 0 0 1 0 0 0 1
273 467 932.6386707006035 16.67 3 3 362 363
1 0 0 0 1 0 0 0 1
1 0 0 0 1 0 0 0 1
274 438 345.5101563706897 16.67 3 3 364 365
1 0 0 0 1 0 0 0 1
1 0 0 0 1 0 0 0 1
274 333 429.13063143700697 16.67 3 3 366 367
1 0 0 0 1 0 0 0 1
1 0 0 0 1 0 0 0 1
82 200 161.61522942398923 16.67 3 3 368 369
1 0 0 0 1 0 0 0 1
1 0 0 0 1 0 0 0 1
82 462 1708.5318519061004 16.67 3 3 370 371
1 0 0 0 1 0 0 0 1
1 0 0 0 1 0 0 0 1
82 508 654.8109095407251 16.67 3 3 372 373
1 0 0 0 1 0 0 0 1
1 0 0 0 1 0 0 0 1
276 389 502.872099265128 16.67 3 3 374 375
1 0 0 0 1 0 0 0 1
1 0 0 0 1 0 0 0 1
276 23 102.62592543497755 16.67 3 3 376 377
1 0 0 0 1 0 0 0 1
1 0 0 0 1 0 0 0 1
276 327 440.2636064448778 16.67 3 3 378 379
1 0 0 0 1 0 0 0 1
1 0 0 0 1 0 0 0 1
277 22 557.9703771014762 16.67 3 3 380 381
1 0 0 0 1 0 0 0 1
1 0 0 0 1 0 0 0 1
277 68 1875.806390419475 16.67 3 3 382 383
1 0 0 0 1 0 0 0 1
1 0 0 0 1 0 0 0 1
277 280 358.71806003447676 16.67 3 3 384 385
1 0 0 0 1 0 0 0 1
1 0 0 0 1 0 0 0 1
277 606 379.76784140509085 16.67 3 3 386 387
1 0 0 0 1 0 0 0 1
1 0 0 0 1 0 0 0 1
278 468 66.27771697744475 16.67 3 3 388 389
1 0 0 0 1 0 0 0 1
1 0 0 0 1 0 0 0 1
278 88 118.04887997837218 16.67 3 3 390 391
1 0 0 0 1 0 0 0 1
1 0 0 0 1 0 0 0 1
278 470 50.57493038774632 16.67 3 3 392 393
1 0 0 0 1 0 0 0 1
1 0 0 0 1 0 0 0 1
278 89 82.16182954549353 16.67 3 3 394 395
1 0 0 0 1 0 0 0 1
1 0 0 0 1 0 0 0 1
279 292 559.1859538214774 16.67 3 3 396 397
1 0 0 0 1 0 0 0 1
1 0 0 0 1 0 0 0 1
279 282 380.4053270808143 16.67 3 3 398 399
1 0 0 0 1 0 0 0 1
1 0 0 0 1 0 0 0 1
279 470 389.6075404536954 16.67 3 3 400 401
1 0 0 0 1 0 0 0 1
1 0 0 0 1 0 0 0 1
280 394 265.78787331396904 16.67 3 3 402 403
1 0 0 0 1 0 0 0 1
1 0 0 0 1 0 0 0 1
280 282 924.6467834165634 16.67 3 3 404 405
1 0 0 0 1 0 0 0 1
1 0 0 0 1 0 0 0 1
280 467 324.0986329693266 16.67 3 3 406 407
1 0 0 0 1 0 0 0 1
1 0 0 0 1 0 0 0 1
281 285 811.0589135741968 16.67 3 3 408 409
1 0 0 0 1 0 0 0 1
1 0 0 0 1 0 0 0 1
281 422 683.888022614537 16.67 3 3 410 411
1 0 0 0 1 0 0 0 1
1 0 0 0 1 0 0 0 1
282 383 1372.274384497756 16.67 3 3 412 413
1 0 0 0 1 0 0 0 1
1 0 0 0 1 0 0 0 1
179 109 3122.3309579100346 16.67 3 3 414 415
1 0 0 0 1 0 0 0 1
1 0 0 0 1 0 0 0 1
179 305 1694.3334612717772 16.67 3 3 416 417
1 0 0 0 1 0 0 0 1
1 0 0 0 1 0 0 0 1
179 302 115.40301020002057 16.67 3 3 418 419
1 0 0 0 1 0 0 0 1
1 0 0 0 1 0 0 0 1
179 37 154.0245619525232 16.67 3 3 420 421
1 0 0 0 1 0 0 0 1
1 0 0 0 1 0 0 0 1
283 439 112.91981818351383 16.67 3 3 422 423
1 0 0 0 1 0 0 0 1
1 0 0 0 1 0 0 0 1
283 172 189.26465574719046 16.67 3 3 424 425
1 0 0 0 1 0 0 0 1
1 0 0 0 1 0 0 0 1
180 302 1217.5415102195727 16.67 3 3 426 427
1 0 0 0 1 0 0 0 1
1 0 0 0 1 0 0 0 1
180 39 324.1280520985092 16.67 3 3 428 429
1 0 0 0 1 0 0 0 1
1 0 0 0 1 0 0 0 1
284 426 1063.0467673204935 16.67 3 3 430 431
1 0 0 0 1 0 0 0 1
1 0 0 0 1 0 0 0 1
284 427 827.4463993498015 16.67 3 3 432 433
1 0 0 0 1 0 0 0 1
1 0 0 0 1 0 0 0 1
284 10 888.8537021410119 16.67 3 3 434 435
1 0 0 0 1 0 0 0 1
1 0 0 0 1 0 0 0 1
27 106 2442.0751746876335 16.67 3 3 436 437
1 0 0 0 1 0 0 0 1
1 0 0 0 1 0 0 0 1
27 105 603.3048947922343 16.67 3 3 438 439
1 0 0 0 1 0 0 0 1
1 0 0 0 1 0 0 0 1
27 29 600.2038584726957 16.67 3 3 440 441
1 0 0 0 1 0 0 0 1
1 0 0 0 1 0 0 0 1
285 288 43.461013179422295 16.67 3 3 442 443
1 0 0 0 1 0 0 0 1
1 0 0 0 1 0 0 0 1
285 291 56.63045542392929 16.67 3 3 444 445
1 0 0 0 1 0 0 0 1
1 0 0 0 1 0 0 0 1
286 339 754.3862041150904 16.67 3 3 446 447
1 0 0 0 1 0 0 0 1
1 0 0 0 1 0 0 0 1
286 288 84.09608592385304 16.67 3 3 448 449
1 0 0 0 1 0 0 0 1
1 0 0 0 1 0 0 0 1
286 291 65.96187278036243 16.67 3 3 450 451
1 0 0 0 1 0 0 0 1
1 0 0 0 1 0 0 0 1
287 289 1120.1465024316394 16.67 3 3 452 453
1 0 0 0 1 0 0 0 1
1 0 0 0 1 0 0 0 1
287 290 1121.5309159378696 16.67 3 3 454 455
1 0 0 0 1 0 0 0 1
1 0 0 0 1 0 0 0 1
287 292 364.5525493288319 16.67 3 3 456 457
1 0 0 0 1 0 0 0 1
1 0 0 0 1 0 0 0 1
287 89 443.7092227522667 16.67 3 3 458 459
1 0 0 0 1 0 0 0 1
1 0 0 0 1 0 0 0 1
288 11 92.77965393803206 16.67 3 3 460 461
1 0 0 0 1 0 0 0 1
1 0 0 0 1 0 0 0 1
289 11 87.46385769905851 16.67 3 3 462 463
1 0 0 0 1 0 0 0 1
1 0 0 0 1 0 0 0 1
293 59 68.10480263477744 16.67 3 3 464 465
1 0 0 0 1 0 0 0 1
1 0 0 0 1 0 0 0 1
293 405 915.1043569372864 16.67 3 3 466 467
1 0 0 0 1 0 0 0 1
1 0 0 0 1 0 0 0 1
293 101 380.9606391177544 16.67 3 3 468 469
1 0 0 0 1 0 0 0 1
1 0 0 0 1 0 0 0 1
293 505 537.4884162797908 16.67 3 3 470 471
1 0 0 0 1 0 0 0 1
1 0 0 0 1 0 0 0 1
294 331 753.3681882937873 16.67 3 3 472 473
1 0 0 0 1 0 0 0 1
1 0 0 0 1 0 0 0 1
294 297 166.7958555119007 16.67 3 3 474 475
1 0 0 0 1 0 0 0 1
1 0 0 0 1 0 0 0 1
294 332 72.03937638507875 16.67 3 3 476 477
1 0 0 0 1 0 0 0 1
1 0 0 0 1 0 0 0 1
295 296 119.93674834499394 16.67 3 3 478 479
1 0 0 0 1 0 0 0 1
1 0 0 0 1 0 0 0 1
295 489 1155.8154786306218 16.67 3 3 480 481
1 0 0 0 1 0 0 0 1
1 0 0 0 1 0 0 0 1
295 490 171.69485899557347 16.67 3 3 482 483
1 0 0 0 1 0 0 0 1
1 0 0 0 1 0 0 0 1
295 297 45.45715730326804 16.67 3 3 484 485
1 0 0 0 1 0 0 0 1
1 0 0 0 1 0 0 0 1
296 488 159.17625531120945 16.67 3 3 486 487
1 0 0 0 1 0 0 0 1
1 0 0 0 1 0 0 0 1
296 331 756.18461178249 16.67 3 3 488 489
1 0 0 0 1 0 0 0 1
1 0 0 0 1 0 0 0 1
297 220 2380.5046002590498 16.67 3 3 490 491
1 0 0 0 1 0 0 0 1
1 0 0 0 1 0 0 0 1
298 335 549.4918870975866 16.67 3 3 492 493
1 0 0 0 1 0 0 0 1
1 0 0 0 1 0 0 0 1
298 600 1462.8713121281285 16.67 3 3 494 495
1 0 0 0 1 0 0 0 1
1 0 0 0 1 0 0 0 1
298 441 487.80356148029466 16.67 3 3 496 497
1 0 0 0 1 0 0 0 1
1 0 0 0 1 0 0 0 1
181 393 175.1184962169492 16.67 3 3 498 499
1 0 0 0 1 0 0 0 1
1 0 0 0 1 0 0 0 1
181 92 438.1413585902493 16.67 3 3 500 501
1 0 0 0 1 0 0 0 1
1 0 0 0 1 0 0 0 1
299 490 4849.53240306079 16.67 3 3 502 503
1 0 0 0 1 0 0 0 1
1 0 0 0 1 0 0 0 1
301 610 24.126164722463436 16.67 3 3 504 505
1 0 0 0 1 0 0 0 1
1 0 0 0 1 0 0 0 1
301 485 860.7194310150302 16.67 3 3 506 507
1 0 0 0 1 0 0 0 1
1 0 0 0 1 0 0 0 1
301 428 361.71614173316226 16.67 3 3 508 509
1 0 0 0 1 0 0 0 1
1 0 0 0 1 0 0 0 1
301 403 625.114484321612 16.67 3 3 510 511
1 0 0 0 1 0 0 0 1
1 0 0 0 1 0 0 0 1
302 305 1678.7243429991274 16.67 3 3 512 513
1 0 0 0 1 0 0 0 1
1 0 0 0 1 0 0 0 1
303 353 473.331187225778 16.67 3 3 514 515
1 0 0 0 1 0 0 0 1
1 0 0 0 1 0 0 0 1
303 548 767.5926393558995 16.67 3 3 516 517
1 0 0 0 1 0 0 0 1
1 0 0 0 1 0 0 0 1
303 515 1208.2753395202274 16.67 3 3 518 519
1 0 0 0 1 0 0 0 1
1 0 0 0 1 0 0 0 1
303 573 1219.5166692522291 16.67 3 3 520 521
1 0 0 0 1 0 0 0 1
1 0 0 0 1 0 0 0 1
304 323 344.12397016069485 16.67 3 3 522 523
1 0 0 0 1 0 0 0 1
1 0 0 0 1 0 0 0 1
304 20 330.9214907009289 16.67 3 3 524 525
1 0 0 0 1 0 0 0 1
1 0 0 0 1 0 0 0 1
304 453 468.66372965325115 16.67 3 3 526 527
1 0 0 0 1 0 0 0 1
1 0 0 0 1 0 0 0 1
304 483 245.8835798333013 16.67 3 3 528 529
1 0 0 0 1 0 0 0 1
1 0 0 0 1 0 0 0 1
305 523 434.6807851231717 16.67 3 3 530 531
1 0 0 0 1 0 0 0 1
1 0 0 0 1 0 0 0 1
305 524 430.7867380033545 16.67 3 3 532 533
1 0 0 0 1 0 0 0 1
1 0 0 0 1 0 0 0 1
306 487 99.78295069735249 16.67 3 3 534 535
1 0 0 0 1 0 0 0 1
1 0 0 0 1 0 0 0 1
306 334 779.6760523877916 16.67 3 3 536 537
1 0 0 0 1 0 0 0 1
1 0 0 0 1 0 0 0 1
306 518 197.33320096277097 16.67 3 3 538 539
1 0 0 0 1 0 0 0 1
1 0 0 0 1 0 0 0 1
307 489 130.82795822438808 16.67 3 3 540 541
1 0 0 0 1 0 0 0 1
1 0 0 0 1 0 0 0 1
307 309 1606.8569737989842 16.67 3 3 542 543
1 0 0 0 1 0 0 0 1
1 0 0 0 1 0 0 0 1
308 38 1202.8072911512265 16.67 3 3 544 545
1 0 0 0 1 0 0 0 1
1 0 0 0 1 0 0 0 1
308 13 2150.736067952704 16.67 3 3 546 547
1 0 0 0 1 0 0 0 1
1 0 0 0 1 0 0 0 1
308 17 594.9421065429622 16.67 3 3 548 549
1 0 0 0 1 0 0 0 1
1 0 0 0 1 0 0 0 1
310 167 408.7316060528849 16.67 3 3 550 551
1 0 0 0 1 0 0 0 1
1 0 0 0 1 0 0 0 1
310 555 467.13188714163795 16.67 3 3 552 553
1 0 0 0 1 0 0 0 1
1 0 0 0 1 0 0 0 1
310 373 378.6793311808673 16.67 3 3 554 555
1 0 0 0 1 0 0 0 1
1 0 0 0 1 0 0 0 1
311 60 678.840521237651 16.67 3 3 556 557
1 0 0 0 1 0 0 0 1
1 0 0 0 1 0 0 0 1
311 584 287.93636590796274 16.67 3 3 558 559
1 0 0 0 1 0 0 0 1
1 0 0 0 1 0 0 0 1
311 373 471.0138721691445 16.67 3 3 560 561
1 0 0 0 1 0 0 0 1
1 0 0 0 1 0 0 0 1
178 442 769.7169533490804 16.67 3 3 562 563
1 0 0 0 1 0 0 0 1
1 0 0 0 1 0 0 0 1
178 418 92.1297256156962 16.67 3 3 564 565
1 0 0 0 1 0 0 0 1
1 0 0 0 1 0 0 0 1
178 208 59.986412827830144 16.67 3 3 566 567
1 0 0 0 1 0 0 0 1
1 0 0 0 1 0 0 0 1
312 507 402.0053045619338 16.67 3 3 568 569
1 0 0 0 1 0 0 0 1
1 0 0 0 1 0 0 0 1
312 508 26.337613154436816 16.67 3 3 570 571
1 0 0 0 1 0 0 0 1
1 0 0 0 1 0 0 0 1
312 566 1131.0401808333863 16.67 3 3 572 573
1 0 0 0 1 0 0 0 1
1 0 0 0 1 0 0 0 1
313 316 659.6414142465347 16.67 3 3 574 575
1 0 0 0 1 0 0 0 1
1 0 0 0 1 0 0 0 1
313 337 952.4631979776642 16.67 3 3 576 577
1 0 0 0 1 0 0 0 1
1 0 0 0 1 0 0 0 1
314 462 804.0445553868362 16.67 3 3 578 579
1 0 0 0 1 0 0 0 1
1 0 0 0 1 0 0 0 1
314 315 421.63854416587793 16.67 3 3 580 581
1 0 0 0 1 0 0 0 1
1 0 0 0 1 0 0 0 1
314 566 667.5048182640542 16.67 3 3 582 583
1 0 0 0 1 0 0 0 1
1 0 0 0 1 0 0 0 1
315 316 582.7716592947361 16.67 3 3 584 585
1 0 0 0 1 0 0 0 1
1 0 0 0 1 0 0 0 1
315 317 845.9109992456264 16.67 3 3 586 587
1 0 0 0 1 0 0 0 1
1 0 0 0 1 0 0 0 1
316 461 825.9018685378654 16.67 3 3 588 589
1 0 0 0 1 0 0 0 1
1 0 0 0 1 0 0 0 1
317 338 254.15856610268807 16.67 3 3 590 591
1 0 0 0 1 0 0 0 1
1 0 0 0 1 0 0 0 1
318 152 248.92382054448404 16.67 3 3 592 593
1 0 0 0 1 0 0 0 1
1 0 0 0 1 0 0 0 1
318 559 1053.1378932252653 16.67 3 3 594 595
1 0 0 0 1 0 0 0 1
1 0 0 0 1 0 0 0 1
321 595 393.129341086919 16.67 3 3 596 597
1 0 0 0 1 0 0 0 1
1 0 0 0 1 0 0 0 1
321 370 415.35806854465983 16.67 3 3 598 599
1 0 0 0 1 0 0 0 1
1 0 0 0 1 0 0 0 1
321 80 79.15528210366651 16.67 3 3 600 601
1 0 0 0 1 0 0 0 1
1 0 0 0 1 0 0 0 1
321 457 86.16405666468239 16.67 3 3 602 603
1 0 0 0 1 0 0 0 1
1 0 0 0 1 0 0 0 1
323 21 57.693439752690814 16.67 3 3 604 605
1 0 0 0 1 0 0 0 1
1 0 0 0 1 0 0 0 1
323 605 277.05849016633 16.67 3 3 606 607
1 0 0 0 1 0 0 0 1
1 0 0 0 1 0 0 0 1
323 20 58.25647132374573 16.67 3 3 608 609
1 0 0 0 1 0 0 0 1
1 0 0 0 1 0 0 0 1
324 597 503.8742443265983 16.67 3 3 610 611
1 0 0 0 1 0 0 0 1
1 0 0 0 1 0 0 0 1
324 335 494.05431675139096 16.67 3 3 612 613
1 0 0 0 1 0 0 0 1
1 0 0 0 1 0 0 0 1
324 324 0.0 16.67 3 3 614 615
1 0 0 0 1 0 0 0 1
1 0 0 0 1 0 0 0 1
325 597 636.0812772581243 16.67 3 3 616 617
1 0 0 0 1 0 0 0 1
1 0 0 0 1 0 0 0 1
325 525 470.8041696802051 16.67 3 3 618 619
1 0 0 0 1 0 0 0 1
1 0 0 0 1 0 0 0 1
325 600 29.248262166200973 16.67 3 3 620 621
1 0 0 0 1 0 0 0 1
1 0 0 0 1 0 0 0 1
117 435 26.142241435730284 16.67 3 3 622 623
1 0 0 0 1 0 0 0 1
1 0 0 0 1 0 0 0 1
117 485 477.81888942095367 16.67 3 3 624 625
1 0 0 0 1 0 0 0 1
1 0 0 0 1 0 0 0 1
117 542 316.3793238263447 16.67 3 3 626 627
1 0 0 0 1 0 0 0 1
1 0 0 0 1 0 0 0 1
326 355 401.3550474173147 16.67 3 3 628 629
1 0 0 0 1 0 0 0 1
1 0 0 0 1 0 0 0 1
326 333 121.28903564414414 16.67 3 3 630 631
1 0 0 0 1 0 0 0 1
1 0 0 0 1 0 0 0 1
326 2 372.0588562001 16.67 3 3 632 633
1 0 0 0 1 0 0 0 1
1 0 0 0 1 0 0 0 1
328 389 493.3003442933336 16.67 3 3 634 635
1 0 0 0 1 0 0 0 1
1 0 0 0 1 0 0 0 1
328 572 261.7011359164356 16.67 3 3 636 637
1 0 0 0 1 0 0 0 1
1 0 0 0 1 0 0 0 1
329 330 84.27266590692552 16.67 3 3 638 639
1 0 0 0 1 0 0 0 1
1 0 0 0 1 0 0 0 1
329 333 455.0948907634777 16.67 3 3 640 641
1 0 0 0 1 0 0 0 1
1 0 0 0 1 0 0 0 1
330 341 413.59184321507075 16.67 3 3 642 643
1 0 0 0 1 0 0 0 1
1 0 0 0 1 0 0 0 1
331 529 470.3639818870603 16.67 3 3 644 645
1 0 0 0 1 0 0 0 1
1 0 0 0 1 0 0 0 1
331 524 483.9734303239901 16.67 3 3 646 647
1 0 0 0 1 0 0 0 1
1 0 0 0 1 0 0 0 1
152 198 51.16756379781963 16.67 3 3 648 649
1 0 0 0 1 0 0 0 1
1 0 0 0 1 0 0 0 1
332 487 1135.4432667409421 16.67 3 3 650 651
1 0 0 0 1 0 0 0 1
1 0 0 0 1 0 0 0 1
332 488 152.1268256253016 16.67 3 3 652 653
1 0 0 0 1 0 0 0 1
1 0 0 0 1 0 0 0 1
153 536 108.62024496839452 16.67 3 3 654 655
1 0 0 0 1 0 0 0 1
1 0 0 0 1 0 0 0 1
153 542 103.14234869963344 16.67 3 3 656 657
1 0 0 0 1 0 0 0 1
1 0 0 0 1 0 0 0 1
153 403 804.8671015360195 16.67 3 3 658 659
1 0 0 0 1 0 0 0 1
1 0 0 0 1 0 0 0 1
154 536 61.290157788334845 16.67 3 3 660 661
1 0 0 0 1 0 0 0 1
1 0 0 0 1 0 0 0 1
154 543 103.92364878255098 16.67 3 3 662 663
1 0 0 0 1 0 0 0 1
1 0 0 0 1 0 0 0 1
154 403 854.3143046506243 16.67 3 3 664 665
1 0 0 0 1 0 0 0 1
1 0 0 0 1 0 0 0 1
334 35 802.6474336500063 16.67 3 3 666 667
1 0 0 0 1 0 0 0 1
1 0 0 0 1 0 0 0 1
334 120 242.73146744530672 16.67 3 3 668 669
1 0 0 0 1 0 0 0 1
1 0 0 0 1 0 0 0 1
334 121 244.8891879494135 16.67 3 3 670 671
1 0 0 0 1 0 0 0 1
1 0 0 0 1 0 0 0 1
335 598 569.0952014274052 16.67 3 3 672 673
1 0 0 0 1 0 0 0 1
1 0 0 0 1 0 0 0 1
335 24 557.225932902487 16.67 3 3 674 675
1 0 0 0 1 0 0 0 1
1 0 0 0 1 0 0 0 1
336 529 733.9757479426295 16.67 3 3 676 677
1 0 0 0 1 0 0 0 1
1 0 0 0 1 0 0 0 1
336 488 331.28690743433833 16.67 3 3 678 679
1 0 0 0 1 0 0 0 1
1 0 0 0 1 0 0 0 1
336 337 39.672941794141614 16.67 3 3 680 681
1 0 0 0 1 0 0 0 1
1 0 0 0 1 0 0 0 1
155 156 128.06385573998847 16.67 3 3 682 683
1 0 0 0 1 0 0 0 1
1 0 0 0 1 0 0 0 1
155 563 312.23314126833964 16.67 3 3 684 685
1 0 0 0 1 0 0 0 1
1 0 0 0 1 0 0 0 1
155 564 407.4735915998807 16.67 3 3 686 687
1 0 0 0 1 0 0 0 1
1 0 0 0 1 0 0 0 1
156 610 993.9787442018774 16.67 3 3 688 689
1 0 0 0 1 0 0 0 1
1 0 0 0 1 0 0 0 1
156 503 266.8285355972996 16.67 3 3 690 691
1 0 0 0 1 0 0 0 1
1 0 0 0 1 0 0 0 1
337 490 314.62493242954434 16.67 3 3 692 693
1 0 0 0 1 0 0 0 1
1 0 0 0 1 0 0 0 1
339 539 203.77678129927656 16.67 3 3 694 695
1 0 0 0 1 0 0 0 1
1 0 0 0 1 0 0 0 1
339 571 447.93217750234794 16.67 3 3 696 697
1 0 0 0 1 0 0 0 1
1 0 0 0 1 0 0 0 1
340 523 129.6699535268257 16.67 3 3 698 699
1 0 0 0 1 0 0 0 1
1 0 0 0 1 0 0 0 1
340 136 519.3306607487959 16.67 3 3 700 701
1 0 0 0 1 0 0 0 1
1 0 0 0 1 0 0 0 1
340 504 261.83807067568733 16.67 3 3 702 703
1 0 0 0 1 0 0 0 1
1 0 0 0 1 0 0 0 1
341 137 431.9847788667752 16.67 3 3 704 705
1 0 0 0 1 0 0 0 1
1 0 0 0 1 0 0 0 1
341 136 247.83603462807312 16.67 3 3 706 707
1 0 0 0 1 0 0 0 1
1 0 0 0 1 0 0 0 1
341 504 530.9550036156685 16.67 3 3 708 709
1 0 0 0 1 0 0 0 1
1 0 0 0 1 0 0 0 1
63 380 448.54745600367016 16.67 3 3 710 711
1 0 0 0 1 0 0 0 1
1 0 0 0 1 0 0 0 1
63 93 970.7330122655048 16.67 3 3 712 713
1 0 0 0 1 0 0 0 1
1 0 0 0 1 0 0 0 1
63 414 560.4738200205774 16.67 3 3 714 715
1 0 0 0 1 0 0 0 1
1 0 0 0 1 0 0 0 1
342 211 381.69355022211573 16.67 3 3 716 717
1 0 0 0 1 0 0 0 1
1 0 0 0 1 0 0 0 1
342 608 264.59972140702763 16.67 3 3 718 719
1 0 0 0 1 0 0 0 1
1 0 0 0 1 0 0 0 1
342 124 1176.4468382841465 16.67 3 3 720 721
1 0 0 0 1 0 0 0 1
1 0 0 0 1 0 0 0 1
342 223 245.5626351787005 16.67 3 3 722 723
1 0 0 0 1 0 0 0 1
1 0 0 0 1 0 0 0 1
343 460 1196.3152230969717 16.67 3 3 724 725
1 0 0 0 1 0 0 0 1
1 0 0 0 1 0 0 0 1
343 98 3047.29535041005 16.67 3 3 726 727
1 0 0 0 1 0 0 0 1
1 0 0 0 1 0 0 0 1
343 406 265.5110541425757 16.67 3 3 728 729
1 0 0 0 1 0 0 0 1
1 0 0 0 1 0 0 0 1
345 460 1789.7610349282284 16.67 3 3 730 731
1 0 0 0 1 0 0 0 1
1 0 0 0 1 0 0 0 1
345 31 236.6142760918387 16.67 3 3 732 733
1 0 0 0 1 0 0 0 1
1 0 0 0 1 0 0 0 1
345 30 235.18983211957266 16.67 3 3 734 735
1 0 0 0 1 0 0 0 1
1 0 0 0 1 0 0 0 1
200 100 445.39760209584745 16.67 3 3 736 737
1 0 0 0 1 0 0 0 1
1 0 0 0 1 0 0 0 1
346 71 85.7729889993231 16.67 3 3 738 739
1 0 0 0 1 0 0 0 1
1 0 0 0 1 0 0 0 1
346 614 515.8594391295325 16.67 3 3 740 741
1 0 0 0 1 0 0 0 1
1 0 0 0 1 0 0 0 1
346 57 96.61078554686767 16.67 3 3 742 743
1 0 0 0 1 0 0 0 1
1 0 0 0 1 0 0 0 1
347 348 512.8987216624046 16.67 3 3 744 745
1 0 0 0 1 0 0 0 1
1 0 0 0 1 0 0 0 1
347 522 720.8805782330368 16.67 3 3 746 747
1 0 0 0 1 0 0 0 1
1 0 0 0 1 0 0 0 1
348 368 1988.207489567835 16.67 3 3 748 749
1 0 0 0 1 0 0 0 1
1 0 0 0 1 0 0 0 1
348 130 175.94373384351113 16.67 3 3 750 751
1 0 0 0 1 0 0 0 1
1 0 0 0 1 0 0 0 1
348 525 582.3396725009244 16.67 3 3 752 753
1 0 0 0 1 0 0 0 1
1 0 0 0 1 0 0 0 1
349 568 441.79542690339525 16.67 3 3 754 755
1 0 0 0 1 0 0 0 1
1 0 0 0 1 0 0 0 1
349 572 507.062441895541 16.67 3 3 756 757
1 0 0 0 1 0 0 0 1
1 0 0 0 1 0 0 0 1
349 580 305.00656704969407 16.67 3 3 758 759
1 0 0 0 1 0 0 0 1
1 0 0 0 1 0 0 0 1
201 101 386.33952499125377 16.67 3 3 760 761
1 0 0 0 1 0 0 0 1
1 0 0 0 1 0 0 0 1
201 425 243.62689572650905 16.67 3 3 762 763
1 0 0 0 1 0 0 0 1
1 0 0 0 1 0 0 0 1
350 501 342.69178102510244 16.67 3 3 764 765
1 0 0 0 1 0 0 0 1
1 0 0 0 1 0 0 0 1
350 580 293.41713050958884 16.67 3 3 766 767
1 0 0 0 1 0 0 0 1
1 0 0 0 1 0 0 0 1
114 93 72.65815521690818 16.67 3 3 768 769
1 0 0 0 1 0 0 0 1
1 0 0 0 1 0 0 0 1
114 459 548.9525629978074 16.67 3 3 770 771
1 0 0 0 1 0 0 0 1
1 0 0 0 1 0 0 0 1
351 509 355.1519004737349 16.67 3 3 772 773
1 0 0 0 1 0 0 0 1
1 0 0 0 1 0 0 0 1
351 401 161.9873712209866 16.67 3 3 774 775
1 0 0 0 1 0 0 0 1
1 0 0 0 1 0 0 0 1
352 451 500.8988633507503 16.67 3 3 776 777
1 0 0 0 1 0 0 0 1
1 0 0 0 1 0 0 0 1
352 397 344.0157417735022 16.67 3 3 778 779
1 0 0 0 1 0 0 0 1
1 0 0 0 1 0 0 0 1
352 40 581.1124309136901 16.67 3 3 780 781
1 0 0 0 1 0 0 0 1
1 0 0 0 1 0 0 0 1
354 491 1404.195558686603 16.67 3 3 782 783
1 0 0 0 1 0 0 0 1
1 0 0 0 1 0 0 0 1
354 43 272.5297171068083 16.67 3 3 784 785
1 0 0 0 1 0 0 0 1
1 0 0 0 1 0 0 0 1
354 15 7604.664797060219 16.67 3 3 786 787
1 0 0 0 1 0 0 0 1
1 0 0 0 1 0 0 0 1
355 501 519.5713522396144 16.67 3 3 790 791
1 0 0 0 1 0 0 0 1
1 0 0 0 1 0 0 0 1
356 357 27.962629538882126 16.67 3 3 792 793
1 0 0 0 1 0 0 0 1
1 0 0 0 1 0 0 0 1
356 400 793.1777843235576 16.67 3 3 794 795
1 0 0 0 1 0 0 0 1
1 0 0 0 1 0 0 0 1
356 443 293.57464321471446 16.67 3 3 796 797
1 0 0 0 1 0 0 0 1
1 0 0 0 1 0 0 0 1
357 532 606.9706457924399 16.67 3 3 798 799
1 0 0 0 1 0 0 0 1
1 0 0 0 1 0 0 0 1
357 400 794.763940541571 16.67 3 3 800 801
1 0 0 0 1 0 0 0 1
1 0 0 0 1 0 0 0 1
358 359 27.172006121277878 16.67 3 3 802 803
1 0 0 0 1 0 0 0 1
1 0 0 0 1 0 0 0 1
358 473 756.2652478147011 16.67 3 3 804 805
1 0 0 0 1 0 0 0 1
1 0 0 0 1 0 0 0 1
359 474 761.7938137714227 16.67 3 3 806 807
1 0 0 0 1 0 0 0 1
1 0 0 0 1 0 0 0 1
359 446 294.4607664728515 16.67 3 3 808 809
1 0 0 0 1 0 0 0 1
1 0 0 0 1 0 0 0 1
360 450 650.5688644894875 16.67 3 3 810 811
1 0 0 0 1 0 0 0 1
1 0 0 0 1 0 0 0 1
360 451 643.3882174513448 16.67 3 3 812 813
1 0 0 0 1 0 0 0 1
1 0 0 0 1 0 0 0 1
360 400 280.35264501835917 16.67 3 3 814 815
1 0 0 0 1 0 0 0 1
1 0 0 0 1 0 0 0 1
360 387 336.24673538330313 16.67 3 3 816 817
1 0 0 0 1 0 0 0 1
1 0 0 0 1 0 0 0 1
361 362 28.13991920976588 16.67 3 3 818 819
1 0 0 0 1 0 0 0 1
1 0 0 0 1 0 0 0 1
361 398 419.6848344315288 16.67 3 3 820 821
1 0 0 0 1 0 0 0 1
1 0 0 0 1 0 0 0 1
362 396 327.1403039308245 16.67 3 3 822 823
1 0 0 0 1 0 0 0 1
1 0 0 0 1 0 0 0 1
362 454 406.19359517480086 16.67 3 3 824 825
1 0 0 0 1 0 0 0 1
1 0 0 0 1 0 0 0 1
24 25 78.45343447501135 16.67 3 3 826 827
1 0 0 0 1 0 0 0 1
1 0 0 0 1 0 0 0 1
24 441 532.8986629262178 16.67 3 3 828 829
1 0 0 0 1 0 0 0 1
1 0 0 0 1 0 0 0 1
364 491 1405.1069696555696 16.67 3 3 830 831
1 0 0 0 1 0 0 0 1
1 0 0 0 1 0 0 0 1
364 364 0.0 16.67 3 3 832 833
1 0 0 0 1 0 0 0 1
1 0 0 0 1 0 0 0 1
365 491 170.44814561481004 16.67 3 3 834 835
1 0 0 0 1 0 0 0 1
1 0 0 0 1 0 0 0 1
365 363 584.214980390886 16.67 3 3 836 837
1 0 0 0 1 0 0 0 1
1 0 0 0 1 0 0 0 1
365 41 579.7252917406797 16.67 3 3 838 839
1 0 0 0 1 0 0 0 1
1 0 0 0 1 0 0 0 1
365 42 100.04500066973425 16.67 3 3 840 841
1 0 0 0 1 0 0 0 1
1 0 0 0 1 0 0 0 1
366 526 376.99551516788927 16.67 3 3 842 843
1 0 0 0 1 0 0 0 1
1 0 0 0 1 0 0 0 1
366 418 396.7347224054546 16.67 3 3 844 845
1 0 0 0 1 0 0 0 1
1 0 0 0 1 0 0 0 1
366 420 731.4427881269222 16.67 3 3 846 847
1 0 0 0 1 0 0 0 1
1 0 0 0 1 0 0 0 1
366 421 1291.653051796174 16.67 3 3 848 849
1 0 0 0 1 0 0 0 1
1 0 0 0 1 0 0 0 1
367 379 528.9262934488487 16.67 3 3 850 851
1 0 0 0 1 0 0 0 1
1 0 0 0 1 0 0 0 1
367 378 539.8177456460345 16.67 3 3 852 853
1 0 0 0 1 0 0 0 1
1 0 0 0 1 0 0 0 1
367 64 56.34603708387861 16.67 3 3 854 855
1 0 0 0 1 0 0 0 1
1 0 0 0 1 0 0 0 1
367 495 511.7793564685994 16.67 3 3 856 857
1 0 0 0 1 0 0 0 1
1 0 0 0 1 0 0 0 1
25 601 378.50033279478436 16.67 3 3 858 859
1 0 0 0 1 0 0 0 1
1 0 0 0 1 0 0 0 1
368 369 610.8497462840853 16.67 3 3 860 861
1 0 0 0 1 0 0 0 1
1 0 0 0 1 0 0 0 1
368 370 463.30261028158696 16.67 3 3 862 863
1 0 0 0 1 0 0 0 1
1 0 0 0 1 0 0 0 1
368 130 1812.3366477332418 16.67 3 3 864 865
1 0 0 0 1 0 0 0 1
1 0 0 0 1 0 0 0 1
369 455 511.15145257033475 16.67 3 3 866 867
1 0 0 0 1 0 0 0 1
1 0 0 0 1 0 0 0 1
369 228 346.5052215408844 16.67 3 3 868 869
1 0 0 0 1 0 0 0 1
1 0 0 0 1 0 0 0 1
371 561 897.2395749444785 16.67 3 3 870 871
1 0 0 0 1 0 0 0 1
1 0 0 0 1 0 0 0 1
371 372 28.574955121935293 16.67 3 3 872 873
1 0 0 0 1 0 0 0 1
1 0 0 0 1 0 0 0 1
371 49 315.03705290523646 16.67 3 3 874 875
1 0 0 0 1 0 0 0 1
1 0 0 0 1 0 0 0 1
371 432 622.9505699882206 16.67 3 3 876 877
1 0 0 0 1 0 0 0 1
1 0 0 0 1 0 0 0 1
372 434 440.86356964605983 16.67 3 3 878 879
1 0 0 0 1 0 0 0 1
1 0 0 0 1 0 0 0 1
372 49 331.98529956556354 16.67 3 3 880 881
1 0 0 0 1 0 0 0 1
1 0 0 0 1 0 0 0 1
373 553 599.2456000450998 16.67 3 3 882 883
1 0 0 0 1 0 0 0 1
1 0 0 0 1 0 0 0 1
373 611 2314.7572154482955 16.67 3 3 884 885
1 0 0 0 1 0 0 0 1
1 0 0 0 1 0 0 0 1
64 412 439.01617230965746 16.67 3 3 886 887
1 0 0 0 1 0 0 0 1
1 0 0 0 1 0 0 0 1
374 572 311.4366119257812 16.67 3 3 888 889
1 0 0 0 1 0 0 0 1
1 0 0 0 1 0 0 0 1
374 390 746.0464585977156 16.67 3 3 890 891
1 0 0 0 1 0 0 0 1
1 0 0 0 1 0 0 0 1
374 172 331.5204408724645 16.67 3 3 892 893
1 0 0 0 1 0 0 0 1
1 0 0 0 1 0 0 0 1
374 486 419.3198185934555 16.67 3 3 894 895
1 0 0 0 1 0 0 0 1
1 0 0 0 1 0 0 0 1
375 226 377.3410290531327 16.67 3 3 896 897
1 0 0 0 1 0 0 0 1
1 0 0 0 1 0 0 0 1
375 376 864.5692374733587 16.67 3 3 898 899
1 0 0 0 1 0 0 0 1
1 0 0 0 1 0 0 0 1
375 411 1140.9449780273915 16.67 3 3 900 901
1 0 0 0 1 0 0 0 1
1 0 0 0 1 0 0 0 1
375 61 379.59439761976233 16.67 3 3 902 903
1 0 0 0 1 0 0 0 1
1 0 0 0 1 0 0 0 1
376 377 192.5416344990924 16.67 3 3 904 905
1 0 0 0 1 0 0 0 1
1 0 0 0 1 0 0 0 1
377 436 302.0532709183339 16.67 3 3 906 907
1 0 0 0 1 0 0 0 1
1 0 0 0 1 0 0 0 1
377 544 435.9148942130718 16.67 3 3 908 909
1 0 0 0 1 0 0 0 1
1 0 0 0 1 0 0 0 1
378 380 469.07696912984494 16.67 3 3 910 911
1 0 0 0 1 0 0 0 1
1 0 0 0 1 0 0 0 1
378 502 494.7963109363134 16.67 3 3 912 913
1 0 0 0 1 0 0 0 1
1 0 0 0 1 0 0 0 1
378 379 27.758692395260667 16.67 3 3 914 915
1 0 0 0 1 0 0 0 1
1 0 0 0 1 0 0 0 1
379 416 508.39140869689686 16.67 3 3 916 917
1 0 0 0 1 0 0 0 1
1 0 0 0 1 0 0 0 1
380 66 446.3492334185959 16.67 3 3 918 919
1 0 0 0 1 0 0 0 1
1 0 0 0 1 0 0 0 1
380 412 542.7756429176767 16.67 3 3 920 921
1 0 0 0 1 0 0 0 1
1 0 0 0 1 0 0 0 1
381 382 529.3046718109493 16.67 3 3 922 923
1 0 0 0 1 0 0 0 1
1 0 0 0 1 0 0 0 1
381 459 578.1496469015516 16.67 3 3 924 925
1 0 0 0 1 0 0 0 1
1 0 0 0 1 0 0 0 1
382 417 1017.0365321383867 16.67 3 3 926 927
1 0 0 0 1 0 0 0 1
1 0 0 0 1 0 0 0 1
382 70 478.44667487666254 16.67 3 3 928 929
1 0 0 0 1 0 0 0 1
1 0 0 0 1 0 0 0 1
383 71 1114.5292564546767 16.67 3 3 930 931
1 0 0 0 1 0 0 0 1
1 0 0 0 1 0 0 0 1
383 77 1239.5136765616387 16.67 3 3 932 933
1 0 0 0 1 0 0 0 1
1 0 0 0 1 0 0 0 1
384 65 587.6497093891828 16.67 3 3 934 935
1 0 0 0 1 0 0 0 1
1 0 0 0 1 0 0 0 1
384 414 252.67596922498623 16.67 3 3 936 937
1 0 0 0 1 0 0 0 1
1 0 0 0 1 0 0 0 1
384 46 171.9006242856448 16.67 3 3 938 939
1 0 0 0 1 0 0 0 1
1 0 0 0 1 0 0 0 1
384 47 171.05553435446416 16.67 3 3 940 941
1 0 0 0 1 0 0 0 1
1 0 0 0 1 0 0 0 1
385 190 428.16581843475615 16.67 3 3 942 943
1 0 0 0 1 0 0 0 1
1 0 0 0 1 0 0 0 1
385 414 459.99991517610295 16.67 3 3 944 945
1 0 0 0 1 0 0 0 1
1 0 0 0 1 0 0 0 1
385 456 687.7408417198419 16.67 3 3 946 947
1 0 0 0 1 0 0 0 1
1 0 0 0 1 0 0 0 1
387 396 472.238991816017 16.67 3 3 948 949
1 0 0 0 1 0 0 0 1
1 0 0 0 1 0 0 0 1
387 446 283.9352087803487 16.67 3 3 950 951
1 0 0 0 1 0 0 0 1
1 0 0 0 1 0 0 0 1
66 417 483.1151539406538 16.67 3 3 952 953
1 0 0 0 1 0 0 0 1
1 0 0 0 1 0 0 0 1
389 388 701.0566002971924 16.67 3 3 954 955
1 0 0 0 1 0 0 0 1
1 0 0 0 1 0 0 0 1
389 390 210.5931692503553 16.67 3 3 956 957
1 0 0 0 1 0 0 0 1
1 0 0 0 1 0 0 0 1
390 391 486.06189877820117 16.67 3 3 958 959
1 0 0 0 1 0 0 0 1
1 0 0 0 1 0 0 0 1
388 391 27.977104898773018 16.67 3 3 960 961
1 0 0 0 1 0 0 0 1
1 0 0 0 1 0 0 0 1
388 571 3212.997978000627 16.67 3 3 962 963
1 0 0 0 1 0 0 0 1
1 0 0 0 1 0 0 0 1
392 493 773.9796078249261 16.67 3 3 964 965
1 0 0 0 1 0 0 0 1
1 0 0 0 1 0 0 0 1
392 55 232.27122476356297 16.67 3 3 966 967
1 0 0 0 1 0 0 0 1
1 0 0 0 1 0 0 0 1
392 50 213.67646884936974 16.67 3 3 968 969
1 0 0 0 1 0 0 0 1
1 0 0 0 1 0 0 0 1
392 51 224.8308121209265 16.67 3 3 970 971
1 0 0 0 1 0 0 0 1
1 0 0 0 1 0 0 0 1
391 73 219.28108680493395 16.67 3 3 972 973
1 0 0 0 1 0 0 0 1
1 0 0 0 1 0 0 0 1
393 423 1140.8822773568381 16.67 3 3 974 975
1 0 0 0 1 0 0 0 1
1 0 0 0 1 0 0 0 1
393 539 977.4320242154929 16.67 3 3 976 977
1 0 0 0 1 0 0 0 1
1 0 0 0 1 0 0 0 1
395 91 86.23651147398627 16.67 3 3 978 979
1 0 0 0 1 0 0 0 1
1 0 0 0 1 0 0 0 1
396 605 437.3956710685321 16.67 3 3 980 981
1 0 0 0 1 0 0 0 1
1 0 0 0 1 0 0 0 1
396 78 454.4849216614228 16.67 3 3 982 983
1 0 0 0 1 0 0 0 1
1 0 0 0 1 0 0 0 1
397 591 232.16494510693474 16.67 3 3 984 985
1 0 0 0 1 0 0 0 1
1 0 0 0 1 0 0 0 1
397 398 527.8150114437494 16.67 3 3 986 987
1 0 0 0 1 0 0 0 1
1 0 0 0 1 0 0 0 1
398 454 41.222388984450305 16.67 3 3 988 989
1 0 0 0 1 0 0 0 1
1 0 0 0 1 0 0 0 1
400 446 334.8672057463891 16.67 3 3 990 991
1 0 0 0 1 0 0 0 1
1 0 0 0 1 0 0 0 1
401 419 1957.6858930639246 16.67 3 3 992 993
1 0 0 0 1 0 0 0 1
1 0 0 0 1 0 0 0 1
401 521 768.4409661765092 16.67 3 3 994 995
1 0 0 0 1 0 0 0 1
1 0 0 0 1 0 0 0 1
401 122 251.74213129183963 16.67 3 3 996 997
1 0 0 0 1 0 0 0 1
1 0 0 0 1 0 0 0 1
402 33 867.0074386347738 16.67 3 3 998 999
1 0 0 0 1 0 0 0 1
1 0 0 0 1 0 0 0 1
139 589 75.92384636256767 16.67 3 3 1000 1001
1 0 0 0 1 0 0 0 1
1 0 0 0 1 0 0 0 1
139 514 1079.0916774688988 16.67 3 3 1002 1003
1 0 0 0 1 0 0 0 1
1 0 0 0 1 0 0 0 1
139 537 83.05096137493841 16.67 3 3 1004 1005
1 0 0 0 1 0 0 0 1
1 0 0 0 1 0 0 0 1
403 610 625.9325782538202 16.67 3 3 1006 1007
1 0 0 0 1 0 0 0 1
1 0 0 0 1 0 0 0 1
404 135 1095.1561092468785 16.67 3 3 1008 1009
1 0 0 0 1 0 0 0 1
1 0 0 0 1 0 0 0 1
404 514 432.120326158024 16.67 3 3 1010 1011
1 0 0 0 1 0 0 0 1
1 0 0 0 1 0 0 0 1
404 134 199.00957832921125 16.67 3 3 1012 1013
1 0 0 0 1 0 0 0 1
1 0 0 0 1 0 0 0 1
404 513 432.95668755671136 16.67 3 3 1014 1015
1 0 0 0 1 0 0 0 1
1 0 0 0 1 0 0 0 1
140 538 97.58675076018557 16.67 3 3 1016 1017
1 0 0 0 1 0 0 0 1
1 0 0 0 1 0 0 0 1
140 61 418.67923976278877 16.67 3 3 1018 1019
1 0 0 0 1 0 0 0 1
1 0 0 0 1 0 0 0 1
140 571 95.4654514214912 16.67 3 3 1020 1021
1 0 0 0 1 0 0 0 1
1 0 0 0 1 0 0 0 1
405 585 1569.0335874259613 16.67 3 3 1022 1023
1 0 0 0 1 0 0 0 1
1 0 0 0 1 0 0 0 1
405 505 377.72412732839246 16.67 3 3 1024 1025
1 0 0 0 1 0 0 0 1
1 0 0 0 1 0 0 0 1
407 6 643.4338316336562 16.67 3 3 1026 1027
1 0 0 0 1 0 0 0 1
1 0 0 0 1 0 0 0 1
407 62 377.2772757704713 16.67 3 3 1028 1029
1 0 0 0 1 0 0 0 1
1 0 0 0 1 0 0 0 1
408 598 597.7373907823709 16.67 3 3 1030 1031
1 0 0 0 1 0 0 0 1
1 0 0 0 1 0 0 0 1
408 601 38.099299716750295 16.67 3 3 1032 1033
1 0 0 0 1 0 0 0 1
1 0 0 0 1 0 0 0 1
408 603 49.243472580299205 16.67 3 3 1034 1035
1 0 0 0 1 0 0 0 1
1 0 0 0 1 0 0 0 1
408 458 34.634426814636974 16.67 3 3 1036 1037
1 0 0 0 1 0 0 0 1
1 0 0 0 1 0 0 0 1
409 612 95.09028676082502 16.67 3 3 1038 1039
1 0 0 0 1 0 0 0 1
1 0 0 0 1 0 0 0 1
409 410 689.2511456893877 16.67 3 3 1040 1041
1 0 0 0 1 0 0 0 1
1 0 0 0 1 0 0 0 1
410 471 28.993751272326104 16.67 3 3 1042 1043
1 0 0 0 1 0 0 0 1
1 0 0 0 1 0 0 0 1
410 613 234.13382623557874 16.67 3 3 1044 1045
1 0 0 0 1 0 0 0 1
1 0 0 0 1 0 0 0 1
411 432 659.4438817786829 16.67 3 3 1046 1047
1 0 0 0 1 0 0 0 1
1 0 0 0 1 0 0 0 1
412 414 451.0070606953325 16.67 3 3 1048 1049
1 0 0 0 1 0 0 0 1
1 0 0 0 1 0 0 0 1
413 417 441.16043456590205 16.67 3 3 1050 1051
1 0 0 0 1 0 0 0 1
1 0 0 0 1 0 0 0 1
413 502 466.83364217113035 16.67 3 3 1052 1053
1 0 0 0 1 0 0 0 1
1 0 0 0 1 0 0 0 1
415 540 160.8438950186017 16.67 3 3 1054 1055
1 0 0 0 1 0 0 0 1
1 0 0 0 1 0 0 0 1
415 415 0.0 16.67 3 3 1056 1057
1 0 0 0 1 0 0 0 1
1 0 0 0 1 0 0 0 1
415 526 477.2739816058546 16.67 3 3 1058 1059
1 0 0 0 1 0 0 0 1
1 0 0 0 1 0 0 0 1
416 209 102.78473173454493 16.67 3 3 1060 1061
1 0 0 0 1 0 0 0 1
1 0 0 0 1 0 0 0 1
416 502 27.622895327124784 16.67 3 3 1062 1063
1 0 0 0 1 0 0 0 1
1 0 0 0 1 0 0 0 1
418 526 53.39686005095972 16.67 3 3 1064 1065
1 0 0 0 1 0 0 0 1
1 0 0 0 1 0 0 0 1
418 208 149.28095068333852 16.67 3 3 1066 1067
1 0 0 0 1 0 0 0 1
1 0 0 0 1 0 0 0 1
419 229 432.8656012864301 16.67 3 3 1068 1069
1 0 0 0 1 0 0 0 1
1 0 0 0 1 0 0 0 1
419 421 575.1998992520361 16.67 3 3 1070 1071
1 0 0 0 1 0 0 0 1
1 0 0 0 1 0 0 0 1
420 540 535.6345882793373 16.67 3 3 1072 1073
1 0 0 0 1 0 0 0 1
1 0 0 0 1 0 0 0 1
420 421 560.3269827891514 16.67 3 3 1074 1075
1 0 0 0 1 0 0 0 1
1 0 0 0 1 0 0 0 1
421 578 402.6297778420394 16.67 3 3 1076 1077
1 0 0 0 1 0 0 0 1
1 0 0 0 1 0 0 0 1
423 484 1095.321084112444 16.67 3 3 1078 1079
1 0 0 0 1 0 0 0 1
1 0 0 0 1 0 0 0 1
423 589 503.58353564796425 16.67 3 3 1080 1081
1 0 0 0 1 0 0 0 1
1 0 0 0 1 0 0 0 1
424 427 521.0840251407584 16.67 3 3 1082 1083
1 0 0 0 1 0 0 0 1
1 0 0 0 1 0 0 0 1
424 115 304.80258820692677 16.67 3 3 1084 1085
1 0 0 0 1 0 0 0 1
1 0 0 0 1 0 0 0 1
424 128 703.6759604582959 16.67 3 3 1086 1087
1 0 0 0 1 0 0 0 1
1 0 0 0 1 0 0 0 1
425 506 832.3943492981723 16.67 3 3 1088 1089
1 0 0 0 1 0 0 0 1
1 0 0 0 1 0 0 0 1
425 84 525.7083006145024 16.67 3 3 1090 1091
1 0 0 0 1 0 0 0 1
1 0 0 0 1 0 0 0 1
427 225 787.4696040176269 16.67 3 3 1092 1093
1 0 0 0 1 0 0 0 1
1 0 0 0 1 0 0 0 1
428 610 360.40318086442136 16.67 3 3 1094 1095
1 0 0 0 1 0 0 0 1
1 0 0 0 1 0 0 0 1
428 611 1476.3462201854736 16.67 3 3 1096 1097
1 0 0 0 1 0 0 0 1
1 0 0 0 1 0 0 0 1
428 563 964.1618255672627 16.67 3 3 1098 1099
1 0 0 0 1 0 0 0 1
1 0 0 0 1 0 0 0 1
429 162 396.11932788745764 16.67 3 3 1100 1101
1 0 0 0 1 0 0 0 1
1 0 0 0 1 0 0 0 1
429 481 1129.0995339043216 16.67 3 3 1102 1103
1 0 0 0 1 0 0 0 1
1 0 0 0 1 0 0 0 1
429 177 692.7662171594906 16.67 3 3 1104 1105
1 0 0 0 1 0 0 0 1
1 0 0 0 1 0 0 0 1
431 233 607.2373571333492 16.67 3 3 1106 1107
1 0 0 0 1 0 0 0 1
1 0 0 0 1 0 0 0 1
431 219 797.8229339605482 16.67 3 3 1108 1109
1 0 0 0 1 0 0 0 1
1 0 0 0 1 0 0 0 1
431 430 260.21958925497034 16.67 3 3 1110 1111
1 0 0 0 1 0 0 0 1
1 0 0 0 1 0 0 0 1
431 69 404.73730624744627 16.67 3 3 1112 1113
1 0 0 0 1 0 0 0 1
1 0 0 0 1 0 0 0 1
432 559 690.310614467002 16.67 3 3 1114 1115
1 0 0 0 1 0 0 0 1
1 0 0 0 1 0 0 0 1
433 538 332.5557777544266 16.67 3 3 1116 1117
1 0 0 0 1 0 0 0 1
1 0 0 0 1 0 0 0 1
433 476 846.5861961978713 16.67 3 3 1118 1119
1 0 0 0 1 0 0 0 1
1 0 0 0 1 0 0 0 1
434 436 458.6459264449786 16.67 3 3 1120 1121
1 0 0 0 1 0 0 0 1
1 0 0 0 1 0 0 0 1
434 144 401.9070909541872 16.67 3 3 1122 1123
1 0 0 0 1 0 0 0 1
1 0 0 0 1 0 0 0 1
434 544 212.85035051235042 16.67 3 3 1124 1125
1 0 0 0 1 0 0 0 1
1 0 0 0 1 0 0 0 1
435 436 530.3375111962729 16.67 3 3 1126 1127
1 0 0 0 1 0 0 0 1
1 0 0 0 1 0 0 0 1
435 216 446.73972832982923 16.67 3 3 1128 1129
1 0 0 0 1 0 0 0 1
1 0 0 0 1 0 0 0 1
436 611 357.4760963891478 16.67 3 3 1130 1131
1 0 0 0 1 0 0 0 1
1 0 0 0 1 0 0 0 1
438 560 420.25341221571364 16.67 3 3 1132 1133
1 0 0 0 1 0 0 0 1
1 0 0 0 1 0 0 0 1
438 500 170.1040307559357 16.67 3 3 1134 1135
1 0 0 0 1 0 0 0 1
1 0 0 0 1 0 0 0 1
439 73 895.1548905680928 16.67 3 3 1136 1137
1 0 0 0 1 0 0 0 1
1 0 0 0 1 0 0 0 1
439 596 224.65521576025407 16.67 3 3 1138 1139
1 0 0 0 1 0 0 0 1
1 0 0 0 1 0 0 0 1
439 486 379.1008683365038 16.67 3 3 1140 1141
1 0 0 0 1 0 0 0 1
1 0 0 0 1 0 0 0 1
440 496 618.7697905043426 16.67 3 3 1142 1143
1 0 0 0 1 0 0 0 1
1 0 0 0 1 0 0 0 1
440 173 843.2154615847686 16.67 3 3 1144 1145
1 0 0 0 1 0 0 0 1
1 0 0 0 1 0 0 0 1
441 204 375.0688382702818 16.67 3 3 1146 1147
1 0 0 0 1 0 0 0 1
1 0 0 0 1 0 0 0 1
441 76 371.9805360588441 16.67 3 3 1148 1149
1 0 0 0 1 0 0 0 1
1 0 0 0 1 0 0 0 1
442 464 80.90125688788393 16.67 3 3 1150 1151
1 0 0 0 1 0 0 0 1
1 0 0 0 1 0 0 0 1
442 57 44.84832673421296 16.67 3 3 1152 1153
1 0 0 0 1 0 0 0 1
1 0 0 0 1 0 0 0 1
443 593 29.06516852147193 16.67 3 3 1154 1155
1 0 0 0 1 0 0 0 1
1 0 0 0 1 0 0 0 1
443 446 782.2512992752161 16.67 3 3 1156 1157
1 0 0 0 1 0 0 0 1
1 0 0 0 1 0 0 0 1
444 455 452.8351738419404 16.67 3 3 1158 1159
1 0 0 0 1 0 0 0 1
1 0 0 0 1 0 0 0 1
444 541 510.0851829085653 16.67 3 3 1160 1161
1 0 0 0 1 0 0 0 1
1 0 0 0 1 0 0 0 1
444 445 712.5523684912764 16.67 3 3 1162 1163
1 0 0 0 1 0 0 0 1
1 0 0 0 1 0 0 0 1
445 449 116.03824546491455 16.67 3 3 1164 1165
1 0 0 0 1 0 0 0 1
1 0 0 0 1 0 0 0 1
75 590 386.4187426243726 16.67 3 3 1166 1167
1 0 0 0 1 0 0 0 1
1 0 0 0 1 0 0 0 1
75 206 388.73184190002576 16.67 3 3 1168 1169
1 0 0 0 1 0 0 0 1
1 0 0 0 1 0 0 0 1
447 450 281.7333672315882 16.67 3 3 1170 1171
1 0 0 0 1 0 0 0 1
1 0 0 0 1 0 0 0 1
447 532 742.5244534997751 16.67 3 3 1172 1173
1 0 0 0 1 0 0 0 1
1 0 0 0 1 0 0 0 1
447 448 46.901510353261514 16.67 3 3 1174 1175
1 0 0 0 1 0 0 0 1
1 0 0 0 1 0 0 0 1
448 207 56.375792028928345 16.67 3 3 1176 1177
1 0 0 0 1 0 0 0 1
1 0 0 0 1 0 0 0 1
448 604 36.36699675497656 16.67 3 3 1178 1179
1 0 0 0 1 0 0 0 1
1 0 0 0 1 0 0 0 1
448 533 762.7098698724535 16.67 3 3 1180 1181
1 0 0 0 1 0 0 0 1
1 0 0 0 1 0 0 0 1
449 550 602.9048337987244 16.67 3 3 1182 1183
1 0 0 0 1 0 0 0 1
1 0 0 0 1 0 0 0 1
450 451 48.305742272745924 16.67 3 3 1184 1185
1 0 0 0 1 0 0 0 1
1 0 0 0 1 0 0 0 1
452 164 666.9483410379117 16.67 3 3 1186 1187
1 0 0 0 1 0 0 0 1
1 0 0 0 1 0 0 0 1
453 550 75.19957970506597 16.67 3 3 1188 1189
1 0 0 0 1 0 0 0 1
1 0 0 0 1 0 0 0 1
453 551 58.280600977370234 16.67 3 3 1190 1191
1 0 0 0 1 0 0 0 1
1 0 0 0 1 0 0 0 1
453 552 52.42563040340707 16.67 3 3 1192 1193
1 0 0 0 1 0 0 0 1
1 0 0 0 1 0 0 0 1
454 78 271.16740350751866 16.67 3 3 1194 1195
1 0 0 0 1 0 0 0 1
1 0 0 0 1 0 0 0 1
456 588 410.5593783039519 16.67 3 3 1196 1197
1 0 0 0 1 0 0 0 1
1 0 0 0 1 0 0 0 1
456 578 661.6563831372547 16.67 3 3 1198 1199
1 0 0 0 1 0 0 0 1
1 0 0 0 1 0 0 0 1
457 319 366.8102779301998 16.67 3 3 1200 1201
1 0 0 0 1 0 0 0 1
1 0 0 0 1 0 0 0 1
458 602 31.801615800267957 16.67 3 3 1202 1203
1 0 0 0 1 0 0 0 1
1 0 0 0 1 0 0 0 1
458 205 58.78842580238658 16.67 3 3 1204 1205
1 0 0 0 1 0 0 0 1
1 0 0 0 1 0 0 0 1
459 469 697.2719670717368 16.67 3 3 1206 1207
1 0 0 0 1 0 0 0 1
1 0 0 0 1 0 0 0 1
459 581 588.489012474299 16.67 3 3 1208 1209
1 0 0 0 1 0 0 0 1
1 0 0 0 1 0 0 0 1
460 213 1377.8594096815057 16.67 3 3 1210 1211
1 0 0 0 1 0 0 0 1
1 0 0 0 1 0 0 0 1
460 212 1443.6322061405801 16.67 3 3 1212 1213
1 0 0 0 1 0 0 0 1
1 0 0 0 1 0 0 0 1
202 113 685.1729012959601 16.67 3 3 1214 1215
1 0 0 0 1 0 0 0 1
1 0 0 0 1 0 0 0 1
202 513 480.57452849234903 16.67 3 3 1216 1217
1 0 0 0 1 0 0 0 1
1 0 0 0 1 0 0 0 1
464 466 292.2808800981157 16.67 3 3 1218 1219
1 0 0 0 1 0 0 0 1
1 0 0 0 1 0 0 0 1
465 86 310.91419167032194 16.67 3 3 1220 1221
1 0 0 0 1 0 0 0 1
1 0 0 0 1 0 0 0 1
465 541 452.82124343137855 16.67 3 3 1222 1223
1 0 0 0 1 0 0 0 1
1 0 0 0 1 0 0 0 1
465 466 26.927678596884434 16.67 3 3 1224 1225
1 0 0 0 1 0 0 0 1
1 0 0 0 1 0 0 0 1
466 141 443.7054215779736 16.67 3 3 1226 1227
1 0 0 0 1 0 0 0 1
1 0 0 0 1 0 0 0 1
466 77 447.77021385410563 16.67 3 3 1228 1229
1 0 0 0 1 0 0 0 1
1 0 0 0 1 0 0 0 1
467 531 305.60979859595056 16.67 3 3 1230 1231
1 0 0 0 1 0 0 0 1
1 0 0 0 1 0 0 0 1
467 534 381.01253656947154 16.67 3 3 1232 1233
1 0 0 0 1 0 0 0 1
1 0 0 0 1 0 0 0 1
468 89 72.95716319600787 16.67 3 3 1234 1235
1 0 0 0 1 0 0 0 1
1 0 0 0 1 0 0 0 1
469 471 756.4663411540724 16.67 3 3 1236 1237
1 0 0 0 1 0 0 0 1
1 0 0 0 1 0 0 0 1
218 488 4887.384193977551 16.67 3 3 1238 1239
1 0 0 0 1 0 0 0 1
1 0 0 0 1 0 0 0 1
470 90 103.86207485298847 16.67 3 3 1240 1241
1 0 0 0 1 0 0 0 1
1 0 0 0 1 0 0 0 1
473 474 33.713081672060014 16.67 3 3 1242 1243
1 0 0 0 1 0 0 0 1
1 0 0 0 1 0 0 0 1
473 511 413.71016528989725 16.67 3 3 1244 1245
1 0 0 0 1 0 0 0 1
1 0 0 0 1 0 0 0 1
473 512 414.0195735091639 16.67 3 3 1246 1247
1 0 0 0 1 0 0 0 1
1 0 0 0 1 0 0 0 1
474 593 278.7739002895048 16.67 3 3 1248 1249
1 0 0 0 1 0 0 0 1
1 0 0 0 1 0 0 0 1
472 197 312.53050161428 16.67 3 3 1250 1251
1 0 0 0 1 0 0 0 1
1 0 0 0 1 0 0 0 1
472 520 623.5054318170419 16.67 3 3 1252 1253
1 0 0 0 1 0 0 0 1
1 0 0 0 1 0 0 0 1
472 132 581.0891697764242 16.67 3 3 1254 1255
1 0 0 0 1 0 0 0 1
1 0 0 0 1 0 0 0 1
475 582 53.48726121416596 16.67 3 3 1256 1257
1 0 0 0 1 0 0 0 1
1 0 0 0 1 0 0 0 1
476 582 45.33755996624314 16.67 3 3 1258 1259
1 0 0 0 1 0 0 0 1
1 0 0 0 1 0 0 0 1
477 615 747.1319772789944 16.67 3 3 1260 1261
1 0 0 0 1 0 0 0 1
1 0 0 0 1 0 0 0 1
477 557 1220.9239025218026 16.67 3 3 1262 1263
1 0 0 0 1 0 0 0 1
1 0 0 0 1 0 0 0 1
477 583 981.8409363054989 16.67 3 3 1264 1265
1 0 0 0 1 0 0 0 1
1 0 0 0 1 0 0 0 1
477 478 388.524614646955 16.67 3 3 1266 1267
1 0 0 0 1 0 0 0 1
1 0 0 0 1 0 0 0 1
478 584 715.2516272892551 16.67 3 3 1268 1269
1 0 0 0 1 0 0 0 1
1 0 0 0 1 0 0 0 1
478 559 20.575449530006257 16.67 3 3 1270 1271
1 0 0 0 1 0 0 0 1
1 0 0 0 1 0 0 0 1
479 527 27.614661699865408 16.67 3 3 1272 1273
1 0 0 0 1 0 0 0 1
1 0 0 0 1 0 0 0 1
479 191 374.3871228672686 16.67 3 3 1274 1275
1 0 0 0 1 0 0 0 1
1 0 0 0 1 0 0 0 1
479 480 227.89530403961314 16.67 3 3 1276 1277
1 0 0 0 1 0 0 0 1
1 0 0 0 1 0 0 0 1
480 530 19.986943873588444 16.67 3 3 1278 1279
1 0 0 0 1 0 0 0 1
1 0 0 0 1 0 0 0 1
480 96 312.848374113076 16.67 3 3 1280 1281
1 0 0 0 1 0 0 0 1
1 0 0 0 1 0 0 0 1
107 108 433.71639502479405 16.67 3 3 1282 1283
1 0 0 0 1 0 0 0 1
1 0 0 0 1 0 0 0 1
107 36 2676.687282202764 16.67 3 3 1284 1285
1 0 0 0 1 0 0 0 1
1 0 0 0 1 0 0 0 1
107 28 435.53707052283943 16.67 3 3 1286 1287
1 0 0 0 1 0 0 0 1
1 0 0 0 1 0 0 0 1
482 577 361.9825005729583 16.67 3 3 1288 1289
1 0 0 0 1 0 0 0 1
1 0 0 0 1 0 0 0 1
482 177 776.920850780494 16.67 3 3 1290 1291
1 0 0 0 1 0 0 0 1
1 0 0 0 1 0 0 0 1
484 514 488.1172060861085 16.67 3 3 1292 1293
1 0 0 0 1 0 0 0 1
1 0 0 0 1 0 0 0 1
485 221 57.31178399483059 16.67 3 3 1294 1295
1 0 0 0 1 0 0 0 1
1 0 0 0 1 0 0 0 1
485 227 255.8383744939938 16.67 3 3 1296 1297
1 0 0 0 1 0 0 0 1
1 0 0 0 1 0 0 0 1
486 73 517.0465536437617 16.67 3 3 1298 1299
1 0 0 0 1 0 0 0 1
1 0 0 0 1 0 0 0 1
486 74 680.8284188259987 16.67 3 3 1300 1301
1 0 0 0 1 0 0 0 1
1 0 0 0 1 0 0 0 1
487 518 111.79530271706736 16.67 3 3 1302 1303
1 0 0 0 1 0 0 0 1
1 0 0 0 1 0 0 0 1
489 518 182.30209512714245 16.67 3 3 1304 1305
1 0 0 0 1 0 0 0 1
1 0 0 0 1 0 0 0 1
490 34 2488.0800259706793 16.67 3 3 1306 1307
1 0 0 0 1 0 0 0 1
1 0 0 0 1 0 0 0 1
491 112 300.9611531203239 16.67 3 3 1308 1309
1 0 0 0 1 0 0 0 1
1 0 0 0 1 0 0 0 1
492 494 139.82902578527205 16.67 3 3 1310 1311
1 0 0 0 1 0 0 0 1
1 0 0 0 1 0 0 0 1
492 503 192.98362043424257 16.67 3 3 1312 1313
1 0 0 0 1 0 0 0 1
1 0 0 0 1 0 0 0 1
492 565 53.82012732238586 16.67 3 3 1314 1315
1 0 0 0 1 0 0 0 1
1 0 0 0 1 0 0 0 1
493 494 415.6245695590667 16.67 3 3 1316 1317
1 0 0 0 1 0 0 0 1
1 0 0 0 1 0 0 0 1
494 116 515.405621599078 16.67 3 3 1318 1319
1 0 0 0 1 0 0 0 1
1 0 0 0 1 0 0 0 1
495 496 26.971610261291328 16.67 3 3 1320 1321
1 0 0 0 1 0 0 0 1
1 0 0 0 1 0 0 0 1
496 92 790.0088634088446 16.67 3 3 1322 1323
1 0 0 0 1 0 0 0 1
1 0 0 0 1 0 0 0 1
496 56 571.0585561710998 16.67 3 3 1324 1325
1 0 0 0 1 0 0 0 1
1 0 0 0 1 0 0 0 1
497 113 26.573848572338324 16.67 3 3 1326 1327
1 0 0 0 1 0 0 0 1
1 0 0 0 1 0 0 0 1
497 513 521.5387981960165 16.67 3 3 1328 1329
1 0 0 0 1 0 0 0 1
1 0 0 0 1 0 0 0 1
498 529 346.62133430986063 16.67 3 3 1330 1331
1 0 0 0 1 0 0 0 1
1 0 0 0 1 0 0 0 1
498 580 463.8628491921899 16.67 3 3 1332 1333
1 0 0 0 1 0 0 0 1
1 0 0 0 1 0 0 0 1
499 534 954.6228569147004 16.67 3 3 1334 1335
1 0 0 0 1 0 0 0 1
1 0 0 0 1 0 0 0 1
499 535 535.8392466560056 16.67 3 3 1336 1337
1 0 0 0 1 0 0 0 1
1 0 0 0 1 0 0 0 1
500 560 397.91935280515736 16.67 3 3 1338 1339
1 0 0 0 1 0 0 0 1
1 0 0 0 1 0 0 0 1
500 136 538.2996320431031 16.67 3 3 1340 1341
1 0 0 0 1 0 0 0 1
1 0 0 0 1 0 0 0 1
501 23 314.9845703739935 16.67 3 3 1342 1343
1 0 0 0 1 0 0 0 1
1 0 0 0 1 0 0 0 1
501 2 447.8113497952308 16.67 3 3 1344 1345
1 0 0 0 1 0 0 0 1
1 0 0 0 1 0 0 0 1
503 565 179.48709700381474 16.67 3 3 1346 1347
1 0 0 0 1 0 0 0 1
1 0 0 0 1 0 0 0 1
505 506 197.37895574691365 16.67 3 3 1348 1349
1 0 0 0 1 0 0 0 1
1 0 0 0 1 0 0 0 1
507 118 97.72951055522942 16.67 3 3 1350 1351
1 0 0 0 1 0 0 0 1
1 0 0 0 1 0 0 0 1
507 508 399.3404149953319 16.67 3 3 1352 1353
1 0 0 0 1 0 0 0 1
1 0 0 0 1 0 0 0 1
510 530 319.5258423732789 16.67 3 3 1354 1355
1 0 0 0 1 0 0 0 1
1 0 0 0 1 0 0 0 1
510 159 694.1994123967157 16.67 3 3 1356 1357
1 0 0 0 1 0 0 0 1
1 0 0 0 1 0 0 0 1
510 160 236.00681111023925 16.67 3 3 1358 1359
1 0 0 0 1 0 0 0 1
1 0 0 0 1 0 0 0 1
510 123 110.6949674955152 16.67 3 3 1360 1361
1 0 0 0 1 0 0 0 1
1 0 0 0 1 0 0 0 1
511 512 33.43937081184868 16.67 3 3 1362 1363
1 0 0 0 1 0 0 0 1
1 0 0 0 1 0 0 0 1
512 141 468.92731115426574 16.67 3 3 1364 1365
1 0 0 0 1 0 0 0 1
1 0 0 0 1 0 0 0 1
513 176 1363.9620870677272 16.67 3 3 1366 1367
1 0 0 0 1 0 0 0 1
1 0 0 0 1 0 0 0 1
514 589 1154.653478331918 16.67 3 3 1368 1369
1 0 0 0 1 0 0 0 1
1 0 0 0 1 0 0 0 1
515 516 806.0119457744811 16.67 3 3 1370 1371
1 0 0 0 1 0 0 0 1
1 0 0 0 1 0 0 0 1
515 573 23.64335983224623 16.67 3 3 1372 1373
1 0 0 0 1 0 0 0 1
1 0 0 0 1 0 0 0 1
516 182 287.3980199951689 16.67 3 3 1374 1375
1 0 0 0 1 0 0 0 1
1 0 0 0 1 0 0 0 1
516 533 500.5605750722537 16.67 3 3 1376 1377
1 0 0 0 1 0 0 0 1
1 0 0 0 1 0 0 0 1
516 573 793.2422943594225 16.67 3 3 1378 1379
1 0 0 0 1 0 0 0 1
1 0 0 0 1 0 0 0 1
517 567 657.1818978487313 16.67 3 3 1380 1381
1 0 0 0 1 0 0 0 1
1 0 0 0 1 0 0 0 1
517 568 505.5328340564158 16.67 3 3 1382 1383
1 0 0 0 1 0 0 0 1
1 0 0 0 1 0 0 0 1
517 580 54.896757935044796 16.67 3 3 1384 1385
1 0 0 0 1 0 0 0 1
1 0 0 0 1 0 0 0 1
519 602 332.54133365438827 16.67 3 3 1386 1387
1 0 0 0 1 0 0 0 1
1 0 0 0 1 0 0 0 1
519 520 182.86396077367326 16.67 3 3 1388 1389
1 0 0 0 1 0 0 0 1
1 0 0 0 1 0 0 0 1
520 609 608.4839953620177 16.67 3 3 1390 1391
1 0 0 0 1 0 0 0 1
1 0 0 0 1 0 0 0 1
521 133 392.81211597542716 16.67 3 3 1392 1393
1 0 0 0 1 0 0 0 1
1 0 0 0 1 0 0 0 1
521 160 67.33682141958579 16.67 3 3 1394 1395
1 0 0 0 1 0 0 0 1
1 0 0 0 1 0 0 0 1
522 3 331.4672117449589 16.67 3 3 1396 1397
1 0 0 0 1 0 0 0 1
1 0 0 0 1 0 0 0 1
523 137 846.687953783652 16.67 3 3 1398 1399
1 0 0 0 1 0 0 0 1
1 0 0 0 1 0 0 0 1
523 528 121.25719027142678 16.67 3 3 1400 1401
1 0 0 0 1 0 0 0 1
1 0 0 0 1 0 0 0 1
524 528 106.07722289806051 16.67 3 3 1402 1403
1 0 0 0 1 0 0 0 1
1 0 0 0 1 0 0 0 1
525 4 446.4023160877126 16.67 3 3 1404 1405
1 0 0 0 1 0 0 0 1
1 0 0 0 1 0 0 0 1
77 209 859.2945227582636 16.67 3 3 1406 1407
1 0 0 0 1 0 0 0 1
1 0 0 0 1 0 0 0 1
527 530 222.8038528987542 16.67 3 3 1408 1409
1 0 0 0 1 0 0 0 1
1 0 0 0 1 0 0 0 1
527 160 306.61241876713063 16.67 3 3 1410 1411
1 0 0 0 1 0 0 0 1
1 0 0 0 1 0 0 0 1
528 183 731.1962201428375 16.67 3 3 1412 1413
1 0 0 0 1 0 0 0 1
1 0 0 0 1 0 0 0 1
531 570 236.39881634460482 16.67 3 3 1414 1415
1 0 0 0 1 0 0 0 1
1 0 0 0 1 0 0 0 1
531 1 420.48707930131303 16.67 3 3 1416 1417
1 0 0 0 1 0 0 0 1
1 0 0 0 1 0 0 0 1
532 533 30.17368674541241 16.67 3 3 1418 1419
1 0 0 0 1 0 0 0 1
1 0 0 0 1 0 0 0 1
534 534 0.0 16.67 3 3 1420 1421
1 0 0 0 1 0 0 0 1
1 0 0 0 1 0 0 0 1
535 137 1157.8001567632346 16.67 3 3 1422 1423
1 0 0 0 1 0 0 0 1
1 0 0 0 1 0 0 0 1
535 138 420.7617978120615 16.67 3 3 1424 1425
1 0 0 0 1 0 0 0 1
1 0 0 0 1 0 0 0 1
536 542 63.1579990291992 16.67 3 3 1428 1429
1 0 0 0 1 0 0 0 1
1 0 0 0 1 0 0 0 1
536 543 81.63974469037784 16.67 3 3 1430 1431
1 0 0 0 1 0 0 0 1
1 0 0 0 1 0 0 0 1
537 589 53.58526541650753 16.67 3 3 1432 1433
1 0 0 0 1 0 0 0 1
1 0 0 0 1 0 0 0 1
537 543 1140.5717292146016 16.67 3 3 1434 1435
1 0 0 0 1 0 0 0 1
1 0 0 0 1 0 0 0 1
538 571 55.10198618937924 16.67 3 3 1436 1437
1 0 0 0 1 0 0 0 1
1 0 0 0 1 0 0 0 1
539 11 776.6772300317814 16.67 3 3 1438 1439
1 0 0 0 1 0 0 0 1
1 0 0 0 1 0 0 0 1
541 143 57.99916583504313 16.67 3 3 1440 1441
1 0 0 0 1 0 0 0 1
1 0 0 0 1 0 0 0 1
544 546 23.07715168755777 16.67 3 3 1442 1443
1 0 0 0 1 0 0 0 1
1 0 0 0 1 0 0 0 1
544 545 257.53417997596466 16.67 3 3 1444 1445
1 0 0 0 1 0 0 0 1
1 0 0 0 1 0 0 0 1
545 546 270.1761424843075 16.67 3 3 1446 1447
1 0 0 0 1 0 0 0 1
1 0 0 0 1 0 0 0 1
547 549 225.7064372877914 16.67 3 3 1448 1449
1 0 0 0 1 0 0 0 1
1 0 0 0 1 0 0 0 1
547 548 236.81384743213846 16.67 3 3 1450 1451
1 0 0 0 1 0 0 0 1
1 0 0 0 1 0 0 0 1
547 606 1450.0168287263668 16.67 3 3 1452 1453
1 0 0 0 1 0 0 0 1
1 0 0 0 1 0 0 0 1
548 549 25.628072022559415 16.67 3 3 1454 1455
1 0 0 0 1 0 0 0 1
1 0 0 0 1 0 0 0 1
549 174 432.4168407322501 16.67 3 3 1456 1457
1 0 0 0 1 0 0 0 1
1 0 0 0 1 0 0 0 1
550 551 81.68679610199064 16.67 3 3 1458 1459
1 0 0 0 1 0 0 0 1
1 0 0 0 1 0 0 0 1
551 592 403.80175857851634 16.67 3 3 1460 1461
1 0 0 0 1 0 0 0 1
1 0 0 0 1 0 0 0 1
21 591 1179.5552602900386 16.67 3 3 1462 1463
1 0 0 0 1 0 0 0 1
1 0 0 0 1 0 0 0 1
21 20 20.029129017424392 16.67 3 3 1464 1465
1 0 0 0 1 0 0 0 1
1 0 0 0 1 0 0 0 1
553 555 388.0067856871962 16.67 3 3 1466 1467
1 0 0 0 1 0 0 0 1
1 0 0 0 1 0 0 0 1
553 556 542.6166493163628 16.67 3 3 1468 1469
1 0 0 0 1 0 0 0 1
1 0 0 0 1 0 0 0 1
553 48 1858.3838677821857 16.67 3 3 1470 1471
1 0 0 0 1 0 0 0 1
1 0 0 0 1 0 0 0 1
552 592 405.077456149375 16.67 3 3 1472 1473
1 0 0 0 1 0 0 0 1
1 0 0 0 1 0 0 0 1
555 554 541.6686894332111 16.67 3 3 1474 1475
1 0 0 0 1 0 0 0 1
1 0 0 0 1 0 0 0 1
556 554 382.5821321111778 16.67 3 3 1476 1477
1 0 0 0 1 0 0 0 1
1 0 0 0 1 0 0 0 1
557 558 638.7482095198852 16.67 3 3 1478 1479
1 0 0 0 1 0 0 0 1
1 0 0 0 1 0 0 0 1
557 585 27.501941261561416 16.67 3 3 1480 1481
1 0 0 0 1 0 0 0 1
1 0 0 0 1 0 0 0 1
559 561 713.9436801942771 16.67 3 3 1482 1483
1 0 0 0 1 0 0 0 1
1 0 0 0 1 0 0 0 1
558 222 279.2173435935476 16.67 3 3 1484 1485
1 0 0 0 1 0 0 0 1
1 0 0 0 1 0 0 0 1
560 569 565.6880550444383 16.67 3 3 1486 1487
1 0 0 0 1 0 0 0 1
1 0 0 0 1 0 0 0 1
554 562 449.05646968106333 16.67 3 3 1488 1489
1 0 0 0 1 0 0 0 1
1 0 0 0 1 0 0 0 1
562 26 383.0521027473116 16.67 3 3 1490 1491
1 0 0 0 1 0 0 0 1
1 0 0 0 1 0 0 0 1
561 19 345.02119015668745 16.67 3 3 1492 1493
1 0 0 0 1 0 0 0 1
1 0 0 0 1 0 0 0 1
561 584 26.708052251776575 16.67 3 3 1494 1495
1 0 0 0 1 0 0 0 1
1 0 0 0 1 0 0 0 1
563 564 551.4167933914897 16.67 3 3 1496 1497
1 0 0 0 1 0 0 0 1
1 0 0 0 1 0 0 0 1
564 565 168.57392387342537 16.67 3 3 1498 1499
1 0 0 0 1 0 0 0 1
1 0 0 0 1 0 0 0 1
569 157 729.0503479749048 16.67 3 3 1500 1501
1 0 0 0 1 0 0 0 1
1 0 0 0 1 0 0 0 1
572 586 683.0839311167153 16.67 3 3 1502 1503
1 0 0 0 1 0 0 0 1
1 0 0 0 1 0 0 0 1
53 52 143.88563242814462 16.67 3 3 1504 1505
1 0 0 0 1 0 0 0 1
1 0 0 0 1 0 0 0 1
53 54 139.25353623693286 16.67 3 3 1506 1507
1 0 0 0 1 0 0 0 1
1 0 0 0 1 0 0 0 1
53 55 101.70264153526473 16.67 3 3 1508 1509
1 0 0 0 1 0 0 0 1
1 0 0 0 1 0 0 0 1
573 207 424.09235009291797 16.67 3 3 1510 1511
1 0 0 0 1 0 0 0 1
1 0 0 0 1 0 0 0 1
575 574 217.15186952002065 16.67 3 3 1512 1513
1 0 0 0 1 0 0 0 1
1 0 0 0 1 0 0 0 1
575 163 220.65741457419506 16.67 3 3 1514 1515
1 0 0 0 1 0 0 0 1
1 0 0 0 1 0 0 0 1
575 576 435.2257457433609 16.67 3 3 1516 1517
1 0 0 0 1 0 0 0 1
1 0 0 0 1 0 0 0 1
575 613 518.1446281262583 16.67 3 3 1518 1519
1 0 0 0 1 0 0 0 1
1 0 0 0 1 0 0 0 1
576 590 609.4186193861576 16.67 3 3 1520 1521
1 0 0 0 1 0 0 0 1
1 0 0 0 1 0 0 0 1
577 588 104.21762102019576 16.67 3 3 1522 1523
1 0 0 0 1 0 0 0 1
1 0 0 0 1 0 0 0 1
577 177 415.74221806196647 16.67 3 3 1524 1525
1 0 0 0 1 0 0 0 1
1 0 0 0 1 0 0 0 1
578 588 251.1518798013692 16.67 3 3 1526 1527
1 0 0 0 1 0 0 0 1
1 0 0 0 1 0 0 0 1
581 70 26.77609827204772 16.67 3 3 1528 1529
1 0 0 0 1 0 0 0 1
1 0 0 0 1 0 0 0 1
583 74 368.3433135938222 16.67 3 3 1530 1531
1 0 0 0 1 0 0 0 1
1 0 0 0 1 0 0 0 1
583 61 2415.890690585236 16.67 3 3 1532 1533
1 0 0 0 1 0 0 0 1
1 0 0 0 1 0 0 0 1
584 615 456.5021558337358 16.67 3 3 1534 1535
1 0 0 0 1 0 0 0 1
1 0 0 0 1 0 0 0 1
586 596 727.5235435145445 16.67 3 3 1536 1537
1 0 0 0 1 0 0 0 1
1 0 0 0 1 0 0 0 1
587 118 700.3264060487038 16.67 3 3 1538 1539
1 0 0 0 1 0 0 0 1
1 0 0 0 1 0 0 0 1
587 596 198.51514235076993 16.67 3 3 1540 1541
1 0 0 0 1 0 0 0 1
1 0 0 0 1 0 0 0 1
590 613 356.2860550199841 16.67 3 3 1542 1543
1 0 0 0 1 0 0 0 1
1 0 0 0 1 0 0 0 1
591 399 105.15098707106063 16.67 3 3 1544 1545
1 0 0 0 1 0 0 0 1
1 0 0 0 1 0 0 0 1
592 159 361.79682415749056 16.67 3 3 1546 1547
1 0 0 0 1 0 0 0 1
1 0 0 0 1 0 0 0 1
592 79 259.5969792828497 16.67 3 3 1548 1549
1 0 0 0 1 0 0 0 1
1 0 0 0 1 0 0 0 1
86 209 75.64774355150611 16.67 3 3 1550 1551
1 0 0 0 1 0 0 0 1
1 0 0 0 1 0 0 0 1
86 210 156.80902177821721 16.67 3 3 1552 1553
1 0 0 0 1 0 0 0 1
1 0 0 0 1 0 0 0 1
594 195 338.53821418575905 16.67 3 3 1554 1555
1 0 0 0 1 0 0 0 1
1 0 0 0 1 0 0 0 1
594 196 338.6513318598066 16.67 3 3 1556 1557
1 0 0 0 1 0 0 0 1
1 0 0 0 1 0 0 0 1
594 594 0.0 16.67 3 3 1558 1559
1 0 0 0 1 0 0 0 1
1 0 0 0 1 0 0 0 1
595 595 0.0 16.67 3 3 1560 1561
1 0 0 0 1 0 0 0 1
1 0 0 0 1 0 0 0 1
595 80 314.23987815642465 16.67 3 3 1562 1563
1 0 0 0 1 0 0 0 1
1 0 0 0 1 0 0 0 1
603 206 51.252541674931486 16.67 3 3 1564 1565
1 0 0 0 1 0 0 0 1
1 0 0 0 1 0 0 0 1
605 78 84.37408281630472 16.67 3 3 1566 1567
1 0 0 0 1 0 0 0 1
1 0 0 0 1 0 0 0 1
606 125 1832.9049443843944 16.67 3 3 1568 1569
1 0 0 0 1 0 0 0 1
1 0 0 0 1 0 0 0 1
607 608 152.54456271113506 16.67 3 3 1570 1571
1 0 0 0 1 0 0 0 1
1 0 0 0 1 0 0 0 1
609 131 323.69323651492687 16.67 3 3 1572 1573
1 0 0 0 1 0 0 0 1
1 0 0 0 1 0 0 0 1
611 12 7239.640613700987 16.67 3 3 1574 1575
1 0 0 0 1 0 0 0 1
1 0 0 0 1 0 0 0 1
612 5 456.31872844892706 16.67 3 3 1576 1577
1 0 0 0 1 0 0 0 1
1 0 0 0 1 0 0 0 1
188 185 656.1973890937174 16.67 3 3 1578 1579
1 0 0 0 1 0 0 0 1
1 0 0 0 1 0 0 0 1
188 189 1446.3098579284972 16.67 3 3 1580 1581
1 0 0 0 1 0 0 0 1
1 0 0 0 1 0 0 0 1
188 344 1345.9289102299722 16.67 3 3 1582 1583
1 0 0 0 1 0 0 0 1
1 0 0 0 1 0 0 0 1
615 231 230.76150600268642 16.67 3 3 1584 1585
1 0 0 0 1 0 0 0 1
1 0 0 0 1 0 0 0 1
615 232 231.0133130421978 16.67 3 3 1586 1587
1 0 0 0 1 0 0 0 1
1 0 0 0 1 0 0 0 1
228 229 39.50218950040727 16.67 3 3 1588 1589
1 0 0 0 1 0 0 0 1
1 0 0 0 1 0 0 0 1
185 186 230.84225914085624 16.67 3 3 1590 1591
1 0 0 0 1 0 0 0 1
1 0 0 0 1 0 0 0 1
185 187 320.86209928955145 16.67 3 3 1592 1593
1 0 0 0 1 0 0 0 1
1 0 0 0 1 0 0 0 1
71 463 605.322331615991 16.67 3 3 1594 1595
1 0 0 0 1 0 0 0 1
1 0 0 0 1 0 0 0 1
221 215 358.8652676404617 16.67 3 3 1596 1597
1 0 0 0 1 0 0 0 1
1 0 0 0 1 0 0 0 1
221 214 638.7701635500795 16.67 3 3 1598 1599
1 0 0 0 1 0 0 0 1
1 0 0 0 1 0 0 0 1
87 88 138.05643849159247 16.67 3 3 1600 1601
1 0 0 0 1 0 0 0 1
1 0 0 0 1 0 0 0 1
92 173 489.0900399563519 16.67 3 3 1602 1603
1 0 0 0 1 0 0 0 1
1 0 0 0 1 0 0 0 1
92 67 393.4304083672027 16.67 3 3 1604 1605
1 0 0 0 1 0 0 0 1
1 0 0 0 1 0 0 0 1
15 16 1367.357648703069 16.67 3 3 1606 1607
1 0 0 0 1 0 0 0 1
1 0 0 0 1 0 0 0 1
15 14 285.56861629996786 16.67 3 3 1608 1609
1 0 0 0 1 0 0 0 1
1 0 0 0 1 0 0 0 1
133 159 25.156790333734854 16.67 3 3 1610 1611
1 0 0 0 1 0 0 0 1
1 0 0 0 1 0 0 0 1
133 165 55.73328326057657 16.67 3 3 1612 1613
1 0 0 0 1 0 0 0 1
1 0 0 0 1 0 0 0 1
141 142 46.729943345659585 16.67 3 3 1614 1615
1 0 0 0 1 0 0 0 1
1 0 0 0 1 0 0 0 1
110 111 1973.7095587716085 16.67 3 3 1616 1617
1 0 0 0 1 0 0 0 1
1 0 0 0 1 0 0 0 1
110 183 297.68080610620416 16.67 3 3 1618 1619
1 0 0 0 1 0 0 0 1
1 0 0 0 1 0 0 0 1
18 300 274.019856818165 16.67 3 3 1620 1621
1 0 0 0 1 0 0 0 1
1 0 0 0 1 0 0 0 1
19 7 415.30957330802664 16.67 3 3 1622 1623
1 0 0 0 1 0 0 0 1
1 0 0 0 1 0 0 0 1
190 161 362.7316154561586 16.67 3 3 1624 1625
1 0 0 0 1 0 0 0 1
1 0 0 0 1 0 0 0 1
190 175 217.0714632218938 16.67 3 3 1626 1627
1 0 0 0 1 0 0 0 1
1 0 0 0 1 0 0 0 1
72 74 1143.1768091202507 16.67 3 3 1628 1629
1 0 0 0 1 0 0 0 1
1 0 0 0 1 0 0 0 1
174 58 1711.0998141440568 16.67 3 3 1630 1631
1 0 0 0 1 0 0 0 1
1 0 0 0 1 0 0 0 1
174 44 90.19521597920236 16.67 3 3 1632 1633
1 0 0 0 1 0 0 0 1
1 0 0 0 1 0 0 0 1
99 100 818.861182163678 16.67 3 3 1634 1635
1 0 0 0 1 0 0 0 1
1 0 0 0 1 0 0 0 1
100 194 227.99343684579983 16.67 3 3 1636 1637
1 0 0 0 1 0 0 0 1
1 0 0 0 1 0 0 0 1
101 102 822.0064418497534 16.67 3 3 1638 1639
1 0 0 0 1 0 0 0 1
1 0 0 0 1 0 0 0 1
102 126 371.4681708141058 16.67 3 3 1640 1641
1 0 0 0 1 0 0 0 1
1 0 0 0 1 0 0 0 1
81 320 373.6939654563466 16.67 3 3 1642 1643
1 0 0 0 1 0 0 0 1
1 0 0 0 1 0 0 0 1
128 83 86.04459391128992 16.67 3 3 1644 1645
1 0 0 0 1 0 0 0 1
1 0 0 0 1 0 0 0 1
128 166 1371.6788977491985 16.67 3 3 1646 1647
1 0 0 0 1 0 0 0 1
1 0 0 0 1 0 0 0 1
159 158 56.92029643337914 16.67 3 3 1648 1649
1 0 0 0 1 0 0 0 1
1 0 0 0 1 0 0 0 1
130 129 715.7426364353121 16.67 3 3 1650 1651
1 0 0 0 1 0 0 0 1
1 0 0 0 1 0 0 0 1
85 224 656.0948143532731 16.67 3 3 1652 1653
1 0 0 0 1 0 0 0 1
1 0 0 0 1 0 0 0 1
85 9 437.26815451088817 16.67 3 3 1654 1655
1 0 0 0 1 0 0 0 1
1 0 0 0 1 0 0 0 1
48 49 167.52248495407358 16.67 3 3 1656 1657
1 0 0 0 1 0 0 0 1
1 0 0 0 1 0 0 0 1
396
2 633 -1 227 1345
8 2 -1 4 6
11 1439 463 461 -1
15 787 -1 1606 1608
19 53 1493 -1 1622
20 525 -1 1465 609
21 1464 -1 1462 605
23 377 1343 211 -1
24 828 675 826 -1
27 436 -1 438 440
45 44 46 42 -1
49 881 875 1657 -1
53 -1 1508 1504 1506
57 307 -1 743 1153
61 1019 -1 1533 903
63 712 -1 710 714
66 43 952 919 -1
71 739 1594 931 -1
73 973 -1 1137 1299
74 1531 -1 1629 1301
77 1229 -1 933 1406
78 1567 -1 1195 983
82 372 370 -1 368
86 1550 -1 1221 1552
88 391 -1 351 1601
89 459 -1 395 1235
92 1323 1602 501 1604
93 769 -1 713 163
94 66 -1 68 64
95 72 70 74 -1
97 34 -1 32 30
99 13 -1 27 1634
100 1635 737 1636 -1
101 469 -1 1638 761
102 17 1639 1640 -1
103 20 14 16 18
104 26 24 22 28
107 1284 -1 1286 1282
114 770 -1 768 161
117 -1 626 622 624
118 1539 1351 9 -1
119 8 10 12 -1
127 54 -1 52 56
128 1087 1646 -1 1644
130 751 1650 865 -1
133 -1 1393 1610 1612
136 1341 -1 701 707
137 -1 1423 1399 705
139 1002 -1 1000 1004
140 1020 -1 1018 1016
141 -1 1365 1614 1227
150 278 276 280 -1
151 304 -1 306 302
153 658 -1 654 656
154 664 662 660 -1
155 686 682 -1 684
156 690 -1 688 683
159 1611 1357 1547 1648
160 1411 1359 -1 1395
169 316 318 314 -1
170 -1 138 134 136
173 1145 -1 331 1603
174 1457 1630 -1 1632
177 -1 1525 1291 1105
178 564 566 562 -1
179 418 420 414 416
180 33 -1 428 426
185 1579 -1 1592 1590
188 1582 -1 1578 1580
190 -1 943 1624 1626
199 41 -1 48 50
200 23 369 736 15
201 760 29 21 762
202 79 1214 1216 -1
209 1061 1407 1551 -1
217 38 -1 40 36
218 257 1238 -1 233
221 1598 1295 -1 1596
230 58 62 -1 60
234 80 76 78 -1
236 88 86 90 92
237 94 96 98 100
238 106 108 102 104
239 103 110 112 114
240 -1 105 118 116
241 122 124 107 120
242 128 132 126 130
243 127 140 -1 142
244 144 150 146 148
245 152 154 156 158
246 160 162 166 164
247 168 170 172 -1
248 -1 182 178 180
249 190 188 -1 192
250 -1 181 191 194
251 196 200 -1 198
252 204 202 117 206
253 210 214 212 208
254 218 -1 216 220
255 224 221 222 226
256 230 228 232 -1
257 234 236 238 -1
258 248 51 250 252
259 254 37 249 256
260 251 262 260 258
261 274 268 272 270
262 284 288 282 286
264 298 294 296 300
265 312 310 308 -1
267 -1 324 322 320
268 330 326 328 332
269 340 334 336 338
270 346 342 -1 344
271 352 345 348 350
272 5 356 354 -1
273 360 362 358 343
274 359 364 -1 366
275 179 349 3 189
276 355 376 378 374
277 380 382 386 384
278 394 392 390 388
279 396 398 347 400
280 404 385 406 402
281 315 195 410 408
282 412 405 361 399
284 261 430 434 432
285 444 442 409 -1
286 446 -1 448 450
287 452 456 458 454
288 449 460 317 443
292 329 -1 397 457
293 466 464 468 470
294 472 476 474 -1
295 478 480 484 482
296 488 -1 479 486
297 475 485 490 -1
298 -1 494 492 496
299 253 502 -1 229
301 504 510 506 508
302 427 -1 419 512
303 514 516 518 520
304 526 528 524 522
305 530 513 417 532
306 538 536 -1 534
308 544 548 546 -1
310 -1 554 552 550
311 -1 558 560 556
312 207 572 570 568
313 576 -1 574 111
314 582 580 578 -1
315 113 584 586 581
316 575 313 588 585
318 -1 592 197 594
321 596 600 602 598
323 523 604 606 608
324 615 610 614 612
325 620 -1 618 616
326 -1 630 632 628
328 634 209 636 -1
329 640 638 219 -1
331 646 473 489 644
332 477 650 -1 652
333 367 641 225 631
334 668 666 537 670
335 493 613 672 674
336 676 678 680 125
337 681 692 577 109
339 -1 694 447 696
340 700 698 -1 702
341 704 706 708 643
342 716 722 718 720
343 728 -1 724 726
345 732 730 -1 734
346 740 -1 738 742
347 147 744 746 133
348 752 748 750 745
349 213 758 754 756
351 31 772 774 141
352 778 780 -1 776
354 782 784 786 -1
355 -1 629 790 357
356 796 794 792 -1
357 793 800 798 -1
358 243 241 802 804
359 803 -1 808 806
360 816 812 810 814
362 822 824 819 -1
364 833 830 35 832
365 840 834 836 838
366 846 848 844 842
367 852 850 856 854
368 749 864 862 860
369 868 861 866 -1
370 863 599 265 279
371 872 876 870 874
372 878 61 873 880
373 561 884 882 555
374 890 888 892 894
375 896 902 900 898
376 75 899 904 69
377 135 905 908 906
378 910 912 914 853
379 915 916 341 851
380 711 918 911 920
381 924 922 45 -1
382 928 926 47 923
383 932 930 413 327
384 938 940 936 934
385 -1 946 944 942
387 91 948 817 950
388 962 955 960 -1
389 954 375 635 956
390 -1 957 891 958
391 961 959 972 -1
392 964 970 966 968
393 499 -1 974 976
396 980 982 823 949
397 986 984 -1 779
398 988 -1 987 821
400 990 815 801 795
401 775 996 994 992
402 -1 273 169 998
403 1006 665 659 511
404 1008 1014 1010 1012
405 1022 467 1024 263
407 -1 1028 275 1026
408 1032 1030 1036 1034
410 1044 -1 1042 1041
412 1048 921 887 77
414 945 715 1049 937
415 1057 1058 1056 1054
416 1062 -1 1060 917
417 927 -1 1051 953
418 1064 845 1066 565
419 -1 993 1068 1070
420 1074 -1 847 1072
421 1076 1071 849 1075
422 411 193 7 201
423 1078 323 975 1080
424 1084 1082 1086 -1
425 763 19 1090 1088
427 1092 259 433 1083
428 1094 509 1096 1098
429 1102 1104 1100 167
431 1108 1110 1112 1106
432 63 1047 1114 877
434 1120 1124 879 1122
435 623 137 1126 1128
436 1127 907 1121 1130
438 1132 1134 -1 365
439 1136 423 1138 1140
440 337 333 1144 1142
441 1146 497 829 1148
442 1150 303 1152 563
443 1154 1156 797 -1
444 1158 1162 -1 1160
445 267 281 1164 1163
446 809 951 991 1157
447 -1 1170 1174 1172
448 1175 1178 1176 1180
449 277 1182 -1 1165
450 811 1184 -1 1171
451 813 777 -1 1185
452 95 1186 185 175
453 1192 527 1188 1190
454 1194 -1 989 825
456 -1 1196 1198 947
458 1037 1202 1204 293
459 1206 1208 771 925
460 1212 725 1210 731
464 1218 305 1151 -1
465 1220 1222 1224 335
466 1225 1226 1219 1228
467 407 1232 1230 363
469 1236 -1 1207 171
470 1240 401 -1 393
472 1252 131 1254 1250
473 1244 805 1242 1246
474 1243 807 1248 -1
475 -1 1256 65 139
476 -1 1119 71 1258
477 1266 1264 1262 1260
478 1270 199 1267 1268
479 1274 1276 1272 -1
480 1280 -1 1278 1277
481 173 1103 165 245
482 1288 143 -1 1290
484 -1 321 1079 1292
485 507 625 1294 1296
486 1298 895 1141 1300
487 1302 535 -1 651
488 487 653 1239 679
489 1304 541 -1 481
490 503 483 1306 693
491 1308 783 831 835
492 -1 1310 1312 1314
493 -1 247 965 1316
494 -1 1317 1318 1311
495 857 339 1320 85
496 1321 1143 1322 1324
497 1326 83 -1 1328
498 223 1330 123 1332
500 1338 -1 1340 1135
501 791 1344 765 1342
502 1053 -1 1063 913
503 1346 1313 691 -1
505 -1 471 1348 1025
507 1350 569 1352 11
508 571 25 373 1353
510 1354 1360 1356 1358
511 -1 101 1245 1362
512 -1 1363 1247 1364
513 1217 1366 1329 1015
514 1011 1293 1368 1003
515 1372 519 -1 1370
516 1376 1378 1371 1374
517 1384 -1 1380 1382
518 539 1303 1305 -1
519 1386 1388 153 -1
520 1389 1390 1253 155
521 995 1394 -1 1392
523 1398 531 1400 699
524 -1 533 1402 647
525 619 1404 753 151
526 1059 843 1065 -1
527 1273 1408 1410 -1
528 1401 -1 1412 1403
529 217 645 677 1331
530 1279 -1 1355 1409
531 1231 1416 -1 1414
532 799 1173 1418 -1
533 1419 1181 1377 -1
534 1421 1335 1420 1233
535 1422 1424 -1 1337
536 661 1430 655 1428
537 1005 1432 -1 1434
538 -1 1436 1017 1117
539 -1 977 1438 695
540 157 1073 1055 -1
541 1440 1161 -1 1223
542 657 1429 -1 627
543 663 1435 -1 1431
544 909 1444 1442 1125
546 1443 1447 59 -1
547 -1 1450 1448 1452
548 517 -1 1454 1451
549 1455 -1 1456 1449
550 1458 1189 -1 1183
551 1460 -1 1191 1459
553 883 1470 1468 1466
554 1475 1477 -1 1488
555 553 1467 1474 -1
556 1469 255 237 1476
557 1263 1478 1480 -1
559 1115 595 1271 1482
560 1486 1339 1133 -1
561 871 1483 1494 1492
562 1490 1489 235 -1
563 1496 685 1099 -1
564 -1 1498 687 1497
565 -1 1315 1347 1499
566 119 115 583 573
567 1381 121 -1 203
568 755 1383 205 -1
571 1021 697 963 1437
572 637 757 1502 889
573 1510 521 1373 1379
575 1514 1516 1518 1512
577 -1 1289 1522 1524
578 1526 1077 -1 1199
579 177 187 -1 87
580 767 1333 1385 759
581 159 -1 1528 1209
582 73 1259 67 1257
583 1532 -1 1530 1265
584 1495 1269 1534 559
588 1523 1527 -1 1197
589 1369 1081 1001 1433
590 1521 1167 285 1542
591 1463 1544 -1 985
592 1546 1461 1473 1548
594 1554 1556 1558 1559
595 1561 1560 1562 597
596 1139 1537 1541 -1
597 611 617 145 295
598 673 -1 297 1031
602 -1 301 1387 1203
603 1564 1035 -1 289
605 607 -1 1566 981
606 1453 1568 -1 387
609 1572 149 129 1391
610 689 1007 505 1095
611 1574 1131 885 1097
612 1576 -1 1039 269
613 1519 1543 1045 -1
615 1535 1261 1586 1584
