234
1 3600 60
3
298 318 11
1 3600 21
4
274 95 92 307
1 3600 21
5
15 12 99 96 408
1 3600 96
8
319 320 315 309 310 358 378 7
1 3600 338
12
300 352 271 272 83 80 25 26 373 374 323 257
1 3600 338
10
12 102 332 334 391 75 76 382 249 250
1 3600 338
24
276 299 296 339 336 368 291 67 70 177 169 170 208 47 37 42 56 194 252 397 135 132 121 124
1 3600 338
18
274 103 99 92 330 401 398 7 8 373 374 323 257 197 145 146 143 140
1 3600 31
6
319 299 296 339 342 411
1 3600 58
6
315 316 365 362 370 305
1 3600 338
6
14 315 309 269 266 67
1 3600 338
13
14 315 312 352 271 272 83 69 70 177 169 170 205
1 3600 338
18
315 309 310 358 347 25 26 373 374 185 182 413 209 33 30 202 201 191
1 3600 338
16
12 99 94 332 87 84 75 76 384 392 251 195 57 58 237 240
1 3600 338
25
15 12 99 92 330 401 391 5 8 259 167 170 33 34 351 348 199 191 192 238 235 229 230 242 329
1 3600 48
3
313 314 15
1 3600 48
5
101 13 10 319 299
1 3600 48
7
380 97 98 13 14 321 299
1 3600 48
5
270 353 301 298 318
1 3600 40
5
352 271 268 306 93
1 3600 51
10
97 92 330 361 358 347 25 26 373 376
1 3600 51
10
409 405 101 102 332 87 84 5 2 25
1 3600 51
8
272 83 78 347 3 8 373 376
1 3600 51
6
266 67 70 177 174 258
1 3600 51
8
97 92 330 401 398 7 8 373
1 3600 94
10
407 101 99 94 332 334 391 75 76 382
1 3600 338
11
407 404 97 92 330 401 391 75 76 382 249
1 3600 338
18
312 287 282 368 291 67 70 177 169 170 205 202 201 61 58 159 152 129
1 3600 338
19
358 347 25 26 373 374 185 180 45 37 40 197 145 148 159 152 262 139 136
1 3600 58
6
308 316 365 281 282 337
1 3600 49
5
92 307 269 272 416
1 3600 49
7
330 361 311 269 266 288 303
1 3600 88
8
307 310 358 347 25 28 357 354
1 3600 241
14
310 358 378 7 8 373 374 323 49 46 209 33 30 202
1 3600 338
12
94 332 87 84 75 76 325 257 41 42 60 198
1 3600 338
17
407 101 99 92 330 401 391 75 76 384 392 251 252 151 146 155 156
1 3600 338
29
97 98 13 14 315 312 287 280 362 370 305 302 289 67 70 177 169 170 205 202 201 191 192 238 235 115 112 225 230
1 3600 106
7
3 6 399 335 333 275 278
1 3600 48
3
81 82 273
1 3600 48
5
24 346 79 82 273
1 3600 48
8
359 360 331 93 98 100 404 381
1 3600 48
4
398 379 79 82
1 3600 48
7
86 334 400 331 93 96 405
1 3600 47
3
80 25 26
1 3600 47
9
78 378 7 8 373 374 185 180 45
1 3600 47
5
26 373 374 185 180
1 3600 47
5
75 76 325 49 44
1 3600 47
6
91 84 5 8 373 374
1 3600 135
17
91 86 334 398 7 2 25 26 373 261 175 169 170 33 30 39 42
1 3600 282
9
25 26 373 374 323 257 197 145 148
1 3600 338
15
87 84 75 76 382 249 252 397 135 132 211 65 21 16 137
1 3600 199
13
391 5 6 379 347 81 69 66 290 369 366 343 340
1 3600 53
3
79 69 66
1 3600 45
3
175 176 71
1 3600 75
10
89 86 334 398 7 8 259 167 170 33
1 3600 338
9
28 357 177 169 170 33 34 351 348
1 3600 338
12
87 84 75 76 382 255 41 38 202 201 191 192
1 3600 338
14
8 373 374 323 49 37 42 58 159 152 262 264 294 243
1 3600 338
9
385 77 74 390 400 361 311 308 314
1 3600 84
7
385 77 74 85 86 333 95
1 3600 44
8
255 256 322 375 372 9 4 390
1 3600 44
7
322 375 372 9 4 85 88
1 3600 44
3
74 390 335
1 3600 44
8
385 325 322 375 372 27 24 346
1 3600 54
3
41 36 44
1 3600 33
3
384 392 251
1 3600 33
4
382 249 195 57
1 3600 86
5
186 45 37 42 58
1 3600 338
13
76 384 392 251 252 397 135 132 121 19 20 62 105
1 3600 338
13
255 41 38 204 171 168 176 71 66 288 303 304 389
1 3600 177
12
325 322 375 372 27 24 346 359 311 269 270 365
1 3600 99
8
385 325 49 46 209 171 168 176
1 3600 37
3
38 202 206
1 3600 129
5
257 197 57 60 191
1 3600 308
7
249 195 145 146 155 152 233
1 3600 338
10
257 197 145 146 143 140 162 327 219 220
1 3600 338
16
57 60 200 203 31 32 171 168 176 71 66 290 363 281 284 297
1 3600 338
7
251 248 383 77 74 390 400
1 3600 109
7
196 256 322 375 372 27 28
1 3600 14
4
43 36 44 187
1 3600 12
4
251 252 397 135
1 3600 113
6
145 146 143 17 22 119
1 3600 338
15
393 385 77 74 5 6 379 359 311 308 316 353 287 282 366
1 3600 338
12
57 60 198 349 350 35 32 171 168 176 71 66
1 3600 338
11
248 255 256 322 375 372 9 2 81 69 72
1 3600 91
6
251 195 57 60 200 206
1 3600 113
7
251 252 397 161 155 156 246
1 3600 282
9
252 151 148 237 238 235 115 112 414
1 3600 338
13
158 149 144 196 254 383 77 74 390 335 333 103 13
1 3600 338
10
395 396 253 248 383 77 74 390 400 331
1 3600 308
15
147 148 59 43 36 44 181 184 375 372 9 6 399 391 85
1 3600 94
4
253 250 393 385
1 3600 46
6
159 154 147 144 194 250
1 3600 46
4
160 396 253 250
1 3600 46
7
120 133 134 161 155 158 59
1 3600 41
4
127 128 153 154
1 3600 52
7
211 212 105 106 165 162 293
1 3600 52
4
395 135 132 211
1 3600 52
7
262 264 292 163 164 107 108
1 3600 52
7
395 161 155 152 129 130 138
1 3600 52
3
125 19 20
1 3600 338
25
19 16 137 138 227 228 234 239 193 190 200 203 204 171 168 176 71 66 288 303 304 402 387 341 338
1 3600 338
15
128 233 234 239 193 190 200 203 31 32 171 168 176 71 66
1 3600 338
11
147 144 196 256 322 375 372 27 24 81 69
1 3600 241
10
396 151 148 237 193 190 198 349 350 35
1 3600 121
6
127 128 153 156 239 193
1 3600 42
5
161 155 158 237 240
1 3600 68
7
19 22 165 162 51 52 328
1 3600 338
22
65 21 16 142 147 148 59 43 36 44 181 184 375 372 27 24 346 359 311 308 314 321
1 3600 338
18
163 164 23 18 120 133 134 396 253 248 383 77 74 390 400 331 93 98
1 3600 338
18
227 224 113 114 234 239 193 190 200 203 204 171 166 260 372 27 24 346
1 3600 338
8
265 263 153 158 149 144 196 254
1 3600 135
5
265 263 153 158 59
1 3600 69
3
139 131 126
1 3600 69
5
141 142 147 150 397
1 3600 69
4
136 17 18 124
1 3600 69
4
210 133 134 396
1 3600 69
3
23 18 122
1 3600 69
5
63 21 16 137 131
1 3600 69
5
164 107 104 213 210
1 3600 48
6
17 20 62 105 108 116
1 3600 338
22
63 21 16 142 147 144 196 256 322 375 372 9 6 379 79 82 273 270 353 301 296 339
1 3600 338
26
105 108 118 165 162 51 54 215 220 231 228 234 239 193 190 200 203 31 32 171 168 176 71 66 290 370
1 3600 338
11
137 138 263 153 158 59 43 38 204 171 168
1 3600 338
17
162 327 328 243 231 224 113 114 234 239 193 190 198 349 350 35 32
1 3600 338
13
109 104 213 210 133 134 396 151 148 159 156 239 193
1 3600 94
6
63 21 16 142 155 156
1 3600 68
5
138 264 294 329 53
1 3600 68
6
165 162 293 265 227 224
1 3600 29
4
338 297 298 318
1 3600 48
7
386 410 367 283 280 364 317
1 3600 169
8
285 280 362 291 67 70 356 29
1 3600 338
13
411 403 305 302 289 67 70 177 169 170 208 412 189
1 3600 338
18
340 388 371 369 283 286 352 271 272 83 80 25 26 373 374 323 257 197
1 3600 338
19
339 336 368 291 67 70 177 169 170 205 202 201 191 192 238 235 232 129 126
1 3600 338
21
403 305 302 289 67 70 177 169 170 33 34 351 348 199 61 58 159 154 143 17 22
1 3600 69
3
339 342 411
1 3600 26
4
342 367 368 291
1 3600 26
7
403 371 363 364 271 272 416
1 3600 199
6
340 388 305 302 289 67
1 3600 338
15
410 367 283 286 313 309 310 358 347 25 26 373 374 185 182
1 3600 338
12
403 371 291 67 70 177 169 170 33 34 351 348
1 3600 338
24
410 367 368 363 364 271 272 83 78 347 3 8 373 374 185 182 413 209 205 202 201 191 192 240
1 3600 338
21
367 283 286 352 317 309 310 360 401 391 75 76 325 49 37 42 58 159 152 233 229
1 3600 59
6
345 289 267 270 317 314
1 3600 22
3
267 268 308
1 3600 49
6
289 267 272 83 80 3
1 3600 177
9
345 289 267 268 306 330 401 391 75
1 3600 338
17
363 281 286 313 309 310 358 347 25 26 373 374 185 180 45 37 42
1 3600 338
16
289 67 70 177 169 170 205 202 201 191 192 236 149 146 160 135
1 3600 338
15
267 272 83 78 378 7 8 373 374 323 257 197 145 146 143
1 3600 28
3
303 304 389
1 3600 28
3
362 370 402
1 3600 57
6
371 363 364 271 272 416
1 3600 23
5
67 70 177 169 172
1 3600 154
11
305 302 289 67 70 177 169 170 33 34 351
1 3600 338
11
289 67 70 177 169 170 33 30 202 206 348
1 3600 338
17
417 83 80 25 26 373 374 185 182 413 209 205 202 201 191 192 240
1 3600 338
19
267 268 310 360 401 391 75 76 382 249 195 57 58 159 152 262 264 292 51
1 3600 260
8
166 258 9 6 399 335 333 275
1 3600 59
9
73 68 82 273 268 306 93 98 102
1 3600 31
6
355 356 29 24 3 4
1 3600 72
4
169 170 208 47
1 3600 308
10
73 68 78 378 7 4 75 76 382 249
1 3600 338
14
73 70 177 174 260 374 323 324 384 392 251 252 397 394
1 3600 338
21
173 170 33 30 202 201 191 192 238 235 115 112 225 230 221 218 326 163 164 119 109
1 3600 161
7
355 71 66 288 303 304 402
1 3600 33
6
168 176 71 66 288 344
1 3600 33
6
68 82 273 270 353 287
1 3600 129
3
168 176 354
1 3600 23
7
355 177 169 170 33 34 351
1 3600 338
5
170 205 202 201 191
1 3600 338
15
70 356 29 26 373 374 185 180 45 37 42 58 237 238 246
1 3600 338
18
68 80 3 8 373 374 323 257 197 145 146 155 152 233 229 230 221 214
1 3600 338
19
203 31 32 208 412 183 184 375 372 27 24 346 359 311 308 314 15 10 279
1 3600 169
11
35 32 171 166 258 9 2 346 359 311 269
1 3600 58
6
39 36 44 181 184 375
1 3600 30
5
35 32 208 47 48
1 3600 88
5
39 40 254 249 250
1 3600 177
9
208 47 37 42 58 159 152 129 126
1 3600 338
8
47 37 42 58 159 152 129 130
1 3600 338
9
209 171 168 176 71 66 290 369 337
1 3600 125
9
203 204 171 168 176 71 66 288 303
1 3600 26
3
209 171 172
1 3600 94
4
207 203 204 208
1 3600 34
3
351 348 199
1 3600 225
6
205 202 201 191 192 240
1 3600 338
14
209 33 30 202 201 191 192 238 235 115 112 225 230 244
1 3600 338
14
199 61 56 194 248 383 77 74 390 400 331 93 98 13
1 3600 338
11
61 43 36 48 322 375 372 27 24 346 359
1 3600 241
11
190 200 203 31 32 208 412 183 184 375 376
1 3600 82
5
61 56 194 250 393
1 3600 53
4
61 56 194 250
1 3600 68
7
199 61 56 145 150 397 394
1 3600 241
11
199 191 192 238 157 154 160 135 132 211 65
1 3600 338
18
200 203 39 40 256 324 77 74 390 400 331 307 269 266 290 369 366 411
1 3600 338
13
190 198 349 350 35 32 171 168 176 71 66 288 344
1 3600 282
4
200 203 204 171
1 3600 26
6
349 350 35 32 208 412
1 3600 32
5
199 191 192 238 246
1 3600 212
11
199 191 192 238 235 229 230 221 214 55 52
1 3600 338
14
241 236 149 150 253 248 383 77 74 85 86 333 275 276
1 3600 338
19
114 232 153 158 59 43 36 44 181 184 375 372 9 6 399 335 333 103 100
1 3600 338
12
157 154 147 144 196 256 322 375 372 27 24 81
1 3600 225
5
157 158 149 144 196
1 3600 96
6
241 236 149 150 253 250
1 3600 28
3
247 157 158
1 3600 66
11
247 235 115 112 225 226 139 136 140 164 107
1 3600 338
22
114 232 153 158 59 43 36 48 322 375 372 9 6 379 79 82 273 270 365 281 284 339
1 3600 338
19
241 236 159 154 160 396 253 248 383 77 74 390 400 361 311 308 312 287 282
1 3600 338
7
193 190 200 203 204 171 168
1 3600 199
7
241 193 190 200 203 31 32
1 3600 38
4
241 193 190 198
1 3600 129
3
247 235 115
1 3600 22
4
241 238 235 229
1 3600 338
19
113 114 232 153 158 59 43 40 256 324 77 74 390 400 331 93 98 13 10
1 3600 338
19
419 295 265 263 153 154 147 144 196 256 322 375 372 27 24 346 359 311 308
1 3600 338
16
415 113 114 234 157 158 149 150 253 250 393 385 77 74 85 88
1 3600 338
13
218 53 50 163 141 142 147 144 196 41 36 44 187
1 3600 282
5
226 263 153 158 59
1 3600 52
7
326 163 141 17 20 64 210
1 3600 82
4
415 225 226 139
1 3600 82
4
415 225 226 264
1 3600 82
3
419 295 265
1 3600 338
19
111 114 234 239 193 190 200 203 204 171 168 176 71 66 290 369 366 343 340
1 3600 338
23
415 113 114 232 153 158 59 43 36 44 187 188 183 184 375 372 9 2 81 82 273 270 365
1 3600 338
13
228 234 239 193 190 198 349 350 35 32 171 168 176
1 3600 338
7
113 114 234 239 193 190 200
1 3600 282
8
415 113 114 234 239 193 190 198
1 3600 101
4
215 220 231 228
1 3600 101
5
415 113 114 234 239
1 3600 101
3
228 234 246
1 3600 101
4
228 234 239 240
1 3600 84
3
214 55 52
