139
38.4824 106.15514 1 1
38.47183 106.1593 2 0
38.482346 106.132225 3 0
38.482346 106.132515 4 0
38.473377 106.22471 5 1
38.48405 106.21656 6 0
38.50251 106.163765 7 0
38.502514 106.16389 8 0
38.472702 106.21204 9 0
38.490177 106.1754 10 1
38.5046 106.18094 11 0
38.4714 106.16126 12 0
38.49987 106.227486 13 1
38.499805 106.229225 14 1
38.504246 106.2111 15 0
38.48468 106.134895 16 0
38.480522 106.13229 17 1
38.48053 106.13253 18 1
38.482407 106.16346 19 0
38.47862 106.1272 20 1
38.47229 106.237076 21 1
38.49361 106.239975 22 1
38.47712 106.23782 23 1
38.472237 106.238266 24 1
38.49647 106.177284 25 1
38.493275 106.17362 26 1
38.484844 106.17366 27 1
38.502563 106.160484 28 0
38.504208 106.21088 29 0
38.482414 106.22422 30 0
38.482132 106.22717 31 0
38.482403 106.15532 32 1
38.493202 106.24622 33 1
38.504692 106.144295 34 1
38.50037 106.122505 35 1
38.48486 106.160385 36 1
38.489975 106.18546 37 1
38.490295 106.17731 38 1
38.49319 106.24642 39 1
38.493877 106.23523 40 0
38.505344 106.14839 41 0
38.495106 106.14799 42 0
38.490444 106.14798 43 1
38.504612 106.122475 44 1
38.50038 106.18097 45 1
38.50461 106.18817 46 1
38.47132 106.248474 47 0
38.502586 106.15531 48 0
38.4898202 106.1923975 49 1
38.4745137 106.237516 50 1
38.5002805 106.155215 51 1
38.476431 106.170334 52 0
38.490294 106.1552585 53 1
38.4720625 106.1553675 54 1
38.4785245 106.132565 55 1
38.4785205 106.13234 56 1
38.471741 106.2432325 57 1
38.471735 106.243457 58 1
38.4781573 106.2252185 59 1
38.483607 106.22254 60 1
38.4734027 106.224495 61 0
38.483217 106.2293875 62 1
38.482304 106.238477 63 1
38.4842243 106.2133575 64 1
38.489081 106.214218 65 1
38.4842118 106.21355 66 1
38.4818498 106.244659 67 1
38.5003795 106.1639912 68 1
38.5003973 106.1637733 69 1
38.489063 106.172523 70 1
38.4908667 106.1755667 71 0
38.5003808 106.2058844 72 0
38.4846959 106.192244 73 1
38.5003132 106.1925733 74 1
38.500321 106.1857392 75 1
38.5003566 106.1881914 76 1
38.500309 106.177225 77 1
38.4993238 106.2473373 78 1
38.4993245 106.2470683 79 1
38.4996185 106.231063 80 1
38.5032297 106.2288567 81 0
38.4998238 106.2253451 82 1
38.5003878 106.2115275 83 1
38.499377 106.2408111 84 1
38.503211 106.2290067 85 0
38.5014775 106.247435 86 0
38.5014665 106.2476 87 0
38.500324 106.2118175 88 1
38.4759408 106.1921096 89 1
38.4847145 106.185353 90 1
38.4902698 106.164855 91 1
38.4888238 106.2235138 92 1
38.4890885 106.2140275 93 1
38.4885927 106.2298513 94 1
38.490374 106.1433989 95 1
38.4720105 106.108895 96 1
38.4960217 106.13227 97 1
38.5002825 106.1447425 98 1
38.4880933 106.2392533 99 1
38.490305 106.1087925 100 1
38.504685 106.144015 101 0
38.4847615 106.143397 102 1
38.4847382 106.1324458 103 1
38.484694 106.10886 104 1
38.4847827 106.1772553 105 1
38.484384 106.1279225 106 1
38.478572 106.143275 107 1
38.4719666 106.132502 108 1
38.472048 106.15509 109 1
38.500261 106.1087985 110 1
38.484791 106.15536 111 1
38.4877368 106.2455715 112 1
38.4902975 106.13232 113 1
38.500284 106.160505 114 1
38.4847605 106.1435875 115 1
38.4902587 106.160432 116 0
38.496029 106.132454 117 1
38.50027 106.132275 118 1
38.5002725 106.13247 119 1
38.4847985 106.16344 120 1
38.4846267 106.1551627 121 1
38.4847975 106.163248 122 1
38.4960638 106.1087468 123 1
38.4902965 106.1325 124 1
38.476627 106.2438825 125 1
38.5023305 106.2413125 126 0
38.4764702 106.1772467 127 1
38.504615 106.108804 128 1
38.476589 106.18529 129 1
38.4765225 106.1553917 130 1
38.472145 106.17727 131 0
38.4744173 106.212272 132 1
38.4744327 106.2120567 133 1
38.4765403 106.1551475 134 1
38.478572 106.14346 135 1
38.478528 106.108995 136 1
38.5047023 106.132377 137 1
38.4721883 106.1919913 138 0
38.50462 106.19257 139 0
209
32 111 207.91983539726303 16.67 3 3 2 3
1 0 0 0 1 0 0 0 1
1 0 0 0 1 0 0 0 1
32 130 511.9518608447446 16.67 3 3 4 5
1 0 0 0 1 0 0 0 1
1 0 0 0 1 0 0 0 1
32 1 20.018024910668988 16.67 3 3 6 7
1 0 0 0 1 0 0 0 1
1 0 0 0 1 0 0 0 1
32 122 905.9131670969774 16.67 3 3 8 9
1 0 0 0 1 0 0 0 1
1 0 0 0 1 0 0 0 1
20 136 2024.4443523350951 16.67 3 3 10 11
1 0 0 0 1 0 0 0 1
1 0 0 0 1 0 0 0 1
20 56 571.6428065237565 16.67 3 3 12 13
1 0 0 0 1 0 0 0 1
1 0 0 0 1 0 0 0 1
20 106 508.16643620011274 16.67 3 3 14 15
1 0 0 0 1 0 0 0 1
1 0 0 0 1 0 0 0 1
23 63 457.16897110975776 16.67 3 3 16 17
1 0 0 0 1 0 0 0 1
1 0 0 0 1 0 0 0 1
23 59 1404.2158859812785 16.67 3 3 18 19
1 0 0 0 1 0 0 0 1
1 0 0 0 1 0 0 0 1
23 50 229.39616862599937 16.67 3 3 20 21
1 0 0 0 1 0 0 0 1
1 0 0 0 1 0 0 0 1
23 125 675.525563515991 16.67 3 3 22 23
1 0 0 0 1 0 0 0 1
1 0 0 0 1 0 0 0 1
36 111 558.8212512888252 16.67 3 3 24 25
1 0 0 0 1 0 0 0 1
1 0 0 0 1 0 0 0 1
36 122 318.4171920576572 16.67 3 3 26 27
1 0 0 0 1 0 0 0 1
1 0 0 0 1 0 0 0 1
36 116 469.9627575705763 16.67 3 3 28 29
1 0 0 0 1 0 0 0 1
1 0 0 0 1 0 0 0 1
45 75 530.3684118091899 16.67 3 3 30 31
1 0 0 0 1 0 0 0 1
1 0 0 0 1 0 0 0 1
45 77 416.4965237974112 16.67 3 3 32 33
1 0 0 0 1 0 0 0 1
1 0 0 0 1 0 0 0 1
45 11 367.2689460770468 16.67 3 3 34 35
1 0 0 0 1 0 0 0 1
1 0 0 0 1 0 0 0 1
37 38 906.7224432633537 16.67 3 3 36 37
1 0 0 0 1 0 0 0 1
1 0 0 0 1 0 0 0 1
37 75 901.0460988283024 16.67 3 3 38 39
1 0 0 0 1 0 0 0 1
1 0 0 0 1 0 0 0 1
37 90 458.02605316856744 16.67 3 3 40 41
1 0 0 0 1 0 0 0 1
1 0 0 0 1 0 0 0 1
37 49 771.5800403271414 16.67 3 3 42 43
1 0 0 0 1 0 0 0 1
1 0 0 0 1 0 0 0 1
38 10 212.64358955685853 16.67 3 3 44 45
1 0 0 0 1 0 0 0 1
1 0 0 0 1 0 0 0 1
38 25 537.474521249398 16.67 3 3 46 47
1 0 0 0 1 0 0 0 1
1 0 0 0 1 0 0 0 1
38 105 479.8244577229764 16.67 3 3 48 49
1 0 0 0 1 0 0 0 1
1 0 0 0 1 0 0 0 1
39 112 483.9107669140944 16.67 3 3 50 51
1 0 0 0 1 0 0 0 1
1 0 0 0 1 0 0 0 1
39 33 22.26486730277648 16.67 3 3 52 53
1 0 0 0 1 0 0 0 1
1 0 0 0 1 0 0 0 1
39 78 543.5170957950345 16.67 3 3 54 55
1 0 0 0 1 0 0 0 1
1 0 0 0 1 0 0 0 1
49 73 446.3441619803311 16.67 3 3 56 57
1 0 0 0 1 0 0 0 1
1 0 0 0 1 0 0 0 1
49 93 2406.137624966894 16.67 3 3 58 59
1 0 0 0 1 0 0 0 1
1 0 0 0 1 0 0 0 1
49 74 913.5170091858469 16.67 3 3 60 61
1 0 0 0 1 0 0 0 1
1 0 0 0 1 0 0 0 1
50 24 215.03760895276412 16.67 3 3 62 63
1 0 0 0 1 0 0 0 1
1 0 0 0 1 0 0 0 1
50 21 199.6788229955447 16.67 3 3 64 65
1 0 0 0 1 0 0 0 1
1 0 0 0 1 0 0 0 1
51 98 1164.5607146763275 16.67 3 3 66 67
1 0 0 0 1 0 0 0 1
1 0 0 0 1 0 0 0 1
51 53 869.1094532110321 16.67 3 3 68 69
1 0 0 0 1 0 0 0 1
1 0 0 0 1 0 0 0 1
51 114 588.257525679833 16.67 3 3 70 71
1 0 0 0 1 0 0 0 1
1 0 0 0 1 0 0 0 1
51 48 200.91886655403252 16.67 3 3 72 73
1 0 0 0 1 0 0 0 1
1 0 0 0 1 0 0 0 1
52 130 1661.6295369050583 16.67 3 3 74 75
1 0 0 0 1 0 0 0 1
1 0 0 0 1 0 0 0 1
52 127 768.7121595199781 16.67 3 3 76 77
1 0 0 0 1 0 0 0 1
1 0 0 0 1 0 0 0 1
53 121 493.3919982238054 16.67 3 3 78 79
1 0 0 0 1 0 0 0 1
1 0 0 0 1 0 0 0 1
53 111 479.1094125208349 16.67 3 3 80 81
1 0 0 0 1 0 0 0 1
1 0 0 0 1 0 0 0 1
53 43 809.4874909610976 16.67 3 3 82 83
1 0 0 0 1 0 0 0 1
1 0 0 0 1 0 0 0 1
54 130 388.3021360505986 16.67 3 3 84 85
1 0 0 0 1 0 0 0 1
1 0 0 0 1 0 0 0 1
54 109 30.884306188713193 16.67 3 3 86 87
1 0 0 0 1 0 0 0 1
1 0 0 0 1 0 0 0 1
54 2 437.76924477870114 16.67 3 3 88 89
1 0 0 0 1 0 0 0 1
1 0 0 0 1 0 0 0 1
54 12 657.7901375621586 16.67 3 3 90 91
1 0 0 0 1 0 0 0 1
1 0 0 0 1 0 0 0 1
55 107 1190.9783041649036 16.67 3 3 92 93
1 0 0 0 1 0 0 0 1
1 0 0 0 1 0 0 0 1
55 108 570.9302477000414 16.67 3 3 94 95
1 0 0 0 1 0 0 0 1
1 0 0 0 1 0 0 0 1
55 18 174.628901684014 16.67 3 3 96 97
1 0 0 0 1 0 0 0 1
1 0 0 0 1 0 0 0 1
55 56 25.022824760016285 16.67 3 3 98 99
1 0 0 0 1 0 0 0 1
1 0 0 0 1 0 0 0 1
56 17 174.3260115658166 16.67 3 3 100 101
1 0 0 0 1 0 0 0 1
1 0 0 0 1 0 0 0 1
56 108 570.8234165485284 16.67 3 3 102 103
1 0 0 0 1 0 0 0 1
1 0 0 0 1 0 0 0 1
57 24 553.9692972088405 16.67 3 3 104 105
1 0 0 0 1 0 0 0 1
1 0 0 0 1 0 0 0 1
57 125 431.48008434011973 16.67 3 3 106 107
1 0 0 0 1 0 0 0 1
1 0 0 0 1 0 0 0 1
57 58 24.970265400824783 16.67 3 3 108 109
1 0 0 0 1 0 0 0 1
1 0 0 0 1 0 0 0 1
13 81 329.7318116024555 16.67 3 3 110 111
1 0 0 0 1 0 0 0 1
1 0 0 0 1 0 0 0 1
13 14 193.46262468698373 16.67 3 3 112 113
1 0 0 0 1 0 0 0 1
1 0 0 0 1 0 0 0 1
13 82 238.10585232698986 16.67 3 3 114 115
1 0 0 0 1 0 0 0 1
1 0 0 0 1 0 0 0 1
58 47 559.068074277947 16.67 3 3 116 117
1 0 0 0 1 0 0 0 1
1 0 0 0 1 0 0 0 1
58 125 428.525438891912 16.67 3 3 118 119
1 0 0 0 1 0 0 0 1
1 0 0 0 1 0 0 0 1
59 5 419.96753003852155 16.67 3 3 120 121
1 0 0 0 1 0 0 0 1
1 0 0 0 1 0 0 0 1
59 30 386.8396621201623 16.67 3 3 122 123
1 0 0 0 1 0 0 0 1
1 0 0 0 1 0 0 0 1
59 31 408.43396403541243 16.67 3 3 124 125
1 0 0 0 1 0 0 0 1
1 0 0 0 1 0 0 0 1
60 6 666.1038245377413 16.67 3 3 126 127
1 0 0 0 1 0 0 0 1
1 0 0 0 1 0 0 0 1
60 92 466.8408807160456 16.67 3 3 128 129
1 0 0 0 1 0 0 0 1
1 0 0 0 1 0 0 0 1
60 62 762.2106249241359 16.67 3 3 130 131
1 0 0 0 1 0 0 0 1
1 0 0 0 1 0 0 0 1
61 5 24.012849014353144 16.67 3 3 132 133
1 0 0 0 1 0 0 0 1
1 0 0 0 1 0 0 0 1
61 132 1362.086543125675 16.67 3 3 134 135
1 0 0 0 1 0 0 0 1
1 0 0 0 1 0 0 0 1
62 63 1013.8882734900476 16.67 3 3 136 137
1 0 0 0 1 0 0 0 1
1 0 0 0 1 0 0 0 1
62 94 470.77598363663276 16.67 3 3 138 139
1 0 0 0 1 0 0 0 1
1 0 0 0 1 0 0 0 1
63 67 688.585471292355 16.67 3 3 140 141
1 0 0 0 1 0 0 0 1
1 0 0 0 1 0 0 0 1
63 66 2776.8973025196683 16.67 3 3 142 143
1 0 0 0 1 0 0 0 1
1 0 0 0 1 0 0 0 1
64 73 2348.2177558214294 16.67 3 3 144 145
1 0 0 0 1 0 0 0 1
1 0 0 0 1 0 0 0 1
64 66 21.43397941693982 16.67 3 3 146 147
1 0 0 0 1 0 0 0 1
1 0 0 0 1 0 0 0 1
64 93 429.916641580343 16.67 3 3 148 149
1 0 0 0 1 0 0 0 1
1 0 0 0 1 0 0 0 1
64 133 864.5118590104175 16.67 3 3 150 151
1 0 0 0 1 0 0 0 1
1 0 0 0 1 0 0 0 1
65 92 1033.951945696978 16.67 3 3 152 153
1 0 0 0 1 0 0 0 1
1 0 0 0 1 0 0 0 1
65 66 430.2787117051147 16.67 3 3 154 155
1 0 0 0 1 0 0 0 1
1 0 0 0 1 0 0 0 1
65 88 1014.3521288740129 16.67 3 3 156 157
1 0 0 0 1 0 0 0 1
1 0 0 0 1 0 0 0 1
65 93 21.19399622451532 16.67 3 3 158 159
1 0 0 0 1 0 0 0 1
1 0 0 0 1 0 0 0 1
66 132 864.3403919722878 16.67 3 3 160 161
1 0 0 0 1 0 0 0 1
1 0 0 0 1 0 0 0 1
67 112 522.4090835986566 16.67 3 3 162 163
1 0 0 0 1 0 0 0 1
1 0 0 0 1 0 0 0 1
67 125 462.7685802021642 16.67 3 3 164 165
1 0 0 0 1 0 0 0 1
1 0 0 0 1 0 0 0 1
68 91 885.0445651387446 16.67 3 3 166 167
1 0 0 0 1 0 0 0 1
1 0 0 0 1 0 0 0 1
68 69 24.28033499117747 16.67 3 3 168 169
1 0 0 0 1 0 0 0 1
1 0 0 0 1 0 0 0 1
68 77 1471.6349823911207 16.67 3 3 170 171
1 0 0 0 1 0 0 0 1
1 0 0 0 1 0 0 0 1
68 8 186.0996293192983 16.67 3 3 172 173
1 0 0 0 1 0 0 0 1
1 0 0 0 1 0 0 0 1
69 91 889.5357727831469 16.67 3 3 174 175
1 0 0 0 1 0 0 0 1
1 0 0 0 1 0 0 0 1
69 114 363.5745249175725 16.67 3 3 176 177
1 0 0 0 1 0 0 0 1
1 0 0 0 1 0 0 0 1
69 7 183.86414246858376 16.67 3 3 178 179
1 0 0 0 1 0 0 0 1
1 0 0 0 1 0 0 0 1
70 10 334.29852686746875 16.67 3 3 180 181
1 0 0 0 1 0 0 0 1
1 0 0 0 1 0 0 0 1
70 26 386.37784336321505 16.67 3 3 182 183
1 0 0 0 1 0 0 0 1
1 0 0 0 1 0 0 0 1
70 27 388.3812123703516 16.67 3 3 184 185
1 0 0 0 1 0 0 0 1
1 0 0 0 1 0 0 0 1
71 10 62.827420621114456 16.67 3 3 186 187
1 0 0 0 1 0 0 0 1
1 0 0 0 1 0 0 0 1
71 26 301.33106823390256 16.67 3 3 188 189
1 0 0 0 1 0 0 0 1
1 0 0 0 1 0 0 0 1
72 74 1480.2297815933046 16.67 3 3 190 191
1 0 0 0 1 0 0 0 1
1 0 0 0 1 0 0 0 1
72 83 627.5230930783421 16.67 3 3 192 193
1 0 0 0 1 0 0 0 1
1 0 0 0 1 0 0 0 1
73 89 762.2421982475832 16.67 3 3 194 195
1 0 0 0 1 0 0 0 1
1 0 0 0 1 0 0 0 1
73 90 766.2932162700804 16.67 3 3 196 197
1 0 0 0 1 0 0 0 1
1 0 0 0 1 0 0 0 1
74 139 374.8082622406931 16.67 3 3 198 199
1 0 0 0 1 0 0 0 1
1 0 0 0 1 0 0 0 1
74 76 487.28974299511344 16.67 3 3 200 201
1 0 0 0 1 0 0 0 1
1 0 0 0 1 0 0 0 1
75 76 272.7066184639428 16.67 3 3 202 203
1 0 0 0 1 0 0 0 1
1 0 0 0 1 0 0 0 1
75 77 946.7948205103553 16.67 3 3 204 205
1 0 0 0 1 0 0 0 1
1 0 0 0 1 0 0 0 1
76 46 370.16826467913813 16.67 3 3 206 207
1 0 0 0 1 0 0 0 1
1 0 0 0 1 0 0 0 1
77 25 334.1612643131097 16.67 3 3 208 209
1 0 0 0 1 0 0 0 1
1 0 0 0 1 0 0 0 1
21 5 1378.373810900772 16.67 3 3 210 211
1 0 0 0 1 0 0 0 1
1 0 0 0 1 0 0 0 1
21 24 132.41054754014326 16.67 3 3 212 213
1 0 0 0 1 0 0 0 1
1 0 0 0 1 0 0 0 1
79 78 29.913342410329225 16.67 3 3 214 215
1 0 0 0 1 0 0 0 1
1 0 0 0 1 0 0 0 1
79 86 191.75769268867572 16.67 3 3 216 217
1 0 0 0 1 0 0 0 1
1 0 0 0 1 0 0 0 1
79 33 541.116304706915 16.67 3 3 218 219
1 0 0 0 1 0 0 0 1
1 0 0 0 1 0 0 0 1
79 84 695.8268147702169 16.67 3 3 220 221
1 0 0 0 1 0 0 0 1
1 0 0 0 1 0 0 0 1
78 87 188.74973410761615 16.67 3 3 222 223
1 0 0 0 1 0 0 0 1
1 0 0 0 1 0 0 0 1
80 14 205.03231658299103 16.67 3 3 224 225
1 0 0 0 1 0 0 0 1
1 0 0 0 1 0 0 0 1
80 94 968.9664016838684 16.67 3 3 226 227
1 0 0 0 1 0 0 0 1
1 0 0 0 1 0 0 0 1
80 82 636.0916661251446 16.67 3 3 228 229
1 0 0 0 1 0 0 0 1
1 0 0 0 1 0 0 0 1
80 84 1084.2098550457429 16.67 3 3 230 231
1 0 0 0 1 0 0 0 1
1 0 0 0 1 0 0 0 1
82 92 978.7245689942947 16.67 3 3 232 233
1 0 0 0 1 0 0 0 1
1 0 0 0 1 0 0 0 1
82 88 1504.9229987004546 16.67 3 3 234 235
1 0 0 0 1 0 0 0 1
1 0 0 0 1 0 0 0 1
83 93 1021.8861407273848 16.67 3 3 236 237
1 0 0 0 1 0 0 0 1
1 0 0 0 1 0 0 0 1
83 88 32.7230065924621 16.67 3 3 238 239
1 0 0 0 1 0 0 0 1
1 0 0 0 1 0 0 0 1
83 29 340.1681307585993 16.67 3 3 240 241
1 0 0 0 1 0 0 0 1
1 0 0 0 1 0 0 0 1
84 22 510.43077707051253 16.67 3 3 242 243
1 0 0 0 1 0 0 0 1
1 0 0 0 1 0 0 0 1
84 126 263.01556243049 16.67 3 3 244 245
1 0 0 0 1 0 0 0 1
1 0 0 0 1 0 0 0 1
88 15 350.5215671945969 16.67 3 3 246 247
1 0 0 0 1 0 0 0 1
1 0 0 0 1 0 0 0 1
89 129 760.4483183371408 16.67 3 3 248 249
1 0 0 0 1 0 0 0 1
1 0 0 0 1 0 0 0 1
89 138 326.9442287663146 16.67 3 3 250 251
1 0 0 0 1 0 0 0 1
1 0 0 0 1 0 0 0 1
89 133 2222.035191504942 16.67 3 3 252 253
1 0 0 0 1 0 0 0 1
1 0 0 0 1 0 0 0 1
90 129 707.3260696469957 16.67 3 3 254 255
1 0 0 0 1 0 0 0 1
1 0 0 0 1 0 0 0 1
90 105 900.4982692619654 16.67 3 3 256 257
1 0 0 0 1 0 0 0 1
1 0 0 0 1 0 0 0 1
91 122 508.7240134028588 16.67 3 3 258 259
1 0 0 0 1 0 0 0 1
1 0 0 0 1 0 0 0 1
91 120 501.53988832503495 16.67 3 3 260 261
1 0 0 0 1 0 0 0 1
1 0 0 0 1 0 0 0 1
92 94 705.0283285666272 16.67 3 3 262 263
1 0 0 0 1 0 0 0 1
1 0 0 0 1 0 0 0 1
94 99 1046.4224178109637 16.67 3 3 264 265
1 0 0 0 1 0 0 0 1
1 0 0 0 1 0 0 0 1
95 98 875.2730802531657 16.67 3 3 266 267
1 0 0 0 1 0 0 0 1
1 0 0 0 1 0 0 0 1
95 102 488.5067335497643 16.67 3 3 268 269
1 0 0 0 1 0 0 0 1
1 0 0 0 1 0 0 0 1
95 124 1211.9959148448986 16.67 3 3 270 271
1 0 0 0 1 0 0 0 1
1 0 0 0 1 0 0 0 1
95 43 509.46293407879347 16.67 3 3 272 273
1 0 0 0 1 0 0 0 1
1 0 0 0 1 0 0 0 1
96 108 2625.1433393575344 16.67 3 3 274 275
1 0 0 0 1 0 0 0 1
1 0 0 0 1 0 0 0 1
96 104 1104.2479841249774 16.67 3 3 276 277
1 0 0 0 1 0 0 0 1
1 0 0 0 1 0 0 0 1
96 136 567.5305286108132 16.67 3 3 278 279
1 0 0 0 1 0 0 0 1
1 0 0 0 1 0 0 0 1
97 117 20.4709900556065 16.67 3 3 280 281
1 0 0 0 1 0 0 0 1
1 0 0 0 1 0 0 0 1
97 118 369.73944495482255 16.67 3 3 282 283
1 0 0 0 1 0 0 0 1
1 0 0 0 1 0 0 0 1
97 123 2615.824413634171 16.67 3 3 284 285
1 0 0 0 1 0 0 0 1
1 0 0 0 1 0 0 0 1
97 113 498.220922557693 16.67 3 3 286 287
1 0 0 0 1 0 0 0 1
1 0 0 0 1 0 0 0 1
98 34 386.95900326881195 16.67 3 3 288 289
1 0 0 0 1 0 0 0 1
1 0 0 0 1 0 0 0 1
98 119 1364.7241935720656 16.67 3 3 290 291
1 0 0 0 1 0 0 0 1
1 0 0 0 1 0 0 0 1
99 112 703.2800244815741 16.67 3 3 292 293
1 0 0 0 1 0 0 0 1
1 0 0 0 1 0 0 0 1
99 22 486.843910956096 16.67 3 3 294 295
1 0 0 0 1 0 0 0 1
1 0 0 0 1 0 0 0 1
100 123 501.2667426979735 16.67 3 3 296 297
1 0 0 0 1 0 0 0 1
1 0 0 0 1 0 0 0 1
100 104 488.434276324476 16.67 3 3 298 299
1 0 0 0 1 0 0 0 1
1 0 0 0 1 0 0 0 1
100 113 2616.3000965787173 16.67 3 3 300 301
1 0 0 0 1 0 0 0 1
1 0 0 0 1 0 0 0 1
101 34 31.142458158457814 16.67 3 3 302 303
1 0 0 0 1 0 0 0 1
1 0 0 0 1 0 0 0 1
101 137 1294.1672586500283 16.67 3 3 304 305
1 0 0 0 1 0 0 0 1
1 0 0 0 1 0 0 0 1
102 107 538.9409629073663 16.67 3 3 306 307
1 0 0 0 1 0 0 0 1
1 0 0 0 1 0 0 0 1
102 103 1217.7946854269546 16.67 3 3 308 309
1 0 0 0 1 0 0 0 1
1 0 0 0 1 0 0 0 1
102 115 21.184119029965924 16.67 3 3 310 311
1 0 0 0 1 0 0 0 1
1 0 0 0 1 0 0 0 1
103 113 484.1162143985963 16.67 3 3 312 313
1 0 0 0 1 0 0 0 1
1 0 0 0 1 0 0 0 1
103 106 503.9430743152203 16.67 3 3 314 315
1 0 0 0 1 0 0 0 1
1 0 0 0 1 0 0 0 1
103 124 483.86454745173813 16.67 3 3 316 317
1 0 0 0 1 0 0 0 1
1 0 0 0 1 0 0 0 1
104 136 536.935012737765 16.67 3 3 318 319
1 0 0 0 1 0 0 0 1
1 0 0 0 1 0 0 0 1
104 106 2119.9557853509027 16.67 3 3 320 321
1 0 0 0 1 0 0 0 1
1 0 0 0 1 0 0 0 1
105 27 399.83938621958356 16.67 3 3 322 323
1 0 0 0 1 0 0 0 1
1 0 0 0 1 0 0 0 1
105 127 723.5689033524557 16.67 3 3 324 325
1 0 0 0 1 0 0 0 1
1 0 0 0 1 0 0 0 1
33 112 481.1026217951327 16.67 3 3 326 327
1 0 0 0 1 0 0 0 1
1 0 0 0 1 0 0 0 1
33 22 695.3624644299739 16.67 3 3 328 329
1 0 0 0 1 0 0 0 1
1 0 0 0 1 0 0 0 1
107 135 20.572330371084877 16.67 3 3 330 331
1 0 0 0 1 0 0 0 1
1 0 0 0 1 0 0 0 1
108 109 2511.8359345947706 16.67 3 3 332 333
1 0 0 0 1 0 0 0 1
1 0 0 0 1 0 0 0 1
109 134 391.15722971548337 16.67 3 3 334 335
1 0 0 0 1 0 0 0 1
1 0 0 0 1 0 0 0 1
110 118 2610.6288415591807 16.67 3 3 336 337
1 0 0 0 1 0 0 0 1
1 0 0 0 1 0 0 0 1
110 123 365.31542417891245 16.67 3 3 338 339
1 0 0 0 1 0 0 0 1
1 0 0 0 1 0 0 0 1
110 128 378.91652737794664 16.67 3 3 340 341
1 0 0 0 1 0 0 0 1
1 0 0 0 1 0 0 0 1
110 35 1524.2167950902453 16.67 3 3 342 343
1 0 0 0 1 0 0 0 1
1 0 0 0 1 0 0 0 1
34 41 458.89242106614716 16.67 3 3 344 345
1 0 0 0 1 0 0 0 1
1 0 0 0 1 0 0 0 1
111 121 26.189787921956878 16.67 3 3 346 347
1 0 0 0 1 0 0 0 1
1 0 0 0 1 0 0 0 1
46 139 489.28863132902 16.67 3 3 348 349
1 0 0 0 1 0 0 0 1
1 0 0 0 1 0 0 0 1
46 11 803.9893822020135 16.67 3 3 350 351
1 0 0 0 1 0 0 0 1
1 0 0 0 1 0 0 0 1
113 124 20.01651068037889 16.67 3 3 352 353
1 0 0 0 1 0 0 0 1
1 0 0 0 1 0 0 0 1
114 28 198.348466033039 16.67 3 3 354 355
1 0 0 0 1 0 0 0 1
1 0 0 0 1 0 0 0 1
114 116 872.5103640161406 16.67 3 3 356 357
1 0 0 0 1 0 0 0 1
1 0 0 0 1 0 0 0 1
115 121 1287.2356009645907 16.67 3 3 358 359
1 0 0 0 1 0 0 0 1
1 0 0 0 1 0 0 0 1
115 135 538.869697377164 16.67 3 3 360 361
1 0 0 0 1 0 0 0 1
1 0 0 0 1 0 0 0 1
117 119 369.3255205115769 16.67 3 3 362 363
1 0 0 0 1 0 0 0 1
1 0 0 0 1 0 0 0 1
117 124 498.938436041293 16.67 3 3 364 365
1 0 0 0 1 0 0 0 1
1 0 0 0 1 0 0 0 1
118 35 1086.4763022049904 16.67 3 3 366 367
1 0 0 0 1 0 0 0 1
1 0 0 0 1 0 0 0 1
118 119 21.685439672419378 16.67 3 3 368 369
1 0 0 0 1 0 0 0 1
1 0 0 0 1 0 0 0 1
119 137 385.65131633054705 16.67 3 3 370 371
1 0 0 0 1 0 0 0 1
1 0 0 0 1 0 0 0 1
120 122 21.35092031089291 16.67 3 3 372 373
1 0 0 0 1 0 0 0 1
1 0 0 0 1 0 0 0 1
120 27 1136.489151954814 16.67 3 3 374 375
1 0 0 0 1 0 0 0 1
1 0 0 0 1 0 0 0 1
120 19 208.18188217557622 16.67 3 3 376 377
1 0 0 0 1 0 0 0 1
1 0 0 0 1 0 0 0 1
121 1 193.84175493747549 16.67 3 3 378 379
1 0 0 0 1 0 0 0 1
1 0 0 0 1 0 0 0 1
16 18 446.83295634743297 16.67 3 3 380 381
1 0 0 0 1 0 0 0 1
1 0 0 0 1 0 0 0 1
127 129 894.4891149634597 16.67 3 3 382 383
1 0 0 0 1 0 0 0 1
1 0 0 0 1 0 0 0 1
127 131 376.54285947441616 16.67 3 3 384 385
1 0 0 0 1 0 0 0 1
1 0 0 0 1 0 0 0 1
128 44 1520.2396359294557 16.67 3 3 386 387
1 0 0 0 1 0 0 0 1
1 0 0 0 1 0 0 0 1
128 137 2621.370704878034 16.67 3 3 388 389
1 0 0 0 1 0 0 0 1
1 0 0 0 1 0 0 0 1
130 134 27.19965293705921 16.67 3 3 390 391
1 0 0 0 1 0 0 0 1
1 0 0 0 1 0 0 0 1
131 138 1637.039189584354 16.67 3 3 392 393
1 0 0 0 1 0 0 0 1
1 0 0 0 1 0 0 0 1
132 9 151.54329289431615 16.67 3 3 394 395
1 0 0 0 1 0 0 0 1
1 0 0 0 1 0 0 0 1
132 133 23.97925354133376 16.67 3 3 396 397
1 0 0 0 1 0 0 0 1
1 0 0 0 1 0 0 0 1
134 1 510.12132638167066 16.67 3 3 398 399
1 0 0 0 1 0 0 0 1
1 0 0 0 1 0 0 0 1
134 135 1311.6507888614567 16.67 3 3 400 401
1 0 0 0 1 0 0 0 1
1 0 0 0 1 0 0 0 1
137 44 1101.1481217711084 16.67 3 3 402 403
1 0 0 0 1 0 0 0 1
1 0 0 0 1 0 0 0 1
17 18 26.697513070909572 16.67 3 3 404 405
1 0 0 0 1 0 0 0 1
1 0 0 0 1 0 0 0 1
17 3 158.94537414221344 16.67 3 3 406 407
1 0 0 0 1 0 0 0 1
1 0 0 0 1 0 0 0 1
18 4 158.09331275378509 16.67 3 3 408 409
1 0 0 0 1 0 0 0 1
1 0 0 0 1 0 0 0 1
44 35 369.1617706653505 16.67 3 3 410 411
1 0 0 0 1 0 0 0 1
1 0 0 0 1 0 0 0 1
25 26 493.2858359236045 16.67 3 3 412 413
1 0 0 0 1 0 0 0 1
1 0 0 0 1 0 0 0 1
14 85 297.4085785025951 16.67 3 3 414 415
1 0 0 0 1 0 0 0 1
1 0 0 0 1 0 0 0 1
43 42 405.7771970162296 16.67 3 3 416 417
1 0 0 0 1 0 0 0 1
1 0 0 0 1 0 0 0 1
22 40 528.1639473988583 16.67 3 3 418 419
1 0 0 0 1 0 0 0 1
1 0 0 0 1 0 0 0 1
104
1 7 379 -1 399
5 211 121 133 -1
10 45 187 181 -1
13 112 110 114 -1
14 225 414 113 -1
17 404 406 -1 101
18 381 408 405 97
20 12 14 10 -1
21 212 65 210 -1
22 329 243 418 295
23 22 16 18 20
24 105 63 213 -1
25 -1 209 412 47
26 189 413 -1 183
27 323 185 375 -1
32 8 2 6 4
33 53 219 328 326
34 344 -1 303 289
35 367 411 343 -1
36 26 28 24 -1
37 42 38 36 40
38 37 46 44 48
39 -1 54 52 50
43 83 416 273 -1
44 403 -1 387 410
45 30 34 32 -1
46 348 -1 350 207
49 58 60 43 56
50 62 21 -1 64
51 70 72 66 68
53 80 69 82 78
54 88 84 86 90
55 92 96 98 94
56 99 100 13 102
57 108 106 104 -1
58 116 118 109 -1
59 19 124 122 120
60 130 128 126 -1
62 136 138 131 -1
63 140 137 142 17
64 146 148 144 150
65 152 156 158 154
66 143 155 147 160
67 -1 162 141 164
68 170 172 168 166
69 169 178 176 174
70 180 182 -1 184
73 145 57 196 194
74 191 198 200 61
75 202 31 204 39
76 201 206 203 -1
77 205 33 171 208
78 -1 222 215 55
79 214 216 220 218
80 230 224 228 226
82 229 115 234 232
83 238 240 193 236
84 221 244 231 242
88 235 246 239 157
89 252 195 248 250
90 197 41 256 254
91 167 175 258 260
92 262 233 153 129
93 159 237 59 149
94 264 227 263 139
95 272 266 270 268
96 274 278 276 -1
97 280 282 284 286
98 67 288 290 267
99 292 294 265 -1
100 300 296 -1 298
102 310 269 308 306
103 309 316 312 314
104 320 299 277 318
105 257 49 322 324
106 315 -1 321 15
107 330 307 93 -1
108 332 95 103 275
109 87 334 333 -1
110 336 340 338 342
111 25 81 346 3
112 51 327 293 163
113 352 287 301 313
114 177 354 71 356
115 358 -1 311 360
117 -1 362 281 364
118 368 366 337 283
119 291 370 369 363
120 374 261 372 376
121 347 79 359 378
122 373 259 27 9
123 285 339 -1 297
124 271 365 353 317
125 107 165 23 119
127 382 325 77 384
128 386 388 -1 341
129 249 255 383 -1
130 75 5 390 85
132 135 161 396 394
133 397 151 253 -1
134 391 398 400 335
135 401 361 331 -1
136 11 319 -1 279
137 305 389 402 371
