261
1 3600 72
3
339 3 8
1 3600 52
6
9 2 340 421 397 325
1 3600 52
8
9 2 340 411 408 397 325 326
1 3600 52
14
7 2 338 597 598 613 415 111 112 523 524 521 379 380
1 3600 52
17
7 2 340 411 406 565 455 269 270 322 488 492 499 491 225 219 222
1 3600 161
13
338 597 594 199 202 601 507 343 117 114 383 89 90
1 3600 54
4
370 596 511 512
1 3600 54
4
337 338 633 630
1 3600 54
8
7 2 338 633 85 79 73 74
1 3600 53
14
9 2 340 421 409 369 370 598 613 610 199 204 459 293
1 3600 195
14
2 340 421 418 565 455 25 28 518 413 165 162 274 282
1 3600 161
11
7 2 338 511 512 81 73 67 64 70 255
1 3600 211
15
7 2 338 511 512 453 448 285 286 255 258 125 122 374 135
1 3600 274
16
2 340 411 408 397 193 196 235 238 27 28 518 143 140 431 432
1 3600 274
11
594 363 364 447 429 69 21 18 30 38 50
1 3600 274
20
370 598 613 610 199 204 459 456 544 551 546 469 466 159 156 189 169 172 182 304
1 3600 274
29
2 338 597 598 613 415 111 112 523 201 204 253 245 242 345 346 485 486 552 618 473 99 100 102 106 240 189 169 172
1 3600 139
4
409 369 370 596
1 3600 139
8
327 324 396 409 369 370 598 613
1 3600 139
6
327 324 396 420 341 336
1 3600 139
5
268 454 564 407 410
1 3600 139
12
377 378 520 525 522 113 110 414 612 599 596 511
1 3600 139
5
417 414 612 599 596
1 3600 139
4
369 370 598 613
1 3600 139
10
379 376 203 198 595 371 368 410 341 3
1 3600 135
5
227 230 239 234 197
1 3600 135
10
367 362 611 612 599 371 368 408 397 193
1 3600 135
3
324 398 237
1 3600 135
13
507 504 609 569 566 141 142 519 29 26 239 236 399
1 3600 134
11
380 507 343 117 118 232 276 290 297 300 514
1 3600 134
3
114 497 489
1 3600 134
12
593 237 238 231 226 270 322 488 496 389 351 356
1 3600 134
10
565 455 229 226 270 322 488 492 500 605
1 3600 134
5
498 493 489 323 320
1 3600 134
7
221 218 224 490 498 493 496
1 3600 134
11
563 557 558 455 269 270 322 488 496 389 351
1 3600 134
6
270 322 488 492 500 605
1 3600 134
10
117 118 232 276 290 165 162 274 280 514
1 3600 109
12
377 378 520 525 522 367 364 449 83 79 76 150
1 3600 109
14
327 324 396 409 369 370 594 363 364 449 83 79 76 150
1 3600 109
20
455 25 28 518 143 140 567 568 606 571 545 457 293 294 257 254 71 65 66 72
1 3600 131
3
111 112 523
1 3600 131
14
226 270 322 488 496 115 116 342 506 600 203 204 459 456
1 3600 131
14
490 498 500 605 515 301 296 412 526 530 395 390 433 434
1 3600 131
6
378 520 525 201 198 363
1 3600 131
5
376 203 204 459 456
1 3600 131
24
593 237 238 27 28 518 143 144 528 582 543 393 390 438 548 622 624 621 483 484 347 344 243 246
1 3600 131
13
562 602 419 409 369 370 598 613 610 199 204 459 293
1 3600 131
6
342 504 609 606 571 545
1 3600 116
7
116 342 504 609 133 130 422
1 3600 116
6
235 238 27 28 518 143
1 3600 116
17
196 235 238 27 24 269 270 322 488 492 500 605 515 281 275 163 166
1 3600 171
11
520 525 522 367 364 447 429 69 65 11 14
1 3600 125
12
565 455 229 230 27 28 518 143 140 431 432 438
1 3600 274
16
26 231 226 270 322 488 496 115 118 232 276 290 412 526 530 395
1 3600 274
18
342 504 609 606 571 551 546 576 579 375 372 43 44 462 213 41 38 48
1 3600 274
24
498 500 605 515 281 275 163 164 412 143 140 431 432 436 444 469 93 94 159 160 107 108 317 314
1 3600 274
30
454 564 419 420 341 338 633 85 79 73 67 64 70 255 57 52 574 35 36 44 462 478 109 106 161 156 189 169 170 185
1 3600 171
16
388 115 116 342 506 381 378 520 525 522 113 110 414 612 599 596
1 3600 98
7
604 501 493 489 323 271 227
1 3600 98
9
501 493 489 323 271 268 454 564 407
1 3600 98
8
495 489 323 271 227 228 454 564
1 3600 98
14
495 496 115 116 342 506 381 378 520 525 522 113 110 416
1 3600 98
5
385 382 497 489 323
1 3600 98
7
604 501 499 491 225 219 220
1 3600 98
13
232 276 290 412 519 29 26 239 234 197 192 325 326
1 3600 98
11
604 501 493 489 323 271 268 454 559 556 562
1 3600 58
11
517 301 296 291 277 233 119 114 383 89 90
1 3600 171
15
91 88 382 115 116 342 506 600 203 198 363 364 449 452 628
1 3600 99
12
517 301 298 167 164 412 143 140 567 425 131 128
1 3600 99
21
500 605 515 281 275 163 164 412 526 530 395 390 436 444 576 619 207 208 263 264 349
1 3600 107
10
319 322 488 496 115 116 342 504 609 569
1 3600 107
14
357 350 388 115 118 232 276 290 412 143 144 528 580 586
1 3600 107
7
497 492 500 605 515 301 298
1 3600 107
8
496 115 116 342 504 609 133 130
1 3600 107
9
88 382 497 492 500 605 515 281 275
1 3600 107
7
357 350 388 115 116 342 504
1 3600 274
25
319 271 227 230 239 236 195 192 396 409 369 370 594 199 204 253 245 242 345 348 127 124 403 404 361
1 3600 195
15
301 296 412 526 528 580 331 332 334 393 390 438 548 622 624
1 3600 274
10
321 271 268 25 28 518 143 140 431 432
1 3600 274
21
500 605 515 281 275 163 164 412 526 530 395 390 436 444 469 464 470 475 461 33 30
1 3600 274
28
91 88 382 115 116 342 504 609 606 571 551 548 622 624 621 483 267 262 209 210 135 136 146 461 462 478 317 313
1 3600 274
20
500 605 515 301 296 412 143 140 431 434 551 546 469 466 159 156 189 169 170 185
1 3600 69
3
449 452 513
1 3600 69
6
453 448 365 362 611 612
1 3600 69
6
287 284 365 362 595 598
1 3600 70
13
71 65 66 72 78 84 632 597 371 368 408 397 193
1 3600 70
15
151 77 78 82 448 365 362 595 371 368 408 397 193 194 592
1 3600 195
11
513 510 339 340 411 406 565 455 269 270 318
1 3600 75
4
68 428 446 449
1 3600 75
8
631 85 79 73 67 64 68 428
1 3600 80
10
151 77 73 67 64 70 255 256 295 292
1 3600 80
8
448 285 286 255 256 295 292 456
1 3600 80
4
365 362 199 204
1 3600 80
5
289 284 365 366 523
1 3600 80
18
631 85 79 73 67 64 21 22 34 359 360 373 123 126 349 344 457 293
1 3600 80
7
64 70 255 256 295 292 458
1 3600 101
24
70 255 57 54 125 120 555 487 482 620 625 623 549 439 391 394 531 527 413 297 298 167 162 272
1 3600 75
7
451 448 285 288 426 255 258
1 3600 75
6
21 18 32 45 42 361
1 3600 75
9
85 79 73 67 64 70 255 57 52
1 3600 75
11
155 77 73 67 11 16 49 39 40 212 480
1 3600 75
4
255 57 52 574
1 3600 79
14
153 77 73 67 64 21 18 32 460 474 627 139 134 211
1 3600 79
12
71 65 11 16 49 39 40 214 479 463 460 147
1 3600 274
15
453 448 365 362 199 204 459 456 544 435 432 391 392 335 333
1 3600 249
10
451 448 447 429 69 65 11 16 49 46
1 3600 274
13
77 73 67 64 21 22 36 44 462 213 214 317 313
1 3600 274
24
81 73 67 64 70 255 57 54 125 120 209 206 618 473 99 97 94 159 156 189 169 172 179 174
1 3600 63
5
457 458 205 198 611
1 3600 29
13
343 117 114 497 489 323 271 227 230 239 234 197 192
1 3600 29
11
250 533 247 242 544 435 430 141 142 519 29
1 3600 53
13
292 458 205 200 524 521 379 380 507 343 117 114 389
1 3600 37
9
348 127 124 259 254 71 68 428 446
1 3600 37
14
261 262 121 124 55 56 254 71 65 66 72 78 82 450
1 3600 37
11
248 293 294 257 254 71 65 66 72 76 154
1 3600 46
4
344 243 244 252
1 3600 39
13
242 345 346 485 482 620 625 623 549 439 391 394 536
1 3600 39
17
366 523 524 521 379 380 507 343 117 118 232 276 290 165 162 274 282
1 3600 39
15
345 348 265 266 486 552 618 577 445 437 391 392 542 583 584
1 3600 42
9
362 199 204 459 456 345 348 127 124
1 3600 33
7
345 346 261 266 482 620 625
1 3600 33
17
362 199 204 459 456 345 346 485 486 554 209 210 135 138 626 475 476
1 3600 83
10
504 609 569 566 141 144 528 580 588 543
1 3600 274
16
535 247 242 345 348 127 122 372 43 37 23 18 30 38 48 58
1 3600 228
15
247 248 293 294 257 258 403 404 43 44 462 478 317 313 310
1 3600 274
21
292 456 345 346 261 262 555 552 207 210 578 473 99 100 102 106 240 189 169 172 179
1 3600 228
13
537 531 145 142 519 29 24 454 564 419 420 341 3
1 3600 72
14
567 425 131 128 571 545 457 458 205 198 595 371 368 408
1 3600 72
5
505 506 381 378 520
1 3600 100
9
283 280 514 604 501 493 489 323 320
1 3600 100
5
290 297 300 514 604
1 3600 100
9
132 608 505 343 117 114 383 384 386
1 3600 100
9
566 141 142 413 291 277 233 119 114
1 3600 100
8
608 505 343 117 114 389 351 354
1 3600 98
12
568 606 571 545 457 458 205 198 363 364 449 450
1 3600 95
10
163 164 412 143 140 431 434 545 243 246
1 3600 95
14
296 291 277 233 119 116 342 506 381 378 520 525 201 204
1 3600 95
9
424 568 608 505 506 381 378 520 525
1 3600 95
11
291 277 233 119 116 342 506 381 378 520 525
1 3600 95
10
432 438 548 622 624 621 483 267 260 347
1 3600 95
12
529 145 140 567 568 608 505 506 381 378 520 525
1 3600 95
5
140 431 434 545 243
1 3600 81
6
164 412 143 140 567 425
1 3600 81
4
145 140 567 568
1 3600 152
16
163 166 299 296 412 526 530 395 390 436 444 576 579 375 372 43
1 3600 80
11
412 143 144 530 395 390 438 546 469 93 96
1 3600 80
6
431 432 436 444 469 93
1 3600 91
6
141 144 528 580 331 332
1 3600 91
8
299 296 412 526 530 538 543 540
1 3600 91
4
144 528 582 543
1 3600 274
14
543 393 390 438 546 469 466 105 102 108 215 41 38 50
1 3600 274
21
273 163 164 412 526 530 395 390 436 444 576 579 135 136 146 461 462 213 214 317 313
1 3600 274
19
299 296 412 143 140 431 423 131 128 571 551 546 469 93 94 159 156 189 190
1 3600 195
11
33 19 20 65 66 72 80 513 510 339 340
1 3600 161
14
404 373 374 578 577 445 437 433 430 141 142 519 29 24
1 3600 274
19
463 460 474 471 465 468 547 550 570 607 608 505 343 117 114 383 384 351 352
1 3600 60
7
19 20 68 428 446 449 450
1 3600 60
10
575 53 56 254 71 65 66 72 78 84
1 3600 60
6
15 10 64 70 255 256
1 3600 60
8
259 254 71 65 66 72 76 154
1 3600 43
6
256 295 292 458 205 200
1 3600 152
12
463 45 42 373 374 578 577 547 550 570 129 130
1 3600 39
3
405 400 572
1 3600 61
13
32 460 147 137 134 211 206 553 487 482 620 625 623
1 3600 61
6
575 401 402 125 120 263
1 3600 61
4
401 402 125 126
1 3600 61
4
32 460 147 148
1 3600 61
4
125 122 374 135
1 3600 195
10
573 574 359 360 373 374 578 577 547 439
1 3600 61
6
573 574 35 23 18 30
1 3600 61
6
254 71 65 11 16 58
1 3600 65
17
54 125 120 209 206 618 473 99 100 104 159 156 189 169 172 182 306
1 3600 274
11
15 16 49 39 40 214 109 106 240 189 190
1 3600 274
15
134 211 208 263 260 347 344 243 244 252 205 198 611 612 599
1 3600 119
16
472 619 553 487 484 347 344 457 458 205 198 595 371 368 408 418
1 3600 228
14
620 625 623 549 550 570 607 608 505 343 117 114 389 351
1 3600 77
11
98 472 619 553 554 121 124 55 56 254 427
1 3600 77
10
207 210 375 372 43 37 23 20 68 428
1 3600 69
8
627 139 134 211 208 263 264 349
1 3600 69
10
98 472 619 553 487 484 347 344 457 458
1 3600 69
4
264 349 344 243
1 3600 69
7
134 375 123 126 349 344 243
1 3600 81
8
549 439 391 392 335 333 330 581
1 3600 81
8
97 92 468 445 437 391 394 531
1 3600 85
9
475 461 462 213 41 38 48 17 12
1 3600 85
3
461 462 480
1 3600 85
5
372 405 400 53 56
1 3600 85
7
207 208 121 124 403 400 572
1 3600 85
7
461 45 42 361 358 575 53
1 3600 85
9
621 483 486 554 121 122 372 361 358
1 3600 85
12
549 546 469 466 105 102 108 215 41 38 48 17
1 3600 80
13
251 245 242 345 348 265 262 555 552 618 473 465 93
1 3600 80
9
622 624 621 483 486 552 618 473 99
1 3600 70
3
578 577 445
1 3600 70
3
577 445 437
1 3600 70
5
474 471 465 468 445
1 3600 78
9
121 124 403 404 43 44 33 30 38
1 3600 75
15
624 621 483 267 262 209 210 135 136 146 461 462 478 317 314
1 3600 75
13
138 626 471 99 100 104 159 156 189 169 172 182 306
1 3600 75
9
469 93 96 100 102 108 317 313 310
1 3600 80
10
138 626 471 99 97 94 159 156 189 169
1 3600 274
23
187 184 171 168 188 157 158 467 464 472 619 553 554 263 260 347 344 457 458 205 198 611 612
1 3600 211
14
541 542 589 581 529 527 413 291 277 233 119 116 342 506
1 3600 228
11
433 430 141 142 519 29 26 231 226 270 320
1 3600 211
21
187 184 171 168 188 241 107 103 101 98 470 475 461 33 19 20 65 66 72 78 84
1 3600 61
9
332 334 393 390 433 434 545 457 293
1 3600 21
3
391 394 538
1 3600 137
12
541 393 390 436 444 576 579 375 372 43 44 462
1 3600 33
6
393 390 438 548 622 624
1 3600 33
10
541 393 390 438 548 622 624 621 483 486
1 3600 105
14
541 393 390 436 444 469 466 159 156 189 169 170 185 186
1 3600 274
13
390 438 546 576 579 375 372 43 37 23 18 30 38
1 3600 88
6
444 469 93 94 105 102
1 3600 43
15
332 334 393 390 438 546 469 466 159 160 240 189 169 170 185
1 3600 274
11
41 38 48 17 10 66 72 80 513 510 597
1 3600 274
13
17 10 66 72 78 84 632 339 340 421 418 565 455
1 3600 274
18
214 109 103 104 95 92 468 547 550 435 430 141 142 413 297 300 514 604
1 3600 171
6
59 17 10 64 70 427
1 3600 274
9
212 463 45 42 373 123 126 265 260
1 3600 274
15
217 214 109 106 161 158 467 468 547 439 391 392 542 583 584
1 3600 63
6
49 39 31 19 22 36
1 3600 63
4
51 48 17 12
1 3600 63
7
61 49 39 31 19 22 34
1 3600 54
8
316 479 463 45 42 373 123 120
1 3600 274
10
217 214 109 103 104 95 92 468 547 439
1 3600 109
3
316 215 216
1 3600 54
9
61 49 39 40 214 109 106 161 158
1 3600 54
4
217 214 317 313
1 3600 274
5
316 109 106 240 189
1 3600 274
19
160 107 103 101 98 472 619 207 208 121 124 259 254 287 284 449 452 513 510
1 3600 274
24
309 312 316 479 463 45 42 405 402 55 56 254 287 284 365 366 113 110 414 612 599 371 368 406
1 3600 274
14
158 467 468 547 550 570 607 608 505 343 117 114 383 89
1 3600 211
7
108 215 212 463 33 19 20
1 3600 183
15
311 312 316 479 463 45 42 373 123 126 349 344 243 246 534
1 3600 228
14
157 158 95 92 468 445 437 433 430 141 142 413 165 166
1 3600 49
9
101 98 472 619 553 554 121 124 259
1 3600 58
12
303 183 173 168 188 157 158 467 464 470 627 139
1 3600 58
7
101 98 472 619 553 487 267
1 3600 58
10
315 316 215 212 463 460 474 471 99 97
1 3600 98
15
183 173 168 188 157 158 95 92 468 445 437 391 392 335 333
1 3600 60
6
315 316 215 41 38 50
1 3600 60
10
303 183 173 168 188 241 107 108 215 216
1 3600 83
3
102 106 240
1 3600 61
7
315 316 109 106 240 189 190
1 3600 61
6
103 104 467 468 445 440
1 3600 274
27
188 157 158 95 96 98 470 627 139 134 211 208 555 487 484 347 344 457 249 244 252 205 198 595 371 368 410
1 3600 274
23
171 168 188 157 158 467 468 547 550 570 607 569 566 141 142 519 29 24 454 559 556 560 590
1 3600 274
24
177 178 173 168 188 157 158 95 92 468 547 439 391 394 531 527 519 29 26 231 228 269 270 320
1 3600 274
22
168 188 241 107 103 101 98 472 579 375 372 405 400 53 56 254 71 65 66 72 76 152
1 3600 274
20
175 178 173 168 188 241 107 103 101 98 472 619 207 208 263 264 349 344 243 246
1 3600 183
17
175 178 173 168 188 157 158 467 468 445 437 433 430 141 142 413 297
1 3600 211
13
181 178 173 168 188 241 107 108 215 41 38 48 17
1 3600 56
6
443 444 576 619 553 554
1 3600 83
5
441 437 391 392 335
1 3600 83
11
177 178 173 168 188 157 158 95 92 468 445
1 3600 274
9
191 188 241 107 108 215 41 38 48
1 3600 82
4
177 178 182 306
1 3600 82
9
184 171 168 188 241 107 108 317 314
1 3600 82
8
181 178 173 168 188 157 158 105
1 3600 109
9
441 444 469 93 94 159 156 189 169
