240
22.568747 113.07397 1 1
22.60334 113.09073 2 1
22.572018 113.09813 3 1
22.572071 113.09837 4 1
22.57399 113.10404 5 0
22.56862 113.08229 6 0
22.583256 113.10293 7 0
22.60149 113.09906 8 0
22.60198 113.10378 9 0
22.567835 113.10033 10 0
22.593304 113.10268 11 1
22.572021 113.06801 12 0
22.57587 113.08324 13 1
22.582594 113.06859 14 1
22.589455 113.0787 15 1
22.569809 113.077896 16 1
22.576109 113.083435 17 1
22.586802 113.084076 18 0
22.589308 113.06894 19 1
22.570808 113.048485 20 0
22.586575 113.081276 21 1
22.601639 113.093 22 1
22.609745 113.06074 23 1
22.567478 113.07217 24 0
22.588812 113.090004 25 0
22.600574 113.10287 26 0
22.600506 113.1028 27 0
22.588556 113.056526 28 0
22.623613 113.048225 29 0
22.634499 113.06174 30 0
22.60824 113.10409 31 0
22.61153 113.0641 32 0
22.61317 113.06292 33 1
22.616396 113.06065 34 1
22.618292 113.07189 35 0
22.62038 113.06052 36 1
22.620369 113.06455 37 1
22.634577 113.04835 38 0
22.607616 113.10376 39 0
22.608 113.10351 40 0
22.59985 113.050545 41 0
22.602716 113.049034 42 0
22.631378 113.08597 43 1
22.631474 113.08735 44 1
22.625364 113.10346 45 0
22.632399 113.104004 46 0
22.570932 113.048225 47 0
22.567326 113.07808 48 0
22.567366 113.07819 49 0
22.567568 113.0721 50 0
22.618095 113.07212 51 1
22.597507 113.07271 52 1
22.605198 113.07124 53 1
22.60243 113.07553 54 1
22.601744 113.09288 55 1
22.567268 113.05847 56 0
22.63476 113.089836 57 0
22.592863 113.10134 58 1
22.634464 113.09026 59 0
22.632174 113.081436 60 0
22.63159 113.0858 61 0
22.6317 113.07048 62 0
22.634289 113.06964 63 0
22.588226 113.04916 64 0
22.568598 113.08217 65 0
22.583185 113.06657 66 0
22.602339 113.09814 67 0
22.626175 113.04912 68 0
22.593782 113.10307 69 1
22.614798 113.06698 70 1
22.570223 113.09847 71 0
22.571417 113.097115 72 0
22.571508 113.102486 73 0
22.586508 113.08107 74 0
22.567398 113.09031 75 0
22.56747 113.0904 76 0
22.62861 113.04819 77 0
22.628704 113.04819 78 0
22.588322 113.04977 79 0
22.632748 113.10382 80 0
22.57041 113.09889 81 1
22.604681 113.051796 82 0
22.60459 113.05252 83 0
22.605253 113.05281 84 0
22.633055 113.104 85 0
22.603184 113.04831 86 0
22.6093968 113.0988574 87 1
22.5685522 113.073548 88 1
22.571811 113.0686097 89 1
22.5946824 113.0950457 90 1
22.57176 113.068858 91 1
22.6059234 113.0939181 92 1
22.6110341 113.0937753 93 1
22.6179627 113.0919985 94 1
22.5925545 113.0617715 95 1
22.5936225 113.063274 96 1
22.577751 113.0815591 97 1
22.6011027 113.0722929 98 1
22.6124238 113.0680787 99 1
22.6182347 113.06556 100 1
22.6235912 113.0632102 101 1
22.6238651 113.0865389 102 1
22.6236748 113.0819382 103 1
22.62429 113.0714015 104 1
22.6259625 113.06257 105 1
22.598318 113.0672713 106 0
22.610765 113.0787605 107 1
22.5737173 113.0912565 108 0
22.5754005 113.0842025 109 0
22.575833 113.0942176 110 1
22.57782 113.0869675 111 0
22.578034 113.0952516 112 1
22.5797445 113.089285 113 1
22.591294 113.0878667 114 1
22.5849942 113.0983675 115 1
22.5825607 113.091662 116 0
22.599276 113.0962762 117 1
22.6010985 113.097925 118 1
22.631745 113.0631025 119 1
22.605295 113.0983819 120 1
22.6082609 113.1024136 121 1
22.6015203 113.07239 122 1
22.613634 113.0861965 123 1
22.6137145 113.078845 124 1
22.5974325 113.0728477 125 0
22.580801 113.0796708 126 0
22.5830049 113.0814777 127 1
22.5803367 113.0791847 128 1
22.597709 113.090965 129 1
22.604569 113.08499 130 1
22.6077147 113.070114 131 0
22.608596 113.072312 132 1
22.6137185 113.078645 133 1
22.6180217 113.0863625 134 1
22.617594 113.0768075 135 1
22.6019695 113.10269 136 1
22.6019925 113.102974 137 1
22.6048992 113.1026394 138 1
22.5723303 113.0778283 139 1
22.5827957 113.0662115 140 1
22.5866557 113.0816675 141 1
22.586117 113.0813873 142 1
22.5678815 113.100063 143 0
22.5940998 113.103836 144 0
22.5934815 113.048165 145 0
22.582592 113.097055 146 0
22.5828469 113.0951445 147 0
22.5995463 113.0884983 148 1
22.58393 113.06732 149 1
22.584992 113.074738 150 1
22.582192 113.0779007 151 1
22.5866484 113.0808028 152 0
22.5806785 113.070212 153 0
22.5718883 113.0779533 154 0
22.605043 113.0522892 155 1
22.5703805 113.067855 156 1
22.5869553 113.0809813 157 1
22.6020655 113.085547 158 1
22.627941 113.086687 159 1
22.597618 113.09092 160 0
22.603887 113.0803858 161 1
22.615334 113.07885 162 1
22.618083 113.0808275 163 1
22.61077 113.0804367 164 0
22.6107152 113.08571 165 0
22.6107345 113.08298 166 0
22.589167 113.0713947 167 1
22.62322 113.0762803 168 0
22.6238786 113.0759713 169 1
22.610739 113.08232 170 0
22.5879937 113.0556185 171 1
22.5885938 113.0558679 172 1
22.5785566 113.057783 173 1
22.5786399 113.0581768 174 1
22.5685305 113.0582825 175 1
22.6238527 113.0485699 176 1
22.6216935 113.049031 177 1
22.6237403 113.0488713 178 1
22.623675 113.0481675 179 0
22.6342346 113.048979 180 1
22.634411 113.0486847 181 1
22.6286885 113.048533 182 1
22.6044113 113.0501865 183 1
22.6040873 113.0505784 184 1
22.6025634 113.0507654 185 1
22.5998135 113.051895 186 1
22.599706 113.0523633 187 1
22.6253545 113.08655 188 1
22.6253287 113.0826653 189 1
22.627947 113.082805 190 1
22.6313068 113.0828725 191 1
22.5845293 113.0741883 192 0
22.5858244 113.0881503 193 1
22.6137855 113.07348 194 1
22.6224249 113.0764944 195 1
22.626051 113.07156 196 0
22.599952 113.0961833 197 1
22.6228553 113.07126 198 1
22.6346607 113.0483183 199 0
22.5998712 113.050955 200 1
22.6309815 113.0867215 201 1
22.6334365 113.10113 202 1
22.6331424 113.1038234 203 1
22.6330552 113.1030615 204 1
22.6337055 113.09649 205 0
22.6327397 113.1029167 206 1
22.5943924 113.0730908 207 1
22.6153435 113.07866 208 1
22.6317425 113.062912 209 1
22.5725554 113.082109 210 1
22.5751705 113.083938 211 0
22.57732 113.081852 212 1
22.5716195 113.1024 213 0
22.5871664 113.0905086 214 0
22.5698023 113.07851 215 1
22.602103 113.0721984 216 1
22.6050575 113.07111 217 1
22.5941335 113.048382 218 0
22.6079284 113.057494 219 1
22.6107388 113.0785122 220 1
22.5721373 113.087435 221 1
22.5675305 113.0580525 222 0
22.5876917 113.0913793 223 1
22.5923609 113.1009314 224 1
22.60485 113.0526267 225 1
22.588331 113.09192 226 0
22.6339613 113.102062 227 0
22.6013147 113.07152 228 0
22.6315483 113.0813975 229 1
22.631667 113.06943 230 1
22.634307 113.070645 231 0
22.634483 113.0705975 232 0
22.6317485 113.067973 233 1
22.5716649 113.0879134 234 1
22.5677395 113.072445 235 1
22.5860845 113.08738 236 0
22.5684744 113.058738 237 1
22.5704145 113.09911 238 1
22.6172507 113.063098 239 0
22.633944 113.0967753 240 0
316
175 237 50.978941979687555 16.67 3 3 2 3
1 0 0 0 1 0 0 0 1
1 0 0 0 1 0 0 0 1
175 20 1114.317361906136 16.67 3 3 4 5
1 0 0 0 1 0 0 0 1
1 0 0 0 1 0 0 0 1
175 222 105.82336233005857 16.67 3 3 6 7
1 0 0 0 1 0 0 0 1
1 0 0 0 1 0 0 0 1
175 47 1145.2760283225696 16.67 3 3 8 9
1 0 0 0 1 0 0 0 1
1 0 0 0 1 0 0 0 1
176 183 2003.6399298495735 16.67 3 3 10 11
1 0 0 0 1 0 0 0 1
1 0 0 0 1 0 0 0 1
176 179 48.322299714796664 16.67 3 3 12 13
1 0 0 0 1 0 0 0 1
1 0 0 0 1 0 0 0 1
176 29 45.56693674061354 16.67 3 3 14 15
1 0 0 0 1 0 0 0 1
1 0 0 0 1 0 0 0 1
176 182 496.3868062747414 16.67 3 3 16 17
1 0 0 0 1 0 0 0 1
1 0 0 0 1 0 0 0 1
177 178 210.84594953612066 16.67 3 3 18 19
1 0 0 0 1 0 0 0 1
1 0 0 0 1 0 0 0 1
177 184 1815.38720622123 16.67 3 3 20 21
1 0 0 0 1 0 0 0 1
1 0 0 0 1 0 0 0 1
177 36 1284.691784122035 16.67 3 3 22 23
1 0 0 0 1 0 0 0 1
1 0 0 0 1 0 0 0 1
17 97 268.2196501493059 16.67 3 3 24 25
1 0 0 0 1 0 0 0 1
1 0 0 0 1 0 0 0 1
17 13 32.74833100655081 16.67 3 3 26 27
1 0 0 0 1 0 0 0 1
1 0 0 0 1 0 0 0 1
17 116 1129.522556487559 16.67 3 3 28 29
1 0 0 0 1 0 0 0 1
1 0 0 0 1 0 0 0 1
178 180 1077.2530468007653 16.67 3 3 30 31
1 0 0 0 1 0 0 0 1
1 0 0 0 1 0 0 0 1
178 101 1594.5847312912072 16.67 3 3 32 33
1 0 0 0 1 0 0 0 1
1 0 0 0 1 0 0 0 1
36 34 409.2027456204137 16.67 3 3 34 35
1 0 0 0 1 0 0 0 1
1 0 0 0 1 0 0 0 1
36 37 448.14461916768397 16.67 3 3 36 37
1 0 0 0 1 0 0 0 1
1 0 0 0 1 0 0 0 1
180 181 37.40098227591896 16.67 3 3 38 39
1 0 0 0 1 0 0 0 1
1 0 0 0 1 0 0 0 1
180 209 1570.3457063548665 16.67 3 3 40 41
1 0 0 0 1 0 0 0 1
1 0 0 0 1 0 0 0 1
37 100 246.1922271893894 16.67 3 3 42 43
1 0 0 0 1 0 0 0 1
1 0 0 0 1 0 0 0 1
37 101 362.7580277766466 16.67 3 3 44 45
1 0 0 0 1 0 0 0 1
1 0 0 0 1 0 0 0 1
181 199 48.13437363152644 16.67 3 3 46 47
1 0 0 0 1 0 0 0 1
1 0 0 0 1 0 0 0 1
181 182 587.5820994704278 16.67 3 3 48 49
1 0 0 0 1 0 0 0 1
1 0 0 0 1 0 0 0 1
181 38 40.933555576255166 16.67 3 3 50 51
1 0 0 0 1 0 0 0 1
1 0 0 0 1 0 0 0 1
23 33 427.0669277450541 16.67 3 3 52 53
1 0 0 0 1 0 0 0 1
1 0 0 0 1 0 0 0 1
23 99 861.1632647904642 16.67 3 3 54 55
1 0 0 0 1 0 0 0 1
1 0 0 0 1 0 0 0 1
23 219 406.2868667943514 16.67 3 3 56 57
1 0 0 0 1 0 0 0 1
1 0 0 0 1 0 0 0 1
182 77 38.983958612157195 16.67 3 3 58 59
1 0 0 0 1 0 0 0 1
1 0 0 0 1 0 0 0 1
182 78 38.17537770196924 16.67 3 3 60 61
1 0 0 0 1 0 0 0 1
1 0 0 0 1 0 0 0 1
183 86 243.75739952055974 16.67 3 3 62 63
1 0 0 0 1 0 0 0 1
1 0 0 0 1 0 0 0 1
183 184 54.82289937607088 16.67 3 3 64 65
1 0 0 0 1 0 0 0 1
1 0 0 0 1 0 0 0 1
183 185 200.32918198040784 16.67 3 3 66 67
1 0 0 0 1 0 0 0 1
1 0 0 0 1 0 0 0 1
184 82 148.48484209808407 16.67 3 3 68 69
1 0 0 0 1 0 0 0 1
1 0 0 0 1 0 0 0 1
184 155 214.0530357461033 16.67 3 3 70 71
1 0 0 0 1 0 0 0 1
1 0 0 0 1 0 0 0 1
185 186 308.99163458731135 16.67 3 3 72 73
1 0 0 0 1 0 0 0 1
1 0 0 0 1 0 0 0 1
185 42 193.17107114683992 16.67 3 3 74 75
1 0 0 0 1 0 0 0 1
1 0 0 0 1 0 0 0 1
186 200 104.69738891291445 16.67 3 3 76 77
1 0 0 0 1 0 0 0 1
1 0 0 0 1 0 0 0 1
186 187 53.2323896618056 16.67 3 3 78 79
1 0 0 0 1 0 0 0 1
1 0 0 0 1 0 0 0 1
186 171 1282.1523152113255 16.67 3 3 80 81
1 0 0 0 1 0 0 0 1
1 0 0 0 1 0 0 0 1
187 95 1278.1206381343575 16.67 3 3 82 83
1 0 0 0 1 0 0 0 1
1 0 0 0 1 0 0 0 1
187 172 1205.5403480286352 16.67 3 3 84 85
1 0 0 0 1 0 0 0 1
1 0 0 0 1 0 0 0 1
81 143 290.5624150777811 16.67 3 3 86 87
1 0 0 0 1 0 0 0 1
1 0 0 0 1 0 0 0 1
81 3 185.48886846823825 16.67 3 3 88 89
1 0 0 0 1 0 0 0 1
1 0 0 0 1 0 0 0 1
81 71 50.498037946957794 16.67 3 3 90 91
1 0 0 0 1 0 0 0 1
1 0 0 0 1 0 0 0 1
188 102 152.88251567886695 16.67 3 3 92 93
1 0 0 0 1 0 0 0 1
1 0 0 0 1 0 0 0 1
188 159 265.92469020730755 16.67 3 3 94 95
1 0 0 0 1 0 0 0 1
1 0 0 0 1 0 0 0 1
188 189 431.99369434940536 16.67 3 3 96 97
1 0 0 0 1 0 0 0 1
1 0 0 0 1 0 0 0 1
189 103 188.0340192872939 16.67 3 3 98 99
1 0 0 0 1 0 0 0 1
1 0 0 0 1 0 0 0 1
189 190 269.20067393394083 16.67 3 3 100 101
1 0 0 0 1 0 0 0 1
1 0 0 0 1 0 0 0 1
190 191 344.9374920754612 16.67 3 3 102 103
1 0 0 0 1 0 0 0 1
1 0 0 0 1 0 0 0 1
190 159 431.6857717234645 16.67 3 3 104 105
1 0 0 0 1 0 0 0 1
1 0 0 0 1 0 0 0 1
191 43 344.5250463590367 16.67 3 3 106 107
1 0 0 0 1 0 0 0 1
1 0 0 0 1 0 0 0 1
191 119 2198.9193262972094 16.67 3 3 108 109
1 0 0 0 1 0 0 0 1
1 0 0 0 1 0 0 0 1
192 14 653.4837722254359 16.67 3 3 110 111
1 0 0 0 1 0 0 0 1
1 0 0 0 1 0 0 0 1
192 150 77.41791067960219 16.67 3 3 112 113
1 0 0 0 1 0 0 0 1
1 0 0 0 1 0 0 0 1
193 112 1123.999364800621 16.67 3 3 114 115
1 0 0 0 1 0 0 0 1
1 0 0 0 1 0 0 0 1
193 236 89.7250908055211 16.67 3 3 116 117
1 0 0 0 1 0 0 0 1
1 0 0 0 1 0 0 0 1
193 214 296.2413779360654 16.67 3 3 118 119
1 0 0 0 1 0 0 0 1
1 0 0 0 1 0 0 0 1
194 133 574.3984010668186 16.67 3 3 120 121
1 0 0 0 1 0 0 0 1
1 0 0 0 1 0 0 0 1
194 51 467.5170003326047 16.67 3 3 122 123
1 0 0 0 1 0 0 0 1
1 0 0 0 1 0 0 0 1
194 99 616.684984493571 16.67 3 3 124 125
1 0 0 0 1 0 0 0 1
1 0 0 0 1 0 0 0 1
194 132 548.319538287214 16.67 3 3 126 127
1 0 0 0 1 0 0 0 1
1 0 0 0 1 0 0 0 1
2 158 591.0234557026913 16.67 3 3 128 129
1 0 0 0 1 0 0 0 1
1 0 0 0 1 0 0 0 1
2 55 289.83866906025077 16.67 3 3 130 131
1 0 0 0 1 0 0 0 1
1 0 0 0 1 0 0 0 1
2 148 461.8098294429732 16.67 3 3 132 133
1 0 0 0 1 0 0 0 1
1 0 0 0 1 0 0 0 1
195 135 497.0928674958554 16.67 3 3 134 135
1 0 0 0 1 0 0 0 1
1 0 0 0 1 0 0 0 1
195 198 583.7487795638568 16.67 3 3 136 137
1 0 0 0 1 0 0 0 1
1 0 0 0 1 0 0 0 1
195 168 85.01552294047586 16.67 3 3 138 139
1 0 0 0 1 0 0 0 1
1 0 0 0 1 0 0 0 1
197 22 394.0855208262521 16.67 3 3 140 141
1 0 0 0 1 0 0 0 1
1 0 0 0 1 0 0 0 1
197 117 70.16463848543535 16.67 3 3 142 143
1 0 0 0 1 0 0 0 1
1 0 0 0 1 0 0 0 1
197 118 226.64054296661362 16.67 3 3 144 145
1 0 0 0 1 0 0 0 1
1 0 0 0 1 0 0 0 1
198 104 148.1038438804527 16.67 3 3 146 147
1 0 0 0 1 0 0 0 1
1 0 0 0 1 0 0 0 1
198 35 473.6126371457695 16.67 3 3 148 149
1 0 0 0 1 0 0 0 1
1 0 0 0 1 0 0 0 1
200 41 45.64465094912935 16.67 3 3 150 151
1 0 0 0 1 0 0 0 1
1 0 0 0 1 0 0 0 1
200 218 654.8613068694507 16.67 3 3 152 153
1 0 0 0 1 0 0 0 1
1 0 0 0 1 0 0 0 1
200 145 725.6527440484186 16.67 3 3 154 155
1 0 0 0 1 0 0 0 1
1 0 0 0 1 0 0 0 1
201 44 86.2551742755188 16.67 3 3 156 157
1 0 0 0 1 0 0 0 1
1 0 0 0 1 0 0 0 1
201 159 312.09898677385695 16.67 3 3 158 159
1 0 0 0 1 0 0 0 1
1 0 0 0 1 0 0 0 1
201 43 92.95076420603105 16.67 3 3 160 161
1 0 0 0 1 0 0 0 1
1 0 0 0 1 0 0 0 1
69 58 214.27054294021562 16.67 3 3 162 163
1 0 0 0 1 0 0 0 1
1 0 0 0 1 0 0 0 1
69 90 897.0920619944819 16.67 3 3 164 165
1 0 0 0 1 0 0 0 1
1 0 0 0 1 0 0 0 1
69 144 91.21564052085535 16.67 3 3 166 167
1 0 0 0 1 0 0 0 1
1 0 0 0 1 0 0 0 1
202 206 211.1640060765689 16.67 3 3 168 169
1 0 0 0 1 0 0 0 1
1 0 0 0 1 0 0 0 1
202 240 487.0438275450198 16.67 3 3 170 171
1 0 0 0 1 0 0 0 1
1 0 0 0 1 0 0 0 1
202 204 218.3225578097149 16.67 3 3 172 173
1 0 0 0 1 0 0 0 1
1 0 0 0 1 0 0 0 1
203 80 40.4821487313042 16.67 3 3 174 175
1 0 0 0 1 0 0 0 1
1 0 0 0 1 0 0 0 1
203 227 213.14270053668926 16.67 3 3 176 177
1 0 0 0 1 0 0 0 1
1 0 0 0 1 0 0 0 1
203 204 85.19605419532421 16.67 3 3 178 179
1 0 0 0 1 0 0 0 1
1 0 0 0 1 0 0 0 1
203 85 21.59006904641317 16.67 3 3 180 181
1 0 0 0 1 0 0 0 1
1 0 0 0 1 0 0 0 1
204 229 2414.0352123863804 16.67 3 3 182 183
1 0 0 0 1 0 0 0 1
1 0 0 0 1 0 0 0 1
205 240 40.07186044589956 16.67 3 3 184 185
1 0 0 0 1 0 0 0 1
1 0 0 0 1 0 0 0 1
205 45 1154.8753474393197 16.67 3 3 186 187
1 0 0 0 1 0 0 0 1
1 0 0 0 1 0 0 0 1
206 44 1735.9126195783656 16.67 3 3 188 189
1 0 0 0 1 0 0 0 1
1 0 0 0 1 0 0 0 1
206 46 125.86490814775173 16.67 3 3 190 191
1 0 0 0 1 0 0 0 1
1 0 0 0 1 0 0 0 1
1 88 51.01261061831617 16.67 3 3 192 193
1 0 0 0 1 0 0 0 1
1 0 0 0 1 0 0 0 1
1 139 565.220537202148 16.67 3 3 194 195
1 0 0 0 1 0 0 0 1
1 0 0 0 1 0 0 0 1
1 16 449.9921893386007 16.67 3 3 196 197
1 0 0 0 1 0 0 0 1
1 0 0 0 1 0 0 0 1
207 167 568.6642716127006 16.67 3 3 198 199
1 0 0 0 1 0 0 0 1
1 0 0 0 1 0 0 0 1
207 15 803.7553580266365 16.67 3 3 200 201
1 0 0 0 1 0 0 0 1
1 0 0 0 1 0 0 0 1
207 157 1163.1402689536176 16.67 3 3 202 203
1 0 0 0 1 0 0 0 1
1 0 0 0 1 0 0 0 1
207 52 322.5577021729758 16.67 3 3 204 205
1 0 0 0 1 0 0 0 1
1 0 0 0 1 0 0 0 1
208 162 21.15083236364791 16.67 3 3 206 207
1 0 0 0 1 0 0 0 1
1 0 0 0 1 0 0 0 1
208 133 166.81650243660212 16.67 3 3 208 209
1 0 0 0 1 0 0 0 1
1 0 0 0 1 0 0 0 1
208 135 309.5240705603867 16.67 3 3 210 211
1 0 0 0 1 0 0 0 1
1 0 0 0 1 0 0 0 1
209 105 594.4707930663886 16.67 3 3 212 213
1 0 0 0 1 0 0 0 1
1 0 0 0 1 0 0 0 1
209 119 21.1854941951016 16.67 3 3 214 215
1 0 0 0 1 0 0 0 1
1 0 0 0 1 0 0 0 1
209 30 311.4990061652714 16.67 3 3 216 217
1 0 0 0 1 0 0 0 1
1 0 0 0 1 0 0 0 1
210 211 336.8578373248864 16.67 3 3 218 219
1 0 0 0 1 0 0 0 1
1 0 0 0 1 0 0 0 1
210 6 404.59995300249557 16.67 3 3 220 221
1 0 0 0 1 0 0 0 1
1 0 0 0 1 0 0 0 1
210 65 406.4146442333036 16.67 3 3 222 223
1 0 0 0 1 0 0 0 1
1 0 0 0 1 0 0 0 1
211 109 37.72086599692324 16.67 3 3 224 225
1 0 0 0 1 0 0 0 1
1 0 0 0 1 0 0 0 1
212 221 817.6998670208045 16.67 3 3 226 227
1 0 0 0 1 0 0 0 1
1 0 0 0 1 0 0 0 1
212 97 54.948744490147114 16.67 3 3 228 229
1 0 0 0 1 0 0 0 1
1 0 0 0 1 0 0 0 1
212 13 214.45318519331127 16.67 3 3 230 231
1 0 0 0 1 0 0 0 1
1 0 0 0 1 0 0 0 1
214 223 110.83146748128911 16.67 3 3 232 233
1 0 0 0 1 0 0 0 1
1 0 0 0 1 0 0 0 1
215 16 68.28136259405265 16.67 3 3 234 235
1 0 0 0 1 0 0 0 1
1 0 0 0 1 0 0 0 1
215 139 270.43026395134495 16.67 3 3 236 237
1 0 0 0 1 0 0 0 1
1 0 0 0 1 0 0 0 1
215 13 815.3935390635222 16.67 3 3 238 239
1 0 0 0 1 0 0 0 1
1 0 0 0 1 0 0 0 1
43 44 153.7744747022253 16.67 3 3 240 241
1 0 0 0 1 0 0 0 1
1 0 0 0 1 0 0 0 1
216 122 63.50165892352499 16.67 3 3 242 243
1 0 0 0 1 0 0 0 1
1 0 0 0 1 0 0 0 1
216 217 326.56848442282427 16.67 3 3 244 245
1 0 0 0 1 0 0 0 1
1 0 0 0 1 0 0 0 1
216 53 335.1336230382727 16.67 3 3 246 247
1 0 0 0 1 0 0 0 1
1 0 0 0 1 0 0 0 1
216 98 103.22813086241472 16.67 3 3 248 249
1 0 0 0 1 0 0 0 1
1 0 0 0 1 0 0 0 1
217 131 294.41267005210875 16.67 3 3 250 251
1 0 0 0 1 0 0 0 1
1 0 0 0 1 0 0 0 1
217 52 795.2838096487889 16.67 3 3 252 253
1 0 0 0 1 0 0 0 1
1 0 0 0 1 0 0 0 1
219 155 650.1750722572377 16.67 3 3 254 255
1 0 0 0 1 0 0 0 1
1 0 0 0 1 0 0 0 1
219 106 1468.1430358161458 16.67 3 3 256 257
1 0 0 0 1 0 0 0 1
1 0 0 0 1 0 0 0 1
219 99 1264.272087949754 16.67 3 3 258 259
1 0 0 0 1 0 0 0 1
1 0 0 0 1 0 0 0 1
220 161 733.5778973512399 16.67 3 3 260 261
1 0 0 0 1 0 0 0 1
1 0 0 0 1 0 0 0 1
220 133 306.23622697105833 16.67 3 3 262 263
1 0 0 0 1 0 0 0 1
1 0 0 0 1 0 0 0 1
220 132 723.7123073289674 16.67 3 3 264 265
1 0 0 0 1 0 0 0 1
1 0 0 0 1 0 0 0 1
220 107 27.7420850370688 16.67 3 3 266 267
1 0 0 0 1 0 0 0 1
1 0 0 0 1 0 0 0 1
221 97 871.3330409162654 16.67 3 3 268 269
1 0 0 0 1 0 0 0 1
1 0 0 0 1 0 0 0 1
221 234 71.99386992281242 16.67 3 3 270 271
1 0 0 0 1 0 0 0 1
1 0 0 0 1 0 0 0 1
58 27 801.3109088512771 16.67 3 3 272 273
1 0 0 0 1 0 0 0 1
1 0 0 0 1 0 0 0 1
58 224 68.71596828280191 16.67 3 3 274 275
1 0 0 0 1 0 0 0 1
1 0 0 0 1 0 0 0 1
223 226 89.01455355433181 16.67 3 3 276 277
1 0 0 0 1 0 0 0 1
1 0 0 0 1 0 0 0 1
223 223 0.0 16.67 3 3 278 279
1 0 0 0 1 0 0 0 1
1 0 0 0 1 0 0 0 1
224 115 808.2808753790019 16.67 3 3 280 281
1 0 0 0 1 0 0 0 1
1 0 0 0 1 0 0 0 1
224 26 870.3457023921765 16.67 3 3 282 283
1 0 0 0 1 0 0 0 1
1 0 0 0 1 0 0 0 1
225 96 1652.376797447491 16.67 3 3 284 285
1 0 0 0 1 0 0 0 1
1 0 0 0 1 0 0 0 1
225 155 42.439469509210504 16.67 3 3 286 287
1 0 0 0 1 0 0 0 1
1 0 0 0 1 0 0 0 1
225 84 46.12034280778142 16.67 3 3 288 289
1 0 0 0 1 0 0 0 1
1 0 0 0 1 0 0 0 1
226 90 738.9569212845107 16.67 3 3 290 291
1 0 0 0 1 0 0 0 1
1 0 0 0 1 0 0 0 1
228 98 88.6606906429748 16.67 3 3 292 293
1 0 0 0 1 0 0 0 1
1 0 0 0 1 0 0 0 1
228 106 563.7973618656312 16.67 3 3 294 295
1 0 0 0 1 0 0 0 1
1 0 0 0 1 0 0 0 1
11 90 860.6622041881224 16.67 3 3 296 297
1 0 0 0 1 0 0 0 1
1 0 0 0 1 0 0 0 1
11 144 152.31636719452717 16.67 3 3 298 299
1 0 0 0 1 0 0 0 1
1 0 0 0 1 0 0 0 1
11 115 978.6909788618493 16.67 3 3 300 301
1 0 0 0 1 0 0 0 1
1 0 0 0 1 0 0 0 1
229 62 1214.145338475018 16.67 3 3 302 303
1 0 0 0 1 0 0 0 1
1 0 0 0 1 0 0 0 1
229 60 64.36381738268044 16.67 3 3 304 305
1 0 0 0 1 0 0 0 1
1 0 0 0 1 0 0 0 1
229 61 489.58457083213233 16.67 3 3 306 307
1 0 0 0 1 0 0 0 1
1 0 0 0 1 0 0 0 1
230 231 302.7834824960914 16.67 3 3 308 309
1 0 0 0 1 0 0 0 1
1 0 0 0 1 0 0 0 1
230 232 316.85087918888536 16.67 3 3 310 311
1 0 0 0 1 0 0 0 1
1 0 0 0 1 0 0 0 1
230 233 162.23680094120846 16.67 3 3 312 313
1 0 0 0 1 0 0 0 1
1 0 0 0 1 0 0 0 1
233 63 319.93130761272346 16.67 3 3 314 315
1 0 0 0 1 0 0 0 1
1 0 0 0 1 0 0 0 1
233 119 541.6084168190226 16.67 3 3 316 317
1 0 0 0 1 0 0 0 1
1 0 0 0 1 0 0 0 1
234 75 512.8287555638896 16.67 3 3 318 319
1 0 0 0 1 0 0 0 1
1 0 0 0 1 0 0 0 1
234 76 511.8633325515961 16.67 3 3 320 321
1 0 0 0 1 0 0 0 1
1 0 0 0 1 0 0 0 1
234 108 427.3397874596099 16.67 3 3 322 323
1 0 0 0 1 0 0 0 1
1 0 0 0 1 0 0 0 1
235 88 148.35386157603173 16.67 3 3 324 325
1 0 0 0 1 0 0 0 1
1 0 0 0 1 0 0 0 1
235 50 42.21353781172519 16.67 3 3 326 327
1 0 0 0 1 0 0 0 1
1 0 0 0 1 0 0 0 1
235 24 40.696764517743986 16.67 3 3 328 329
1 0 0 0 1 0 0 0 1
1 0 0 0 1 0 0 0 1
39 137 583.8705633107083 16.67 3 3 330 331
1 0 0 0 1 0 0 0 1
1 0 0 0 1 0 0 0 1
39 40 48.237145614565875 16.67 3 3 332 333
1 0 0 0 1 0 0 0 1
1 0 0 0 1 0 0 0 1
40 121 124.82876836253777 16.67 3 3 334 335
1 0 0 0 1 0 0 0 1
1 0 0 0 1 0 0 0 1
237 56 127.41488026037538 16.67 3 3 336 337
1 0 0 0 1 0 0 0 1
1 0 0 0 1 0 0 0 1
237 174 1045.7195875211112 16.67 3 3 338 339
1 0 0 0 1 0 0 0 1
1 0 0 0 1 0 0 0 1
237 156 1032.547712875445 16.67 3 3 340 341
1 0 0 0 1 0 0 0 1
1 0 0 0 1 0 0 0 1
236 114 537.6062162044391 16.67 3 3 342 343
1 0 0 0 1 0 0 0 1
1 0 0 0 1 0 0 0 1
54 122 361.44709325677377 16.67 3 3 344 345
1 0 0 0 1 0 0 0 1
1 0 0 0 1 0 0 0 1
54 161 560.3077215117503 16.67 3 3 346 347
1 0 0 0 1 0 0 0 1
1 0 0 0 1 0 0 0 1
54 132 727.1533808763486 16.67 3 3 348 349
1 0 0 0 1 0 0 0 1
1 0 0 0 1 0 0 0 1
238 4 188.95655358227484 16.67 3 3 350 351
1 0 0 0 1 0 0 0 1
1 0 0 0 1 0 0 0 1
238 73 391.8496816227272 16.67 3 3 352 353
1 0 0 0 1 0 0 0 1
1 0 0 0 1 0 0 0 1
238 213 386.21162241805484 16.67 3 3 354 355
1 0 0 0 1 0 0 0 1
1 0 0 0 1 0 0 0 1
238 10 297.5972854948317 16.67 3 3 356 357
1 0 0 0 1 0 0 0 1
1 0 0 0 1 0 0 0 1
239 34 286.0108165919314 16.67 3 3 358 359
1 0 0 0 1 0 0 0 1
1 0 0 0 1 0 0 0 1
239 100 291.8172643258405 16.67 3 3 360 361
1 0 0 0 1 0 0 0 1
1 0 0 0 1 0 0 0 1
19 167 273.3506293813416 16.67 3 3 362 363
1 0 0 0 1 0 0 0 1
1 0 0 0 1 0 0 0 1
19 96 770.2024401784081 16.67 3 3 364 365
1 0 0 0 1 0 0 0 1
1 0 0 0 1 0 0 0 1
19 150 782.3431738186881 16.67 3 3 366 367
1 0 0 0 1 0 0 0 1
1 0 0 0 1 0 0 0 1
12 89 70.0873501999787 16.67 3 3 368 369
1 0 0 0 1 0 0 0 1
1 0 0 0 1 0 0 0 1
12 140 1124.3146615975743 16.67 3 3 370 371
1 0 0 0 1 0 0 0 1
1 0 0 0 1 0 0 0 1
51 100 729.624648764584 16.67 3 3 372 373
1 0 0 0 1 0 0 0 1
1 0 0 0 1 0 0 0 1
51 135 523.7891247742932 16.67 3 3 374 375
1 0 0 0 1 0 0 0 1
1 0 0 0 1 0 0 0 1
21 157 50.97618007999272 16.67 3 3 376 377
1 0 0 0 1 0 0 0 1
1 0 0 0 1 0 0 0 1
21 74 23.918156753134344 16.67 3 3 378 379
1 0 0 0 1 0 0 0 1
1 0 0 0 1 0 0 0 1
21 141 44.31695167076302 16.67 3 3 380 381
1 0 0 0 1 0 0 0 1
1 0 0 0 1 0 0 0 1
3 112 695.7447178679247 16.67 3 3 382 383
1 0 0 0 1 0 0 0 1
1 0 0 0 1 0 0 0 1
3 4 27.237658291736302 16.67 3 3 384 385
1 0 0 0 1 0 0 0 1
1 0 0 0 1 0 0 0 1
4 5 660.5880553942743 16.67 3 3 386 387
1 0 0 0 1 0 0 0 1
1 0 0 0 1 0 0 0 1
4 112 703.6785836539606 16.67 3 3 388 389
1 0 0 0 1 0 0 0 1
1 0 0 0 1 0 0 0 1
87 93 589.6031369210514 16.67 3 3 390 391
1 0 0 0 1 0 0 0 1
1 0 0 0 1 0 0 0 1
87 121 412.2891717817015 16.67 3 3 392 393
1 0 0 0 1 0 0 0 1
1 0 0 0 1 0 0 0 1
87 120 424.37980906614735 16.67 3 3 394 395
1 0 0 0 1 0 0 0 1
1 0 0 0 1 0 0 0 1
88 91 616.848564857525 16.67 3 3 396 397
1 0 0 0 1 0 0 0 1
1 0 0 0 1 0 0 0 1
88 139 614.0567479500819 16.67 3 3 398 399
1 0 0 0 1 0 0 0 1
1 0 0 0 1 0 0 0 1
70 33 481.41617267402785 16.67 3 3 400 401
1 0 0 0 1 0 0 0 1
1 0 0 0 1 0 0 0 1
70 99 272.6252180279102 16.67 3 3 402 403
1 0 0 0 1 0 0 0 1
1 0 0 0 1 0 0 0 1
70 100 386.51016430568905 16.67 3 3 404 405
1 0 0 0 1 0 0 0 1
1 0 0 0 1 0 0 0 1
89 151 1484.4933351589805 16.67 3 3 406 407
1 0 0 0 1 0 0 0 1
1 0 0 0 1 0 0 0 1
89 91 28.103636040107364 16.67 3 3 408 409
1 0 0 0 1 0 0 0 1
1 0 0 0 1 0 0 0 1
89 156 169.17327604591873 16.67 3 3 410 411
1 0 0 0 1 0 0 0 1
1 0 0 0 1 0 0 0 1
90 117 491.05882843414497 16.67 3 3 412 413
1 0 0 0 1 0 0 0 1
1 0 0 0 1 0 0 0 1
14 149 196.87999128206613 16.67 3 3 414 415
1 0 0 0 1 0 0 0 1
1 0 0 0 1 0 0 0 1
14 153 266.85985939282824 16.67 3 3 416 417
1 0 0 0 1 0 0 0 1
1 0 0 0 1 0 0 0 1
91 151 1469.2245657469668 16.67 3 3 418 419
1 0 0 0 1 0 0 0 1
1 0 0 0 1 0 0 0 1
91 156 180.29273257856894 16.67 3 3 420 421
1 0 0 0 1 0 0 0 1
1 0 0 0 1 0 0 0 1
55 92 444.32071412348284 16.67 3 3 422 423
1 0 0 0 1 0 0 0 1
1 0 0 0 1 0 0 0 1
55 129 465.77010879184934 16.67 3 3 424 425
1 0 0 0 1 0 0 0 1
1 0 0 0 1 0 0 0 1
84 155 61.796279663352664 16.67 3 3 426 427
1 0 0 0 1 0 0 0 1
1 0 0 0 1 0 0 0 1
82 83 81.05027866534553 16.67 3 3 428 429
1 0 0 0 1 0 0 0 1
1 0 0 0 1 0 0 0 1
92 22 451.5225887721713 16.67 3 3 430 431
1 0 0 0 1 0 0 0 1
1 0 0 0 1 0 0 0 1
92 93 524.8955519411759 16.67 3 3 432 433
1 0 0 0 1 0 0 0 1
1 0 0 0 1 0 0 0 1
92 130 1002.509385598375 16.67 3 3 434 435
1 0 0 0 1 0 0 0 1
1 0 0 0 1 0 0 0 1
93 94 738.1852629794823 16.67 3 3 436 437
1 0 0 0 1 0 0 0 1
1 0 0 0 1 0 0 0 1
93 123 884.02626333978 16.67 3 3 438 439
1 0 0 0 1 0 0 0 1
1 0 0 0 1 0 0 0 1
94 59 1704.842291180299 16.67 3 3 440 441
1 0 0 0 1 0 0 0 1
1 0 0 0 1 0 0 0 1
94 57 1740.9181520617778 16.67 3 3 442 443
1 0 0 0 1 0 0 0 1
1 0 0 0 1 0 0 0 1
94 134 626.7625259262823 16.67 3 3 444 445
1 0 0 0 1 0 0 0 1
1 0 0 0 1 0 0 0 1
83 96 1642.49043358836 16.67 3 3 446 447
1 0 0 0 1 0 0 0 1
1 0 0 0 1 0 0 0 1
95 96 199.847422714709 16.67 3 3 448 449
1 0 0 0 1 0 0 0 1
1 0 0 0 1 0 0 0 1
95 64 1471.1479246890856 16.67 3 3 450 451
1 0 0 0 1 0 0 0 1
1 0 0 0 1 0 0 0 1
95 171 829.1082160299459 16.67 3 3 452 453
1 0 0 0 1 0 0 0 1
1 0 0 0 1 0 0 0 1
97 128 374.4393242157081 16.67 3 3 454 455
1 0 0 0 1 0 0 0 1
1 0 0 0 1 0 0 0 1
98 122 44.21042390090827 16.67 3 3 456 457
1 0 0 0 1 0 0 0 1
1 0 0 0 1 0 0 0 1
98 52 372.0435778881432 16.67 3 3 458 459
1 0 0 0 1 0 0 0 1
1 0 0 0 1 0 0 0 1
101 104 913.7069683096897 16.67 3 3 460 461
1 0 0 0 1 0 0 0 1
1 0 0 0 1 0 0 0 1
101 105 253.5997109465035 16.67 3 3 462 463
1 0 0 0 1 0 0 0 1
1 0 0 0 1 0 0 0 1
102 103 511.9788145522548 16.67 3 3 464 465
1 0 0 0 1 0 0 0 1
1 0 0 0 1 0 0 0 1
102 159 418.69402787451355 16.67 3 3 466 467
1 0 0 0 1 0 0 0 1
1 0 0 0 1 0 0 0 1
102 134 600.1153978800178 16.67 3 3 468 469
1 0 0 0 1 0 0 0 1
1 0 0 0 1 0 0 0 1
103 169 663.8596100093 16.67 3 3 470 471
1 0 0 0 1 0 0 0 1
1 0 0 0 1 0 0 0 1
103 163 587.1088649819833 16.67 3 3 472 473
1 0 0 0 1 0 0 0 1
1 0 0 0 1 0 0 0 1
104 169 509.9214329602966 16.67 3 3 474 475
1 0 0 0 1 0 0 0 1
1 0 0 0 1 0 0 0 1
104 196 181.61425352156056 16.67 3 3 476 477
1 0 0 0 1 0 0 0 1
1 0 0 0 1 0 0 0 1
105 119 596.4811176521758 16.67 3 3 478 479
1 0 0 0 1 0 0 0 1
1 0 0 0 1 0 0 0 1
105 68 1495.8230534205886 16.67 3 3 480 481
1 0 0 0 1 0 0 0 1
1 0 0 0 1 0 0 0 1
107 164 186.39714002840955 16.67 3 3 482 483
1 0 0 0 1 0 0 0 1
1 0 0 0 1 0 0 0 1
107 161 728.823651337302 16.67 3 3 484 485
1 0 0 0 1 0 0 0 1
1 0 0 0 1 0 0 0 1
107 124 302.9254971072722 16.67 3 3 486 487
1 0 0 0 1 0 0 0 1
1 0 0 0 1 0 0 0 1
108 110 394.4874507766204 16.67 3 3 488 489
1 0 0 0 1 0 0 0 1
1 0 0 0 1 0 0 0 1
109 111 395.2977948966408 16.67 3 3 490 491
1 0 0 0 1 0 0 0 1
1 0 0 0 1 0 0 0 1
110 113 679.8370872032639 16.67 3 3 492 493
1 0 0 0 1 0 0 0 1
1 0 0 0 1 0 0 0 1
110 72 556.2517898441347 16.67 3 3 494 495
1 0 0 0 1 0 0 0 1
1 0 0 0 1 0 0 0 1
110 112 253.56862936419006 16.67 3 3 496 497
1 0 0 0 1 0 0 0 1
1 0 0 0 1 0 0 0 1
111 113 324.75015633776013 16.67 3 3 498 499
1 0 0 0 1 0 0 0 1
1 0 0 0 1 0 0 0 1
113 147 725.2846838908318 16.67 3 3 500 501
1 0 0 0 1 0 0 0 1
1 0 0 0 1 0 0 0 1
114 25 348.4586501004885 16.67 3 3 502 503
1 0 0 0 1 0 0 0 1
1 0 0 0 1 0 0 0 1
114 160 732.6978389472142 16.67 3 3 504 505
1 0 0 0 1 0 0 0 1
1 0 0 0 1 0 0 0 1
114 141 837.8521594358574 16.67 3 3 506 507
1 0 0 0 1 0 0 0 1
1 0 0 0 1 0 0 0 1
173 173 0.0 16.67 3 3 508 509
1 0 0 0 1 0 0 0 1
1 0 0 0 1 0 0 0 1
173 174 44.61872634309744 16.67 3 3 510 511
1 0 0 0 1 0 0 0 1
1 0 0 0 1 0 0 0 1
173 171 998.4353064438276 16.67 3 3 512 513
1 0 0 0 1 0 0 0 1
1 0 0 0 1 0 0 0 1
115 146 286.59182332648976 16.67 3 3 514 515
1 0 0 0 1 0 0 0 1
1 0 0 0 1 0 0 0 1
115 7 537.8317416050344 16.67 3 3 516 517
1 0 0 0 1 0 0 0 1
1 0 0 0 1 0 0 0 1
116 117 1791.3142020959635 16.67 3 3 518 519
1 0 0 0 1 0 0 0 1
1 0 0 0 1 0 0 0 1
74 152 33.0252724329982 16.67 3 3 520 521
1 0 0 0 1 0 0 0 1
1 0 0 0 1 0 0 0 1
15 150 635.6698261143489 16.67 3 3 522 523
1 0 0 0 1 0 0 0 1
1 0 0 0 1 0 0 0 1
15 152 371.0958911631652 16.67 3 3 524 525
1 0 0 0 1 0 0 0 1
1 0 0 0 1 0 0 0 1
117 118 261.9633649440302 16.67 3 3 526 527
1 0 0 0 1 0 0 0 1
1 0 0 0 1 0 0 0 1
118 136 537.3683756689549 16.67 3 3 528 529
1 0 0 0 1 0 0 0 1
1 0 0 0 1 0 0 0 1
118 120 433.8059067598036 16.67 3 3 530 531
1 0 0 0 1 0 0 0 1
1 0 0 0 1 0 0 0 1
53 131 287.10432565839255 16.67 3 3 532 533
1 0 0 0 1 0 0 0 1
1 0 0 0 1 0 0 0 1
53 125 816.9970839283188 16.67 3 3 534 535
1 0 0 0 1 0 0 0 1
1 0 0 0 1 0 0 0 1
120 67 304.64895466243235 16.67 3 3 536 537
1 0 0 0 1 0 0 0 1
1 0 0 0 1 0 0 0 1
120 138 475.1820025427471 16.67 3 3 538 539
1 0 0 0 1 0 0 0 1
1 0 0 0 1 0 0 0 1
121 31 186.43101984007342 16.67 3 3 540 541
1 0 0 0 1 0 0 0 1
1 0 0 0 1 0 0 0 1
121 138 346.0124974645983 16.67 3 3 542 543
1 0 0 0 1 0 0 0 1
1 0 0 0 1 0 0 0 1
122 130 1435.673830201754 16.67 3 3 544 545
1 0 0 0 1 0 0 0 1
1 0 0 0 1 0 0 0 1
123 134 450.78628027752757 16.67 3 3 546 547
1 0 0 0 1 0 0 0 1
1 0 0 0 1 0 0 0 1
123 165 304.46691905271155 16.67 3 3 548 549
1 0 0 0 1 0 0 0 1
1 0 0 0 1 0 0 0 1
123 130 940.1666207618889 16.67 3 3 550 551
1 0 0 0 1 0 0 0 1
1 0 0 0 1 0 0 0 1
124 162 166.24647998248028 16.67 3 3 552 553
1 0 0 0 1 0 0 0 1
1 0 0 0 1 0 0 0 1
124 133 22.244147247201774 16.67 3 3 554 555
1 0 0 0 1 0 0 0 1
1 0 0 0 1 0 0 0 1
126 127 302.6220402090916 16.67 3 3 556 557
1 0 0 0 1 0 0 0 1
1 0 0 0 1 0 0 0 1
126 128 72.07405222108723 16.67 3 3 558 559
1 0 0 0 1 0 0 0 1
1 0 0 0 1 0 0 0 1
127 18 485.2639741220472 16.67 3 3 560 561
1 0 0 0 1 0 0 0 1
1 0 0 0 1 0 0 0 1
127 142 319.6938788374883 16.67 3 3 562 563
1 0 0 0 1 0 0 0 1
1 0 0 0 1 0 0 0 1
128 151 238.06759967866958 16.67 3 3 564 565
1 0 0 0 1 0 0 0 1
1 0 0 0 1 0 0 0 1
129 22 462.5996380296412 16.67 3 3 566 567
1 0 0 0 1 0 0 0 1
1 0 0 0 1 0 0 0 1
129 148 332.8974935615668 16.67 3 3 568 569
1 0 0 0 1 0 0 0 1
1 0 0 0 1 0 0 0 1
130 158 264.36578071467454 16.67 3 3 570 571
1 0 0 0 1 0 0 0 1
1 0 0 0 1 0 0 0 1
33 32 213.44815070748203 16.67 3 3 572 573
1 0 0 0 1 0 0 0 1
1 0 0 0 1 0 0 0 1
33 34 416.39584174907736 16.67 3 3 574 575
1 0 0 0 1 0 0 0 1
1 0 0 0 1 0 0 0 1
134 163 615.5340476827458 16.67 3 3 576 577
1 0 0 0 1 0 0 0 1
1 0 0 0 1 0 0 0 1
135 163 449.84049791566395 16.67 3 3 578 579
1 0 0 0 1 0 0 0 1
1 0 0 0 1 0 0 0 1
136 137 31.669453085990398 16.67 3 3 580 581
1 0 0 0 1 0 0 0 1
1 0 0 0 1 0 0 0 1
136 138 300.81901734789136 16.67 3 3 582 583
1 0 0 0 1 0 0 0 1
1 0 0 0 1 0 0 0 1
136 8 406.65292469816484 16.67 3 3 584 585
1 0 0 0 1 0 0 0 1
1 0 0 0 1 0 0 0 1
137 9 89.63782548661835 16.67 3 3 586 587
1 0 0 0 1 0 0 0 1
1 0 0 0 1 0 0 0 1
137 138 300.71592341780047 16.67 3 3 588 589
1 0 0 0 1 0 0 0 1
1 0 0 0 1 0 0 0 1
18 142 307.1487706691298 16.67 3 3 590 591
1 0 0 0 1 0 0 0 1
1 0 0 0 1 0 0 0 1
139 49 511.3348369433213 16.67 3 3 592 593
1 0 0 0 1 0 0 0 1
1 0 0 0 1 0 0 0 1
140 167 871.8724379244194 16.67 3 3 594 595
1 0 0 0 1 0 0 0 1
1 0 0 0 1 0 0 0 1
140 174 990.1341895724808 16.67 3 3 596 597
1 0 0 0 1 0 0 0 1
1 0 0 0 1 0 0 0 1
140 66 56.453611967041276 16.67 3 3 598 599
1 0 0 0 1 0 0 0 1
1 0 0 0 1 0 0 0 1
141 157 82.27349550197597 16.67 3 3 600 601
1 0 0 0 1 0 0 0 1
1 0 0 0 1 0 0 0 1
142 151 559.219013417651 16.67 3 3 602 603
1 0 0 0 1 0 0 0 1
1 0 0 0 1 0 0 0 1
146 147 214.05701711315928 16.67 3 3 604 605
1 0 0 0 1 0 0 0 1
1 0 0 0 1 0 0 0 1
148 158 417.84839937626055 16.67 3 3 606 607
1 0 0 0 1 0 0 0 1
1 0 0 0 1 0 0 0 1
148 160 334.23226748994284 16.67 3 3 608 609
1 0 0 0 1 0 0 0 1
1 0 0 0 1 0 0 0 1
149 167 703.1649506547125 16.67 3 3 610 611
1 0 0 0 1 0 0 0 1
1 0 0 0 1 0 0 0 1
149 66 113.167568223587 16.67 3 3 612 613
1 0 0 0 1 0 0 0 1
1 0 0 0 1 0 0 0 1
154 48 468.68511403587564 16.67 3 3 614 615
1 0 0 0 1 0 0 0 1
1 0 0 0 1 0 0 0 1
154 16 213.60502508509438 16.67 3 3 616 617
1 0 0 0 1 0 0 0 1
1 0 0 0 1 0 0 0 1
162 163 357.7524427629648 16.67 3 3 618 619
1 0 0 0 1 0 0 0 1
1 0 0 0 1 0 0 0 1
164 170 209.45049969512033 16.67 3 3 620 621
1 0 0 0 1 0 0 0 1
1 0 0 0 1 0 0 0 1
165 166 303.587340115579 16.67 3 3 622 623
1 0 0 0 1 0 0 0 1
1 0 0 0 1 0 0 0 1
166 170 73.39463237921493 16.67 3 3 624 625
1 0 0 0 1 0 0 0 1
1 0 0 0 1 0 0 0 1
168 169 75.83375896383042 16.67 3 3 626 627
1 0 0 0 1 0 0 0 1
1 0 0 0 1 0 0 0 1
171 79 651.2365444628718 16.67 3 3 628 629
1 0 0 0 1 0 0 0 1
1 0 0 0 1 0 0 0 1
172 28 73.28473038385516 16.67 3 3 630 631
1 0 0 0 1 0 0 0 1
1 0 0 0 1 0 0 0 1
172 174 1053.7371017344562 16.67 3 3 632 633
1 0 0 0 1 0 0 0 1
1 0 0 0 1 0 0 0 1
143
1 196 194 192 -1
2 130 -1 128 132
3 384 382 -1 89
4 386 388 385 351
11 298 -1 296 300
13 -1 27 231 239
14 111 414 -1 416
15 -1 201 522 524
16 235 617 197 -1
17 28 -1 24 26
19 362 -1 364 366
21 380 376 378 -1
22 141 431 -1 567
23 54 52 56 -1
33 401 574 53 572
34 359 35 -1 575
36 36 -1 23 34
37 -1 44 37 42
43 240 -1 107 161
44 189 -1 241 157
51 374 -1 372 123
52 -1 459 253 205
53 247 532 -1 534
54 346 348 344 -1
55 -1 422 131 424
58 163 272 -1 274
69 166 -1 164 162
70 -1 404 400 402
81 -1 88 90 86
87 392 -1 390 394
88 193 398 396 325
89 408 406 369 410
90 165 412 291 297
91 397 418 409 420
92 423 432 434 430
93 391 436 438 433
94 440 442 444 437
95 448 83 450 452
96 365 285 447 449
97 25 454 229 269
98 456 249 293 458
99 125 403 55 259
100 373 43 361 405
101 460 462 33 45
102 466 93 464 468
103 465 99 470 472
104 474 476 461 147
105 478 213 480 463
107 482 486 267 484
110 494 496 492 489
112 389 115 497 383
113 500 -1 499 493
114 502 504 506 343
115 516 281 301 514
117 526 143 519 413
118 528 530 145 527
119 109 317 215 479
120 538 395 531 536
121 335 540 393 542
122 544 345 243 457
123 439 546 548 550
124 -1 552 554 487
127 560 562 -1 557
128 559 564 -1 455
129 566 425 568 -1
130 435 551 545 570
132 265 127 -1 349
133 555 209 121 263
134 445 469 576 547
135 578 135 375 211
136 580 582 584 529
137 586 331 588 581
138 589 543 539 583
139 237 195 399 592
140 598 594 596 371
141 507 600 381 -1
142 591 -1 602 563
148 569 133 606 608
149 -1 610 612 415
150 -1 523 367 113
151 565 603 407 419
155 427 255 71 287
156 421 411 341 -1
157 601 -1 203 377
158 129 571 -1 607
159 95 159 105 467
161 261 485 347 -1
162 -1 618 207 553
163 577 473 579 619
167 595 199 363 611
169 471 -1 475 627
171 453 81 628 513
172 630 85 -1 632
173 509 512 508 510
174 597 633 511 339
175 2 8 4 6
176 10 16 12 14
177 22 18 -1 20
178 32 30 -1 19
180 40 -1 38 31
181 39 46 50 48
182 17 49 60 58
183 64 11 62 66
184 68 21 65 70
185 -1 67 74 72
186 78 73 76 80
187 82 -1 79 84
188 -1 94 96 92
189 97 100 -1 98
190 104 102 -1 101
191 106 -1 108 103
193 118 -1 116 114
194 120 122 124 126
195 -1 138 136 134
197 144 -1 140 142
198 137 146 -1 148
200 77 150 152 154
201 156 -1 160 158
202 172 -1 170 168
203 180 176 178 174
204 179 173 182 -1
206 190 169 188 -1
207 200 204 198 202
208 206 210 -1 208
209 214 216 41 212
210 220 218 -1 222
212 226 228 -1 230
215 238 236 234 -1
216 242 246 244 248
217 245 250 -1 252
219 258 57 254 256
220 266 262 264 260
221 270 268 227 -1
223 279 276 278 233
224 275 282 -1 280
225 -1 288 286 284
229 183 304 302 306
230 308 310 312 -1
233 313 314 316 -1
234 320 322 271 318
235 324 -1 326 328
237 340 338 3 336
238 352 354 350 356
