861
1 3600 949
7
146 1178 1182 1021 1022 1191 1145
1 3600 949
6
1268 237 234 1035 859 860
1 3600 949
11
1465 1466 1524 1185 189 186 792 915 916 807 797
1 3600 949
6
1018 1110 795 792 1054 735
1 3600 949
6
1339 113 116 223 220 1061
1 3600 949
13
825 803 796 806 917 914 793 187 188 1184 1525 1467 1464
1 3600 949
7
1063 861 858 1034 235 236 1159
1 3600 949
4
785 786 820 799
1 3600 949
10
190 151 152 1359 1354 1337 1193 117 112 785
1 3600 1011
11
1125 1055 793 794 1111 1112 1371 1368 1333 977 974
1 3600 1011
5
934 1086 1369 1366 1373
1 3600 1011
18
1192 1336 1355 1358 153 150 191 184 1112 1458 1077 873 870 1473 1399 1277 1278 1412
1 3600 1011
10
429 426 1044 1095 799 800 737 732 1086 1369
1 3600 1011
24
776 1169 1166 115 110 922 1126 929 932 1177 1172 1178 1182 1021 1022 1191 1186 1161 927 924 1075 873 874 1082
1 3600 1011
17
777 778 791 786 809 804 922 1128 1360 929 930 149 150 191 184 1112 1458
1 3600 1011
12
429 426 1044 791 784 113 110 920 1005 1006 1085 1086
1 3600 1011
7
797 800 737 732 1086 865 866
1 3600 1011
14
1226 1185 1021 1022 1191 1188 1379 1211 1163 927 924 1075 873 874
1 3600 1011
8
1358 153 150 191 184 1112 1458 1077
1 3600 1011
6
1112 1371 1366 1373 869 866
1 3600 1011
11
1465 1468 749 746 756 1114 1144 1188 1379 1376 1559
1 3600 1011
18
1339 113 116 1192 1336 1360 929 930 1053 793 794 1111 1019 1022 1191 1188 1379 1376
1 3600 1011
8
1178 1182 1021 1022 1191 1188 1379 1376
1 3600 1011
3
1379 1376 1459
1 3600 1011
7
1053 793 187 184 1112 1371 1366
1 3600 1011
5
916 1005 1006 1085 1086
1 3600 1011
6
794 1111 1019 1022 1191 1186
1 3600 1011
34
1166 219 220 857 858 1036 1390 1492 1494 1421 1422 65 62 281 282 301 298 591 425 422 539 536 545 542 1104 1463 1223 1220 1346 847 844 1411 1395 1392
1 3600 1011
11
778 1095 821 809 806 917 914 793 187 184 1112
1 3600 1011
11
1191 1186 1209 1163 927 924 1075 873 870 1561 1083
1 3600 611
35
1004 917 918 932 1177 1170 1305 1159 1156 1256 1488 1539 371 372 532 636 617 601 443 440 425 422 539 540 547 548 217 214 213 210 75 78 1046 1400 1405
1 3600 1530
30
934 1086 865 866 873 811 181 182 215 216 1064 1223 1216 91 92 89 84 951 952 995 990 1056 1228 1323 897 898 167 71 72 972
1 3600 1530
40
187 190 1164 1180 1224 1467 1468 749 746 754 1204 535 532 636 617 601 604 643 644 652 963 595 581 578 339 334 576 956 287 288 1555 1556 1576 1281 1059 1056 1228 1323 1239 1240
1 3600 1530
52
733 734 1055 1052 149 146 1173 1174 1268 237 232 1390 1492 1487 1425 657 157 158 1073 1068 1088 1512 999 829 830 1317 1314 1501 1502 1119 67 68 41 44 621 37 34 762 105 108 383 380 1247 905 902 993 990 839 832 1010 495 492
1 3600 1007
10
1356 235 236 1304 1171 1172 1178 1180 1224 1526
1 3600 1007
4
1156 1256 1486 1493
1 3600 1007
5
1115 757 747 748 1469
1 3600 1007
10
796 804 922 1126 1353 1356 1035 1036 1390 1490
1 3600 1007
10
922 1128 1355 1358 1177 1170 1305 1159 1156 1256
1 3600 1007
14
803 798 1094 1045 427 430 1063 861 858 1036 1390 1492 1487 1425
1 3600 1007
11
799 800 737 734 1055 793 187 188 1184 1525 1467
1 3600 1007
15
937 934 1086 1369 1366 1558 1377 1378 1189 1145 1115 757 747 744 1303
1 3600 1007
10
116 1192 1336 1360 1353 1356 235 236 1159 1156
1 3600 1007
15
804 922 1128 1355 1358 1177 1174 1268 237 232 1390 1492 1494 1421 1422
1 3600 1007
12
827 803 796 806 917 918 932 1177 1170 1305 1159 1156
1 3600 1007
9
1063 861 858 1036 1390 1492 1487 1488 1301
1 3600 1007
6
1191 1145 1115 757 747 744
1 3600 1007
15
149 150 1164 1180 1224 1467 1468 749 744 1303 1300 1489 1486 1494 1421
1 3600 1007
15
1339 113 114 219 220 857 858 1034 235 232 1390 1492 1494 1421 1422
1 3600 956
13
977 863 866 873 811 812 943 537 538 423 424 590 299
1 3600 956
15
1156 1256 1488 1415 1195 1198 375 372 532 636 647 439 440 592 565
1 3600 956
18
1007 737 734 1055 793 794 1111 1019 1022 1191 1145 1115 757 754 1204 535 532 636
1 3600 956
22
1043 427 430 1063 1060 1335 1336 1360 1353 1358 153 146 1178 1180 1226 1525 1467 1468 749 746 754 1204
1 3600 956
14
803 800 1006 1085 1086 1369 1370 1458 1377 1211 1163 927 924 1120
1 3600 956
32
426 445 446 776 1169 789 784 113 110 920 917 914 793 794 1111 1112 1458 1077 873 811 201 202 215 216 549 546 1213 583 580 391 388 561
1 3600 956
17
219 222 1192 1336 1360 929 930 149 150 191 188 1021 1022 1191 1188 1379 1374
1 3600 765
21
236 1269 1175 1172 1178 1182 1021 1022 1191 1186 1161 927 924 1075 873 870 1473 77 78 1048 847
1 3600 765
28
1268 237 232 1390 1492 1494 1421 1417 165 162 1319 761 758 1259 1091 985 986 1512 999 641 642 591 425 411 412 563 560 389
1 3600 1530
24
153 150 191 184 1112 1458 1077 873 870 1473 1399 1400 1351 843 285 286 957 121 122 349 346 880 623 37
1 3600 1530
34
235 236 1159 1156 1256 1425 657 157 158 1318 317 313 308 57 58 1484 1365 465 466 305 302 966 1313 1310 969 663 664 855 852 765 762 105 106 1602
1 3600 1530
42
426 1044 791 786 809 806 1005 737 732 1086 1369 1366 1373 869 866 873 811 181 182 213 210 1461 1219 1216 91 92 89 84 951 51 52 381 382 1136 1001 945 887 731 559 554 570 598
1 3600 1530
29
1005 1006 1085 1086 865 866 873 870 1473 1399 1047 1048 847 844 1450 1571 1568 1575 1572 1281 1059 839 832 507 504 1108 513 514 1254
1 3600 637
14
427 430 1063 861 858 1036 1390 1492 1494 1421 1422 65 62 659
1 3600 765
14
1174 1268 1159 1156 1256 1486 1494 1421 1417 165 162 1319 1073 1068
1 3600 1275
23
153 150 1164 1180 1224 1467 1468 749 744 1197 1198 375 372 532 636 617 601 604 643 640 996 781 467
1 3600 1530
37
796 804 922 1126 929 919 914 793 794 1111 1112 1458 1077 873 811 201 202 215 216 1066 1103 1106 1215 955 577 574 610 1118 1503 1500 1315 969 879 849 850 1453 673
1 3600 1530
44
1454 1185 1021 1022 1191 1186 1209 1163 927 924 1075 873 811 812 943 537 538 401 398 389 390 596 613 610 67 68 883 43 38 623 37 34 764 1038 1100 815 816 553 550 1541 1542 355 350 654
1 3600 1530
39
776 1169 1166 219 220 857 858 1036 1390 1492 1487 1425 657 658 281 282 301 298 643 644 652 1098 1310 969 879 231 228 673 674 893 890 469 470 359 353 354 743 738 1134
1 3600 1530
48
1339 113 110 920 1005 1006 937 934 1086 1369 1366 1373 869 866 873 870 1473 1399 1400 1351 1348 1409 1410 1448 1553 1556 1329 1326 1330 1293 89 84 951 952 995 988 1051 947 525 522 554 570 598 608 669 670 1564 1590
1 3600 1530
19
1184 1525 1467 1468 749 746 754 1201 375 372 532 634 659 157 158 761 307 310 907
1 3600 1530
27
1179 1173 1170 1305 1159 1156 1256 1486 1494 1421 1422 65 60 1419 165 162 317 314 331 332 406 365 366 451 448 457 454
1 3600 1530
42
113 116 1192 1336 1360 929 930 1053 793 187 184 1019 1022 1191 1186 1161 927 924 1075 873 870 1473 77 78 1048 1347 1344 1215 955 577 572 630 1309 1310 969 879 849 850 1453 205 206 692
1 3600 1530
41
113 110 922 1128 1355 1356 235 232 1390 1492 1487 1425 657 658 635 636 647 439 440 592 840 959 960 633 615 610 67 68 41 44 621 37 34 764 853 819 816 395 396 940 895
1 3600 1530
42
429 426 1044 1095 799 800 737 732 1086 865 866 873 811 812 943 545 542 1106 1215 955 121 122 349 346 880 623 37 34 762 105 108 1136 1477 1475 729 627 628 559 556 137 138 691
1 3600 192
12
1560 871 872 867 864 1087 1084 1007 801 798 1094 779
1 3600 192
8
1187 1190 1023 1020 1184 1525 1467 1464
1 3600 192
10
1372 1367 1370 1113 185 190 151 148 931 928
1 3600 192
4
1558 1377 1378 1189
1 3600 192
13
1367 1370 1113 185 186 792 1052 931 928 1361 1337 1334 857
1 3600 196
3
1366 1558 1377
1 3600 180
8
1366 1558 1077 873 870 1473 1399 1400
1 3600 180
4
1082 1560 1473 1399
1 3600 805
24
1413 1407 1402 1409 1410 1450 1581 1287 1288 1572 1281 1059 1056 1228 1323 497 492 898 167 71 72 972 1232 1237
1 3600 1530
28
1458 1077 873 811 181 182 213 210 1461 1219 1216 91 94 87 84 951 952 905 902 993 990 839 832 1012 271 268 239 240
1 3600 1530
40
869 866 873 811 201 202 215 216 1066 1584 1105 1106 1215 955 121 118 1117 67 68 883 43 38 623 37 34 762 105 108 27 24 739 740 1003 945 525 327 322 508 503 487
1 3600 207
9
1458 1377 1378 1189 1145 1115 757 747 748
1 3600 132
18
1187 1145 1115 757 754 1204 535 532 636 617 601 604 591 425 411 412 421 418
1 3600 132
4
873 811 812 1040
1 3600 123
15
1377 1211 1163 927 924 1075 873 870 1473 77 78 1048 1347 1344 1215
1 3600 1093
30
1077 873 811 181 182 215 216 1064 1223 1220 1346 847 285 288 1555 1556 1576 1281 1059 1056 1228 1323 897 898 167 71 72 972 1232 179
1 3600 1530
19
1559 1373 869 866 873 811 201 202 213 210 1461 1219 1216 91 92 89 84 951 948
1 3600 1530
33
1083 875 811 812 943 545 546 1213 583 580 594 962 1098 1310 969 663 251 252 773 774 941 938 469 472 474 359 362 1504 639 625 628 730 884
1 3600 1530
34
866 873 870 1473 77 78 1048 847 285 286 957 577 574 610 67 68 41 44 621 37 34 762 49 52 381 382 1136 1001 945 887 731 559 554 568
1 3600 1020
19
1458 1377 1378 1189 1145 1115 757 754 1201 1202 1538 1489 1486 1494 1421 1417 165 162 1319
1 3600 695
20
1187 1145 1115 757 747 744 1197 1194 1414 1489 1425 657 157 158 761 307 308 909 910 1008
1 3600 805
13
1082 1560 1473 1399 1400 1351 843 285 286 957 121 118 1498
1 3600 1530
31
979 863 866 873 811 812 943 537 538 401 402 418 564 840 959 960 633 630 1309 1310 969 879 231 228 205 133 5 6 257 29 32
1 3600 1530
34
1378 1189 1145 1115 757 754 1204 535 532 636 617 601 602 301 298 643 640 829 830 1317 969 663 660 99 102 696 343 11 8 266 480 359 353 356
1 3600 1530
32
863 866 873 870 1473 1399 1277 1278 1407 1402 1409 1410 1450 1571 1568 1575 1572 1281 1059 991 988 1051 947 525 522 554 570 598 606 667 670 1562
1 3600 1530
41
873 811 181 182 215 216 549 546 1213 583 578 339 336 613 610 67 68 883 880 623 37 34 762 105 108 27 22 1130 1475 729 627 628 559 554 570 598 608 669 670 1564 1590
1 3600 1530
26
1413 1407 1402 1349 843 846 1347 1344 1215 955 121 118 1498 1503 1500 1315 1316 967 964 171 168 588 1439 1440 1517 367
1 3600 1530
16
1393 1394 1410 845 285 286 957 577 572 630 1309 1312 967 964 459 460
1 3600 1530
28
1083 875 811 812 943 537 538 409 412 563 560 584 651 652 1098 1310 969 879 849 850 1453 205 206 694 1550 3 6 257
1 3600 1530
48
1378 1189 1145 1115 757 747 744 1303 1300 1489 1486 1494 1421 1422 65 60 1419 165 162 317 313 310 907 912 723 687 688 589 169 170 965 966 1313 1310 969 879 231 228 205 208 101 96 769 13 8 264 476 478
1 3600 1530
29
1558 1077 873 870 1473 77 78 1048 847 844 1448 1553 1556 1329 1326 1330 1293 89 84 951 952 995 990 839 832 1010 143 140 690
1 3600 392
21
1299 1297 1079 875 872 1074 925 926 1160 1187 1190 1023 1020 1183 1179 147 152 1359 1352 1127 923
1 3600 143
4
1079 875 872 867
1 3600 143
8
1276 1398 1472 871 872 867 862 974
1 3600 373
3
1403 1404 1401
1 3600 114
23
1394 1410 1450 1581 1578 1575 1572 1281 1059 1056 1228 1323 497 492 898 167 71 72 972 1232 179 174 1546
1 3600 695
36
1299 1297 1079 875 811 201 202 215 216 1066 1584 1463 1223 1216 91 94 87 84 951 952 905 902 993 990 1056 1228 1323 897 898 167 71 72 972 1232 1237 437
1 3600 1530
41
1299 1297 1079 1082 1560 1473 77 74 1461 1219 1222 1462 1105 1106 1215 955 121 122 349 346 43 38 623 37 34 762 1093 47 52 381 382 1136 1001 945 525 526 129 124 1148 1147 511
1 3600 956
16
1398 1472 871 872 1074 925 926 1162 1208 1187 1190 1023 1020 1184 1525 1526
1 3600 203
20
1394 1410 845 846 1347 1221 1222 1462 1585 1103 543 546 541 538 423 424 441 442 600 616
1 3600 120
8
1394 1410 1448 1586 289 286 957 577
1 3600 120
5
1351 843 844 1450 1571
1 3600 356
23
1299 1297 1079 875 811 812 943 537 538 401 398 389 390 596 613 610 67 68 41 44 621 37 34
1 3600 765
21
1079 1082 1560 1473 1399 1047 1048 847 285 288 1587 1553 1556 1329 1324 1291 89 84 951 952 995
1 3600 1530
37
1081 875 811 181 182 215 216 549 546 1213 583 578 339 334 574 610 1118 1503 1500 1315 969 663 251 248 1295 553 550 1541 1542 1507 1504 639 625 628 559 523 526
1 3600 1530
20
1407 1402 1409 1410 1450 1581 1567 1568 1575 1572 1281 1059 839 832 1012 509 323 324 529 530
1 3600 1530
18
1351 843 846 1347 1221 1222 1065 549 544 537 538 423 424 590 605 602 283 280
1 3600 1177
20
1047 1048 1347 1344 1215 955 577 335 336 981 961 962 653 645 640 998 1513 1089 1069 1070
1 3600 765
10
1407 1402 1349 843 285 286 957 121 118 1117
1 3600 1020
17
1079 875 811 201 202 215 216 1066 1103 1106 1215 955 121 122 349 344 883
1 3600 1530
23
1079 1082 1560 1473 77 74 1461 1219 1216 91 92 89 84 619 37 34 764 1038 1100 815 816 1294 1029
1 3600 1530
26
1081 875 811 812 943 537 540 1213 583 580 596 613 610 67 68 883 880 623 37 34 762 105 108 27 24 1134
1 3600 1530
32
1400 1405 1402 1409 1410 1448 1553 1556 1329 1326 1330 1293 89 84 951 51 52 1247 905 902 993 988 1051 947 525 522 556 667 670 1562 1589 1590
1 3600 1530
22
1299 1297 1079 875 811 812 943 537 538 409 410 424 441 438 646 637 634 63 60 1419 165 160
1 3600 1530
22
1079 1082 1560 1473 77 78 1048 1347 1344 1215 955 577 572 630 1309 1312 967 319 320 328 1534 1275
1 3600 1530
16
1351 843 285 286 957 121 118 1498 1503 1500 1315 969 663 660 99 100
1 3600 1530
24
1402 1409 1410 1450 1581 1287 1288 1572 1577 1329 1326 1330 1293 89 84 619 37 34 764 1038 1100 1520 1457 895
1 3600 1530
26
1297 1079 1082 1560 1473 1399 1047 1048 847 844 1450 1571 1568 1575 1572 1281 1059 839 832 1012 271 272 598 606 137 134
1 3600 1391
15
1397 1394 1408 1403 1406 1279 1276 1398 1472 871 872 1076 1459 1113 185
1 3600 611
34
433 436 1236 1233 973 73 70 166 899 896 1322 1229 1057 991 994 953 950 85 88 93 90 1217 1218 1460 211 212 183 180 810 872 867 868 1372 1367
1 3600 111
24
1236 1233 973 73 70 166 899 493 494 1011 833 838 1058 1280 1573 1574 1569 1570 1451 845 842 1350 1401 1277
1 3600 392
5
175 178 1237 437 432
1 3600 82
12
1545 175 178 1233 973 73 70 166 899 493 496 1322
1 3600 546
13
1236 1233 973 73 70 166 899 493 494 1011 507 504 1108
1 3600 1530
25
1397 1394 1410 845 846 1347 1221 1222 1462 1105 543 546 541 538 423 424 590 299 300 283 280 63 64 1423 1420
1 3600 765
40
175 178 1233 973 73 70 166 899 896 1322 1229 1057 991 992 903 904 1246 53 48 763 35 36 620 45 40 69 66 1116 119 120 954 1214 1107 1102 1067 217 214 203 200 810
1 3600 152
21
433 436 1236 1233 973 73 70 166 899 493 496 1322 1229 1057 991 994 953 950 85 88 1292
1 3600 144
3
433 436 1236
1 3600 207
23
1593 433 436 1236 1233 973 73 70 166 899 493 494 1011 1012 509 323 326 524 944 1000 1137 383 380
1 3600 729
17
1397 1394 1410 1448 1553 1556 1576 1281 1059 839 832 507 504 1108 1153 753 750
1 3600 1530
30
1397 1394 1410 1448 1586 1555 1556 1329 1324 1291 89 84 951 948 47 52 381 382 1136 1001 945 525 526 129 126 752 1151 1147 519 520
1 3600 1530
46
175 178 1233 973 73 70 166 899 493 494 1011 1012 509 323 326 524 944 1002 741 742 355 352 358 471 468 891 892 675 672 1452 851 848 878 968 1316 831 828 998 1513 987 984 1090 1258 759 760 1318
1 3600 1530
38
1236 1233 973 73 70 166 899 896 1322 1229 1057 991 992 903 904 1246 53 46 1092 763 764 853 854 665 662 968 1316 967 303 304 467 464 1364 1485 59 56 309 312
1 3600 1020
36
1236 1233 973 73 70 166 899 493 494 1011 507 504 529 527 522 558 629 624 638 1505 1506 1543 1540 551 552 1294 249 250 662 968 1311 1312 831 783 467 464
1 3600 805
21
1236 1233 973 73 70 166 899 896 1322 1229 1057 991 994 953 51 48 763 35 36 622 39
1 3600 1177
31
1545 175 178 1233 973 73 70 166 899 493 494 1011 833 836 1026 947 944 727 728 741 742 1507 363 358 475 473 468 939 397 394 817
1 3600 1530
15
973 73 70 166 899 493 494 143 140 690 139 136 667 668 1600
1 3600 1530
19
1236 1233 973 73 70 166 899 493 494 1011 1012 271 272 598 608 669 670 1564 1590
1 3600 1530
50
1236 1233 973 73 70 166 899 493 496 1322 1229 1057 991 992 903 904 1246 381 382 109 104 763 35 36 622 881 882 69 66 611 612 597 594 958 841 593 590 643 640 998 1522 1532 683 678 686 722 1017 415 416 365
1 3600 1530
35
175 178 1233 973 73 70 166 899 896 1322 1229 1057 991 994 953 948 1092 763 35 36 620 45 42 882 69 66 1118 1503 1500 1315 1316 967 319 320 328
1 3600 1530
32
1547 175 178 1233 973 73 70 166 899 493 494 1011 833 834 1025 263 260 947 887 731 629 624 638 1505 363 358 481 267 9 10 342 697
1 3600 1530
31
1593 433 436 1236 1233 973 73 70 166 899 493 494 1011 1012 509 323 326 524 944 1002 1474 1131 1132 739 742 355 352 358 471 468 891
1 3600 1530
24
1236 1233 973 73 70 166 899 493 494 1011 507 504 529 527 522 558 629 624 638 1445 1446 1478 363 358
1 3600 1530
30
227 224 238 269 270 1013 833 838 1058 1280 1577 1557 1554 289 284 846 1049 79 76 1472 871 872 1076 1459 1113 185 188 1183 1179 1173
1 3600 1530
20
1057 1058 1280 1577 1557 1552 1449 845 846 1049 79 74 211 212 183 180 810 872 1076 1459
1 3600 805
24
436 1236 1233 973 73 70 166 899 493 496 1322 1229 1057 1058 1280 1573 1289 1286 1580 1451 1411 1408 1403 1406
1 3600 296
11
501 502 1013 1010 495 492 898 167 71 72 972
1 3600 296
15
499 502 1013 1010 495 492 898 167 71 72 972 1232 1237 437 432
1 3600 296
18
227 224 238 269 270 1013 1010 495 492 898 167 71 72 972 1232 179 174 1546
1 3600 235
17
224 238 483 486 502 1013 1010 495 492 898 167 71 72 972 1232 1237 437
1 3600 325
6
1229 1057 839 832 1012 503
1 3600 325
5
1241 1238 497 494 1011
1 3600 325
7
227 224 238 269 270 1013 1010
1 3600 325
10
435 436 1236 1233 973 73 70 166 899 493
1 3600 325
6
243 227 224 238 269 270
1 3600 325
5
1231 1228 1323 897 898
1 3600 1530
40
435 436 1236 1233 973 73 70 166 899 896 1322 1229 1057 991 992 903 904 953 950 619 622 39 40 69 66 611 614 632 961 958 651 645 642 605 600 616 637 634 659 656
1 3600 1530
25
70 166 899 896 1322 1229 1057 991 994 1246 53 50 950 85 86 95 90 1217 1218 1460 211 212 203 200 810
1 3600 493
18
436 1236 1233 973 73 70 166 899 493 496 1322 1229 1057 1058 1280 1577 1557 1552
1 3600 312
11
1231 1057 991 992 903 904 953 950 85 86 1340
1 3600 349
15
1549 899 493 494 1011 1012 509 323 326 524 944 1000 1137 109 106
1 3600 349
9
1229 1057 991 994 1246 381 382 109 104
1 3600 349
7
501 502 1013 833 836 263 258
1 3600 349
8
499 502 1013 833 834 1025 1026 1050
1 3600 349
17
238 269 272 571 555 558 629 626 728 1474 1131 23 26 109 104 1093 949
1 3600 329
14
1483 1229 1057 839 836 263 260 947 887 731 559 554 570 598
1 3600 329
9
499 502 509 504 529 527 524 944 727
1 3600 1530
10
1238 497 494 1011 507 323 324 1108 513 516
1 3600 1530
32
1322 1229 1057 991 992 903 904 1246 53 48 763 764 853 854 665 662 968 1311 1312 967 303 304 467 464 1362 677 680 911 906 311 312 316
1 3600 1530
28
1238 1322 1229 1057 991 994 953 948 1092 763 35 36 622 881 882 69 66 1118 1503 1500 1315 1316 831 783 780 1532 1485 1261
1 3600 1530
33
70 166 899 493 494 143 140 690 139 136 557 558 629 624 638 1505 1506 1543 1540 551 393 396 940 775 770 1032 97 100 209 204 229 230 876
1 3600 900
13
1057 991 992 903 904 1246 53 48 763 35 36 620 45
1 3600 765
16
1238 1322 1229 1057 839 834 1025 1026 947 944 1000 1137 109 104 763 764
1 3600 900
17
436 1236 1233 973 73 70 166 899 493 494 143 140 690 139 136 667 668
1 3600 1530
20
1241 1238 497 494 1011 507 504 1108 1153 753 127 128 527 522 556 667 670 1562 1589 1590
1 3600 1530
46
243 227 224 238 269 272 571 555 558 629 626 728 741 742 355 352 358 481 477 265 9 14 18 246 697 700 695 207 204 1452 851 848 878 968 1311 1312 831 828 998 1513 1089 1069 1072 1318 163 160
1 3600 1530
28
1241 1238 1322 1229 1057 839 836 263 260 947 944 727 627 624 638 1505 363 358 471 468 767 768 97 102 698 277 274 704
1 3600 1530
20
1231 1057 991 994 953 51 46 1092 763 764 1038 1100 1520 1457 775 770 1032 97 100 209
1 3600 1530
21
1241 1238 1322 1229 1057 839 834 1025 1026 947 944 1002 741 742 355 352 358 475 265 9 10
1 3600 1530
14
1057 839 836 263 260 947 887 731 629 624 638 1505 363 360
1 3600 1530
30
486 502 1013 833 838 1058 1280 1577 1557 1554 289 284 846 1049 79 76 1472 871 872 867 864 1087 733 736 1004 921 922 1126 1361 1337
1 3600 1530
22
270 1013 833 838 1058 1280 1573 1574 1569 1570 1451 845 842 1350 1401 1398 1472 871 872 867 862 974
1 3600 1530
32
1153 1151 1149 125 128 527 524 944 1000 1137 109 104 763 35 36 622 39 42 347 348 123 120 954 1214 1107 543 544 942 813 810 874 1078
1 3600 729
12
482 269 270 1013 1010 495 492 898 167 71 72 972
1 3600 185
5
838 1056 1228 1323 1239
1 3600 185
4
832 1012 503 498
1 3600 161
3
506 1010 495
1 3600 1530
36
1013 833 834 1025 1026 1050 989 992 903 904 953 950 619 620 45 40 69 66 611 575 335 338 579 580 391 388 561 564 593 441 438 646 637 533 534 1205
1 3600 1530
28
515 510 1146 1149 125 128 527 524 944 1000 1137 109 104 763 35 36 622 881 347 348 123 120 954 1214 1107 543 544 942
1 3600 1275
15
515 512 1153 753 127 128 527 524 946 1050 989 994 953 950 85
1 3600 1020
6
167 71 72 972 1232 179
1 3600 156
13
899 896 1322 1229 1057 991 992 903 904 1246 381 382 109
1 3600 174
6
832 1012 509 323 326 526
1 3600 174
8
1109 529 527 522 558 629 626 724
1 3600 174
7
515 512 1109 505 506 833 834
1 3600 850
8
486 502 509 504 1108 513 510 519
1 3600 1530
33
899 493 496 1322 1229 1057 991 994 1246 53 48 763 35 36 622 39 42 882 69 66 611 612 597 594 962 653 645 642 299 300 283 280 63
1 3600 1530
29
493 494 1011 507 323 326 524 944 1002 741 742 1543 1540 551 552 817 818 854 665 662 968 1316 967 303 304 780 1523 1513 987
1 3600 1530
26
482 269 272 571 555 558 629 624 638 1445 1446 1478 363 358 471 468 891 892 675 672 229 230 878 968 1311 1099
1 3600 1530
23
515 510 1146 1149 125 128 527 524 944 727 728 1474 1131 1132 25 26 109 104 763 35 36 620 45
1 3600 900
13
836 263 260 947 887 731 629 624 638 1505 1506 355 356
1 3600 589
10
504 529 527 524 944 1002 741 742 355 350
1 3600 1530
13
502 509 323 326 522 554 570 598 608 669 670 1564 1590
1 3600 1530
35
512 1153 753 127 128 527 522 558 629 624 638 1505 1506 1543 1540 551 552 1294 1029 253 250 662 968 1311 1312 967 964 171 168 588 1435 1431 449 450 367
1 3600 1530
24
899 896 1322 1229 1057 991 992 903 904 953 950 619 622 39 40 69 66 611 614 630 1309 1312 967 964
1 3600 1530
26
515 510 1146 1149 125 128 527 524 944 727 728 741 742 355 352 358 481 267 9 10 342 697 700 1550 693 207
1 3600 1530
18
1153 753 127 128 527 522 558 629 624 638 1505 363 358 475 265 9 14 18
1 3600 1530
11
1153 1151 1149 125 128 527 522 556 137 138 691
1 3600 261
13
1527 1225 1181 1165 151 152 933 928 1361 1337 1334 1061 1062
1 3600 261
12
1201 1199 1194 1414 1489 1486 1493 1391 233 234 1357 1354
1 3600 261
11
1424 1257 1157 1158 1304 1171 1176 933 919 914 793
1 3600 261
5
1391 233 236 1269 1175
1 3600 261
10
1195 1196 745 748 1469 1466 1524 1227 1181 1165
1 3600 201
15
1488 1539 1203 1200 755 756 1114 1144 1186 1161 927 924 1075 873 874
1 3600 1177
25
1390 1492 1494 1421 1422 65 62 281 282 603 604 643 644 650 959 960 980 337 334 576 956 287 284 842 1348
1 3600 1530
23
65 62 281 282 603 443 440 425 422 539 540 547 542 1104 1463 1223 1220 1346 847 844 1411 1395 1396
1 3600 1530
35
1201 375 372 532 636 617 601 602 301 298 591 592 840 959 960 633 615 610 67 68 883 43 44 621 618 951 952 995 990 1056 1228 1323 897 898 1548
1 3600 1530
51
757 754 1201 1202 1538 1489 1425 657 157 158 761 758 1259 1260 1009 681 676 1363 465 466 305 302 966 1317 969 879 849 850 1453 673 674 893 890 469 470 359 353 354 743 740 729 726 945 946 1027 837 838 1056 1228 1323 497
1 3600 209
3
1495 1487 1257
1 3600 253
12
1492 1487 1488 1301 1302 745 746 756 1114 1144 1186 1209
1 3600 253
10
1488 1539 371 372 532 636 617 601 602 301
1 3600 253
7
754 1204 535 532 636 647 439
1 3600 253
14
1609 65 62 281 282 603 443 440 425 422 539 536 942 1040
1 3600 253
12
1417 1418 61 62 635 636 617 601 604 591 592 565
1 3600 312
21
1197 1198 375 372 532 636 647 439 440 425 411 408 539 536 545 548 217 214 213 210 75
1 3600 1530
31
1256 1486 1494 1421 1417 165 162 1319 1073 1070 55 58 1484 1533 781 782 830 1313 1310 1314 1501 1502 1119 67 68 41 38 623 618 1249 1250
1 3600 1530
29
1204 535 532 636 617 601 602 301 298 643 644 652 963 595 596 613 610 67 68 883 43 44 621 37 34 762 105 106 1602
1 3600 1530
47
1492 1487 1425 657 157 158 1318 317 314 1509 193 196 414 1016 723 687 684 1306 1363 465 466 305 302 966 1317 969 663 664 855 819 816 553 550 1541 1542 1507 1479 1447 1444 639 625 628 730 886 946 261 262
1 3600 1530
46
1303 1300 1489 1486 1494 1421 1417 165 162 1319 1073 1068 1088 1512 999 829 830 1313 1310 969 879 231 228 673 674 893 890 469 470 359 353 354 743 740 1003 945 525 526 129 124 1148 1150 1152 513 514 1254
1 3600 281
4
1425 657 157 158
1 3600 281
6
1204 535 532 634 659 157
1 3600 281
17
1468 749 744 1197 1194 1414 1489 1486 1494 1421 1422 65 60 1419 165 162 1319
1 3600 209
13
757 754 1201 375 372 532 636 617 601 604 643 640 998
1 3600 695
20
657 157 158 761 307 308 909 910 681 676 1307 587 169 170 965 966 1317 969 879 876
1 3600 1530
18
757 754 1204 535 532 636 617 601 602 301 298 643 644 652 1098 1310 969 663
1 3600 1530
22
757 754 1201 375 372 532 636 617 601 604 643 644 652 1098 1310 969 663 251 252 1028 1295 553
1 3600 1530
35
1492 1494 1421 1422 65 62 281 282 301 298 591 592 840 585 389 390 581 578 339 334 574 610 67 68 345 346 880 623 37 34 762 105 108 27 22
1 3600 1530
52
1609 65 60 1419 165 162 1319 761 758 1259 1260 1484 1365 465 466 305 302 966 1313 1310 969 879 849 850 1453 205 206 694 701 696 247 19 15 8 264 474 359 362 1504 639 625 628 559 554 570 598 606 667 670 1562 1589 1590
1 3600 729
10
1201 1202 1538 1489 1486 1494 1421 1417 165 160
1 3600 1530
19
1609 65 62 659 157 158 1318 317 314 331 199 194 365 366 1516 1441 1438 589 169
1 3600 1530
25
1468 749 744 1303 1300 1489 1425 657 157 158 1073 1068 985 986 1512 999 829 830 1317 969 879 231 228 205 208
1 3600 1530
42
1527 1524 1185 1021 1022 1191 1188 1379 1374 1207 1163 927 924 1075 873 811 181 182 215 216 1066 1103 1106 1215 955 121 122 349 346 43 38 623 37 34 764 853 819 816 395 396 938 891
1 3600 1530
39
1466 1524 1185 1021 1022 1191 1186 1161 927 924 1075 873 811 201 202 213 210 1461 1219 1216 91 94 87 84 951 51 52 381 382 1136 1477 1475 729 627 628 559 556 137 138
1 3600 239
19
1123 925 926 1160 1187 1190 1023 1018 1110 795 792 915 916 807 808 787 790 1045 1042
1 3600 239
7
1210 1376 1559 1367 1368 1087 935
1 3600 289
12
374 1200 755 756 1114 1144 1186 1209 1163 927 924 1075
1 3600 289
6
200 810 872 867 868 1372
1 3600 289
8
1207 1163 927 924 1075 873 870 1561
1 3600 289
15
646 637 533 534 1205 755 756 1114 1144 1188 1379 1376 1559 1367 1368
1 3600 278
13
443 440 425 422 539 536 942 813 810 874 1078 1296 1298
1 3600 1093
27
870 1473 77 78 1048 847 285 288 1555 1556 1576 1281 1059 1056 1228 1323 897 898 167 71 72 972 1232 1237 437 432 1594
1 3600 1530
25
560 389 390 596 613 610 67 68 41 44 621 37 34 762 49 50 952 905 902 993 990 1056 1228 1323 1239
1 3600 1530
37
1163 927 924 1075 873 811 181 182 215 216 549 542 1106 1215 955 121 122 349 346 880 623 37 34 762 105 108 1136 1001 945 525 526 129 126 752 1152 513 514
1 3600 283
14
183 180 810 872 1074 925 926 1162 1208 1187 1145 1115 757 747
1 3600 283
18
202 215 216 549 546 541 538 423 424 590 605 602 283 280 63 64 1423 1420
1 3600 283
17
562 413 410 424 441 442 600 616 637 533 373 370 1538 1489 1486 1493 1490
1 3600 283
19
420 413 410 424 590 605 600 616 637 533 373 374 1199 1196 745 748 1469 1466 1526
1 3600 283
13
871 872 1074 925 926 1162 1210 1378 1189 1145 1115 757 747
1 3600 309
7
942 813 810 872 1074 925 926
1 3600 309
6
603 600 616 637 533 373
1 3600 306
20
372 532 636 647 439 440 425 422 539 540 547 548 1064 1223 1216 91 92 1292 1331 1327
1 3600 306
5
403 398 389 390 596
1 3600 306
11
182 213 210 1461 1219 1216 91 92 1292 1331 1327
1 3600 306
19
384 532 636 617 601 604 591 425 422 539 536 545 542 1102 1584 1463 1223 1216 1343
1 3600 306
11
387 384 532 636 647 439 440 592 840 959 595
1 3600 306
21
384 534 1205 755 756 1114 1144 1186 1161 927 924 1075 873 811 201 202 215 216 1064 1223 1216
1 3600 306
12
1163 927 924 1075 873 870 1473 1399 1400 1405 1402 1409
1 3600 306
9
182 213 210 75 78 1048 847 285 286
1 3600 306
12
440 425 411 412 421 418 560 389 390 581 578 339
1 3600 665
32
411 412 563 560 584 959 960 633 615 610 67 68 41 38 623 618 951 952 995 990 1056 1228 1323 897 898 167 71 72 972 1232 179 176
1 3600 1391
22
811 812 943 545 542 1106 1215 955 121 122 349 344 883 43 44 621 37 34 762 105 106 1602
1 3600 1530
28
403 398 389 390 581 578 339 334 574 610 67 68 883 880 623 37 34 762 105 108 1136 1001 945 525 526 129 124 1148
1 3600 1530
30
601 604 643 644 652 1098 1310 969 663 251 248 1295 553 550 1541 1542 1507 1504 639 625 628 559 523 526 129 124 1148 1147 519 520
1 3600 215
4
602 283 280 659
1 3600 301
12
400 423 424 590 643 640 998 1513 987 984 1090 1258
1 3600 301
6
538 423 424 590 643 640
1 3600 301
3
840 651 648
1 3600 301
11
593 590 643 640 996 1532 1485 59 56 309 312
1 3600 168
15
387 384 532 636 617 601 602 301 298 643 644 650 959 960 982
1 3600 665
9
402 418 560 584 651 652 1098 1310 969
1 3600 1530
25
924 1075 873 870 1473 1399 1400 1351 843 285 286 957 121 118 1117 67 68 41 38 623 37 34 764 1038 1100
1 3600 1530
39
1163 927 924 1075 873 811 201 202 215 216 1066 1584 1105 1106 1215 955 577 572 630 1309 1310 969 879 849 850 1453 673 99 96 769 766 469 472 476 480 359 362 1479 1447
1 3600 1530
47
373 370 1538 1489 1486 1494 1421 1417 165 162 1319 761 758 55 58 1484 1533 781 305 302 966 1313 1310 969 663 664 855 819 816 553 550 1541 1542 743 740 729 627 628 559 554 570 598 608 669 670 1564 1590
1 3600 493
11
420 413 410 424 590 643 640 996 1532 683 678
1 3600 805
18
545 546 1213 583 578 339 334 574 610 1118 1503 1500 1315 1316 967 964 459 460
1 3600 1530
27
1375 1376 1077 873 811 181 182 213 210 1461 1219 1220 1344 1215 955 577 572 630 1309 1310 969 879 231 228 205 208 101
1 3600 1530
14
301 298 643 644 652 1098 1310 969 663 251 252 773 774 895
1 3600 1530
45
1123 1075 873 870 1473 77 78 1048 847 844 1450 1571 1568 1575 1572 1577 1329 1326 1330 1293 89 84 951 948 47 52 381 382 27 22 1130 1475 729 627 628 559 554 570 598 606 137 138 691 291 292
1 3600 382
17
1411 1408 1403 1404 1401 1398 1472 871 872 1076 1459 1113 1110 795 792 1054 1124
1 3600 473
10
1222 1065 217 214 203 200 810 872 867 864
1 3600 473
12
954 1214 1345 1346 1049 79 76 1472 871 872 867 868
1 3600 473
14
581 582 1212 547 548 217 214 183 180 810 872 867 862 974
1 3600 481
8
123 120 956 287 284 842 1348 1403
1 3600 481
13
1330 1293 93 90 1217 1218 1460 75 76 1472 1561 1083 1078
1 3600 481
17
1576 1573 1574 1579 1580 1451 845 846 1049 1046 1398 1472 1561 1083 1078 1296 1298
1 3600 481
5
1411 1408 1403 1406 1279
1 3600 481
12
585 399 400 539 536 942 813 810 874 1078 1296 1298
1 3600 255
22
843 844 1450 1581 1287 1288 1572 1281 1059 1056 1228 1323 897 898 167 71 72 972 1232 179 174 1546
1 3600 665
18
1568 1575 1572 1281 1059 1056 1228 1323 497 492 898 167 71 72 972 1232 1237 1234
1 3600 1530
24
843 285 288 1555 1556 1329 1326 1330 1293 89 84 951 952 905 902 993 988 1051 1027 1024 835 832 1012 271
1 3600 413
13
580 594 958 841 593 441 442 600 616 637 533 534 1205
1 3600 478
15
1462 1585 1067 549 544 537 538 423 424 441 438 646 637 533 534
1 3600 478
9
1067 217 214 203 200 810 872 1074 1120
1 3600 478
14
1570 1451 845 846 1347 1221 1222 1462 1105 543 546 541 538 401
1 3600 478
10
1580 1451 1411 1408 1349 1350 1401 1398 1472 871
1 3600 478
10
90 1217 1222 1065 549 544 537 538 409 412
1 3600 478
4
561 564 593 441
1 3600 478
7
1102 1067 217 214 183 180 810
1 3600 478
9
954 1214 1345 1346 1049 79 76 1472 871
1 3600 478
14
845 285 286 957 577 335 336 981 961 962 653 645 642 299
1 3600 478
13
1585 1067 217 214 203 200 810 872 1074 925 926 1162 1206
1 3600 478
19
1599 1217 1222 1462 1585 1103 543 546 541 538 423 424 590 605 600 616 637 533 373
1 3600 478
23
1554 289 286 957 577 335 338 579 580 391 388 584 651 645 642 299 300 603 600 616 637 533 534
1 3600 397
9
1048 1347 1344 1215 955 577 335 338 579
1 3600 397
7
1328 1557 1554 289 286 957 577
1 3600 397
9
1570 1451 845 846 1347 1221 1222 1462 1585
1 3600 397
7
92 1290 1325 1328 1576 1573 1574
1 3600 489
16
1571 1568 1575 1572 1281 1059 1056 1228 1323 897 898 167 71 72 972 1232
1 3600 489
10
596 613 610 67 68 883 43 44 621 37
1 3600 489
25
122 349 346 880 623 37 34 762 49 52 1247 995 990 1056 1228 1323 497 492 898 167 71 72 972 1232 179
1 3600 489
7
1599 91 94 87 84 619 37
1 3600 489
4
1342 91 94 1340
1 3600 489
20
843 844 1448 1553 1556 1576 1281 1059 1056 1228 1323 897 898 167 71 72 972 1232 179 176
1 3600 489
5
1288 1572 1577 1329 1324
1 3600 332
15
334 574 610 67 68 41 44 621 37 34 762 105 108 1136 1477
1 3600 1093
24
1288 1572 1577 1329 1326 1330 1293 89 84 951 952 905 902 993 988 1051 261 262 837 832 507 504 1108 1153
1 3600 1530
18
1348 1409 1410 1450 1581 1578 1575 1572 1281 1059 839 832 507 323 324 1108 513 516
1 3600 695
25
1219 1220 1344 1215 955 121 118 1498 1503 1500 1315 1316 831 783 467 464 1362 677 680 911 906 1508 315 313 306
1 3600 329
6
594 962 653 645 640 998
1 3600 329
18
981 633 630 1309 1312 967 303 304 467 464 1362 1307 685 686 722 913 908 309
1 3600 465
9
843 285 286 957 577 335 336 981 982
1 3600 465
6
289 286 957 121 118 1498
1 3600 465
3
118 1117 67
1 3600 465
9
1552 1586 289 286 957 121 118 1117 67
1 3600 465
6
583 580 596 613 610 1118
1 3600 465
9
1223 1220 1344 1215 955 577 335 336 981
1 3600 465
5
957 121 118 1117 67
1 3600 465
15
1599 1217 1220 1344 1215 955 121 118 1498 1503 1500 1315 1316 831 783
1 3600 459
6
92 89 84 619 622 881
1 3600 459
7
613 610 67 68 883 43 38
1 3600 459
4
121 122 349 346
1 3600 637
25
1578 1575 1572 1577 1329 1324 1291 89 84 619 37 34 764 1038 1100 1520 1457 941 938 469 470 359 353 350 654
1 3600 1530
23
1064 1223 1216 91 94 87 84 951 51 52 381 382 1136 1001 945 887 731 559 554 570 598 608 1600
1 3600 1530
25
122 349 346 880 623 37 34 762 105 108 27 24 1133 1130 1475 729 627 628 559 556 667 670 1562 1589 1590
1 3600 566
25
1330 1293 93 90 1217 1222 1065 549 544 537 538 423 424 590 643 640 998 1522 1532 683 678 688 1435 1432 1517
1 3600 527
17
549 546 1213 583 580 594 962 1098 1312 967 319 320 328 1534 1263 1264 461
1 3600 765
15
1330 1293 89 84 619 37 34 764 853 854 665 660 99 96 713
1 3600 1530
26
1461 1219 1220 1344 1215 955 577 572 630 1309 1310 969 879 849 850 1453 205 206 692 1551 701 696 343 11 8 266
1 3600 1530
21
846 1347 1344 1215 955 121 118 1498 1503 1500 1315 969 879 231 228 673 674 893 890 469 470
1 3600 1530
29
36 620 45 42 882 69 66 611 614 632 961 958 651 645 642 299 300 283 280 63 64 1423 1420 1495 1487 1257 1157 1158 1304
1 3600 900
26
178 1233 973 73 70 166 899 493 496 1322 1229 1057 1058 1280 1577 1557 1552 1449 1411 1408 1403 1404 1401 1398 1472 1561
1 3600 364
14
35 36 618 85 88 1292 1331 1327 1328 1557 1552 1449 1411 1395
1 3600 150
18
951 952 995 990 1056 1228 1323 497 492 898 167 71 72 972 1232 1237 437 432
1 3600 268
15
178 1233 973 73 70 166 899 493 494 1011 1012 271 268 483 484
1 3600 765
8
178 1233 973 73 70 166 899 493
1 3600 1530
37
177 178 1233 973 73 70 166 899 896 1322 1229 1057 1058 1280 1573 1289 1286 1580 1451 845 846 1049 79 74 211 212 183 180 810 872 1074 925 926 1160 1187 1145 1115
1 3600 510
17
348 123 120 954 1214 1345 1221 1218 1460 211 212 203 200 810 872 1074 1120
1 3600 88
7
348 123 120 954 1214 1345 1221
1 3600 88
12
1341 95 90 1217 1222 1462 1105 543 546 1213 583 578
1 3600 356
18
178 1233 973 73 70 166 899 896 1322 1229 1057 991 994 953 950 85 86 1340
1 3600 59
15
344 41 44 621 37 34 762 1093 47 52 1247 905 902 993 988
1 3600 463
9
1251 1248 951 952 995 988 1051 947 525
1 3600 1530
15
762 105 108 1136 1001 945 525 526 129 126 752 1152 513 514 1254
1 3600 1530
19
35 36 620 45 40 69 66 611 612 597 391 388 561 564 593 441 438 646 637
1 3600 956
19
1341 95 90 1217 1222 1065 549 544 537 538 409 410 424 590 643 640 998 1513 987
1 3600 218
10
36 622 881 882 69 66 611 614 632 961
1 3600 90
29
177 178 1233 973 73 70 166 899 493 494 1011 833 834 1025 1026 1050 989 992 903 904 1246 53 46 1092 763 764 853 854 665
1 3600 259
19
1291 89 84 619 37 34 764 1038 1100 815 816 395 392 550 1541 1542 355 350 654
1 3600 850
20
1251 1248 951 948 47 52 381 382 27 24 739 740 729 627 628 559 554 570 598 606
1 3600 1530
18
178 1233 973 73 70 166 899 493 494 143 140 690 139 136 667 670 1564 1590
1 3600 1530
21
1248 619 622 39 42 882 69 66 1118 1503 1500 1315 1316 967 964 171 168 588 1439 1436 1429
1 3600 1093
23
344 69 66 1118 1503 1500 1315 1311 1312 967 303 304 467 464 1364 1485 1009 721 722 1017 1014 1426 1514
1 3600 850
14
1251 1248 951 51 48 763 764 853 854 665 660 99 102 698
1 3600 1177
10
1248 619 37 34 764 1038 1100 1520 1457 895
1 3600 1530
23
177 178 1233 973 73 70 166 899 493 494 1011 507 504 529 527 522 558 629 624 638 1445 1446 1480
1 3600 1530
30
380 53 46 949 950 85 88 93 90 1217 1218 1460 211 212 183 180 810 872 1076 1559 1367 1368 1087 1084 1007 1004 921 111 114 1167
1 3600 1530
20
763 35 36 622 881 347 348 123 120 956 287 284 842 1350 1401 1398 1472 871 872 1076
1 3600 1093
10
1285 1280 1577 1557 1552 1449 1411 1408 1349 1350
1 3600 289
21
1475 729 726 945 525 526 528 505 506 1010 495 492 898 167 71 72 972 1232 1237 437 432
1 3600 243
11
1247 905 902 993 990 1056 1228 1323 897 898 167
1 3600 243
10
1059 839 832 1012 271 268 239 225 226 242
1 3600 243
13
259 262 1024 835 832 1012 503 487 482 239 225 226 242
1 3600 159
12
1605 107 108 383 380 1247 995 990 1056 1228 1323 897
1 3600 1530
27
1285 1280 1573 1574 1569 1570 1451 845 846 1049 79 76 1472 871 872 1074 925 926 1162 1208 1187 1190 1023 1020 1184 1525 1467
1 3600 1391
13
994 953 950 85 88 93 90 1217 1218 1460 211 212 183
1 3600 283
10
104 763 35 36 620 45 42 347 348 123
1 3600 241
3
104 763 35
1 3600 241
14
1471 835 832 1010 495 492 898 167 71 72 972 1232 179 176
1 3600 241
9
948 1092 763 35 36 622 39 40 345
1 3600 154
7
1476 1137 383 380 1247 905 902
1 3600 214
5
382 1136 1477 1475 729
1 3600 214
10
1059 839 832 1012 509 323 324 1108 1153 1154
1 3600 214
11
107 108 1136 1001 945 887 731 559 554 570 598
1 3600 214
6
902 993 988 1051 947 525
1 3600 214
5
379 382 1136 1001 945
1 3600 1530
13
1245 993 988 1051 947 525 526 129 124 1148 1147 511 516
1 3600 1530
22
53 48 763 764 853 854 665 662 968 1316 831 828 998 1513 1089 1069 1072 1318 163 164 1418 61
1 3600 1530
24
109 104 763 764 1038 1100 815 816 1294 1029 773 770 675 672 1452 851 848 878 968 1311 1312 831 828 998
1 3600 637
21
1477 1131 1132 739 742 355 352 358 471 468 891 892 675 672 229 230 878 968 1311 1099 653
1 3600 175
9
104 763 764 853 854 665 660 672 229
1 3600 238
9
109 104 763 764 1038 1100 815 816 1294
1 3600 238
9
107 104 763 764 853 819 816 1294 249
1 3600 238
10
1471 1025 263 260 947 944 1002 741 742 1543
1 3600 171
5
27 24 739 742 355
1 3600 1530
17
1059 839 836 1026 947 887 731 559 554 570 598 608 669 670 1562 1589 1590
1 3600 1530
23
380 53 46 1092 763 35 36 620 45 40 69 66 611 614 630 1309 1312 967 964 459 462 490 1388
1 3600 1530
23
51 48 763 35 36 622 881 882 69 66 1118 1503 1500 1315 1316 967 319 320 328 1534 1275 1273 461
1 3600 900
24
904 953 948 1092 763 764 1038 1100 815 816 395 396 938 767 341 245 246 697 700 1550 3 6 257 29
1 3600 665
12
104 763 764 1038 1100 1520 1457 895 890 767 13 14
1 3600 900
13
381 382 27 22 1130 1475 729 627 628 559 556 137 134
1 3600 1530
39
599 571 555 558 629 624 638 1505 1506 1543 1540 551 552 1294 249 250 662 968 1316 967 303 304 780 1532 1485 59 54 759 760 159 156 656 1424 1257 1157 1158 1269 1175 1172
1 3600 1530
18
128 528 325 322 508 1013 833 838 1058 1280 1573 1574 1579 1580 1451 1411 1395 1392
1 3600 1530
18
1027 837 838 1058 1280 1577 1557 1554 289 284 846 1049 79 76 1472 1561 1083 1080
1 3600 1093
16
261 262 1024 835 832 1010 495 492 898 167 71 72 972 1232 179 174
1 3600 198
11
1155 1152 1109 505 506 1010 495 492 898 167 71
1 3600 306
8
571 555 523 327 322 508 1013 1010
1 3600 306
6
1152 1109 505 506 1010 495
1 3600 306
8
511 512 1109 325 322 508 1013 833
1 3600 306
4
322 506 1010 495
1 3600 306
6
129 126 752 1152 513 514
1 3600 1530
43
751 127 128 527 524 944 727 728 741 742 1507 363 358 481 267 9 12 768 97 100 209 204 1452 851 848 878 968 1311 1099 653 645 642 605 602 283 280 63 64 1423 1420 1495 1493 1391
1 3600 1530
28
571 555 558 629 626 728 1474 1476 1137 383 380 53 50 950 85 88 93 90 1217 1218 1460 211 212 203 200 810 872 1074
1 3600 956
17
260 1050 989 992 903 904 953 950 85 88 93 90 1217 1222 1462 1585 1103
1 3600 665
8
946 1050 989 994 953 950 1249 1250
1 3600 310
11
751 127 128 527 524 944 1000 1137 109 106 1604
1 3600 310
7
505 508 1013 833 838 991 992
1 3600 310
10
128 527 524 944 1000 1137 383 380 53 46
1 3600 310
16
1155 1151 1149 125 128 527 524 944 1002 1474 1131 23 26 383 380 53
1 3600 310
11
599 571 555 558 730 886 946 1050 989 992 903
1 3600 310
10
1146 1150 1152 1109 505 506 833 838 1058 1282
1 3600 310
11
751 752 1152 1109 325 322 508 1013 833 834 1470
1 3600 278
8
599 571 555 523 526 129 126 750
1 3600 278
3
558 730 884
1 3600 231
6
523 327 324 1108 513 516
1 3600 1530
31
885 731 629 624 638 1505 363 358 475 473 468 891 894 775 772 253 250 662 968 1311 1312 831 828 998 1513 987 984 1069 1072 159 156
1 3600 1530
23
1026 1050 989 994 953 51 48 763 35 36 622 39 42 882 69 66 1118 1503 1500 1315 1316 831 828
1 3600 1530
16
524 944 1000 1137 109 104 763 35 36 620 45 40 69 66 611 614
1 3600 637
17
731 629 624 638 1445 1446 1478 363 358 471 468 891 892 675 672 1452 851
1 3600 193
9
725 728 741 742 1543 1540 551 552 1294
1 3600 266
5
629 624 638 1445 1446
1 3600 266
5
887 731 629 624 638
1 3600 266
9
1025 263 260 947 944 727 728 741 742
1 3600 266
8
128 527 522 554 570 598 608 1600
1 3600 1530
11
889 731 559 554 570 598 608 669 670 1564 1590
1 3600 1530
31
731 629 624 638 1505 363 358 481 477 265 9 10 342 712 97 100 209 204 229 230 878 968 1311 1312 967 303 304 467 464 1362 677
1 3600 1530
23
1026 947 944 1002 1474 1131 1132 739 742 355 352 358 475 476 267 9 10 245 246 697 698 277 274
1 3600 1530
24
1149 125 128 527 524 944 1002 741 742 355 352 358 471 468 767 768 713 697 700 1550 3 6 257 254
1 3600 850
13
127 128 527 522 558 629 624 638 1505 363 358 471 468
1 3600 637
7
727 728 741 742 355 352 358
1 3600 1530
38
569 555 558 730 886 946 1027 837 838 1058 1280 1577 1557 1552 1449 1411 1408 1403 1406 1279 1276 1398 1472 871 872 1076 1459 1113 185 190 151 152 1359 1352 1361 1337 1334 1061
1 3600 1530
21
521 518 511 512 1109 505 506 833 838 1058 1280 1573 1574 1569 1570 1451 1411 1408 1403 1406 1412
1 3600 1530
31
569 555 558 730 886 946 1050 989 992 903 904 953 950 85 88 1292 1331 1327 1328 1557 1554 289 284 842 1350 1401 1398 1472 1561 1083 1080
1 3600 1530
21
567 555 523 526 528 325 322 508 1013 1010 495 492 898 167 71 72 972 1232 1237 437 432
1 3600 1530
4
569 570 273 268
1 3600 348
8
518 1146 1150 1152 1109 505 508 271
1 3600 1530
38
531 527 524 944 1000 1137 109 104 763 35 36 622 881 882 69 66 611 612 597 391 388 399 402 420 413 410 424 441 442 600 616 637 634 659 656 1424 1486 1493
1 3600 1530
27
531 527 524 944 1000 1137 109 104 763 35 36 620 45 42 882 69 66 611 612 597 594 958 841 593 441 442 600
1 3600 1530
22
518 511 512 1109 325 322 506 833 838 1058 1280 1573 1289 1286 1580 1451 845 846 1049 79 74 211
1 3600 1530
16
1255 515 512 1109 505 506 1010 495 492 898 167 71 72 972 1232 179
1 3600 850
11
517 512 1109 325 322 508 1013 833 836 263 258
1 3600 186
7
517 512 1109 505 506 833 836
1 3600 186
10
518 1146 1149 125 128 527 524 944 727 724
1 3600 1530
7
531 129 124 1148 1147 511 516
1 3600 1530
36
518 1146 1149 125 128 527 522 558 629 624 638 1505 1506 1543 1540 551 552 817 818 854 665 662 968 1316 967 964 171 168 586 685 679 680 911 906 311 306
1 3600 1530
39
521 518 1146 1149 125 128 527 522 558 629 624 638 1505 363 358 481 477 473 468 891 892 675 672 1452 851 848 878 968 1311 1312 967 303 304 467 464 1364 1485 1261 1258
1 3600 1530
27
517 512 1109 325 326 524 944 1002 1474 1131 23 26 109 104 763 35 36 622 39 40 69 66 611 614 630 1309 1312
1 3600 1530
17
569 555 558 629 626 728 1474 1476 1137 109 104 763 35 36 622 881 882
1 3600 1530
10
531 527 524 944 1002 741 742 1543 1540 551
1 3600 373
10
518 1146 1150 753 127 128 527 522 558 629
1 3600 1530
13
518 1146 1149 125 128 527 522 556 667 670 1562 1589 1590
1 3600 1530
33
521 518 1146 1150 1152 1109 325 322 508 1013 833 838 991 994 953 950 619 620 45 42 882 69 66 1118 1503 1500 1315 1316 967 964 171 168 588
1 3600 1530
26
517 512 1109 505 506 833 838 991 992 903 904 1246 53 46 1092 763 764 853 854 665 662 968 1316 967 964 459
1 3600 1530
18
567 555 558 629 624 638 1445 1446 1478 363 358 475 265 9 10 342 697 698
1 3600 1530
18
531 527 524 944 1000 1477 1131 1132 739 742 355 352 358 481 267 9 14 18
1 3600 1530
15
518 1146 1149 125 128 527 522 554 570 598 606 137 138 691 141
1 3600 463
12
634 63 64 1423 1420 1495 1493 1391 1037 859 856 1335
1 3600 956
18
60 1419 1416 1420 1495 1487 1257 1157 1158 1304 1171 1172 1178 1182 189 184 1112 1371
1 3600 1530
14
636 617 601 604 591 425 422 539 536 942 813 810 874 1078
1 3600 1530
36
636 647 439 440 592 840 959 960 633 615 610 67 68 883 43 38 623 618 951 952 995 990 1056 1228 1323 497 492 898 167 71 72 972 1232 179 174 1546
1 3600 1530
33
317 313 310 907 910 681 682 1365 465 466 782 830 1317 969 663 664 855 852 765 762 1093 949 952 905 902 993 990 1056 1228 1323 897 898 167
1 3600 1530
38
307 308 909 912 723 687 684 587 169 170 965 966 1313 1310 969 879 849 850 1453 673 674 893 890 469 472 474 359 362 1504 639 625 628 559 554 570 273 268 483
1 3600 175
10
1318 163 164 1416 1420 1495 1487 1488 1301 1302
1 3600 175
6
659 656 1424 1486 1493 1490
1 3600 180
21
1318 163 164 1416 1420 1495 1487 1488 1415 1195 1196 745 746 756 1114 1144 1186 1161 927 924 1120
1 3600 493
21
758 1259 1091 1088 1512 999 829 830 1313 1308 631 573 576 956 287 288 1555 1556 1576 1573 1574
1 3600 1530
24
158 1073 1068 985 986 1512 1522 781 305 302 966 1317 1314 1501 1502 1119 67 68 883 880 623 618 1249 1250
1 3600 1530
23
62 281 282 301 298 591 592 840 959 960 633 615 610 67 68 41 44 621 37 34 762 49 52
1 3600 1530
34
636 617 601 604 643 644 652 1098 1310 969 879 231 228 205 206 694 701 696 247 244 11 8 266 480 359 353 354 743 740 1003 945 525 526 129
1 3600 1530
33
761 307 310 193 194 365 366 1516 1433 1434 589 169 170 965 966 1317 969 663 251 248 1295 553 550 1541 1542 1507 1504 639 625 628 559 554 566
1 3600 251
5
634 659 157 158 1318
1 3600 131
8
307 308 57 58 1484 1533 997 641
1 3600 131
10
165 162 317 314 1509 907 910 681 682 1533
1 3600 493
13
165 162 1319 1073 1068 1088 1512 999 829 830 1313 1310 1314
1 3600 1530
25
165 162 1319 761 758 1259 1260 1484 1365 465 466 305 302 966 1317 1314 1501 1502 1119 67 68 883 43 38 623
1 3600 1530
28
158 1318 317 314 331 332 406 417 414 1016 723 687 679 676 1363 465 466 305 302 966 1313 1310 969 663 664 855 819 814
1 3600 1530
27
281 282 301 298 643 644 652 1098 1310 969 879 849 850 1453 205 208 101 96 769 766 469 470 359 362 1479 1447 1442
1 3600 1530
32
1319 1073 1068 985 986 1512 999 829 830 1317 969 879 231 228 673 674 893 890 469 470 359 362 1504 639 625 628 559 556 667 670 1564 1590
1 3600 170
10
157 158 761 307 310 193 194 365 366 451
1 3600 805
22
281 282 603 604 643 644 652 1098 1310 969 879 849 850 1453 205 133 5 6 277 274 702 1530
1 3600 1530
21
162 317 313 308 57 58 1484 1533 781 305 302 966 1313 1310 969 879 231 228 205 133 5
1 3600 1530
22
60 1419 165 162 1319 761 758 1259 1091 1088 1512 999 829 830 1317 969 663 251 252 773 774 895
1 3600 1530
42
62 281 282 603 443 440 425 411 412 563 560 389 390 596 613 610 67 68 883 880 623 37 34 762 105 108 1136 1001 945 887 731 559 554 570 598 606 137 138 691 141 144 292
1 3600 589
19
1258 759 760 159 156 656 1424 1486 1493 1391 1037 1034 1357 1354 1129 923 805 797 802
1 3600 665
16
1089 1069 1072 159 156 658 635 533 373 374 1200 755 756 1114 1144 1186
1 3600 1391
20
909 910 681 682 1533 997 641 642 591 425 422 539 536 942 813 810 874 1078 1296 1298
1 3600 1530
33
999 641 642 591 425 422 539 540 547 542 1104 1463 1223 1220 1346 847 844 1448 1553 1556 1576 1281 1059 1056 1228 1323 497 492 898 167 71 72 972
1 3600 1530
23
642 591 592 840 959 960 980 337 334 576 956 287 288 1555 1556 1576 1281 1059 839 832 1012 503 500
1 3600 1530
36
591 425 411 412 421 403 398 389 390 581 578 339 334 574 610 67 68 41 44 621 37 34 762 49 50 952 995 988 1051 261 262 1024 835 832 1012 503
1 3600 209
11
1532 1485 59 56 309 312 316 1319 159 156 656
1 3600 134
28
683 680 911 906 1508 315 316 163 164 1416 1420 1495 1487 1488 1539 1203 1200 755 756 1114 1144 1188 1379 1211 1163 927 924 1122
1 3600 134
11
58 1484 1533 997 641 642 591 425 422 539 536
1 3600 125
17
1091 985 986 1512 999 641 642 591 425 422 539 540 547 548 1064 1223 1216
1 3600 1177
36
781 305 302 966 1313 1310 1314 1501 1502 1499 119 122 349 346 43 38 623 618 951 952 905 902 993 990 1056 1228 1323 897 898 167 71 72 972 1232 179 176
1 3600 1530
17
999 829 830 1313 1308 631 615 610 67 68 883 880 623 37 34 762 1093
1 3600 1530
23
1522 781 782 830 1317 1314 1501 1502 1119 67 68 41 44 621 37 34 762 49 52 1247 995 988 1051
1 3600 1530
35
1260 1009 721 687 684 587 169 170 1030 1535 329 321 318 966 1317 969 663 251 248 1295 553 550 1541 1542 743 740 1003 945 525 327 324 1108 513 514 1254
1 3600 140
8
1261 1258 759 760 159 156 658 635
1 3600 140
5
309 306 760 159 156
1 3600 209
12
313 308 57 54 1071 1068 1088 1512 999 641 644 648
1 3600 166
9
1484 1365 465 466 305 302 966 1313 1308
1 3600 166
9
649 652 963 595 596 613 610 1118 1503
1 3600 166
9
1260 1009 721 687 688 589 169 170 965
1 3600 478
5
829 830 1317 969 879
1 3600 1530
30
1260 1484 1365 465 466 305 302 966 1313 1310 969 879 849 850 1453 205 206 692 1551 701 696 343 11 8 264 474 359 353 350 654
1 3600 1530
25
313 310 907 912 723 720 681 676 1363 465 466 782 830 1317 969 663 664 855 819 816 553 550 1541 1542 355
1 3600 1530
38
282 603 443 440 592 840 959 960 633 615 610 67 68 883 43 44 621 37 34 762 105 108 1136 1477 1475 729 627 628 559 554 570 598 608 669 670 1562 1589 1590
1 3600 191
10
642 299 300 283 280 63 60 1419 165 160
1 3600 191
13
643 640 996 1532 683 678 688 1435 1431 449 450 367 368
1 3600 191
6
683 678 688 1439 1436 453
1 3600 201
12
984 1090 1260 1009 721 687 684 587 169 170 459 460
1 3600 850
14
1512 1522 781 305 302 966 1313 1310 969 879 231 228 205 133
1 3600 1530
18
986 1512 999 829 830 1317 969 879 849 850 1453 673 674 893 890 469 472 476
1 3600 1530
30
314 331 332 406 365 366 451 448 1430 1434 589 169 170 965 966 1313 1310 969 663 660 99 96 769 341 11 8 266 480 359 360
1 3600 1093
28
983 961 958 841 593 590 605 600 616 637 533 373 374 1199 1196 745 748 1469 1466 1225 1181 1179 147 148 931 928 1361 1337
1 3600 850
16
66 611 575 576 954 1214 1107 1102 1067 217 214 183 180 810 872 1076
1 3600 956
15
611 575 335 338 579 582 1212 547 544 942 813 810 874 1078 1296
1 3600 1391
26
1116 119 122 349 346 880 623 618 951 952 905 902 993 990 1056 1228 1323 497 492 898 167 71 72 972 1232 1237
1 3600 1530
22
595 581 578 339 334 576 956 287 288 1587 1553 1556 1576 1281 1059 1056 1228 1323 897 898 167 71
1 3600 1530
16
68 41 38 623 37 34 762 1093 949 952 995 990 1056 1228 1323 497
1 3600 765
14
1309 1099 653 645 642 605 600 616 637 533 373 374 1199 1194
1 3600 161
11
961 958 841 593 441 438 646 637 533 385 386
1 3600 189
11
960 980 337 334 576 954 1214 1345 1346 847 842
1 3600 189
13
1311 1308 631 573 576 954 1214 1107 1104 1463 1223 1216 1598
1 3600 189
9
1308 631 573 576 954 1214 1345 1221 1218
1 3600 189
17
465 466 305 302 966 1317 1314 1501 1502 1499 119 120 956 287 288 1555 1556
1 3600 283
9
877 231 228 673 661 664 855 852 765
1 3600 611
19
830 1313 1310 1314 1501 1502 1119 67 68 883 43 44 621 37 34 762 105 106 1602
1 3600 1530
24
466 305 302 966 1317 1314 1501 1502 1499 119 122 349 346 880 623 618 951 952 905 902 993 988 1051 1027
1 3600 1530
25
595 596 613 610 67 68 41 38 623 37 34 762 105 108 1136 1001 945 525 526 129 124 1148 1147 519 520
1 3600 566
12
1362 1307 685 686 722 1017 415 197 198 330 315 316
1 3600 176
13
1321 877 878 968 1311 1312 831 783 780 1523 1513 1089 1069
1 3600 176
12
630 1309 1312 831 783 467 464 1364 1485 59 56 309
1 3600 176
7
645 640 998 1513 987 984 1090
1 3600 175
3
1314 1501 1502
1 3600 163
17
1321 877 849 850 1453 673 674 771 774 1456 1521 1101 1039 765 35 36 620
1 3600 163
7
633 615 610 67 68 883 43
1 3600 163
6
1500 1315 969 879 849 850
1 3600 527
9
466 782 830 1313 1310 969 663 664 855
1 3600 1530
23
302 966 1317 969 663 251 252 773 774 941 938 469 470 359 362 1504 639 625 628 559 556 667 670
1 3600 1530
31
1310 969 879 231 228 205 208 101 96 713 247 19 15 8 264 474 359 362 1504 639 625 628 559 554 570 598 608 669 670 1564 1590
1 3600 151
20
980 597 391 388 561 419 420 413 410 424 590 299 300 283 280 63 60 1419 165 160
1 3600 151
6
1315 1316 967 319 320 328
1 3600 151
9
1118 1503 1500 1315 1316 967 964 171 172
1 3600 207
15
1313 1310 969 879 231 228 205 206 692 3 6 277 274 702 1528
1 3600 765
11
877 849 850 1453 673 674 893 890 469 472 476
1 3600 1530
35
1364 1533 997 641 642 591 425 411 408 539 540 547 542 1104 1463 1223 1220 1346 847 844 1450 1571 1568 1575 1572 1281 1059 839 832 1010 143 140 690 297 294
1 3600 1530
25
345 348 123 120 954 1214 1107 1102 1067 217 214 203 200 810 872 867 864 1087 935 936 1007 801 798 1094 1045
1 3600 1530
18
229 230 878 968 1311 1099 653 650 585 399 400 539 536 942 813 810 874 1082
1 3600 1391
17
45 42 347 348 123 120 954 1214 1345 1346 1049 1046 1398 1472 1561 1083 1080
1 3600 1020
23
661 664 855 852 765 762 49 52 1247 995 990 1056 1228 1323 897 898 167 71 72 972 1232 179 174
1 3600 956
14
623 618 951 952 905 902 993 990 839 832 1012 503 487 484
1 3600 1530
14
621 37 34 762 105 108 1136 1001 945 525 526 528 325 322
1 3600 1530
23
39 40 69 66 611 612 597 391 388 561 562 413 410 424 441 438 646 637 533 534 1205 755 747
1 3600 611
18
45 40 69 66 611 614 632 961 962 653 645 642 605 600 616 637 533 534
1 3600 121
3
347 348 123
1 3600 114
4
621 618 1249 1250
1 3600 162
7
880 623 37 34 762 1093 949
1 3600 566
11
251 248 1295 553 550 1541 1542 743 740 729 724
1 3600 1530
16
623 37 34 762 105 108 27 22 1130 1475 729 627 628 559 554 568
1 3600 1530
25
881 882 69 66 611 575 335 338 579 580 391 388 561 419 420 413 410 424 590 299 300 283 280 63 60
1 3600 510
13
45 42 882 69 66 611 612 597 391 388 584 651 645
1 3600 107
6
878 968 1311 1312 967 303
1 3600 107
6
230 878 968 1316 967 319
1 3600 186
13
231 228 673 674 771 774 1456 1521 1101 1039 765 35 36
1 3600 125
10
205 208 101 96 1033 771 774 941 397 394
1 3600 125
8
849 850 1453 673 661 664 855 852
1 3600 463
15
231 228 205 206 694 701 696 343 11 8 266 480 359 362 1479
1 3600 1530
20
37 34 762 105 108 1136 1001 945 887 731 559 554 570 598 608 669 670 1562 1589 1590
1 3600 589
16
69 66 611 614 630 1309 1312 831 783 467 464 1362 1307 685 686 722
1 3600 193
23
622 881 882 69 66 1118 1503 1500 1315 1316 967 303 304 467 464 1362 677 680 911 912 1017 1014 1426
1 3600 84
12
623 37 34 764 1038 1100 1520 1457 775 770 1032 713
1 3600 209
10
228 205 208 101 102 696 247 19 15 8
1 3600 805
17
673 674 893 890 469 470 359 362 1504 639 625 628 559 556 137 138 1606
1 3600 1530
34
940 775 772 253 250 662 968 1311 1308 631 573 335 338 579 582 1212 547 548 217 214 183 180 810 872 1074 925 926 1160 1187 1190 1023 1020 1183 1179
1 3600 1530
22
253 250 662 968 1311 1099 963 595 581 582 1212 547 548 217 214 203 200 810 872 867 862 978
1 3600 1530
21
397 394 817 814 1101 1039 765 35 36 618 85 88 1290 1325 1328 1557 1552 1449 1411 1408 1403
1 3600 1530
16
765 762 49 52 1247 995 990 1056 1228 1323 897 898 167 71 72 972
1 3600 765
23
24 739 740 729 726 945 525 327 322 508 1013 1010 495 492 898 167 71 72 972 1232 1237 437 434
1 3600 805
15
938 469 470 359 353 354 743 740 1003 945 525 526 528 505 508
1 3600 1530
16
854 665 662 968 1311 1099 653 645 642 299 300 283 280 63 64 1423
1 3600 1530
18
770 675 672 1452 851 848 878 968 1311 1308 631 573 335 338 579 582 1212 541
1 3600 478
17
814 1101 1039 765 35 36 618 85 88 1292 1331 1327 1328 1576 1573 1574 1569
1 3600 306
6
552 817 814 1101 1039 765
1 3600 207
11
655 351 354 743 738 25 26 383 380 53 46
1 3600 207
9
1456 1521 1101 1039 765 762 105 106 1602
1 3600 207
7
855 852 765 762 1093 47 52
1 3600 162
17
774 941 397 392 550 1541 1542 743 740 729 726 945 525 526 129 126 750
1 3600 1530
17
938 469 472 474 359 362 1479 1447 1444 639 625 628 730 886 525 526 530
1 3600 1530
27
655 351 352 358 471 468 767 768 97 100 209 204 229 230 878 968 1311 1099 653 645 642 605 600 616 637 634 63
1 3600 1530
16
551 552 1294 249 250 662 968 1311 1312 831 828 998 1513 1089 1090 1258
1 3600 478
7
815 818 854 665 662 968 1311
1 3600 176
8
1039 853 854 665 660 672 229 230
1 3600 176
7
1521 1101 1039 765 35 36 622
1 3600 225
6
853 819 816 395 396 940
1 3600 174
6
765 762 105 108 27 22
1 3600 174
10
1028 1295 553 550 1541 1542 1507 1479 1447 1442
1 3600 174
17
1457 895 890 469 470 359 362 1504 639 625 628 559 554 570 598 608 1600
1 3600 1530
19
1295 553 550 1541 1542 1507 1504 639 625 628 559 554 570 598 606 667 670 1564 1590
1 3600 1530
13
253 250 662 968 1316 967 964 171 168 588 1435 1431 449
1 3600 765
19
853 854 665 662 968 1311 1312 967 303 304 780 1532 683 678 688 1439 1436 453 454
1 3600 225
9
1029 773 770 1032 97 102 698 277 278
1 3600 175
4
1457 895 890 767
1 3600 175
4
770 1032 769 341
1 3600 225
15
816 553 550 1541 1542 1507 1504 639 625 628 559 556 137 138 1606
1 3600 1530
32
353 354 743 738 25 26 383 380 53 50 950 85 86 95 90 1217 1218 1460 75 76 1472 871 872 867 868 1372 1367 1370 1113 185 190 151
1 3600 1530
28
625 626 728 1474 1476 1137 383 380 53 50 950 85 88 1292 1331 1327 1328 1557 1554 289 284 846 1049 79 76 1472 1561 1083
1 3600 1530
20
671 666 557 558 730 886 946 261 262 837 838 1058 1280 1573 1289 1286 1580 1451 1411 1395
1 3600 1530
16
137 138 691 141 142 495 492 898 167 71 72 972 1232 179 174 1546
1 3600 956
21
625 626 726 945 525 327 322 506 1010 495 492 898 167 71 72 972 1232 1237 437 432 1596
1 3600 566
8
607 599 571 555 523 526 528 1108
1 3600 1530
34
609 599 571 555 558 730 886 946 1050 989 994 953 950 85 88 93 90 1217 1222 1462 1105 543 546 541 538 423 424 441 442 602 283 280 63 64
1 3600 1530
29
671 666 557 558 629 626 728 1474 1476 1137 109 104 763 35 36 622 39 40 69 66 611 612 597 391 388 399 402 420 413
1 3600 1275
22
738 25 26 383 380 53 46 949 950 85 88 1290 1325 1328 1557 1552 1449 845 842 1350 1401 1398
1 3600 1093
8
1135 25 26 383 380 53 50 950
1 3600 162
13
668 609 599 571 555 558 730 886 944 1000 1137 109 106
1 3600 241
9
607 599 571 555 523 526 129 124 1148
1 3600 241
8
740 1003 945 525 526 129 126 750
1 3600 241
6
625 626 726 945 946 261
1 3600 241
10
1601 609 599 571 555 523 526 129 124 1148
1 3600 850
12
354 743 740 1003 945 525 327 324 1108 513 514 1254
1 3600 1530
32
624 638 1505 363 358 475 265 9 10 245 246 697 700 695 207 204 1452 851 848 878 968 1316 831 828 998 1513 987 984 1069 1072 1318 163
1 3600 1530
27
625 626 728 1474 1476 1137 109 104 763 35 36 622 881 882 69 66 611 614 632 961 958 841 593 590 643 640 998
1 3600 1530
16
1505 363 358 471 468 891 892 675 672 229 230 878 968 1311 1308 631
1 3600 463
9
1505 1506 1543 1540 551 552 1294 249 250
1 3600 251
8
1478 1506 1543 1540 551 552 817 818
1 3600 251
6
1446 1478 1506 355 350 654
1 3600 251
6
1446 1478 1506 1543 1540 551
1 3600 251
5
1132 739 742 1543 1540
1 3600 182
10
1563 671 666 557 558 629 624 638 1445 1442
1 3600 1530
5
1601 669 670 1564 1590
1 3600 1530
30
1443 1446 1478 363 358 481 267 9 10 340 768 97 100 209 204 1452 851 848 878 968 1311 1312 967 964 171 168 588 1435 1431 449
1 3600 1530
23
1601 609 599 571 555 558 629 624 638 1505 363 358 475 265 9 10 342 697 698 277 274 702 1530
1 3600 805
7
358 481 267 9 14 18 246
1 3600 207
15
1565 671 666 557 558 629 624 638 1505 363 358 471 468 767 13
1 3600 249
15
1130 1475 729 627 628 559 554 570 598 606 137 138 691 291 292
1 3600 249
5
628 559 556 137 138
1 3600 249
3
137 134 294
1 3600 1530
37
1591 1565 671 666 607 599 273 270 1013 833 838 1058 1280 1573 1574 1569 1570 1451 845 846 1049 1046 1398 1472 871 872 1074 925 926 1162 1210 1378 1189 1190 1023 1020 1183
1 3600 1530
28
1591 1588 1563 671 668 609 599 273 270 1013 833 838 1058 1280 1577 1557 1554 289 284 846 1049 79 76 1472 871 872 867 862
1 3600 1530
24
1591 1565 671 666 557 523 524 946 1027 1024 835 838 1058 1280 1573 1574 1569 1570 1451 1411 1408 1403 1404 1401
1 3600 1530
19
1591 1588 1563 671 666 137 138 691 141 142 495 492 898 167 71 72 972 1232 1237
1 3600 1530
11
1591 1565 671 666 137 138 691 141 142 495 496
1 3600 1530
13
1591 1588 1563 671 668 609 599 571 555 523 526 528 505
1 3600 1530
41
1591 1565 671 666 607 599 571 555 558 730 886 946 1050 989 992 1244 901 904 953 950 85 86 95 90 1217 1222 1065 217 214 183 180 810 872 1074 925 926 1160 1187 1145 1115 757
1 3600 1530
33
1591 1588 1563 671 668 609 599 571 555 523 524 944 1000 1137 109 104 763 35 36 622 39 40 69 66 611 612 981 961 958 841 593 441 442
1 3600 1530
19
1591 1565 671 668 609 599 273 270 1013 833 838 1058 1280 1577 1557 1552 1449 845 846
1 3600 1530
18
1591 1588 1563 671 666 557 558 730 886 946 1050 989 994 953 950 85 86 1340
1 3600 1530
18
1591 1565 671 666 607 599 571 555 558 629 626 728 1474 1131 23 26 383 378
1 3600 1177
8
1591 1588 1563 671 666 557 558 730
1 3600 1530
16
1591 1565 671 668 609 599 571 555 523 526 129 126 752 1152 513 516
1 3600 1530
44
1591 1588 1563 671 666 557 523 524 944 1000 1137 109 104 763 35 36 620 45 42 347 348 123 118 1117 611 575 335 338 579 580 391 388 561 562 413 410 424 590 605 600 616 637 634 63
1 3600 1530
40
1591 1565 671 668 609 599 571 555 523 524 946 1050 989 992 903 904 953 950 85 88 93 90 1217 1222 1462 1585 1103 543 544 537 538 423 424 590 643 640 998 1513 1089 1069
1 3600 1530
29
1591 1588 1563 671 666 607 599 571 555 558 730 886 944 1000 1137 109 104 763 35 36 622 881 347 348 123 118 1498 1503 1500
1 3600 1530
22
1591 1565 671 668 609 599 571 555 558 629 626 728 741 742 1543 1540 551 393 394 1294 249 250
1 3600 1530
17
1591 1565 671 666 557 558 629 624 638 1505 1506 1543 1540 551 552 817 818
1 3600 413
11
1591 1588 1563 671 666 607 599 571 555 558 629
1 3600 1530
42
1591 1565 671 668 609 599 571 555 523 524 944 1000 1137 109 104 763 35 36 622 39 40 69 66 1118 1503 1500 1315 1316 831 783 467 464 1362 1307 685 688 1439 1440 1517 367 364 407
1 3600 1530
29
1591 1588 1563 671 666 557 523 524 946 1050 989 994 953 950 619 620 45 42 882 69 66 611 614 630 1309 1312 967 964 171
1 3600 1530
24
1591 1565 671 668 609 599 571 555 558 629 626 728 741 742 355 352 358 471 468 891 892 1032 97 100
1 3600 1530
18
1591 1588 1563 671 666 557 558 629 624 638 1505 363 358 475 265 9 14 20
1 3600 1530
15
1591 1565 671 666 607 599 571 555 558 629 624 638 1445 1446 1480
1 3600 1530
25
689 686 722 913 906 311 312 316 163 164 1416 1420 1495 1493 1391 233 234 1357 1352 1127 923 805 797 802 822
1 3600 1530
25
1438 689 679 682 1533 997 641 642 591 425 422 539 536 545 548 217 214 213 210 75 78 1046 1277 1278 1412
1 3600 1530
22
1516 1433 1434 689 679 682 1533 997 641 642 591 425 422 539 536 942 813 810 874 1078 1296 1298
1 3600 1530
36
1434 589 169 170 965 966 1317 1314 1501 1502 1499 119 120 956 287 288 1587 1553 1556 1576 1281 1059 1056 1228 1323 497 492 898 167 71 72 972 1232 179 174 1544
1 3600 1530
33
723 720 681 682 1533 1523 999 641 642 591 425 411 408 539 540 547 542 1104 1463 1223 1220 1346 847 844 1450 1581 1287 1288 1572 1281 1059 1056 1228
1 3600 1530
32
1008 1484 1533 997 641 642 591 425 422 539 536 545 548 1064 1223 1216 91 92 89 84 951 952 905 902 993 990 839 832 1012 271 268 483
1 3600 850
11
1509 311 306 760 159 156 656 1424 1486 1493 1391
1 3600 493
32
450 367 364 195 192 1508 315 316 163 164 1418 61 64 1423 1420 1495 1487 1488 1301 1302 745 746 756 1114 1144 1188 1379 1211 1163 927 924 1120
1 3600 493
20
689 679 682 1533 1523 999 641 642 591 425 422 539 540 547 542 1102 1584 1463 1223 1218
1 3600 1530
22
687 684 1306 1363 465 466 782 830 1313 1310 1314 1501 1502 1119 67 68 41 44 621 618 1249 1250
1 3600 1530
28
491 488 1271 1272 1274 1535 329 321 318 966 1317 1314 1501 1502 1119 67 68 883 43 44 621 37 34 762 105 108 1136 1477
1 3600 1530
26
1428 1437 1438 589 169 170 965 966 1313 1308 631 615 610 67 68 41 38 623 37 34 762 105 108 1136 1001 945
1 3600 1530
35
1516 1441 1438 689 679 682 1533 997 641 644 650 585 389 390 596 337 334 576 956 287 288 1555 1556 1576 1281 1059 839 832 507 504 1108 1153 1151 1147 519
1 3600 419
11
333 199 192 311 306 760 1318 163 164 1418 61
1 3600 419
9
1015 415 197 198 330 315 316 163 164
1 3600 441
3
1008 1261 1091
1 3600 441
12
448 1430 1434 689 679 682 1533 1523 999 641 644 648
1 3600 441
5
155 158 761 307 308
1 3600 441
12
491 463 458 171 168 586 1306 677 680 1008 1261 1091
1 3600 441
9
80 1441 1438 689 686 720 1008 1261 1091
1 3600 441
7
1433 1434 689 679 682 1533 997
1 3600 329
12
1389 491 488 1271 1265 1262 1535 329 321 318 966 1313
1 3600 329
18
1015 1016 913 908 57 54 1071 1068 985 986 1512 999 641 644 652 963 960 982
1 3600 637
23
907 910 681 676 1363 465 466 305 302 966 1317 969 879 849 850 1453 205 133 5 6 257 29 32
1 3600 1530
21
405 406 417 414 1016 723 720 681 676 1363 465 466 782 830 1317 969 663 251 252 1028 1295
1 3600 1530
23
448 1428 1437 1438 589 169 170 965 966 1313 1310 969 663 660 99 96 769 13 8 264 476 480 359
1 3600 1530
50
1015 415 416 195 192 311 306 760 159 156 658 635 636 647 439 440 425 411 408 539 536 545 548 1066 1584 1463 1223 1216 91 92 89 84 951 952 995 988 1051 1027 837 832 1012 271 272 598 608 669 670 1562 1589 1590
1 3600 425
12
1509 907 910 721 687 684 587 169 170 459 462 490
1 3600 425
3
199 196 414
1 3600 425
3
1436 1429 449
1 3600 476
9
1430 1432 1517 367 364 417 414 1014 1426
1 3600 476
24
1430 1434 689 684 1306 1363 465 466 305 302 966 1317 969 879 231 228 205 206 692 3 6 257 29 30
1 3600 476
6
1016 723 687 684 587 169
1 3600 476
4
681 676 1307 587
1 3600 476
9
155 158 1073 1070 55 58 1009 681 676
1 3600 476
9
406 365 366 1516 1441 1438 589 169 172
1 3600 476
12
448 1428 1437 1438 589 169 170 1030 1263 1266 1273 1270
1 3600 476
11
406 365 366 1516 1433 1434 589 169 170 1030 1263
1 3600 476
22
1438 689 684 1306 1363 465 466 782 830 1313 1310 969 879 849 850 1453 205 133 5 6 277 274
1 3600 478
22
451 448 1430 1434 589 586 1306 1363 465 466 305 302 966 1317 969 879 231 228 205 206 694 1550
1 3600 1530
23
333 330 1509 907 908 57 54 1259 1091 1088 1512 999 829 830 1313 1310 969 663 660 99 102 696 247
1 3600 1530
26
161 164 1418 61 62 281 282 301 298 643 644 652 1098 1310 969 663 251 252 773 774 941 938 469 470 359 360
1 3600 1530
25
173 168 586 685 686 720 911 908 309 306 760 159 156 656 1424 1488 1415 1195 1196 745 746 756 1114 1144 1188
1 3600 1530
34
1274 1535 329 321 318 303 304 780 1532 1485 59 54 1071 1072 1318 163 164 1416 1420 1495 1487 1257 1157 1158 1269 1175 1176 153 150 191 184 1112 1371 1366
1 3600 1530
21
276 7 4 132 204 229 230 878 968 1311 1308 631 573 576 954 1214 1345 1346 1049 1046 1277
1 3600 1530
33
489 463 458 965 966 1317 1314 1501 1502 1499 119 120 956 287 288 1555 1556 1576 1281 1059 1056 1228 1323 897 898 167 71 72 972 1232 179 174 1544
1 3600 1530
25
275 276 699 103 98 661 664 855 852 765 762 49 52 1247 905 902 993 990 839 832 1012 271 268 239 240
1 3600 1530
27
458 965 966 1313 1310 1314 1501 1502 1119 1116 119 122 349 346 880 623 618 951 952 995 990 1056 1228 1323 497 492 898
1 3600 1530
25
276 7 2 693 207 204 1452 851 848 878 968 1311 1099 653 645 642 605 600 616 637 533 373 374 1199 1196
1 3600 765
20
1531 703 275 276 7 4 132 204 229 230 878 968 1311 1099 653 645 642 299 300 603
1 3600 413
9
458 965 966 1313 1308 631 632 980 337
1 3600 1391
33
1531 703 275 276 699 103 98 661 664 855 852 765 762 1093 47 52 1247 905 902 993 990 1056 1228 1323 897 898 167 71 72 972 1232 179 176
1 3600 1391
30
1515 1427 1015 1016 913 910 1008 1484 1365 465 466 782 830 1317 1314 1501 1502 1119 67 68 883 43 44 621 37 34 762 105 106 1604
1 3600 1530
25
965 966 1317 1314 1501 1502 1119 67 68 41 38 623 37 34 762 105 108 1136 1001 945 525 526 129 126 750
1 3600 1530
36
455 452 1437 1438 689 679 682 1533 997 641 642 591 425 422 539 540 547 548 1064 1223 1216 91 94 87 84 951 952 995 988 1051 947 887 731 559 554 568
1 3600 900
10
1515 1427 1015 415 197 198 330 315 316 163
1 3600 207
19
1531 703 275 276 7 2 693 207 204 1452 851 848 878 968 1316 831 828 998 1513
1 3600 289
10
1272 1267 1262 1535 329 321 318 303 304 467
1 3600 289
15
1531 703 275 276 7 4 132 204 229 230 878 968 1314 1501 1502
1 3600 289
7
1535 329 321 318 966 1313 1099
1 3600 289
4
321 318 966 1313
1 3600 189
8
1262 1031 965 966 1317 969 663 660
1 3600 805
12
329 321 318 966 1317 969 663 664 855 819 814 1520
1 3600 1530
10
275 276 699 696 343 11 8 266 480 359
1 3600 1530
35
461 458 965 966 1313 1308 631 615 610 67 68 883 880 623 37 34 762 105 108 27 22 1130 1475 729 627 628 559 554 570 598 608 669 670 1564 1590
1 3600 282
3
685 688 1439
1 3600 282
3
677 680 911
1 3600 282
27
31 28 256 7 2 1551 695 207 204 1452 851 848 878 968 1311 1312 967 303 304 467 464 1364 683 678 688 1435 1432
1 3600 282
13
173 168 586 685 686 722 913 906 311 312 316 163 160
1 3600 282
17
703 275 276 7 4 132 204 229 230 878 968 1316 967 964 171 168 588
1 3600 282
10
171 168 588 1439 1440 1517 367 364 407 333
1 3600 198
17
461 458 965 966 1317 969 879 849 850 1453 205 206 692 3 6 277 274
1 3600 256
15
1306 1363 465 466 782 830 1313 1310 969 879 231 228 205 206 694
1 3600 256
7
1531 703 275 276 7 2 1551
1 3600 256
14
329 321 318 966 1317 969 879 849 850 1453 673 99 96 713
1 3600 256
17
1519 1271 1265 1266 1274 1031 965 966 1313 1310 969 879 231 228 205 133 130
1 3600 527
12
461 458 965 966 1317 969 663 251 252 773 774 895
1 3600 1530
20
1272 1274 1535 329 321 318 966 1313 1310 969 663 251 248 1295 395 396 938 469 472 474
1 3600 1530
29
204 1452 851 848 878 968 1311 1308 631 573 576 954 1214 1107 1102 1067 217 214 203 200 810 872 1076 1459 1113 185 190 151 152
1 3600 1530
34
699 696 343 340 766 891 894 1456 1521 1101 1039 765 35 36 622 881 347 348 123 120 954 1214 1107 543 544 942 813 810 872 867 864 1333 977 974
1 3600 1530
22
1529 703 275 276 699 103 98 661 662 968 1314 1501 1502 1499 119 120 956 287 284 842 1350 1401
1 3600 1530
27
247 19 15 8 264 474 359 353 354 743 740 1003 945 525 327 322 506 1010 495 492 898 167 71 72 972 1232 1237
1 3600 1530
22
701 696 343 11 8 266 480 359 353 354 743 740 729 726 945 525 526 528 505 508 503 498
1 3600 1530
28
2 1551 701 103 96 1033 771 772 1028 1295 817 814 1101 1039 765 762 49 52 1247 905 902 993 990 1056 1228 1323 897 898
1 3600 1530
24
131 132 204 229 230 878 968 1311 1099 653 650 841 593 441 438 646 637 533 534 1205 755 747 748 1469
1 3600 1530
28
695 207 204 1452 851 848 878 968 1311 1308 631 573 576 954 1214 1107 1104 1585 1067 217 214 183 180 810 872 1074 925 926
1 3600 566
22
207 208 101 98 661 664 855 852 765 35 36 618 85 88 1292 1331 1327 1328 1576 1573 1289 1286
1 3600 1020
19
699 103 96 769 766 939 397 394 817 814 1101 1039 765 35 36 618 85 88 1290
1 3600 765
17
694 701 696 712 1033 771 772 1028 1295 817 818 852 765 762 105 106 1604
1 3600 1391
20
28 256 699 696 247 244 11 8 264 474 359 353 354 743 740 1003 945 525 526 129
1 3600 1530
16
699 696 343 11 8 266 480 359 362 1504 639 625 628 559 554 568
1 3600 1530
19
2 693 207 204 229 230 878 968 1311 1312 831 828 998 1513 987 984 1069 1072 1318
1 3600 805
9
204 1452 851 848 878 968 1311 1099 1096
1 3600 191
13
1529 703 275 276 7 4 132 204 229 230 878 968 1316
1 3600 157
8
279 276 7 2 693 207 204 1452
1 3600 157
14
131 132 208 101 98 661 664 855 852 765 35 36 620 45
1 3600 225
7
96 769 766 939 397 394 817
1 3600 729
13
28 256 699 103 96 1033 893 890 469 470 359 353 350
1 3600 1530
20
96 769 766 469 470 359 362 1479 1447 1444 639 625 628 559 556 667 670 1562 1589 1590
1 3600 413
27
28 256 7 2 1551 695 207 204 1452 851 848 878 968 1311 1312 967 303 304 780 1532 1485 59 56 909 906 193 198
1 3600 184
18
712 1033 771 772 253 250 662 968 1316 967 319 320 328 1534 1275 1267 1264 1270
1 3600 184
16
103 98 661 662 968 1311 1312 967 319 320 328 1534 1275 1273 1270 1518
1 3600 184
3
3 6 277
1 3600 225
5
101 102 700 1550 3
1 3600 198
8
256 699 696 247 19 15 12 766
1 3600 198
9
7 2 1551 701 696 343 340 766 469
1 3600 198
8
279 276 699 696 247 244 11 12
1 3600 566
26
1529 703 275 276 7 2 1551 701 696 343 11 8 264 474 359 362 1504 639 625 628 559 554 570 598 606 137
1 3600 1530
45
891 894 1456 1521 1101 1039 765 35 36 622 39 42 347 348 123 120 954 1214 1345 1346 1049 79 76 1472 871 872 867 868 1372 1367 1368 1087 733 736 1004 807 808 787 788 1168 777 447 444 427 428
1 3600 1530
27
894 1456 1521 1101 1039 765 35 36 620 45 42 347 348 123 120 954 1214 1107 543 544 942 813 810 872 867 862 978
1 3600 1530
29
477 473 468 939 397 394 817 818 852 765 35 36 622 881 347 348 123 120 956 287 284 842 1350 1401 1398 1472 1561 1083 1080
1 3600 1530
28
266 480 359 353 354 743 738 1133 1130 1475 729 726 945 525 327 322 506 1010 495 492 898 167 71 72 972 1232 179 174
1 3600 1530
20
891 894 1456 1521 1101 1039 765 762 1093 949 952 995 990 1056 1228 1323 497 492 898 167
1 3600 1530
17
21 15 8 264 474 359 353 354 743 740 1003 945 525 526 528 505 506
1 3600 1530
19
939 940 775 772 253 250 662 968 1311 1099 653 645 642 299 300 283 280 63 64
1 3600 1530
12
97 98 661 662 968 1311 1099 653 645 642 605 600
1 3600 1093
23
15 12 766 939 397 394 817 818 852 765 35 36 622 39 40 69 66 1116 119 120 956 287 284
1 3600 1391
11
468 891 894 1456 1521 1101 1039 765 35 36 618
1 3600 566
12
19 15 8 266 480 359 353 354 743 738 25 26
1 3600 729
9
264 474 359 362 1504 639 625 628 730
1 3600 1530
20
1033 771 774 941 397 392 550 1541 1542 743 740 1003 945 525 526 129 124 1148 1147 519
1 3600 1530
19
675 672 229 230 878 968 1311 1308 631 632 961 958 841 593 441 438 646 637 634
1 3600 1530
17
10 342 712 1033 771 772 253 250 662 968 1316 831 783 467 464 1364 1485
1 3600 729
9
675 672 1452 851 848 878 968 1314 1501
1 3600 196
8
244 340 768 97 98 672 229 230
1 3600 178
10
9 12 766 939 397 394 817 814 1101 1039
1 3600 178
5
894 941 397 392 550
1 3600 193
14
469 470 359 362 1504 639 625 628 559 554 570 598 608 669
1 3600 1530
18
11 8 266 480 359 362 1479 1447 1444 639 625 628 559 556 667 670 1564 1590
1 3600 1391
21
479 477 473 468 891 894 775 772 253 250 662 968 1311 1312 831 783 467 464 1362 677 678
1 3600 510
14
768 97 98 672 1452 851 848 878 968 1316 967 319 320 328
1 3600 198
8
767 341 245 246 697 700 1550 3
1 3600 198
4
342 697 700 1550
1 3600 198
7
9 14 18 246 697 700 695
1 3600 221
3
245 19 20
1 3600 198
6
476 480 359 362 1479 1480
1 3600 198
4
477 474 359 360
1 3600 198
19
21 15 8 264 474 359 362 1504 639 625 628 559 554 570 598 606 137 134 294
1 3600 1530
30
1481 1478 1506 743 738 1133 23 26 383 380 53 50 950 85 88 93 90 1217 1218 1460 211 212 203 200 810 872 867 864 1087 1084
1 3600 1530
31
145 142 495 496 1322 1229 1057 1058 1280 1573 1574 1579 1580 1451 1411 1408 1403 1406 1279 1276 1398 1472 871 872 1076 1559 1367 1368 1333 977 978
1 3600 1530
24
293 145 142 495 496 1322 1229 1057 1058 1280 1577 1557 1552 1449 845 846 1049 79 76 1472 1561 1083 1078 1296
1 3600 1530
26
359 353 354 743 740 729 726 945 946 261 262 1024 835 832 1010 495 492 898 167 71 72 972 1232 179 174 1544
1 3600 1530
13
1481 1447 1444 639 625 626 726 945 946 1027 837 838 1056
1 3600 1530
18
359 353 354 743 738 1133 1130 1476 1001 945 525 526 129 124 1148 1147 511 514
1 3600 1530
35
1607 691 141 142 495 496 1322 1229 1057 1058 1280 1577 1557 1554 289 284 846 1347 1221 1222 1065 549 546 541 538 423 424 590 299 300 283 280 63 64 1608
1 3600 1530
31
293 290 690 139 136 607 599 273 270 1013 833 838 991 992 903 904 953 950 85 86 95 90 1217 1222 1065 549 544 537 538 409 412
1 3600 1530
26
361 353 354 1543 1540 551 552 817 818 852 765 35 36 620 45 40 69 66 611 575 576 954 1214 1345 1346 1049
1 3600 1530
16
1607 691 141 142 495 496 1322 1229 1057 991 994 953 950 85 86 1340
1 3600 765
12
140 690 139 136 557 523 524 946 1050 989 992 903
1 3600 546
9
135 136 607 599 571 555 523 524 946
1 3600 1530
11
690 139 136 557 523 526 129 124 1148 1147 519
1 3600 1530
35
141 142 495 496 1322 1229 1057 1058 1280 1573 1574 1569 1570 1451 845 846 1347 1221 1222 1462 1105 543 546 541 538 423 424 441 442 600 616 637 634 659 157
1 3600 1530
35
690 139 136 607 599 571 555 558 730 886 944 1000 1137 109 104 763 35 36 622 881 882 69 66 611 612 597 391 388 399 400 423 424 590 643 640
1 3600 1530
28
290 690 139 136 557 558 730 886 944 1000 1137 109 104 763 35 36 622 39 42 882 69 66 611 614 630 1309 1312 831
1 3600 729
13
1607 691 141 142 1011 833 838 991 994 953 950 619 622
1 3600 225
21
293 290 690 139 136 607 599 571 555 558 629 626 728 741 742 1543 1540 551 552 1294 1029
1 3600 154
11
140 690 139 136 557 558 629 624 638 1505 1506
1 3600 154
11
140 690 139 136 607 599 571 555 558 629 624
1 3600 1530
9
290 690 139 136 667 670 1562 1589 1590
1 3600 1530
22
361 358 471 468 891 892 675 661 662 968 1316 831 828 998 1513 1089 1090 1258 759 760 159 154
1 3600 1530
35
145 142 495 496 1322 1229 1057 1058 1280 1573 1289 1286 1580 1451 845 846 1347 1221 1222 1065 549 544 537 538 423 424 590 643 640 996 1532 1365 1362 1307 587
1 3600 566
24
690 297 135 136 557 523 524 944 727 728 741 742 355 352 358 481 267 9 10 342 697 698 277 278
1 3600 198
15
136 607 599 571 555 558 629 624 638 1505 363 358 471 468 767
1 3600 198
18
139 136 557 523 524 944 1002 741 742 355 352 358 475 473 468 891 892 1032
1 3600 198
15
136 667 668 609 599 571 555 558 629 624 638 1505 363 358 475
1 3600 225
11
690 139 136 557 558 629 624 638 1445 1446 1480
