98
1 3600 101
3
196 191 187
1 3600 128
4
159 31 26 34
1 3600 128
3
157 31 28
1 3600 128
9
187 184 200 202 101 104 89 86 109
1 3600 128
7
207 101 106 130 93 90 55
1 3600 128
6
158 171 147 144 87 92
1 3600 536
11
156 178 188 167 164 147 144 109 53 58 74
1 3600 123
8
187 188 167 162 139 135 121 43
1 3600 123
9
191 187 184 200 202 204 137 135 132
1 3600 123
6
175 172 178 188 167 160
1 3600 92
11
184 200 202 101 104 151 152 93 86 109 110
1 3600 536
13
158 202 101 106 130 93 90 55 56 63 60 47 48
1 3600 536
9
173 155 158 171 169 139 135 132 208
1 3600 536
9
191 187 188 167 162 139 135 123 126
1 3600 195
8
153 150 105 100 203 201 185 179
1 3600 195
4
85 33 30 154
1 3600 195
9
151 129 107 102 141 146 165 166 189
1 3600 195
8
153 150 105 100 203 159 154 174
1 3600 195
5
27 30 156 178 184
1 3600 195
9
152 93 86 145 146 170 201 185 179
1 3600 195
5
100 203 201 185 179
1 3600 162
4
92 131 107 100
1 3600 162
3
93 90 148
1 3600 206
13
80 82 37 27 30 158 171 147 144 109 53 58 74
1 3600 191
7
150 89 86 145 146 165 160
1 3600 191
8
72 96 181 125 122 134 138 163
1 3600 205
8
101 104 89 90 148 109 110 212
1 3600 205
13
35 27 30 158 171 147 144 149 55 56 63 60 67
1 3600 205
9
89 86 109 110 97 94 65 60 67
1 3600 205
11
101 106 130 93 90 55 56 63 60 67 51
1 3600 205
10
128 152 93 86 109 110 97 98 114 19
1 3600 205
16
76 83 33 30 158 202 204 137 135 121 5 2 117 7 8 21
1 3600 335
17
27 30 154 172 178 188 167 162 139 135 123 126 119 15 12 19 22
1 3600 536
6
33 30 158 202 204 214
1 3600 536
14
27 30 156 178 188 167 164 169 139 135 121 5 2 15
1 3600 536
12
75 59 52 108 145 146 165 166 189 186 190 197
1 3600 65
3
75 59 56
1 3600 536
12
75 59 56 25 9 6 116 3 4 120 132 210
1 3600 233
4
75 59 56 72
1 3600 357
7
75 59 56 63 60 67 70
1 3600 536
9
75 59 52 110 181 125 122 132 208
1 3600 536
8
75 59 56 63 64 113 114 13
1 3600 81
7
166 189 186 190 199 195 192
1 3600 81
5
166 189 186 190 197
1 3600 87
7
136 205 203 159 31 32 81
1 3600 536
10
137 135 123 124 180 97 73 57 58 74
1 3600 105
3
162 139 136
1 3600 110
5
133 123 126 119 117
1 3600 110
7
164 147 144 109 110 97 98
1 3600 110
4
138 168 147 142
1 3600 110
8
42 5 2 15 12 115 112 65
1 3600 536
14
211 133 121 5 2 117 7 10 99 94 65 60 67 70
1 3600 233
4
139 135 132 208
1 3600 223
6
162 139 135 123 126 119
1 3600 97
13
7 10 99 96 111 108 87 88 105 100 203 159 154
1 3600 165
4
24 57 54 91
1 3600 165
3
73 57 58
1 3600 165
13
46 61 62 57 54 91 92 131 107 100 203 159 31
1 3600 165
6
39 42 120 134 136 205
1 3600 165
6
103 104 89 90 55 58
1 3600 536
8
10 112 95 96 111 53 58 74
1 3600 146
7
113 11 6 116 118 127 45
1 3600 146
3
183 125 45
1 3600 146
6
95 96 111 108 145 146
1 3600 146
9
21 18 13 14 3 4 120 132 210
1 3600 146
3
146 165 166
1 3600 87
5
144 109 110 97 94
1 3600 101
9
141 144 109 53 56 63 60 47 48
1 3600 536
9
114 13 14 118 127 122 134 136 214
1 3600 165
6
61 64 113 11 6 116
1 3600 165
7
143 144 109 110 181 125 126
1 3600 536
16
71 66 61 62 57 54 91 88 105 100 203 201 185 179 173 174
1 3600 157
10
71 66 61 62 57 52 108 87 92 153
1 3600 536
8
49 50 66 61 62 57 58 74
1 3600 487
15
69 66 61 62 25 9 6 116 3 4 120 134 138 163 166
1 3600 98
6
23 18 115 99 96 212
1 3600 98
8
23 18 115 99 96 111 108 145
1 3600 536
3
49 50 70
1 3600 536
14
71 66 61 64 113 114 13 14 118 127 122 134 136 214
1 3600 412
9
69 66 61 64 95 98 114 13 16
1 3600 536
11
41 44 122 134 138 163 166 189 186 190 199
1 3600 536
8
41 44 124 180 111 108 87 88
1 3600 536
9
41 44 124 182 213 111 53 58 74
1 3600 92
6
209 133 134 138 163 166
1 3600 214
11
215 137 135 121 5 2 15 12 115 112 95
1 3600 536
14
215 137 135 123 126 119 117 7 8 24 63 60 47 48
1 3600 536
5
215 137 135 132 208
1 3600 145
5
41 42 5 2 15
1 3600 536
11
127 122 134 138 168 170 201 185 179 176 194
1 3600 412
5
124 180 111 108 149
1 3600 536
7
12 19 20 24 57 58 74
1 3600 149
3
120 134 136
1 3600 157
3
4 43 38
1 3600 157
10
5 2 15 12 115 112 65 60 67 51
1 3600 157
3
117 7 8
1 3600 536
8
117 7 10 112 65 60 67 68
1 3600 243
3
127 45 40
1 3600 315
4
4 43 44 126
