142
1 3600 119
5
45 46 90 242 258
1 3600 119
4
89 90 242 260
1 3600 155
3
59 56 107
1 3600 155
8
259 243 77 74 71 66 193 198
1 3600 155
11
98 49 50 62 55 52 105 108 132 69 72
1 3600 155
6
97 89 90 77 74 107
1 3600 155
8
32 64 212 117 118 273 197 198
1 3600 155
9
211 97 98 49 50 60 201 67 72
1 3600 155
8
211 97 89 90 242 59 56 71
1 3600 155
3
49 50 60
1 3600 155
5
62 55 52 105 108
1 3600 123
9
91 47 44 212 117 112 287 273 270
1 3600 408
13
31 13 8 182 274 263 221 179 180 222 238 252 268
1 3600 530
14
91 47 44 212 279 274 123 120 177 180 222 238 231 232
1 3600 145
10
75 63 51 48 37 32 27 13 3 6
1 3600 145
4
38 31 13 10
1 3600 145
8
261 243 91 88 35 32 27 28
1 3600 145
4
212 279 183 184
1 3600 91
6
31 13 8 186 295 203
1 3600 312
12
39 36 49 50 60 254 113 118 103 100 265 262
1 3600 530
21
90 77 74 71 66 193 196 270 141 142 257 131 128 157 158 181 176 145 148 174 214
1 3600 530
13
60 254 287 103 100 265 125 126 147 148 172 167 168
1 3600 41
5
199 192 200 61 51
1 3600 41
8
195 196 272 119 116 213 65 33
1 3600 41
7
195 192 67 70 57 58 260
1 3600 108
6
108 132 69 66 193 198
1 3600 35
5
254 113 118 273 270
1 3600 35
6
199 196 270 85 82 257
1 3600 139
14
69 66 200 254 287 273 270 141 93 94 257 43 40 129
1 3600 530
10
195 196 270 21 14 22 248 253 231 234
1 3600 83
14
68 133 109 104 53 54 76 91 47 44 212 11 3 4
1 3600 58
6
132 69 66 200 254 113
1 3600 126
9
66 200 254 287 103 100 265 125 122
1 3600 279
6
193 196 272 103 100 265
1 3600 530
15
200 254 113 118 103 100 265 221 179 176 217 171 166 173 149
1 3600 108
8
20 271 272 286 255 61 51 48
1 3600 57
6
84 271 272 286 255 201
1 3600 57
7
143 140 271 197 192 67 68
1 3600 57
9
271 272 119 112 255 201 67 68 133
1 3600 84
5
101 102 273 270 21
1 3600 62
6
84 21 14 22 248 268
1 3600 62
4
86 94 257 43
1 3600 62
10
196 270 85 82 257 131 128 79 80 222
1 3600 62
5
22 248 253 239 223
1 3600 312
8
43 40 157 158 222 238 250 284
1 3600 230
16
17 20 141 142 257 131 128 79 80 181 178 220 262 275 276 294
1 3600 102
9
95 92 140 271 272 119 116 279 276
1 3600 61
4
265 125 126 150
1 3600 88
6
265 221 179 180 222 240
1 3600 379
14
17 20 85 86 94 257 43 40 157 158 181 176 145 148
1 3600 379
12
156 79 80 181 178 220 262 275 278 213 65 33
1 3600 155
12
239 223 81 78 41 42 256 83 84 271 197 198
1 3600 95
3
247 23 15
1 3600 95
5
23 15 20 141 93
1 3600 95
5
269 249 23 15 18
1 3600 95
7
159 156 129 130 256 95 87
1 3600 95
3
130 256 143
1 3600 79
9
42 256 95 92 140 21 14 22 246
1 3600 70
8
128 157 158 222 238 231 236 284
1 3600 70
7
128 79 80 222 238 231 232
1 3600 530
11
42 256 83 84 271 272 286 113 116 11 12
1 3600 295
12
267 253 239 223 181 176 121 122 275 276 155 152
1 3600 115
9
253 239 223 181 178 220 125 126 150
1 3600 91
7
248 253 239 223 181 178 220
1 3600 91
4
80 181 178 220
1 3600 120
6
223 181 176 217 171 166
1 3600 530
14
251 252 249 23 15 20 271 272 119 116 213 45 48 99
1 3600 530
16
285 237 230 239 223 181 178 220 264 101 102 286 255 201 67 68
1 3600 196
8
285 251 239 223 81 78 129 130
1 3600 45
6
285 237 230 252 249 244
1 3600 45
7
233 230 239 223 159 156 129
1 3600 279
3
235 236 284
1 3600 530
11
251 239 223 181 176 121 122 275 183 9 12
1 3600 530
10
237 230 252 249 23 15 20 271 272 119
1 3600 530
7
251 239 223 181 178 220 262
1 3600 129
8
235 230 239 223 181 176 121 124
1 3600 95
8
235 230 239 223 181 176 217 165
1 3600 101
4
30 39 34 96
1 3600 101
10
297 187 9 12 26 64 45 50 62 55
1 3600 101
6
9 12 30 39 34 96
1 3600 95
14
291 5 2 10 213 45 46 90 242 59 56 107 108 132
1 3600 241
6
2 10 117 118 273 270
1 3600 530
13
6 185 182 278 117 112 287 273 270 21 14 22 244
1 3600 530
12
13 8 182 274 123 120 177 180 222 238 231 234
1 3600 73
3
13 3 4
1 3600 94
3
10 117 112
1 3600 94
6
186 295 277 278 117 114
1 3600 94
4
189 190 295 155
1 3600 94
6
29 26 64 212 117 112
1 3600 94
3
279 274 135
1 3600 183
8
189 185 182 274 263 264 101 102
1 3600 482
12
29 26 64 212 279 274 123 126 147 148 172 218
1 3600 530
11
297 295 277 274 123 120 145 148 174 163 164
1 3600 73
8
289 137 134 275 278 213 45 46
1 3600 57
6
277 278 117 112 255 201
1 3600 93
6
115 118 273 270 85 86
1 3600 265
7
112 287 273 270 21 14 22
1 3600 530
11
118 103 100 265 221 179 180 222 238 231 232
1 3600 65
4
137 134 275 183
1 3600 65
6
202 294 191 188 282 290
1 3600 65
4
277 278 213 65
1 3600 65
4
139 134 275 183
1 3600 110
7
134 263 264 101 102 286 113
1 3600 48
7
289 137 134 263 264 101 102
1 3600 48
7
287 103 100 265 125 126 150
1 3600 155
6
118 103 100 265 221 179
1 3600 530
11
115 112 287 103 100 265 125 126 147 148 174
1 3600 230
12
151 127 124 264 101 102 273 197 192 67 70 75
1 3600 115
4
102 273 197 198
1 3600 52
4
273 270 141 142
1 3600 93
6
263 221 179 180 81 78
1 3600 530
10
102 273 270 21 14 22 248 253 250 284
1 3600 143
5
275 183 9 12 28
1 3600 23
7
103 100 265 262 135 136 288
1 3600 136
4
103 100 265 262
1 3600 20
6
123 120 217 165 162 214
1 3600 230
6
123 120 145 148 174 163
1 3600 530
16
241 223 159 156 41 42 256 143 140 271 272 286 255 61 51 46
1 3600 312
10
124 264 101 102 119 112 255 201 67 68
1 3600 87
10
215 175 149 146 127 124 264 101 102 273
1 3600 43
9
215 175 149 144 177 180 222 238 252
1 3600 196
5
177 180 222 238 250
1 3600 441
9
121 122 275 276 294 191 7 4 290
1 3600 171
8
241 223 181 178 220 262 135 138
1 3600 45
4
121 124 264 101
1 3600 45
5
219 173 149 146 150
1 3600 90
4
215 163 164 216
1 3600 48
6
126 147 148 174 163 160
1 3600 48
3
219 167 168
1 3600 530
22
149 144 177 180 81 78 129 130 256 83 84 271 197 192 67 70 57 54 76 91 88 35
1 3600 530
11
146 127 124 264 101 102 286 255 201 67 72
1 3600 295
10
172 167 170 216 177 180 159 156 41 42
1 3600 96
4
164 216 177 180
1 3600 117
9
173 149 144 177 180 222 238 231 236
1 3600 530
11
169 166 173 149 146 127 122 275 183 184 7
1 3600 530
7
146 127 122 275 276 155 152
1 3600 230
7
167 170 216 121 124 264 101
1 3600 81
6
149 144 177 180 222 240
1 3600 81
3
149 144 177
1 3600 81
3
170 216 177
1 3600 81
4
175 149 146 127
1 3600 147
3
162 175 149
