1011
1 3600 260
4
905 777 571 572
1 3600 214
3
337 338 975
1 3600 537
6
997 975 701 691 692 950
1 3600 1718
11
339 336 571 43 38 730 587 413 301 298 943
1 3600 1718
21
7 8 873 870 961 962 835 421 424 566 620 805 291 292 542 652 883 673 674 800 978
1 3600 1718
12
573 43 40 727 730 587 413 301 298 937 929 926
1 3600 1718
29
515 520 961 962 835 832 840 355 352 549 259 61 62 435 430 159 154 176 713 649 652 883 667 657 499 500 506 556 968
1 3600 1718
30
975 701 411 414 422 428 53 54 620 805 417 418 651 648 707 505 163 164 131 124 688 719 716 809 467 464 577 529 526 538
1 3600 1718
29
573 43 38 730 587 413 410 691 692 945 941 929 865 868 988 75 25 20 331 334 881 877 878 721 697 698 765 762 115
1 3600 1718
28
776 515 520 961 962 835 832 838 861 711 707 708 181 182 205 169 170 679 676 593 27 32 665 661 583 584 103 100
1 3600 1718
54
975 701 411 414 422 428 53 56 435 436 851 849 847 844 775 772 541 542 652 883 667 657 135 132 198 579 167 160 510 533 179 182 828 333 330 398 408 891 405 406 643 475 471 468 619 617 601 598 545 546 257 250 910 914
1 3600 182
3
570 776 515
1 3600 182
4
5 8 873 517
1 3600 192
7
3 8 873 870 961 962 835
1 3600 660
10
573 43 40 727 730 587 413 414 424 566
1 3600 1145
12
43 38 730 587 413 301 302 805 291 288 771 768
1 3600 1718
14
7 4 975 701 691 692 947 937 929 865 783 778 934 988
1 3600 1718
22
975 701 411 301 302 805 417 418 651 652 883 667 657 135 119 120 493 127 124 688 735 736
1 3600 1718
22
870 961 962 835 832 838 857 851 849 847 803 771 772 781 778 934 988 75 70 823 489 439
1 3600 1718
32
997 339 336 571 43 40 727 730 587 413 414 422 428 53 56 435 430 842 849 713 707 505 502 181 182 828 333 330 398 305 147 83
1 3600 1718
18
997 975 701 691 692 945 941 929 865 868 988 75 70 703 35 36 892 615
1 3600 1718
44
997 5 8 873 870 961 962 835 421 424 566 620 805 291 292 542 652 883 667 657 499 500 506 552 836 463 460 245 248 270 458 704 525 522 662 765 623 624 377 359 364 387 382 17
1 3600 1718
36
43 38 730 587 413 301 302 433 436 858 711 707 708 535 532 131 124 688 719 153 139 142 611 608 680 335 330 21 22 87 88 615 612 275 278 340
1 3600 1718
9
573 570 776 515 520 961 962 229 226
1 3600 1718
6
870 961 962 645 225 230
1 3600 1718
12
573 43 40 727 730 587 413 414 422 426 549 550
1 3600 1718
13
338 975 701 691 692 947 943 941 929 865 868 988 992
1 3600 1718
23
43 38 730 587 413 301 298 937 929 865 783 778 934 988 75 72 820 852 825 67 64 449 452
1 3600 1718
36
7 8 905 789 792 519 520 961 962 835 832 838 861 859 851 849 713 649 652 883 667 657 135 132 198 604 513 510 533 179 182 828 105 106 919 920
1 3600 1718
38
7 2 338 975 701 411 414 424 566 620 805 417 418 651 652 883 667 657 135 119 120 493 127 124 688 735 203 200 173 170 679 680 335 330 21 22 110 892
1 3600 1718
42
43 40 727 730 587 413 414 422 428 261 61 62 435 430 159 154 176 847 844 775 772 541 542 648 707 505 502 181 182 828 333 330 21 22 87 88 615 612 275 276 725 722
1 3600 80
5
977 974 339 336 571
1 3600 82
6
977 701 691 692 950 956
1 3600 636
8
977 701 691 692 945 941 929 865
1 3600 1718
12
701 411 301 302 805 417 418 651 652 895 687 682
1 3600 1718
22
701 691 692 947 937 929 865 783 780 541 542 652 883 667 657 135 132 198 579 167 164 131
1 3600 1718
25
977 701 411 414 424 568 53 56 435 430 159 154 176 713 707 708 535 532 131 128 506 552 715 153 150
1 3600 1718
30
701 411 301 302 805 291 292 542 652 883 667 657 499 500 506 556 563 564 909 906 815 816 531 273 270 319 316 661 662 826
1 3600 1718
25
977 701 691 692 947 943 941 929 865 868 988 75 72 820 852 825 489 283 284 297 195 192 323 324 379
1 3600 1718
33
701 411 414 424 237 232 620 805 806 842 850 858 711 707 505 502 181 182 205 169 170 679 676 593 596 751 741 742 217 222 624 377 359
1 3600 1718
30
977 701 691 692 945 942 937 929 865 783 778 934 988 75 25 20 398 305 211 212 473 468 619 617 391 392 396 209 15 12
1 3600 252
10
974 339 3 8 873 870 961 962 645 239
1 3600 115
6
974 339 336 571 43 40
1 3600 256
8
977 701 411 414 422 426 549 45
1 3600 554
6
701 411 301 302 805 291
1 3600 1718
12
701 411 414 422 428 53 56 435 430 842 849 713
1 3600 1718
13
701 691 692 947 299 302 805 417 418 651 648 707 708
1 3600 1718
13
977 701 691 692 945 941 929 865 868 988 75 70 703
1 3600 1718
41
977 974 5 8 905 515 520 961 962 835 832 838 857 858 711 649 652 883 667 657 135 119 120 493 127 124 688 719 153 150 137 142 611 608 680 335 330 21 22 87 84
1 3600 1718
35
701 691 692 947 937 929 865 783 780 541 542 652 883 667 657 499 500 506 552 715 716 809 810 611 606 634 593 594 755 752 655 403 406 285 286
1 3600 1718
24
977 701 411 414 424 566 620 805 291 288 771 772 781 778 934 988 75 25 18 36 892 615 612 275
1 3600 1718
29
977 701 411 301 302 433 430 159 154 176 713 707 505 502 181 182 828 333 330 21 22 87 88 615 612 275 276 343 340
1 3600 1718
12
977 974 5 8 873 517 520 961 962 229 224 646
1 3600 1718
13
977 974 339 336 776 515 520 961 962 835 832 838 984
1 3600 1718
10
977 701 411 414 422 428 53 58 51 48
1 3600 1718
11
977 701 691 692 945 941 929 865 868 988 992
1 3600 1718
29
977 701 411 301 302 805 417 418 651 652 883 667 657 135 119 122 888 603 604 513 510 533 179 182 828 105 106 449 452
1 3600 1718
16
701 691 692 947 937 929 865 868 988 75 70 823 67 64 919 920
1 3600 1718
52
974 339 336 571 43 38 730 587 413 414 422 428 261 61 62 435 436 851 849 847 803 771 772 541 542 652 883 667 657 135 132 198 579 580 513 491 127 124 688 735 203 200 173 170 679 680 335 330 21 18 36 892
1 3600 1718
26
977 701 691 692 945 941 929 865 783 778 934 988 75 72 820 852 825 489 439 113 87 88 615 612 275 280
1 3600 537
10
690 411 412 586 731 39 42 570 776 904
1 3600 268
5
787 695 692 950 954
1 3600 118
3
692 947 937
1 3600 118
6
692 945 941 929 865 866
1 3600 441
19
785 695 692 947 299 302 805 291 292 542 652 883 667 657 135 132 198 604 986
1 3600 1074
22
695 690 411 414 424 566 620 805 806 159 154 176 713 707 505 163 164 131 124 688 559 555
1 3600 1718
23
953 951 945 942 299 302 805 417 418 651 652 883 667 657 135 119 120 500 506 556 563 560 463
1 3600 1718
32
953 951 947 937 929 865 783 780 541 542 648 707 708 535 179 182 737 734 719 714 836 561 564 909 577 529 526 457 319 320 33 28
1 3600 1718
39
785 695 690 411 414 422 428 53 56 435 436 858 711 649 652 883 667 657 499 493 127 124 688 719 153 139 142 811 311 95 90 269 270 458 265 262 661 583 584
1 3600 1718
36
695 692 945 942 299 302 433 430 842 849 713 707 505 502 181 182 205 169 170 679 676 593 27 30 698 765 762 639 640 327 324 447 444 598 381 386
1 3600 1718
33
695 692 947 943 941 929 865 868 988 75 70 703 35 19 20 331 334 881 877 878 875 217 218 195 192 323 328 617 601 598 207 15 12
1 3600 660
13
955 951 945 942 299 302 621 567 425 420 834 645 239
1 3600 195
8
787 695 690 411 412 586 731 726
1 3600 93
4
955 951 947 299
1 3600 131
11
690 411 414 424 566 620 805 291 288 771 768
1 3600 716
11
955 951 945 942 937 929 865 783 780 541 542
1 3600 1562
17
953 951 947 943 941 929 865 783 778 934 988 75 72 820 852 825 67
1 3600 1718
31
785 695 690 411 301 302 805 417 418 651 652 895 687 684 675 671 657 135 132 198 579 167 164 533 179 182 828 333 330 21 22
1 3600 1718
29
411 414 422 426 549 45 50 62 435 436 858 711 707 708 181 182 737 203 169 170 679 680 881 877 745 740 748 891 655
1 3600 1718
41
411 301 302 805 291 292 542 652 883 667 657 135 119 120 500 506 552 836 463 460 245 248 272 526 457 319 316 661 662 765 623 197 190 475 471 468 619 617 391 392 396
1 3600 1718
17
787 695 692 947 937 929 865 868 988 75 25 18 36 892 615 612 275
1 3600 1718
24
787 695 692 945 941 929 865 783 778 934 988 75 70 823 489 439 113 87 88 615 612 275 278 340
1 3600 1718
19
957 951 947 299 302 621 55 58 60 258 548 353 354 841 833 834 229 224 646
1 3600 1718
9
787 695 690 411 414 420 834 229 230
1 3600 1718
12
957 951 945 942 299 302 433 434 63 51 44 550
1 3600 1718
9
695 692 947 937 929 865 783 778 930
1 3600 1718
21
411 414 424 566 620 805 806 159 154 176 713 707 505 502 181 182 828 105 106 449 454
1 3600 1718
15
692 945 941 929 865 868 988 75 72 820 852 825 67 64 919
1 3600 1718
40
787 695 690 411 414 422 428 53 56 435 430 842 849 847 803 747 651 652 883 667 657 499 493 127 124 688 719 716 141 142 611 608 680 335 330 21 22 110 892 948
1 3600 1718
51
947 937 929 865 783 780 541 542 652 883 667 657 135 132 198 579 167 160 510 131 128 506 556 563 564 909 906 815 575 247 248 270 319 320 33 28 720 875 217 218 296 285 282 439 113 87 88 615 612 275 280
1 3600 1718
13
942 299 300 412 586 731 726 41 42 570 337 3 6
1 3600 904
8
867 864 928 940 944 693 690 700
1 3600 61
4
936 946 693 690
1 3600 50
14
929 865 783 780 541 542 652 883 667 657 135 119 122 888
1 3600 296
14
783 780 773 770 747 651 648 707 505 163 164 131 124 688
1 3600 1010
19
865 783 780 541 542 652 883 667 657 499 500 506 552 715 153 150 137 142 611
1 3600 1718
18
783 780 541 542 648 707 708 535 179 182 205 200 173 170 679 609 313 314
1 3600 1718
20
868 988 75 70 703 35 19 20 398 408 891 405 406 643 191 192 323 324 379 375
1 3600 1718
44
783 780 773 770 747 651 652 883 667 657 135 119 120 493 127 124 688 719 716 809 311 95 92 246 529 526 457 458 265 266 522 583 584 103 98 116 972 757 758 766 830 251 254 794
1 3600 1718
30
299 302 805 417 175 176 713 707 708 181 182 205 169 170 679 676 593 27 30 698 765 762 115 116 972 757 345 346 911 912
1 3600 1718
15
929 865 783 780 773 774 845 846 848 850 856 839 833 834 963
1 3600 613
9
864 928 936 299 300 412 586 731 726
1 3600 192
6
942 299 302 621 55 58
1 3600 58
7
942 299 302 805 417 418 746
1 3600 202
5
783 780 541 542 648
1 3600 537
8
867 868 988 75 70 823 67 64
1 3600 1562
7
929 865 868 988 75 25 22
1 3600 1718
23
942 299 302 433 436 858 711 707 505 502 181 182 828 333 334 881 877 745 738 752 890 149 83
1 3600 1718
29
299 302 805 291 292 542 652 883 667 657 499 500 506 556 563 560 813 809 810 611 606 634 593 596 751 748 149 146 211
1 3600 1718
46
941 929 865 783 780 773 770 747 651 652 883 667 657 135 132 198 604 513 510 131 124 688 559 555 552 836 463 460 245 248 270 458 704 525 522 662 765 623 624 377 375 372 444 598 545 17
1 3600 1718
20
783 778 934 988 75 72 820 852 825 489 439 113 110 892 615 612 275 276 343 340
1 3600 1718
8
942 299 300 414 420 834 645 646
1 3600 1718
10
783 780 773 770 802 846 848 850 858 860
1 3600 1718
18
929 865 783 780 773 770 747 419 157 158 431 434 57 52 261 258 45 48
1 3600 1432
4
867 868 988 992
1 3600 1718
18
299 302 805 806 159 154 176 713 707 708 535 179 182 828 105 106 449 452
1 3600 1718
10
867 868 988 75 70 823 67 64 919 920
1 3600 1718
10
783 778 934 988 75 70 703 35 36 892
1 3600 1718
35
865 783 780 541 542 652 883 667 657 135 119 120 493 127 124 688 735 203 200 173 170 679 680 335 330 21 22 87 88 615 612 275 276 725 722
1 3600 1718
13
686 894 653 648 710 860 839 833 834 963 960 521 514
1 3600 1718
11
897 894 653 543 293 290 804 303 300 410 700
1 3600 491
17
889 123 118 134 656 666 882 653 543 540 781 782 864 928 940 944 950
1 3600 160
7
897 894 653 543 540 781 782
1 3600 160
12
134 656 666 882 653 650 419 416 804 303 298 943
1 3600 160
10
684 675 672 882 653 543 540 781 782 864
1 3600 195
7
118 134 656 670 674 685 682
1 3600 199
4
132 198 579 580
1 3600 199
5
119 120 500 506 552
1 3600 199
5
959 603 579 167 160
1 3600 199
4
959 603 579 167
1 3600 199
8
132 198 604 513 510 131 124 688
1 3600 199
15
123 118 134 656 666 882 653 650 746 771 772 781 782 864 926
1 3600 264
11
883 667 657 499 493 127 124 688 735 203 200
1 3600 955
18
987 513 161 164 131 124 688 719 153 139 142 611 606 634 593 594 755 739
1 3600 1718
24
659 499 500 506 556 563 564 909 577 529 526 457 319 316 661 662 765 762 639 640 327 328 617 391
1 3600 1718
23
657 135 132 198 579 167 164 533 179 182 828 333 334 881 877 745 742 217 222 624 638 115 116
1 3600 1718
33
675 671 657 135 119 120 500 506 552 715 716 809 311 95 90 269 270 319 320 665 661 662 765 762 639 377 359 364 387 380 207 15 10
1 3600 1718
21
894 653 648 712 177 155 158 431 434 63 60 258 548 353 354 841 833 834 963 960 521
1 3600 1562
10
666 882 653 648 712 848 850 856 839 840
1 3600 613
17
133 134 656 666 882 653 650 419 416 804 621 567 568 261 61 51 44
1 3600 118
9
801 675 672 882 653 650 746 802 844
1 3600 175
15
198 579 167 162 502 181 182 828 105 106 65 66 822 71 74
1 3600 175
12
603 579 167 162 504 706 649 543 540 781 778 934
1 3600 153
11
959 603 604 513 510 533 179 182 828 105 106
1 3600 537
17
669 657 499 493 127 124 688 719 153 150 137 142 611 608 680 335 330
1 3600 1432
26
687 684 675 671 657 135 119 120 500 506 556 563 560 813 141 142 611 606 634 593 594 755 752 655 403 406
1 3600 1718
26
499 493 127 128 506 552 836 463 464 906 815 816 531 526 457 458 265 262 661 662 765 623 197 190 475 476
1 3600 1718
25
684 675 671 657 135 132 198 604 513 510 533 179 182 828 333 330 21 18 36 892 615 612 275 278 342
1 3600 1718
26
667 657 135 119 120 493 127 124 688 735 203 169 170 679 680 335 330 21 22 87 88 615 612 275 278 340
1 3600 1718
12
656 666 882 653 648 710 860 839 833 834 645 646
1 3600 1718
11
603 579 167 162 504 706 712 848 850 856 984
1 3600 1718
14
987 513 161 162 504 706 712 848 843 431 434 63 51 48
1 3600 1718
10
666 882 653 543 540 781 778 934 988 990
1 3600 1718
15
657 135 132 198 579 167 164 533 179 182 828 105 106 449 452
1 3600 1718
14
669 657 499 493 127 124 688 735 736 828 105 106 919 920
1 3600 1718
23
675 671 657 135 119 120 500 506 552 715 153 139 142 611 608 680 335 330 21 18 36 892 948
1 3600 1718
23
657 135 132 198 579 167 162 502 181 182 828 333 330 21 22 87 88 615 612 275 276 725 722
1 3600 1718
24
490 161 162 504 706 710 859 437 434 57 52 429 423 415 412 586 731 39 42 570 776 904 9 6
1 3600 1718
18
605 199 133 134 656 666 882 653 543 293 290 804 621 567 425 415 410 700
1 3600 1432
15
981 801 675 672 882 653 650 419 416 804 303 298 946 693 694
1 3600 381
12
491 492 498 656 666 882 653 543 540 781 782 866
1 3600 160
6
509 501 498 656 670 674
1 3600 160
5
121 118 134 656 666
1 3600 160
8
490 512 581 578 199 133 134 658
1 3600 160
10
507 129 126 492 498 656 670 674 685 686
1 3600 116
5
734 689 125 128 508
1 3600 162
8
836 561 564 909 906 815 816 818
1 3600 162
9
604 513 510 131 124 688 719 716 809
1 3600 162
7
127 128 506 556 563 564 982
1 3600 162
13
579 167 164 131 124 688 719 716 809 467 460 245 248
1 3600 162
8
509 506 556 563 564 909 906 964
1 3600 162
4
506 556 563 564
1 3600 225
13
580 513 510 533 179 182 205 169 170 679 676 593 27
1 3600 904
21
510 131 124 688 719 153 150 137 142 611 313 314 97 92 248 270 458 704 525 522 583
1 3600 1718
22
927 865 868 988 75 72 820 852 825 489 283 286 477 471 468 619 329 324 379 359 362 759
1 3600 1718
24
688 735 203 169 170 679 680 881 877 878 875 217 218 195 192 494 619 617 391 392 396 209 15 10
1 3600 1718
21
493 490 161 162 504 706 712 177 155 158 431 434 57 52 429 423 415 412 586 731 39
1 3600 1718
12
161 162 504 706 649 543 293 290 804 303 300 412
1 3600 1432
12
736 183 180 709 706 710 859 437 434 57 52 429
1 3600 337
13
166 578 199 133 134 656 666 882 653 650 746 771 774
1 3600 161
9
578 199 133 134 656 666 882 653 648
1 3600 120
4
554 558 735 736
1 3600 120
6
735 736 828 105 106 449
1 3600 137
9
124 688 735 203 200 173 170 679 680
1 3600 452
12
581 167 164 533 179 182 828 333 330 398 408 891
1 3600 1718
23
124 688 559 555 552 836 463 464 577 529 273 270 319 320 33 30 698 826 221 218 296 285 215
1 3600 1718
17
579 167 162 502 181 182 828 333 330 21 22 110 892 615 612 275 278
1 3600 1718
17
164 533 179 182 828 333 330 21 22 87 88 615 612 275 276 343 340
1 3600 1718
17
161 162 504 706 712 177 174 416 804 621 567 425 420 834 229 224 646
1 3600 1718
8
125 130 533 534 709 706 710 860
1 3600 1718
14
736 183 180 709 706 712 848 843 431 434 63 60 258 550
1 3600 1718
5
927 865 868 988 992
1 3600 1718
17
981 801 675 671 657 499 493 490 510 533 179 182 828 105 106 449 450
1 3600 1718
20
981 801 675 672 667 657 135 132 198 579 167 162 502 181 182 828 105 106 919 920
1 3600 1718
13
719 153 139 142 611 608 680 335 330 21 18 36 892
1 3600 1718
15
927 865 868 988 75 25 22 87 88 615 612 275 276 725 722
1 3600 1718
28
249 244 461 462 837 553 507 501 121 118 134 656 666 882 653 543 293 290 804 303 300 412 586 731 726 41 42 572
1 3600 1718
23
983 909 465 466 810 611 608 680 335 330 21 24 74 989 869 864 928 940 944 693 690 700 976
1 3600 1718
29
575 529 526 457 319 320 33 28 720 875 743 740 748 409 399 21 18 34 702 71 74 989 869 864 928 936 946 950 952
1 3600 1322
25
819 817 814 907 465 466 808 717 718 689 125 126 492 498 656 666 882 653 543 540 781 782 864 928 936
1 3600 330
15
965 907 908 565 562 557 507 501 121 118 134 656 666 673 674
1 3600 249
10
307 308 312 610 143 138 152 714 553 507
1 3600 249
3
565 560 837
1 3600 249
19
307 310 808 717 718 689 125 130 165 166 578 199 133 134 656 670 674 800 980
1 3600 249
11
307 310 808 717 718 689 125 130 165 166 578
1 3600 249
26
819 531 528 247 93 96 590 634 677 678 171 168 204 183 178 532 511 491 492 498 656 666 673 674 800 980
1 3600 249
7
141 136 151 152 718 689 125
1 3600 249
10
576 908 565 562 557 507 129 126 490 512
1 3600 249
17
465 466 810 611 608 680 335 330 21 24 74 989 935 779 782 864 926
1 3600 219
3
809 311 306
1 3600 219
12
965 815 575 529 273 268 589 590 634 677 678 171
1 3600 238
5
679 676 593 27 28
1 3600 238
9
819 531 526 457 319 316 661 662 826
1 3600 238
9
676 593 596 751 741 742 874 721 697
1 3600 238
11
169 170 679 609 606 591 588 269 270 458 704
1 3600 238
7
909 577 247 248 270 458 265
1 3600 238
12
575 529 526 457 319 320 33 28 720 875 217 218
1 3600 238
12
969 563 560 813 141 142 611 608 680 881 877 878
1 3600 238
8
245 248 270 319 316 661 662 826
1 3600 238
11
983 565 560 463 460 245 248 270 458 265 262
1 3600 249
24
969 563 560 813 809 810 611 606 634 593 594 755 752 405 406 643 475 471 468 495 323 324 447 444
1 3600 955
21
969 563 564 909 577 529 526 457 319 320 665 661 583 584 103 98 116 972 757 345 346
1 3600 1718
21
560 813 141 142 611 606 634 593 27 30 698 765 623 624 377 359 360 795 255 250 912
1 3600 1718
26
637 634 677 678 171 172 201 204 183 180 709 706 649 650 419 416 804 621 233 236 425 415 412 586 731 39
1 3600 1718
25
307 308 312 608 678 171 168 204 183 178 534 503 504 706 712 177 155 158 431 432 303 300 412 586 922
1 3600 1718
27
819 817 814 907 465 462 837 553 507 501 121 118 134 656 666 882 653 650 419 416 804 621 55 58 51 44 548
1 3600 904
19
969 563 560 463 466 810 611 608 680 335 330 21 18 34 702 71 74 989 935
1 3600 521
15
307 308 312 610 143 138 152 718 689 125 130 533 534 709 706
1 3600 254
11
268 589 590 634 677 680 335 332 105 106 65
1 3600 254
7
562 557 507 129 130 533 534
1 3600 249
16
245 248 270 458 704 525 522 662 826 221 218 296 285 282 439 113
1 3600 249
8
139 142 611 608 680 335 332 105
1 3600 249
15
679 680 881 877 745 738 752 655 77 82 146 211 214 282 439
1 3600 249
13
563 560 813 809 810 611 608 680 335 330 21 18 34
1 3600 134
8
173 170 679 676 593 596 751 748
1 3600 781
22
246 529 526 457 319 316 661 662 765 623 197 190 475 471 472 287 282 439 113 110 892 615
1 3600 1718
13
679 680 335 330 21 22 87 88 615 612 275 276 725
1 3600 1718
16
141 142 611 608 680 335 330 21 18 36 892 615 612 275 278 340
1 3600 1718
28
907 908 565 562 557 507 501 498 656 666 882 653 543 293 290 804 621 567 568 429 426 353 354 841 833 834 645 646
1 3600 1718
23
466 808 717 718 689 125 126 492 121 118 134 656 666 882 653 650 746 802 846 848 850 856 984
1 3600 1718
21
637 634 677 678 171 172 201 204 183 180 503 504 706 710 859 437 434 63 60 258 550
1 3600 1718
18
565 562 557 554 558 735 736 828 105 106 65 66 824 853 821 73 74 992
1 3600 1718
8
608 680 335 332 105 106 449 452
1 3600 1718
10
307 308 312 608 680 335 332 105 106 919
1 3600 1718
17
526 457 319 320 33 28 720 879 745 740 748 409 399 21 22 87 88
1 3600 1718
24
815 816 531 273 270 319 320 33 28 720 875 217 218 296 285 282 439 113 110 892 615 612 275 280
1 3600 1718
27
662 699 696 720 875 743 738 752 890 409 399 21 24 74 989 869 864 928 940 944 693 690 700 974 339 336 571
1 3600 1718
26
525 522 662 826 221 218 296 285 282 488 824 853 821 73 74 989 935 779 782 864 928 936 946 693 690 700
1 3600 1718
20
740 748 149 146 304 399 21 18 34 702 71 74 989 869 864 928 940 944 693 690
1 3600 1718
18
876 880 681 678 171 168 204 183 180 709 706 649 543 540 781 782 864 928
1 3600 1145
15
264 459 271 249 244 461 462 837 553 507 501 498 656 670 674
1 3600 228
10
26 592 635 607 610 143 136 151 152 718
1 3600 238
4
456 527 530 818
1 3600 238
8
31 32 321 318 271 272 528 574
1 3600 238
9
527 528 247 93 94 310 810 143 138
1 3600 238
12
266 524 705 459 456 527 528 576 908 565 562 968
1 3600 238
9
295 219 216 743 740 750 597 592 635
1 3600 238
5
827 699 31 26 592
1 3600 238
7
597 592 635 607 610 811 467
1 3600 238
7
699 696 720 879 876 880 681
1 3600 238
5
876 880 681 609 313
1 3600 217
5
269 270 458 265 262
1 3600 217
7
265 262 664 33 26 594 755
1 3600 239
8
27 30 698 765 762 639 377 375
1 3600 239
7
967 525 522 662 765 623 197
1 3600 239
13
537 457 319 320 665 661 662 765 762 639 640 327 328
1 3600 239
8
751 741 742 217 222 624 640 327
1 3600 239
9
875 217 218 195 192 323 324 447 373
1 3600 239
9
967 525 522 583 584 103 98 114 639
1 3600 239
7
262 661 662 765 623 624 640
1 3600 239
5
222 197 190 475 471
1 3600 268
15
458 265 266 522 583 584 103 98 116 972 757 758 766 351 346
1 3600 1718
21
748 891 405 406 643 475 471 468 619 617 601 598 545 383 384 369 370 255 250 910 914
1 3600 1718
31
271 268 91 94 310 808 717 718 689 125 130 165 166 578 199 133 134 656 666 882 653 648 710 860 839 833 834 229 224 239 242
1 3600 1718
24
597 592 677 678 171 168 202 736 183 180 503 504 706 712 177 155 158 807 804 303 300 412 586 922
1 3600 1718
26
967 705 459 271 249 244 461 462 837 553 507 501 121 118 134 656 666 882 653 543 293 290 804 621 233 234
1 3600 1718
24
262 664 33 28 720 879 745 738 752 890 409 399 21 24 74 989 935 779 780 773 774 845 846 848
1 3600 1432
11
879 876 880 335 332 829 183 180 709 706 649
1 3600 419
16
271 249 93 96 590 634 677 678 171 172 201 204 183 178 534 503
1 3600 134
6
752 890 409 399 331 332
1 3600 248
15
457 319 320 33 28 720 875 743 738 752 655 77 82 144 884
1 3600 248
7
879 745 740 748 149 83 78
1 3600 248
10
967 525 522 662 826 221 216 743 740 748
1 3600 248
6
751 748 891 655 77 82
1 3600 228
8
522 662 765 623 197 190 475 476
1 3600 636
13
295 296 285 282 439 113 87 88 615 612 275 276 725
1 3600 1718
24
525 267 262 661 662 765 623 197 192 494 469 472 213 214 282 439 113 110 892 615 612 275 278 340
1 3600 1718
34
880 681 678 171 168 202 734 689 125 130 511 512 605 199 133 134 656 666 882 653 650 419 157 158 431 434 57 52 429 423 420 834 645 646
1 3600 1718
27
218 296 407 402 77 82 146 304 399 21 18 34 702 71 74 989 935 779 780 773 774 845 846 848 850 856 984
1 3600 1718
27
315 312 610 143 136 151 152 718 689 125 126 492 498 656 666 882 653 650 419 175 155 158 431 434 63 51 48
1 3600 1718
15
262 317 320 33 26 594 755 752 890 409 399 21 24 74 992
1 3600 1718
12
596 751 741 744 876 880 335 332 105 106 449 450
1 3600 1718
12
661 662 826 221 218 296 285 282 488 67 64 919
1 3600 1562
19
537 457 319 320 33 28 720 879 745 738 752 890 409 399 21 18 36 892 948
1 3600 1718
15
748 149 146 304 399 21 22 87 88 615 612 275 276 725 722
1 3600 1718
25
616 618 469 472 287 282 488 824 853 821 73 74 989 869 864 928 936 299 300 412 586 731 39 42 572
1 3600 1718
25
470 476 213 210 304 399 331 332 829 183 180 503 504 706 712 848 843 431 432 621 567 425 415 410 700
1 3600 1718
23
470 474 642 407 404 890 409 399 21 18 34 702 71 74 989 869 864 928 940 942 946 950 952
1 3600 1718
28
585 582 660 317 318 456 527 528 576 908 565 562 557 507 501 121 118 134 656 666 882 653 543 293 290 804 303 298
1 3600 1718
28
114 763 764 699 31 26 592 677 678 171 172 201 202 734 689 125 130 165 166 578 199 133 134 656 670 674 685 682
1 3600 858
18
446 325 326 641 625 622 764 663 660 317 318 456 527 528 576 465 462 837
1 3600 235
14
470 474 642 407 404 753 754 595 592 635 607 610 143 138
1 3600 195
7
193 196 622 764 663 523 267
1 3600 195
7
322 193 194 219 216 743 740
1 3600 195
5
114 763 764 699 696
1 3600 195
5
497 193 196 223 220
1 3600 195
8
102 585 582 660 263 264 459 456
1 3600 195
7
379 376 625 223 216 743 740
1 3600 195
10
373 374 376 638 763 764 663 523 524 966
1 3600 131
7
326 641 638 115 99 102 585
1 3600 204
7
471 468 619 617 391 392 394
1 3600 204
4
584 103 98 116
1 3600 204
5
379 359 362 759 756
1 3600 204
11
192 323 324 447 444 598 545 546 257 250 831
1 3600 204
5
601 598 381 386 365
1 3600 204
5
392 396 209 15 16
1 3600 747
9
98 116 972 757 758 766 830 251 252
1 3600 1718
25
641 625 223 216 874 879 876 880 335 332 829 183 180 709 706 710 860 839 833 834 963 960 521 518 793
1 3600 1718
27
325 322 494 469 472 287 282 488 824 853 821 73 74 989 935 779 780 773 770 289 290 804 621 567 425 420 485
1 3600 1718
24
618 469 470 476 213 210 304 399 331 332 829 183 178 534 503 504 706 712 848 850 437 434 57 54
1 3600 1718
28
638 763 764 663 660 317 318 271 268 91 94 310 808 717 718 689 125 126 492 498 656 666 882 653 543 540 773 770
1 3600 1718
19
470 474 642 407 402 654 753 754 595 592 677 678 171 168 204 183 180 709 706
1 3600 1227
11
378 325 328 618 469 472 287 282 488 824 853
1 3600 477
10
600 616 618 469 470 476 287 282 439 440
1 3600 142
15
98 114 639 625 223 216 743 738 752 890 409 399 21 22 87
1 3600 112
6
390 616 618 469 472 213
1 3600 204
14
197 194 296 285 282 439 113 87 88 615 612 275 276 725
1 3600 1718
21
372 446 325 322 193 190 642 407 404 890 409 399 21 18 36 892 615 612 275 278 340
1 3600 1718
46
102 585 582 660 263 264 459 271 249 244 461 462 837 553 507 129 130 511 512 605 602 889 123 118 134 656 666 882 653 650 419 416 804 621 55 58 60 258 548 353 354 841 833 834 229 226
1 3600 1718
32
622 764 663 660 664 321 318 456 527 530 817 814 907 908 565 562 557 507 501 498 656 666 882 653 648 710 860 839 833 834 229 230
1 3600 1718
28
497 193 194 219 216 874 879 876 880 681 678 171 168 204 183 178 534 503 504 706 712 848 843 431 434 63 51 48
1 3600 1718
20
325 322 494 469 470 474 642 407 402 77 82 146 304 399 21 24 74 989 935 930
1 3600 1718
13
625 223 216 874 879 876 880 335 332 105 106 449 454
1 3600 1718
14
114 763 764 699 696 720 879 876 880 335 332 105 106 919
1 3600 1322
10
494 469 470 476 287 282 439 113 110 892
1 3600 1718
17
640 327 328 618 469 472 213 214 282 439 113 87 88 615 612 275 280
1 3600 1718
43
599 445 373 374 376 638 763 764 699 31 26 592 635 607 610 143 136 151 152 718 689 125 130 165 166 578 199 133 134 656 666 882 653 543 293 290 804 303 300 410 700 974 5
1 3600 1718
47
365 362 759 756 973 117 99 102 585 582 523 524 705 459 271 249 93 94 310 808 717 714 553 554 558 689 125 126 492 121 118 134 656 666 882 653 543 540 781 782 864 928 940 944 693 690 700
1 3600 1718
26
385 380 599 600 616 618 469 470 474 642 407 404 890 409 399 21 24 74 989 869 864 928 936 946 693 690
1 3600 1718
20
389 390 616 618 469 470 476 213 210 304 399 21 18 34 702 71 74 989 869 864
1 3600 1718
27
257 254 371 366 361 358 376 625 622 764 663 660 317 318 456 527 528 576 908 565 562 557 507 501 498 656 666
1 3600 1718
22
250 831 767 759 756 973 117 99 102 585 582 523 267 264 459 271 249 244 461 462 837 553
1 3600 858
12
363 358 376 638 763 764 699 696 29 26 592 677
1 3600 242
15
368 400 761 365 358 376 625 622 764 663 660 664 321 318 456
1 3600 262
6
972 757 758 363 358 378
1 3600 262
9
383 386 365 362 759 756 973 117 99
1 3600 262
5
973 117 99 102 585
1 3600 262
13
972 757 345 350 830 251 256 547 544 599 600 616 618
1 3600 262
4
547 544 599 600
1 3600 262
10
347 344 758 363 358 378 325 322 193 190
1 3600 262
5
973 117 114 639 625
1 3600 262
12
364 387 382 17 14 208 397 393 390 616 618 469
1 3600 291
11
757 758 363 364 387 380 207 208 397 393 388
1 3600 291
3
257 254 794
1 3600 273
6
383 384 369 370 255 252
1 3600 273
4
385 382 17 10
1 3600 273
9
346 911 251 256 547 544 207 15 12
1 3600 1718
43
973 117 99 102 585 582 523 524 705 459 271 268 589 315 312 610 143 138 152 718 689 125 130 511 512 605 199 133 134 656 666 882 653 650 419 416 804 303 300 412 586 731 728
1 3600 1718
40
251 256 547 544 599 445 446 325 322 193 194 219 216 743 744 876 880 681 678 171 172 201 202 736 183 180 709 706 712 177 155 158 431 434 57 52 429 423 415 412
1 3600 1718
25
973 117 114 763 764 699 31 26 592 677 678 171 168 204 183 180 503 504 706 649 650 419 416 804 621
1 3600 1718
31
761 365 358 376 638 763 764 663 660 317 318 456 527 528 574 814 907 908 565 562 557 507 501 121 118 134 656 666 882 653 650
1 3600 1718
24
544 599 600 616 618 469 470 474 642 407 402 654 890 409 399 331 332 829 183 178 534 709 706 649
1 3600 1718
22
254 371 368 385 380 599 445 446 325 322 193 194 219 216 874 879 876 880 335 332 105 106
1 3600 1322
12
973 117 114 639 625 223 218 296 285 282 439 442
1 3600 491
13
382 544 599 600 616 618 469 470 474 642 407 404 890
1 3600 249
8
757 758 363 364 387 380 207 208
1 3600 196
5
363 364 387 382 17
1 3600 196
5
367 368 385 382 17
1 3600 955
19
365 358 378 325 322 494 469 472 287 282 439 113 110 892 615 612 275 278 340
1 3600 1718
46
395 393 390 616 329 326 641 638 763 764 699 31 26 592 635 607 610 143 136 151 152 718 689 125 126 492 498 656 666 882 653 543 540 773 770 802 846 848 850 856 839 833 834 645 225 226
1 3600 1718
26
400 761 365 358 376 625 622 764 699 696 29 26 592 677 678 171 172 201 204 183 180 503 504 706 710 860
1 3600 1718
45
344 756 973 117 99 102 585 582 660 263 264 459 271 249 244 461 466 808 717 714 553 507 129 130 165 166 578 199 133 134 656 666 882 653 543 293 290 804 621 567 568 261 258 45 48
1 3600 1718
20
758 363 358 378 325 322 193 194 296 407 402 77 82 146 304 399 21 24 74 992
1 3600 1718
27
349 350 830 251 256 547 544 599 600 616 618 469 470 476 213 210 304 399 21 18 34 702 823 67 64 449 450
1 3600 1718
19
251 254 794 361 358 376 625 223 216 743 744 876 880 335 332 105 106 919 920
1 3600 1718
14
547 544 599 600 616 618 469 472 287 282 439 113 87 88
1 3600 1718
24
395 393 390 616 618 469 470 474 642 407 404 890 409 399 21 18 36 892 615 612 275 276 725 722
1 3600 1718
46
915 347 344 756 973 117 99 102 585 582 660 664 321 318 456 527 528 576 465 466 808 717 718 689 125 126 492 121 118 134 656 666 882 653 543 293 290 804 303 300 412 586 731 726 41 42
1 3600 1718
32
11 14 208 397 393 390 616 329 322 193 194 296 407 402 654 890 409 399 21 24 74 989 935 779 782 864 928 940 944 693 690 700
1 3600 1718
26
13 14 208 397 393 390 616 618 469 470 476 287 282 488 822 71 74 989 869 864 928 936 946 693 694 784
1 3600 1718
33
913 831 767 759 756 973 117 99 102 585 582 660 317 318 271 249 244 461 462 837 553 507 501 498 656 666 882 653 543 540 781 782 866
1 3600 1718
34
915 911 251 254 794 361 358 376 638 763 764 699 31 26 592 677 678 171 168 202 734 689 125 130 511 512 605 199 133 134 656 670 674 800
1 3600 1718
31
11 14 206 599 445 446 325 326 641 625 223 216 874 879 876 880 335 332 829 183 180 709 706 649 543 540 781 782 864 928 938
1 3600 1718
25
11 14 206 599 445 373 374 376 638 763 764 663 523 524 705 459 271 249 93 96 590 607 610 143 138
1 3600 1322
14
253 256 547 544 599 445 446 325 322 193 194 219 216 874
1 3600 429
9
915 347 344 756 973 117 114 639 625
1 3600 109
4
11 16 544 381
1 3600 109
5
913 831 767 759 756
1 3600 592
9
253 254 371 368 385 380 207 15 12
1 3600 1718
48
913 831 767 759 756 973 117 99 102 585 582 660 263 264 459 456 527 530 817 814 907 908 565 562 557 507 129 130 165 162 504 706 712 177 155 158 431 434 57 52 429 423 420 834 963 960 871 517
1 3600 1718
38
253 254 794 361 358 376 638 763 764 699 696 29 26 592 677 678 171 168 204 183 178 534 709 706 710 859 437 434 63 51 44 548 353 354 841 833 485 486
1 3600 1718
48
913 910 347 344 756 973 117 99 102 585 582 660 317 318 271 268 91 94 310 808 717 718 689 125 126 490 512 581 578 602 889 123 118 134 656 666 882 653 650 419 416 804 621 567 568 429 426 994
1 3600 1718
27
913 251 256 547 544 599 600 616 618 469 472 213 210 304 399 21 18 34 702 71 74 989 935 779 780 773 770
1 3600 1718
21
11 14 208 397 393 390 616 618 469 470 474 642 407 404 890 409 399 21 24 74 989
1 3600 1718
17
13 14 208 397 393 390 616 618 469 470 476 287 282 488 824 853 821
1 3600 1718
20
13 14 206 599 445 446 325 322 193 190 642 407 402 77 82 146 304 399 21 18
1 3600 1718
17
13 16 544 599 445 446 325 322 193 194 296 407 402 77 82 144 886
1 3600 1322
16
913 251 254 371 368 400 761 365 358 378 325 322 494 469 472 213
1 3600 330
19
13 14 208 397 393 390 616 618 469 470 476 287 282 439 113 87 88 615 612
1 3600 687
24
915 347 350 767 363 358 376 625 223 216 743 740 748 409 399 21 22 110 892 615 612 275 278 340
1 3600 1718
41
915 347 344 756 973 117 114 763 764 663 660 664 321 318 456 527 528 576 908 565 562 557 507 501 121 118 134 656 666 882 653 648 712 848 850 856 839 833 834 229 226
1 3600 1718
43
13 14 208 397 393 390 616 329 326 641 625 223 216 743 744 876 880 681 678 171 172 201 202 736 183 180 503 504 706 712 848 843 431 434 57 52 569 425 420 834 645 225 230
1 3600 1718
44
253 254 794 361 358 376 638 763 764 663 523 524 705 459 271 268 589 315 312 610 143 136 151 152 718 689 125 126 492 498 656 666 882 653 650 419 157 158 431 434 63 60 258 550
1 3600 1718
26
915 911 251 256 547 544 599 445 446 325 322 193 190 642 407 404 890 409 399 21 18 34 702 71 74 992
1 3600 1718
22
913 831 767 759 756 973 117 114 763 764 699 696 720 879 876 880 335 332 105 106 449 454
1 3600 1718
19
915 347 350 767 363 358 376 625 223 216 874 879 876 880 335 332 105 106 919
1 3600 1718
16
13 14 208 397 393 390 616 618 469 472 287 282 439 113 87 88
1 3600 1718
25
913 251 254 371 368 400 761 365 358 378 325 322 193 194 296 285 282 439 113 110 892 615 612 275 280
1 3600 210
6
963 960 871 872 9 6
1 3600 210
5
42 570 776 515 516
1 3600 391
6
960 871 872 9 4 975
1 3600 781
8
644 835 421 415 410 691 694 786
1 3600 1718
15
797 793 788 777 571 43 40 727 730 587 413 301 298 937 929
1 3600 1718
14
792 519 520 961 962 835 832 838 861 711 649 652 895 896
1 3600 1718
10
733 727 730 587 413 301 298 943 941 938
1 3600 1718
17
243 238 225 228 835 832 838 857 851 849 713 707 708 181 182 205 169
1 3600 1718
21
799 519 520 961 962 835 832 838 861 711 707 708 181 182 205 200 173 170 679 676 593
1 3600 1718
35
241 238 644 835 832 840 355 352 549 259 61 62 435 430 842 849 847 844 775 772 781 778 934 988 75 25 20 398 305 147 83 76 403 406 643
1 3600 1718
37
792 519 516 870 961 962 835 832 838 857 851 849 847 844 775 772 781 778 934 988 75 72 820 852 825 489 283 286 473 468 495 323 324 379 359 362 766
1 3600 1718
43
799 793 788 777 571 43 38 730 587 413 414 424 566 620 805 417 418 651 648 707 505 502 181 182 828 333 330 398 305 211 212 477 471 468 619 617 601 598 545 546 257 250 912
1 3600 174
8
238 225 228 963 960 521 518 796
1 3600 205
10
729 730 587 413 414 422 426 353 354 841
1 3600 205
3
962 835 832
1 3600 205
3
228 835 832
1 3600 205
6
792 519 520 961 962 835
1 3600 205
6
241 238 644 835 832 840
1 3600 358
9
241 238 644 835 421 422 428 261 61
1 3600 818
13
835 421 424 237 232 620 805 291 288 771 772 781 778
1 3600 1718
25
225 228 835 832 840 355 352 549 45 50 59 56 435 430 159 154 176 847 803 771 772 781 778 934 988
1 3600 1718
22
793 788 777 571 43 38 730 587 413 301 298 937 929 865 868 988 75 70 823 67 64 449
1 3600 1718
22
40 727 730 587 413 414 422 428 53 56 435 436 851 849 713 707 708 535 179 182 828 333
1 3600 1718
18
520 961 962 835 832 838 861 711 707 505 502 181 182 828 333 330 398 305
1 3600 1718
30
799 519 514 777 571 43 38 730 587 413 414 424 566 620 805 291 288 771 772 781 778 934 988 75 70 703 35 36 892 615
1 3600 1718
42
729 730 587 413 414 422 428 53 56 435 430 159 154 176 713 707 708 181 182 205 169 170 679 680 881 877 878 721 697 698 765 762 639 640 327 328 617 391 392 396 209 15
1 3600 1718
35
519 516 870 961 962 835 832 838 857 851 849 847 844 775 772 781 778 934 988 75 72 820 852 825 489 439 113 87 88 615 612 275 276 343 340
1 3600 554
7
799 519 520 961 962 645 646
1 3600 296
4
961 962 229 230
1 3600 1718
8
835 832 840 355 352 549 45 48
1 3600 1718
14
835 421 424 566 620 805 417 418 746 771 772 781 778 930
1 3600 1718
24
228 835 832 838 857 851 849 847 844 775 772 781 778 934 988 75 72 820 852 825 67 64 449 452
1 3600 1718
22
224 644 835 421 424 566 620 805 291 288 771 772 781 778 934 988 75 70 823 67 64 919
1 3600 1718
22
514 777 571 43 40 727 730 587 413 301 298 943 941 929 865 868 988 75 25 22 87 88
1 3600 1718
25
243 238 644 835 832 838 861 711 707 505 502 535 179 182 828 333 330 21 18 36 892 615 612 275 280
1 3600 225
7
586 731 39 42 570 776 904
1 3600 178
10
925 731 726 41 42 570 337 338 975 976
1 3600 228
7
923 587 413 410 691 694 786
1 3600 716
9
925 587 413 301 298 937 929 865 866
1 3600 1718
17
832 840 355 352 549 259 61 62 435 430 159 156 418 651 652 883 673
1 3600 1718
17
730 587 413 301 302 805 291 292 542 652 883 667 657 135 119 120 493
1 3600 1718
19
352 549 45 50 62 435 430 842 849 713 707 505 163 164 131 124 688 735 203
1 3600 1718
30
357 352 549 259 260 569 566 620 805 417 418 651 652 883 667 657 499 500 506 552 715 716 809 311 95 92 248 270 319 316
1 3600 1718
27
487 484 832 838 861 711 707 505 163 160 491 127 128 506 552 836 463 464 577 529 526 457 458 265 266 522 583
1 3600 1718
35
413 301 302 805 291 292 542 652 883 667 657 135 119 120 500 506 552 715 153 150 137 142 611 606 634 593 27 30 698 765 623 624 377 359 360
1 3600 1718
37
355 352 549 45 50 62 435 430 159 154 176 713 707 708 181 182 205 200 173 170 679 680 881 877 878 875 217 222 624 377 359 360 795 255 250 910 914
1 3600 125
8
841 833 834 963 960 521 518 796
1 3600 125
10
923 731 39 42 570 776 904 873 870 961
1 3600 125
11
726 41 42 570 776 515 520 961 962 645 239
1 3600 168
7
925 587 413 414 422 426 353
1 3600 125
4
413 414 422 426
1 3600 125
4
925 587 413 301
1 3600 228
5
421 424 566 620 805
1 3600 1322
9
925 587 413 301 302 805 417 418 651
1 3600 1718
12
925 587 413 301 298 943 941 929 865 868 988 75
1 3600 1718
15
727 730 587 413 301 298 937 929 865 868 988 75 70 703 35
1 3600 1718
24
357 352 427 428 53 56 435 436 851 849 713 707 708 535 179 182 828 333 330 398 305 147 83 78
1 3600 1718
17
487 484 832 838 861 711 707 505 502 181 182 828 333 330 398 305 211
1 3600 1718
21
727 730 587 413 301 298 943 941 929 865 868 988 75 25 22 87 88 615 612 275 278
1 3600 1718
24
838 857 851 849 847 803 771 772 781 778 934 988 75 70 703 35 36 892 615 612 275 276 343 340
1 3600 1227
6
487 484 834 229 224 646
1 3600 136
3
841 838 984
1 3600 1227
4
355 352 549 550
1 3600 1074
10
587 413 301 298 937 929 865 868 988 992
1 3600 1718
24
413 414 424 237 232 620 805 291 288 771 772 781 778 934 988 75 72 820 852 825 67 64 449 454
1 3600 1718
19
923 587 413 301 298 943 941 929 865 868 988 75 72 820 852 825 67 64 919
1 3600 1718
36
923 587 413 414 422 428 53 56 435 430 159 156 418 651 652 883 667 657 499 493 127 124 688 735 203 169 170 679 680 335 330 21 22 87 88 948
1 3600 1718
29
484 421 424 566 620 805 417 418 746 771 772 781 778 934 988 75 70 823 489 439 113 110 892 615 612 275 276 725 722
1 3600 781
5
415 410 700 974 339
1 3600 391
8
60 260 429 423 415 410 700 976
1 3600 108
7
427 423 415 410 691 692 950
1 3600 214
9
47 50 59 54 620 303 298 937 929
1 3600 636
10
414 424 566 620 805 291 292 542 652 883
1 3600 1227
25
549 259 61 62 435 430 159 154 174 418 651 652 883 667 657 135 132 198 604 513 510 131 124 688 735
1 3600 1718
18
569 566 620 805 291 292 542 652 883 667 657 499 500 506 552 715 153 150
1 3600 1718
23
549 259 61 62 435 430 842 849 713 707 708 181 182 205 169 170 679 676 593 594 755 739 742
1 3600 1718
38
45 50 59 56 435 430 159 156 418 651 652 883 667 657 135 119 120 500 506 552 715 153 139 142 611 606 634 593 27 30 698 765 762 639 377 375 372 444
1 3600 1718
35
53 56 435 436 851 849 713 707 505 163 164 131 124 688 719 716 812 463 460 245 248 270 319 316 661 583 584 103 98 116 972 757 758 766 830
1 3600 1718
31
62 435 436 858 711 707 505 502 535 179 182 828 333 330 398 408 891 405 406 297 195 192 323 324 447 444 598 545 546 257 252
1 3600 350
10
235 236 425 420 834 963 960 521 518 796
1 3600 124
5
423 415 412 586 924
1 3600 124
4
47 44 548 353
1 3600 124
4
236 425 415 412
1 3600 176
3
566 620 303
1 3600 139
7
298 943 941 929 865 783 778
1 3600 139
5
422 428 53 56 435
1 3600 139
3
56 435 430
1 3600 139
7
50 59 54 620 805 291 292
1 3600 139
5
232 620 805 806 842
1 3600 374
9
47 50 62 435 430 159 154 176 713
1 3600 1074
15
62 435 430 842 849 847 844 775 772 781 778 934 988 75 72
1 3600 1718
14
54 620 805 291 292 542 648 707 708 181 182 828 333 330
1 3600 1718
31
60 260 569 566 620 805 417 418 651 652 883 667 657 499 493 127 124 688 735 203 200 173 170 679 676 593 596 751 748 149 144
1 3600 1718
19
620 805 417 175 176 847 803 771 772 781 778 934 988 75 25 22 87 88 615
1 3600 1718
22
566 620 805 417 418 746 771 772 781 778 934 988 75 70 703 35 36 892 615 612 275 278
1 3600 1718
33
620 805 291 292 542 652 883 667 657 135 119 122 888 603 604 513 510 533 179 182 828 333 330 21 22 87 88 615 612 275 276 343 340
1 3600 1718
7
235 236 425 420 834 645 646
1 3600 301
7
258 548 353 354 841 838 984
1 3600 554
5
55 58 51 44 550
1 3600 318
18
995 427 428 53 56 435 436 851 849 847 844 775 772 781 782 868 988 992
1 3600 1718
17
428 53 56 435 436 858 711 707 505 502 181 182 828 105 106 449 452
1 3600 1718
16
232 620 433 430 159 154 176 713 707 708 181 182 828 105 106 919
1 3600 1718
24
56 435 430 842 849 847 803 771 772 781 778 934 988 75 72 820 852 825 489 439 113 110 892 948
1 3600 1718
19
301 298 937 929 865 868 988 75 70 703 35 36 892 615 612 275 276 725 722
1 3600 1718
11
769 770 289 290 804 303 300 410 700 974 339
1 3600 1074
10
540 781 782 864 928 940 944 693 690 700
1 3600 191
6
437 432 303 298 946 950
1 3600 162
7
933 779 782 864 928 936 943
1 3600 162
5
779 782 864 928 936
1 3600 155
5
779 780 541 542 652
1 3600 358
13
803 747 651 652 883 667 657 135 132 198 579 167 164
1 3600 955
18
780 541 542 652 883 667 657 135 119 120 500 506 556 563 564 909 577 529
1 3600 1718
20
849 713 649 652 883 667 657 499 500 506 556 563 564 909 906 815 575 529 526 457
1 3600 1718
35
858 711 649 652 883 667 657 135 132 198 604 513 491 127 124 688 719 716 809 311 95 90 269 270 458 265 262 661 662 765 762 639 640 327 324
1 3600 1718
33
651 652 883 667 657 135 119 120 493 127 124 688 735 203 169 170 679 680 881 877 878 875 217 222 624 377 359 364 760 401 369 366 970
1 3600 1718
39
844 775 772 541 542 652 883 667 657 499 500 506 552 715 153 150 137 142 611 606 634 593 594 755 752 405 406 643 475 471 468 619 617 391 392 396 209 15 12
1 3600 1010
16
779 780 773 774 845 846 848 850 856 839 833 834 229 224 239 242
1 3600 281
8
843 807 804 303 300 412 586 731
1 3600 175
6
769 770 289 290 804 621
1 3600 175
5
177 155 158 431 434
1 3600 175
4
859 437 434 63
1 3600 175
15
933 779 780 773 774 845 846 177 155 158 431 434 57 52 429
1 3600 175
9
779 780 773 770 289 290 804 621 567
1 3600 188
5
851 849 847 844 862
1 3600 188
9
933 779 780 773 770 802 846 848 850
1 3600 182
6
746 771 772 781 778 934
1 3600 182
4
540 781 778 934
1 3600 182
7
746 771 772 781 782 868 988
1 3600 182
6
844 775 772 781 778 934
1 3600 182
9
851 849 847 844 775 772 781 782 868
1 3600 245
7
933 934 988 75 72 820 852
1 3600 904
9
711 707 505 502 535 179 182 828 105
1 3600 1718
27
542 652 883 667 657 135 132 198 579 167 164 131 124 688 719 153 139 142 611 608 680 881 877 745 738 752 655
1 3600 1718
12
176 713 707 708 181 182 828 333 330 398 305 211
1 3600 1718
13
781 778 934 988 75 25 22 87 88 615 612 275 278
1 3600 1718
23
430 159 154 176 713 707 505 502 535 179 182 828 333 330 21 22 87 88 615 612 275 278 340
1 3600 1718
7
850 856 839 833 834 645 646
1 3600 818
16
933 779 780 773 774 845 846 848 850 858 860 839 833 834 229 230
1 3600 1010
9
419 416 804 621 55 58 51 44 550
1 3600 120
6
540 781 782 868 988 992
1 3600 1718
12
418 651 648 707 708 181 182 828 105 106 449 450
1 3600 1718
13
863 775 772 781 778 934 988 75 70 823 67 64 919
1 3600 1718
14
933 934 988 75 72 820 852 825 489 439 113 110 892 948
1 3600 1718
30
418 651 652 883 667 657 135 119 120 493 127 124 688 735 203 200 173 170 679 680 335 330 21 18 36 892 615 612 275 280
1 3600 1718
9
648 710 860 839 833 834 963 960 871
1 3600 1718
8
869 864 928 940 944 693 690 700
1 3600 818
8
989 869 864 928 936 946 693 690
1 3600 220
6
649 543 540 781 782 864
1 3600 89
8
989 935 779 780 541 542 652 883
1 3600 136
8
707 505 163 164 131 124 688 559
1 3600 429
13
75 70 823 67 64 107 104 829 737 734 719 153 150
1 3600 1145
19
649 652 883 667 657 499 500 506 552 836 463 460 245 248 270 319 320 33 28
1 3600 1718
19
707 708 181 182 205 169 170 679 676 593 594 755 752 655 403 406 643 475 471
1 3600 1718
32
649 652 883 667 657 135 119 120 500 506 556 563 564 909 577 529 526 457 458 704 525 522 583 584 103 98 116 972 757 345 346 911
1 3600 1718
19
988 75 72 820 852 825 489 283 286 473 468 619 617 391 392 396 209 15 10
1 3600 1718
9
650 419 416 804 621 567 425 420 834
1 3600 1227
10
869 864 928 940 942 299 300 412 586 922
1 3600 365
8
543 293 290 804 621 567 568 261
1 3600 28
5
650 746 802 844 862
1 3600 36
4
75 70 823 67
1 3600 324
20
652 883 667 657 135 132 198 604 513 510 533 179 182 828 333 330 21 22 112 440
1 3600 1145
22
652 883 667 657 499 493 127 124 688 719 716 809 810 611 606 634 593 596 751 748 891 655
1 3600 1718
10
988 75 72 820 852 825 489 283 215 212
1 3600 1718
17
75 25 20 398 408 891 405 406 297 195 192 323 324 447 444 598 207
1 3600 1718
18
707 505 502 181 182 828 333 330 21 22 87 88 615 612 275 276 343 340
1 3600 1718
16
989 935 779 780 773 774 845 846 848 850 856 839 833 834 229 226
1 3600 1718
3
710 860 984
1 3600 1718
16
935 779 780 773 770 802 846 177 155 158 431 434 63 60 258 550
1 3600 324
5
543 540 781 778 930
1 3600 858
7
75 70 823 67 64 449 450
1 3600 1718
9
707 708 535 179 182 828 105 106 919
1 3600 1718
13
707 505 502 181 182 828 333 330 21 18 36 892 948
1 3600 1718
34
649 652 883 667 657 135 119 122 888 603 579 580 513 510 131 124 688 735 203 200 173 170 679 680 335 330 21 22 87 88 615 612 275 280
1 3600 1718
14
183 180 709 706 712 177 174 416 804 303 300 410 700 974
1 3600 1718
12
504 706 712 848 843 807 804 303 300 410 700 976
1 3600 1718
15
448 65 66 824 853 821 73 74 989 869 864 928 940 944 693
1 3600 660
22
109 104 829 183 178 532 165 166 578 199 133 134 656 666 882 653 543 540 781 782 864 928
1 3600 175
17
64 107 104 829 183 178 532 511 512 605 199 133 134 656 670 674 800
1 3600 113
10
448 107 104 829 183 178 532 165 166 578
1 3600 113
8
823 67 64 107 104 829 737 734
1 3600 117
14
852 825 822 703 35 19 20 331 334 681 609 610 143 140
1 3600 391
11
66 822 703 35 19 20 398 408 749 741 742
1 3600 1227
23
535 532 131 128 506 552 836 463 460 245 248 270 319 316 661 662 765 762 639 377 375 372 444
1 3600 1718
18
448 65 66 489 283 286 477 471 468 619 617 601 598 381 384 369 366 970
1 3600 1718
16
855 825 489 283 215 212 473 468 619 617 391 392 396 209 15 10
1 3600 1718
10
504 706 710 860 839 833 834 645 239 240
1 3600 1718
15
709 706 712 177 155 158 431 434 57 52 429 423 415 412 586
1 3600 1145
11
74 989 935 779 780 773 770 289 290 804 621
1 3600 211
6
706 649 650 746 802 844
1 3600 123
15
163 166 578 199 133 134 656 666 882 653 543 540 781 782 868
1 3600 123
12
852 825 67 64 107 104 829 183 180 503 504 706
1 3600 123
3
73 74 989
1 3600 136
6
825 67 64 107 104 829
1 3600 105
8
708 181 182 205 169 170 679 680
1 3600 105
4
821 73 25 18
1 3600 105
3
822 703 35
1 3600 291
6
109 104 333 330 398 305
1 3600 1718
5
852 825 489 283 286
1 3600 1718
10
66 489 439 113 110 892 615 612 275 276
1 3600 1718
13
182 828 333 330 21 22 87 88 615 612 275 278 340
1 3600 1718
9
504 706 710 860 839 833 834 645 646
1 3600 1718
17
855 853 821 73 74 989 935 779 780 773 774 845 846 848 850 856 984
1 3600 1718
23
178 532 511 512 605 602 889 123 118 134 656 666 882 653 650 419 157 158 431 434 63 51 48
1 3600 955
13
505 502 181 182 828 105 106 65 66 822 71 74 990
1 3600 365
9
502 535 179 182 828 105 106 449 454
1 3600 1322
6
820 852 825 67 64 919
1 3600 1718
20
535 532 131 124 688 719 153 150 137 142 611 608 680 335 330 21 18 36 892 948
1 3600 1718
15
181 182 828 333 330 21 22 87 88 615 612 275 276 725 722
1 3600 1718
28
331 334 681 678 171 168 202 734 689 125 126 492 498 656 666 882 653 650 419 416 804 303 300 412 586 731 39 42
1 3600 1718
12
702 71 74 989 869 864 928 936 946 693 690 700
1 3600 1718
23
829 183 178 532 165 166 578 199 133 134 656 666 882 653 543 540 781 782 864 928 940 944 950
1 3600 1718
10
917 69 66 824 853 821 73 74 989 869
1 3600 592
16
681 609 610 143 138 152 714 553 554 558 689 125 130 511 512 986
1 3600 125
7
69 64 107 104 829 183 178
1 3600 111
8
443 113 23 20 331 334 681 609
1 3600 111
12
20 331 334 681 609 610 143 140 812 561 564 982
1 3600 120
16
113 23 20 398 408 749 741 744 878 721 29 32 321 318 456 538
1 3600 452
13
104 333 334 881 877 745 742 217 218 195 192 323 324
1 3600 1322
16
19 20 398 408 749 741 742 217 222 624 377 359 360 795 255 250
1 3600 1718
15
443 438 283 286 477 471 468 619 617 391 392 396 209 15 12
1 3600 1718
17
19 24 74 989 869 864 928 936 946 693 690 700 974 5 8 905 789
1 3600 1718
24
438 488 824 853 821 73 74 989 935 779 780 773 770 289 290 804 621 55 58 60 258 548 353 354
1 3600 1718
14
104 829 183 180 709 706 712 848 843 431 434 57 52 261
1 3600 781
5
24 74 989 935 779
1 3600 350
7
104 829 183 180 503 504 706
1 3600 102
3
488 824 854
1 3600 102
5
34 702 823 824 853
1 3600 102
4
34 702 71 72
1 3600 148
4
23 20 331 334
1 3600 107
7
881 877 745 738 752 405 406
1 3600 107
6
330 398 408 891 655 403
1 3600 107
4
333 330 398 305
1 3600 505
11
283 284 643 475 471 468 619 617 391 392 396
1 3600 1562
8
21 18 36 892 615 612 275 278
1 3600 1718
11
399 21 22 87 88 615 612 275 276 343 340
1 3600 1718
34
443 113 23 20 331 334 681 609 610 143 138 152 714 553 507 501 121 118 134 656 666 882 653 543 293 290 804 621 567 425 420 834 229 226
1 3600 1718
17
69 66 822 71 74 989 935 779 780 773 774 845 846 848 850 856 984
1 3600 1718
32
443 113 23 20 331 334 681 678 171 172 201 202 734 689 125 126 492 498 656 666 882 653 650 419 175 155 158 431 434 63 51 48
1 3600 1718
6
335 330 21 24 74 992
1 3600 818
7
112 438 488 67 64 449 452
1 3600 636
7
443 438 488 67 64 919 920
1 3600 1227
8
104 333 330 21 22 110 892 948
1 3600 1718
6
36 892 615 612 275 280
1 3600 1718
18
37 34 702 71 74 989 869 864 928 940 944 693 690 700 974 339 3 6
1 3600 1718
32
148 749 750 597 592 635 607 610 143 136 151 152 714 553 507 501 121 118 134 656 666 882 653 543 293 290 804 303 300 410 700 976
1 3600 1718
18
85 86 112 438 488 824 853 821 73 74 989 869 864 928 936 946 693 690
1 3600 1718
25
891 753 754 595 592 635 607 610 811 808 812 837 553 507 501 498 656 666 882 653 543 540 781 782 866
1 3600 1718
20
79 82 148 749 750 597 592 677 678 171 168 202 734 689 125 130 165 166 578 602
1 3600 419
12
753 754 595 592 635 607 610 143 140 717 718 689
1 3600 120
13
284 297 219 220 827 663 523 267 264 459 271 249 244
1 3600 110
13
885 145 83 76 654 753 739 744 878 721 29 32 321
1 3600 110
5
147 148 749 741 744
1 3600 136
6
297 219 220 827 663 583
1 3600 491
10
405 406 643 191 192 323 324 447 444 598
1 3600 1718
14
76 403 406 643 475 471 468 619 617 601 598 545 17 12
1 3600 1718
24
885 145 146 304 399 331 332 829 183 180 709 706 712 177 174 416 804 303 300 412 586 731 726 41
1 3600 1718
36
297 219 220 827 663 660 317 318 456 527 528 576 465 462 561 562 557 507 501 121 118 134 656 666 882 653 650 419 416 804 621 567 425 420 485 486
1 3600 1718
22
654 753 754 595 592 677 678 171 168 204 183 178 534 503 504 706 710 859 437 432 621 233
1 3600 1718
23
654 890 749 750 597 592 635 607 610 143 138 152 718 689 125 126 492 498 656 666 882 653 650
1 3600 1227
6
85 86 23 24 74 989
1 3600 281
9
81 82 146 304 399 331 332 105 108
1 3600 143
6
404 890 409 399 21 18
1 3600 143
6
79 82 146 211 214 282
1 3600 143
7
81 82 146 304 399 21 22
1 3600 143
4
282 488 67 68
1 3600 146
4
887 145 148 891
1 3600 121
12
83 76 403 406 297 195 192 323 328 617 391 392
1 3600 121
6
85 86 112 438 283 215
1 3600 429
15
81 76 654 753 739 742 217 222 624 377 375 372 444 598 207
1 3600 1718
13
145 146 304 399 21 22 87 88 615 612 275 278 340
1 3600 1718
22
749 741 744 876 880 681 678 171 172 201 204 183 180 709 706 710 860 839 833 834 645 646
1 3600 1718
38
404 753 754 595 592 677 678 171 168 202 734 689 125 130 511 512 605 199 133 134 656 666 882 653 648 712 848 850 437 434 57 52 429 423 420 834 229 230
1 3600 1718
33
402 654 890 749 750 597 592 635 607 610 811 808 717 714 553 507 501 121 118 134 656 666 882 653 543 293 290 804 621 55 58 51 48
1 3600 1718
6
282 488 822 71 74 992
1 3600 1718
8
409 399 331 332 105 106 449 454
1 3600 1432
10
79 82 146 304 399 331 332 105 106 919
1 3600 358
9
404 890 409 399 21 18 36 892 948
1 3600 1718
7
88 615 612 275 276 725 722
1 3600 1718
22
614 893 37 34 702 71 74 989 869 864 928 940 942 299 300 412 586 731 39 42 570 337
1 3600 1718
41
397 393 390 616 329 326 641 625 622 764 663 523 524 705 459 456 527 528 574 814 907 908 565 562 557 507 501 498 656 666 882 653 650 419 416 804 303 300 410 700 976
1 3600 1718
38
210 147 148 891 753 739 744 876 880 681 678 171 172 201 202 734 689 125 126 492 121 118 134 656 666 882 653 543 540 781 782 864 928 936 946 693 694 784
1 3600 1718
39
397 393 390 616 329 326 641 638 763 764 663 660 317 318 271 249 244 461 462 837 553 507 129 130 165 166 578 199 133 134 656 666 882 653 543 540 781 782 864
1 3600 1718
16
614 89 86 23 20 331 332 829 183 178 532 511 512 605 602 889
1 3600 1432
27
393 390 616 618 495 193 196 622 764 699 31 32 321 318 271 249 93 94 310 808 717 718 689 125 126 490 161
1 3600 521
8
210 147 148 749 750 597 592 635
1 3600 155
9
477 474 191 196 622 764 663 660 664
1 3600 80
6
397 393 390 616 329 326
1 3600 189
12
212 473 468 495 323 324 379 359 362 766 351 346
1 3600 1718
10
473 468 619 617 391 392 396 209 15 10
1 3600 1718
31
213 210 304 399 331 332 829 183 180 503 504 706 712 848 843 431 434 57 52 429 423 415 412 586 731 726 41 42 570 776 789
1 3600 1718
38
393 390 616 329 326 641 638 763 764 663 660 263 264 459 456 527 528 576 908 565 562 557 507 501 498 656 666 882 653 650 419 416 804 303 300 412 586 922
1 3600 1718
32
393 390 601 445 373 374 376 625 622 764 699 31 26 592 677 678 171 168 204 183 178 534 709 706 710 859 437 434 63 60 258 548
1 3600 1718
43
397 393 390 616 329 322 193 196 622 764 663 523 524 705 459 456 527 530 817 814 907 465 462 837 553 554 558 689 125 130 165 166 578 199 133 134 656 666 882 653 543 293 290
1 3600 1718
13
614 893 37 19 20 331 332 829 183 180 503 504 706
1 3600 1322
6
287 282 488 824 853 821
1 3600 381
16
393 390 616 618 495 193 194 219 216 874 879 876 880 335 332 105
1 3600 45
4
210 147 144 886
1 3600 324
7
614 89 86 112 438 283 286
1 3600 65
17
614 893 111 112 438 283 215 212 477 471 468 619 617 601 598 545 17
1 3600 1718
11
214 282 439 113 87 88 615 612 275 278 340
1 3600 1718
26
214 284 407 404 753 739 744 876 880 681 678 171 172 201 204 183 180 709 706 710 860 839 833 834 229 226
1 3600 1718
36
214 284 297 219 216 874 721 29 32 321 318 271 268 91 94 310 808 717 718 689 125 126 492 121 118 134 656 666 882 653 648 712 848 850 856 984
1 3600 1718
35
477 474 191 196 622 764 663 660 317 318 456 527 528 576 908 565 562 557 507 501 498 656 666 882 653 650 419 157 158 431 434 63 60 258 550
1 3600 1718
8
213 210 304 399 21 24 74 992
1 3600 1718
10
614 89 86 112 438 488 67 64 449 452
1 3600 1718
9
210 304 399 331 332 105 106 919 920
1 3600 1718
20
393 390 616 618 469 470 474 642 285 282 439 113 110 892 615 612 275 276 725 722
1 3600 1718
46
206 599 445 373 374 376 638 763 764 663 660 263 264 459 271 249 244 461 462 837 553 507 129 130 511 512 605 199 133 134 656 666 882 653 543 293 290 804 621 567 425 415 410 700 974 996
1 3600 1718
21
724 277 274 613 614 893 37 34 702 71 74 989 869 864 928 940 944 693 690 700 976
1 3600 1718
15
277 274 613 614 893 111 23 24 74 989 869 864 928 936 946
1 3600 1718
11
274 613 614 89 86 23 24 74 989 869 864
1 3600 1718
21
274 613 614 893 37 19 20 331 332 829 183 178 532 165 166 578 199 133 134 656 666
1 3600 1718
14
274 613 614 89 86 23 20 331 334 681 678 171 168 202
1 3600 1322
11
613 614 893 37 19 20 331 334 681 609 313
1 3600 477
19
16 383 386 365 362 759 756 973 117 99 102 585 582 660 664 321 318 271 268
1 3600 161
7
14 206 599 445 446 325 326
1 3600 80
23
274 613 614 89 86 23 20 398 408 749 741 742 874 721 697 698 765 762 115 116 972 757 345
1 3600 452
22
277 274 613 614 893 111 112 438 283 284 297 219 222 624 638 115 116 972 757 345 346 914
1 3600 1718
42
16 544 599 445 373 374 376 625 622 764 699 31 26 592 677 678 171 168 204 183 180 503 504 706 712 177 155 158 431 434 57 58 51 44 548 353 354 841 833 834 645 225
1 3600 1718
22
279 274 613 614 893 37 34 702 71 74 989 869 864 928 940 942 299 300 412 586 731 726
1 3600 1718
21
279 274 613 614 89 86 23 24 74 989 935 779 780 773 770 289 290 804 621 567 425
1 3600 1718
15
613 614 89 86 23 20 331 332 829 183 178 534 709 706 710
1 3600 1718
18
206 599 600 616 618 469 470 474 642 407 402 654 890 409 399 21 24 74
1 3600 1718
13
274 613 614 893 37 19 20 331 332 829 183 180 503
1 3600 1227
4
613 614 89 86
1 3600 350
3
613 614 893
1 3600 72
11
724 277 274 613 614 89 86 112 438 283 215
1 3600 252
18
274 613 614 893 111 112 438 283 286 473 468 619 617 391 392 396 209 15
1 3600 268
23
15 16 544 599 445 446 325 322 494 469 470 476 287 282 439 113 87 88 615 612 275 278 340
1 3600 1718
29
274 613 614 893 37 34 702 71 74 989 935 779 780 773 774 845 846 848 843 431 434 57 52 429 423 420 834 229 226
1 3600 1718
26
279 274 613 614 89 86 23 20 331 332 829 183 178 534 709 706 712 848 850 856 839 833 834 645 225 230
1 3600 1718
49
206 381 386 365 362 759 756 973 117 99 102 585 582 523 524 705 459 271 249 93 96 315 312 610 143 136 151 152 718 689 125 126 492 498 656 666 882 653 650 419 416 804 621 567 568 261 258 45 48
1 3600 1718
19
15 16 383 386 365 358 376 625 223 216 743 740 748 409 399 21 24 74 992
1 3600 1718
13
277 274 613 614 89 86 112 438 488 67 64 449 452
1 3600 1718
13
277 274 613 614 893 111 112 438 488 67 64 919 920
1 3600 419
4
277 274 613 614
1 3600 636
3
724 277 280
1 3600 1718
23
341 279 274 613 614 893 37 34 702 71 74 989 869 864 928 936 946 693 690 700 974 5 6
1 3600 1718
25
341 279 274 613 614 89 86 112 438 488 824 853 821 73 74 989 869 864 928 940 944 693 690 700 976
1 3600 1718
19
341 279 274 613 614 893 37 34 702 71 74 989 869 864 928 936 946 950 954
1 3600 1718
15
341 342 277 274 613 614 89 86 23 24 74 989 869 864 928
1 3600 1718
28
341 279 274 613 614 893 111 23 20 331 334 681 609 610 143 138 152 718 689 125 126 492 121 118 134 656 666 882
1 3600 1718
19
341 342 277 274 613 614 89 86 23 20 331 332 829 183 178 532 511 512 581
1 3600 1718
15
341 279 274 613 614 893 111 23 20 331 334 681 678 171 172
1 3600 1718
16
341 342 277 274 613 614 89 86 23 20 398 408 891 753 754 595
1 3600 1074
15
341 279 274 613 614 893 111 112 438 283 284 643 191 192 323
1 3600 350
27
341 342 277 274 613 614 89 86 23 20 398 408 891 753 739 744 878 721 697 698 765 762 115 116 972 757 758
1 3600 419
20
341 279 274 613 614 893 111 112 438 283 286 473 468 619 617 601 598 545 17 10
1 3600 1718
28
341 342 277 274 613 614 89 86 112 438 488 824 853 821 73 74 989 869 864 928 940 942 299 300 412 586 731 39
1 3600 1718
20
341 279 274 613 614 893 37 19 20 331 332 829 183 180 503 504 706 710 860 839
1 3600 1718
34
341 342 277 274 613 614 89 86 23 20 331 334 681 609 610 143 136 151 152 714 553 507 501 498 656 666 882 653 543 293 290 804 621 233
1 3600 1718
17
341 279 274 613 614 893 37 34 702 71 74 989 935 779 780 773 768
1 3600 1718
17
341 342 277 274 613 614 89 86 112 438 488 824 853 821 73 74 989
1 3600 1718
10
341 279 274 613 614 893 37 34 702 71
1 3600 1718
14
341 342 277 274 613 614 89 86 112 438 488 67 68 916
1 3600 1718
7
341 279 274 613 614 89 84
1 3600 1227
5
341 342 277 274 613
1 3600 122
3
341 342 725
1 3600 1718
33
341 279 274 613 614 893 37 19 20 331 332 829 183 180 709 706 712 177 155 158 431 434 63 51 44 548 353 354 841 833 834 645 646
1 3600 1718
20
341 279 274 613 614 893 111 23 20 331 332 829 183 180 503 504 706 710 860 984
1 3600 1718
42
341 342 277 274 613 614 89 86 23 20 331 334 681 678 171 172 201 202 734 689 125 130 165 166 578 199 133 134 656 666 882 653 650 419 416 804 621 567 568 261 258 550
1 3600 1718
11
341 279 274 613 614 893 37 19 24 74 992
1 3600 1718
15
341 342 277 274 613 614 89 86 112 438 488 67 64 449 454
1 3600 1718
14
341 279 274 613 614 893 111 112 438 488 67 64 919 920
1 3600 1718
7
341 342 277 274 613 614 948
1 3600 592
4
341 342 725 722
1 3600 1718
8
227 228 963 960 871 872 9 4
1 3600 1718
10
647 644 963 960 871 872 9 2 338 975
1 3600 1718
11
647 225 228 835 421 415 410 691 692 950 952
1 3600 1718
14
647 644 835 832 838 857 851 849 847 803 771 772 781 782
1 3600 1718
13
227 228 835 832 838 861 711 649 652 895 687 684 800
1 3600 1718
18
647 644 835 832 838 861 711 649 652 883 667 657 135 132 198 579 167 164
1 3600 1718
23
227 228 835 832 838 857 851 849 713 649 652 883 667 657 499 500 506 556 563 564 909 906 815
1 3600 1718
26
647 644 835 832 838 861 711 707 505 163 160 491 127 124 688 719 716 809 311 95 92 248 270 458 265 266
1 3600 1718
33
227 228 835 421 424 566 620 805 291 292 542 652 883 667 657 135 119 120 500 506 552 836 463 464 577 529 526 457 319 320 665 661 583
1 3600 1718
33
227 228 835 832 838 857 851 849 713 707 505 163 164 131 124 688 719 153 139 142 611 606 634 593 27 30 698 765 762 639 377 359 364
1 3600 1718
44
647 644 835 421 424 566 620 805 417 418 651 652 883 667 657 499 500 506 556 563 564 909 906 815 816 531 526 457 458 704 525 522 583 584 103 98 116 972 757 758 766 830 251 252
1 3600 197
7
647 644 963 960 521 518 796
1 3600 419
11
647 225 228 963 960 521 514 777 571 43 38
1 3600 1432
4
647 644 835 421
1 3600 1718
12
647 644 835 832 838 857 851 849 847 803 771 768
1 3600 1718
8
227 228 835 832 838 861 711 649
1 3600 1718
10
647 644 835 832 838 861 711 707 708 181
1 3600 1718
17
647 225 228 835 421 415 301 298 943 941 929 865 868 988 75 70 703
1 3600 1718
41
647 644 835 832 840 355 352 549 259 61 62 435 430 807 291 292 542 652 883 667 657 135 132 198 604 513 510 131 124 688 735 203 169 170 679 676 593 594 755 752 405
1 3600 1718
40
227 228 835 421 424 566 620 805 417 418 651 652 883 667 657 135 119 120 500 506 552 836 463 460 245 248 270 319 316 661 662 765 623 624 640 327 328 617 391 392
1 3600 1718
33
647 644 835 832 838 857 851 849 713 707 708 535 179 182 205 200 173 170 679 676 593 27 30 698 765 762 639 377 375 372 444 598 207
1 3600 1718
23
227 228 835 421 415 301 298 937 929 865 868 988 75 25 18 36 892 615 612 275 276 343 340
1 3600 1718
3
647 225 226
1 3600 176
5
227 228 835 832 838
1 3600 1718
10
227 228 835 832 840 355 352 549 45 48
1 3600 1718
16
227 224 644 835 832 838 857 851 849 847 844 775 772 781 778 930
1 3600 1718
17
647 644 835 832 838 861 711 707 505 502 181 182 828 105 106 449 452
1 3600 1718
27
647 644 835 421 424 237 232 620 805 291 292 542 652 883 667 657 499 493 127 124 688 735 736 828 105 106 919
1 3600 1718
29
647 225 228 835 832 840 355 352 549 259 61 62 435 430 159 156 418 746 771 772 781 778 934 988 75 25 22 87 88
1 3600 1718
25
647 644 835 421 415 301 298 943 941 929 865 868 988 75 70 703 35 36 892 615 612 275 276 725 722
1 3600 1432
7
839 833 834 963 960 521 514
1 3600 1718
9
231 228 963 960 871 872 9 4 975
1 3600 1562
11
839 840 355 352 427 423 415 410 691 692 950
1 3600 1718
10
231 228 835 421 415 301 298 937 929 865
1 3600 1718
9
231 228 835 832 838 861 711 649 652
1 3600 1718
15
857 851 849 713 649 652 883 667 657 135 132 198 579 167 164
1 3600 1718
26
985 857 851 849 847 803 747 651 652 883 667 657 135 119 120 493 127 124 688 719 153 139 142 611 606 634
1 3600 1718
20
861 711 707 505 163 160 510 131 124 688 719 716 809 311 95 90 269 270 458 704
1 3600 1718
39
231 224 644 835 832 840 355 352 549 259 61 62 435 432 805 291 292 542 652 883 667 657 499 500 506 556 563 564 909 577 529 526 457 319 320 665 661 583 584
1 3600 1718
42
231 228 835 421 422 428 53 56 435 430 159 156 418 651 652 883 667 657 135 119 120 500 506 552 836 463 460 245 248 270 319 316 661 583 584 103 98 116 972 757 345 346
1 3600 1718
30
985 857 851 849 713 707 708 181 182 205 169 170 679 680 881 877 878 875 217 218 195 192 323 324 447 444 598 545 17 12
1 3600 223
9
985 839 833 834 963 960 521 518 796
1 3600 101
3
985 839 833
1 3600 225
10
985 839 840 355 352 427 428 569 237 234
1 3600 491
13
231 224 644 835 421 424 566 620 805 291 288 771 772
1 3600 1718
12
985 861 859 851 849 847 844 775 772 781 778 934
1 3600 1718
19
231 228 835 421 415 301 298 943 941 929 865 868 988 75 70 823 67 64 449
1 3600 1718
17
985 861 711 707 708 535 179 182 205 200 173 170 679 680 335 330 398
1 3600 1718
32
985 857 851 849 713 649 652 883 667 657 135 132 198 604 513 491 127 124 688 719 153 150 137 142 611 606 634 593 596 751 748 891
1 3600 1718
22
985 861 711 707 505 502 181 182 205 169 170 679 680 881 877 745 740 748 149 146 211 212
1 3600 1718
30
231 224 644 835 832 840 355 352 549 45 50 59 54 620 805 291 288 771 772 781 778 934 988 75 25 22 87 88 615 612
1 3600 1718
22
985 857 851 849 847 803 771 772 781 778 934 988 75 25 22 110 892 615 612 275 278 340
1 3600 374
5
839 833 834 645 646
1 3600 381
5
839 833 834 229 230
1 3600 374
10
231 228 835 832 840 355 352 549 45 48
1 3600 818
17
231 224 644 835 421 424 566 620 805 417 418 746 771 772 781 778 930
1 3600 1718
35
231 228 835 832 840 355 352 549 259 61 62 435 430 159 156 418 651 652 883 667 657 135 132 198 579 167 164 533 179 182 828 105 106 449 450
1 3600 1718
14
985 861 859 851 849 713 707 708 181 182 828 105 106 919
1 3600 1718
17
857 851 849 847 844 775 772 781 782 868 988 75 70 703 35 36 892
1 3600 1718
27
231 224 644 835 421 415 301 298 937 929 865 868 988 75 72 820 852 825 489 439 113 87 88 615 612 275 280
1 3600 1718
13
551 548 427 423 415 412 586 731 39 42 570 337 338
1 3600 1718
8
551 548 427 423 415 410 700 976
1 3600 1718
11
551 259 260 429 423 415 410 691 692 950 952
1 3600 1718
10
49 50 62 435 432 303 298 943 941 929
1 3600 1718
16
49 50 59 54 620 805 291 292 542 652 883 667 657 135 119 122
1 3600 1718
18
551 259 260 53 56 435 430 159 154 174 418 651 652 883 667 657 499 500
1 3600 1718
32
551 259 260 569 566 620 805 291 292 542 652 895 687 684 675 671 657 135 132 198 579 580 513 510 131 124 688 735 203 169 170 679
1 3600 1718
28
551 45 50 62 435 430 159 156 418 651 652 883 667 657 135 119 120 500 506 552 715 716 141 142 611 608 680 881
1 3600 1718
36
49 50 59 56 435 430 807 291 292 542 652 883 667 657 499 493 127 128 506 556 563 564 909 577 529 526 457 458 265 266 522 662 765 623 624 377
1 3600 1718
40
49 50 62 435 430 159 154 176 713 707 505 163 164 131 124 688 719 716 809 311 308 314 588 269 270 319 320 665 661 662 765 762 639 640 327 324 447 444 598 545
1 3600 1718
46
49 50 59 54 620 805 417 418 651 652 883 667 657 135 119 122 888 603 604 513 510 131 124 688 719 153 139 142 611 606 634 593 27 30 698 765 623 624 377 359 364 387 380 207 15 10
1 3600 1432
16
551 548 427 423 415 412 586 731 726 41 42 570 776 789 792 798
1 3600 419
9
49 44 548 427 423 415 412 586 731
1 3600 202
6
551 259 260 429 423 415
1 3600 281
13
551 259 61 59 56 435 430 159 154 176 847 844 862
1 3600 1562
10
551 259 61 62 435 430 159 154 176 713
1 3600 1718
18
551 259 260 569 566 620 805 291 288 771 772 781 778 934 988 75 70 823
1 3600 1718
18
49 50 59 54 620 805 291 288 771 772 781 778 934 988 75 70 703 35
1 3600 1718
33
551 259 260 569 566 620 805 417 418 651 652 883 667 657 499 493 127 124 688 735 203 200 173 170 679 676 593 596 751 748 149 144 886
1 3600 1718
44
49 50 62 435 430 807 291 292 542 652 883 667 657 135 119 120 500 506 556 563 560 463 464 906 815 575 529 526 457 458 704 525 522 662 765 762 639 640 327 328 617 391 392 396
1 3600 1718
24
49 50 59 56 435 430 842 849 713 707 505 502 181 182 828 333 330 21 22 110 892 615 612 275
1 3600 1718
22
551 548 427 423 415 301 298 937 929 865 868 988 75 25 22 87 88 615 612 275 278 340
1 3600 1718
10
49 44 548 353 354 841 833 834 229 226
1 3600 176
9
551 548 353 354 841 833 834 229 230
1 3600 1718
3
49 44 550
1 3600 189
15
551 259 260 569 566 620 805 417 418 746 771 772 781 778 930
1 3600 1718
19
49 50 62 435 430 159 154 176 713 707 708 535 179 182 828 105 106 449 452
1 3600 1718
19
49 50 59 54 620 805 291 292 542 648 707 505 502 181 182 828 105 106 919
1 3600 1718
23
551 259 260 53 56 435 436 851 849 847 844 775 772 781 782 868 988 75 70 703 35 36 892
1 3600 1718
29
49 50 59 54 620 805 417 418 746 771 772 781 778 934 988 75 72 820 852 825 489 439 113 87 88 615 612 275 280
1 3600 1718
14
991 989 869 864 928 940 944 693 690 700 974 339 3 6
1 3600 1718
10
993 989 869 864 928 936 946 693 690 700
1 3600 1562
10
993 989 869 864 928 940 944 693 694 784
1 3600 1145
7
993 989 935 779 782 864 928
1 3600 1227
11
991 989 935 779 780 541 542 652 895 687 682
1 3600 1562
18
931 779 780 541 542 652 883 667 657 135 132 198 579 167 164 131 128 508
1 3600 1718
10
991 75 25 20 331 334 681 609 313 309
1 3600 1718
12
991 75 25 20 398 408 749 741 742 874 721 29
1 3600 1718
16
991 75 25 20 398 408 891 405 406 643 475 471 468 619 617 391
1 3600 1718
21
931 934 988 75 25 20 398 408 749 741 742 217 222 624 638 115 116 972 757 345 348
1 3600 1718
28
991 75 70 703 35 19 20 398 305 147 83 76 403 406 297 195 192 323 324 379 359 364 760 401 369 370 255 252
1 3600 1718
16
931 779 780 773 770 289 290 804 621 567 425 420 834 645 239 240
1 3600 747
16
931 779 780 773 770 802 846 848 850 437 434 57 52 429 426 353
1 3600 232
15
931 779 780 773 774 845 846 177 155 158 431 434 63 60 258
1 3600 70
6
991 989 935 779 780 541
1 3600 242
8
993 989 935 779 780 541 542 648
1 3600 660
3
993 75 70
1 3600 1718
3
991 75 25
1 3600 1718
14
931 934 988 75 70 703 35 19 20 398 305 147 83 76
1 3600 1718
9
991 75 72 820 852 825 489 283 215
1 3600 1718
17
991 75 25 20 398 305 211 212 477 471 468 619 617 391 392 396 209
1 3600 1718
19
931 934 988 75 72 820 852 825 489 439 113 110 892 615 612 275 276 343 340
1 3600 1718
18
991 989 935 779 780 773 770 747 419 416 804 621 567 425 420 834 229 226
1 3600 818
11
931 779 780 773 770 802 846 848 850 856 984
1 3600 381
16
991 989 935 779 780 773 774 845 846 848 843 431 434 63 51 48
1 3600 419
4
931 934 988 992
1 3600 1718
10
993 75 72 820 852 825 67 64 449 454
1 3600 1718
7
993 75 70 823 67 64 919
1 3600 1718
8
991 75 70 703 35 36 892 948
1 3600 1718
15
991 75 72 820 852 825 489 439 113 87 88 615 612 275 280
1 3600 1718
35
451 448 107 104 829 737 734 689 125 126 492 121 118 134 656 670 674 685 686 894 653 543 293 290 804 303 300 412 586 731 39 42 570 776 904
1 3600 1718
20
451 448 107 104 829 183 178 534 709 706 712 177 155 158 431 432 303 300 410 700
1 3600 1718
17
451 448 65 66 824 853 821 73 74 989 869 864 928 936 946 950 952
1 3600 1718
12
451 448 65 66 822 71 74 989 869 864 928 936
1 3600 1718
15
455 448 107 104 829 183 178 532 511 512 605 199 133 134 658
1 3600 1074
6
455 448 107 104 829 737
1 3600 1322
11
453 448 107 104 829 737 734 559 555 556 563
1 3600 1718
12
455 448 107 104 333 334 881 877 878 721 697 698
1 3600 1718
12
455 448 107 104 333 334 881 877 878 875 217 222
1 3600 1718
17
455 448 107 104 333 334 881 877 878 875 217 222 624 377 359 360 367
1 3600 1718
22
455 448 107 104 333 334 881 877 878 721 697 698 765 762 115 116 972 757 758 766 830 912
1 3600 1718
28
453 448 65 66 824 853 821 73 74 989 869 864 928 940 942 299 300 412 586 731 726 41 42 570 776 789 792 796
1 3600 1718
20
453 448 107 104 829 183 180 503 504 706 712 177 174 416 804 303 300 412 586 924
1 3600 1718
29
451 448 107 104 829 183 178 532 165 166 578 602 889 123 118 134 656 666 882 653 650 419 157 158 431 434 57 58 60
1 3600 818
11
455 448 107 104 829 183 180 709 706 712 848
1 3600 391
7
453 448 65 66 822 71 74
1 3600 142
4
455 448 107 108
1 3600 330
6
451 448 107 104 333 334
1 3600 1074
11
453 448 107 104 333 330 398 305 147 144 884
1 3600 1718
7
451 448 65 66 489 283 215
1 3600 1718
14
451 448 65 66 489 439 113 87 88 615 612 275 276 725
1 3600 1718
14
451 448 65 66 489 439 113 110 892 615 612 275 278 340
1 3600 1718
27
451 448 107 104 829 737 734 689 125 126 492 498 656 666 882 653 543 293 290 804 621 567 425 420 834 645 646
1 3600 1718
17
453 448 107 104 829 183 180 503 504 706 710 860 839 833 834 229 230
1 3600 1718
28
453 448 107 104 829 183 178 532 511 512 605 199 133 134 656 666 882 653 650 419 416 804 621 55 52 261 258 550
1 3600 1322
10
453 448 65 66 824 853 821 73 74 992
1 3600 747
3
455 448 919
1 3600 1718
9
451 448 65 66 489 439 113 87 88
1 3600 1718
13
451 448 65 66 822 703 35 36 892 615 612 275 280
1 3600 1718
21
921 918 65 66 824 853 821 73 74 989 869 864 928 940 944 693 690 700 974 5 6
1 3600 1718
16
921 918 65 66 822 71 74 989 869 864 928 936 946 693 690 700
1 3600 1718
17
918 65 66 824 853 821 73 74 989 869 864 928 940 944 693 694 786
1 3600 1718
10
921 918 65 66 822 71 74 989 869 866
1 3600 1718
14
921 918 107 104 829 737 734 689 125 130 165 166 578 199
1 3600 1718
8
918 107 104 829 737 734 559 555
1 3600 1322
10
921 918 107 104 333 334 681 676 635 636
1 3600 1718
13
918 107 104 333 334 881 877 878 721 29 32 665 661
1 3600 1718
14
921 918 107 104 333 334 881 877 745 742 217 222 624 377
1 3600 1718
25
918 65 66 822 703 35 19 20 398 408 891 405 406 643 191 192 323 324 447 444 598 545 546 257 250
1 3600 1718
21
921 918 107 104 333 334 881 877 878 721 697 698 765 762 639 377 359 360 795 255 252
1 3600 1718
16
921 918 107 104 829 183 180 709 706 712 848 850 856 839 833 834
1 3600 1718
16
918 65 66 824 853 821 73 74 989 869 864 928 936 299 300 412
1 3600 1718
17
918 107 104 829 183 178 534 503 504 706 710 859 437 434 63 51 46
1 3600 1718
9
918 65 66 822 71 74 989 935 932
1 3600 1718
9
921 918 65 66 824 853 821 73 74
1 3600 399
3
918 107 108
1 3600 195
3
918 65 68
1 3600 419
13
918 65 66 822 703 35 19 20 398 305 147 144 884
1 3600 1718
13
921 918 65 66 489 283 286 473 468 619 617 391 392
1 3600 1718
13
918 65 66 489 439 113 87 88 615 612 275 276 725
1 3600 1718
13
918 65 66 489 439 113 110 892 615 612 275 278 340
1 3600 1718
29
918 107 104 829 737 734 689 125 126 492 121 118 134 656 666 882 653 543 293 290 804 621 567 425 420 834 645 225 226
1 3600 1718
11
921 918 107 104 829 183 180 709 706 710 860
1 3600 1718
27
918 107 104 829 737 734 689 125 126 492 498 656 666 882 653 650 419 175 155 158 431 434 57 58 60 258 550
1 3600 1718
8
921 918 65 66 822 71 74 992
1 3600 554
3
918 449 452
1 3600 1718
8
918 65 66 489 439 113 87 88
1 3600 1718
12
918 65 66 822 703 35 36 892 615 612 275 280
1 3600 1718
36
89 86 23 20 331 334 681 609 610 811 808 812 561 562 557 507 501 121 118 134 656 666 882 653 543 293 290 804 303 300 412 586 731 39 42 572
1 3600 1718
29
893 111 23 20 331 334 681 609 610 143 138 152 714 553 507 501 498 656 666 882 653 650 419 416 804 303 300 410 700
1 3600 1718
32
949 893 37 19 20 331 334 681 609 610 143 136 151 152 714 553 507 501 121 118 134 656 666 882 653 543 293 290 804 303 300 410
1 3600 1718
32
89 86 23 20 331 334 681 678 171 168 202 734 689 125 130 511 512 581 578 199 133 134 656 666 882 653 543 540 781 782 864 928
1 3600 1718
23
893 37 19 20 331 334 681 609 610 811 808 812 561 562 557 507 501 498 656 670 674 685 682
1 3600 1718
10
89 86 23 24 74 989 869 864 928 938
1 3600 1562
12
949 893 111 23 20 331 334 681 609 610 143 138
1 3600 904
11
89 86 23 20 398 408 891 753 739 744 876
1 3600 818
9
949 893 111 112 438 283 284 297 195
1 3600 1074
17
89 86 112 438 283 286 477 471 468 619 617 601 598 545 546 257 250
1 3600 1718
17
949 893 111 112 438 283 286 473 468 619 617 391 392 396 209 15 12
1 3600 1718
37
89 86 23 20 331 334 681 609 610 143 140 717 718 689 125 130 165 166 578 199 133 134 656 666 882 653 650 419 416 804 303 300 412 586 731 726 41
1 3600 1718
29
949 893 37 19 20 331 334 681 678 171 168 204 183 178 534 503 504 706 712 848 843 807 804 303 300 412 586 731 726
1 3600 1718
16
89 86 23 20 331 332 829 183 180 709 706 712 848 850 437 434
1 3600 1718
9
893 37 34 702 71 74 989 935 779
1 3600 1718
24
949 89 86 23 20 331 334 681 678 171 172 201 202 734 689 125 126 492 498 656 666 882 653 648
1 3600 1718
5
893 37 19 24 72
1 3600 747
8
949 89 86 23 20 331 332 105
1 3600 223
8
949 893 37 19 20 398 408 891
1 3600 175
15
89 86 112 438 283 284 643 475 471 468 619 617 391 392 396
1 3600 324
16
893 111 112 438 283 284 297 195 192 323 324 447 444 598 545 17
1 3600 1718
6
615 612 275 276 343 340
1 3600 1718
31
89 86 23 20 331 334 681 609 610 811 467 462 837 553 507 501 121 118 134 656 666 882 653 648 710 860 839 833 834 645 646
1 3600 1718
17
949 893 37 19 20 331 332 829 183 180 503 504 706 712 848 850 856
1 3600 1718
38
89 86 23 20 331 334 681 609 610 143 136 151 152 718 689 125 130 511 512 605 602 889 123 118 134 656 666 882 653 650 419 157 158 431 434 63 51 48
1 3600 1718
7
893 37 34 702 71 74 992
1 3600 1718
10
949 89 86 112 438 488 67 64 449 450
1 3600 1718
9
893 111 112 438 488 67 64 919 920
1 3600 1718
4
615 612 275 280
1 3600 1718
25
723 724 277 274 613 614 893 111 23 24 74 989 869 864 928 936 946 693 690 700 974 339 3 8 873
1 3600 1718
22
723 724 277 274 613 614 893 37 34 702 71 74 989 869 864 928 940 944 693 690 700 976
1 3600 1718
20
723 724 277 274 613 614 89 86 23 24 74 989 935 779 782 864 928 936 946 950
1 3600 1718
31
281 274 613 614 89 86 23 20 331 334 681 609 610 811 808 812 561 562 557 507 501 498 656 666 882 653 543 540 781 782 864
1 3600 1718
28
281 274 613 614 893 37 19 20 331 334 681 678 171 168 202 734 689 125 130 165 166 578 199 133 134 656 670 674
1 3600 1718
24
723 724 277 274 613 614 89 86 23 20 331 334 681 678 171 172 201 202 734 689 125 126 490 512
1 3600 1718
18
281 274 613 614 893 37 19 20 331 334 681 676 635 591 97 92 246 574
1 3600 1718
12
281 274 613 614 89 86 23 20 398 408 749 750
1 3600 1718
19
281 274 613 614 893 111 112 438 283 215 212 477 471 468 495 323 324 447 444
1 3600 1322
21
281 274 613 614 89 86 112 438 283 284 643 191 192 323 324 379 359 364 760 401 369
1 3600 1718
19
281 274 613 614 893 111 112 438 283 286 473 468 619 617 601 598 207 15 10
1 3600 1718
30
723 724 277 274 613 614 89 86 23 20 331 332 829 183 178 534 709 706 712 848 843 431 432 303 300 412 586 731 726 732
1 3600 1718
24
723 724 277 274 613 614 893 37 19 20 331 332 829 183 180 503 504 706 710 860 839 833 485 486
1 3600 1718
38
723 724 277 274 613 614 89 86 23 20 331 334 681 609 610 143 140 717 714 553 507 501 121 118 134 656 666 882 653 543 293 290 804 621 567 568 429 426
1 3600 1718
17
281 274 613 614 893 37 19 20 331 332 829 183 180 709 706 712 177
1 3600 1718
15
281 274 613 614 89 86 112 438 488 824 853 821 73 74 989
1 3600 1718
14
723 724 277 274 613 614 893 111 23 20 331 332 105 108
1 3600 1718
12
723 724 277 274 613 614 89 86 23 20 331 332
1 3600 1718
10
281 274 613 614 893 37 19 20 398 408
1 3600 1562
19
723 724 277 274 613 614 89 86 112 438 283 286 477 471 468 619 617 391 392
1 3600 391
19
281 274 613 614 893 111 112 438 283 215 212 473 468 619 617 391 392 396 209
1 3600 818
4
723 724 343 340
1 3600 1718
40
723 724 277 274 613 614 893 37 19 20 331 334 681 609 610 143 138 152 718 689 125 126 492 498 656 666 882 653 650 419 416 804 621 233 236 425 420 834 229 226
1 3600 1718
40
281 274 613 614 89 86 23 20 331 334 681 678 171 168 202 734 689 125 130 511 512 605 199 133 134 656 666 882 653 543 293 290 804 621 567 425 420 834 229 230
1 3600 1718
30
723 724 277 274 613 614 893 37 34 702 71 74 989 935 779 780 773 770 802 846 177 155 158 431 434 57 52 261 258 550
1 3600 1718
17
281 274 613 614 89 86 112 438 488 824 853 821 73 74 989 935 930
1 3600 1718
13
281 274 613 614 893 111 112 438 488 67 64 449 450
1 3600 1718
15
723 724 277 274 613 614 89 86 112 438 488 67 64 919 920
1 3600 1322
7
723 724 277 274 613 614 948
1 3600 1010
4
723 724 277 280
