129
1 3600 76
4
311 9 12 328
1 3600 106
9
327 13 10 104 165 95 96 230 236
1 3600 106
10
309 9 10 104 165 166 171 99 92 281
1 3600 106
6
309 9 10 104 243 244
1 3600 106
7
107 91 88 172 231 232 281
1 3600 106
9
9 10 104 165 166 171 168 172 234
1 3600 106
9
107 91 86 95 92 233 219 222 145
1 3600 132
20
13 10 102 110 118 71 69 66 251 211 197 198 239 221 222 145 140 148 267 229
1 3600 357
9
165 95 96 219 222 177 174 183 178
1 3600 103
5
161 158 261 258 139
1 3600 103
5
13 10 102 110 7
1 3600 103
11
309 9 10 104 165 87 84 79 80 77 74
1 3600 103
9
102 110 7 4 61 62 135 132 154
1 3600 103
12
107 108 292 123 124 139 121 118 71 72 76 81
1 3600 62
10
321 309 9 10 102 110 7 2 69 66
1 3600 357
21
327 13 10 104 165 87 84 79 80 61 58 64 249 211 197 202 270 276 297 213 214
1 3600 357
16
309 9 10 104 165 95 92 233 219 222 145 140 146 174 183 180
1 3600 56
5
280 93 94 164 105
1 3600 56
12
141 144 223 218 97 98 170 167 164 105 11 8
1 3600 56
4
93 94 164 243
1 3600 62
6
149 141 144 223 218 97
1 3600 74
10
237 231 219 222 145 140 148 267 229 224
1 3600 74
17
245 242 165 166 171 99 92 281 199 200 206 222 145 142 274 265 227
1 3600 74
19
241 242 165 87 84 163 17 14 32 36 126 128 45 46 147 148 267 268 275
1 3600 74
13
245 242 165 95 96 232 281 239 221 222 145 142 272
1 3600 74
5
233 219 222 145 142
1 3600 357
7
219 222 177 174 194 189 192
1 3600 44
9
207 201 196 210 252 247 135 132 156
1 3600 51
12
266 149 141 144 223 220 238 199 196 210 252 278
1 3600 51
8
149 146 47 44 129 127 37 34
1 3600 102
10
235 231 232 281 199 202 117 114 276 313
1 3600 357
8
235 231 219 222 177 174 183 180
1 3600 149
12
273 143 144 223 218 230 173 169 170 167 164 105
1 3600 63
4
269 266 149 141
1 3600 63
9
143 144 223 220 238 280 233 230 234
1 3600 63
9
273 187 188 195 175 176 223 218 232
1 3600 63
6
126 128 43 38 46 176
1 3600 52
3
194 263 227
1 3600 40
3
195 183 178
1 3600 149
16
175 47 39 40 271 203 196 210 250 67 68 70 119 120 27 22
1 3600 56
9
228 266 149 141 144 223 218 97 94
1 3600 41
5
126 128 45 48 216
1 3600 238
5
265 262 195 183 180
1 3600 357
20
191 186 143 144 223 207 201 196 210 248 65 68 3 6 111 103 11 8 308 318
1 3600 223
13
193 186 143 144 223 220 238 280 93 94 164 243 244
1 3600 45
4
185 182 194 189
1 3600 45
4
193 188 195 183
1 3600 256
5
191 188 195 183 178
1 3600 357
19
191 186 274 269 266 149 146 47 44 129 127 37 33 15 16 21 18 158 324
1 3600 325
9
191 186 143 144 223 218 230 173 169
1 3600 162
7
179 182 175 47 48 212 298
1 3600 162
3
185 180 282
1 3600 238
7
82 79 80 5 6 111 103
1 3600 238
9
73 70 119 111 103 11 8 308 316
1 3600 238
9
323 159 19 20 162 85 86 164 243
1 3600 238
3
16 21 18
1 3600 238
7
25 26 121 111 103 11 8
1 3600 238
10
20 162 85 86 164 105 11 8 308 316
1 3600 238
6
82 85 86 164 105 11
1 3600 238
5
124 259 260 159 160
1 3600 238
5
78 85 90 108 294
1 3600 213
8
64 249 211 197 200 206 222 145
1 3600 213
6
14 32 34 197 200 204
1 3600 213
14
82 85 88 172 231 232 281 239 221 222 145 140 148 267
1 3600 213
7
62 246 253 211 197 198 239
1 3600 170
16
325 159 19 20 17 14 32 36 126 128 45 46 147 148 267 268
1 3600 357
18
84 79 80 77 73 69 66 251 211 197 202 270 41 38 46 174 183 178
1 3600 228
4
82 79 80 77
1 3600 228
10
151 131 134 63 60 5 6 120 27 22
1 3600 228
5
258 139 121 118 71
1 3600 228
8
91 84 79 80 77 74 130 152
1 3600 228
3
81 78 85
1 3600 228
8
25 26 121 7 2 72 74 132
1 3600 230
10
17 14 32 34 197 202 117 114 276 314
1 3600 230
9
331 113 110 7 4 81 78 85 86
1 3600 230
4
74 134 246 278
1 3600 230
12
26 121 118 71 69 64 249 211 197 202 117 55
1 3600 230
4
153 131 134 246
1 3600 230
7
133 75 73 69 66 251 211
1 3600 230
9
258 125 122 293 109 91 86 166 171
1 3600 230
8
14 32 34 197 202 270 276 314
1 3600 230
11
134 63 58 64 249 211 197 200 208 117 55
1 3600 230
9
109 91 86 95 92 281 239 205 208
1 3600 230
13
113 110 118 71 69 66 251 211 197 202 117 114 276
1 3600 230
13
16 162 85 88 172 231 232 281 199 202 117 55 56
1 3600 230
9
155 133 75 76 81 78 85 86 166
1 3600 230
7
26 121 7 2 69 64 249
1 3600 230
13
23 26 121 7 2 69 64 249 211 197 202 270 276
1 3600 230
14
159 19 20 17 14 32 36 126 128 45 48 212 296 314
1 3600 198
16
325 159 19 20 162 85 86 95 92 281 239 205 208 270 276 297
1 3600 357
12
109 91 88 172 231 219 222 177 174 183 180 282
1 3600 69
10
54 116 203 198 280 93 98 170 167 164
1 3600 79
6
115 116 203 198 280 233
1 3600 79
5
51 54 116 209 206
1 3600 79
7
53 54 116 203 198 280 233
1 3600 54
10
51 54 116 209 204 221 222 145 142 187
1 3600 357
9
53 54 114 41 38 46 174 183 184
1 3600 93
7
65 59 60 81 78 163 21
1 3600 93
3
89 90 108
1 3600 93
7
279 247 63 60 81 78 85
1 3600 93
9
87 84 79 80 61 62 135 132 156
1 3600 93
10
116 203 196 210 250 67 59 62 135 132
1 3600 93
11
116 203 196 210 248 65 68 70 119 120 27
1 3600 93
13
51 54 116 203 196 35 33 15 16 21 18 158 322
1 3600 93
10
271 209 204 238 280 233 230 173 89 90
1 3600 57
4
51 54 114 276
1 3600 79
6
57 54 114 41 42 129
1 3600 79
3
270 276 297
1 3600 79
6
57 54 114 276 297 300
1 3600 357
8
200 206 222 177 174 183 180 284
1 3600 325
14
129 127 37 34 210 250 67 68 3 6 111 103 11 12
1 3600 79
6
128 43 40 271 209 204
1 3600 60
10
213 49 46 147 148 267 229 226 262 189
1 3600 60
8
128 45 46 147 148 267 268 265
1 3600 210
8
215 49 46 147 141 142 187 192
1 3600 123
15
299 296 277 271 203 196 210 248 65 68 70 119 120 138 259
1 3600 79
5
128 45 48 212 296
1 3600 79
7
215 49 44 129 127 37 34
1 3600 79
6
42 129 127 37 34 210
1 3600 79
5
301 296 277 271 203
1 3600 128
3
215 212 300
1 3600 81
8
299 213 49 46 174 183 180 284
1 3600 357
12
285 181 182 175 176 223 218 97 94 87 90 106
1 3600 357
8
283 181 182 194 263 264 269 266
1 3600 105
3
181 182 175
1 3600 132
5
181 182 194 189 192
1 3600 357
15
181 182 175 176 223 207 201 196 210 250 67 68 3 6 111
1 3600 256
9
181 182 175 47 39 40 115 55 52
1 3600 51
6
283 181 182 175 47 48
