172
39.55185 116.65371 1 0
39.551674 116.65376 2 0
39.530018 116.69219 3 1
39.530003 116.692 4 1
39.49743 116.728165 5 0
39.50626 116.661125 6 0
39.50665 116.66093 7 1
39.50677 116.66106 8 1
39.51712 116.67764 9 1
39.517933 116.68399 10 0
39.520317 116.65534 11 0
39.520607 116.65749 12 0
39.521473 116.67943 13 0
39.53099 116.66857 14 1
39.53272 116.70738 15 1
39.532776 116.691864 16 1
39.533344 116.70052 17 1
39.533802 116.7076 18 1
39.535122 116.66421 19 1
39.492096 116.662125 20 0
39.555233 116.689224 21 0
39.531216 116.685326 22 0
39.52636 116.680786 23 1
39.52718 116.6925 24 1
39.530132 116.67008 25 1
39.53589 116.65957 26 0
39.535545 116.66385 27 1
39.535263 116.66123 28 1
39.50225 116.686676 29 0
39.51392 116.72282 30 0
39.513145 116.72751 31 0
39.51421 116.72738 32 1
39.533096 116.72832 33 0
39.534714 116.72835 34 0
39.532288 116.70081 35 1
39.53335 116.70069 36 1
39.55152 116.72734 37 0
39.551605 116.7273 38 0
39.511707 116.727325 39 0
39.55727 116.71821 40 0
39.49213 116.709045 41 0
39.510662 116.70718 42 0
39.51076 116.70718 43 0
39.558117 116.72446 44 0
39.527164 116.69229 45 1
39.51087 116.70335 46 0
39.53554 116.660774 47 0
39.528217 116.65824 48 0
39.494396 116.725235 49 0
39.519592 116.70297 50 0
39.519703 116.70294 51 0
39.519474 116.70174 52 0
39.51641 116.66858 53 1
39.516422 116.66876 54 1
39.5282 116.65758 55 0
39.497486 116.72827 56 0
39.55774 116.69755 57 0
39.5355814 116.6647053 58 1
39.5364818 116.6646867 59 1
39.5357285 116.665516 60 0
39.5350383 116.664737 61 1
39.535555 116.665425 62 0
39.5157732 116.659894 63 1
39.5160135 116.661823 64 0
39.5221496 116.6768607 65 1
39.5303887 116.6751053 66 1
39.5313583 116.6748487 67 1
39.5360732 116.6738228 68 1
39.524959 116.6859076 69 1
39.515252 116.7154237 70 1
39.515808 116.7225325 71 1
39.5162075 116.72725 72 0
39.5207858 116.7146673 73 1
39.5275125 116.7139725 74 1
39.5331305 116.713282 75 1
39.534195 116.71316 76 1
39.5378818 116.71279 77 1
39.5554954 116.6979786 78 1
39.49265 116.714455 79 1
39.4926645 116.71466 80 1
39.4939067 116.682162 81 1
39.4945948 116.6915745 82 1
39.4959085 116.702947 83 1
39.49699 116.713545 84 1
39.4971007 116.71371 85 1
39.4995575 116.7022585 86 1
39.5008243 116.7126357 87 1
39.505749 116.6612887 88 1
39.505822 116.6616667 89 1
39.5111025 116.66042 90 1
39.5112335 116.7158438 91 1
39.511425 116.6934175 92 1
39.511215 116.695837 93 1
39.5119765 116.6786525 94 1
39.5188327 116.6935733 95 1
39.5206985 116.659124 96 1
39.528139 116.6580233 97 1
39.529499 116.68033 98 1
39.5302632 116.658032 99 1
39.5305017 116.6579475 100 1
39.53181 116.679975 101 1
39.532139 116.6844725 102 0
39.5336305 116.72036 103 1
39.53463 116.72024 104 1
39.536499 116.6791852 105 1
39.5483342 116.6901067 106 1
39.525616 116.692485 107 1
39.525629 116.69268 108 1
39.52627 116.7014805 109 1
39.526815 116.7080125 110 1
39.528076 116.7209785 111 1
39.498837 116.6811625 112 1
39.4988275 116.687055 113 1
39.540266 116.6642075 114 1
39.5408082 116.6733628 115 1
39.5570565 116.688735 116 0
39.5559838 116.7037265 117 1
39.5537035 116.6768255 118 1
39.5531557 116.6720283 119 1
39.5530362 116.6722297 120 1
39.5545967 116.689068 121 1
39.5546177 116.689315 122 1
39.5117797 116.669125 123 1
39.530848 116.68012 124 1
39.546786 116.672796 125 1
39.55104 116.672233 126 1
39.551054 116.672432 127 1
39.5514613 116.6771225 128 1
39.55246 116.68935 129 0
39.557199 116.6763313 130 0
39.523303 116.68122 131 1
39.5330485 116.66484 132 1
39.53519 116.6609 133 1
39.494198 116.68768 134 1
39.4945832 116.6913825 135 1
39.500193 116.7080938 136 1
39.4965307 116.708855 137 1
39.5389598 116.7275139 138 1
39.5512159 116.7255996 139 1
39.49234 116.70955 140 0
39.5489738 116.698705 141 1
39.5377466 116.7000858 142 1
39.5143346 116.702948 143 1
39.541121 116.6785317 144 1
39.5377553 116.7065733 145 1
39.5571525 116.7176283 146 1
39.537198 116.691385 147 1
39.546053 116.663595 148 0
39.5383677 116.719795 149 1
39.550652 116.7183642 150 1
39.5499767 116.711305 151 1
39.5493985 116.704407 152 1
39.5472548 116.6777087 153 1
39.5214727 116.7218137 154 1
39.5195522 116.7020934 155 1
39.5195503 116.7025277 156 1
39.5115154 116.723074 157 1
39.5188197 116.6933833 158 1
39.5017632 116.7243028 159 0
39.5202215 116.70893 160 1
39.5148125 116.709645 161 1
39.5108915 116.710205 162 1
39.556565 116.710509 163 1
39.49889 116.691666 164 1
39.498882 116.691475 165 1
39.537186 116.6912 166 1
39.5583 116.676195 167 0
39.5279643 116.680555 168 0
39.511448 116.6932075 169 1
39.4976155 116.727962 170 1
39.492088 116.676025 171 1
39.49198 116.67622 172 0
252
88 7 86.98906353701693 16.67 3 3 2 3
1 0 0 0 1 0 0 0 1
1 0 0 0 1 0 0 0 1
88 89 42.49834681249869 16.67 3 3 4 5
1 0 0 0 1 0 0 0 1
1 0 0 0 1 0 0 0 1
88 20 1175.0985877328003 16.67 3 3 6 7
1 0 0 0 1 0 0 0 1
1 0 0 0 1 0 0 0 1
88 171 2014.736641643526 16.67 3 3 8 9
1 0 0 0 1 0 0 0 1
1 0 0 0 1 0 0 0 1
89 171 1984.4107495396272 16.67 3 3 10 11
1 0 0 0 1 0 0 0 1
1 0 0 0 1 0 0 0 1
89 8 105.67608442333562 16.67 3 3 12 13
1 0 0 0 1 0 0 0 1
1 0 0 0 1 0 0 0 1
90 7 386.17736836824446 16.67 3 3 14 15
1 0 0 0 1 0 0 0 1
1 0 0 0 1 0 0 0 1
90 8 378.4473545834711 16.67 3 3 16 17
1 0 0 0 1 0 0 0 1
1 0 0 0 1 0 0 0 1
90 94 2028.8726235147376 16.67 3 3 18 19
1 0 0 0 1 0 0 0 1
1 0 0 0 1 0 0 0 1
90 123 969.7534710808503 16.67 3 3 20 21
1 0 0 0 1 0 0 0 1
1 0 0 0 1 0 0 0 1
91 70 347.90650482347667 16.67 3 3 22 23
1 0 0 0 1 0 0 0 1
1 0 0 0 1 0 0 0 1
91 162 627.730720286592 16.67 3 3 24 25
1 0 0 0 1 0 0 0 1
1 0 0 0 1 0 0 0 1
91 87 961.6478725528731 16.67 3 3 26 27
1 0 0 0 1 0 0 0 1
1 0 0 0 1 0 0 0 1
91 157 804.3748112454132 16.67 3 3 28 29
1 0 0 0 1 0 0 0 1
1 0 0 0 1 0 0 0 1
92 164 1092.897216578431 16.67 3 3 30 31
1 0 0 0 1 0 0 0 1
1 0 0 0 1 0 0 0 1
92 93 269.6552498041573 16.67 3 3 32 33
1 0 0 0 1 0 0 0 1
1 0 0 0 1 0 0 0 1
92 95 635.7569583611963 16.67 3 3 34 35
1 0 0 0 1 0 0 0 1
1 0 0 0 1 0 0 0 1
92 143 1088.8087744559675 16.67 3 3 36 37
1 0 0 0 1 0 0 0 1
1 0 0 0 1 0 0 0 1
93 143 834.8201097145107 16.67 3 3 38 39
1 0 0 0 1 0 0 0 1
1 0 0 0 1 0 0 0 1
93 86 1228.884977609822 16.67 3 3 40 41
1 0 0 0 1 0 0 0 1
1 0 0 0 1 0 0 0 1
94 112 1161.2957070703053 16.67 3 3 42 43
1 0 0 0 1 0 0 0 1
1 0 0 0 1 0 0 0 1
94 169 1619.1769381265715 16.67 3 3 44 45
1 0 0 0 1 0 0 0 1
1 0 0 0 1 0 0 0 1
94 123 1059.609534404194 16.67 3 3 46 47
1 0 0 0 1 0 0 0 1
1 0 0 0 1 0 0 0 1
95 158 21.157748919402213 16.67 3 3 48 49
1 0 0 0 1 0 0 0 1
1 0 0 0 1 0 0 0 1
95 52 909.8163258632316 16.67 3 3 50 51
1 0 0 0 1 0 0 0 1
1 0 0 0 1 0 0 0 1
95 108 591.4077730089925 16.67 3 3 52 53
1 0 0 0 1 0 0 0 1
1 0 0 0 1 0 0 0 1
96 65 1976.276679544088 16.67 3 3 54 55
1 0 0 0 1 0 0 0 1
1 0 0 0 1 0 0 0 1
96 11 422.05818379266697 16.67 3 3 56 57
1 0 0 0 1 0 0 0 1
1 0 0 0 1 0 0 0 1
96 12 181.87316065762354 16.67 3 3 58 59
1 0 0 0 1 0 0 0 1
1 0 0 0 1 0 0 0 1
96 97 649.8802031521419 16.67 3 3 60 61
1 0 0 0 1 0 0 0 1
1 0 0 0 1 0 0 0 1
97 100 202.82703441181025 16.67 3 3 62 63
1 0 0 0 1 0 0 0 1
1 0 0 0 1 0 0 0 1
97 48 25.008883000684428 16.67 3 3 64 65
1 0 0 0 1 0 0 0 1
1 0 0 0 1 0 0 0 1
97 55 49.5726281206546 16.67 3 3 66 67
1 0 0 0 1 0 0 0 1
1 0 0 0 1 0 0 0 1
98 4 1298.4446119681193 16.67 3 3 68 69
1 0 0 0 1 0 0 0 1
1 0 0 0 1 0 0 0 1
98 124 118.0362767644249 16.67 3 3 70 71
1 0 0 0 1 0 0 0 1
1 0 0 0 1 0 0 0 1
98 168 133.9874543886084 16.67 3 3 72 73
1 0 0 0 1 0 0 0 1
1 0 0 0 1 0 0 0 1
99 100 22.51079635013084 16.67 3 3 74 75
1 0 0 0 1 0 0 0 1
1 0 0 0 1 0 0 0 1
99 48 177.01747351576236 16.67 3 3 76 77
1 0 0 0 1 0 0 0 1
1 0 0 0 1 0 0 0 1
99 19 803.518237994342 16.67 3 3 78 79
1 0 0 0 1 0 0 0 1
1 0 0 0 1 0 0 0 1
100 58 868.6404707820681 16.67 3 3 80 81
1 0 0 0 1 0 0 0 1
1 0 0 0 1 0 0 0 1
101 124 84.0684109786699 16.67 3 3 82 83
1 0 0 0 1 0 0 0 1
1 0 0 0 1 0 0 0 1
101 102 500.92540588658005 16.67 3 3 84 85
1 0 0 0 1 0 0 0 1
1 0 0 0 1 0 0 0 1
101 105 411.6388034333834 16.67 3 3 86 87
1 0 0 0 1 0 0 0 1
1 0 0 0 1 0 0 0 1
101 67 571.3686114036828 16.67 3 3 88 89
1 0 0 0 1 0 0 0 1
1 0 0 0 1 0 0 0 1
103 75 788.2535355003271 16.67 3 3 90 91
1 0 0 0 1 0 0 0 1
1 0 0 0 1 0 0 0 1
103 104 86.75404120015698 16.67 3 3 92 93
1 0 0 0 1 0 0 0 1
1 0 0 0 1 0 0 0 1
103 111 481.3183164346685 16.67 3 3 94 95
1 0 0 0 1 0 0 0 1
1 0 0 0 1 0 0 0 1
104 76 788.1920538087621 16.67 3 3 96 97
1 0 0 0 1 0 0 0 1
1 0 0 0 1 0 0 0 1
104 149 324.35437664572294 16.67 3 3 98 99
1 0 0 0 1 0 0 0 1
1 0 0 0 1 0 0 0 1
105 68 597.4255327658215 16.67 3 3 100 101
1 0 0 0 1 0 0 0 1
1 0 0 0 1 0 0 0 1
105 166 1337.3656604468654 16.67 3 3 102 103
1 0 0 0 1 0 0 0 1
1 0 0 0 1 0 0 0 1
105 144 402.99347814057006 16.67 3 3 104 105
1 0 0 0 1 0 0 0 1
1 0 0 0 1 0 0 0 1
106 141 957.7178961620858 16.67 3 3 106 107
1 0 0 0 1 0 0 0 1
1 0 0 0 1 0 0 0 1
106 122 545.9324862031957 16.67 3 3 108 109
1 0 0 0 1 0 0 0 1
1 0 0 0 1 0 0 0 1
106 166 963.6175262559512 16.67 3 3 110 111
1 0 0 0 1 0 0 0 1
1 0 0 0 1 0 0 0 1
106 147 965.4108263910067 16.67 3 3 112 113
1 0 0 0 1 0 0 0 1
1 0 0 0 1 0 0 0 1
107 158 591.4452956239455 16.67 3 3 114 115
1 0 0 0 1 0 0 0 1
1 0 0 0 1 0 0 0 1
107 69 733.5863649274775 16.67 3 3 116 117
1 0 0 0 1 0 0 0 1
1 0 0 0 1 0 0 0 1
107 108 21.712999168885034 16.67 3 3 118 119
1 0 0 0 1 0 0 0 1
1 0 0 0 1 0 0 0 1
107 45 134.53777471854485 16.67 3 3 120 121
1 0 0 0 1 0 0 0 1
1 0 0 0 1 0 0 0 1
108 24 134.53344824450375 16.67 3 3 122 123
1 0 0 0 1 0 0 0 1
1 0 0 0 1 0 0 0 1
108 109 980.1745785573668 16.67 3 3 124 125
1 0 0 0 1 0 0 0 1
1 0 0 0 1 0 0 0 1
109 35 521.5426700626622 16.67 3 3 126 127
1 0 0 0 1 0 0 0 1
1 0 0 0 1 0 0 0 1
109 155 580.2266412252033 16.67 3 3 128 129
1 0 0 0 1 0 0 0 1
1 0 0 0 1 0 0 0 1
109 17 616.0915715877813 16.67 3 3 130 131
1 0 0 0 1 0 0 0 1
1 0 0 0 1 0 0 0 1
110 15 511.34941300881303 16.67 3 3 132 133
1 0 0 0 1 0 0 0 1
1 0 0 0 1 0 0 0 1
110 160 574.6732623736739 16.67 3 3 134 135
1 0 0 0 1 0 0 0 1
1 0 0 0 1 0 0 0 1
110 74 665.4573950998707 16.67 3 3 136 137
1 0 0 0 1 0 0 0 1
1 0 0 0 1 0 0 0 1
111 154 573.9385331991353 16.67 3 3 138 139
1 0 0 0 1 0 0 0 1
1 0 0 0 1 0 0 0 1
111 74 780.5774749020135 16.67 3 3 140 141
1 0 0 0 1 0 0 0 1
1 0 0 0 1 0 0 0 1
112 81 437.4132191514939 16.67 3 3 142 143
1 0 0 0 1 0 0 0 1
1 0 0 0 1 0 0 0 1
112 113 655.2570298149554 16.67 3 3 144 145
1 0 0 0 1 0 0 0 1
1 0 0 0 1 0 0 0 1
113 134 403.2797673373259 16.67 3 3 146 147
1 0 0 0 1 0 0 0 1
1 0 0 0 1 0 0 0 1
113 29 296.68483493369587 16.67 3 3 148 149
1 0 0 0 1 0 0 0 1
1 0 0 0 1 0 0 0 1
114 59 328.8649839635487 16.67 3 3 150 151
1 0 0 0 1 0 0 0 1
1 0 0 0 1 0 0 0 1
114 115 1019.1469417773166 16.67 3 3 152 153
1 0 0 0 1 0 0 0 1
1 0 0 0 1 0 0 0 1
114 148 500.92388205472906 16.67 3 3 154 155
1 0 0 0 1 0 0 0 1
1 0 0 0 1 0 0 0 1
115 68 409.26223832983646 16.67 3 3 156 157
1 0 0 0 1 0 0 0 1
1 0 0 0 1 0 0 0 1
115 125 516.4902764509008 16.67 3 3 158 159
1 0 0 0 1 0 0 0 1
1 0 0 0 1 0 0 0 1
115 144 575.4164902305026 16.67 3 3 160 161
1 0 0 0 1 0 0 0 1
1 0 0 0 1 0 0 0 1
117 152 569.6516376660805 16.67 3 3 162 163
1 0 0 0 1 0 0 0 1
1 0 0 0 1 0 0 0 1
117 78 640.546901866598 16.67 3 3 164 165
1 0 0 0 1 0 0 0 1
1 0 0 0 1 0 0 0 1
117 163 755.8704150226006 16.67 3 3 166 167
1 0 0 0 1 0 0 0 1
1 0 0 0 1 0 0 0 1
118 120 514.253798878451 16.67 3 3 168 169
1 0 0 0 1 0 0 0 1
1 0 0 0 1 0 0 0 1
118 130 304.70002510558106 16.67 3 3 170 171
1 0 0 0 1 0 0 0 1
1 0 0 0 1 0 0 0 1
118 121 1363.540179664222 16.67 3 3 172 173
1 0 0 0 1 0 0 0 1
1 0 0 0 1 0 0 0 1
118 128 195.0618567181828 16.67 3 3 174 175
1 0 0 0 1 0 0 0 1
1 0 0 0 1 0 0 0 1
119 1 2040.1016668772165 16.67 3 3 176 177
1 0 0 0 1 0 0 0 1
1 0 0 0 1 0 0 0 1
119 2 2035.4360926840673 16.67 3 3 178 179
1 0 0 0 1 0 0 0 1
1 0 0 0 1 0 0 0 1
119 126 182.8235305287657 16.67 3 3 180 181
1 0 0 0 1 0 0 0 1
1 0 0 0 1 0 0 0 1
119 120 24.62849135938129 16.67 3 3 182 183
1 0 0 0 1 0 0 0 1
1 0 0 0 1 0 0 0 1
120 127 171.43724727182263 16.67 3 3 184 185
1 0 0 0 1 0 0 0 1
1 0 0 0 1 0 0 0 1
121 129 185.86220545157983 16.67 3 3 186 187
1 0 0 0 1 0 0 0 1
1 0 0 0 1 0 0 0 1
121 122 27.525791490350393 16.67 3 3 188 189
1 0 0 0 1 0 0 0 1
1 0 0 0 1 0 0 0 1
121 116 214.12602800671897 16.67 3 3 190 191
1 0 0 0 1 0 0 0 1
1 0 0 0 1 0 0 0 1
122 78 966.3423550706989 16.67 3 3 192 193
1 0 0 0 1 0 0 0 1
1 0 0 0 1 0 0 0 1
122 21 53.71671193838416 16.67 3 3 194 195
1 0 0 0 1 0 0 0 1
1 0 0 0 1 0 0 0 1
123 53 401.83683033908824 16.67 3 3 196 197
1 0 0 0 1 0 0 0 1
1 0 0 0 1 0 0 0 1
123 54 400.3327242125952 16.67 3 3 198 199
1 0 0 0 1 0 0 0 1
1 0 0 0 1 0 0 0 1
124 22 579.7762568831927 16.67 3 3 200 201
1 0 0 0 1 0 0 0 1
1 0 0 0 1 0 0 0 1
124 66 559.0332767493974 16.67 3 3 202 203
1 0 0 0 1 0 0 0 1
1 0 0 0 1 0 0 0 1
125 153 547.7780011353976 16.67 3 3 204 205
1 0 0 0 1 0 0 0 1
1 0 0 0 1 0 0 0 1
125 148 1025.0963657406937 16.67 3 3 206 207
1 0 0 0 1 0 0 0 1
1 0 0 0 1 0 0 0 1
125 126 370.10667681323775 16.67 3 3 208 209
1 0 0 0 1 0 0 0 1
1 0 0 0 1 0 0 0 1
126 127 22.16168951118291 16.67 3 3 210 211
1 0 0 0 1 0 0 0 1
1 0 0 0 1 0 0 0 1
127 128 522.7598047026913 16.67 3 3 212 213
1 0 0 0 1 0 0 0 1
1 0 0 0 1 0 0 0 1
128 129 1362.4135569320179 16.67 3 3 214 215
1 0 0 0 1 0 0 0 1
1 0 0 0 1 0 0 0 1
128 153 366.51907040769134 16.67 3 3 216 217
1 0 0 0 1 0 0 0 1
1 0 0 0 1 0 0 0 1
130 167 95.60375675113475 16.67 3 3 218 219
1 0 0 0 1 0 0 0 1
1 0 0 0 1 0 0 0 1
131 69 540.2770320258359 16.67 3 3 220 221
1 0 0 0 1 0 0 0 1
1 0 0 0 1 0 0 0 1
131 132 2004.1476915941616 16.67 3 3 222 223
1 0 0 0 1 0 0 0 1
1 0 0 0 1 0 0 0 1
131 25 1370.3011775631944 16.67 3 3 224 225
1 0 0 0 1 0 0 0 1
1 0 0 0 1 0 0 0 1
131 23 266.6253376477642 16.67 3 3 226 227
1 0 0 0 1 0 0 0 1
1 0 0 0 1 0 0 0 1
132 14 450.7923544262273 16.67 3 3 228 229
1 0 0 0 1 0 0 0 1
1 0 0 0 1 0 0 0 1
132 133 475.0742975706941 16.67 3 3 230 231
1 0 0 0 1 0 0 0 1
1 0 0 0 1 0 0 0 1
132 61 171.03956736836773 16.67 3 3 232 233
1 0 0 0 1 0 0 0 1
1 0 0 0 1 0 0 0 1
133 28 37.226813297530335 16.67 3 3 234 235
1 0 0 0 1 0 0 0 1
1 0 0 0 1 0 0 0 1
133 26 159.61825269206435 16.67 3 3 236 237
1 0 0 0 1 0 0 0 1
1 0 0 0 1 0 0 0 1
133 27 329.4550642536833 16.67 3 3 238 239
1 0 0 0 1 0 0 0 1
1 0 0 0 1 0 0 0 1
134 81 614.1204162312785 16.67 3 3 240 241
1 0 0 0 1 0 0 0 1
1 0 0 0 1 0 0 0 1
134 135 413.04939786006025 16.67 3 3 242 243
1 0 0 0 1 0 0 0 1
1 0 0 0 1 0 0 0 1
135 82 21.37393499400129 16.67 3 3 244 245
1 0 0 0 1 0 0 0 1
1 0 0 0 1 0 0 0 1
135 165 369.035095631093 16.67 3 3 246 247
1 0 0 0 1 0 0 0 1
1 0 0 0 1 0 0 0 1
136 137 325.4473525108063 16.67 3 3 248 249
1 0 0 0 1 0 0 0 1
1 0 0 0 1 0 0 0 1
136 86 651.1829308071838 16.67 3 3 250 251
1 0 0 0 1 0 0 0 1
1 0 0 0 1 0 0 0 1
136 87 507.96394681677987 16.67 3 3 252 253
1 0 0 0 1 0 0 0 1
1 0 0 0 1 0 0 0 1
137 83 659.1460656935394 16.67 3 3 254 255
1 0 0 0 1 0 0 0 1
1 0 0 0 1 0 0 0 1
137 84 523.0234697901531 16.67 3 3 256 257
1 0 0 0 1 0 0 0 1
1 0 0 0 1 0 0 0 1
137 140 367.816488487489 16.67 3 3 258 259
1 0 0 0 1 0 0 0 1
1 0 0 0 1 0 0 0 1
138 33 510.7942536068707 16.67 3 3 260 261
1 0 0 0 1 0 0 0 1
1 0 0 0 1 0 0 0 1
138 149 859.8560538917898 16.67 3 3 262 263
1 0 0 0 1 0 0 0 1
1 0 0 0 1 0 0 0 1
138 139 1072.3978741972876 16.67 3 3 264 265
1 0 0 0 1 0 0 0 1
1 0 0 0 1 0 0 0 1
138 34 375.7942118622186 16.67 3 3 266 267
1 0 0 0 1 0 0 0 1
1 0 0 0 1 0 0 0 1
139 37 195.28414405948052 16.67 3 3 268 269
1 0 0 0 1 0 0 0 1
1 0 0 0 1 0 0 0 1
139 38 192.00819282854832 16.67 3 3 270 271
1 0 0 0 1 0 0 0 1
1 0 0 0 1 0 0 0 1
139 150 806.0408551604538 16.67 3 3 272 273
1 0 0 0 1 0 0 0 1
1 0 0 0 1 0 0 0 1
140 79 546.0931188593664 16.67 3 3 274 275
1 0 0 0 1 0 0 0 1
1 0 0 0 1 0 0 0 1
141 152 635.1174494347374 16.67 3 3 276 277
1 0 0 0 1 0 0 0 1
1 0 0 0 1 0 0 0 1
141 142 974.8508062929741 16.67 3 3 278 279
1 0 0 0 1 0 0 0 1
1 0 0 0 1 0 0 0 1
141 78 565.0021745679358 16.67 3 3 280 281
1 0 0 0 1 0 0 0 1
1 0 0 0 1 0 0 0 1
142 17 380.63919889900853 16.67 3 3 282 283
1 0 0 0 1 0 0 0 1
1 0 0 0 1 0 0 0 1
142 36 382.98932699749935 16.67 3 3 284 285
1 0 0 0 1 0 0 0 1
1 0 0 0 1 0 0 0 1
142 147 968.687686114071 16.67 3 3 286 287
1 0 0 0 1 0 0 0 1
1 0 0 0 1 0 0 0 1
143 161 745.8460235762705 16.67 3 3 288 289
1 0 0 0 1 0 0 0 1
1 0 0 0 1 0 0 0 1
143 46 300.5651988212493 16.67 3 3 290 291
1 0 0 0 1 0 0 0 1
1 0 0 0 1 0 0 0 1
144 153 533.9078074713317 16.67 3 3 292 293
1 0 0 0 1 0 0 0 1
1 0 0 0 1 0 0 0 1
145 152 1027.1616541598223 16.67 3 3 294 295
1 0 0 0 1 0 0 0 1
1 0 0 0 1 0 0 0 1
145 77 691.3932586796733 16.67 3 3 296 297
1 0 0 0 1 0 0 0 1
1 0 0 0 1 0 0 0 1
145 18 357.74030403161925 16.67 3 3 298 299
1 0 0 0 1 0 0 0 1
1 0 0 0 1 0 0 0 1
146 150 563.2990612471573 16.67 3 3 300 301
1 0 0 0 1 0 0 0 1
1 0 0 0 1 0 0 0 1
146 40 65.4658118400703 16.67 3 3 302 303
1 0 0 0 1 0 0 0 1
1 0 0 0 1 0 0 0 1
146 163 793.2796052493181 16.67 3 3 304 305
1 0 0 0 1 0 0 0 1
1 0 0 0 1 0 0 0 1
146 44 764.1844242919566 16.67 3 3 306 307
1 0 0 0 1 0 0 0 1
1 0 0 0 1 0 0 0 1
147 16 382.95362204767747 16.67 3 3 308 309
1 0 0 0 1 0 0 0 1
1 0 0 0 1 0 0 0 1
147 166 20.59805493575499 16.67 3 3 310 311
1 0 0 0 1 0 0 0 1
1 0 0 0 1 0 0 0 1
149 77 780.0822637029328 16.67 3 3 312 313
1 0 0 0 1 0 0 0 1
1 0 0 0 1 0 0 0 1
149 150 1065.4321769347291 16.67 3 3 314 315
1 0 0 0 1 0 0 0 1
1 0 0 0 1 0 0 0 1
150 151 787.1282433279014 16.67 3 3 316 317
1 0 0 0 1 0 0 0 1
1 0 0 0 1 0 0 0 1
151 152 768.6703934780055 16.67 3 3 318 319
1 0 0 0 1 0 0 0 1
1 0 0 0 1 0 0 0 1
151 77 1050.1338253717718 16.67 3 3 320 321
1 0 0 0 1 0 0 0 1
1 0 0 0 1 0 0 0 1
151 163 571.8020426997957 16.67 3 3 322 323
1 0 0 0 1 0 0 0 1
1 0 0 0 1 0 0 0 1
154 71 492.4456421941739 16.67 3 3 324 325
1 0 0 0 1 0 0 0 1
1 0 0 0 1 0 0 0 1
154 73 796.8738128007743 16.67 3 3 326 327
1 0 0 0 1 0 0 0 1
1 0 0 0 1 0 0 0 1
155 52 39.86712788776052 16.67 3 3 328 329
1 0 0 0 1 0 0 0 1
1 0 0 0 1 0 0 0 1
155 156 48.29521058979701 16.67 3 3 330 331
1 0 0 0 1 0 0 0 1
1 0 0 0 1 0 0 0 1
156 50 49.31445653642677 16.67 3 3 332 333
1 0 0 0 1 0 0 0 1
1 0 0 0 1 0 0 0 1
156 51 47.682970295607994 16.67 3 3 334 335
1 0 0 0 1 0 0 0 1
1 0 0 0 1 0 0 0 1
157 159 847.744035179668 16.67 3 3 336 337
1 0 0 0 1 0 0 0 1
1 0 0 0 1 0 0 0 1
157 39 473.00449690305885 16.67 3 3 338 339
1 0 0 0 1 0 0 0 1
1 0 0 0 1 0 0 0 1
157 71 373.1604044134229 16.67 3 3 340 341
1 0 0 0 1 0 0 0 1
1 0 0 0 1 0 0 0 1
14 25 183.3320698472893 16.67 3 3 342 343
1 0 0 0 1 0 0 0 1
1 0 0 0 1 0 0 0 1
14 67 698.9168494440643 16.67 3 3 344 345
1 0 0 0 1 0 0 0 1
1 0 0 0 1 0 0 0 1
158 10 1047.317524752827 16.67 3 3 346 347
1 0 0 0 1 0 0 0 1
1 0 0 0 1 0 0 0 1
158 169 632.6671260111207 16.67 3 3 348 349
1 0 0 0 1 0 0 0 1
1 0 0 0 1 0 0 0 1
160 50 664.9588202734844 16.67 3 3 350 351
1 0 0 0 1 0 0 0 1
1 0 0 0 1 0 0 0 1
160 51 667.5819951712175 16.67 3 3 352 353
1 0 0 0 1 0 0 0 1
1 0 0 0 1 0 0 0 1
160 161 470.7528314390591 16.67 3 3 354 355
1 0 0 0 1 0 0 0 1
1 0 0 0 1 0 0 0 1
161 70 643.7069141440222 16.67 3 3 356 357
1 0 0 0 1 0 0 0 1
1 0 0 0 1 0 0 0 1
161 162 342.0894883554032 16.67 3 3 358 359
1 0 0 0 1 0 0 0 1
1 0 0 0 1 0 0 0 1
162 42 336.96114180012825 16.67 3 3 360 361
1 0 0 0 1 0 0 0 1
1 0 0 0 1 0 0 0 1
162 43 336.5745326095816 16.67 3 3 362 363
1 0 0 0 1 0 0 0 1
1 0 0 0 1 0 0 0 1
159 170 540.5849907864441 16.67 3 3 364 365
1 0 0 0 1 0 0 0 1
1 0 0 0 1 0 0 0 1
164 165 21.25063132677019 16.67 3 3 366 367
1 0 0 0 1 0 0 0 1
1 0 0 0 1 0 0 0 1
164 86 1179.2966470419951 16.67 3 3 368 369
1 0 0 0 1 0 0 0 1
1 0 0 0 1 0 0 0 1
164 82 368.70037793292084 16.67 3 3 370 371
1 0 0 0 1 0 0 0 1
1 0 0 0 1 0 0 0 1
165 169 1095.3321967123059 16.67 3 3 372 373
1 0 0 0 1 0 0 0 1
1 0 0 0 1 0 0 0 1
166 4 622.405354564474 16.67 3 3 374 375
1 0 0 0 1 0 0 0 1
1 0 0 0 1 0 0 0 1
168 23 139.98034991129336 16.67 3 3 376 377
1 0 0 0 1 0 0 0 1
1 0 0 0 1 0 0 0 1
170 5 27.62159764449108 16.67 3 3 378 379
1 0 0 0 1 0 0 0 1
1 0 0 0 1 0 0 0 1
170 56 36.00770958984932 16.67 3 3 380 381
1 0 0 0 1 0 0 0 1
1 0 0 0 1 0 0 0 1
170 49 410.21896233046544 16.67 3 3 382 383
1 0 0 0 1 0 0 0 1
1 0 0 0 1 0 0 0 1
171 81 700.0646469874474 16.67 3 3 384 385
1 0 0 0 1 0 0 0 1
1 0 0 0 1 0 0 0 1
171 172 23.581958169648157 16.67 3 3 386 387
1 0 0 0 1 0 0 0 1
1 0 0 0 1 0 0 0 1
172 81 681.1335726995641 16.67 3 3 388 389
1 0 0 0 1 0 0 0 1
1 0 0 0 1 0 0 0 1
9 10 709.5671719206099 16.67 3 3 390 391
1 0 0 0 1 0 0 0 1
1 0 0 0 1 0 0 0 1
9 65 440.0804464327578 16.67 3 3 392 393
1 0 0 0 1 0 0 0 1
1 0 0 0 1 0 0 0 1
9 54 989.2856147163027 16.67 3 3 394 395
1 0 0 0 1 0 0 0 1
1 0 0 0 1 0 0 0 1
35 36 92.05596708730735 16.67 3 3 396 397
1 0 0 0 1 0 0 0 1
1 0 0 0 1 0 0 0 1
35 15 731.5346195945206 16.67 3 3 398 399
1 0 0 0 1 0 0 0 1
1 0 0 0 1 0 0 0 1
36 18 769.3815761469399 16.67 3 3 400 401
1 0 0 0 1 0 0 0 1
1 0 0 0 1 0 0 0 1
49 80 1185.30875177419 16.67 3 3 402 403
1 0 0 0 1 0 0 0 1
1 0 0 0 1 0 0 0 1
15 75 657.2565654424325 16.67 3 3 404 405
1 0 0 0 1 0 0 0 1
1 0 0 0 1 0 0 0 1
15 18 95.96900813038125 16.67 3 3 406 407
1 0 0 0 1 0 0 0 1
1 0 0 0 1 0 0 0 1
16 3 239.30320875656892 16.67 3 3 408 409
1 0 0 0 1 0 0 0 1
1 0 0 0 1 0 0 0 1
16 17 963.7945866864462 16.67 3 3 410 411
1 0 0 0 1 0 0 0 1
1 0 0 0 1 0 0 0 1
53 64 752.1599493291147 16.67 3 3 412 413
1 0 0 0 1 0 0 0 1
1 0 0 0 1 0 0 0 1
53 54 20.042775471906438 16.67 3 3 414 415
1 0 0 0 1 0 0 0 1
1 0 0 0 1 0 0 0 1
45 24 23.392665309052248 16.67 3 3 416 417
1 0 0 0 1 0 0 0 1
1 0 0 0 1 0 0 0 1
45 4 245.63419469037333 16.67 3 3 418 419
1 0 0 0 1 0 0 0 1
1 0 0 0 1 0 0 0 1
45 23 1281.1227303246283 16.67 3 3 420 421
1 0 0 0 1 0 0 0 1
1 0 0 0 1 0 0 0 1
18 76 619.199963931378 16.67 3 3 422 423
1 0 0 0 1 0 0 0 1
1 0 0 0 1 0 0 0 1
30 32 507.6900871265546 16.67 3 3 424 425
1 0 0 0 1 0 0 0 1
1 0 0 0 1 0 0 0 1
30 71 165.0944588023174 16.67 3 3 426 427
1 0 0 0 1 0 0 0 1
1 0 0 0 1 0 0 0 1
32 31 92.50134053633369 16.67 3 3 428 429
1 0 0 0 1 0 0 0 1
1 0 0 0 1 0 0 0 1
32 72 171.97118827943578 16.67 3 3 430 431
1 0 0 0 1 0 0 0 1
1 0 0 0 1 0 0 0 1
19 58 67.71944280518925 16.67 3 3 432 433
1 0 0 0 1 0 0 0 1
1 0 0 0 1 0 0 0 1
19 61 59.041342070445005 16.67 3 3 434 435
1 0 0 0 1 0 0 0 1
1 0 0 0 1 0 0 0 1
3 4 21.16747250901575 16.67 3 3 436 437
1 0 0 0 1 0 0 0 1
1 0 0 0 1 0 0 0 1
3 24 245.84123230820927 16.67 3 3 438 439
1 0 0 0 1 0 0 0 1
1 0 0 0 1 0 0 0 1
27 58 95.16210469609689 16.67 3 3 440 441
1 0 0 0 1 0 0 0 1
1 0 0 0 1 0 0 0 1
27 59 122.9298370633558 16.67 3 3 442 443
1 0 0 0 1 0 0 0 1
1 0 0 0 1 0 0 0 1
28 58 387.4230971377185 16.67 3 3 444 445
1 0 0 0 1 0 0 0 1
1 0 0 0 1 0 0 0 1
28 47 55.99696524177609 16.67 3 3 446 447
1 0 0 0 1 0 0 0 1
1 0 0 0 1 0 0 0 1
25 66 559.255883365723 16.67 3 3 448 449
1 0 0 0 1 0 0 0 1
1 0 0 0 1 0 0 0 1
59 60 112.59709530561216 16.67 3 3 450 451
1 0 0 0 1 0 0 0 1
1 0 0 0 1 0 0 0 1
60 68 924.2039110066397 16.67 3 3 452 453
1 0 0 0 1 0 0 0 1
1 0 0 0 1 0 0 0 1
61 62 88.41375216679755 16.67 3 3 454 455
1 0 0 0 1 0 0 0 1
1 0 0 0 1 0 0 0 1
62 68 934.9072542055634 16.67 3 3 456 457
1 0 0 0 1 0 0 0 1
1 0 0 0 1 0 0 0 1
6 7 39.873200400591 16.67 3 3 458 459
1 0 0 0 1 0 0 0 1
1 0 0 0 1 0 0 0 1
6 8 44.35011256090631 16.67 3 3 460 461
1 0 0 0 1 0 0 0 1
1 0 0 0 1 0 0 0 1
63 64 215.4965082763139 16.67 3 3 462 463
1 0 0 0 1 0 0 0 1
1 0 0 0 1 0 0 0 1
63 63 0.0 16.67 3 3 464 465
1 0 0 0 1 0 0 0 1
1 0 0 0 1 0 0 0 1
65 13 291.54592147724406 16.67 3 3 466 467
1 0 0 0 1 0 0 0 1
1 0 0 0 1 0 0 0 1
65 66 733.2016434644371 16.67 3 3 468 469
1 0 0 0 1 0 0 0 1
1 0 0 0 1 0 0 0 1
66 67 87.9203400185627 16.67 3 3 470 471
1 0 0 0 1 0 0 0 1
1 0 0 0 1 0 0 0 1
69 13 779.9168543656712 16.67 3 3 472 473
1 0 0 0 1 0 0 0 1
1 0 0 0 1 0 0 0 1
70 71 791.9489332962607 16.67 3 3 474 475
1 0 0 0 1 0 0 0 1
1 0 0 0 1 0 0 0 1
70 73 482.1232418179239 16.67 3 3 476 477
1 0 0 0 1 0 0 0 1
1 0 0 0 1 0 0 0 1
73 74 582.1685738466496 16.67 3 3 478 479
1 0 0 0 1 0 0 0 1
1 0 0 0 1 0 0 0 1
74 75 487.94683810055744 16.67 3 3 480 481
1 0 0 0 1 0 0 0 1
1 0 0 0 1 0 0 0 1
75 76 92.2994544343137 16.67 3 3 482 483
1 0 0 0 1 0 0 0 1
1 0 0 0 1 0 0 0 1
76 77 318.85971666090126 16.67 3 3 484 485
1 0 0 0 1 0 0 0 1
1 0 0 0 1 0 0 0 1
78 57 198.26037578649752 16.67 3 3 486 487
1 0 0 0 1 0 0 0 1
1 0 0 0 1 0 0 0 1
79 84 385.9402565319124 16.67 3 3 488 489
1 0 0 0 1 0 0 0 1
1 0 0 0 1 0 0 0 1
79 80 22.83030084217018 16.67 3 3 490 491
1 0 0 0 1 0 0 0 1
1 0 0 0 1 0 0 0 1
79 41 603.2543800433635 16.67 3 3 492 493
1 0 0 0 1 0 0 0 1
1 0 0 0 1 0 0 0 1
80 85 395.0787807463093 16.67 3 3 494 495
1 0 0 0 1 0 0 0 1
1 0 0 0 1 0 0 0 1
82 83 1269.6569248856908 16.67 3 3 496 497
1 0 0 0 1 0 0 0 1
1 0 0 0 1 0 0 0 1
83 86 322.34895027482236 16.67 3 3 498 499
1 0 0 0 1 0 0 0 1
1 0 0 0 1 0 0 0 1
84 85 20.66140264608589 16.67 3 3 500 501
1 0 0 0 1 0 0 0 1
1 0 0 0 1 0 0 0 1
84 87 344.20745073189903 16.67 3 3 502 503
1 0 0 0 1 0 0 0 1
1 0 0 0 1 0 0 0 1
85 87 341.1233244564655 16.67 3 3 504 505
1 0 0 0 1 0 0 0 1
1 0 0 0 1 0 0 0 1
123
3 -1 409 436 438
4 437 375 69 419
7 459 15 -1 3
8 13 17 -1 461
9 390 392 394 -1
14 344 -1 229 342
15 404 406 399 133
16 410 309 -1 408
17 -1 283 411 131
18 422 299 401 407
19 434 432 79 -1
23 421 377 -1 227
24 -1 439 417 123
25 448 -1 343 225
27 440 442 239 -1
28 444 446 235 -1
32 -1 430 425 428
35 398 396 -1 127
36 400 285 -1 397
45 416 418 420 121
53 414 -1 412 197
54 395 -1 415 199
58 81 445 441 433
59 450 151 -1 443
61 454 -1 435 233
63 465 462 464 -1
65 466 468 55 393
66 203 470 449 469
67 89 -1 345 471
68 101 157 453 457
69 117 -1 221 472
70 474 476 357 23
71 427 325 475 341
73 327 478 -1 477
74 141 480 137 479
75 91 482 405 481
76 97 484 423 483
77 313 321 297 485
78 165 486 193 281
79 490 488 275 492
80 403 494 491 -1
81 241 143 385 389
82 496 371 245 -1
83 255 498 497 -1
84 500 502 257 489
85 -1 504 501 495
86 251 41 369 499
87 505 27 253 503
88 4 2 6 8
89 10 12 5 -1
90 18 20 14 16
91 28 22 24 26
92 32 34 36 30
93 38 -1 33 40
94 44 19 46 42
95 50 52 48 35
96 54 60 58 56
97 64 62 66 61
98 68 70 -1 72
99 78 74 -1 76
100 75 80 -1 63
101 84 86 88 82
103 -1 92 90 94
104 -1 98 96 93
105 102 104 100 87
106 106 108 110 112
107 118 120 116 114
108 124 122 119 53
109 126 130 125 128
110 136 132 -1 134
111 -1 95 140 138
112 144 43 -1 142
113 -1 148 145 146
114 152 154 -1 150
115 160 158 153 156
117 166 -1 164 162
118 172 170 168 174
119 182 176 178 180
120 169 -1 183 184
121 188 190 173 186
122 192 194 189 109
123 47 198 196 21
124 200 83 202 71
125 204 208 206 159
126 210 181 -1 209
127 212 185 211 -1
128 214 175 213 216
131 220 226 222 224
132 228 232 230 223
133 238 234 236 231
134 242 147 240 -1
135 244 246 243 -1
136 252 -1 250 248
137 256 249 254 258
138 266 264 262 260
139 268 270 272 265
141 276 280 107 278
142 284 279 286 282
143 288 37 39 290
144 -1 292 161 105
145 296 294 -1 298
146 306 302 304 300
147 287 113 310 308
149 263 314 312 99
150 273 301 316 315
151 317 322 318 320
152 319 163 277 295
153 -1 217 205 293
154 -1 139 326 324
155 330 129 328 -1
156 332 334 331 -1
157 338 340 29 336
158 49 115 346 348
160 354 135 352 350
161 356 355 289 358
162 25 359 362 360
163 305 -1 167 323
164 368 31 366 370
165 367 372 -1 247
166 311 111 103 374
169 -1 349 45 373
170 380 365 382 378
171 384 11 9 386
