202
21.234634 110.39122 1 1
21.191715 110.41079 2 0
21.278713 110.36666 3 0
21.238243 110.385704 4 1
21.277496 110.36304 5 1
21.228786 110.411865 6 1
21.231157 110.392784 7 0
21.232311 110.390274 8 1
21.233511 110.3898 9 0
21.235922 110.39351 10 1
21.237972 110.39718 11 1
21.239174 110.39671 12 1
21.231373 110.39977 13 0
21.233881 110.39432 14 1
21.23943 110.40657 15 1
21.277578 110.362144 16 1
21.260975 110.366684 17 1
21.262045 110.37608 18 1
21.191822 110.410774 19 0
21.18681 110.39763 20 0
21.20036 110.37238 21 0
21.277575 110.36194 22 0
21.27426 110.354004 23 1
21.219301 110.414795 24 1
21.244633 110.39636 25 0
21.244633 110.39627 26 0
21.233025 110.39194 27 1
21.207125 110.38683 28 1
21.202501 110.340866 29 0
21.204473 110.34313 30 1
21.206635 110.345665 31 1
21.200403 110.34384 32 0
21.186678 110.39105 33 0
21.204172 110.37121 34 1
21.216478 110.367775 35 1
21.21672 110.36588 36 1
21.20259 110.34549 37 1
21.204704 110.34702 38 1
21.20484 110.37102 39 1
21.210232 110.33994 40 0
21.211567 110.34127 41 1
21.278172 110.3628 42 0
21.248781 110.36586 43 0
21.26866 110.34761 44 1
21.212322 110.41628 45 0
21.213142 110.39603 46 0
21.21321 110.39619 47 1
21.275215 110.35704 48 1
21.278545 110.35483 49 0
21.235975 110.397964 50 1
21.252373 110.34011 51 0
21.278069 110.33984 52 0
21.269337 110.36133 53 0
21.261055 110.3558 54 1
21.186369 110.39131 55 0
21.240833 110.34194 56 0
21.241419 110.341805 57 0
21.23848 110.34185 58 1
21.23825 110.341934 59 1
21.23557 110.34309 60 1
21.238335 110.34299 61 1
21.238592 110.342926 62 1
21.241411 110.34156 63 0
21.231003 110.39063 64 1
21.252464 110.340126 65 0
21.229994 110.39588 66 0
21.231262 110.345505 67 1
21.225048 110.34628 68 0
21.228334 110.34544 69 1
21.230978 110.34271 70 1
21.234877 110.34329 71 1
21.23232 110.342636 72 1
21.23478 110.34369 73 1
21.231773 110.34869 74 1
21.231506 110.34427 75 1
21.23215 110.34579 76 1
21.228315 110.345215 77 1
21.230791 110.34474 78 1
21.231703 110.34886 79 1
21.265469 110.34198 80 0
21.268616 110.389496 81 1
21.27856 110.36732 82 0
21.224174 110.34626 83 0
21.240795 110.3417 84 0
21.257685 110.37401 85 1
21.254051 110.35921 86 0
21.26505 110.38735 87 0
21.266434 110.38881 88 0
21.264177 110.33984 89 0
21.256157 110.40566 90 0
21.277958 110.34168 91 0
21.277506 110.35111 92 1
21.201033 110.38274 93 0
21.195583 110.37842 94 0
21.19539 110.38338 95 0
21.238413 110.34056 96 0
21.238186 110.34044 97 0
21.2304353 110.3891083 98 1
21.1968409 110.4024083 99 1
21.1960188 110.3995748 100 1
21.1999405 110.4114483 101 0
21.2617549 110.3820576 102 1
21.1924208 110.4130833 103 1
21.2768873 110.3664 104 1
21.2692375 110.361128 105 1
21.2149351 110.4116909 106 1
21.234999 110.376215 107 1
21.2749344 110.355533 108 1
21.276621 110.35343 109 1
21.197433 110.383209 110 1
21.2443134 110.3832712 111 1
21.25133 110.398413 112 1
21.235545 110.390873 113 0
21.237233 110.393015 114 1
21.2401588 110.398134 115 1
21.274938 110.359665 116 1
21.2611447 110.3660733 117 1
21.2060473 110.4087234 118 1
21.2091102 110.4076296 119 0
21.2199038 110.4175038 120 1
21.2756527 110.3523625 121 1
21.2716204 110.3730578 122 1
21.278536 110.373883 123 0
21.2757248 110.3737954 124 1
21.2784015 110.374025 125 0
21.244484 110.405565 126 0
21.2674767 110.3879235 127 1
21.2659105 110.386157 128 1
21.2752876 110.3757783 129 0
21.2753885 110.3760253 130 0
21.2147627 110.38105 131 1
21.219132 110.4142033 132 0
21.1955675 110.4002601 133 1
21.1867026 110.4063562 134 1
21.1907434 110.4047956 135 1
21.1907367 110.3845275 136 1
21.211325 110.38217 137 0
21.212067 110.3814993 138 1
21.212542 110.381195 139 1
21.2147444 110.380839 140 1
21.231131 110.377758 141 1
21.2402364 110.3731894 142 1
21.2488178 110.366603 143 1
21.2496124 110.3660852 144 0
21.266424 110.36297 145 1
21.2707229 110.3605719 146 1
21.2766412 110.38143 147 1
21.2280568 110.42369 148 0
21.1906627 110.3986475 149 1
21.1943925 110.3952 150 1
21.1976732 110.3940467 151 1
21.1993715 110.3953075 152 1
21.203084 110.3998735 153 1
21.2031708 110.4001438 154 1
21.206 110.382228 155 1
21.242664 110.3565261 156 1
21.205767 110.37076 157 1
21.205139 110.3754408 158 0
21.2111653 110.38148 159 1
21.216338 110.366334 160 1
21.195669 110.378903 161 1
21.272225 110.356285 162 1
21.277044 110.3658625 163 1
21.2346086 110.3875786 164 1
21.2786062 110.3511525 165 0
21.2309283 110.3780833 166 1
21.2491326 110.366642 167 1
21.2616733 110.3912467 168 1
21.2662305 110.343355 169 1
21.2687227 110.361645 170 1
21.2748858 110.35669 171 1
21.2516557 110.3712713 172 1
21.2518168 110.3465115 173 1
21.2535733 110.375535 174 1
21.2578127 110.3738525 175 1
21.2570197 110.3666795 176 1
21.2568907 110.3703433 177 0
21.2598278 110.3768176 178 1
21.2592985 110.3768827 179 1
21.2617589 110.3825657 180 1
21.26141 110.381407 181 1
21.2614133 110.38233 182 1
21.2568552 110.3838517 183 1
21.273048 110.355365 184 1
21.256569 110.370335 185 1
21.2337843 110.3874925 186 1
21.2468557 110.3620565 187 1
21.2358095 110.3434905 188 1
21.2589928 110.393265 189 1
21.254714 110.3789265 190 1
21.248981 110.349322 191 0
21.274643 110.3818947 192 0
21.229967 110.34605 193 1
21.230312 110.34345 194 1
21.2634715 110.3890625 195 1
21.261544 110.38725 196 1
21.263867 110.3841682 197 1
21.2776835 110.38592 198 1
21.2782495 110.3890243 199 1
21.2477935 110.351945 200 1
21.2600417 110.39504 201 1
21.265544 110.352472 202 1
279
153 99 705.9612127710252 16.67 3 3 2 3
1 0 0 0 1 0 0 0 1
1 0 0 0 1 0 0 0 1
153 154 31.37601028054874 16.67 3 3 4 5
1 0 0 0 1 0 0 0 1
1 0 0 0 1 0 0 0 1
153 152 637.139866842493 16.67 3 3 6 7
1 0 0 0 1 0 0 0 1
1 0 0 0 1 0 0 0 1
153 46 1126.9455589757479 16.67 3 3 8 9
1 0 0 0 1 0 0 0 1
1 0 0 0 1 0 0 0 1
154 118 999.5886177830714 16.67 3 3 10 11
1 0 0 0 1 0 0 0 1
1 0 0 0 1 0 0 0 1
154 47 1129.8580297590756 16.67 3 3 12 13
1 0 0 0 1 0 0 0 1
1 0 0 0 1 0 0 0 1
154 99 702.9005077555853 16.67 3 3 14 15
1 0 0 0 1 0 0 0 1
1 0 0 0 1 0 0 0 1
155 159 541.9178699845462 16.67 3 3 16 17
1 0 0 0 1 0 0 0 1
1 0 0 0 1 0 0 0 1
155 28 524.8727928100337 16.67 3 3 18 19
1 0 0 0 1 0 0 0 1
1 0 0 0 1 0 0 0 1
155 34 1239.7911249427264 16.67 3 3 20 21
1 0 0 0 1 0 0 0 1
1 0 0 0 1 0 0 0 1
155 110 894.8312374514101 16.67 3 3 22 23
1 0 0 0 1 0 0 0 1
1 0 0 0 1 0 0 0 1
92 165 114.10237917882262 16.67 3 3 24 25
1 0 0 0 1 0 0 0 1
1 0 0 0 1 0 0 0 1
92 121 237.2320909407462 16.67 3 3 26 27
1 0 0 0 1 0 0 0 1
1 0 0 0 1 0 0 0 1
92 91 1049.6782999210725 16.67 3 3 28 29
1 0 0 0 1 0 0 0 1
1 0 0 0 1 0 0 0 1
92 52 1254.6012401975001 16.67 3 3 30 31
1 0 0 0 1 0 0 0 1
1 0 0 0 1 0 0 0 1
156 187 752.9693580120652 16.67 3 3 32 33
1 0 0 0 1 0 0 0 1
1 0 0 0 1 0 0 0 1
156 200 736.3218831743831 16.67 3 3 34 35
1 0 0 0 1 0 0 0 1
1 0 0 0 1 0 0 0 1
156 61 1570.6878167833981 16.67 3 3 36 37
1 0 0 0 1 0 0 0 1
1 0 0 0 1 0 0 0 1
156 62 1570.1409093613897 16.67 3 3 38 39
1 0 0 0 1 0 0 0 1
1 0 0 0 1 0 0 0 1
59 61 117.75911642418076 16.67 3 3 40 41
1 0 0 0 1 0 0 0 1
1 0 0 0 1 0 0 0 1
59 97 166.2678492331693 16.67 3 3 42 43
1 0 0 0 1 0 0 0 1
1 0 0 0 1 0 0 0 1
59 60 306.0826124321383 16.67 3 3 44 45
1 0 0 0 1 0 0 0 1
1 0 0 0 1 0 0 0 1
58 63 305.5021682581972 16.67 3 3 46 47
1 0 0 0 1 0 0 0 1
1 0 0 0 1 0 0 0 1
58 96 143.61829794392006 16.67 3 3 48 49
1 0 0 0 1 0 0 0 1
1 0 0 0 1 0 0 0 1
58 62 120.21493763439639 16.67 3 3 50 51
1 0 0 0 1 0 0 0 1
1 0 0 0 1 0 0 0 1
38 39 2668.8801024848303 16.67 3 3 52 53
1 0 0 0 1 0 0 0 1
1 0 0 0 1 0 0 0 1
38 31 250.56111119871167 16.67 3 3 54 55
1 0 0 0 1 0 0 0 1
1 0 0 0 1 0 0 0 1
38 37 277.4529694063228 16.67 3 3 56 57
1 0 0 0 1 0 0 0 1
1 0 0 0 1 0 0 0 1
60 71 75.19449155502504 16.67 3 3 58 59
1 0 0 0 1 0 0 0 1
1 0 0 0 1 0 0 0 1
60 84 563.2029854898668 16.67 3 3 60 61
1 0 0 0 1 0 0 0 1
1 0 0 0 1 0 0 0 1
31 41 707.3147049821406 16.67 3 3 62 63
1 0 0 0 1 0 0 0 1
1 0 0 0 1 0 0 0 1
31 30 360.1434637249998 16.67 3 3 64 65
1 0 0 0 1 0 0 0 1
1 0 0 0 1 0 0 0 1
39 157 100.35944791814022 16.67 3 3 66 67
1 0 0 0 1 0 0 0 1
1 0 0 0 1 0 0 0 1
39 34 72.404645652735 16.67 3 3 68 69
1 0 0 0 1 0 0 0 1
1 0 0 0 1 0 0 0 1
61 188 267.6173332542202 16.67 3 3 70 71
1 0 0 0 1 0 0 0 1
1 0 0 0 1 0 0 0 1
62 57 318.42984971464836 16.67 3 3 72 73
1 0 0 0 1 0 0 0 1
1 0 0 0 1 0 0 0 1
27 8 199.49756959733264 16.67 3 3 74 75
1 0 0 0 1 0 0 0 1
1 0 0 0 1 0 0 0 1
27 1 185.00047783903872 16.67 3 3 76 77
1 0 0 0 1 0 0 0 1
1 0 0 0 1 0 0 0 1
27 14 279.1370702480107 16.67 3 3 78 79
1 0 0 0 1 0 0 0 1
1 0 0 0 1 0 0 0 1
27 7 215.17137010916795 16.67 3 3 80 81
1 0 0 0 1 0 0 0 1
1 0 0 0 1 0 0 0 1
157 158 524.5692617892065 16.67 3 3 82 83
1 0 0 0 1 0 0 0 1
1 0 0 0 1 0 0 0 1
157 159 1316.918125265969 16.67 3 3 84 85
1 0 0 0 1 0 0 0 1
1 0 0 0 1 0 0 0 1
159 138 93.50228038264817 16.67 3 3 86 87
1 0 0 0 1 0 0 0 1
1 0 0 0 1 0 0 0 1
159 139 146.1965447949271 16.67 3 3 88 89
1 0 0 0 1 0 0 0 1
1 0 0 0 1 0 0 0 1
160 140 1621.4196336422376 16.67 3 3 90 91
1 0 0 0 1 0 0 0 1
1 0 0 0 1 0 0 0 1
160 35 160.89765183298599 16.67 3 3 92 93
1 0 0 0 1 0 0 0 1
1 0 0 0 1 0 0 0 1
160 36 64.16344116649161 16.67 3 3 94 95
1 0 0 0 1 0 0 0 1
1 0 0 0 1 0 0 0 1
41 40 202.55265988278114 16.67 3 3 98 99
1 0 0 0 1 0 0 0 1
1 0 0 0 1 0 0 0 1
41 36 2788.326721039323 16.67 3 3 100 101
1 0 0 0 1 0 0 0 1
1 0 0 0 1 0 0 0 1
161 94 54.44553276412834 16.67 3 3 102 103
1 0 0 0 1 0 0 0 1
1 0 0 0 1 0 0 0 1
161 95 498.690040565781 16.67 3 3 104 105
1 0 0 0 1 0 0 0 1
1 0 0 0 1 0 0 0 1
161 93 700.9584530971847 16.67 3 3 106 107
1 0 0 0 1 0 0 0 1
1 0 0 0 1 0 0 0 1
162 184 133.19061691542615 16.67 3 3 108 109
1 0 0 0 1 0 0 0 1
1 0 0 0 1 0 0 0 1
162 146 501.47977959381166 16.67 3 3 110 111
1 0 0 0 1 0 0 0 1
1 0 0 0 1 0 0 0 1
162 48 321.01314484757853 16.67 3 3 112 113
1 0 0 0 1 0 0 0 1
1 0 0 0 1 0 0 0 1
163 104 61.93727270727915 16.67 3 3 114 115
1 0 0 0 1 0 0 0 1
1 0 0 0 1 0 0 0 1
163 16 417.1897510089478 16.67 3 3 116 117
1 0 0 0 1 0 0 0 1
1 0 0 0 1 0 0 0 1
163 3 194.35716678362564 16.67 3 3 118 119
1 0 0 0 1 0 0 0 1
1 0 0 0 1 0 0 0 1
163 5 317.3424538980324 16.67 3 3 120 121
1 0 0 0 1 0 0 0 1
1 0 0 0 1 0 0 0 1
164 111 1114.139246171905 16.67 3 3 122 123
1 0 0 0 1 0 0 0 1
1 0 0 0 1 0 0 0 1
164 114 662.9195571900232 16.67 3 3 124 125
1 0 0 0 1 0 0 0 1
1 0 0 0 1 0 0 0 1
164 186 85.97493478357573 16.67 3 3 126 127
1 0 0 0 1 0 0 0 1
1 0 0 0 1 0 0 0 1
70 72 139.3472754267613 16.67 3 3 128 129
1 0 0 0 1 0 0 0 1
1 0 0 0 1 0 0 0 1
70 74 670.0730534464736 16.67 3 3 130 131
1 0 0 0 1 0 0 0 1
1 0 0 0 1 0 0 0 1
70 193 385.9147869324023 16.67 3 3 132 133
1 0 0 0 1 0 0 0 1
1 0 0 0 1 0 0 0 1
71 72 274.83398110770054 16.67 3 3 134 135
1 0 0 0 1 0 0 0 1
1 0 0 0 1 0 0 0 1
71 75 366.0097233049687 16.67 3 3 136 137
1 0 0 0 1 0 0 0 1
1 0 0 0 1 0 0 0 1
166 131 1707.8019112228064 16.67 3 3 138 139
1 0 0 0 1 0 0 0 1
1 0 0 0 1 0 0 0 1
166 107 470.3208841286457 16.67 3 3 140 141
1 0 0 0 1 0 0 0 1
1 0 0 0 1 0 0 0 1
166 186 1087.3927594784186 16.67 3 3 142 143
1 0 0 0 1 0 0 0 1
1 0 0 0 1 0 0 0 1
166 141 41.83306174057925 16.67 3 3 144 145
1 0 0 0 1 0 0 0 1
1 0 0 0 1 0 0 0 1
167 143 32.91333760964055 16.67 3 3 146 147
1 0 0 0 1 0 0 0 1
1 0 0 0 1 0 0 0 1
167 176 817.4419022668691 16.67 3 3 148 149
1 0 0 0 1 0 0 0 1
1 0 0 0 1 0 0 0 1
167 172 577.3961084951301 16.67 3 3 150 151
1 0 0 0 1 0 0 0 1
1 0 0 0 1 0 0 0 1
167 142 1174.8266469188131 16.67 3 3 152 153
1 0 0 0 1 0 0 0 1
1 0 0 0 1 0 0 0 1
35 140 1463.8137065995202 16.67 3 3 154 155
1 0 0 0 1 0 0 0 1
1 0 0 0 1 0 0 0 1
35 36 212.21540568141975 16.67 3 3 156 157
1 0 0 0 1 0 0 0 1
1 0 0 0 1 0 0 0 1
169 80 172.06557193038927 16.67 3 3 158 159
1 0 0 0 1 0 0 0 1
1 0 0 0 1 0 0 0 1
169 44 535.9765608036718 16.67 3 3 160 161
1 0 0 0 1 0 0 0 1
1 0 0 0 1 0 0 0 1
169 89 445.04820979122195 16.67 3 3 162 163
1 0 0 0 1 0 0 0 1
1 0 0 0 1 0 0 0 1
170 105 78.42968678763935 16.67 3 3 164 165
1 0 0 0 1 0 0 0 1
1 0 0 0 1 0 0 0 1
170 145 280.09528285936665 16.67 3 3 166 167
1 0 0 0 1 0 0 0 1
1 0 0 0 1 0 0 0 1
170 104 997.7183807709288 16.67 3 3 168 169
1 0 0 0 1 0 0 0 1
1 0 0 0 1 0 0 0 1
170 53 72.6595437902887 16.67 3 3 170 171
1 0 0 0 1 0 0 0 1
1 0 0 0 1 0 0 0 1
72 67 337.35984839882394 16.67 3 3 172 173
1 0 0 0 1 0 0 0 1
1 0 0 0 1 0 0 0 1
168 197 819.313950010996 16.67 3 3 174 175
1 0 0 0 1 0 0 0 1
1 0 0 0 1 0 0 0 1
168 189 357.12543506720647 16.67 3 3 176 177
1 0 0 0 1 0 0 0 1
1 0 0 0 1 0 0 0 1
168 195 306.13929970484867 16.67 3 3 178 179
1 0 0 0 1 0 0 0 1
1 0 0 0 1 0 0 0 1
168 196 444.64212961787035 16.67 3 3 180 181
1 0 0 0 1 0 0 0 1
1 0 0 0 1 0 0 0 1
171 184 240.78379241853088 16.67 3 3 182 183
1 0 0 0 1 0 0 0 1
1 0 0 0 1 0 0 0 1
171 108 128.75899129472074 16.67 3 3 184 185
1 0 0 0 1 0 0 0 1
1 0 0 0 1 0 0 0 1
171 48 51.754229847544224 16.67 3 3 186 187
1 0 0 0 1 0 0 0 1
1 0 0 0 1 0 0 0 1
8 9 135.09144857676242 16.67 3 3 188 189
1 0 0 0 1 0 0 0 1
1 0 0 0 1 0 0 0 1
8 64 141.24007343433487 16.67 3 3 190 191
1 0 0 0 1 0 0 0 1
1 0 0 0 1 0 0 0 1
85 175 21.95212108410509 16.67 3 3 192 193
1 0 0 0 1 0 0 0 1
1 0 0 0 1 0 0 0 1
85 179 360.56770222625914 16.67 3 3 194 195
1 0 0 0 1 0 0 0 1
1 0 0 0 1 0 0 0 1
85 174 458.62297915133337 16.67 3 3 196 197
1 0 0 0 1 0 0 0 1
1 0 0 0 1 0 0 0 1
172 185 519.7487819537424 16.67 3 3 198 199
1 0 0 0 1 0 0 0 1
1 0 0 0 1 0 0 0 1
172 174 514.0989182589042 16.67 3 3 200 201
1 0 0 0 1 0 0 0 1
1 0 0 0 1 0 0 0 1
10 11 460.11277758163135 16.67 3 3 202 203
1 0 0 0 1 0 0 0 1
1 0 0 0 1 0 0 0 1
10 114 146.61177393163666 16.67 3 3 204 205
1 0 0 0 1 0 0 0 1
1 0 0 0 1 0 0 0 1
10 1 287.5248609773746 16.67 3 3 206 207
1 0 0 0 1 0 0 0 1
1 0 0 0 1 0 0 0 1
10 14 229.92869525239425 16.67 3 3 208 209
1 0 0 0 1 0 0 0 1
1 0 0 0 1 0 0 0 1
11 50 224.5989874936903 16.67 3 3 210 211
1 0 0 0 1 0 0 0 1
1 0 0 0 1 0 0 0 1
11 12 135.10524956764107 16.67 3 3 212 213
1 0 0 0 1 0 0 0 1
1 0 0 0 1 0 0 0 1
12 114 457.4988712401814 16.67 3 3 214 215
1 0 0 0 1 0 0 0 1
1 0 0 0 1 0 0 0 1
12 115 188.39868505423794 16.67 3 3 216 217
1 0 0 0 1 0 0 0 1
1 0 0 0 1 0 0 0 1
173 65 713.2400194454726 16.67 3 3 218 219
1 0 0 0 1 0 0 0 1
1 0 0 0 1 0 0 0 1
173 145 2375.1913683646035 16.67 3 3 220 221
1 0 0 0 1 0 0 0 1
1 0 0 0 1 0 0 0 1
173 54 1408.3950789997778 16.67 3 3 222 223
1 0 0 0 1 0 0 0 1
1 0 0 0 1 0 0 0 1
173 51 714.1883621167575 16.67 3 3 224 225
1 0 0 0 1 0 0 0 1
1 0 0 0 1 0 0 0 1
14 50 459.6873517610338 16.67 3 3 226 227
1 0 0 0 1 0 0 0 1
1 0 0 0 1 0 0 0 1
14 66 438.6559033372118 16.67 3 3 228 229
1 0 0 0 1 0 0 0 1
1 0 0 0 1 0 0 0 1
174 175 477.5423179040626 16.67 3 3 230 231
1 0 0 0 1 0 0 0 1
1 0 0 0 1 0 0 0 1
174 190 395.235723719728 16.67 3 3 232 233
1 0 0 0 1 0 0 0 1
1 0 0 0 1 0 0 0 1
175 177 401.7574806153343 16.67 3 3 234 235
1 0 0 0 1 0 0 0 1
1 0 0 0 1 0 0 0 1
175 185 411.84111058237033 16.67 3 3 236 237
1 0 0 0 1 0 0 0 1
1 0 0 0 1 0 0 0 1
15 50 1021.8087879925172 16.67 3 3 238 239
1 0 0 0 1 0 0 0 1
1 0 0 0 1 0 0 0 1
15 112 1531.0439260404175 16.67 3 3 240 241
1 0 0 0 1 0 0 0 1
1 0 0 0 1 0 0 0 1
15 132 2268.6401322543925 16.67 3 3 242 243
1 0 0 0 1 0 0 0 1
1 0 0 0 1 0 0 0 1
176 185 409.17286681377146 16.67 3 3 244 245
1 0 0 0 1 0 0 0 1
1 0 0 0 1 0 0 0 1
176 117 432.7807167026813 16.67 3 3 246 247
1 0 0 0 1 0 0 0 1
1 0 0 0 1 0 0 0 1
176 144 770.5023836859559 16.67 3 3 248 249
1 0 0 0 1 0 0 0 1
1 0 0 0 1 0 0 0 1
4 111 684.8869716013271 16.67 3 3 250 251
1 0 0 0 1 0 0 0 1
1 0 0 0 1 0 0 0 1
4 107 1107.4700232912955 16.67 3 3 252 253
1 0 0 0 1 0 0 0 1
1 0 0 0 1 0 0 0 1
4 186 503.11931849818114 16.67 3 3 254 255
1 0 0 0 1 0 0 0 1
1 0 0 0 1 0 0 0 1
178 18 243.97810389386024 16.67 3 3 256 257
1 0 0 0 1 0 0 0 1
1 0 0 0 1 0 0 0 1
178 179 55.32912277881956 16.67 3 3 258 259
1 0 0 0 1 0 0 0 1
1 0 0 0 1 0 0 0 1
178 181 536.0435313819635 16.67 3 3 260 261
1 0 0 0 1 0 0 0 1
1 0 0 0 1 0 0 0 1
178 122 1291.653497148356 16.67 3 3 262 263
1 0 0 0 1 0 0 0 1
1 0 0 0 1 0 0 0 1
177 17 587.1551434752535 16.67 3 3 264 265
1 0 0 0 1 0 0 0 1
1 0 0 0 1 0 0 0 1
180 197 281.9287568793936 16.67 3 3 266 267
1 0 0 0 1 0 0 0 1
1 0 0 0 1 0 0 0 1
180 183 527.9214376151932 16.67 3 3 268 269
1 0 0 0 1 0 0 0 1
1 0 0 0 1 0 0 0 1
180 102 56.503147965054794 16.67 3 3 270 271
1 0 0 0 1 0 0 0 1
1 0 0 0 1 0 0 0 1
181 182 102.63981802532288 16.67 3 3 272 273
1 0 0 0 1 0 0 0 1
1 0 0 0 1 0 0 0 1
181 102 80.69558486564279 16.67 3 3 274 275
1 0 0 0 1 0 0 0 1
1 0 0 0 1 0 0 0 1
74 76 324.8441763030168 16.67 3 3 276 277
1 0 0 0 1 0 0 0 1
1 0 0 0 1 0 0 0 1
74 141 3233.098425160747 16.67 3 3 278 279
1 0 0 0 1 0 0 0 1
1 0 0 0 1 0 0 0 1
182 183 501.763487860238 16.67 3 3 280 281
1 0 0 0 1 0 0 0 1
1 0 0 0 1 0 0 0 1
182 102 46.5918211798855 16.67 3 3 282 283
1 0 0 0 1 0 0 0 1
1 0 0 0 1 0 0 0 1
179 190 526.6734075292421 16.67 3 3 284 285
1 0 0 0 1 0 0 0 1
1 0 0 0 1 0 0 0 1
183 189 1069.9608354151549 16.67 3 3 286 287
1 0 0 0 1 0 0 0 1
1 0 0 0 1 0 0 0 1
183 190 590.937889216196 16.67 3 3 288 289
1 0 0 0 1 0 0 0 1
1 0 0 0 1 0 0 0 1
75 77 347.05187337551655 16.67 3 3 290 291
1 0 0 0 1 0 0 0 1
1 0 0 0 1 0 0 0 1
75 76 181.7306023044949 16.67 3 3 292 293
1 0 0 0 1 0 0 0 1
1 0 0 0 1 0 0 0 1
184 23 196.67013333638934 16.67 3 3 294 295
1 0 0 0 1 0 0 0 1
1 0 0 0 1 0 0 0 1
186 98 390.8775502339483 16.67 3 3 296 297
1 0 0 0 1 0 0 0 1
1 0 0 0 1 0 0 0 1
64 106 2873.834119278892 16.67 3 3 298 299
1 0 0 0 1 0 0 0 1
1 0 0 0 1 0 0 0 1
64 98 179.15538775317518 16.67 3 3 300 301
1 0 0 0 1 0 0 0 1
1 0 0 0 1 0 0 0 1
76 73 358.95519856196273 16.67 3 3 302 303
1 0 0 0 1 0 0 0 1
1 0 0 0 1 0 0 0 1
187 143 544.9445951731085 16.67 3 3 304 305
1 0 0 0 1 0 0 0 1
1 0 0 0 1 0 0 0 1
187 200 1128.609957899879 16.67 3 3 306 307
1 0 0 0 1 0 0 0 1
1 0 0 0 1 0 0 0 1
187 86 810.1409939605294 16.67 3 3 308 309
1 0 0 0 1 0 0 0 1
1 0 0 0 1 0 0 0 1
24 106 569.1915964810033 16.67 3 3 310 311
1 0 0 0 1 0 0 0 1
1 0 0 0 1 0 0 0 1
24 132 68.09040816453805 16.67 3 3 312 313
1 0 0 0 1 0 0 0 1
1 0 0 0 1 0 0 0 1
24 6 1035.8177431260617 16.67 3 3 314 315
1 0 0 0 1 0 0 0 1
1 0 0 0 1 0 0 0 1
24 120 307.6365649322645 16.67 3 3 316 317
1 0 0 0 1 0 0 0 1
1 0 0 0 1 0 0 0 1
188 56 548.494826126357 16.67 3 3 318 319
1 0 0 0 1 0 0 0 1
1 0 0 0 1 0 0 0 1
188 73 108.99033480656627 16.67 3 3 320 321
1 0 0 0 1 0 0 0 1
1 0 0 0 1 0 0 0 1
189 112 978.9600413696625 16.67 3 3 322 323
1 0 0 0 1 0 0 0 1
1 0 0 0 1 0 0 0 1
189 201 225.33600575373 16.67 3 3 324 325
1 0 0 0 1 0 0 0 1
1 0 0 0 1 0 0 0 1
190 111 1181.2184511955822 16.67 3 3 326 327
1 0 0 0 1 0 0 0 1
1 0 0 0 1 0 0 0 1
34 21 416.0675818168405 16.67 3 3 328 329
1 0 0 0 1 0 0 0 1
1 0 0 0 1 0 0 0 1
191 200 316.5847109993898 16.67 3 3 330 331
1 0 0 0 1 0 0 0 1
1 0 0 0 1 0 0 0 1
191 86 1218.6676862407307 16.67 3 3 332 333
1 0 0 0 1 0 0 0 1
1 0 0 0 1 0 0 0 1
77 83 444.6920387589593 16.67 3 3 334 335
1 0 0 0 1 0 0 0 1
1 0 0 0 1 0 0 0 1
77 194 285.2576836275333 16.67 3 3 336 337
1 0 0 0 1 0 0 0 1
1 0 0 0 1 0 0 0 1
193 69 182.35461562579854 16.67 3 3 338 339
1 0 0 0 1 0 0 0 1
1 0 0 0 1 0 0 0 1
193 79 360.58582090783995 16.67 3 3 340 341
1 0 0 0 1 0 0 0 1
1 0 0 0 1 0 0 0 1
43 143 82.71091085228183 16.67 3 3 342 343
1 0 0 0 1 0 0 0 1
1 0 0 0 1 0 0 0 1
43 144 89.7330593995466 16.67 3 3 344 345
1 0 0 0 1 0 0 0 1
1 0 0 0 1 0 0 0 1
194 67 248.83324297874725 16.67 3 3 346 347
1 0 0 0 1 0 0 0 1
1 0 0 0 1 0 0 0 1
194 78 151.79978839277865 16.67 3 3 348 349
1 0 0 0 1 0 0 0 1
1 0 0 0 1 0 0 0 1
195 128 410.2166529768445 16.67 3 3 350 351
1 0 0 0 1 0 0 0 1
1 0 0 0 1 0 0 0 1
195 196 283.76685110753624 16.67 3 3 352 353
1 0 0 0 1 0 0 0 1
1 0 0 0 1 0 0 0 1
196 197 418.8074885294974 16.67 3 3 354 355
1 0 0 0 1 0 0 0 1
1 0 0 0 1 0 0 0 1
197 128 306.198593773432 16.67 3 3 356 357
1 0 0 0 1 0 0 0 1
1 0 0 0 1 0 0 0 1
78 69 266.30929337655834 16.67 3 3 358 359
1 0 0 0 1 0 0 0 1
1 0 0 0 1 0 0 0 1
78 73 429.647586259158 16.67 3 3 360 361
1 0 0 0 1 0 0 0 1
1 0 0 0 1 0 0 0 1
198 147 510.8439256094346 16.67 3 3 362 363
1 0 0 0 1 0 0 0 1
1 0 0 0 1 0 0 0 1
198 81 1020.2726534162989 16.67 3 3 364 365
1 0 0 0 1 0 0 0 1
1 0 0 0 1 0 0 0 1
198 199 350.15052382484157 16.67 3 3 366 367
1 0 0 0 1 0 0 0 1
1 0 0 0 1 0 0 0 1
199 127 1122.980565597453 16.67 3 3 368 369
1 0 0 0 1 0 0 0 1
1 0 0 0 1 0 0 0 1
199 81 999.6106247132344 16.67 3 3 370 371
1 0 0 0 1 0 0 0 1
1 0 0 0 1 0 0 0 1
79 67 375.87191668196783 16.67 3 3 374 375
1 0 0 0 1 0 0 0 1
1 0 0 0 1 0 0 0 1
79 141 3214.0561159574813 16.67 3 3 376 377
1 0 0 0 1 0 0 0 1
1 0 0 0 1 0 0 0 1
1 113 102.00670173129184 16.67 3 3 378 379
1 0 0 0 1 0 0 0 1
1 0 0 0 1 0 0 0 1
201 90 1247.6976491620794 16.67 3 3 380 381
1 0 0 0 1 0 0 0 1
1 0 0 0 1 0 0 0 1
201 127 1104.5181291893061 16.67 3 3 382 383
1 0 0 0 1 0 0 0 1
1 0 0 0 1 0 0 0 1
201 88 958.5435208220822 16.67 3 3 384 385
1 0 0 0 1 0 0 0 1
1 0 0 0 1 0 0 0 1
202 54 594.4453948373869 16.67 3 3 386 387
1 0 0 0 1 0 0 0 1
1 0 0 0 1 0 0 0 1
202 44 629.7524412760276 16.67 3 3 388 389
1 0 0 0 1 0 0 0 1
1 0 0 0 1 0 0 0 1
202 105 1035.8716645174275 16.67 3 3 390 391
1 0 0 0 1 0 0 0 1
1 0 0 0 1 0 0 0 1
81 127 210.98961957618752 16.67 3 3 392 393
1 0 0 0 1 0 0 0 1
1 0 0 0 1 0 0 0 1
18 17 1050.7195282172186 16.67 3 3 394 395
1 0 0 0 1 0 0 0 1
1 0 0 0 1 0 0 0 1
18 122 1047.6875977914342 16.67 3 3 396 397
1 0 0 0 1 0 0 0 1
1 0 0 0 1 0 0 0 1
17 117 70.15113312776757 16.67 3 3 398 399
1 0 0 0 1 0 0 0 1
1 0 0 0 1 0 0 0 1
16 5 99.99845172240653 16.67 3 3 400 401
1 0 0 0 1 0 0 0 1
1 0 0 0 1 0 0 0 1
16 22 22.68729415618552 16.67 3 3 402 403
1 0 0 0 1 0 0 0 1
1 0 0 0 1 0 0 0 1
16 116 388.3671623135062 16.67 3 3 404 405
1 0 0 0 1 0 0 0 1
1 0 0 0 1 0 0 0 1
69 68 353.19025537496753 16.67 3 3 406 407
1 0 0 0 1 0 0 0 1
1 0 0 0 1 0 0 0 1
44 23 917.7808990575945 16.67 3 3 408 409
1 0 0 0 1 0 0 0 1
1 0 0 0 1 0 0 0 1
28 152 1238.8803145395086 16.67 3 3 410 411
1 0 0 0 1 0 0 0 1
1 0 0 0 1 0 0 0 1
28 137 676.8462445934305 16.67 3 3 412 413
1 0 0 0 1 0 0 0 1
1 0 0 0 1 0 0 0 1
30 29 324.31538850192834 16.67 3 3 414 415
1 0 0 0 1 0 0 0 1
1 0 0 0 1 0 0 0 1
30 37 327.08118928641386 16.67 3 3 416 417
1 0 0 0 1 0 0 0 1
1 0 0 0 1 0 0 0 1
46 131 1674.2541997434516 16.67 3 3 418 419
1 0 0 0 1 0 0 0 1
1 0 0 0 1 0 0 0 1
47 119 1341.225045242446 16.67 3 3 420 421
1 0 0 0 1 0 0 0 1
1 0 0 0 1 0 0 0 1
47 98 1951.626859672254 16.67 3 3 422 423
1 0 0 0 1 0 0 0 1
1 0 0 0 1 0 0 0 1
23 108 183.8290657449706 16.67 3 3 424 425
1 0 0 0 1 0 0 0 1
1 0 0 0 1 0 0 0 1
23 121 232.69595469399403 16.67 3 3 426 427
1 0 0 0 1 0 0 0 1
1 0 0 0 1 0 0 0 1
54 145 972.2665346719311 16.67 3 3 428 429
1 0 0 0 1 0 0 0 1
1 0 0 0 1 0 0 0 1
98 106 2981.2140097214065 16.67 3 3 430 431
1 0 0 0 1 0 0 0 1
1 0 0 0 1 0 0 0 1
99 133 272.9390584174727 16.67 3 3 432 433
1 0 0 0 1 0 0 0 1
1 0 0 0 1 0 0 0 1
99 100 326.41490970895734 16.67 3 3 434 435
1 0 0 0 1 0 0 0 1
1 0 0 0 1 0 0 0 1
100 133 89.42467764962524 16.67 3 3 436 437
1 0 0 0 1 0 0 0 1
1 0 0 0 1 0 0 0 1
100 150 514.877204253122 16.67 3 3 438 439
1 0 0 0 1 0 0 0 1
1 0 0 0 1 0 0 0 1
100 152 588.225011491964 16.67 3 3 440 441
1 0 0 0 1 0 0 0 1
1 0 0 0 1 0 0 0 1
101 118 701.9045713046871 16.67 3 3 442 443
1 0 0 0 1 0 0 0 1
1 0 0 0 1 0 0 0 1
101 103 800.5332694972088 16.67 3 3 444 445
1 0 0 0 1 0 0 0 1
1 0 0 0 1 0 0 0 1
53 146 166.53142747358785 16.67 3 3 446 447
1 0 0 0 1 0 0 0 1
1 0 0 0 1 0 0 0 1
103 2 265.3107345581037 16.67 3 3 448 449
1 0 0 0 1 0 0 0 1
1 0 0 0 1 0 0 0 1
103 19 264.19658096200067 16.67 3 3 450 451
1 0 0 0 1 0 0 0 1
1 0 0 0 1 0 0 0 1
48 116 293.31253765451225 16.67 3 3 452 453
1 0 0 0 1 0 0 0 1
1 0 0 0 1 0 0 0 1
104 124 831.1572611176479 16.67 3 3 454 455
1 0 0 0 1 0 0 0 1
1 0 0 0 1 0 0 0 1
104 82 201.26904550484738 16.67 3 3 456 457
1 0 0 0 1 0 0 0 1
1 0 0 0 1 0 0 0 1
105 146 165.88542282297286 16.67 3 3 458 459
1 0 0 0 1 0 0 0 1
1 0 0 0 1 0 0 0 1
106 119 754.0482953447159 16.67 3 3 460 461
1 0 0 0 1 0 0 0 1
1 0 0 0 1 0 0 0 1
107 142 638.6718119224794 16.67 3 3 462 463
1 0 0 0 1 0 0 0 1
1 0 0 0 1 0 0 0 1
108 109 291.9490338805173 16.67 3 3 464 465
1 0 0 0 1 0 0 0 1
1 0 0 0 1 0 0 0 1
109 121 155.43216050021812 16.67 3 3 466 467
1 0 0 0 1 0 0 0 1
1 0 0 0 1 0 0 0 1
109 49 252.95273397830422 16.67 3 3 468 469
1 0 0 0 1 0 0 0 1
1 0 0 0 1 0 0 0 1
110 151 1205.4288660828747 16.67 3 3 470 471
1 0 0 0 1 0 0 0 1
1 0 0 0 1 0 0 0 1
110 95 212.66573660112724 16.67 3 3 472 473
1 0 0 0 1 0 0 0 1
1 0 0 0 1 0 0 0 1
110 136 709.5714634906416 16.67 3 3 474 475
1 0 0 0 1 0 0 0 1
1 0 0 0 1 0 0 0 1
111 112 1834.1311666591023 16.67 3 3 476 477
1 0 0 0 1 0 0 0 1
1 0 0 0 1 0 0 0 1
112 6 2774.296788827388 16.67 3 3 478 479
1 0 0 0 1 0 0 0 1
1 0 0 0 1 0 0 0 1
113 114 295.54790248297974 16.67 3 3 480 481
1 0 0 0 1 0 0 0 1
1 0 0 0 1 0 0 0 1
115 25 503.95652922300155 16.67 3 3 482 483
1 0 0 0 1 0 0 0 1
1 0 0 0 1 0 0 0 1
115 26 507.95768106236875 16.67 3 3 484 485
1 0 0 0 1 0 0 0 1
1 0 0 0 1 0 0 0 1
115 126 940.1113892252583 16.67 3 3 486 487
1 0 0 0 1 0 0 0 1
1 0 0 0 1 0 0 0 1
116 146 448.27428813732854 16.67 3 3 488 489
1 0 0 0 1 0 0 0 1
1 0 0 0 1 0 0 0 1
117 145 646.8527041929634 16.67 3 3 490 491
1 0 0 0 1 0 0 0 1
1 0 0 0 1 0 0 0 1
118 118 0.0 16.67 3 3 492 493
1 0 0 0 1 0 0 0 1
1 0 0 0 1 0 0 0 1
120 148 1089.7337112567693 16.67 3 3 494 495
1 0 0 0 1 0 0 0 1
1 0 0 0 1 0 0 0 1
120 45 797.64034913933 16.67 3 3 496 497
1 0 0 0 1 0 0 0 1
1 0 0 0 1 0 0 0 1
5 42 74.96013228746408 16.67 3 3 498 499
1 0 0 0 1 0 0 0 1
1 0 0 0 1 0 0 0 1
122 124 433.1581585050136 16.67 3 3 500 501
1 0 0 0 1 0 0 0 1
1 0 0 0 1 0 0 0 1
124 123 291.46733852523005 16.67 3 3 502 503
1 0 0 0 1 0 0 0 1
1 0 0 0 1 0 0 0 1
124 125 278.5398788661418 16.67 3 3 504 505
1 0 0 0 1 0 0 0 1
1 0 0 0 1 0 0 0 1
127 147 1193.0428357769658 16.67 3 3 506 507
1 0 0 0 1 0 0 0 1
1 0 0 0 1 0 0 0 1
128 87 159.8485521291506 16.67 3 3 508 509
1 0 0 0 1 0 0 0 1
1 0 0 0 1 0 0 0 1
128 129 1508.7435813316054 16.67 3 3 510 511
1 0 0 0 1 0 0 0 1
1 0 0 0 1 0 0 0 1
129 130 29.389562891187087 16.67 3 3 512 513
1 0 0 0 1 0 0 0 1
1 0 0 0 1 0 0 0 1
130 147 614.8707608384457 16.67 3 3 514 515
1 0 0 0 1 0 0 0 1
1 0 0 0 1 0 0 0 1
131 138 283.8829338661384 16.67 3 3 516 517
1 0 0 0 1 0 0 0 1
1 0 0 0 1 0 0 0 1
131 140 23.540143545098918 16.67 3 3 518 519
1 0 0 0 1 0 0 0 1
1 0 0 0 1 0 0 0 1
50 13 517.5546394323113 16.67 3 3 520 521
1 0 0 0 1 0 0 0 1
1 0 0 0 1 0 0 0 1
133 149 539.2174301156178 16.67 3 3 522 523
1 0 0 0 1 0 0 0 1
1 0 0 0 1 0 0 0 1
134 134 0.0 16.67 3 3 524 525
1 0 0 0 1 0 0 0 1
1 0 0 0 1 0 0 0 1
134 135 453.49108831046766 16.67 3 3 526 527
1 0 0 0 1 0 0 0 1
1 0 0 0 1 0 0 0 1
135 135 0.0 16.67 3 3 528 529
1 0 0 0 1 0 0 0 1
1 0 0 0 1 0 0 0 1
135 149 683.7308979866733 16.67 3 3 530 531
1 0 0 0 1 0 0 0 1
1 0 0 0 1 0 0 0 1
6 148 1317.1317169212962 16.67 3 3 532 533
1 0 0 0 1 0 0 0 1
1 0 0 0 1 0 0 0 1
136 55 879.7352484839048 16.67 3 3 534 535
1 0 0 0 1 0 0 0 1
1 0 0 0 1 0 0 0 1
136 33 838.5501628752118 16.67 3 3 536 537
1 0 0 0 1 0 0 0 1
1 0 0 0 1 0 0 0 1
136 150 1245.861210734741 16.67 3 3 538 539
1 0 0 0 1 0 0 0 1
1 0 0 0 1 0 0 0 1
137 138 107.1428229167367 16.67 3 3 540 541
1 0 0 0 1 0 0 0 1
1 0 0 0 1 0 0 0 1
138 139 59.74816523077848 16.67 3 3 542 543
1 0 0 0 1 0 0 0 1
1 0 0 0 1 0 0 0 1
139 140 231.72343922953866 16.67 3 3 544 545
1 0 0 0 1 0 0 0 1
1 0 0 0 1 0 0 0 1
87 88 216.63235665734243 16.67 3 3 546 547
1 0 0 0 1 0 0 0 1
1 0 0 0 1 0 0 0 1
141 142 1071.8600989378003 16.67 3 3 548 549
1 0 0 0 1 0 0 0 1
1 0 0 0 1 0 0 0 1
142 143 1152.1925147532131 16.67 3 3 550 551
1 0 0 0 1 0 0 0 1
1 0 0 0 1 0 0 0 1
147 192 213.4087858518219 16.67 3 3 552 553
1 0 0 0 1 0 0 0 1
1 0 0 0 1 0 0 0 1
149 150 544.5364841120161 16.67 3 3 554 555
1 0 0 0 1 0 0 0 1
1 0 0 0 1 0 0 0 1
149 20 415.173647537182 16.67 3 3 556 557
1 0 0 0 1 0 0 0 1
1 0 0 0 1 0 0 0 1
150 151 363.51763405751336 16.67 3 3 558 559
1 0 0 0 1 0 0 0 1
1 0 0 0 1 0 0 0 1
151 152 225.07697345236787 16.67 3 3 560 561
1 0 0 0 1 0 0 0 1
1 0 0 0 1 0 0 0 1
37 32 291.67622590038826 16.67 3 3 562 563
1 0 0 0 1 0 0 0 1
1 0 0 0 1 0 0 0 1
140
1 207 378 -1 77
4 -1 250 252 254
5 121 498 401 -1
6 532 479 -1 315
8 75 188 -1 190
10 202 204 206 208
11 -1 212 203 210
12 216 -1 214 213
14 226 209 79 228
15 -1 240 238 242
16 117 400 402 404
17 395 -1 398 265
18 -1 396 394 257
23 424 426 409 295
24 316 314 312 310
27 78 76 74 80
28 410 412 19 -1
30 416 65 414 -1
31 -1 62 64 55
34 21 69 -1 328
35 154 156 93 -1
36 157 -1 101 95
37 -1 57 417 562
38 52 54 -1 56
39 -1 66 53 68
41 100 -1 98 63
44 389 408 161 -1
47 420 422 -1 13
48 452 -1 187 113
50 239 211 227 520
54 428 387 223 -1
58 50 46 48 -1
59 40 -1 42 44
60 -1 60 45 58
61 37 -1 41 70
62 39 72 51 -1
64 298 191 300 -1
67 375 -1 173 347
69 339 359 -1 406
70 130 128 -1 132
71 136 59 -1 134
72 172 135 -1 129
73 303 321 -1 361
74 278 -1 276 131
75 292 137 -1 290
76 277 302 293 -1
77 -1 291 336 334
78 -1 360 349 358
79 376 -1 374 341
81 -1 371 365 392
85 194 -1 192 196
92 26 24 28 30
98 430 301 297 423
99 3 15 434 432
100 435 440 438 436
102 271 -1 275 283
103 -1 445 450 448
104 454 456 115 169
105 165 458 391 -1
106 311 299 431 460
107 253 462 -1 141
108 185 464 425 -1
109 465 468 466 -1
110 470 23 472 474
111 476 327 123 251
112 241 323 477 478
114 215 125 481 205
115 486 482 484 217
116 -1 405 453 488
117 399 490 -1 247
118 493 11 492 443
120 -1 494 317 496
121 467 27 -1 427
122 263 500 -1 397
124 504 502 455 501
127 393 369 506 383
128 508 510 357 351
131 419 139 518 516
133 433 -1 437 522
134 525 526 524 -1
135 529 528 530 527
136 538 475 534 536
138 541 517 542 87
139 543 544 -1 89
140 519 155 91 545
141 145 548 279 377
142 463 153 550 549
143 551 147 343 305
145 491 167 429 221
146 447 489 111 459
147 507 363 515 552
149 531 523 554 556
150 439 558 539 555
151 -1 560 471 559
152 441 7 411 561
153 4 8 6 2
154 10 12 5 14
155 18 16 20 22
156 32 34 38 36
157 82 84 -1 67
159 86 88 85 17
160 92 94 -1 90
161 104 106 102 -1
162 110 112 108 -1
163 114 118 116 120
164 124 122 -1 126
166 142 140 144 138
167 150 148 146 152
168 176 178 174 180
169 160 -1 158 162
170 168 170 164 166
171 186 -1 184 182
172 200 198 151 -1
173 220 222 218 224
174 232 197 230 201
175 193 234 236 231
176 244 246 248 149
178 260 262 256 258
179 -1 259 195 284
180 -1 266 270 268
181 272 274 261 -1
182 -1 282 273 280
183 286 269 281 288
184 109 183 294 -1
185 237 -1 245 199
186 127 255 143 296
187 304 308 306 33
188 -1 71 318 320
189 324 177 287 322
190 289 285 233 326
193 340 -1 133 338
194 348 346 -1 337
195 179 -1 350 352
196 181 353 354 -1
197 175 356 267 355
198 366 -1 362 364
199 370 367 -1 368
200 307 -1 331 35
201 380 382 384 325
202 390 -1 388 386
