227
1 3600 395
5
351 352 356 117 114
1 3600 395
7
321 318 115 116 357 353 346
1 3600 395
6
321 318 115 118 305 306
1 3600 395
8
566 355 356 117 118 145 146 376
1 3600 427
9
318 325 328 388 339 340 81 84 263
1 3600 427
11
400 325 328 379 359 354 567 561 33 30 546
1 3600 427
5
366 567 561 33 30
1 3600 427
15
143 144 119 116 331 328 89 39 34 171 172 462 103 104 548
1 3600 427
11
323 119 116 357 358 343 340 173 159 160 430
1 3600 427
11
304 119 114 325 328 89 86 511 512 171 174
1 3600 427
3
514 345 340
1 3600 427
3
171 174 505
1 3600 427
12
509 321 318 115 116 357 353 350 366 567 561 558
1 3600 427
5
38 86 339 342 380
1 3600 427
12
349 346 374 567 561 33 29 26 262 85 82 504
1 3600 427
13
509 321 318 325 328 388 511 514 345 340 462 155 156
1 3600 427
9
325 326 333 334 390 171 159 160 430
1 3600 427
10
38 88 379 359 354 567 561 33 29 26
1 3600 427
5
345 340 462 155 156
1 3600 427
7
512 171 159 154 103 104 548
1 3600 253
16
403 400 115 116 357 353 350 366 567 561 33 30 546 548 197 198
1 3600 632
12
37 34 171 172 462 167 168 288 524 473 470 520
1 3600 425
15
38 86 339 340 173 159 156 162 282 235 179 176 111 108 134
1 3600 425
7
307 304 119 116 331 326 137
1 3600 425
8
309 304 119 116 331 326 137 140
1 3600 425
9
383 384 331 328 89 39 34 391 392
1 3600 425
23
377 147 144 119 116 357 354 567 561 33 30 546 548 551 287 285 282 235 179 176 111 108 132
1 3600 425
18
119 114 325 328 379 343 340 462 167 168 285 282 235 179 176 111 108 132
1 3600 425
27
317 318 325 328 388 511 512 171 159 156 162 280 273 79 74 71 68 397 394 277 274 569 99 94 111 108 134
1 3600 425
16
561 33 30 546 548 551 287 288 257 252 235 179 176 111 108 132
1 3600 383
10
114 325 328 388 339 340 173 174 475 459
1 3600 383
7
34 171 174 505 506 534 538
1 3600 383
14
511 514 345 340 462 155 156 162 282 235 179 176 111 108
1 3600 383
23
317 318 115 116 357 353 346 374 567 561 33 29 26 262 546 105 106 444 427 422 461 415 410
1 3600 263
25
317 318 325 328 89 86 339 340 462 167 168 288 522 255 77 74 219 220 394 277 274 569 99 100 370
1 3600 632
24
116 357 353 350 366 567 561 33 30 546 548 551 287 288 524 473 203 204 206 49 50 54 61 64
1 3600 632
8
119 116 331 326 441 442 299 302
1 3600 632
19
328 388 511 512 171 159 156 162 280 273 225 217 214 397 394 277 274 229 230
1 3600 632
19
354 567 561 33 30 546 548 197 194 287 285 282 235 236 528 530 532 277 278
1 3600 158
11
559 560 566 375 347 352 358 378 329 324 401
1 3600 158
6
261 262 85 80 341 338
1 3600 158
7
559 560 566 355 356 117 118
1 3600 158
11
83 84 31 32 560 566 367 368 347 348 516
1 3600 158
8
463 341 344 515 510 389 329 324
1 3600 158
15
573 549 105 102 155 158 170 513 510 87 88 329 330 385 382
1 3600 100
4
463 81 84 263
1 3600 149
10
261 262 546 105 102 167 168 288 524 227
1 3600 149
7
262 546 548 551 287 288 524
1 3600 149
11
573 197 194 287 285 280 273 225 222 226 562
1 3600 149
5
168 288 524 473 203
1 3600 149
10
261 262 85 80 173 159 156 164 168 288
1 3600 351
29
559 33 30 546 105 106 431 161 156 162 282 253 77 74 219 220 394 487 485 123 124 187 184 190 466 239 244 246 480
1 3600 124
9
30 85 82 504 175 170 391 335 332
1 3600 167
4
549 105 106 444
1 3600 167
11
573 549 547 85 82 506 534 538 542 425 426
1 3600 167
3
475 459 460
1 3600 167
10
33 29 26 262 85 82 506 534 538 542
1 3600 147
9
33 30 546 548 551 287 285 280 255
1 3600 147
7
431 161 156 162 280 273 225
1 3600 316
12
102 167 168 288 524 473 203 204 93 47 52 186
1 3600 632
7
431 428 432 474 505 506 536
1 3600 632
11
162 282 235 236 528 530 532 277 274 229 230
1 3600 632
18
26 262 546 548 551 287 288 257 77 74 71 68 397 394 487 488 492 291
1 3600 234
15
563 525 289 286 550 549 547 31 32 560 566 367 351 348 516
1 3600 84
12
223 224 272 281 163 157 154 103 104 547 263 260
1 3600 84
4
289 169 166 463
1 3600 84
8
286 195 196 549 547 31 32 558
1 3600 119
3
223 224 270
1 3600 85
10
202 472 525 289 286 195 200 407 267 264
1 3600 85
7
202 472 525 289 286 195 200
1 3600 451
17
223 217 218 527 237 234 283 163 157 158 170 391 335 332 137 138 301
1 3600 102
8
553 287 169 165 157 160 428 434
1 3600 67
11
199 194 287 285 282 235 179 180 73 68 397
1 3600 67
7
199 194 287 285 282 235 179
1 3600 93
3
204 206 49
1 3600 632
7
199 196 549 105 106 444 576
1 3600 632
12
204 206 211 121 122 484 486 277 274 569 99 96
1 3600 632
13
288 522 273 79 74 219 220 394 487 488 492 291 292
1 3600 632
12
266 406 201 194 550 549 547 263 27 28 32 560
1 3600 275
6
269 266 406 201 196 572
1 3600 145
6
201 194 287 288 524 227
1 3600 145
5
555 201 194 287 288
1 3600 145
3
521 471 203
1 3600 145
8
557 201 194 287 288 524 473 468
1 3600 186
21
201 194 287 285 282 235 236 528 530 532 487 485 483 213 183 53 46 90 258 496 41
1 3600 632
14
265 266 406 201 194 287 285 282 235 179 176 111 108 134
1 3600 421
10
406 201 194 287 285 282 235 179 176 127
1 3600 89
7
409 406 201 194 287 285 282
1 3600 139
3
45 40 63
1 3600 139
11
555 201 194 287 288 524 473 470 481 247 245
1 3600 139
20
266 406 201 194 287 288 257 77 74 219 220 394 487 485 123 124 192 189 59 56
1 3600 632
12
201 196 549 547 85 80 173 170 391 392 299 302
1 3600 632
13
265 266 406 201 194 287 285 282 235 179 176 95 96
1 3600 632
6
481 247 248 457 295 293
1 3600 141
9
141 136 327 328 379 359 353 346 369
1 3600 141
6
298 393 390 513 514 345
1 3600 141
6
139 136 333 334 390 35
1 3600 110
7
334 390 171 172 81 84 546
1 3600 451
10
390 171 159 156 162 280 273 225 222 226
1 3600 632
12
131 126 177 178 234 283 284 286 195 200 407 267
1 3600 137
12
390 171 159 156 162 282 235 179 176 111 108 134
1 3600 142
11
441 442 393 390 171 174 505 506 534 417 411
1 3600 142
10
141 136 333 334 390 171 159 160 430 444
1 3600 142
14
129 126 177 178 234 283 163 157 158 174 475 459 415 410
1 3600 142
15
141 136 327 328 89 86 339 340 462 155 160 430 444 427 424
1 3600 142
16
133 109 110 177 178 234 283 284 169 165 157 158 174 475 459 415
1 3600 180
12
135 109 110 95 98 568 275 276 487 485 483 213
1 3600 632
16
334 390 171 159 156 164 168 288 524 473 203 204 93 90 57 58
1 3600 316
8
393 390 171 159 160 430 444 576
1 3600 632
12
390 171 159 156 162 282 235 179 176 95 98 570
1 3600 632
21
141 136 327 328 379 343 340 462 167 168 288 522 255 77 74 71 68 397 394 277 278
1 3600 97
13
539 535 507 504 175 172 341 338 389 329 330 385 382
1 3600 85
5
426 445 107 104 548
1 3600 85
6
507 504 175 159 156 164
1 3600 110
19
545 425 422 421 413 414 458 433 429 161 156 162 280 273 225 222 226 473 468
1 3600 527
8
445 107 104 548 197 200 407 408
1 3600 97
10
461 458 474 175 170 391 335 332 137 140
1 3600 97
8
435 429 161 158 170 391 335 336
1 3600 97
5
474 175 170 391 335
1 3600 95
4
435 432 459 460
1 3600 116
15
445 431 161 156 162 280 273 225 217 220 394 487 485 123 120
1 3600 116
18
507 504 175 159 154 167 168 288 257 77 74 219 214 397 394 487 488 492
1 3600 116
11
507 504 175 159 156 162 282 235 179 176 95
1 3600 116
20
545 543 539 535 507 83 80 462 167 168 285 282 235 236 528 530 532 487 488 492
1 3600 116
15
542 425 426 445 431 161 156 162 280 273 79 74 71 68 397
1 3600 116
11
535 507 504 175 159 156 162 282 235 179 180
1 3600 197
14
458 433 429 161 156 164 168 288 524 473 203 204 208 259
1 3600 124
23
109 110 177 178 234 283 284 169 166 463 341 344 515 510 87 88 329 326 137 140 436 301 296
1 3600 451
17
543 539 535 507 83 80 462 167 168 285 282 235 179 176 95 98 570
1 3600 632
24
411 414 458 474 175 159 156 164 168 288 524 473 203 204 93 47 50 58 188 250 5 6 455 295
1 3600 301
15
224 272 281 163 157 154 463 341 342 378 329 330 117 118 322
1 3600 173
6
272 523 289 169 166 103
1 3600 173
13
98 568 275 276 395 396 69 70 75 76 256 289 169
1 3600 168
6
77 78 225 222 226 562
1 3600 168
10
373 101 94 177 178 234 283 284 286 552
1 3600 168
6
526 219 216 222 226 473
1 3600 168
4
215 216 222 226
1 3600 131
11
75 76 254 523 289 286 195 200 407 267 264
1 3600 243
5
371 101 94 127 130
1 3600 201
16
276 395 221 218 75 76 254 281 163 157 158 174 505 506 534 538
1 3600 201
4
373 101 94 127
1 3600 201
12
531 529 237 234 283 163 157 158 174 505 506 534
1 3600 201
9
224 272 281 163 157 158 174 505 506
1 3600 201
11
75 76 256 289 169 165 157 160 428 432 459
1 3600 201
5
371 101 94 111 108
1 3600 201
11
531 181 178 234 283 163 157 158 174 475 459
1 3600 201
14
205 202 472 525 289 169 166 155 160 430 444 427 424 544
1 3600 201
8
486 277 274 569 99 94 111 108
1 3600 191
5
220 394 487 485 483
1 3600 191
8
371 101 98 568 275 276 395 396
1 3600 191
4
486 395 396 69
1 3600 204
12
217 214 397 394 487 488 492 499 500 7 8 249
1 3600 204
10
74 219 220 394 487 488 492 499 447 450
1 3600 204
8
124 13 14 16 20 450 455 452
1 3600 204
7
394 487 485 123 124 192 250
1 3600 204
6
208 494 61 66 239 242
1 3600 204
10
532 487 485 483 213 183 184 190 466 67
1 3600 204
7
206 49 52 184 188 250 449
1 3600 204
11
235 236 528 530 532 487 485 123 124 13 14
1 3600 204
10
371 101 98 568 275 276 487 485 123 124
1 3600 204
5
483 213 210 207 93
1 3600 253
14
101 94 177 178 234 283 163 157 158 170 391 392 299 302
1 3600 170
5
489 486 277 274 229
1 3600 234
7
397 394 487 488 492 291 292
1 3600 632
21
467 464 495 209 205 202 472 525 289 286 550 549 547 31 32 560 566 375 347 352 358
1 3600 332
22
238 3 4 251 189 185 182 212 482 484 486 395 221 218 75 78 272 281 284 286 550 549
1 3600 210
14
2 67 60 55 51 48 207 205 202 472 525 289 286 552
1 3600 210
7
187 53 46 92 205 202 468
1 3600 248
21
465 191 185 186 125 122 484 486 533 531 529 237 234 283 284 286 195 200 407 267 268
1 3600 248
20
20 446 498 493 489 486 395 396 69 72 181 178 234 283 284 286 195 200 407 408
1 3600 248
10
479 480 471 472 525 289 286 195 200 556
1 3600 248
6
456 243 244 246 480 520
1 3600 632
19
67 62 497 259 91 92 205 202 472 525 289 169 166 463 173 170 391 392 443
1 3600 204
21
248 9 6 501 498 493 489 486 395 221 218 75 78 272 281 163 157 160 428 432 459
1 3600 241
7
125 122 484 486 395 396 69
1 3600 241
13
476 497 494 55 51 48 211 212 482 484 486 395 221
1 3600 241
15
63 66 3 4 251 193 125 122 484 486 277 274 569 99 94
1 3600 241
10
454 451 446 498 493 489 486 395 221 216
1 3600 241
6
17 15 12 187 182 212
1 3600 241
16
9 2 467 191 185 182 212 482 484 486 277 274 569 99 100 372
1 3600 241
15
245 242 457 454 501 498 493 489 486 277 274 569 99 100 370
1 3600 241
5
191 188 19 15 10
1 3600 241
13
63 60 55 51 48 211 212 482 484 486 533 531 529
1 3600 241
7
497 259 91 47 52 186 125
1 3600 241
8
191 188 193 125 122 484 486 395
1 3600 241
6
191 185 182 121 122 484
1 3600 241
5
480 471 472 227 223
1 3600 249
5
192 250 5 8 249
1 3600 249
6
90 57 54 465 466 3
1 3600 249
3
2 467 464
1 3600 632
18
12 125 120 210 207 205 202 472 525 289 169 165 157 158 174 505 506 536
1 3600 421
9
446 498 493 489 486 277 274 569 570
1 3600 221
7
188 19 16 20 450 455 295
1 3600 221
8
251 193 125 122 484 486 277 278
1 3600 632
8
537 507 83 84 31 32 560 564
1 3600 632
7
303 298 393 390 171 159 156
1 3600 632
17
297 300 139 136 327 328 388 511 514 345 340 462 167 168 288 524 227
1 3600 632
19
297 298 443 440 327 328 89 86 339 340 462 167 168 288 524 473 470 43 44
1 3600 204
12
577 445 431 161 156 162 282 235 179 176 127 128
1 3600 68
11
577 445 431 161 156 162 282 235 179 176 111
1 3600 121
9
577 445 431 161 156 162 280 273 79
1 3600 527
14
113 110 95 98 568 275 276 487 488 492 499 500 7 2
1 3600 486
9
303 298 393 390 171 174 505 506 536
1 3600 197
30
303 300 437 141 136 327 330 357 354 567 561 33 30 546 548 551 287 288 522 255 77 74 71 68 397 394 277 274 229 230
1 3600 632
17
537 507 504 175 159 156 162 280 273 225 217 220 394 487 488 492 291
1 3600 632
16
97 94 177 178 234 283 284 169 166 463 341 342 359 353 348 516
1 3600 632
12
571 99 94 177 178 234 283 163 157 154 463 81
1 3600 632
9
97 94 177 180 73 70 75 78 270
1 3600 632
13
571 99 94 177 178 234 283 284 286 195 200 407 408
1 3600 632
14
571 99 94 177 178 234 283 163 157 158 170 391 392 299
1 3600 197
22
228 275 276 395 396 215 218 75 76 256 289 169 166 463 81 82 506 534 417 418 420 540
1 3600 64
9
231 228 275 276 395 396 69 70 75
1 3600 180
13
571 568 275 276 487 485 123 120 183 53 50 56 258
1 3600 158
22
228 275 276 395 221 216 224 272 523 289 169 166 463 341 338 389 329 326 137 138 301 302
1 3600 632
3
571 568 229
1 3600 147
5
97 98 568 229 232
1 3600 632
18
290 493 489 486 533 531 529 237 234 283 163 157 158 172 341 344 515 510
1 3600 632
14
290 493 489 486 395 396 215 218 75 76 254 281 163 157
1 3600 632
14
233 228 275 276 533 531 529 237 234 283 284 286 195 198
1 3600 632
17
294 456 243 240 65 60 495 209 205 202 472 525 289 286 195 200 554
1 3600 632
11
290 493 489 486 533 531 181 176 111 108 132
1 3600 575
16
293 290 493 489 486 395 221 216 224 272 281 163 157 158 174 475
1 3600 117
9
233 228 275 276 395 396 69 72 181
1 3600 60
9
491 489 485 483 213 183 184 59 56
1 3600 632
17
279 276 395 221 218 75 76 256 289 169 165 157 158 174 505 506 536
1 3600 191
7
491 489 486 277 274 569 570
1 3600 451
7
233 228 275 276 487 488 490
