167
1 3600 247
4
491 449 446 502
1 3600 82
7
503 501 281 278 221 218 253
1 3600 82
10
447 448 3 4 385 382 205 208 285 282
1 3600 421
10
505 447 444 281 278 508 483 480 305 306
1 3600 116
4
3 8 23 18
1 3600 116
10
505 447 448 395 398 131 132 507 403 404
1 3600 131
11
281 278 221 222 209 204 383 273 274 349 350
1 3600 421
11
448 3 4 13 14 267 264 361 147 150 139
1 3600 421
12
491 395 398 463 458 435 393 295 292 55 45 46
1 3600 421
12
447 448 3 8 135 125 122 403 406 415 25 28
1 3600 421
21
503 501 281 278 221 215 212 254 201 202 367 195 192 266 430 91 92 100 188 297 302
1 3600 266
9
493 494 175 170 272 384 5 2 490
1 3600 266
5
208 223 220 279 280
1 3600 266
9
199 200 255 252 219 220 279 280 500
1 3600 266
8
239 211 214 220 279 280 445 450
1 3600 266
9
364 337 338 384 19 22 9 2 449
1 3600 240
5
456 221 215 210 240
1 3600 240
7
455 452 475 478 375 376 271
1 3600 265
9
366 203 198 208 173 168 374 479 476
1 3600 265
9
364 383 273 171 174 495 475 476 496
1 3600 265
7
198 206 338 273 270 377 374
1 3600 265
4
452 475 471 309
1 3600 265
7
510 367 195 196 275 270 380
1 3600 265
6
200 255 256 284 173 168
1 3600 227
19
278 508 175 170 274 197 190 265 266 291 288 372 422 432 41 38 53 54 387
1 3600 227
7
203 198 204 383 384 19 20
1 3600 262
6
168 376 261 262 345 340
1 3600 262
13
508 483 375 378 484 145 121 118 137 140 159 154 229
1 3600 262
12
277 278 221 218 283 284 209 206 338 384 5 6
1 3600 262
11
310 358 510 367 195 192 266 291 288 372 424
1 3600 262
11
456 221 222 209 206 336 383 273 274 349 345
1 3600 262
15
243 240 201 202 367 195 190 265 268 409 95 81 82 352 356
1 3600 200
5
273 270 261 251 155
1 3600 421
22
510 367 195 196 349 345 313 153 148 229 230 327 324 95 81 76 85 88 57 58 111 108
1 3600 421
29
239 211 212 256 284 173 168 378 249 143 121 118 137 140 182 105 102 226 346 420 269 266 291 286 83 80 92 100 188
1 3600 421
15
452 494 483 480 489 145 121 118 137 140 181 176 321 319 314
1 3600 421
7
169 174 509 279 280 500 502
1 3600 265
5
481 482 495 453 454
1 3600 265
10
380 245 248 484 488 305 308 470 474 492
1 3600 265
3
499 481 482
1 3600 265
9
248 379 169 172 285 257 254 241 242
1 3600 265
5
271 272 339 336 365
1 3600 265
9
487 485 379 169 172 285 257 213 210
1 3600 265
13
489 485 249 244 381 271 272 339 207 199 202 511 359
1 3600 182
3
307 304 498
1 3600 421
16
499 489 145 142 244 381 261 251 229 230 420 269 266 15 12 19
1 3600 240
15
244 117 118 137 138 151 146 360 265 266 291 11 16 415 25
1 3600 240
20
121 118 137 138 157 107 102 226 321 322 324 95 90 355 287 288 372 424 419 414
1 3600 287
10
478 375 376 261 258 137 140 182 179 161
1 3600 287
10
304 489 145 121 118 137 140 181 161 166
1 3600 287
5
375 376 261 251 155
1 3600 421
16
307 304 481 482 175 170 272 384 13 16 415 416 469 466 433 69
1 3600 421
6
271 274 197 192 266 430
1 3600 421
12
304 489 485 249 244 381 261 251 229 230 327 324
1 3600 233
5
465 462 399 394 490
1 3600 233
8
127 124 130 399 394 449 446 502
1 3600 233
6
134 9 2 449 446 502
1 3600 233
6
131 132 21 18 385 273
1 3600 233
16
507 403 400 442 417 418 425 373 289 290 267 193 194 366 203 200
1 3600 421
24
469 31 32 42 56 89 84 77 80 94 325 323 320 227 103 104 183 141 136 119 120 144 488 305
1 3600 215
8
443 401 402 506 133 130 399 396
1 3600 215
6
19 20 507 403 400 442
1 3600 254
11
20 507 123 126 386 55 52 39 40 433 423
1 3600 254
5
406 17 10 290 267
1 3600 254
11
506 21 18 13 14 267 268 421 231 228 250
1 3600 254
17
507 403 400 185 63 35 30 27 28 423 373 289 290 267 264 361 341
1 3600 254
20
129 126 386 55 52 75 70 369 370 410 412 79 80 94 325 326 231 228 149 152
1 3600 254
8
124 134 23 18 385 273 274 349
1 3600 254
6
363 135 125 122 403 406
1 3600 254
8
398 131 132 507 403 400 442 417
1 3600 254
11
458 435 393 295 292 55 50 65 35 30 27
1 3600 421
21
404 329 51 45 46 73 61 56 89 84 77 80 94 408 421 347 177 180 141 136 119
1 3600 237
3
390 392 438
1 3600 237
7
8 135 125 126 386 55 45
1 3600 237
3
35 36 39
1 3600 237
5
130 463 458 435 438
1 3600 150
12
122 403 406 415 418 425 373 357 113 114 411 99
1 3600 421
13
363 9 4 13 10 286 354 91 92 100 188 297 300
1 3600 182
11
264 191 196 275 171 174 509 279 280 445 446
1 3600 187
3
12 385 382
1 3600 187
8
373 289 290 267 193 196 275 171
1 3600 187
7
152 312 344 348 197 194 364
1 3600 187
18
418 425 373 357 353 354 431 267 264 361 341 344 263 260 377 374 479 474
1 3600 150
8
344 263 260 380 245 143 144 486
1 3600 204
6
427 419 414 407 402 123
1 3600 204
11
372 422 432 41 38 53 54 293 294 391 388
1 3600 204
22
190 265 268 409 95 81 78 413 411 371 368 71 72 47 44 54 293 294 392 434 459 460
1 3600 204
4
416 443 185 186
1 3600 204
5
275 272 384 19 22
1 3600 204
3
415 416 443
1 3600 204
7
340 360 265 266 15 12 19
1 3600 195
5
229 230 420 269 266
1 3600 195
7
349 345 313 153 148 229 230
1 3600 208
5
190 361 147 150 157
1 3600 208
4
225 103 106 156
1 3600 208
13
427 425 373 357 353 83 80 94 317 318 320 177 178
1 3600 208
4
196 349 263 258
1 3600 135
9
7 8 135 125 126 390 295 235 236
1 3600 182
5
327 324 95 81 76
1 3600 182
6
420 409 95 81 76 85
1 3600 182
4
230 327 324 95
1 3600 221
9
429 425 373 357 113 77 80 94 325
1 3600 421
9
116 381 377 169 172 223 220 279 280
1 3600 150
13
165 160 180 141 136 259 262 348 275 272 382 205 208
1 3600 172
8
178 183 141 136 119 120 142 246
1 3600 172
5
159 154 250 260 377
1 3600 350
15
102 226 346 420 269 266 291 288 372 422 29 26 31 34 62
1 3600 184
13
160 176 321 319 316 95 81 76 85 88 67 68 29
1 3600 184
10
224 230 420 269 266 291 11 12 5 6
1 3600 184
4
259 262 348 197
1 3600 184
11
156 151 146 360 265 266 291 288 372 422 29
1 3600 184
9
138 151 146 360 265 266 291 288 372
1 3600 262
4
180 141 136 119
1 3600 421
16
321 322 324 95 81 78 413 411 371 368 59 60 72 47 44 54
1 3600 200
8
102 226 321 322 324 95 81 78
1 3600 127
13
179 176 346 420 269 266 430 91 92 100 188 297 302
1 3600 421
8
434 459 462 399 394 449 446 502
1 3600 421
12
55 50 328 405 402 506 21 18 385 339 207 208
1 3600 421
18
56 89 84 112 353 354 431 267 268 421 231 228 250 260 377 374 479 476
1 3600 358
7
237 232 387 127 124 134 9
1 3600 358
10
73 74 37 34 62 184 401 402 123 128
1 3600 358
11
41 38 53 54 233 234 294 392 434 459 464
1 3600 358
7
73 61 43 33 34 62 184
1 3600 358
9
40 467 468 443 401 402 506 133 134
1 3600 358
4
391 127 124 134
1 3600 358
4
437 393 391 127
1 3600 341
11
232 55 52 75 70 369 370 99 93 94 408
1 3600 341
19
473 435 393 295 292 55 52 39 40 433 423 373 289 290 267 264 361 341 342
1 3600 341
13
109 110 71 74 37 30 27 24 414 17 12 5 6
1 3600 421
11
66 89 84 77 80 94 325 326 347 177 161
1 3600 324
10
60 72 47 44 54 293 294 392 434 472
1 3600 324
3
42 60 72
1 3600 330
10
42 58 369 370 410 412 79 82 354 440
1 3600 330
12
232 55 45 46 73 61 56 89 84 112 353 354
1 3600 330
3
110 369 370
1 3600 330
8
75 61 56 89 86 370 99 100
1 3600 330
6
67 68 423 373 289 286
1 3600 330
8
237 232 55 45 46 73 70 369
1 3600 330
8
51 52 75 61 56 89 84 114
1 3600 421
12
65 35 32 42 58 369 370 99 100 188 297 302
1 3600 421
8
441 355 287 11 12 5 2 490
1 3600 421
16
410 115 112 356 289 290 267 193 194 366 511 243 211 214 220 279
1 3600 421
17
84 77 80 94 325 323 320 227 103 106 158 141 136 119 120 142 248
1 3600 127
5
85 88 57 43 33
1 3600 197
10
189 101 93 90 431 267 264 361 341 342
1 3600 197
9
97 93 90 355 287 290 267 264 191
1 3600 197
6
115 112 356 372 424 426
1 3600 197
8
441 431 267 268 421 231 228 250
1 3600 221
9
77 80 94 325 326 347 177 161 162
1 3600 182
11
189 101 98 371 87 88 57 60 74 53 50
1 3600 182
10
88 57 60 72 47 44 54 293 294 392
1 3600 182
11
352 356 372 422 432 41 38 53 54 233 236
1 3600 182
7
98 371 368 59 43 38 53
1 3600 175
5
189 101 98 371 87
1 3600 147
8
353 83 80 92 100 188 297 302
1 3600 147
4
80 94 317 318
1 3600 421
17
315 316 408 269 193 194 364 205 208 285 282 219 220 279 280 500 502
1 3600 421
10
408 421 231 228 149 152 312 344 348 275
1 3600 421
12
320 227 103 106 156 139 136 119 120 144 485 379
1 3600 421
10
324 95 81 82 352 356 372 424 419 416
1 3600 144
10
315 316 408 269 266 291 288 372 424 426
1 3600 113
8
326 231 225 103 104 183 141 136
1 3600 421
9
303 296 189 101 98 371 368 71 72
1 3600 177
6
296 189 101 93 81 76
1 3600 177
5
322 324 95 90 355
1 3600 177
5
316 95 81 82 352
1 3600 324
8
299 296 189 101 93 94 317 314
