178
28.965328 118.86207 1 0
28.975204 118.830765 2 0
28.986866 118.83502 3 0
28.962492 118.86106 4 0
28.965378 118.86416 5 1
28.96657 118.869514 6 1
28.962202 118.86336 7 1
28.967457 118.864365 8 1
28.98457 118.83065 9 0
28.952377 118.86198 10 1
28.942423 118.85368 11 0
28.936405 118.86164 12 0
28.939695 118.828896 13 0
28.936565 118.838684 14 0
28.954107 118.857994 15 1
28.971804 118.858116 16 0
28.950909 118.879036 17 0
28.9596 118.84181 18 1
28.975271 118.84841 19 1
28.977917 118.84845 20 1
28.982075 118.84453 21 0
28.976614 118.84101 22 1
28.988832 118.86081 23 0
28.966105 118.833984 24 0
28.963047 118.8401 25 1
28.956861 118.833336 26 0
28.98868 118.865265 27 0
28.987799 118.849724 28 1
28.9746 118.855995 29 1
28.982 118.87643 30 1
28.977182 118.874146 31 1
28.97831 118.87111 32 1
28.958094 118.83786 33 0
28.955158 118.87362 34 0
28.94896 118.8788 35 0
28.95299 118.830864 36 0
28.971058 118.87138 37 1
28.97305 118.872246 38 1
28.93841 118.8793 39 0
28.976332 118.87888 40 0
28.957764 118.8494 41 0
28.988472 118.83618 42 1
28.976954 118.82948 43 0
28.937098 118.833145 44 0
28.979017 118.837006 45 1
28.946285 118.85691 46 1
28.966965 118.8672 47 1
28.972862 118.868065 48 1
28.972248 118.87191 49 1
28.944038 118.85517 50 1
28.945503 118.858475 51 1
28.939241 118.85583 52 0
28.968422 118.82943 53 0
28.968332 118.82947 54 0
28.975973 118.87868 55 0
28.97748 118.87935 56 0
28.989172 118.87892 57 0
28.991127 118.84825 58 0
28.948889 118.86557 59 1
28.954683 118.86404 60 1
28.974625 118.865845 61 1
28.967865 118.86216 62 1
28.945581 118.861176 63 1
28.990475 118.84046 64 0
28.986305 118.83061 65 0
28.991192 118.8597 66 0
28.977907 118.862495 67 0
28.977991 118.8597 68 1
28.978107 118.85587 69 1
28.96532 118.867195 70 0
28.97387 118.86869 71 1
28.984509 118.86008 72 0
28.987642 118.828835 73 0
28.984575 118.83051 74 0
28.942417 118.852875 75 0
28.943851 118.87834 76 0
28.9497687 118.8695513 77 1
28.9551 118.8690453 78 1
28.9542838 118.8623898 79 1
28.9751679 118.8341311 80 1
28.9790105 118.834353 81 1
28.9787413 118.8387083 82 1
28.9585113 118.8369773 83 1
28.9857958 118.844109 84 1
28.9694872 118.844335 85 1
28.9713132 118.8383693 86 1
28.9791247 118.8688653 87 1
28.9889062 118.8535394 88 1
28.986424 118.85405 89 1
28.972863 118.8504472 90 1
28.958335 118.861365 91 1
28.9753273 118.8538105 92 1
28.9728256 118.853728 93 1
28.973881 118.859562 94 1
28.9771258 118.850393 95 1
28.9791756 118.8303255 96 1
28.9779395 118.859915 97 1
28.9728677 118.844705 98 1
28.9410939 118.8392551 99 1
28.9525785 118.861815 100 1
28.9379982 118.8613396 101 1
28.9691708 118.8316784 102 1
28.9409915 118.87934 103 0
28.977211 118.830275 104 1
28.9386538 118.8725914 105 1
28.9451595 118.8706882 106 1
28.9612973 118.8355625 107 1
28.951013 118.873415 108 1
28.9630433 118.8749502 109 1
28.9509478 118.8751613 110 1
28.9550717 118.838641 111 1
28.9389085 118.8666175 112 1
28.936477 118.873228 113 0
28.9475589 118.8758789 114 1
28.9371605 118.86635 115 0
28.941091 118.846235 116 1
28.939023 118.83894 117 1
28.9660357 118.8443873 118 1
28.939924 118.8612367 119 1
28.9477725 118.86141 120 1
28.9449715 118.853825 121 1
28.9706645 118.8505325 122 1
28.9595894 118.8479706 123 1
28.9642769 118.8445343 124 1
28.9518537 118.8572767 125 1
28.9429692 118.8671312 126 1
28.9550565 118.8707938 127 1
28.972836 118.8483783 128 1
28.956697 118.84316 129 1
28.9646858 118.8536625 130 1
28.9716057 118.8582342 131 0
28.961428 118.84574 132 1
28.975284 118.8504525 133 1
28.975289 118.844817 134 1
28.9784753 118.845107 135 1
28.9818907 118.8419217 136 1
28.9789687 118.841895 137 1
28.982113 118.845225 138 1
28.9749544 118.841702 139 1
28.9782905 118.848275 140 0
28.9821028 118.8449972 141 1
28.9813125 118.859875 142 1
28.982401 118.85051 143 1
28.9823897 118.8482575 144 1
28.9813115 118.86008 145 1
28.9889463 118.8603994 146 1
28.9896072 118.840885 147 0
28.981923 118.85558 148 1
28.9576523 118.8757707 149 1
28.9664848 118.8376885 150 1
28.988982 118.878698 151 0
28.9661217 118.8748667 152 1
28.9541022 118.875404 153 1
28.9697315 118.870775 154 1
28.9755683 118.8782871 155 1
28.971773 118.8761413 156 1
28.9680948 118.8749992 157 1
28.9725823 118.8423633 158 1
28.9752075 118.879215 159 0
28.9593438 118.8595337 160 1
28.9514405 118.85893 161 1
28.9509977 118.8614167 162 1
28.9427805 118.85738 163 1
28.9426725 118.861205 164 1
28.987111 118.8381813 165 0
28.9812782 118.838816 166 1
28.954128 118.873435 167 1
28.9695717 118.87534 168 1
28.971136 118.8672497 169 1
28.962144 118.8679045 170 1
28.972112 118.8647665 171 1
28.9399515 118.86104 172 1
28.9478115 118.86123 173 1
28.973917 118.8593 174 1
28.978628 118.844905 175 1
28.98901 118.875585 176 1
28.9911993 118.8753733 177 0
28.94366 118.8778925 178 1
255
129 111 526.8168697091235 16.67 3 3 2 3
1 0 0 0 1 0 0 0 1
1 0 0 0 1 0 0 0 1
129 123 604.4598812480285 16.67 3 3 4 5
1 0 0 0 1 0 0 0 1
1 0 0 0 1 0 0 0 1
129 41 701.6227081657154 16.67 3 3 6 7
1 0 0 0 1 0 0 0 1
1 0 0 0 1 0 0 0 1
129 18 319.87723939417396 16.67 3 3 8 9
1 0 0 0 1 0 0 0 1
1 0 0 0 1 0 0 0 1
130 174 1095.2783544511212 16.67 3 3 10 11
1 0 0 0 1 0 0 0 1
1 0 0 0 1 0 0 0 1
130 123 804.0421039404554 16.67 3 3 12 13
1 0 0 0 1 0 0 0 1
1 0 0 0 1 0 0 0 1
130 94 1109.384358641354 16.67 3 3 14 15
1 0 0 0 1 0 0 0 1
1 0 0 0 1 0 0 0 1
130 122 677.8653863413825 16.67 3 3 16 17
1 0 0 0 1 0 0 0 1
1 0 0 0 1 0 0 0 1
132 123 305.82337488128843 16.67 3 3 18 19
1 0 0 0 1 0 0 0 1
1 0 0 0 1 0 0 0 1
132 124 307.90915947445404 16.67 3 3 20 21
1 0 0 0 1 0 0 0 1
1 0 0 0 1 0 0 0 1
132 18 471.8283229507048 16.67 3 3 22 23
1 0 0 0 1 0 0 0 1
1 0 0 0 1 0 0 0 1
133 90 235.521719450196 16.67 3 3 24 25
1 0 0 0 1 0 0 0 1
1 0 0 0 1 0 0 0 1
133 19 227.13316833638342 16.67 3 3 26 27
1 0 0 0 1 0 0 0 1
1 0 0 0 1 0 0 0 1
133 95 179.29707051119098 16.67 3 3 28 29
1 0 0 0 1 0 0 0 1
1 0 0 0 1 0 0 0 1
134 19 399.55185352965486 16.67 3 3 30 31
1 0 0 0 1 0 0 0 1
1 0 0 0 1 0 0 0 1
134 135 311.6442864939056 16.67 3 3 32 33
1 0 0 0 1 0 0 0 1
1 0 0 0 1 0 0 0 1
134 139 347.9196032289402 16.67 3 3 34 35
1 0 0 0 1 0 0 0 1
1 0 0 0 1 0 0 0 1
134 175 324.9736901383502 16.67 3 3 36 37
1 0 0 0 1 0 0 0 1
1 0 0 0 1 0 0 0 1
135 175 26.93017352614178 16.67 3 3 38 39
1 0 0 0 1 0 0 0 1
1 0 0 0 1 0 0 0 1
135 20 375.69396771529154 16.67 3 3 40 41
1 0 0 0 1 0 0 0 1
1 0 0 0 1 0 0 0 1
135 138 354.1169073202919 16.67 3 3 42 43
1 0 0 0 1 0 0 0 1
1 0 0 0 1 0 0 0 1
136 137 284.2568790684641 16.67 3 3 44 45
1 0 0 0 1 0 0 0 1
1 0 0 0 1 0 0 0 1
136 21 290.6011608092836 16.67 3 3 46 47
1 0 0 0 1 0 0 0 1
1 0 0 0 1 0 0 0 1
136 165 656.4129155348272 16.67 3 3 48 49
1 0 0 0 1 0 0 0 1
1 0 0 0 1 0 0 0 1
137 22 249.3092207004854 16.67 3 3 50 51
1 0 0 0 1 0 0 0 1
1 0 0 0 1 0 0 0 1
137 175 336.3542448444091 16.67 3 3 52 53
1 0 0 0 1 0 0 0 1
1 0 0 0 1 0 0 0 1
137 82 355.0565164916537 16.67 3 3 54 55
1 0 0 0 1 0 0 0 1
1 0 0 0 1 0 0 0 1
138 144 338.2919170619268 16.67 3 3 56 57
1 0 0 0 1 0 0 0 1
1 0 0 0 1 0 0 0 1
138 84 379.13458686135976 16.67 3 3 58 59
1 0 0 0 1 0 0 0 1
1 0 0 0 1 0 0 0 1
138 141 25.351191340404363 16.67 3 3 60 61
1 0 0 0 1 0 0 0 1
1 0 0 0 1 0 0 0 1
139 158 242.19847402259532 16.67 3 3 62 63
1 0 0 0 1 0 0 0 1
1 0 0 0 1 0 0 0 1
139 22 178.85146273741267 16.67 3 3 64 65
1 0 0 0 1 0 0 0 1
1 0 0 0 1 0 0 0 1
140 144 398.77366839038456 16.67 3 3 66 67
1 0 0 0 1 0 0 0 1
1 0 0 0 1 0 0 0 1
140 95 261.3608074492019 16.67 3 3 68 69
1 0 0 0 1 0 0 0 1
1 0 0 0 1 0 0 0 1
141 84 372.5711450508002 16.67 3 3 70 71
1 0 0 0 1 0 0 0 1
1 0 0 0 1 0 0 0 1
141 21 52.0238080262317 16.67 3 3 72 73
1 0 0 0 1 0 0 0 1
1 0 0 0 1 0 0 0 1
141 175 338.1704828303645 16.67 3 3 74 75
1 0 0 0 1 0 0 0 1
1 0 0 0 1 0 0 0 1
142 148 481.289709621618 16.67 3 3 76 77
1 0 0 0 1 0 0 0 1
1 0 0 0 1 0 0 0 1
142 72 311.7799730488193 16.67 3 3 78 79
1 0 0 0 1 0 0 0 1
1 0 0 0 1 0 0 0 1
142 145 22.796573635351344 16.67 3 3 80 81
1 0 0 0 1 0 0 0 1
1 0 0 0 1 0 0 0 1
142 68 323.6905711871676 16.67 3 3 82 83
1 0 0 0 1 0 0 0 1
1 0 0 0 1 0 0 0 1
143 148 565.7072187580559 16.67 3 3 84 85
1 0 0 0 1 0 0 0 1
1 0 0 0 1 0 0 0 1
143 28 532.3196791615272 16.67 3 3 86 87
1 0 0 0 1 0 0 0 1
1 0 0 0 1 0 0 0 1
143 144 250.4844343817686 16.67 3 3 88 89
1 0 0 0 1 0 0 0 1
1 0 0 0 1 0 0 0 1
145 97 328.5303206161612 16.67 3 3 90 91
1 0 0 0 1 0 0 0 1
1 0 0 0 1 0 0 0 1
145 146 743.5381213361972 16.67 3 3 92 93
1 0 0 0 1 0 0 0 1
1 0 0 0 1 0 0 0 1
145 87 999.8328597852293 16.67 3 3 94 95
1 0 0 0 1 0 0 0 1
1 0 0 0 1 0 0 0 1
146 66 231.87120784538345 16.67 3 3 96 97
1 0 0 0 1 0 0 0 1
1 0 0 0 1 0 0 0 1
146 88 762.8542223412848 16.67 3 3 98 99
1 0 0 0 1 0 0 0 1
1 0 0 0 1 0 0 0 1
146 23 46.99355162776225 16.67 3 3 100 101
1 0 0 0 1 0 0 0 1
1 0 0 0 1 0 0 0 1
37 49 129.90947331877393 16.67 3 3 102 103
1 0 0 0 1 0 0 0 1
1 0 0 0 1 0 0 0 1
37 168 463.49151012443997 16.67 3 3 104 105
1 0 0 0 1 0 0 0 1
1 0 0 0 1 0 0 0 1
37 154 145.53434569232422 16.67 3 3 106 107
1 0 0 0 1 0 0 0 1
1 0 0 0 1 0 0 0 1
147 64 96.7400708705846 16.67 3 3 108 109
1 0 0 0 1 0 0 0 1
1 0 0 0 1 0 0 0 1
147 84 515.7270158087417 16.67 3 3 110 111
1 0 0 0 1 0 0 0 1
1 0 0 0 1 0 0 0 1
148 69 372.6044367424744 16.67 3 3 112 113
1 0 0 0 1 0 0 0 1
1 0 0 0 1 0 0 0 1
148 89 469.73557956742127 16.67 3 3 114 115
1 0 0 0 1 0 0 0 1
1 0 0 0 1 0 0 0 1
149 127 608.3478544675057 16.67 3 3 116 117
1 0 0 0 1 0 0 0 1
1 0 0 0 1 0 0 0 1
149 109 532.4157458521163 16.67 3 3 118 119
1 0 0 0 1 0 0 0 1
1 0 0 0 1 0 0 0 1
149 153 347.8201268256845 16.67 3 3 120 121
1 0 0 0 1 0 0 0 1
1 0 0 0 1 0 0 0 1
150 118 746.1988403811607 16.67 3 3 122 123
1 0 0 0 1 0 0 0 1
1 0 0 0 1 0 0 0 1
150 25 428.6947026687904 16.67 3 3 124 125
1 0 0 0 1 0 0 0 1
1 0 0 0 1 0 0 0 1
150 80 932.8202853232305 16.67 3 3 126 127
1 0 0 0 1 0 0 0 1
1 0 0 0 1 0 0 0 1
150 24 413.60092252682455 16.67 3 3 128 129
1 0 0 0 1 0 0 0 1
1 0 0 0 1 0 0 0 1
25 107 532.5214901189555 16.67 3 3 130 131
1 0 0 0 1 0 0 0 1
1 0 0 0 1 0 0 0 1
25 124 507.4136724849821 16.67 3 3 132 133
1 0 0 0 1 0 0 0 1
1 0 0 0 1 0 0 0 1
25 18 385.53035882970806 16.67 3 3 134 135
1 0 0 0 1 0 0 0 1
1 0 0 0 1 0 0 0 1
152 109 299.64492683294077 16.67 3 3 136 137
1 0 0 0 1 0 0 0 1
1 0 0 0 1 0 0 0 1
152 6 596.825632206586 16.67 3 3 138 139
1 0 0 0 1 0 0 0 1
1 0 0 0 1 0 0 0 1
152 157 192.5297667682533 16.67 3 3 140 141
1 0 0 0 1 0 0 0 1
1 0 0 0 1 0 0 0 1
153 167 218.97070702096957 16.67 3 3 142 143
1 0 0 0 1 0 0 0 1
1 0 0 0 1 0 0 0 1
153 110 308.11506537324817 16.67 3 3 144 145
1 0 0 0 1 0 0 0 1
1 0 0 0 1 0 0 0 1
47 8 318.8702725301035 16.67 3 3 146 147
1 0 0 0 1 0 0 0 1
1 0 0 0 1 0 0 0 1
47 169 405.83564592131944 16.67 3 3 148 149
1 0 0 0 1 0 0 0 1
1 0 0 0 1 0 0 0 1
47 6 260.1747544875995 16.67 3 3 150 151
1 0 0 0 1 0 0 0 1
1 0 0 0 1 0 0 0 1
47 70 160.04357675318218 16.67 3 3 152 153
1 0 0 0 1 0 0 0 1
1 0 0 0 1 0 0 0 1
154 169 415.15066232749024 16.67 3 3 154 155
1 0 0 0 1 0 0 0 1
1 0 0 0 1 0 0 0 1
154 6 338.03206328597946 16.67 3 3 156 157
1 0 0 0 1 0 0 0 1
1 0 0 0 1 0 0 0 1
154 157 495.99274068130865 16.67 3 3 158 159
1 0 0 0 1 0 0 0 1
1 0 0 0 1 0 0 0 1
155 156 439.61112053524323 16.67 3 3 160 161
1 0 0 0 1 0 0 0 1
1 0 0 0 1 0 0 0 1
155 55 58.812637417548565 16.67 3 3 162 163
1 0 0 0 1 0 0 0 1
1 0 0 0 1 0 0 0 1
155 159 108.99053449221446 16.67 3 3 164 165
1 0 0 0 1 0 0 0 1
1 0 0 0 1 0 0 0 1
155 40 99.33093228948225 16.67 3 3 166 167
1 0 0 0 1 0 0 0 1
1 0 0 0 1 0 0 0 1
59 77 450.9272274965812 16.67 3 3 168 169
1 0 0 0 1 0 0 0 1
1 0 0 0 1 0 0 0 1
59 60 588.9109506475776 16.67 3 3 170 171
1 0 0 0 1 0 0 0 1
1 0 0 0 1 0 0 0 1
59 120 475.18593205920723 16.67 3 3 172 173
1 0 0 0 1 0 0 0 1
1 0 0 0 1 0 0 0 1
59 126 601.6326109721888 16.67 3 3 174 175
1 0 0 0 1 0 0 0 1
1 0 0 0 1 0 0 0 1
156 38 450.6277954577804 16.67 3 3 176 177
1 0 0 0 1 0 0 0 1
1 0 0 0 1 0 0 0 1
156 168 231.9533593921404 16.67 3 3 178 179
1 0 0 0 1 0 0 0 1
1 0 0 0 1 0 0 0 1
156 157 379.70648368145754 16.67 3 3 180 181
1 0 0 0 1 0 0 0 1
1 0 0 0 1 0 0 0 1
157 168 148.60029065108338 16.67 3 3 182 183
1 0 0 0 1 0 0 0 1
1 0 0 0 1 0 0 0 1
158 98 261.87726172326177 16.67 3 3 184 185
1 0 0 0 1 0 0 0 1
1 0 0 0 1 0 0 0 1
158 86 460.98129572629676 16.67 3 3 186 187
1 0 0 0 1 0 0 0 1
1 0 0 0 1 0 0 0 1
23 27 495.6245309997409 16.67 3 3 188 189
1 0 0 0 1 0 0 0 1
1 0 0 0 1 0 0 0 1
160 62 879.0252904852503 16.67 3 3 190 191
1 0 0 0 1 0 0 0 1
1 0 0 0 1 0 0 0 1
160 171 1371.8410322445036 16.67 3 3 192 193
1 0 0 0 1 0 0 0 1
1 0 0 0 1 0 0 0 1
160 15 537.5255683305503 16.67 3 3 194 195
1 0 0 0 1 0 0 0 1
1 0 0 0 1 0 0 0 1
160 91 226.0640677390881 16.67 3 3 196 197
1 0 0 0 1 0 0 0 1
1 0 0 0 1 0 0 0 1
161 162 279.8621063345401 16.67 3 3 198 199
1 0 0 0 1 0 0 0 1
1 0 0 0 1 0 0 0 1
161 46 549.6506785313334 16.67 3 3 200 201
1 0 0 0 1 0 0 0 1
1 0 0 0 1 0 0 0 1
161 125 188.19496450427746 16.67 3 3 202 203
1 0 0 0 1 0 0 0 1
1 0 0 0 1 0 0 0 1
162 100 160.07009076663152 16.67 3 3 204 205
1 0 0 0 1 0 0 0 1
1 0 0 0 1 0 0 0 1
162 10 148.11132779662782 16.67 3 3 206 207
1 0 0 0 1 0 0 0 1
1 0 0 0 1 0 0 0 1
162 120 313.8300856778922 16.67 3 3 208 209
1 0 0 0 1 0 0 0 1
1 0 0 0 1 0 0 0 1
163 50 274.5372301006375 16.67 3 3 210 211
1 0 0 0 1 0 0 0 1
1 0 0 0 1 0 0 0 1
163 51 291.5774443957599 16.67 3 3 212 213
1 0 0 0 1 0 0 0 1
1 0 0 0 1 0 0 0 1
163 164 425.4766532522393 16.67 3 3 214 215
1 0 0 0 1 0 0 0 1
1 0 0 0 1 0 0 0 1
163 52 385.15913171931055 16.67 3 3 216 217
1 0 0 0 1 0 0 0 1
1 0 0 0 1 0 0 0 1
164 63 283.05371488766934 16.67 3 3 218 219
1 0 0 0 1 0 0 0 1
1 0 0 0 1 0 0 0 1
164 119 267.4884659679849 16.67 3 3 220 221
1 0 0 0 1 0 0 0 1
1 0 0 0 1 0 0 0 1
164 120 496.82042318051896 16.67 3 3 222 223
1 0 0 0 1 0 0 0 1
1 0 0 0 1 0 0 0 1
49 48 431.7231790655106 16.67 3 3 224 225
1 0 0 0 1 0 0 0 1
1 0 0 0 1 0 0 0 1
49 38 86.50792960847892 16.67 3 3 226 227
1 0 0 0 1 0 0 0 1
1 0 0 0 1 0 0 0 1
48 169 190.82638711177952 16.67 3 3 228 229
1 0 0 0 1 0 0 0 1
1 0 0 0 1 0 0 0 1
48 71 120.1947253496209 16.67 3 3 230 231
1 0 0 0 1 0 0 0 1
1 0 0 0 1 0 0 0 1
166 82 247.07216742240234 16.67 3 3 232 233
1 0 0 0 1 0 0 0 1
1 0 0 0 1 0 0 0 1
166 45 298.1530082563709 16.67 3 3 234 235
1 0 0 0 1 0 0 0 1
1 0 0 0 1 0 0 0 1
166 3 688.2212875578198 16.67 3 3 236 237
1 0 0 0 1 0 0 0 1
1 0 0 0 1 0 0 0 1
50 11 228.36867028301808 16.67 3 3 238 239
1 0 0 0 1 0 0 0 1
1 0 0 0 1 0 0 0 1
50 46 291.97759813594934 16.67 3 3 240 241
1 0 0 0 1 0 0 0 1
1 0 0 0 1 0 0 0 1
50 121 174.99180283029477 16.67 3 3 242 243
1 0 0 0 1 0 0 0 1
1 0 0 0 1 0 0 0 1
167 127 307.287449420823 16.67 3 3 244 245
1 0 0 0 1 0 0 0 1
1 0 0 0 1 0 0 0 1
167 34 102.31111970430113 16.67 3 3 246 247
1 0 0 0 1 0 0 0 1
1 0 0 0 1 0 0 0 1
167 108 303.1051504600707 16.67 3 3 248 249
1 0 0 0 1 0 0 0 1
1 0 0 0 1 0 0 0 1
169 170 877.8246760869957 16.67 3 3 250 251
1 0 0 0 1 0 0 0 1
1 0 0 0 1 0 0 0 1
51 63 300.4519133489854 16.67 3 3 252 253
1 0 0 0 1 0 0 0 1
1 0 0 0 1 0 0 0 1
51 46 189.9406303718201 16.67 3 3 254 255
1 0 0 0 1 0 0 0 1
1 0 0 0 1 0 0 0 1
51 173 379.8956828724804 16.67 3 3 256 257
1 0 0 0 1 0 0 0 1
1 0 0 0 1 0 0 0 1
170 109 788.3649429450227 16.67 3 3 258 259
1 0 0 0 1 0 0 0 1
1 0 0 0 1 0 0 0 1
170 78 696.9871472251042 16.67 3 3 260 261
1 0 0 0 1 0 0 0 1
1 0 0 0 1 0 0 0 1
170 7 505.38802160377196 16.67 3 3 262 263
1 0 0 0 1 0 0 0 1
1 0 0 0 1 0 0 0 1
171 62 504.7001683444284 16.67 3 3 264 265
1 0 0 0 1 0 0 0 1
1 0 0 0 1 0 0 0 1
171 94 603.7954527081944 16.67 3 3 266 267
1 0 0 0 1 0 0 0 1
1 0 0 0 1 0 0 0 1
171 61 272.3108450925235 16.67 3 3 268 269
1 0 0 0 1 0 0 0 1
1 0 0 0 1 0 0 0 1
60 78 558.0752521924893 16.67 3 3 270 271
1 0 0 0 1 0 0 0 1
1 0 0 0 1 0 0 0 1
60 79 187.57112096726536 16.67 3 3 272 273
1 0 0 0 1 0 0 0 1
1 0 0 0 1 0 0 0 1
60 91 463.41818359323224 16.67 3 3 274 275
1 0 0 0 1 0 0 0 1
1 0 0 0 1 0 0 0 1
172 101 192.98432778369911 16.67 3 3 276 277
1 0 0 0 1 0 0 0 1
1 0 0 0 1 0 0 0 1
172 119 22.036496940024758 16.67 3 3 278 279
1 0 0 0 1 0 0 0 1
1 0 0 0 1 0 0 0 1
172 116 1650.0728158988393 16.67 3 3 280 281
1 0 0 0 1 0 0 0 1
1 0 0 0 1 0 0 0 1
173 63 217.1293013747389 16.67 3 3 282 283
1 0 0 0 1 0 0 0 1
1 0 0 0 1 0 0 0 1
173 120 20.37290702151961 16.67 3 3 284 285
1 0 0 0 1 0 0 0 1
1 0 0 0 1 0 0 0 1
174 68 398.82245594001745 16.67 3 3 286 287
1 0 0 0 1 0 0 0 1
1 0 0 0 1 0 0 0 1
174 29 373.47993940939926 16.67 3 3 288 289
1 0 0 0 1 0 0 0 1
1 0 0 0 1 0 0 0 1
174 94 29.3446085352325 16.67 3 3 290 291
1 0 0 0 1 0 0 0 1
1 0 0 0 1 0 0 0 1
45 82 191.1892742207216 16.67 3 3 292 293
1 0 0 0 1 0 0 0 1
1 0 0 0 1 0 0 0 1
45 81 295.01901531685616 16.67 3 3 294 295
1 0 0 0 1 0 0 0 1
1 0 0 0 1 0 0 0 1
176 27 1148.0512531385896 16.67 3 3 296 297
1 0 0 0 1 0 0 0 1
1 0 0 0 1 0 0 0 1
176 151 346.18187294228613 16.67 3 3 298 299
1 0 0 0 1 0 0 0 1
1 0 0 0 1 0 0 0 1
176 177 214.24963722098926 16.67 3 3 300 301
1 0 0 0 1 0 0 0 1
1 0 0 0 1 0 0 0 1
176 57 371.19257485279104 16.67 3 3 302 303
1 0 0 0 1 0 0 0 1
1 0 0 0 1 0 0 0 1
178 114 440.5573822073915 16.67 3 3 304 305
1 0 0 0 1 0 0 0 1
1 0 0 0 1 0 0 0 1
178 76 53.12061064090613 16.67 3 3 306 307
1 0 0 0 1 0 0 0 1
1 0 0 0 1 0 0 0 1
178 103 305.5194103156943 16.67 3 3 308 309
1 0 0 0 1 0 0 0 1
1 0 0 0 1 0 0 0 1
11 75 89.51934172895258 16.67 3 3 310 311
1 0 0 0 1 0 0 0 1
1 0 0 0 1 0 0 0 1
70 5 337.5445912324664 16.67 3 3 312 313
1 0 0 0 1 0 0 0 1
1 0 0 0 1 0 0 0 1
30 56 546.5912600483379 16.67 3 3 314 315
1 0 0 0 1 0 0 0 1
1 0 0 0 1 0 0 0 1
30 87 886.488733131367 16.67 3 3 316 317
1 0 0 0 1 0 0 0 1
1 0 0 0 1 0 0 0 1
30 31 533.0724356623896 16.67 3 3 318 319
1 0 0 0 1 0 0 0 1
1 0 0 0 1 0 0 0 1
31 38 454.1098215609792 16.67 3 3 320 321
1 0 0 0 1 0 0 0 1
1 0 0 0 1 0 0 0 1
31 32 354.9941412196925 16.67 3 3 322 323
1 0 0 0 1 0 0 0 1
1 0 0 0 1 0 0 0 1
32 87 261.8943105392383 16.67 3 3 324 325
1 0 0 0 1 0 0 0 1
1 0 0 0 1 0 0 0 1
32 71 508.89654542410887 16.67 3 3 326 327
1 0 0 0 1 0 0 0 1
1 0 0 0 1 0 0 0 1
22 86 593.4178193571609 16.67 3 3 328 329
1 0 0 0 1 0 0 0 1
1 0 0 0 1 0 0 0 1
42 58 1366.8247623331927 16.67 3 3 330 331
1 0 0 0 1 0 0 0 1
1 0 0 0 1 0 0 0 1
42 65 654.2773893446775 16.67 3 3 332 333
1 0 0 0 1 0 0 0 1
1 0 0 0 1 0 0 0 1
42 73 820.7574970772724 16.67 3 3 334 335
1 0 0 0 1 0 0 0 1
1 0 0 0 1 0 0 0 1
10 100 26.853029479055582 16.67 3 3 336 337
1 0 0 0 1 0 0 0 1
1 0 0 0 1 0 0 0 1
10 79 191.05372211746993 16.67 3 3 338 339
1 0 0 0 1 0 0 0 1
1 0 0 0 1 0 0 0 1
5 8 203.55027384585276 16.67 3 3 340 341
1 0 0 0 1 0 0 0 1
1 0 0 0 1 0 0 0 1
5 1 232.46263691459603 16.67 3 3 342 343
1 0 0 0 1 0 0 0 1
1 0 0 0 1 0 0 0 1
5 7 321.55004526059207 16.67 3 3 344 345
1 0 0 0 1 0 0 0 1
1 0 0 0 1 0 0 0 1
38 71 403.39990862204013 16.67 3 3 346 347
1 0 0 0 1 0 0 0 1
1 0 0 0 1 0 0 0 1
7 91 436.7747374598651 16.67 3 3 348 349
1 0 0 0 1 0 0 0 1
1 0 0 0 1 0 0 0 1
7 4 257.3157454728864 16.67 3 3 350 351
1 0 0 0 1 0 0 0 1
1 0 0 0 1 0 0 0 1
68 69 426.0523068574356 16.67 3 3 352 353
1 0 0 0 1 0 0 0 1
1 0 0 0 1 0 0 0 1
68 97 24.42765048955823 16.67 3 3 354 355
1 0 0 0 1 0 0 0 1
1 0 0 0 1 0 0 0 1
69 29 341.4435480860028 16.67 3 3 356 357
1 0 0 0 1 0 0 0 1
1 0 0 0 1 0 0 0 1
75 121 270.10315128585233 16.67 3 3 358 359
1 0 0 0 1 0 0 0 1
1 0 0 0 1 0 0 0 1
8 62 248.39211850668127 16.67 3 3 360 361
1 0 0 0 1 0 0 0 1
1 0 0 0 1 0 0 0 1
18 33 463.0431090894014 16.67 3 3 362 363
1 0 0 0 1 0 0 0 1
1 0 0 0 1 0 0 0 1
15 100 450.1792726085926 16.67 3 3 364 365
1 0 0 0 1 0 0 0 1
1 0 0 0 1 0 0 0 1
15 125 233.310319796756 16.67 3 3 366 367
1 0 0 0 1 0 0 0 1
1 0 0 0 1 0 0 0 1
28 84 654.09517511115 16.67 3 3 368 369
1 0 0 0 1 0 0 0 1
1 0 0 0 1 0 0 0 1
28 88 437.73486954315183 16.67 3 3 370 371
1 0 0 0 1 0 0 0 1
1 0 0 0 1 0 0 0 1
29 92 253.01463895861855 16.67 3 3 372 373
1 0 0 0 1 0 0 0 1
1 0 0 0 1 0 0 0 1
77 106 465.98305037447756 16.67 3 3 374 375
1 0 0 0 1 0 0 0 1
1 0 0 0 1 0 0 0 1
77 78 521.8127666691312 16.67 3 3 376 377
1 0 0 0 1 0 0 0 1
1 0 0 0 1 0 0 0 1
77 108 446.38482545064556 16.67 3 3 378 379
1 0 0 0 1 0 0 0 1
1 0 0 0 1 0 0 0 1
78 127 194.48238613638304 16.67 3 3 380 381
1 0 0 0 1 0 0 0 1
1 0 0 0 1 0 0 0 1
79 100 177.81513974810736 16.67 3 3 382 383
1 0 0 0 1 0 0 0 1
1 0 0 0 1 0 0 0 1
79 123 1684.4979040034293 16.67 3 3 384 385
1 0 0 0 1 0 0 0 1
1 0 0 0 1 0 0 0 1
80 82 616.3766111508255 16.67 3 3 386 387
1 0 0 0 1 0 0 0 1
1 0 0 0 1 0 0 0 1
80 2 374.3328054309802 16.67 3 3 388 389
1 0 0 0 1 0 0 0 1
1 0 0 0 1 0 0 0 1
80 81 374.63176586586445 16.67 3 3 390 391
1 0 0 0 1 0 0 0 1
1 0 0 0 1 0 0 0 1
81 96 448.1530750012862 16.67 3 3 392 393
1 0 0 0 1 0 0 0 1
1 0 0 0 1 0 0 0 1
83 111 382.3996556471342 16.67 3 3 394 395
1 0 0 0 1 0 0 0 1
1 0 0 0 1 0 0 0 1
83 26 435.59454699966363 16.67 3 3 396 397
1 0 0 0 1 0 0 0 1
1 0 0 0 1 0 0 0 1
83 107 313.4210819280265 16.67 3 3 398 399
1 0 0 0 1 0 0 0 1
1 0 0 0 1 0 0 0 1
85 98 331.4456846610561 16.67 3 3 400 401
1 0 0 0 1 0 0 0 1
1 0 0 0 1 0 0 0 1
85 118 335.8397902716268 16.67 3 3 402 403
1 0 0 0 1 0 0 0 1
1 0 0 0 1 0 0 0 1
85 86 686.7704567734253 16.67 3 3 404 405
1 0 0 0 1 0 0 0 1
1 0 0 0 1 0 0 0 1
85 122 698.6259874781324 16.67 3 3 406 407
1 0 0 0 1 0 0 0 1
1 0 0 0 1 0 0 0 1
87 61 551.7316010104518 16.67 3 3 408 409
1 0 0 0 1 0 0 0 1
1 0 0 0 1 0 0 0 1
88 89 248.02940983720765 16.67 3 3 410 411
1 0 0 0 1 0 0 0 1
1 0 0 0 1 0 0 0 1
89 72 695.9394398045768 16.67 3 3 412 413
1 0 0 0 1 0 0 0 1
1 0 0 0 1 0 0 0 1
90 122 214.0908611766632 16.67 3 3 414 415
1 0 0 0 1 0 0 0 1
1 0 0 0 1 0 0 0 1
90 128 230.08036877673152 16.67 3 3 416 417
1 0 0 0 1 0 0 0 1
1 0 0 0 1 0 0 0 1
90 93 364.848961469882 16.67 3 3 418 419
1 0 0 0 1 0 0 0 1
1 0 0 0 1 0 0 0 1
71 61 324.78330589590394 16.67 3 3 420 421
1 0 0 0 1 0 0 0 1
1 0 0 0 1 0 0 0 1
92 95 418.37338538841675 16.67 3 3 422 423
1 0 0 0 1 0 0 0 1
1 0 0 0 1 0 0 0 1
92 93 243.5444327608299 16.67 3 3 424 425
1 0 0 0 1 0 0 0 1
1 0 0 0 1 0 0 0 1
93 131 514.9593224761076 16.67 3 3 426 427
1 0 0 0 1 0 0 0 1
1 0 0 0 1 0 0 0 1
93 16 497.97205678528377 16.67 3 3 428 429
1 0 0 0 1 0 0 0 1
1 0 0 0 1 0 0 0 1
94 97 396.77302112956386 16.67 3 3 430 431
1 0 0 0 1 0 0 0 1
1 0 0 0 1 0 0 0 1
95 20 229.36493545951538 16.67 3 3 432 433
1 0 0 0 1 0 0 0 1
1 0 0 0 1 0 0 0 1
96 104 191.19653882333495 16.67 3 3 434 435
1 0 0 0 1 0 0 0 1
1 0 0 0 1 0 0 0 1
96 9 526.0003107315505 16.67 3 3 436 437
1 0 0 0 1 0 0 0 1
1 0 0 0 1 0 0 0 1
96 74 525.6480338832829 16.67 3 3 438 439
1 0 0 0 1 0 0 0 1
1 0 0 0 1 0 0 0 1
97 67 286.91802698317474 16.67 3 3 440 441
1 0 0 0 1 0 0 0 1
1 0 0 0 1 0 0 0 1
98 128 408.4891611056303 16.67 3 3 442 443
1 0 0 0 1 0 0 0 1
1 0 0 0 1 0 0 0 1
99 116 776.1773959294236 16.67 3 3 444 445
1 0 0 0 1 0 0 0 1
1 0 0 0 1 0 0 0 1
99 117 204.5523879333833 16.67 3 3 446 447
1 0 0 0 1 0 0 0 1
1 0 0 0 1 0 0 0 1
99 111 1361.957792567248 16.67 3 3 448 449
1 0 0 0 1 0 0 0 1
1 0 0 0 1 0 0 0 1
99 13 1159.9664166453633 16.67 3 3 450 451
1 0 0 0 1 0 0 0 1
1 0 0 0 1 0 0 0 1
101 112 593.5599789269451 16.67 3 3 452 453
1 0 0 0 1 0 0 0 1
1 0 0 0 1 0 0 0 1
101 12 158.60409736211568 16.67 3 3 454 455
1 0 0 0 1 0 0 0 1
1 0 0 0 1 0 0 0 1
101 119 187.76314339750581 16.67 3 3 456 457
1 0 0 0 1 0 0 0 1
1 0 0 0 1 0 0 0 1
102 104 797.6330880925807 16.67 3 3 458 459
1 0 0 0 1 0 0 0 1
1 0 0 0 1 0 0 0 1
102 53 260.4229085962709 16.67 3 3 460 461
1 0 0 0 1 0 0 0 1
1 0 0 0 1 0 0 0 1
102 107 879.3796869848554 16.67 3 3 462 463
1 0 0 0 1 0 0 0 1
1 0 0 0 1 0 0 0 1
102 54 258.7817745902961 16.67 3 3 464 465
1 0 0 0 1 0 0 0 1
1 0 0 0 1 0 0 0 1
19 20 257.4480102360072 16.67 3 3 466 467
1 0 0 0 1 0 0 0 1
1 0 0 0 1 0 0 0 1
19 128 236.90919441445956 16.67 3 3 468 469
1 0 0 0 1 0 0 0 1
1 0 0 0 1 0 0 0 1
103 105 784.179625336328 16.67 3 3 470 471
1 0 0 0 1 0 0 0 1
1 0 0 0 1 0 0 0 1
104 43 91.87260385883484 16.67 3 3 472 473
1 0 0 0 1 0 0 0 1
1 0 0 0 1 0 0 0 1
105 112 664.7706056605573 16.67 3 3 474 475
1 0 0 0 1 0 0 0 1
1 0 0 0 1 0 0 0 1
105 113 223.3547721670261 16.67 3 3 476 477
1 0 0 0 1 0 0 0 1
1 0 0 0 1 0 0 0 1
105 106 667.5519020815369 16.67 3 3 478 479
1 0 0 0 1 0 0 0 1
1 0 0 0 1 0 0 0 1
106 114 622.6505799939755 16.67 3 3 480 481
1 0 0 0 1 0 0 0 1
1 0 0 0 1 0 0 0 1
106 126 449.3153377023158 16.67 3 3 482 483
1 0 0 0 1 0 0 0 1
1 0 0 0 1 0 0 0 1
108 110 194.29528621856156 16.67 3 3 484 485
1 0 0 0 1 0 0 0 1
1 0 0 0 1 0 0 0 1
110 17 430.8900999120227 16.67 3 3 486 487
1 0 0 0 1 0 0 0 1
1 0 0 0 1 0 0 0 1
110 114 339.2761193986397 16.67 3 3 488 489
1 0 0 0 1 0 0 0 1
1 0 0 0 1 0 0 0 1
111 36 888.2199929208064 16.67 3 3 490 491
1 0 0 0 1 0 0 0 1
1 0 0 0 1 0 0 0 1
112 115 172.69084177634426 16.67 3 3 492 493
1 0 0 0 1 0 0 0 1
1 0 0 0 1 0 0 0 1
112 126 399.28138722123396 16.67 3 3 494 495
1 0 0 0 1 0 0 0 1
1 0 0 0 1 0 0 0 1
113 39 700.9326330567934 16.67 3 3 496 497
1 0 0 0 1 0 0 0 1
1 0 0 0 1 0 0 0 1
114 35 352.2837813835758 16.67 3 3 498 499
1 0 0 0 1 0 0 0 1
1 0 0 0 1 0 0 0 1
116 117 835.8069749866681 16.67 3 3 500 501
1 0 0 0 1 0 0 0 1
1 0 0 0 1 0 0 0 1
117 44 671.0916824389195 16.67 3 3 502 503
1 0 0 0 1 0 0 0 1
1 0 0 0 1 0 0 0 1
117 14 240.89219737632013 16.67 3 3 504 505
1 0 0 0 1 0 0 0 1
1 0 0 0 1 0 0 0 1
118 124 171.89481169822315 16.67 3 3 506 507
1 0 0 0 1 0 0 0 1
1 0 0 0 1 0 0 0 1
119 126 719.3563260806112 16.67 3 3 508 509
1 0 0 0 1 0 0 0 1
1 0 0 0 1 0 0 0 1
121 125 771.9106504831653 16.67 3 3 510 511
1 0 0 0 1 0 0 0 1
1 0 0 0 1 0 0 0 1
126
5 313 340 342 344
6 139 157 151 -1
7 263 345 350 348
8 147 -1 360 341
10 -1 338 336 207
15 364 195 -1 366
18 23 135 362 9
19 27 466 31 468
20 433 -1 41 467
22 -1 51 328 65
25 132 125 130 134
28 370 -1 368 87
29 289 357 372 -1
30 314 -1 316 318
31 -1 319 322 320
32 323 -1 324 326
37 104 102 -1 106
38 177 321 346 227
42 330 -1 334 332
45 292 235 294 -1
46 255 201 -1 241
47 150 148 146 152
48 225 230 -1 228
49 -1 226 224 103
50 211 240 242 238
51 252 256 254 213
59 168 170 172 174
60 270 274 272 171
61 421 409 -1 269
62 361 265 -1 191
63 -1 283 253 219
68 354 83 352 287
69 353 113 -1 356
71 347 327 420 231
77 378 376 169 374
78 380 261 271 377
79 273 384 382 339
80 386 390 388 127
81 295 -1 392 391
82 55 233 293 387
83 -1 398 396 394
84 369 111 59 71
85 406 400 404 402
86 187 329 -1 405
87 325 317 95 408
88 99 -1 371 410
89 412 411 -1 115
90 418 25 416 414
91 -1 349 197 275
92 373 -1 422 424
93 428 425 419 426
94 267 430 291 15
95 423 69 432 29
96 393 438 436 434
97 440 91 355 431
98 442 -1 185 401
99 444 448 450 446
100 337 383 365 205
101 452 456 277 454
102 462 458 460 464
104 -1 435 472 459
105 471 478 474 476
106 480 375 482 479
107 131 463 -1 399
108 484 249 379 -1
109 -1 137 259 119
110 486 145 485 488
111 3 395 490 449
112 475 494 453 492
114 498 489 481 305
116 281 -1 445 500
117 501 447 502 504
118 -1 403 123 506
119 508 221 279 457
120 173 209 285 223
121 243 510 -1 359
122 -1 415 407 17
123 385 13 19 5
124 -1 507 133 21
125 203 367 -1 511
126 483 175 509 495
127 245 117 381 -1
128 417 469 443 -1
129 4 8 2 6
130 14 10 16 12
132 18 20 22 -1
133 -1 28 26 24
134 30 32 36 34
135 40 42 38 33
136 46 48 -1 44
137 52 45 54 50
138 56 58 60 43
139 35 64 -1 62
141 61 70 72 74
142 80 78 76 82
143 84 86 88 -1
144 89 -1 57 67
145 94 92 81 90
146 100 96 98 93
148 77 114 85 112
149 -1 118 116 120
150 122 126 128 124
152 -1 140 138 136
153 -1 121 142 144
154 158 107 154 156
155 162 166 160 164
156 178 161 176 180
157 181 182 159 141
158 184 63 186 -1
160 196 192 190 194
161 198 -1 202 200
162 206 204 199 208
163 214 212 210 216
164 222 218 215 220
166 -1 236 234 232
167 143 246 244 248
168 -1 179 105 183
169 155 229 149 250
170 258 251 262 260
171 193 268 266 264
172 278 -1 280 276
173 284 -1 257 282
174 290 286 288 11
175 39 75 53 37
176 302 300 296 298
178 306 304 -1 308
