155
1 3600 77
3
121 117 114
1 3600 34
7
113 7 8 107 101 45 42
1 3600 34
9
10 118 206 107 101 98 51 47 42
1 3600 291
6
11 8 107 101 98 102
1 3600 37
12
113 116 118 206 107 101 45 46 48 278 221 218
1 3600 37
16
206 107 101 45 46 48 280 271 267 263 215 212 219 216 272 276
1 3600 50
12
7 8 107 101 98 51 48 280 271 29 26 33
1 3600 291
12
121 118 206 107 101 45 46 48 280 271 268 89
1 3600 208
16
115 116 11 8 107 101 98 51 48 278 261 215 201 187 147 144
1 3600 243
20
210 289 107 101 45 46 48 280 237 173 170 265 17 20 41 33 30 231 227 224
1 3600 291
13
206 107 101 98 51 48 280 271 29 26 38 73 76
1 3600 291
22
121 11 8 107 101 45 46 48 278 284 265 263 25 22 249 41 33 36 233 141 136 129
1 3600 291
18
206 107 101 45 46 48 280 271 268 89 86 63 64 61 53 54 93 94
1 3600 39
5
100 106 9 6 112
1 3600 39
6
109 106 207 119 117 112
1 3600 51
4
47 44 100 110
1 3600 40
7
109 106 288 295 293 253 256
1 3600 53
7
101 98 51 48 278 261 262
1 3600 53
12
294 289 107 101 45 46 48 280 271 29 26 33
1 3600 53
6
48 280 271 29 26 38
1 3600 77
14
283 278 221 218 213 201 198 151 154 226 230 59 60 67
1 3600 243
17
46 48 280 237 173 170 265 17 18 26 33 30 79 80 138 229 125
1 3600 161
13
109 101 98 51 48 280 271 29 26 33 30 79 82
1 3600 291
11
46 48 278 261 25 15 20 41 33 34 74
1 3600 291
18
111 101 45 46 48 278 221 218 247 240 203 198 151 156 158 180 229 131
1 3600 291
20
101 98 51 48 280 237 173 170 265 263 215 201 198 204 223 224 139 136 91 94
1 3600 265
6
105 99 100 106 207 119
1 3600 24
4
105 99 100 106
1 3600 265
10
103 51 48 280 271 29 26 33 36 205
1 3600 73
6
103 51 48 278 261 25
1 3600 50
6
105 51 48 280 271 268
1 3600 291
14
105 51 48 278 221 216 243 240 250 183 184 192 169 166
1 3600 291
10
103 51 48 280 271 29 26 33 36 223
1 3600 291
16
103 99 45 46 48 280 271 268 89 86 69 66 61 53 54 178
1 3600 291
21
103 51 48 280 237 238 286 175 170 265 263 215 201 187 147 144 161 158 180 229 131
1 3600 291
18
103 51 48 278 284 265 17 14 22 249 41 33 30 231 141 136 91 94
1 3600 73
11
275 273 217 220 279 49 47 44 100 106 207
1 3600 73
15
186 200 214 262 266 270 281 49 50 99 100 106 9 10 120
1 3600 73
4
255 252 209 119
1 3600 46
10
275 245 246 219 220 279 49 47 44 100
1 3600 291
8
252 292 294 289 107 101 98 104
1 3600 74
4
189 185 186 200
1 3600 74
4
142 199 202 241
1 3600 82
9
291 183 147 142 204 37 32 40 248
1 3600 82
7
189 185 186 200 214 262 264
1 3600 82
6
277 273 217 220 284 171
1 3600 82
3
220 284 171
1 3600 82
4
251 203 198 204
1 3600 82
15
257 252 209 206 107 101 45 46 48 280 271 29 26 33 36
1 3600 82
12
257 252 292 294 289 107 101 45 46 48 280 237
1 3600 171
16
252 209 206 107 101 45 46 48 280 271 268 89 86 63 64 234
1 3600 79
12
189 192 169 164 153 154 224 229 195 129 126 3
1 3600 79
18
255 252 292 294 211 206 107 101 45 46 48 278 261 215 201 187 147 148
1 3600 79
14
192 169 164 161 158 180 139 136 194 125 13 5 2 132
1 3600 79
20
259 252 292 294 289 107 101 45 46 48 278 221 218 213 201 198 143 144 165 166
1 3600 43
6
189 192 149 144 153 154
1 3600 243
10
191 192 169 164 161 158 180 229 195 91
1 3600 291
10
291 183 147 142 204 233 141 136 91 96
1 3600 291
12
240 203 198 151 154 226 230 59 53 54 93 94
1 3600 63
11
39 27 28 270 281 49 50 99 100 106 207
1 3600 57
9
171 172 236 281 49 47 44 100 108
1 3600 57
8
37 32 27 28 270 281 49 50
1 3600 57
3
270 281 49
1 3600 139
8
21 14 24 260 279 49 50 104
1 3600 56
5
263 215 201 187 184
1 3600 56
5
285 221 218 247 240
1 3600 56
10
28 270 281 49 47 44 100 106 207 208
1 3600 56
8
237 173 170 285 221 216 272 274
1 3600 56
15
15 16 263 260 279 49 47 44 100 106 288 295 293 253 258
1 3600 41
3
239 236 271
1 3600 42
5
249 41 38 84 88
1 3600 42
4
34 72 84 86
1 3600 51
9
249 41 33 30 231 227 155 152 165
1 3600 54
6
73 35 30 79 80 138
1 3600 54
4
41 33 30 79
1 3600 54
6
73 35 36 233 141 81
1 3600 66
9
34 72 84 86 69 66 61 53 56
1 3600 291
11
261 25 15 18 26 33 36 223 224 229 131
1 3600 291
12
236 271 268 89 86 63 64 61 53 54 93 94
1 3600 291
14
72 39 27 28 270 281 49 50 99 100 106 9 6 114
1 3600 61
10
87 88 269 270 281 49 47 44 100 106
1 3600 69
6
269 270 281 49 50 102
1 3600 127
8
35 36 205 199 202 241 244 274
1 3600 47
5
61 58 31 32 40
1 3600 47
12
235 65 62 87 85 39 27 19 16 264 285 279
1 3600 47
5
269 267 17 20 248
1 3600 94
4
197 87 85 73
1 3600 243
9
64 61 58 231 227 155 152 165 162
1 3600 58
4
64 61 58 231
1 3600 34
7
86 69 66 61 53 54 178
1 3600 291
7
66 61 53 54 93 90 129
1 3600 291
8
197 69 66 61 53 54 93 94
1 3600 243
19
12 124 228 225 222 37 32 40 248 23 24 260 279 49 47 44 100 106 207
1 3600 243
13
150 199 200 214 262 264 171 172 236 281 49 47 44
1 3600 291
15
135 127 128 137 140 230 31 32 27 28 270 281 49 50 102
1 3600 68
5
168 149 146 182 290
1 3600 68
9
124 228 181 159 160 145 146 182 290
1 3600 68
12
135 127 130 195 137 138 181 159 157 150 199 202
1 3600 68
8
124 228 181 159 160 145 146 182
1 3600 46
9
163 168 193 185 186 200 214 262 266
1 3600 291
9
167 164 153 154 226 230 59 60 65
1 3600 56
9
12 124 195 137 140 232 205 143 148
1 3600 58
5
124 195 137 81 82
1 3600 58
4
169 164 161 158
1 3600 58
5
2 127 130 228 225
1 3600 58
5
123 124 228 139 81
1 3600 181
10
163 164 153 154 226 230 59 60 67 70
1 3600 145
5
135 127 128 91 96
1 3600 291
5
12 124 195 91 94
1 3600 291
13
31 32 27 28 270 281 49 50 99 100 106 9 10
1 3600 171
15
140 232 37 32 40 21 16 264 285 279 49 47 44 100 106
1 3600 291
9
31 32 27 28 270 281 49 50 102
1 3600 40
8
231 227 155 152 165 168 193 190
1 3600 35
10
83 78 31 32 40 248 23 24 260 279
1 3600 35
8
78 31 32 27 19 16 264 285
1 3600 74
8
137 138 225 222 37 34 72 84
1 3600 31
7
80 138 181 159 160 145 148
1 3600 31
8
83 78 231 227 155 150 143 148
1 3600 47
4
228 225 226 230
1 3600 19
6
139 140 232 37 34 74
1 3600 55
3
139 136 129
1 3600 291
4
80 136 91 94
1 3600 291
17
52 60 67 68 87 88 269 270 281 49 47 44 100 106 9 6 114
1 3600 265
13
75 72 39 27 28 270 281 49 47 44 100 106 288
1 3600 291
14
179 55 52 60 65 62 87 88 269 270 281 49 50 102
1 3600 181
7
55 52 58 231 227 222 205
1 3600 52
5
75 72 39 40 248
1 3600 35
6
57 52 60 67 68 196
1 3600 161
8
71 66 61 58 231 227 155 156
1 3600 49
4
54 93 90 194
1 3600 49
4
77 35 36 233
1 3600 49
3
179 93 90
1 3600 81
10
92 55 52 60 65 62 87 85 73 74
1 3600 171
3
90 194 131
1 3600 171
3
177 93 94
1 3600 291
18
128 137 138 181 159 157 150 199 200 214 260 279 49 47 44 100 106 207
1 3600 291
14
97 92 55 52 60 67 68 87 88 269 270 281 49 47
1 3600 291
14
97 90 137 140 232 37 32 27 28 270 281 49 50 102
1 3600 291
21
97 92 55 52 60 65 62 87 88 269 270 281 49 50 99 100 106 207 208 253 256
1 3600 243
7
130 228 225 222 37 32 40
1 3600 291
9
97 92 55 52 60 67 68 87 88
1 3600 88
7
97 90 194 228 181 159 157
1 3600 31
4
128 137 138 181
1 3600 111
4
130 195 91 92
1 3600 243
3
97 90 129
1 3600 291
21
95 90 137 81 78 31 32 27 19 14 24 260 279 49 47 44 100 106 9 10 120
1 3600 291
16
95 90 194 228 225 222 205 199 200 212 219 220 279 49 47 44
1 3600 291
17
95 92 55 52 60 65 62 87 85 39 27 28 270 281 49 50 104
1 3600 291
11
95 90 194 228 181 159 160 145 146 182 290
1 3600 291
9
95 90 137 140 230 31 32 40 21
1 3600 291
9
95 92 55 52 60 67 68 87 88
1 3600 291
9
95 90 194 228 225 155 152 165 168
1 3600 121
3
95 90 137
1 3600 69
4
95 92 55 52
1 3600 104
4
95 90 194 131
