155
1 3600 73
3
121 117 114
1 3600 32
7
113 7 8 107 101 45 42
1 3600 32
9
10 118 206 107 101 98 51 47 42
1 3600 278
6
11 8 107 101 98 102
1 3600 35
12
113 116 118 206 107 101 45 46 48 278 221 218
1 3600 35
16
206 107 101 45 46 48 280 271 267 263 215 212 219 216 272 276
1 3600 48
12
7 8 107 101 98 51 48 280 271 29 26 33
1 3600 278
12
121 118 206 107 101 45 46 48 280 271 268 89
1 3600 198
16
115 116 11 8 107 101 98 51 48 278 261 215 201 187 147 144
1 3600 232
20
210 289 107 101 45 46 48 280 237 173 170 265 17 20 41 33 30 231 227 224
1 3600 278
13
206 107 101 98 51 48 280 271 29 26 38 73 76
1 3600 278
22
121 11 8 107 101 45 46 48 278 284 265 263 25 22 249 41 33 36 233 141 136 129
1 3600 278
18
206 107 101 45 46 48 280 271 268 89 86 63 64 61 53 54 93 94
1 3600 37
5
100 106 9 6 112
1 3600 37
6
109 106 207 119 117 112
1 3600 48
4
47 44 100 110
1 3600 38
7
109 106 288 295 293 253 256
1 3600 51
7
101 98 51 48 278 261 262
1 3600 51
12
294 289 107 101 45 46 48 280 271 29 26 33
1 3600 51
6
48 280 271 29 26 38
1 3600 73
14
283 278 221 218 213 201 198 151 154 226 230 59 60 67
1 3600 232
17
46 48 280 237 173 170 265 17 18 26 33 30 79 80 138 229 125
1 3600 154
13
109 101 98 51 48 280 271 29 26 33 30 79 82
1 3600 278
11
46 48 278 261 25 15 20 41 33 34 74
1 3600 278
18
111 101 45 46 48 278 221 218 247 240 203 198 151 156 158 180 229 131
1 3600 278
20
101 98 51 48 280 237 173 170 265 263 215 201 198 204 223 224 139 136 91 94
1 3600 252
6
105 99 100 106 207 119
1 3600 23
4
105 99 100 106
1 3600 252
10
103 51 48 280 271 29 26 33 36 205
1 3600 69
6
103 51 48 278 261 25
1 3600 48
6
105 51 48 280 271 268
1 3600 278
14
105 51 48 278 221 216 243 240 250 183 184 192 169 166
1 3600 278
10
103 51 48 280 271 29 26 33 36 223
1 3600 278
16
103 99 45 46 48 280 271 268 89 86 69 66 61 53 54 178
1 3600 278
21
103 51 48 280 237 238 286 175 170 265 263 215 201 187 147 144 161 158 180 229 131
1 3600 278
18
103 51 48 278 284 265 17 14 22 249 41 33 30 231 141 136 91 94
1 3600 69
11
275 273 217 220 279 49 47 44 100 106 207
1 3600 69
15
186 200 214 262 266 270 281 49 50 99 100 106 9 10 120
1 3600 69
4
255 252 209 119
1 3600 44
10
275 245 246 219 220 279 49 47 44 100
1 3600 278
8
252 292 294 289 107 101 98 104
1 3600 71
4
189 185 186 200
1 3600 71
4
142 199 202 241
1 3600 78
9
291 183 147 142 204 37 32 40 248
1 3600 78
7
189 185 186 200 214 262 264
1 3600 78
6
277 273 217 220 284 171
1 3600 78
3
220 284 171
1 3600 78
4
251 203 198 204
1 3600 78
15
257 252 209 206 107 101 45 46 48 280 271 29 26 33 36
1 3600 78
12
257 252 292 294 289 107 101 45 46 48 280 237
1 3600 163
16
252 209 206 107 101 45 46 48 280 271 268 89 86 63 64 234
1 3600 75
12
189 192 169 164 153 154 224 229 195 129 126 3
1 3600 75
18
255 252 292 294 211 206 107 101 45 46 48 278 261 215 201 187 147 148
1 3600 75
14
192 169 164 161 158 180 139 136 194 125 13 5 2 132
1 3600 75
20
259 252 292 294 289 107 101 45 46 48 278 221 218 213 201 198 143 144 165 166
1 3600 41
6
189 192 149 144 153 154
1 3600 232
10
191 192 169 164 161 158 180 229 195 91
1 3600 278
10
291 183 147 142 204 233 141 136 91 96
1 3600 278
12
240 203 198 151 154 226 230 59 53 54 93 94
1 3600 60
11
39 27 28 270 281 49 50 99 100 106 207
1 3600 55
9
171 172 236 281 49 47 44 100 108
1 3600 55
8
37 32 27 28 270 281 49 50
1 3600 55
3
270 281 49
1 3600 132
8
21 14 24 260 279 49 50 104
1 3600 54
5
263 215 201 187 184
1 3600 54
5
285 221 218 247 240
1 3600 54
10
28 270 281 49 47 44 100 106 207 208
1 3600 54
8
237 173 170 285 221 216 272 274
1 3600 54
15
15 16 263 260 279 49 47 44 100 106 288 295 293 253 258
1 3600 39
3
239 236 271
1 3600 40
5
249 41 38 84 88
1 3600 40
4
34 72 84 86
1 3600 48
9
249 41 33 30 231 227 155 152 165
1 3600 52
6
73 35 30 79 80 138
1 3600 52
4
41 33 30 79
1 3600 52
6
73 35 36 233 141 81
1 3600 63
9
34 72 84 86 69 66 61 53 56
1 3600 278
11
261 25 15 18 26 33 36 223 224 229 131
1 3600 278
12
236 271 268 89 86 63 64 61 53 54 93 94
1 3600 278
14
72 39 27 28 270 281 49 50 99 100 106 9 6 114
1 3600 58
10
87 88 269 270 281 49 47 44 100 106
1 3600 66
6
269 270 281 49 50 102
1 3600 121
8
35 36 205 199 202 241 244 274
1 3600 45
5
61 58 31 32 40
1 3600 45
12
235 65 62 87 85 39 27 19 16 264 285 279
1 3600 45
5
269 267 17 20 248
1 3600 89
4
197 87 85 73
1 3600 232
9
64 61 58 231 227 155 152 165 162
1 3600 55
4
64 61 58 231
1 3600 32
7
86 69 66 61 53 54 178
1 3600 278
7
66 61 53 54 93 90 129
1 3600 278
8
197 69 66 61 53 54 93 94
1 3600 232
19
12 124 228 225 222 37 32 40 248 23 24 260 279 49 47 44 100 106 207
1 3600 232
13
150 199 200 214 262 264 171 172 236 281 49 47 44
1 3600 278
15
135 127 128 137 140 230 31 32 27 28 270 281 49 50 102
1 3600 65
5
168 149 146 182 290
1 3600 65
9
124 228 181 159 160 145 146 182 290
1 3600 65
12
135 127 130 195 137 138 181 159 157 150 199 202
1 3600 65
8
124 228 181 159 160 145 146 182
1 3600 44
9
163 168 193 185 186 200 214 262 266
1 3600 278
9
167 164 153 154 226 230 59 60 65
1 3600 54
9
12 124 195 137 140 232 205 143 148
1 3600 55
5
124 195 137 81 82
1 3600 55
4
169 164 161 158
1 3600 55
5
2 127 130 228 225
1 3600 55
5
123 124 228 139 81
1 3600 173
10
163 164 153 154 226 230 59 60 67 70
1 3600 138
5
135 127 128 91 96
1 3600 278
5
12 124 195 91 94
1 3600 278
13
31 32 27 28 270 281 49 50 99 100 106 9 10
1 3600 163
15
140 232 37 32 40 21 16 264 285 279 49 47 44 100 106
1 3600 278
9
31 32 27 28 270 281 49 50 102
1 3600 38
8
231 227 155 152 165 168 193 190
1 3600 33
10
83 78 31 32 40 248 23 24 260 279
1 3600 33
8
78 31 32 27 19 16 264 285
1 3600 71
8
137 138 225 222 37 34 72 84
1 3600 30
7
80 138 181 159 160 145 148
1 3600 30
8
83 78 231 227 155 150 143 148
1 3600 45
4
228 225 226 230
1 3600 18
6
139 140 232 37 34 74
1 3600 52
3
139 136 129
1 3600 278
4
80 136 91 94
1 3600 278
17
52 60 67 68 87 88 269 270 281 49 47 44 100 106 9 6 114
1 3600 252
13
75 72 39 27 28 270 281 49 47 44 100 106 288
1 3600 278
14
179 55 52 60 65 62 87 88 269 270 281 49 50 102
1 3600 173
7
55 52 58 231 227 222 205
1 3600 49
5
75 72 39 40 248
1 3600 34
6
57 52 60 67 68 196
1 3600 154
8
71 66 61 58 231 227 155 156
1 3600 47
4
54 93 90 194
1 3600 47
4
77 35 36 233
1 3600 47
3
179 93 90
1 3600 77
10
92 55 52 60 65 62 87 85 73 74
1 3600 163
3
90 194 131
1 3600 163
3
177 93 94
1 3600 278
18
128 137 138 181 159 157 150 199 200 214 260 279 49 47 44 100 106 207
1 3600 278
14
97 92 55 52 60 67 68 87 88 269 270 281 49 47
1 3600 278
14
97 90 137 140 232 37 32 27 28 270 281 49 50 102
1 3600 278
21
97 92 55 52 60 65 62 87 88 269 270 281 49 50 99 100 106 207 208 253 256
1 3600 232
7
130 228 225 222 37 32 40
1 3600 278
9
97 92 55 52 60 67 68 87 88
1 3600 84
7
97 90 194 228 181 159 157
1 3600 29
4
128 137 138 181
1 3600 106
4
130 195 91 92
1 3600 232
3
97 90 129
1 3600 278
21
95 90 137 81 78 31 32 27 19 14 24 260 279 49 47 44 100 106 9 10 120
1 3600 278
16
95 90 194 228 225 222 205 199 200 212 219 220 279 49 47 44
1 3600 278
17
95 92 55 52 60 65 62 87 85 39 27 28 270 281 49 50 104
1 3600 278
11
95 90 194 228 181 159 160 145 146 182 290
1 3600 278
9
95 90 137 140 230 31 32 40 21
1 3600 278
9
95 92 55 52 60 67 68 87 88
1 3600 278
9
95 90 194 228 225 155 152 165 168
1 3600 115
3
95 90 137
1 3600 66
4
95 92 55 52
1 3600 99
4
95 90 194 131
