436
1 3600 389
15
155 151 152 203 206 341 336 429 135 43 40 522 433 436 496
1 3600 46
5
497 491 487 488 500
1 3600 374
19
431 155 151 147 148 239 236 316 291 294 85 82 73 74 90 382 517 518 530
1 3600 1011
24
431 155 151 147 144 236 318 293 245 177 172 81 82 73 76 379 15 16 510 517 518 387 384 440
1 3600 1011
21
431 155 151 152 203 204 411 341 336 7 2 511 17 18 13 8 45 46 458 453 450
1 3600 89
7
155 151 152 203 206 408 424
1 3600 144
3
155 151 152
1 3600 421
17
155 151 147 142 220 233 230 248 167 170 244 294 85 82 73 76 532
1 3600 1011
21
155 151 152 183 178 192 198 216 471 467 247 177 172 81 82 321 93 98 100 364 370
1 3600 1011
16
497 437 432 523 41 31 36 23 28 384 399 400 444 475 457 47
1 3600 777
9
155 151 147 142 181 178 192 200 163
1 3600 674
7
155 137 138 147 148 239 234
1 3600 1011
10
431 155 151 147 144 236 316 291 294 306
1 3600 1011
19
497 491 487 488 498 41 42 134 428 337 338 344 79 72 253 95 98 104 110
1 3600 1011
22
497 491 435 432 523 41 42 132 5 2 383 91 88 379 380 97 98 102 363 361 358 355
1 3600 1011
18
497 491 487 482 523 41 42 134 428 337 340 207 195 192 198 218 187 184
1 3600 1011
13
431 155 151 152 183 178 190 226 248 250 461 462 259
1 3600 1011
16
155 151 147 148 239 236 318 293 245 177 61 64 66 279 274 284
1 3600 1011
18
497 437 432 523 41 31 34 5 6 337 334 347 87 80 173 174 71 68
1 3600 1011
16
431 155 151 152 183 180 220 233 230 248 167 170 177 61 58 209
1 3600 135
3
434 490 496
1 3600 135
16
493 487 488 498 41 42 134 428 337 340 410 205 202 153 150 154
1 3600 129
4
43 40 522 433
1 3600 125
7
498 41 31 32 50 23 24
1 3600 125
5
39 31 36 23 24
1 3600 125
15
485 482 523 41 42 134 426 5 2 517 518 387 384 399 396
1 3600 125
7
491 435 432 523 41 42 132
1 3600 234
9
39 42 134 426 5 2 511 509 504
1 3600 1011
15
491 487 488 498 41 31 32 50 23 28 384 399 400 446 450
1 3600 142
11
488 498 41 42 134 428 337 340 410 421 424
1 3600 92
8
501 498 41 42 134 428 337 334
1 3600 92
22
493 435 432 523 41 42 134 428 337 338 344 87 84 295 292 169 166 249 227 191 179 182
1 3600 87
8
426 5 2 511 17 14 380 402
1 3600 337
13
495 437 432 523 41 31 34 5 2 511 17 18 13
1 3600 1011
20
485 488 498 41 42 134 428 337 334 347 79 72 321 93 98 100 366 375 372 45
1 3600 722
13
498 41 42 132 5 6 337 340 410 265 262 163 158
1 3600 361
10
503 498 41 42 134 428 337 340 207 195
1 3600 561
13
482 523 41 31 34 5 2 383 91 75 72 83 84
1 3600 1011
13
31 36 23 28 386 519 516 511 17 18 125 122 365
1 3600 1011
20
432 523 41 42 134 428 337 338 344 79 72 253 95 98 104 108 363 361 113 116
1 3600 1011
22
493 487 482 523 41 42 134 428 337 334 347 87 80 173 176 171 164 465 463 241 187 184
1 3600 1011
20
41 42 132 5 2 383 91 88 77 72 83 80 173 176 246 466 470 217 218 187
1 3600 1011
17
503 498 41 31 34 5 6 337 338 344 87 84 306 173 174 71 66
1 3600 1011
19
495 491 487 488 498 41 42 134 428 337 334 347 87 80 173 61 64 66 478
1 3600 1011
27
432 523 41 31 32 50 23 28 386 519 516 383 91 75 72 83 84 306 173 174 71 68 309 215 212 286 304
1 3600 561
13
395 398 385 29 22 37 30 40 499 489 486 490 496
1 3600 96
8
25 22 51 33 30 40 499 502
1 3600 96
7
27 22 37 30 40 499 500
1 3600 96
8
516 3 4 133 43 40 499 500
1 3600 123
5
527 25 28 386 519
1 3600 111
7
35 36 23 28 384 399 400
1 3600 111
3
531 387 384
1 3600 111
9
5 2 517 518 387 384 399 400 131
1 3600 111
7
527 25 28 384 399 400 131
1 3600 459
10
529 25 28 384 399 400 131 128 453 450
1 3600 481
16
397 398 385 386 519 516 383 91 88 77 78 345 339 340 408 424
1 3600 101
21
525 25 28 386 519 516 511 17 14 378 77 72 83 84 295 290 317 237 238 149 146
1 3600 77
8
531 519 516 511 17 14 380 402
1 3600 77
8
27 28 386 519 516 383 91 88
1 3600 96
8
25 28 384 399 400 131 126 475
1 3600 632
9
5 2 511 17 18 125 122 370 376
1 3600 1011
26
397 400 446 452 459 47 44 373 374 367 101 99 92 320 83 80 307 295 292 169 166 249 227 197 200 417
1 3600 459
18
527 25 22 51 33 34 5 6 337 340 410 265 262 201 196 226 231 232
1 3600 421
12
33 34 5 6 337 338 344 87 80 173 61 64
1 3600 632
10
386 519 516 511 17 18 13 10 365 366
1 3600 1011
17
27 28 386 519 516 383 91 88 379 380 97 98 102 363 361 358 119
1 3600 1011
21
525 25 28 386 519 516 383 91 75 72 83 84 306 173 174 224 298 463 241 187 184
1 3600 1011
15
22 37 34 427 428 337 340 410 205 195 192 198 218 240 462
1 3600 1011
15
37 34 5 6 337 334 347 79 72 83 80 173 174 71 66
1 3600 1011
18
525 25 28 386 519 516 383 91 75 72 83 84 306 173 61 58 214 308
1 3600 1011
25
529 25 28 386 519 516 511 17 14 378 77 72 83 80 173 61 64 66 279 274 282 323 324 313 289
1 3600 1011
25
475 457 47 44 373 374 367 368 359 360 111 105 99 94 252 83 84 295 290 317 237 145 146 150 154
1 3600 253
13
127 128 459 47 44 9 12 19 16 510 3 4 133
1 3600 59
6
505 508 510 3 4 35
1 3600 59
4
443 385 29 24
1 3600 104
7
385 386 519 516 511 17 20
1 3600 51
4
441 399 400 446
1 3600 1011
27
126 475 457 47 44 9 10 365 368 359 360 362 103 99 92 320 83 84 295 245 171 166 249 227 191 194 204
1 3600 325
10
398 385 386 519 516 383 91 75 78 346
1 3600 81
9
443 385 386 519 516 383 91 88 77
1 3600 41
12
127 128 459 47 44 373 374 367 368 359 360 362
1 3600 168
7
505 21 18 13 8 45 48
1 3600 1011
14
505 21 14 378 77 78 346 335 340 410 265 262 163 156
1 3600 777
18
505 508 17 14 378 89 75 72 83 80 307 295 292 169 166 249 227 197
1 3600 505
17
399 400 444 475 457 47 44 9 10 365 101 99 94 252 83 84 295
1 3600 459
13
441 385 386 519 516 383 91 75 72 83 80 173 61
1 3600 777
8
507 21 18 125 122 370 374 353
1 3600 1011
17
385 29 22 51 33 34 427 428 337 340 207 195 192 198 218 187 184
1 3600 1011
21
128 459 47 44 373 371 365 101 99 92 320 83 80 173 176 246 466 470 461 407 404
1 3600 1011
12
508 17 14 378 77 72 83 84 295 245 246 468
1 3600 1011
17
441 385 386 519 516 383 91 75 72 83 80 173 174 71 68 330 325
1 3600 1011
27
446 452 459 47 44 9 10 370 374 367 368 359 360 111 105 99 94 252 83 84 306 173 61 58 212 286 304
1 3600 1011
15
451 447 401 398 385 29 22 37 30 40 522 483 486 490 496
1 3600 1011
17
451 452 459 47 44 9 12 19 16 510 3 4 133 43 40 522 483
1 3600 337
7
129 130 401 398 385 29 24
1 3600 36
5
451 447 401 398 440
1 3600 1011
23
452 459 47 44 373 371 365 368 359 360 362 103 99 92 320 83 86 345 339 340 410 421 422
1 3600 1011
22
459 47 44 373 374 367 101 99 94 252 83 84 295 290 317 237 238 476 221 143 146 150
1 3600 374
13
459 47 44 9 10 365 368 359 360 362 109 105 99
1 3600 126
3
459 47 44
1 3600 104
5
451 452 459 47 48
1 3600 1011
20
451 452 459 47 44 9 12 19 14 378 77 78 346 335 340 410 265 262 163 158
1 3600 1011
19
452 459 47 44 373 374 367 101 99 92 320 83 80 173 176 171 164 470 217
1 3600 1011
21
452 459 47 44 9 10 365 368 359 360 111 105 99 94 252 83 84 295 290 317 314
1 3600 777
11
451 452 459 47 44 373 374 367 368 119 114
1 3600 842
9
459 47 44 9 10 365 368 119 116
1 3600 1011
22
451 452 129 130 401 398 385 386 519 516 3 6 337 340 410 205 195 192 198 218 187 184
1 3600 1011
21
453 447 401 398 385 386 519 516 383 91 75 72 83 80 173 176 246 466 465 463 241
1 3600 1011
21
451 452 459 47 44 9 12 19 14 378 77 72 83 80 173 174 71 66 279 276 326
1 3600 1011
22
452 129 130 401 398 385 386 519 516 383 91 75 72 83 84 306 173 174 71 66 478 331
1 3600 1011
19
459 47 44 373 374 367 101 99 92 320 83 80 173 61 64 68 309 211 208
1 3600 127
16
141 138 152 203 206 341 336 429 135 43 40 499 489 486 490 496
1 3600 134
12
138 152 203 204 411 341 336 429 135 43 40 499
1 3600 439
7
341 336 7 4 35 32 50
1 3600 1011
21
207 202 183 180 143 144 236 316 291 294 85 82 73 74 90 382 517 518 387 384 440
1 3600 1011
23
410 205 195 190 226 248 167 168 293 294 306 81 82 321 93 98 100 364 11 8 45 46 458
1 3600 148
4
207 202 153 139
1 3600 54
14
141 136 151 147 148 239 236 316 291 294 85 86 345 342
1 3600 54
5
425 409 341 338 342
1 3600 190
13
425 422 415 416 201 196 226 248 167 170 177 172 81
1 3600 777
29
425 420 205 202 183 180 220 477 239 236 318 293 294 85 82 253 95 98 104 110 361 358 369 366 375 372 45 46 454
1 3600 1011
18
141 138 147 144 236 316 291 294 306 81 82 321 93 98 100 366 375 376
1 3600 68
8
136 151 152 203 204 265 262 163
1 3600 97
5
207 202 183 180 220
1 3600 404
13
422 261 262 201 198 216 471 465 299 225 175 172 307
1 3600 1011
20
425 420 205 195 190 226 248 167 170 177 172 81 82 253 95 98 102 363 361 358
1 3600 1011
14
341 338 344 79 76 379 380 97 98 104 110 361 358 355
1 3600 1011
9
425 422 415 416 201 198 218 187 184
1 3600 722
8
207 195 190 226 248 250 461 407
1 3600 1011
16
410 205 195 192 196 226 248 250 471 465 299 225 71 66 279 276
1 3600 1011
18
207 202 183 178 192 198 216 471 467 247 177 61 64 66 279 274 284 439
1 3600 1011
11
261 262 201 196 226 248 167 170 177 61 62
1 3600 240
8
429 135 43 40 522 433 436 496
1 3600 52
11
152 203 206 341 336 429 135 43 40 522 433
1 3600 112
13
147 144 236 316 291 294 85 82 73 74 90 382 517
1 3600 337
19
151 147 148 239 236 318 293 294 85 82 73 74 90 382 517 518 387 384 442
1 3600 1011
18
144 236 316 291 294 306 81 82 321 93 98 100 364 11 8 45 46 458
1 3600 32
7
142 181 178 192 200 263 260
1 3600 91
3
151 152 222
1 3600 39
13
147 148 239 234 167 168 293 294 85 82 253 95 96
1 3600 39
4
347 79 76 379
1 3600 187
9
343 344 79 76 379 15 18 125 122
1 3600 1011
15
334 347 87 82 321 93 98 102 363 361 358 369 364 370 376
1 3600 131
8
343 339 340 410 265 262 163 156
1 3600 38
8
343 344 87 84 295 292 169 164
1 3600 102
6
344 87 84 295 290 514
1 3600 389
11
344 79 74 88 379 380 97 98 104 110 361
1 3600 1011
18
195 190 226 248 167 170 177 172 81 82 253 95 98 104 108 363 361 113
1 3600 1011
9
147 142 181 178 192 198 218 187 184
1 3600 505
10
337 334 347 87 80 173 174 224 298 259
1 3600 777
7
347 87 84 295 245 246 468
1 3600 1011
13
151 147 144 234 250 461 462 299 225 71 68 330 313
1 3600 1011
11
147 148 239 236 316 291 245 177 61 58 212
1 3600 777
13
320 83 80 307 295 292 319 237 145 146 150 154 430
1 3600 107
8
89 90 382 3 4 35 30 40
1 3600 94
8
381 15 16 510 517 518 387 29
1 3600 94
4
513 510 3 4
1 3600 92
6
382 517 518 387 384 440
1 3600 632
11
88 379 15 18 13 8 45 46 458 453 450
1 3600 246
15
403 97 94 252 83 80 173 176 171 166 235 238 149 146 139
1 3600 85
8
78 346 335 340 207 202 153 150
1 3600 85
11
83 84 295 290 317 237 238 476 221 181 182
1 3600 85
9
382 3 6 337 340 410 205 202 153
1 3600 85
4
73 78 345 342
1 3600 72
5
511 17 14 380 402
1 3600 82
8
17 18 13 8 45 46 456 472
1 3600 82
5
76 379 15 18 13
1 3600 82
8
379 380 97 98 100 366 375 372
1 3600 82
4
511 17 18 125
1 3600 316
7
17 18 13 8 45 48 54
1 3600 421
14
121 124 19 14 378 77 78 346 335 340 408 422 415 418
1 3600 78
15
513 17 14 378 77 72 83 80 173 176 171 166 249 227 197
1 3600 85
11
14 378 89 75 72 83 84 306 173 174 71
1 3600 85
7
533 77 72 83 84 295 290
1 3600 106
5
97 98 102 363 361
1 3600 481
6
95 98 100 366 353 350
1 3600 1011
11
320 83 80 173 174 224 298 463 241 187 184
1 3600 594
12
75 72 83 80 173 176 246 466 465 259 256 404
1 3600 561
10
77 72 83 84 306 173 61 64 66 279
1 3600 594
10
91 75 72 83 80 173 174 71 66 478
1 3600 1011
10
349 347 87 84 306 173 61 58 212 286
1 3600 1011
15
103 99 94 252 83 84 295 292 319 237 145 146 150 154 430
1 3600 389
12
124 19 16 510 3 4 427 135 43 40 499 489
1 3600 111
6
521 19 16 510 3 4
1 3600 44
5
123 124 19 20 506
1 3600 194
11
363 361 358 369 364 11 8 45 46 458 453
1 3600 918
16
103 99 92 320 83 80 307 295 290 317 237 238 149 146 150 137
1 3600 190
17
535 445 401 398 385 29 22 51 33 34 5 6 337 340 207 202 222
1 3600 58
6
125 122 365 101 99 92
1 3600 58
13
10 365 368 359 360 362 109 105 99 96 381 378 532
1 3600 58
5
103 99 94 252 321
1 3600 87
8
473 457 47 44 373 374 367 101
1 3600 39
5
13 8 45 48 54
1 3600 1011
14
9 12 19 16 510 3 6 337 340 410 421 422 415 418
1 3600 281
16
374 367 368 359 360 111 105 99 94 252 83 84 295 290 317 237
1 3600 100
9
371 365 101 99 92 320 83 80 307
1 3600 50
5
363 361 358 369 366
1 3600 146
3
45 48 56
1 3600 1011
17
124 19 14 378 77 72 83 80 173 176 171 164 470 461 241 187 184
1 3600 1011
20
535 445 401 398 385 386 519 516 383 91 75 72 83 84 295 292 169 164 470 461
1 3600 777
9
99 92 320 83 80 173 174 71 66
1 3600 481
24
455 47 44 9 10 365 368 359 360 362 109 105 99 94 252 83 84 306 173 61 64 66 279 274
1 3600 777
13
10 370 374 367 101 99 92 320 83 80 173 61 58
1 3600 1011
17
46 456 474 445 401 398 385 29 22 37 30 40 522 483 486 490 496
1 3600 1011
12
377 371 123 124 19 16 510 3 4 133 43 38
1 3600 505
13
53 49 46 456 474 127 130 401 398 385 29 22 51
1 3600 131
5
55 49 46 456 474
1 3600 114
3
458 453 450
1 3600 1011
14
55 49 44 9 12 19 14 378 77 78 345 339 340 410
1 3600 918
17
357 354 359 360 362 103 99 94 252 83 84 295 290 317 237 145 146
1 3600 215
7
377 371 123 124 19 16 512
1 3600 58
7
357 352 375 371 123 124 520
1 3600 58
4
47 44 373 371
1 3600 211
4
377 372 45 46
1 3600 1011
21
357 354 359 360 111 105 99 96 381 378 89 75 78 346 335 340 410 265 262 417 412
1 3600 1011
19
55 49 44 373 374 367 101 99 92 320 83 80 173 176 171 166 249 227 228
1 3600 459
16
55 49 44 9 10 365 368 359 360 362 103 99 94 252 83 84
1 3600 150
3
44 373 374
1 3600 88
4
357 354 119 116
1 3600 1011
20
357 354 359 360 111 105 99 92 320 83 84 295 245 246 466 470 217 218 187 184
1 3600 1011
20
456 474 445 401 398 385 386 519 516 383 91 75 72 83 80 173 174 224 298 463
1 3600 1011
16
49 44 9 10 365 101 99 94 252 83 80 173 174 71 66 279
1 3600 842
16
47 44 9 12 19 14 378 77 72 83 84 306 173 61 64 68
1 3600 842
13
44 373 374 367 101 99 92 320 83 80 173 61 62
1 3600 1011
10
419 414 423 409 410 205 202 153 150 154
1 3600 674
12
263 264 411 341 336 429 135 43 40 499 489 484
1 3600 1011
12
263 264 411 341 336 7 4 35 36 23 24 526
1 3600 1011
15
419 414 423 409 341 336 7 2 517 518 387 384 399 400 131
1 3600 1011
14
264 411 341 336 7 2 517 518 387 384 399 400 446 450
1 3600 67
7
162 201 193 179 182 153 139
1 3600 108
7
413 414 423 420 411 341 334
1 3600 316
7
162 263 264 411 341 338 344
1 3600 1011
23
162 201 198 216 471 467 247 244 294 85 82 73 74 90 382 517 518 387 384 399 400 444 534
1 3600 1011
21
161 162 201 196 226 248 167 170 177 172 81 82 321 93 98 100 364 11 8 45 46
1 3600 155
5
416 201 198 218 242
1 3600 75
3
416 201 196
1 3600 75
11
419 414 423 420 205 202 183 180 220 477 239
1 3600 75
11
159 162 263 264 205 195 190 226 248 167 168
1 3600 253
10
264 411 207 195 190 226 248 167 168 293
1 3600 1011
19
419 416 201 198 216 471 467 247 244 294 85 82 253 95 98 104 110 361 358
1 3600 1011
19
159 162 201 196 226 248 167 170 177 172 81 82 321 93 98 104 110 361 113
1 3600 246
6
416 201 198 218 187 184
1 3600 153
6
201 198 218 240 407 257
1 3600 632
22
161 162 263 264 205 202 183 180 220 233 230 248 250 471 465 299 225 71 66 279 276 326
1 3600 1011
17
162 263 264 411 207 195 190 226 248 250 461 462 299 225 71 68 309
1 3600 1011
13
201 198 216 471 465 299 225 71 66 478 325 301 304
1 3600 1011
9
217 199 193 179 182 153 150 154 430
1 3600 421
16
471 165 168 293 294 85 86 345 339 336 429 135 43 40 522 483
1 3600 532
18
239 236 316 291 294 306 81 82 73 74 90 382 517 518 387 29 24 528
1 3600 842
16
167 170 177 172 81 82 73 76 89 90 382 517 518 387 384 440
1 3600 1011
18
467 247 177 172 307 85 82 253 95 98 100 366 375 372 45 46 458 453
1 3600 121
7
231 232 221 143 146 139 140
1 3600 80
3
221 181 182
1 3600 80
10
476 233 230 227 191 194 206 341 338 342
1 3600 75
11
216 251 167 168 293 294 85 82 73 76 532
1 3600 289
12
236 316 291 294 306 81 82 73 76 379 15 18
1 3600 1011
20
226 248 167 170 177 172 81 82 321 93 98 102 363 361 358 369 364 11 8 45
1 3600 95
4
197 198 218 242
1 3600 95
4
470 217 199 200
1 3600 95
7
233 230 227 197 200 417 418
1 3600 81
4
234 249 227 228
1 3600 98
5
471 467 247 244 294
1 3600 98
3
316 291 245
1 3600 98
3
235 236 316
1 3600 98
4
477 239 236 314
1 3600 229
13
196 226 248 167 168 293 294 85 82 253 95 98 100
1 3600 1011
16
143 144 236 318 293 294 85 82 321 93 98 104 110 361 358 355
1 3600 459
5
192 198 218 187 184
1 3600 56
7
143 144 234 250 461 407 404
1 3600 153
7
293 245 177 61 64 66 279
1 3600 421
7
164 465 299 225 71 68 330
1 3600 1011
6
471 467 247 177 61 62
1 3600 1011
10
176 244 292 319 237 238 149 146 150 154
1 3600 594
10
291 294 306 81 86 346 335 336 429 135
1 3600 459
10
81 86 345 339 336 7 4 35 32 50
1 3600 505
14
315 316 291 294 85 82 73 74 88 379 15 16 509 506
1 3600 1011
13
294 85 82 253 95 98 100 366 375 372 45 46 458
1 3600 459
10
292 169 166 249 227 191 194 204 421 424
1 3600 96
3
81 86 346
1 3600 37
5
177 172 81 82 321
1 3600 92
10
247 177 172 307 85 82 321 93 98 102
1 3600 594
18
247 177 172 81 82 253 95 98 102 363 361 358 369 364 11 8 45 48
1 3600 289
8
315 318 169 164 465 463 241 242
1 3600 45
7
307 295 245 171 166 249 231
1 3600 45
6
65 60 176 244 290 317
1 3600 107
3
177 172 307
1 3600 30
9
294 85 82 321 93 98 104 110 361
1 3600 325
13
315 316 291 294 85 82 253 95 98 100 366 353 350
1 3600 1011
7
174 224 298 463 241 187 184
1 3600 136
6
515 317 237 234 250 461
1 3600 75
5
291 245 177 174 224
1 3600 136
7
173 61 64 66 279 274 282
1 3600 594
4
61 58 212 286
1 3600 1011
9
60 176 171 166 235 145 146 150 154
1 3600 1011
13
364 123 124 19 16 510 3 4 427 135 43 40 499
1 3600 594
14
362 103 99 96 381 378 89 90 382 517 518 387 29 24
1 3600 421
15
107 108 363 361 358 369 366 375 372 45 46 456 474 127 130
1 3600 1011
8
358 369 366 375 372 45 46 458
1 3600 1011
15
368 359 360 111 105 99 96 381 378 77 78 345 339 340 410
1 3600 348
15
115 112 360 362 103 99 94 252 73 78 346 335 340 207 202
1 3600 86
7
367 101 99 96 381 378 532
1 3600 44
8
60 172 81 82 321 93 98 102
1 3600 180
8
107 110 361 358 369 364 370 376
1 3600 1011
19
367 368 359 360 111 105 99 92 320 73 78 345 339 340 410 265 262 163 156
1 3600 197
11
362 109 105 99 94 252 83 84 295 292 169
1 3600 56
7
101 99 92 320 83 80 173
1 3600 56
11
367 101 99 94 252 83 84 295 290 317 314
1 3600 127
12
333 69 70 175 172 81 82 253 95 98 104 106
1 3600 41
17
333 69 70 175 172 307 85 82 321 93 98 104 108 363 361 113 116
1 3600 1011
20
367 368 359 360 362 103 99 92 320 83 80 173 176 246 466 470 461 241 187 184
1 3600 481
9
333 330 479 67 70 224 298 463 241
1 3600 177
12
360 111 105 99 94 252 83 84 295 245 246 468
1 3600 64
15
367 101 99 92 320 83 80 173 174 71 66 279 276 328 439
1 3600 183
3
333 309 215
1 3600 1011
20
57 49 46 458 129 130 401 398 385 29 22 51 33 30 40 522 433 434 490 496
1 3600 1011
18
117 118 369 364 123 124 19 16 510 3 4 133 43 40 499 489 486 490
1 3600 1011
14
351 352 375 371 11 12 19 16 510 517 518 387 29 24
1 3600 632
8
352 375 371 123 124 19 20 504
1 3600 918
4
57 49 46 458
1 3600 1011
16
117 112 360 362 103 99 96 381 378 89 75 78 346 335 340 410
1 3600 1011
19
117 112 360 111 105 99 94 252 83 84 295 292 319 237 238 149 142 181 182
1 3600 337
8
57 49 44 9 12 19 16 510
1 3600 111
4
354 359 360 362
1 3600 91
6
351 352 375 372 45 48
1 3600 1011
18
112 360 362 103 99 96 381 378 77 78 345 339 340 410 265 262 163 156
1 3600 777
18
117 118 359 360 111 105 99 92 320 83 80 173 176 171 166 249 227 228
1 3600 273
11
117 112 360 362 103 99 94 252 83 84 306
1 3600 36
12
354 359 360 111 105 99 92 320 83 80 173 61
1 3600 187
6
57 49 44 373 374 353
1 3600 1011
24
57 49 46 456 474 445 401 398 385 29 22 37 34 427 428 337 340 207 195 192 198 218 187 184
1 3600 1011
20
57 49 44 9 12 19 14 378 89 75 72 83 84 295 245 246 466 465 463 241
1 3600 674
22
57 49 46 458 453 447 401 398 385 386 519 516 383 91 75 72 83 80 173 176 246 468
1 3600 162
20
57 49 44 9 12 19 14 378 77 72 83 84 306 173 174 71 66 279 274 282
1 3600 93
18
117 118 359 360 362 109 105 99 94 252 83 80 173 61 58 212 286 304
1 3600 1011
17
185 186 219 199 193 194 206 341 336 429 135 43 40 522 433 436 496
1 3600 1011
17
185 186 219 199 193 194 204 411 341 336 429 135 43 40 499 489 486
1 3600 1011
15
185 186 219 199 193 194 206 341 336 7 4 35 36 23 24
1 3600 1011
20
185 186 240 462 464 165 170 244 294 85 82 73 74 90 382 517 518 387 384 442
1 3600 1011
22
185 186 219 199 193 194 204 411 341 336 7 2 517 518 387 384 399 400 131 128 453 450
1 3600 1011
8
185 186 219 199 193 194 206 408
1 3600 1011
7
185 186 219 199 193 179 182
1 3600 1011
16
185 186 240 462 299 225 175 172 81 82 73 76 379 15 16 512
1 3600 1011
16
185 186 240 460 251 167 168 293 294 85 82 73 76 379 15 18
1 3600 1011
20
185 186 240 462 464 165 170 177 172 81 82 253 95 98 102 363 361 358 355 356
1 3600 126
7
185 186 219 199 200 163 156
1 3600 180
7
185 186 240 460 251 249 231
1 3600 777
7
185 186 240 462 464 467 247
1 3600 1011
9
185 186 240 462 299 225 71 68 332
1 3600 1011
18
185 186 240 460 471 165 168 293 294 85 82 321 93 98 104 110 361 113
1 3600 68
5
185 186 240 407 404
1 3600 722
9
185 186 240 462 299 225 71 66 279
1 3600 1011
10
185 186 240 462 299 225 71 66 478 313
1 3600 1011
10
185 186 240 462 299 225 71 68 309 211
1 3600 1011
18
460 251 249 227 191 194 206 341 336 429 135 43 40 522 433 434 490 496
1 3600 1011
18
462 464 470 251 249 227 191 194 204 411 341 336 429 135 43 40 499 489
1 3600 1011
13
464 470 217 199 193 194 206 341 336 429 426 35 32
1 3600 1011
19
405 406 460 471 467 247 177 172 81 82 73 74 90 382 517 518 387 384 442
1 3600 1011
19
460 471 165 170 244 294 85 82 73 74 90 382 517 518 387 384 399 400 446
1 3600 722
9
258 464 470 251 235 145 146 150 137
1 3600 404
15
405 406 460 251 249 231 232 221 181 182 203 204 411 341 336
1 3600 439
12
258 464 467 247 177 172 81 82 73 74 90 382
1 3600 918
18
460 471 165 168 293 294 85 82 73 76 379 15 18 13 8 45 46 454
1 3600 1011
20
405 257 258 464 165 170 177 172 81 82 73 76 379 15 18 13 8 45 48 52
1 3600 153
4
405 406 241 242
1 3600 45
5
406 460 251 249 231
1 3600 120
4
219 216 471 467
1 3600 459
6
257 258 299 225 71 65
1 3600 1011
15
258 464 165 168 293 294 85 82 253 95 98 100 366 353 350
1 3600 136
4
463 241 187 184
1 3600 150
4
240 462 259 256
1 3600 46
9
462 299 225 71 66 279 276 326 480
1 3600 325
5
299 225 71 66 478
1 3600 1011
11
258 299 225 71 66 279 274 282 323 301 302
1 3600 1011
16
225 175 172 81 86 346 335 336 429 135 43 40 522 433 436 496
1 3600 1011
18
481 327 277 278 67 65 60 172 81 86 345 339 336 429 135 43 40 522
1 3600 1011
15
225 175 172 307 85 86 346 335 336 7 4 35 36 23 26
1 3600 1011
20
255 256 406 460 471 165 170 244 294 85 82 73 74 90 382 517 518 387 384 399
1 3600 1011
19
278 67 65 60 172 81 82 73 74 90 382 517 518 387 384 399 400 131 128
1 3600 1011
13
278 67 70 175 176 171 166 249 227 191 194 204 421
1 3600 594
15
481 327 277 278 67 65 60 176 244 290 317 237 238 149 146
1 3600 389
10
469 247 177 172 81 82 73 76 379 15
1 3600 561
18
469 247 244 294 85 82 73 74 90 382 517 518 387 384 399 400 444 475
1 3600 1011
18
255 258 464 467 247 177 172 81 82 321 93 98 100 364 11 8 45 48
1 3600 594
16
481 327 277 278 67 70 175 176 171 166 249 227 197 200 417 418
1 3600 110
6
469 466 470 251 235 238
1 3600 60
8
278 67 65 60 176 244 290 514
1 3600 148
11
469 247 244 294 85 82 253 95 98 102 363
1 3600 674
17
285 275 278 67 70 175 172 81 82 321 93 98 104 110 361 113 116
1 3600 1011
5
298 463 241 187 184
1 3600 84
7
278 67 70 224 298 259 256
1 3600 84
10
481 327 277 278 67 70 224 298 259 256
1 3600 206
5
469 466 465 259 254
1 3600 84
8
481 327 281 284 439 323 324 331
1 3600 84
3
439 323 324
1 3600 459
5
281 282 323 301 287
1 3600 1011
20
289 213 59 60 172 307 85 86 345 339 336 429 135 43 40 499 489 486 490 496
1 3600 1011
11
331 69 65 60 172 81 86 346 335 336 429
1 3600 1011
16
275 278 67 65 60 172 307 85 86 345 339 336 7 4 35 32
1 3600 1011
17
324 313 311 211 208 59 60 172 81 82 73 76 379 15 16 509 506
1 3600 1011
19
324 331 69 70 175 172 307 85 82 253 95 98 100 364 370 372 45 46 458
1 3600 1011
18
275 278 67 70 175 176 244 292 319 237 145 142 181 182 203 206 408 424
1 3600 918
8
311 215 59 60 172 81 86 346
1 3600 439
11
211 208 59 60 172 307 85 82 73 76 379
1 3600 389
12
69 70 175 172 81 82 321 93 98 100 366 375
1 3600 918
14
69 65 60 172 307 85 82 253 95 98 100 364 370 376
1 3600 1011
14
312 479 67 70 175 176 171 166 249 227 197 200 163 156
1 3600 337
7
479 67 65 60 176 244 292
1 3600 120
3
311 308 69
1 3600 61
11
289 213 59 60 172 81 82 321 93 98 100
1 3600 177
18
275 278 67 70 175 172 307 85 82 253 95 98 102 363 361 358 355 350
1 3600 1011
11
283 275 278 67 70 224 298 463 241 187 184
1 3600 325
11
322 438 285 275 278 67 70 224 298 463 241
1 3600 46
4
283 280 326 480
1 3600 153
3
324 313 311
1 3600 48
5
323 301 287 213 209
1 3600 1011
17
63 60 172 81 86 346 335 336 429 135 43 40 522 483 486 490 496
1 3600 1011
13
303 287 213 59 60 172 307 85 86 345 339 336 429
1 3600 1011
16
305 287 213 59 60 172 81 82 73 74 90 382 517 518 387 29
1 3600 1011
17
63 60 172 307 85 82 73 74 90 382 517 518 387 384 399 400 131
1 3600 1011
20
209 210 308 69 70 175 172 81 82 73 76 379 15 18 13 8 45 46 458 453
1 3600 1011
20
288 312 479 67 70 175 176 244 290 317 237 238 476 221 181 182 203 204 421 424
1 3600 1011
9
59 60 172 307 85 86 346 335 336
1 3600 918
12
300 322 438 329 277 278 67 70 175 172 81 82
1 3600 561
14
214 308 69 65 60 172 307 85 82 321 93 98 104 108
1 3600 842
21
305 287 288 312 479 67 70 175 172 81 82 73 76 379 15 18 13 8 45 48 54
1 3600 1011
14
303 287 213 59 60 176 171 166 249 227 197 200 417 418
1 3600 1011
13
300 322 283 275 278 67 65 60 176 171 166 249 231
1 3600 459
10
287 213 209 210 308 69 70 175 176 246
1 3600 150
17
287 213 59 60 172 307 85 82 253 95 98 104 110 361 358 119 114
1 3600 89
19
288 312 479 67 70 175 172 81 82 73 76 379 15 18 13 8 45 48 56
1 3600 1011
11
213 214 308 69 70 224 298 463 241 187 184
1 3600 1011
10
300 322 283 275 278 67 70 224 298 463
1 3600 439
7
210 310 312 325 322 438 329
1 3600 86
3
303 287 288
1 3600 86
4
303 300 324 331
1 3600 219
3
212 286 304
