371
1 3600 123
4
25 26 107 108
1 3600 79
5
135 132 138 314 325
1 3600 79
3
28 324 370
1 3600 79
5
31 32 324 315 223
1 3600 190
12
351 352 356 321 322 372 400 249 215 51 52 152
1 3600 382
16
27 28 324 315 223 17 9 12 36 155 53 50 212 61 62 242
1 3600 382
18
316 351 345 346 356 321 295 298 273 85 86 184 233 234 329 326 61 62
1 3600 54
3
345 348 398
1 3600 153
5
316 351 352 356 392
1 3600 318
16
109 106 355 350 23 24 32 324 315 312 322 111 114 118 122 187
1 3600 382
19
355 350 317 318 137 132 138 312 295 296 73 74 282 284 275 179 171 174 387
1 3600 382
18
28 324 315 223 21 3 6 40 44 163 79 55 50 210 328 376 381 207
1 3600 382
7
351 352 356 321 295 300 306
1 3600 382
14
23 24 32 324 315 312 295 296 293 288 149 99 102 334
1 3600 382
15
106 27 28 324 315 223 17 18 276 372 117 120 270 267 225
1 3600 382
18
109 106 355 345 346 356 321 322 111 112 281 269 265 217 199 169 125 126
1 3600 382
26
27 24 30 318 137 132 138 223 21 3 4 10 276 372 117 118 83 86 182 275 179 180 241 238 391 257
1 3600 382
10
352 356 321 295 296 259 262 195 190 228
1 3600 382
5
316 351 345 339 340
1 3600 382
15
27 24 32 324 315 312 295 296 259 65 68 189 192 201 196
1 3600 382
17
28 324 315 312 322 372 400 253 187 184 157 158 172 91 88 128 144
1 3600 27
8
371 325 29 22 351 354 107 108
1 3600 109
5
279 19 16 222 314
1 3600 43
7
315 223 17 9 12 34 43
1 3600 43
6
21 3 6 39 34 46
1 3600 153
11
279 11 12 36 246 153 53 50 212 61 58
1 3600 382
14
21 3 6 40 42 48 165 79 55 50 210 326 61 62
1 3600 112
6
325 33 30 318 367 364
1 3600 69
3
222 312 320
1 3600 93
7
132 138 312 295 298 273 85
1 3600 318
15
141 138 223 17 18 276 111 114 118 83 86 184 157 160 382
1 3600 382
15
324 315 312 322 111 112 281 282 284 275 179 171 174 387 205
1 3600 382
7
315 312 295 300 291 288 149
1 3600 347
19
132 138 223 17 9 10 276 372 117 120 270 267 264 189 190 230 101 102 334
1 3600 382
14
29 22 351 352 356 321 295 296 73 67 68 265 225 201
1 3600 382
15
21 15 9 12 34 46 155 53 50 210 328 235 232 177 180
1 3600 382
22
33 25 22 351 345 346 356 321 322 372 400 249 250 187 182 219 199 169 93 94 126 142
1 3600 382
9
371 315 312 295 296 293 288 149 146
1 3600 382
7
136 319 316 351 352 343 336
1 3600 382
11
17 18 276 111 112 281 269 265 217 199 196
1 3600 382
20
371 315 223 21 3 6 39 36 246 153 81 55 50 212 374 207 208 254 143 144
1 3600 212
8
5 2 20 222 314 325 29 26
1 3600 46
6
35 13 8 16 222 139
1 3600 46
7
37 38 7 2 20 222 139
1 3600 87
3
15 9 12
1 3600 51
8
276 372 400 249 215 210 326 61
1 3600 51
3
40 44 360
1 3600 51
6
42 48 165 79 55 50
1 3600 382
6
153 53 50 212 61 62
1 3600 347
4
276 323 320 357
1 3600 136
4
4 10 276 323
1 3600 40
7
155 53 50 214 248 401 117
1 3600 90
9
276 111 114 120 270 284 275 179 171
1 3600 382
11
276 111 114 118 122 187 184 157 160 382 205
1 3600 382
9
4 10 276 111 112 299 300 291 288
1 3600 382
16
44 163 79 55 50 214 250 123 83 84 272 281 75 67 64 262
1 3600 347
16
39 34 46 246 153 53 50 214 248 253 187 182 275 221 216 225
1 3600 382
14
6 40 42 48 165 79 55 50 210 328 376 382 384 388
1 3600 382
9
12 36 155 53 50 212 374 207 202
1 3600 382
15
41 39 13 8 18 276 372 117 120 270 283 269 189 190 228
1 3600 382
15
35 38 7 2 20 222 314 325 33 30 316 351 345 339 336
1 3600 382
12
246 153 81 55 50 214 250 187 182 219 199 196
1 3600 382
15
18 276 111 112 273 85 86 184 157 158 172 238 131 128 144
1 3600 382
11
214 248 401 373 323 320 357 353 354 107 108
1 3600 182
6
154 47 35 13 10 278
1 3600 92
4
81 78 164 49
1 3600 92
8
213 51 54 78 162 45 41 39
1 3600 92
13
245 63 60 327 211 51 52 152 247 37 38 7 4
1 3600 92
6
77 80 154 47 35 13
1 3600 92
4
77 80 152 247
1 3600 68
5
50 210 326 61 58
1 3600 75
3
326 61 62
1 3600 382
17
59 60 374 380 161 156 185 87 84 272 299 294 320 357 347 348 396
1 3600 382
12
79 55 50 214 248 253 123 119 115 110 323 320
1 3600 81
7
80 53 50 214 250 123 119
1 3600 80
3
60 327 328
1 3600 80
5
50 210 328 376 382
1 3600 201
5
79 55 50 212 374
1 3600 382
17
245 63 60 327 328 235 232 177 178 274 285 283 75 72 293 290 308
1 3600 382
17
57 60 374 207 204 386 394 239 240 167 168 200 193 188 69 66 70
1 3600 382
11
80 53 50 214 248 401 117 120 270 267 264
1 3600 382
10
77 55 50 210 328 376 382 384 390 131
1 3600 382
6
57 60 374 207 208 254
1 3600 382
14
359 45 41 7 4 10 276 111 112 281 269 189 190 228
1 3600 382
18
245 63 60 327 328 376 161 156 185 87 84 272 299 294 320 357 343 336
1 3600 382
11
57 60 374 380 161 158 170 180 167 168 196
1 3600 382
9
210 328 376 382 386 394 131 128 144
1 3600 382
19
63 60 213 51 54 78 164 49 35 13 8 16 222 314 325 29 26 107 104
1 3600 382
18
63 60 327 328 235 232 177 178 274 285 283 75 72 297 294 313 139 140
1 3600 318
7
63 60 213 51 52 154 47
1 3600 32
7
63 60 327 211 51 54 78
1 3600 382
12
63 60 213 214 248 401 373 323 320 357 347 348
1 3600 382
18
63 60 374 207 204 386 175 170 178 221 216 264 69 64 258 297 294 320
1 3600 382
5
63 60 327 211 214
1 3600 174
5
63 60 327 328 235
1 3600 190
3
63 60 374
1 3600 382
17
63 60 374 207 208 256 390 239 91 92 168 200 193 190 230 101 102
1 3600 382
12
63 60 374 207 202 143 127 124 168 200 193 190
1 3600 382
11
63 60 327 328 235 232 185 182 219 216 225
1 3600 382
9
63 60 374 380 161 158 172 91 94
1 3600 382
9
63 60 327 328 376 382 384 257 254
1 3600 382
16
63 60 213 214 248 253 123 83 84 272 299 300 291 288 149 146
1 3600 382
12
63 60 213 214 248 401 373 323 320 357 343 336
1 3600 382
11
63 60 374 380 161 156 177 178 221 199 196
1 3600 382
11
63 60 327 328 376 382 386 394 131 128 144
1 3600 56
3
319 316 351
1 3600 112
4
319 31 32 324
1 3600 318
7
369 137 132 138 223 17 9
1 3600 382
13
366 319 316 351 352 356 321 322 372 400 249 215 210
1 3600 382
22
349 346 356 321 295 296 259 262 195 192 201 169 93 88 130 391 385 383 381 375 61 62
1 3600 116
7
347 344 350 317 318 367 364
1 3600 68
6
319 316 351 345 346 356
1 3600 190
8
369 137 132 138 312 322 372 117
1 3600 382
14
363 366 137 132 138 312 295 296 73 74 282 284 275 179
1 3600 382
14
397 349 346 356 321 295 298 273 85 86 184 157 160 381
1 3600 46
10
369 319 316 351 352 356 321 295 300 291
1 3600 87
13
369 137 132 138 312 295 296 293 288 149 99 102 334
1 3600 318
15
369 319 316 351 345 346 356 321 295 296 259 65 68 265 217
1 3600 382
16
399 349 346 356 321 295 296 259 262 195 192 201 169 166 241 238
1 3600 382
17
397 349 346 356 321 322 111 114 120 270 267 217 199 169 125 126 142
1 3600 382
12
369 137 132 138 312 295 300 291 288 149 99 96
1 3600 382
11
346 356 321 295 296 293 288 149 99 100 332
1 3600 382
11
346 356 321 295 298 281 282 267 225 201 196
1 3600 382
22
366 319 31 32 324 315 312 322 372 117 118 122 187 182 275 179 180 167 93 88 128 144
1 3600 136
4
357 353 354 107
1 3600 59
4
294 313 314 325
1 3600 106
4
298 113 110 277
1 3600 294
9
321 322 277 11 5 6 40 44 358
1 3600 382
10
393 321 322 372 400 249 215 212 61 62
1 3600 30
6
294 320 357 347 348 398
1 3600 25
10
321 322 277 19 9 12 34 46 246 310
1 3600 225
9
321 295 298 273 85 86 184 157 160
1 3600 382
13
321 295 296 73 74 282 284 275 179 171 174 387 205
1 3600 112
7
295 300 291 288 149 146 97
1 3600 46
7
295 296 259 262 195 190 230
1 3600 106
10
393 321 322 111 114 118 83 86 182 275
1 3600 382
13
393 321 322 111 114 118 122 187 184 157 158 172 240
1 3600 382
12
295 298 281 282 284 275 179 180 241 238 391 257
1 3600 382
5
296 293 288 149 146
1 3600 382
5
393 357 347 339 340
1 3600 382
10
321 295 296 73 67 68 189 192 201 196
1 3600 382
15
321 322 372 117 120 270 283 269 265 217 199 169 125 126 144
1 3600 382
11
123 119 116 373 323 313 314 325 33 25 22
1 3600 103
5
299 294 313 314 370
1 3600 40
9
121 115 110 277 11 5 6 40 42
1 3600 73
7
116 400 249 215 212 61 58
1 3600 382
8
114 118 122 251 215 212 61 62
1 3600 212
11
82 119 115 110 323 313 139 133 136 367 362
1 3600 63
4
83 84 272 299
1 3600 63
3
110 323 320
1 3600 89
3
115 112 273
1 3600 64
6
117 120 85 86 184 177
1 3600 64
6
86 182 275 179 171 174
1 3600 64
4
187 184 157 160
1 3600 382
4
237 234 376 381
1 3600 294
8
270 267 264 189 190 228 147 150
1 3600 79
6
182 219 216 225 193 190
1 3600 39
5
379 237 232 177 178
1 3600 103
11
115 112 281 282 284 275 179 171 174 387 384
1 3600 382
9
237 232 157 158 172 91 94 126 142
1 3600 382
6
112 281 269 189 190 228
1 3600 382
7
401 373 323 320 357 343 336
1 3600 382
6
120 270 267 217 199 196
1 3600 382
11
253 187 182 275 221 199 169 93 88 128 144
1 3600 382
16
386 175 170 178 274 285 283 75 72 297 294 320 357 347 344 350
1 3600 347
15
377 329 211 51 52 152 247 37 38 7 2 20 222 314 370
1 3600 89
9
387 383 377 329 211 51 54 80 152
1 3600 35
6
387 205 206 375 61 56
1 3600 382
5
234 329 326 61 62
1 3600 382
16
232 185 87 82 119 116 373 277 19 16 222 139 133 136 367 362
1 3600 273
15
384 390 131 89 92 168 200 193 194 263 258 297 294 320 392
1 3600 41
6
235 232 185 186 123 119
1 3600 41
9
386 175 159 156 185 87 84 272 113
1 3600 93
4
175 170 176 233
1 3600 50
3
387 205 206
1 3600 382
13
376 161 158 170 178 274 285 283 75 72 293 288 149
1 3600 273
8
156 177 178 221 216 264 69 64
1 3600 87
7
394 239 240 167 168 198 220
1 3600 49
3
394 391 388
1 3600 225
5
158 172 238 391 257
1 3600 382
8
177 180 167 168 200 193 190 228
1 3600 382
9
394 131 89 92 168 200 193 190 226
1 3600 382
10
376 381 207 202 143 127 95 92 168 196
1 3600 382
6
382 384 390 131 128 144
1 3600 382
18
204 383 377 329 211 51 54 78 162 45 41 7 2 20 222 314 325 29
1 3600 382
15
208 256 390 239 240 181 176 185 87 84 121 116 373 277 278
1 3600 382
10
206 375 213 51 52 154 37 13 8 14
1 3600 112
4
380 377 329 211
1 3600 254
3
375 61 62
1 3600 382
14
204 386 175 170 178 274 285 283 75 72 297 294 320 357
1 3600 382
11
204 386 175 159 156 185 186 252 401 373 323
1 3600 254
5
380 161 156 185 186
1 3600 32
6
207 208 256 390 239 173
1 3600 382
10
380 161 156 185 87 84 272 299 300 291
1 3600 382
11
207 202 143 129 89 92 168 200 193 194 263
1 3600 382
8
380 382 386 175 170 178 274 219
1 3600 159
4
207 208 254 143
1 3600 382
11
202 143 127 124 168 200 193 190 230 101 96
1 3600 382
12
208 256 390 239 91 92 168 200 193 190 230 332
1 3600 382
8
208 254 143 129 89 92 168 196
1 3600 382
4
207 202 143 144
1 3600 382
8
287 290 301 294 313 139 133 134
1 3600 382
6
148 289 292 297 294 313
1 3600 382
14
146 229 191 192 224 266 271 121 115 110 277 11 12 36
1 3600 382
17
151 99 100 231 191 188 268 280 273 85 82 122 251 215 210 326 61
1 3600 382
14
287 292 73 74 282 284 183 186 252 249 215 212 61 62
1 3600 50
12
151 148 289 290 301 294 313 139 133 136 367 364
1 3600 136
5
151 148 289 290 301
1 3600 294
10
291 292 73 74 280 113 114 116 400 249
1 3600 382
7
301 298 273 85 86 184 157
1 3600 382
13
305 149 146 229 191 192 201 169 125 126 142 255 209
1 3600 90
3
291 288 149
1 3600 75
7
100 231 191 192 224 264 69
1 3600 75
3
289 292 259
1 3600 75
6
103 96 229 191 188 69
1 3600 75
5
288 149 99 102 334
1 3600 166
8
103 100 231 191 192 224 217 218
1 3600 382
13
305 289 292 259 262 195 192 201 169 93 90 238 391
1 3600 382
10
96 229 191 192 201 169 93 88 128 142
1 3600 212
3
305 149 146
1 3600 239
8
290 301 294 320 357 347 339 340
1 3600 382
7
103 100 231 191 192 201 196
1 3600 382
12
151 99 96 229 191 192 201 169 93 94 126 144
1 3600 382
11
101 98 148 289 290 301 294 313 314 325 33
1 3600 382
7
261 258 297 294 313 314 325
1 3600 382
14
191 188 265 266 271 121 115 110 277 19 14 3 6 39
1 3600 382
15
191 192 224 264 268 280 113 110 277 11 12 34 48 361 358
1 3600 382
13
71 74 282 271 85 82 122 251 215 210 326 61 62
1 3600 100
9
71 72 297 294 313 139 133 136 368
1 3600 61
4
263 258 297 294
1 3600 84
7
65 68 265 266 271 121 116
1 3600 294
9
261 65 68 265 217 220 179 171 174
1 3600 382
11
261 65 66 74 282 284 183 184 157 160 381
1 3600 39
4
258 293 290 308
1 3600 39
6
101 98 148 289 290 306
1 3600 76
7
64 258 297 294 320 357 343
1 3600 38
3
262 195 192
1 3600 38
5
73 67 68 265 217
1 3600 190
8
231 191 192 201 169 93 88 128
1 3600 382
12
68 265 217 218 275 179 180 241 238 391 257 254
1 3600 103
12
228 147 148 289 292 297 294 320 357 347 339 340
1 3600 382
4
195 192 201 196
1 3600 382
8
231 191 192 201 169 125 126 144
1 3600 382
9
280 113 110 323 320 357 353 354 107
1 3600 382
12
183 186 123 119 116 373 277 19 16 222 139 140
1 3600 347
4
280 113 110 277
1 3600 382
12
282 271 85 82 122 252 249 215 212 61 62 242
1 3600 382
13
188 268 282 284 275 179 176 233 234 329 326 61 62
1 3600 347
12
268 280 273 121 116 373 323 320 357 347 348 396
1 3600 136
9
183 87 82 119 115 110 323 320 392
1 3600 40
13
192 224 266 271 121 116 400 249 215 51 52 152 310
1 3600 90
7
201 169 93 88 130 395 387
1 3600 382
5
183 184 157 160 381
1 3600 174
7
193 194 263 258 293 290 308
1 3600 37
7
269 189 190 228 97 102 334
1 3600 37
7
200 193 190 230 101 102 334
1 3600 84
4
198 218 285 283
1 3600 47
8
282 284 275 179 171 172 240 167
1 3600 47
3
199 169 93
1 3600 382
5
169 93 94 126 142
1 3600 382
3
193 190 228
1 3600 225
3
190 230 330
1 3600 382
9
284 275 179 180 241 91 88 128 144
1 3600 382
25
166 241 173 159 156 233 234 329 211 51 54 78 164 49 35 13 8 16 222 314 325 29 26 107 104
1 3600 382
11
239 240 181 176 185 186 252 401 373 277 278
1 3600 382
11
385 383 377 329 211 51 52 154 47 43 41
1 3600 318
7
395 387 205 206 375 61 56
1 3600 382
7
389 257 209 206 375 61 62
1 3600 382
16
127 95 90 240 181 178 274 285 283 280 299 294 320 357 347 348
1 3600 382
15
389 390 239 173 159 156 185 186 123 119 115 110 323 320 392
1 3600 95
10
124 166 181 178 274 285 271 272 113 114
1 3600 46
4
93 90 238 395
1 3600 225
3
391 385 205
1 3600 382
12
173 170 178 274 285 283 75 72 293 288 149 99
1 3600 174
8
131 89 92 168 200 193 190 230
1 3600 64
3
89 92 168
1 3600 64
3
92 168 198
1 3600 64
4
168 198 216 264
1 3600 112
4
390 239 91 94
1 3600 54
3
391 257 254
1 3600 382
15
385 386 175 170 178 221 216 264 69 64 258 293 288 149 146
1 3600 382
14
385 383 161 156 185 87 84 272 299 294 320 357 343 336
1 3600 382
4
240 167 168 196
1 3600 382
21
209 206 375 213 51 54 78 162 45 41 7 2 20 222 314 325 33 25 26 107 108
1 3600 382
17
203 204 383 377 329 211 51 52 152 247 37 13 8 16 222 139 140
1 3600 382
8
209 206 375 213 51 54 80 154
1 3600 382
5
256 385 383 377 329
1 3600 382
5
209 206 375 61 62
1 3600 382
15
203 204 386 175 159 156 185 87 82 119 115 110 323 320 357
1 3600 382
14
256 390 239 240 181 176 185 186 251 248 401 373 323 320
1 3600 382
11
256 390 395 175 170 178 274 183 87 84 272
1 3600 141
5
209 204 383 161 156
1 3600 382
16
256 390 239 173 170 178 274 285 283 75 72 293 288 149 99 102
1 3600 382
16
209 204 386 175 159 156 185 87 84 272 299 294 320 357 347 339
1 3600 254
9
143 127 95 92 166 181 178 274 285
1 3600 36
3
256 390 239
1 3600 382
8
143 127 124 168 200 193 190 228
1 3600 382
14
256 385 386 175 170 178 274 219 216 225 193 190 230 332
1 3600 382
7
256 390 131 89 92 168 196
1 3600 382
13
147 148 289 290 301 294 313 314 325 29 26 107 108
1 3600 382
12
97 98 148 289 292 73 74 280 113 110 277 278
1 3600 382
18
147 148 289 290 301 298 273 121 116 373 277 11 5 6 40 42 46 246
1 3600 382
15
229 191 188 265 266 271 85 82 122 251 215 212 61 62 244
1 3600 382
18
147 148 289 292 73 74 280 273 121 118 122 252 249 215 210 326 61 62
1 3600 382
10
97 98 148 289 290 301 294 320 357 347
1 3600 382
8
147 148 289 292 297 294 320 392
1 3600 382
8
229 191 188 268 282 271 85 82
1 3600 382
10
229 191 192 224 217 220 274 183 184 157
1 3600 382
11
229 191 192 224 217 220 179 171 174 387 205
1 3600 89
3
97 98 150
1 3600 174
3
229 191 194
1 3600 382
3
229 191 192
1 3600 382
7
229 191 192 201 169 125 126
1 3600 382
9
229 191 192 201 169 93 88 128 142
1 3600 112
3
97 100 330
1 3600 382
11
147 148 289 292 259 65 68 265 217 199 196
1 3600 382
8
229 191 192 201 169 125 126 144
1 3600 382
14
227 230 101 98 148 289 290 301 294 313 314 325 33 30
1 3600 382
11
227 228 147 148 289 290 301 294 313 139 133
1 3600 382
13
337 338 344 350 23 28 324 315 223 21 15 9 12
1 3600 382
12
331 231 191 188 268 280 113 114 116 400 249 215
1 3600 382
14
227 191 192 224 266 284 183 184 233 234 329 326 61 62
1 3600 382
7
337 342 353 350 317 318 367
1 3600 382
8
333 101 98 148 289 292 297 294
1 3600 382
7
227 191 188 265 266 271 121
1 3600 382
12
331 101 98 148 289 290 301 298 273 85 86 184
1 3600 382
16
333 101 98 148 289 292 73 74 282 284 275 179 171 174 387 205
1 3600 141
5
227 228 147 148 304
1 3600 59
7
337 342 356 321 295 296 259
1 3600 132
13
337 338 346 356 321 322 111 114 118 83 86 182 219
1 3600 382
7
227 191 192 201 169 93 90
1 3600 382
14
333 231 191 188 265 217 218 275 179 171 172 238 391 257
1 3600 347
12
341 342 356 321 295 300 291 288 149 99 100 330
1 3600 382
5
227 191 192 201 196
1 3600 382
19
341 338 346 356 321 322 372 117 118 83 86 184 177 180 241 91 88 128 144
1 3600 382
14
197 198 216 264 69 66 72 297 294 313 314 325 29 22
1 3600 382
13
197 198 218 183 186 123 119 115 110 277 19 14 20
1 3600 382
11
197 198 220 274 183 186 252 401 373 277 19
1 3600 382
11
197 198 218 183 186 251 215 212 61 62 242
1 3600 382
11
197 198 220 179 176 157 160 381 375 61 62
1 3600 382
13
197 200 193 194 263 258 297 294 313 139 133 136 367
1 3600 382
10
197 200 193 194 263 258 297 294 320 392
1 3600 382
6
197 198 218 183 186 251
1 3600 382
7
197 169 166 181 176 233 234
1 3600 382
8
197 169 93 90 173 159 160 381
1 3600 382
10
197 198 216 264 69 66 72 297 300 306
1 3600 254
12
197 198 216 264 268 280 113 110 323 320 357 343
1 3600 127
4
197 198 220 274
1 3600 347
3
197 169 125
1 3600 382
7
197 169 93 94 126 142 255
1 3600 382
5
197 200 193 190 228
1 3600 174
13
197 200 193 194 263 258 297 294 320 357 347 339 340
1 3600 382
6
197 169 93 88 128 144
1 3600 382
24
145 129 130 395 387 383 377 329 211 51 54 78 164 49 43 41 7 2 20 222 314 325 33 30
1 3600 382
20
145 129 130 395 387 383 377 329 211 51 52 152 247 47 35 13 8 16 222 314
1 3600 382
14
145 142 203 206 375 213 51 54 78 162 45 41 7 4
1 3600 382
6
145 142 203 206 375 61
1 3600 382
8
145 142 255 209 206 375 61 62
1 3600 382
19
145 127 95 90 173 159 156 185 87 82 119 116 373 323 313 139 133 136 368
1 3600 382
15
145 127 124 166 181 176 185 186 123 119 115 110 323 320 392
1 3600 382
12
145 129 89 90 173 170 178 274 285 271 272 113
1 3600 382
7
145 129 130 391 385 383 377
1 3600 382
3
145 142 203
1 3600 382
12
145 127 124 166 181 176 185 87 84 272 299 300
1 3600 382
8
145 129 89 92 168 200 193 190
1 3600 318
6
145 127 95 92 168 200
1 3600 190
4
145 129 89 90
1 3600 382
3
145 142 255
1 3600 382
8
145 127 124 168 200 193 190 228
1 3600 382
17
145 129 130 239 173 159 156 185 186 252 401 373 323 320 357 343 340
1 3600 382
6
145 127 95 92 168 196
