332
1 3600 98
3
296 325 326
1 3600 186
5
653 81 78 25 18
1 3600 186
11
337 338 342 309 312 324 393 394 449 446 496
1 3600 186
4
298 394 449 444
1 3600 186
4
329 327 324 305
1 3600 186
9
345 346 348 329 327 324 297 298 394
1 3600 186
8
266 324 393 394 449 444 503 504
1 3600 186
5
337 334 329 332 81
1 3600 186
4
651 449 446 496
1 3600 188
14
348 329 330 552 654 656 563 560 461 458 603 437 434 478
1 3600 642
25
326 332 652 385 386 563 519 520 461 443 319 5 8 95 92 17 14 669 471 474 537 179 174 539 542
1 3600 771
30
346 348 329 330 556 659 656 571 567 525 283 280 290 421 293 187 182 253 119 112 485 486 528 121 122 639 87 84 350 369
1 3600 183
3
654 658 694
1 3600 183
5
348 329 330 556 659
1 3600 183
16
339 334 329 332 652 385 386 563 519 516 522 275 276 582 577 578
1 3600 108
7
298 394 449 444 503 506 600
1 3600 248
18
340 344 309 312 324 393 394 449 444 514 588 479 435 436 29 3 6 643
1 3600 771
17
266 324 297 298 394 449 444 503 506 596 433 438 683 684 427 422 529
1 3600 771
25
334 329 330 552 654 656 571 567 525 522 257 254 606 613 237 233 185 180 165 151 148 189 192 195 198
1 3600 771
14
326 332 652 385 386 563 519 516 522 275 276 582 577 574
1 3600 700
13
651 449 444 503 506 598 459 460 285 259 45 43 40
1 3600 771
24
309 312 324 393 394 449 444 514 411 412 479 476 548 407 402 141 142 535 532 639 87 53 48 382
1 3600 771
25
303 306 301 298 394 449 444 503 506 598 603 29 26 440 691 419 293 187 182 167 137 138 153 148 189
1 3600 771
21
326 330 556 659 656 563 560 285 259 45 33 34 250 221 216 226 203 191 192 195 196
1 3600 110
10
502 445 448 395 19 24 79 80 652 553
1 3600 110
8
502 445 448 395 392 325 313 308
1 3600 110
7
79 80 333 328 349 347 344
1 3600 110
4
24 79 80 333
1 3600 110
3
304 325 326
1 3600 115
9
25 22 499 447 444 514 588 479 480
1 3600 118
4
411 412 479 476
1 3600 118
11
301 298 394 449 444 503 506 596 433 438 549
1 3600 118
6
447 444 514 588 479 476
1 3600 118
7
503 506 596 433 438 407 402
1 3600 118
4
433 434 478 413
1 3600 192
25
80 652 385 386 563 519 520 461 443 319 5 8 95 92 117 114 693 147 144 475 472 545 463 468 540
1 3600 514
27
80 652 654 656 571 567 525 283 280 290 611 237 233 109 110 635 636 625 622 355 352 157 160 105 98 55 58
1 3600 128
8
506 598 459 460 561 558 565 566
1 3600 113
7
499 447 444 503 506 598 603
1 3600 113
5
445 446 498 23 20
1 3600 82
12
447 444 514 411 412 479 435 436 29 3 6 429
1 3600 385
18
447 444 503 506 598 603 29 3 8 95 96 119 112 485 482 508 355 352
1 3600 771
9
596 433 438 683 684 427 422 676 680
1 3600 771
16
498 23 24 79 80 652 385 386 571 567 525 522 275 276 582 584
1 3600 593
18
447 448 395 299 296 325 326 330 552 654 656 563 560 285 259 45 33 30
1 3600 514
12
587 515 503 506 598 459 443 440 289 286 606 613
1 3600 700
14
588 479 476 548 683 15 10 115 118 252 183 184 230 209
1 3600 771
15
411 412 479 476 550 473 474 145 142 125 101 102 632 665 199
1 3600 183
21
683 15 16 93 94 9 4 318 442 460 521 518 562 657 655 553 331 328 335 338 269
1 3600 72
5
435 432 597 507 502
1 3600 72
8
434 478 589 515 445 446 498 500
1 3600 72
3
548 439 432
1 3600 110
5
591 479 435 438 407
1 3600 67
6
479 476 550 545 463 468
1 3600 67
5
550 473 474 537 179
1 3600 67
4
550 545 463 466
1 3600 145
14
479 435 438 407 402 141 144 537 179 176 87 84 350 369
1 3600 405
22
544 473 470 668 15 16 93 94 642 429 295 235 236 612 607 255 256 275 276 582 577 578
1 3600 111
5
436 602 459 460 521
1 3600 41
9
591 479 435 436 29 3 8 95 92
1 3600 120
14
435 436 29 26 440 691 419 293 187 180 165 137 138 168
1 3600 428
12
412 479 476 548 683 684 427 424 125 101 102 630
1 3600 771
17
141 146 692 115 118 252 183 184 230 247 35 32 43 38 276 582 584
1 3600 700
16
405 402 668 15 16 93 94 9 4 314 420 675 607 255 45 43
1 3600 428
14
435 436 29 26 440 289 290 611 237 233 230 209 210 272
1 3600 428
17
415 410 515 503 506 598 459 443 319 316 419 293 187 182 678 165 151
1 3600 771
11
402 141 142 425 422 676 161 162 192 321 322
1 3600 642
27
175 178 532 123 120 529 487 484 135 136 164 181 186 292 420 291 281 282 524 566 570 387 384 553 331 327 267
1 3600 197
9
465 462 544 551 477 478 589 515 445
1 3600 114
9
543 538 175 178 534 143 140 403 406
1 3600 114
4
470 403 406 439
1 3600 114
3
462 544 551
1 3600 114
5
533 536 475 472 545
1 3600 114
3
174 465 462
1 3600 102
6
543 469 464 175 176 638
1 3600 101
7
541 538 175 176 87 82 397
1 3600 101
7
84 91 75 72 262 270 455
1 3600 101
8
122 639 87 53 50 388 398 416
1 3600 101
7
391 51 52 84 350 369 366
1 3600 101
5
84 91 75 72 260
1 3600 101
14
543 469 464 175 176 87 84 350 65 62 263 264 689 686
1 3600 771
20
474 145 146 692 115 118 252 183 184 232 236 612 607 255 256 275 276 582 577 578
1 3600 350
18
547 175 178 534 425 426 685 682 439 432 597 507 502 445 448 395 19 20
1 3600 80
10
464 175 178 536 145 146 692 115 118 252
1 3600 117
4
146 692 115 112
1 3600 117
8
666 123 120 529 530 357 352 431
1 3600 135
11
239 240 399 396 83 86 638 123 101 102 630
1 3600 771
22
467 468 538 175 178 534 125 120 529 511 512 133 130 223 220 251 35 32 43 38 276 582
1 3600 771
9
123 120 529 487 488 629 213 208 608
1 3600 514
11
425 422 529 511 508 623 493 127 128 213 210
1 3600 335
9
84 91 88 171 99 104 161 158 205
1 3600 771
9
145 142 125 101 104 680 665 199 200
1 3600 771
27
368 77 74 57 54 99 104 161 156 431 155 150 164 181 186 292 418 690 441 442 460 561 562 657 658 557 331
1 3600 642
13
351 85 86 638 123 124 143 140 668 682 549 477 480
1 3600 171
9
381 49 52 86 638 533 536 475 472
1 3600 292
6
388 396 83 86 638 667
1 3600 292
8
242 51 52 86 177 174 539 542
1 3600 292
6
173 99 100 124 143 144
1 3600 292
9
173 170 89 90 85 86 177 174 539
1 3600 292
7
370 83 86 177 174 465 466
1 3600 292
9
261 73 76 351 85 86 177 174 546
1 3600 292
11
457 454 61 64 351 85 86 177 174 539 540
1 3600 292
7
364 451 452 171 99 100 124
1 3600 292
6
265 73 74 90 85 86
1 3600 292
7
417 399 396 83 86 638 533
1 3600 292
8
245 242 51 52 86 177 174 465
1 3600 292
3
389 243 238
1 3600 292
11
68 263 73 74 57 54 99 104 677 423 424
1 3600 292
7
271 63 64 351 85 86 177
1 3600 292
5
263 73 74 90 85
1 3600 280
10
62 263 73 76 351 85 82 397 398 416
1 3600 280
7
173 55 56 75 72 262 63
1 3600 280
6
60 271 263 73 74 88
1 3600 280
8
350 65 62 69 70 450 456 672
1 3600 771
24
59 54 99 104 161 162 190 202 408 620 401 107 108 232 236 610 291 281 282 517 518 562 657 658
1 3600 771
20
88 171 99 104 161 156 353 354 509 483 484 113 116 93 94 642 7 4 318 442
1 3600 220
13
49 52 86 638 123 120 423 426 692 11 16 93 94
1 3600 208
10
687 261 73 74 57 54 99 104 161 156
1 3600 208
11
265 73 74 88 171 99 104 677 529 511 508
1 3600 296
9
60 455 451 452 171 99 102 632 665
1 3600 296
5
451 452 171 99 102
1 3600 296
7
91 57 54 99 102 632 665
1 3600 296
11
67 68 263 73 74 57 54 99 104 680 665
1 3600 296
12
67 68 263 73 74 88 171 99 102 632 665 662
1 3600 771
16
171 99 104 161 158 205 206 229 217 220 251 35 32 44 256 640
1 3600 771
19
399 396 83 86 638 123 120 529 487 482 512 133 130 215 208 247 35 32 46
1 3600 771
13
57 54 99 100 120 529 487 488 629 213 214 223 220
1 3600 367
20
241 242 51 52 86 638 123 120 529 530 357 352 431 155 148 189 190 202 227 224
1 3600 771
9
74 88 171 99 104 680 665 199 196
1 3600 109
5
695 557 331 327 324
1 3600 109
11
661 559 562 387 384 653 333 328 349 347 341
1 3600 120
7
384 653 81 78 25 22 500
1 3600 367
19
661 565 525 522 257 254 606 613 237 234 294 428 643 95 92 17 14 682 549
1 3600 771
27
695 659 656 563 519 520 285 259 45 33 34 250 211 212 129 132 513 510 528 121 122 639 87 53 50 243 238
1 3600 771
19
525 283 280 286 606 613 237 233 109 110 635 489 486 528 121 122 639 87 53
1 3600 135
4
565 566 568 646
1 3600 127
6
656 563 560 461 458 603
1 3600 127
3
656 563 519
1 3600 127
10
647 569 567 564 559 560 461 458 599 600
1 3600 127
10
647 569 567 564 559 519 520 461 458 379
1 3600 127
5
565 566 570 387 361
1 3600 157
13
571 567 525 283 280 288 691 419 293 187 180 165 137
1 3600 771
14
525 522 275 39 42 33 34 246 231 185 182 167 137 134
1 3600 771
26
697 659 656 563 519 516 522 257 254 606 613 237 233 109 106 400 621 619 614 207 204 189 192 195 198 664
1 3600 124
8
695 659 656 563 519 516 522 640
1 3600 142
6
647 569 567 525 283 259
1 3600 335
23
567 564 559 560 461 443 319 5 8 95 96 119 114 693 427 424 535 532 639 87 53 48 382
1 3600 700
15
695 557 552 385 386 563 519 520 285 259 45 33 34 250 221
1 3600 771
21
659 656 563 560 285 280 290 675 613 237 233 109 106 400 621 409 203 191 192 321 322
1 3600 102
9
602 459 460 561 562 657 655 553 554
1 3600 57
9
360 384 653 81 78 25 22 499 496
1 3600 110
8
461 443 27 28 437 434 478 590
1 3600 335
9
603 437 438 683 669 471 474 537 532
1 3600 700
22
378 603 29 3 6 429 295 187 182 678 165 151 154 430 157 160 105 98 170 453 71 66
1 3600 81
12
363 360 386 571 567 525 522 275 276 582 577 572
1 3600 81
5
558 565 566 568 646
1 3600 81
10
21 24 79 80 652 385 386 571 568 646
1 3600 113
7
360 384 653 81 78 25 20
1 3600 70
10
280 290 421 315 5 8 95 92 17 14
1 3600 70
6
280 288 691 419 293 187
1 3600 70
15
359 360 386 563 519 520 461 443 319 314 293 235 233 109 110
1 3600 70
7
363 360 386 563 560 461 443
1 3600 220
21
359 360 386 563 519 516 522 275 39 42 33 34 246 209 214 131 126 492 622 355 352
1 3600 771
13
29 3 8 95 92 117 112 485 482 510 528 676 680
1 3600 233
17
21 18 394 449 444 503 506 598 459 460 521 516 522 275 276 582 577
1 3600 66
5
520 285 259 45 33
1 3600 101
11
377 378 603 29 3 6 429 295 235 233 230
1 3600 257
12
259 254 606 613 237 234 187 180 165 137 138 153
1 3600 771
17
280 290 611 237 233 109 106 400 621 619 614 207 204 189 192 195 200
1 3600 275
14
28 602 599 507 502 445 448 395 392 325 313 308 343 339
1 3600 98
7
294 428 7 2 28 602 599
1 3600 95
11
679 253 97 94 9 2 28 437 434 478 590
1 3600 95
11
134 113 114 693 685 682 549 477 478 413 414
1 3600 91
11
165 166 253 119 114 693 147 142 535 179 176
1 3600 220
13
137 138 168 430 157 160 105 98 55 56 75 72 262
1 3600 197
8
420 291 281 284 521 518 562 657
1 3600 124
8
183 186 292 418 690 289 281 282
1 3600 124
12
7 2 28 602 599 507 502 445 446 498 23 20
1 3600 124
7
643 9 2 28 602 599 600
1 3600 124
8
186 292 418 690 441 442 458 379
1 3600 124
8
318 442 460 561 562 387 361 362
1 3600 124
10
186 292 418 690 441 27 28 602 379 376
1 3600 71
4
691 419 293 187
1 3600 112
7
671 635 636 513 508 355 356
1 3600 112
11
421 418 317 5 8 95 96 119 112 485 482
1 3600 112
10
294 428 643 95 92 17 10 693 427 422
1 3600 112
9
294 428 643 95 92 17 14 684 427
1 3600 112
10
319 5 8 95 92 117 112 485 482 508
1 3600 214
7
252 167 151 148 159 160 680
1 3600 642
14
115 118 252 183 184 232 236 612 607 255 45 43 38 278
1 3600 115
5
235 236 612 607 255
1 3600 87
7
183 184 230 247 250 221 218
1 3600 87
8
286 606 613 237 233 230 209 210
1 3600 70
4
187 184 230 209
1 3600 593
11
293 187 180 165 137 138 153 148 189 192 195
1 3600 771
21
488 634 111 108 232 236 612 674 291 281 282 524 566 570 657 655 653 333 328 335 338
1 3600 367
12
486 528 423 426 685 682 549 477 478 413 410 586
1 3600 115
8
169 139 134 113 114 11 14 669
1 3600 55
11
356 531 528 121 122 639 87 82 397 389 390
1 3600 84
11
482 510 528 121 122 639 87 82 397 398 416
1 3600 771
15
135 136 164 181 184 230 247 35 32 43 38 276 582 577 572
1 3600 208
13
426 692 115 116 93 94 9 4 318 442 460 521 518
1 3600 54
6
357 354 509 483 484 135
1 3600 54
9
511 483 484 113 118 97 94 642 429
1 3600 54
10
169 139 136 164 181 186 292 418 690 441
1 3600 126
4
508 355 352 431
1 3600 60
4
485 486 530 698
1 3600 60
4
430 157 160 105
1 3600 771
15
354 623 624 133 130 223 220 251 35 32 43 38 276 582 584
1 3600 428
13
529 511 512 637 634 111 108 232 236 612 607 255 256
1 3600 104
13
423 426 685 15 16 93 94 9 4 316 419 420 611
1 3600 42
5
422 529 487 488 629
1 3600 220
6
676 161 162 192 195 200
1 3600 771
19
663 664 633 103 100 124 143 140 403 406 439 432 597 507 502 445 448 395 299
1 3600 771
18
632 681 677 423 426 685 682 439 432 597 507 502 445 448 395 299 300 307
1 3600 385
11
158 149 150 166 253 119 114 11 14 682 549
1 3600 116
11
663 664 633 103 100 124 535 179 174 539 542
1 3600 44
10
663 664 633 103 98 170 89 75 72 260
1 3600 771
20
162 190 206 615 618 620 401 107 108 232 236 610 291 281 284 561 562 657 658 696
1 3600 771
22
104 161 158 149 152 139 136 164 679 183 186 292 315 318 442 460 521 518 562 387 361 362
1 3600 160
16
631 632 665 199 194 193 188 149 150 164 181 186 292 418 690 441
1 3600 56
3
104 677 529
1 3600 56
6
631 632 681 161 156 431
1 3600 151
5
162 192 195 198 662
1 3600 771
17
199 194 193 188 205 202 227 217 220 251 35 32 43 38 276 582 584
1 3600 771
13
161 156 353 354 623 493 127 128 213 208 247 35 30
1 3600 350
12
699 357 354 623 624 637 634 111 108 232 236 612
1 3600 89
8
699 357 352 431 155 148 205 206
1 3600 118
3
665 199 200
1 3600 642
15
279 274 523 524 566 570 387 384 653 81 78 25 18 394 650
1 3600 771
11
581 277 274 523 517 518 562 657 655 653 81
1 3600 771
16
581 277 39 42 44 254 287 288 441 27 28 437 438 407 404 545
1 3600 771
15
581 277 39 42 33 34 246 231 185 182 253 119 114 693 147
1 3600 771
24
576 583 277 39 42 33 34 250 221 222 215 212 628 489 482 510 528 121 122 639 87 82 371 374
1 3600 90
9
576 583 277 274 523 524 566 568 648
1 3600 160
11
575 576 583 277 274 257 258 284 461 458 603
1 3600 367
12
277 274 257 254 606 613 237 233 185 182 678 165
1 3600 771
18
576 583 277 274 257 254 287 290 421 418 317 5 8 95 92 17 10 693
1 3600 771
15
581 277 39 42 33 34 250 221 216 228 207 191 163 160 105
1 3600 335
5
576 583 277 274 640
1 3600 120
5
583 277 39 42 46
1 3600 120
4
641 257 45 33
1 3600 120
5
583 277 39 42 44
1 3600 257
24
641 523 283 280 288 691 317 5 6 643 95 96 119 114 693 147 144 537 179 176 87 82 371 372
1 3600 700
15
585 583 277 274 257 254 606 674 421 293 187 180 165 137 138
1 3600 771
15
279 39 42 33 34 250 221 216 226 203 204 189 192 321 322
1 3600 593
16
47 44 258 284 461 458 599 507 502 445 448 395 299 300 307 302
1 3600 514
11
258 284 461 458 599 507 502 445 446 498 500
1 3600 642
12
37 32 44 258 284 461 458 599 507 502 514 411
1 3600 771
18
47 44 254 287 290 421 315 5 8 95 92 17 14 669 471 474 537 179
1 3600 771
20
34 246 231 109 106 400 621 409 203 204 159 160 105 98 55 56 75 72 262 63
1 3600 137
9
31 32 44 258 282 517 518 562 657
1 3600 60
7
42 44 258 284 461 458 379
1 3600 89
5
42 44 254 606 674
1 3600 405
15
274 523 283 280 290 675 613 237 233 109 110 635 489 486 528
1 3600 771
12
37 34 246 209 214 131 132 513 510 528 121 101
1 3600 54
4
276 582 577 574
1 3600 145
9
609 231 232 236 612 607 255 256 275
1 3600 69
5
39 42 33 34 246
1 3600 69
17
47 33 34 250 211 212 628 489 486 528 121 122 639 87 82 371 372
1 3600 69
18
34 246 231 185 182 253 119 114 693 147 142 535 532 639 87 82 371 372
1 3600 157
4
33 34 246 209
1 3600 771
14
609 231 109 106 400 621 619 614 207 191 192 321 322 604
1 3600 771
23
627 129 132 513 483 484 113 116 17 14 682 549 477 478 589 515 445 448 395 392 325 313 308
1 3600 550
17
249 246 231 232 234 294 428 7 2 28 602 599 507 502 445 446 496
1 3600 453
14
627 129 126 492 622 509 510 528 423 424 143 140 403 404
1 3600 514
6
373 370 83 86 177 174
1 3600 642
10
110 635 489 486 528 121 122 639 87 82
1 3600 385
8
231 232 236 610 291 281 282 524
1 3600 107
11
249 246 231 185 186 294 428 7 2 28 602
1 3600 78
11
273 221 222 131 132 513 483 484 113 118 97
1 3600 78
3
232 234 292
1 3600 115
6
249 250 211 212 628 489
1 3600 405
16
287 288 691 419 293 187 182 167 151 154 430 157 160 680 633 630
1 3600 405
24
373 370 83 86 638 533 536 475 470 668 15 16 93 94 9 4 314 420 675 607 255 256 275 276
1 3600 81
5
219 220 251 35 32
1 3600 81
4
236 612 607 255
1 3600 81
23
373 370 83 86 638 533 536 475 470 668 15 16 93 94 9 4 316 419 420 291 286 255 45
1 3600 96
3
230 209 210
1 3600 82
5
219 216 228 207 204
1 3600 82
6
250 221 216 226 408 620
1 3600 82
6
273 221 216 228 615 618
1 3600 82
3
209 214 223
1 3600 82
13
373 370 83 86 638 123 120 529 511 512 625 595 592
1 3600 367
9
273 221 216 226 203 191 192 321 322
1 3600 771
20
526 401 107 108 185 186 294 428 7 2 28 437 434 478 413 410 515 445 448 650
1 3600 771
17
636 513 483 484 113 114 11 14 682 439 432 597 507 502 445 446 496
1 3600 481
13
636 625 622 355 356 531 528 423 426 685 682 549 477
1 3600 385
8
163 160 105 98 170 89 90 85
1 3600 367
15
490 594 622 355 352 157 160 105 98 55 56 75 72 262 270
1 3600 771
16
594 624 637 634 111 108 232 236 610 291 281 282 524 566 568 644
1 3600 296
7
215 208 247 35 32 44 258
1 3600 141
6
202 408 620 401 107 110
1 3600 141
11
228 207 204 149 152 139 136 166 183 186 294
1 3600 156
6
191 188 149 152 139 134
1 3600 156
7
526 621 409 203 204 159 156
1 3600 156
6
594 622 509 510 528 423
1 3600 118
4
192 195 198 662
1 3600 771
10
127 130 215 208 247 35 32 43 38 276
1 3600 202
6
127 128 213 210 251 35
1 3600 166
10
206 615 618 620 401 107 108 232 236 612
1 3600 166
7
637 634 111 108 232 236 612
1 3600 166
7
526 401 107 108 232 236 612
1 3600 166
12
193 163 160 105 98 170 89 90 85 53 48 382
1 3600 166
5
629 129 130 215 208
1 3600 166
9
492 624 637 634 111 108 232 236 612
1 3600 166
11
203 191 188 149 150 164 181 186 292 420 675
1 3600 166
16
203 204 149 154 430 353 356 531 528 121 122 639 87 53 48 382
1 3600 166
6
636 133 130 223 220 272
1 3600 138
7
229 217 222 131 126 490 592
1 3600 138
5
614 207 191 188 149
1 3600 156
5
193 190 206 615 616
1 3600 156
4
225 228 615 616
1 3600 156
7
409 203 191 192 321 322 604
1 3600 156
9
128 213 214 223 216 226 408 619 616
1 3600 771
22
617 614 207 204 149 150 164 679 253 97 94 9 4 318 442 460 561 562 387 384 553 554
1 3600 771
21
201 198 664 633 103 100 124 143 140 471 472 551 477 478 589 515 445 448 395 299 300
1 3600 771
19
605 323 320 193 163 156 353 354 509 483 484 113 116 17 14 682 439 434 478
1 3600 771
8
201 198 664 681 677 423 424 535
1 3600 481
11
197 198 664 633 103 98 170 453 450 365 368
1 3600 771
20
201 194 193 188 149 152 139 136 164 181 186 292 418 690 289 281 282 524 566 568
1 3600 771
15
605 323 320 193 188 149 150 166 253 97 94 9 2 28 602
1 3600 350
14
201 194 193 188 149 152 139 136 164 679 253 97 94 642
1 3600 164
10
323 320 193 188 159 156 353 354 509 483
1 3600 92
6
323 320 195 198 664 633
1 3600 771
14
197 194 193 190 202 227 217 220 251 35 32 43 38 276
1 3600 771
13
197 194 193 188 205 206 229 217 220 251 35 32 46
1 3600 240
8
194 193 190 202 227 217 220 251
1 3600 70
5
201 194 193 188 149
1 3600 70
7
605 323 320 193 188 205 206
1 3600 70
8
201 194 193 190 206 229 217 222
1 3600 296
4
201 194 321 322
