129
1 3600 65
5
321 309 9 10 100
1 3600 91
7
295 109 91 86 164 243 244
1 3600 91
7
327 13 10 104 165 95 96
1 3600 91
9
165 166 171 99 92 233 219 222 145
1 3600 91
5
165 95 92 281 239
1 3600 91
15
317 309 9 10 102 110 118 71 69 66 251 211 197 200 206
1 3600 91
4
165 87 88 172
1 3600 113
20
295 292 123 124 139 121 7 2 69 64 249 211 35 36 126 128 45 46 174 183
1 3600 307
12
9 10 104 165 95 96 219 222 145 142 187 190
1 3600 88
4
327 13 10 102
1 3600 88
10
309 9 10 102 110 120 138 259 260 322
1 3600 88
8
311 9 10 104 165 87 90 108
1 3600 88
5
107 108 292 123 124
1 3600 88
11
327 13 10 102 110 7 4 77 74 132 156
1 3600 53
9
161 19 20 17 14 32 34 210 250
1 3600 307
19
317 309 9 10 104 165 166 171 168 172 231 232 281 199 202 270 276 297 298
1 3600 307
12
107 91 88 172 231 219 222 177 174 183 180 282
1 3600 48
11
266 149 141 144 223 218 97 94 164 105 11
1 3600 48
16
149 141 144 223 220 238 280 93 98 170 167 164 105 11 8 308
1 3600 48
6
144 223 218 97 94 164
1 3600 53
5
92 281 239 221 222
1 3600 63
11
231 219 222 145 140 148 267 268 265 262 195
1 3600 63
6
231 219 222 145 142 272
1 3600 63
5
148 267 229 226 262
1 3600 63
12
231 232 281 239 221 222 145 140 148 267 268 275
1 3600 63
8
199 202 117 114 41 38 46 174
1 3600 307
7
148 267 229 226 262 189 190
1 3600 38
12
266 149 141 144 223 207 201 196 35 33 15 16
1 3600 43
4
146 47 39 40
1 3600 43
9
141 144 223 220 205 201 196 210 248
1 3600 88
7
232 281 199 202 270 41 42
1 3600 307
5
177 174 183 180 282
1 3600 128
19
182 175 176 223 218 230 173 89 84 79 80 5 6 111 103 11 8 308 316
1 3600 53
4
263 264 269 266
1 3600 53
4
175 176 223 218
1 3600 53
13
225 228 266 149 141 144 223 220 238 280 233 230 234
1 3600 53
3
273 274 269
1 3600 45
6
126 128 45 46 174 183
1 3600 34
4
188 195 183 184
1 3600 128
19
273 143 140 146 47 44 129 127 37 34 210 248 65 68 70 119 120 27 22
1 3600 48
9
275 143 144 223 207 208 117 114 276
1 3600 35
7
265 227 228 266 149 146 47
1 3600 204
4
174 183 180 282
1 3600 307
10
193 186 143 144 223 218 232 93 94 164
1 3600 192
3
191 186 143
1 3600 39
4
191 188 195 175
1 3600 39
5
179 182 194 263 264
1 3600 219
5
191 188 195 183 184
1 3600 307
14
179 182 175 47 39 40 271 203 196 35 33 15 16 21
1 3600 278
10
179 182 175 47 44 129 127 37 34 210
1 3600 139
4
179 182 175 47
1 3600 139
6
191 188 195 183 180 282
1 3600 204
3
259 260 159
1 3600 204
5
86 164 105 11 12
1 3600 204
7
26 121 111 103 11 8 310
1 3600 204
6
257 258 139 121 111 103
1 3600 204
10
135 75 73 3 6 111 103 11 8 308
1 3600 204
3
113 103 100
1 3600 204
14
157 133 134 63 60 81 78 85 86 164 105 11 12 326
1 3600 204
7
60 81 78 85 86 164 105
1 3600 182
11
82 79 80 61 62 246 253 211 197 200 206
1 3600 182
8
109 91 86 95 96 219 222 145
1 3600 182
10
323 261 258 139 121 111 103 104 243 244
1 3600 182
14
61 58 66 251 211 197 200 204 221 222 145 140 148 267
1 3600 146
16
151 131 134 63 58 64 249 211 197 198 239 221 222 145 142 274
1 3600 307
16
77 73 69 66 251 211 35 36 126 128 43 38 46 174 183 178
1 3600 196
7
155 133 75 76 81 78 163
1 3600 196
8
155 133 75 73 70 119 120 27
1 3600 196
5
82 79 80 77 74
1 3600 196
7
23 26 121 118 71 72 76
1 3600 196
6
69 59 62 135 130 150
1 3600 196
12
151 131 134 63 60 81 78 163 21 18 158 261
1 3600 197
8
26 121 7 2 69 64 249 211
1 3600 197
3
2 69 64
1 3600 197
6
82 79 80 61 58 64
1 3600 197
6
134 246 253 211 197 202
1 3600 197
7
23 24 122 293 109 91 88
1 3600 197
10
155 133 134 246 253 211 197 202 117 55
1 3600 197
14
331 113 110 118 71 69 66 251 211 197 202 270 276 314
1 3600 197
16
7 4 81 78 85 86 166 171 99 92 281 239 205 208 117 114
1 3600 197
8
75 76 81 78 85 86 166 171
1 3600 197
9
155 133 134 246 253 211 197 202 117
1 3600 197
8
58 66 251 211 197 202 117 55
1 3600 197
9
257 260 159 19 20 162 85 88 169
1 3600 197
9
109 91 86 95 92 281 199 202 270
1 3600 197
6
72 76 81 78 85 88
1 3600 197
5
71 69 64 249 252
1 3600 197
14
331 113 110 118 71 69 66 251 211 197 202 117 55 52
1 3600 197
9
69 59 60 81 78 85 86 166 171
1 3600 170
11
64 249 211 35 36 126 128 45 48 212 298
1 3600 307
17
257 260 159 19 20 162 85 86 95 96 219 222 177 174 183 180 284
1 3600 60
14
115 116 203 198 280 93 98 170 167 164 105 11 8 308
1 3600 68
4
271 209 206 222
1 3600 68
8
249 211 197 200 204 221 222 145
1 3600 68
4
204 238 280 93
1 3600 46
5
206 222 145 142 272
1 3600 307
15
67 59 60 81 78 85 86 95 96 219 222 145 142 187 192
1 3600 79
7
34 210 250 67 68 3 6
1 3600 79
13
57 54 116 203 196 210 248 65 68 70 119 120 136
1 3600 79
7
203 196 210 250 67 68 3
1 3600 79
7
65 68 72 76 81 78 163
1 3600 79
3
89 84 83
1 3600 79
7
170 167 87 84 79 80 77
1 3600 79
9
247 63 60 5 6 120 138 259 260
1 3600 79
6
210 252 247 135 132 154
1 3600 49
6
201 198 280 233 97 94
1 3600 68
5
315 297 213 49 39
1 3600 68
4
270 276 297 298
1 3600 68
12
172 231 232 281 239 205 208 117 114 276 297 298
1 3600 307
11
211 35 36 126 128 43 38 46 174 183 180
1 3600 278
16
301 296 277 115 116 203 198 280 93 94 164 105 11 8 308 316
1 3600 68
6
299 296 277 271 203 198
1 3600 52
5
128 45 46 174 183
1 3600 52
10
213 49 46 147 148 267 268 265 262 189
1 3600 180
8
46 147 148 267 268 275 187 190
1 3600 106
13
42 129 127 37 34 210 250 67 68 70 119 120 136
1 3600 68
5
301 296 277 115 116
1 3600 68
13
296 277 271 209 204 238 280 233 230 173 169 170 167
1 3600 68
10
127 37 33 15 16 162 85 86 166 171
1 3600 68
5
296 277 115 55 56
1 3600 109
3
301 296 313
1 3600 69
6
217 49 46 174 183 180
1 3600 307
14
283 181 182 175 176 223 218 97 94 164 105 11 12 328
1 3600 307
7
285 181 182 194 263 227 228
1 3600 90
3
285 181 182
1 3600 113
5
181 182 194 189 190
1 3600 307
16
181 182 175 176 223 218 230 173 89 84 79 80 61 62 135 130
1 3600 219
14
181 182 194 263 264 269 266 149 141 144 223 207 201 196
1 3600 43
7
285 181 182 175 47 48 214
