135
31.451126 104.74885 1 1
31.468752 104.74966 2 0
31.467648 104.74795 3 1
31.465237 104.73833 4 0
31.464825 104.73294 5 0
31.4576 104.73771 6 0
31.454926 104.727684 7 0
31.460464 104.728935 8 0
31.443323 104.720604 9 0
31.457132 104.71733 10 0
31.453203 104.76655 11 0
31.469688 104.73444 12 1
31.469555 104.734436 13 1
31.437325 104.78092 14 0
31.437737 104.7252 15 0
31.437748 104.725075 16 0
31.44342 104.717674 17 0
31.44587 104.750114 18 0
31.452824 104.74274 19 1
31.457533 104.71947 20 1
31.457632 104.7209 21 0
31.440031 104.725006 22 1
31.443045 104.71773 23 0
31.450611 104.76201 24 1
31.44288 104.768196 25 1
31.446056 104.75517 26 1
31.443909 104.76917 27 1
31.43727 104.78108 28 0
31.44532 104.752075 29 1
31.440784 104.783615 30 0
31.440687 104.783646 31 0
31.465797 104.75055 32 0
31.467695 104.71759 33 0
31.469551 104.72898 34 0
31.445782 104.75011 35 0
31.469856 104.72909 36 0
31.466528 104.72726 37 1
31.471794 104.7266 38 0
31.44237 104.7187 39 1
31.445847 104.717674 40 0
31.450888 104.725494 41 1
31.44961 104.728065 42 1
31.451298 104.71827 43 0
31.451143 104.71815 44 0
31.441067 104.765594 45 1
31.460089 104.784195 46 0
31.447329 104.74283 47 0
31.460207 104.78424 48 0
31.456522 104.72171 49 0
31.461197 104.73464 50 0
31.461954 104.74046 51 1
31.45515 104.76255 52 0
31.45577 104.76354 53 0
31.460276 104.71733 54 0
31.466417 104.72731 55 0
31.457556 104.7375 56 1
31.465315 104.738235 57 0
31.46491 104.73285 58 1
31.471651 104.76233 59 0
31.471035 104.76051 60 0
31.471169 104.767555 61 0
31.460361 104.75884 62 1
31.463577 104.717636 63 0
31.46292 104.71751 64 0
31.46369 104.71751 65 0
31.44742 104.74244 66 0
31.471638 104.74071 67 0
31.47007 104.74897 68 0
31.471767 104.76228 69 0
31.460901 104.7581113 70 1
31.452057 104.748962 71 0
31.4601265 104.7578058 72 1
31.4678825 104.7488225 73 1
31.466577 104.748845 74 0
31.466855 104.7355225 75 1
31.4653225 104.7356185 76 1
31.4652738 104.7354095 77 1
31.4668597 104.7353913 78 1
31.4638487 104.7357517 79 0
31.463885 104.7359 80 0
31.459612 104.7369506 81 1
31.454389 104.7397517 82 1
31.4547383 104.732179 83 1
31.4565305 104.7251775 84 1
31.4612801 104.7286342 85 1
31.4611203 104.7285484 86 1
31.463325 104.727297 87 1
31.471745 104.726478 88 0
31.4696345 104.735342 89 1
31.4649741 104.7261157 90 1
31.4453317 104.7534964 91 1
31.446424 104.755025 92 1
31.45552 104.720407 93 1
31.4608132 104.728456 94 1
31.4618632 104.736451 95 1
31.4570377 104.7412453 96 1
31.4578238 104.743654 97 1
31.4497286 104.7600681 98 1
31.4535362 104.7758892 99 1
31.437892 104.7729425 100 1
31.454598 104.7713315 101 1
31.4607902 104.7478912 102 1
31.4604687 104.7531933 103 1
31.463075 104.7404887 104 1
31.4683745 104.7666888 105 1
31.4453873 104.751795 106 1
31.4513735 104.736174 107 1
31.4520925 104.7432938 108 1
31.45372 104.7444977 109 1
31.454348 104.752558 110 1
31.4652361 104.7354974 111 1
31.4653575 104.740616 112 1
31.469637 104.735525 113 1
31.4605915 104.71822 114 1
31.470635 104.767885 115 0
31.4713825 104.7294695 116 0
31.4656947 104.7479042 117 1
31.436231 104.7674128 118 1
31.4698391 104.7478984 119 1
31.4696573 104.7407853 120 1
31.4550465 104.7478625 121 1
31.4455885 104.752745 122 0
31.4356455 104.76475 123 0
31.4617546 104.7794468 124 1
31.464864 104.7230925 125 1
31.471183 104.729368 126 0
31.456582 104.72548 127 1
31.4711265 104.761214 128 1
31.464667 104.723387 129 0
31.4677839 104.7258382 130 1
31.453714 104.7176553 131 1
31.454033 104.73319 132 1
31.4558165 104.72997 133 0
31.463258 104.727073 134 1
31.470946 104.7526 135 1
165
58 77 286.70508827828536 16.67 3 3 2 3
1 0 0 0 1 0 0 0 1
1 0 0 0 1 0 0 0 1
58 111 296.0160275112133 16.67 3 3 4 5
1 0 0 0 1 0 0 0 1
1 0 0 0 1 0 0 0 1
58 87 635.5408747395362 16.67 3 3 6 7
1 0 0 0 1 0 0 0 1
1 0 0 0 1 0 0 0 1
42 22 970.3044307536285 16.67 3 3 8 9
1 0 0 0 1 0 0 0 1
1 0 0 0 1 0 0 0 1
42 83 667.8144391081092 16.67 3 3 10 11
1 0 0 0 1 0 0 0 1
1 0 0 0 1 0 0 0 1
42 41 310.5440032427929 16.67 3 3 12 13
1 0 0 0 1 0 0 0 1
1 0 0 0 1 0 0 0 1
8 50 638.204882266237 16.67 3 3 14 15
1 0 0 0 1 0 0 0 1
1 0 0 0 1 0 0 0 1
8 94 62.72472849640683 16.67 3 3 16 17
1 0 0 0 1 0 0 0 1
1 0 0 0 1 0 0 0 1
49 93 173.2891259708052 16.67 3 3 18 19
1 0 0 0 1 0 0 0 1
1 0 0 0 1 0 0 0 1
49 94 853.4919334592016 16.67 3 3 20 21
1 0 0 0 1 0 0 0 1
1 0 0 0 1 0 0 0 1
37 126 499.8915227257468 16.67 3 3 22 23
1 0 0 0 1 0 0 0 1
1 0 0 0 1 0 0 0 1
37 86 532.5494424678544 16.67 3 3 24 25
1 0 0 0 1 0 0 0 1
1 0 0 0 1 0 0 0 1
37 90 194.7170098106048 16.67 3 3 26 27
1 0 0 0 1 0 0 0 1
1 0 0 0 1 0 0 0 1
1 1 0.0 16.67 3 3 28 29
1 0 0 0 1 0 0 0 1
1 0 0 0 1 0 0 0 1
1 71 89.1928177197382 16.67 3 3 30 31
1 0 0 0 1 0 0 0 1
1 0 0 0 1 0 0 0 1
50 51 651.1655037236587 16.67 3 3 32 33
1 0 0 0 1 0 0 0 1
1 0 0 0 1 0 0 0 1
51 104 106.37884895892255 16.67 3 3 34 35
1 0 0 0 1 0 0 0 1
1 0 0 0 1 0 0 0 1
51 52 2539.813979391571 16.67 3 3 36 37
1 0 0 0 1 0 0 0 1
1 0 0 0 1 0 0 0 1
70 72 80.93955729557213 16.67 3 3 38 39
1 0 0 0 1 0 0 0 1
1 0 0 0 1 0 0 0 1
70 119 1417.250366867551 16.67 3 3 40 41
1 0 0 0 1 0 0 0 1
1 0 0 0 1 0 0 0 1
70 62 95.86424327822594 16.67 3 3 42 43
1 0 0 0 1 0 0 0 1
1 0 0 0 1 0 0 0 1
72 62 117.13625663816157 16.67 3 3 44 45
1 0 0 0 1 0 0 0 1
1 0 0 0 1 0 0 0 1
72 98 1017.8764925086214 16.67 3 3 46 47
1 0 0 0 1 0 0 0 1
1 0 0 0 1 0 0 0 1
72 105 1260.1031103895562 16.67 3 3 48 49
1 0 0 0 1 0 0 0 1
1 0 0 0 1 0 0 0 1
73 32 275.73459510208653 16.67 3 3 50 51
1 0 0 0 1 0 0 0 1
1 0 0 0 1 0 0 0 1
73 74 123.84890133167015 16.67 3 3 52 53
1 0 0 0 1 0 0 0 1
1 0 0 0 1 0 0 0 1
73 3 99.54028068365392 16.67 3 3 54 55
1 0 0 0 1 0 0 0 1
1 0 0 0 1 0 0 0 1
73 2 124.39768320652661 16.67 3 3 56 57
1 0 0 0 1 0 0 0 1
1 0 0 0 1 0 0 0 1
75 76 145.74712931085398 16.67 3 3 58 59
1 0 0 0 1 0 0 0 1
1 0 0 0 1 0 0 0 1
75 111 153.57593443154923 16.67 3 3 60 61
1 0 0 0 1 0 0 0 1
1 0 0 0 1 0 0 0 1
75 113 263.8692434296795 16.67 3 3 62 63
1 0 0 0 1 0 0 0 1
1 0 0 0 1 0 0 0 1
76 4 301.63268054156646 16.67 3 3 64 65
1 0 0 0 1 0 0 0 1
1 0 0 0 1 0 0 0 1
76 57 290.9603421496814 16.67 3 3 66 67
1 0 0 0 1 0 0 0 1
1 0 0 0 1 0 0 0 1
76 77 23.69576357437819 16.67 3 3 68 69
1 0 0 0 1 0 0 0 1
1 0 0 0 1 0 0 0 1
77 5 277.89260454118306 16.67 3 3 70 71
1 0 0 0 1 0 0 0 1
1 0 0 0 1 0 0 0 1
77 78 150.43671607123503 16.67 3 3 72 73
1 0 0 0 1 0 0 0 1
1 0 0 0 1 0 0 0 1
78 89 263.24326534806033 16.67 3 3 74 75
1 0 0 0 1 0 0 0 1
1 0 0 0 1 0 0 0 1
78 111 154.4476626231931 16.67 3 3 76 77
1 0 0 0 1 0 0 0 1
1 0 0 0 1 0 0 0 1
79 95 203.75141735806926 16.67 3 3 78 79
1 0 0 0 1 0 0 0 1
1 0 0 0 1 0 0 0 1
79 111 134.6013903967628 16.67 3 3 80 81
1 0 0 0 1 0 0 0 1
1 0 0 0 1 0 0 0 1
80 95 201.32181128825977 16.67 3 3 82 83
1 0 0 0 1 0 0 0 1
1 0 0 0 1 0 0 0 1
81 95 220.64861955605423 16.67 3 3 84 85
1 0 0 0 1 0 0 0 1
1 0 0 0 1 0 0 0 1
81 56 204.36946493810737 16.67 3 3 86 87
1 0 0 0 1 0 0 0 1
1 0 0 0 1 0 0 0 1
81 97 764.4850811571807 16.67 3 3 88 89
1 0 0 0 1 0 0 0 1
1 0 0 0 1 0 0 0 1
81 84 1341.4232851556508 16.67 3 3 90 91
1 0 0 0 1 0 0 0 1
1 0 0 0 1 0 0 0 1
82 19 363.95867728289977 16.67 3 3 92 93
1 0 0 0 1 0 0 0 1
1 0 0 0 1 0 0 0 1
82 56 391.09125529245233 16.67 3 3 94 95
1 0 0 0 1 0 0 0 1
1 0 0 0 1 0 0 0 1
82 108 450.11758818228185 16.67 3 3 96 97
1 0 0 0 1 0 0 0 1
1 0 0 0 1 0 0 0 1
82 96 301.1933051464086 16.67 3 3 98 99
1 0 0 0 1 0 0 0 1
1 0 0 0 1 0 0 0 1
83 15 1789.7738929072975 16.67 3 3 100 101
1 0 0 0 1 0 0 0 1
1 0 0 0 1 0 0 0 1
83 85 735.1740521458647 16.67 3 3 102 103
1 0 0 0 1 0 0 0 1
1 0 0 0 1 0 0 0 1
83 132 130.82706462475954 16.67 3 3 104 105
1 0 0 0 1 0 0 0 1
1 0 0 0 1 0 0 0 1
84 43 914.539205124286 16.67 3 3 106 107
1 0 0 0 1 0 0 0 1
1 0 0 0 1 0 0 0 1
84 127 33.99142574669503 16.67 3 3 108 109
1 0 0 0 1 0 0 0 1
1 0 0 0 1 0 0 0 1
85 87 244.4071524308491 16.67 3 3 110 111
1 0 0 0 1 0 0 0 1
1 0 0 0 1 0 0 0 1
85 55 509.0218703083472 16.67 3 3 112 113
1 0 0 0 1 0 0 0 1
1 0 0 0 1 0 0 0 1
3 119 207.90043599786983 16.67 3 3 114 115
1 0 0 0 1 0 0 0 1
1 0 0 0 1 0 0 0 1
3 117 185.3363975044517 16.67 3 3 116 117
1 0 0 0 1 0 0 0 1
1 0 0 0 1 0 0 0 1
87 5 643.4392389892134 16.67 3 3 118 119
1 0 0 0 1 0 0 0 1
1 0 0 0 1 0 0 0 1
87 90 204.26367240672053 16.67 3 3 120 121
1 0 0 0 1 0 0 0 1
1 0 0 0 1 0 0 0 1
86 133 527.3420272567604 16.67 3 3 122 123
1 0 0 0 1 0 0 0 1
1 0 0 0 1 0 0 0 1
86 134 260.8330729603419 16.67 3 3 124 125
1 0 0 0 1 0 0 0 1
1 0 0 0 1 0 0 0 1
52 53 124.81502494030565 16.67 3 3 126 127
1 0 0 0 1 0 0 0 1
1 0 0 0 1 0 0 0 1
53 62 680.3111758265089 16.67 3 3 128 129
1 0 0 0 1 0 0 0 1
1 0 0 0 1 0 0 0 1
89 12 100.4322788899818 16.67 3 3 130 131
1 0 0 0 1 0 0 0 1
1 0 0 0 1 0 0 0 1
89 13 101.03058772206452 16.67 3 3 132 133
1 0 0 0 1 0 0 0 1
1 0 0 0 1 0 0 0 1
89 113 20.351308166678354 16.67 3 3 134 135
1 0 0 0 1 0 0 0 1
1 0 0 0 1 0 0 0 1
90 63 952.2236157795288 16.67 3 3 136 137
1 0 0 0 1 0 0 0 1
1 0 0 0 1 0 0 0 1
90 134 194.4927604173254 16.67 3 3 138 139
1 0 0 0 1 0 0 0 1
1 0 0 0 1 0 0 0 1
91 92 199.07989104348863 16.67 3 3 140 141
1 0 0 0 1 0 0 0 1
1 0 0 0 1 0 0 0 1
91 118 1772.084475485805 16.67 3 3 142 143
1 0 0 0 1 0 0 0 1
1 0 0 0 1 0 0 0 1
91 29 158.066115681328 16.67 3 3 144 145
1 0 0 0 1 0 0 0 1
1 0 0 0 1 0 0 0 1
92 98 642.4828555243387 16.67 3 3 146 147
1 0 0 0 1 0 0 0 1
1 0 0 0 1 0 0 0 1
92 122 265.64120848156165 16.67 3 3 148 149
1 0 0 0 1 0 0 0 1
1 0 0 0 1 0 0 0 1
12 36 595.1428985845725 16.67 3 3 150 151
1 0 0 0 1 0 0 0 1
1 0 0 0 1 0 0 0 1
12 38 894.4114246834192 16.67 3 3 152 153
1 0 0 0 1 0 0 0 1
1 0 0 0 1 0 0 0 1
13 34 606.7170618771682 16.67 3 3 154 155
1 0 0 0 1 0 0 0 1
1 0 0 0 1 0 0 0 1
13 88 908.9940063748917 16.67 3 3 156 157
1 0 0 0 1 0 0 0 1
1 0 0 0 1 0 0 0 1
93 20 217.53179598639858 16.67 3 3 158 159
1 0 0 0 1 0 0 0 1
1 0 0 0 1 0 0 0 1
93 131 350.6878737166643 16.67 3 3 160 161
1 0 0 0 1 0 0 0 1
1 0 0 0 1 0 0 0 1
94 95 894.6196375435755 16.67 3 3 162 163
1 0 0 0 1 0 0 0 1
1 0 0 0 1 0 0 0 1
56 132 584.2848259092169 16.67 3 3 164 165
1 0 0 0 1 0 0 0 1
1 0 0 0 1 0 0 0 1
56 6 23.722429691718236 16.67 3 3 166 167
1 0 0 0 1 0 0 0 1
1 0 0 0 1 0 0 0 1
96 97 278.0377660564256 16.67 3 3 168 169
1 0 0 0 1 0 0 0 1
1 0 0 0 1 0 0 0 1
96 6 396.73361776677194 16.67 3 3 170 171
1 0 0 0 1 0 0 0 1
1 0 0 0 1 0 0 0 1
97 109 400.4241074747366 16.67 3 3 172 173
1 0 0 0 1 0 0 0 1
1 0 0 0 1 0 0 0 1
98 101 1334.9797921485797 16.67 3 3 174 175
1 0 0 0 1 0 0 0 1
1 0 0 0 1 0 0 0 1
98 29 982.3249788946885 16.67 3 3 176 177
1 0 0 0 1 0 0 0 1
1 0 0 0 1 0 0 0 1
99 28 1647.4785458419153 16.67 3 3 178 179
1 0 0 0 1 0 0 0 1
1 0 0 0 1 0 0 0 1
99 124 874.2475168368508 16.67 3 3 180 181
1 0 0 0 1 0 0 0 1
1 0 0 0 1 0 0 0 1
99 101 516.7363083156723 16.67 3 3 182 183
1 0 0 0 1 0 0 0 1
1 0 0 0 1 0 0 0 1
99 14 1636.4252327046806 16.67 3 3 184 185
1 0 0 0 1 0 0 0 1
1 0 0 0 1 0 0 0 1
100 118 634.7856103270447 16.67 3 3 186 187
1 0 0 0 1 0 0 0 1
1 0 0 0 1 0 0 0 1
100 27 708.4439703190593 16.67 3 3 188 189
1 0 0 0 1 0 0 0 1
1 0 0 0 1 0 0 0 1
100 31 1219.4316962841328 16.67 3 3 190 191
1 0 0 0 1 0 0 0 1
1 0 0 0 1 0 0 0 1
100 30 1218.107192601767 16.67 3 3 192 193
1 0 0 0 1 0 0 0 1
1 0 0 0 1 0 0 0 1
101 27 1042.0702568119677 16.67 3 3 194 195
1 0 0 0 1 0 0 0 1
1 0 0 0 1 0 0 0 1
102 104 851.2228285420715 16.67 3 3 196 197
1 0 0 0 1 0 0 0 1
1 0 0 0 1 0 0 0 1
102 121 544.8271424955335 16.67 3 3 198 199
1 0 0 0 1 0 0 0 1
1 0 0 0 1 0 0 0 1
102 103 590.3911244673427 16.67 3 3 200 201
1 0 0 0 1 0 0 0 1
1 0 0 0 1 0 0 0 1
102 117 465.21785184348533 16.67 3 3 202 203
1 0 0 0 1 0 0 0 1
1 0 0 0 1 0 0 0 1
103 110 584.8624969662868 16.67 3 3 204 205
1 0 0 0 1 0 0 0 1
1 0 0 0 1 0 0 0 1
103 106 1438.9746916986899 16.67 3 3 206 207
1 0 0 0 1 0 0 0 1
1 0 0 0 1 0 0 0 1
103 117 769.1947770026902 16.67 3 3 208 209
1 0 0 0 1 0 0 0 1
1 0 0 0 1 0 0 0 1
104 112 216.9632130228688 16.67 3 3 210 211
1 0 0 0 1 0 0 0 1
1 0 0 0 1 0 0 0 1
105 128 662.4030069817234 16.67 3 3 212 213
1 0 0 0 1 0 0 0 1
1 0 0 0 1 0 0 0 1
105 115 252.31415478186602 16.67 3 3 214 215
1 0 0 0 1 0 0 0 1
1 0 0 0 1 0 0 0 1
105 61 282.0103443231017 16.67 3 3 216 217
1 0 0 0 1 0 0 0 1
1 0 0 0 1 0 0 0 1
106 108 1139.4469915056561 16.67 3 3 218 219
1 0 0 0 1 0 0 0 1
1 0 0 0 1 0 0 0 1
106 110 854.329312350867 16.67 3 3 220 221
1 0 0 0 1 0 0 0 1
1 0 0 0 1 0 0 0 1
106 29 31.784383959449 16.67 3 3 222 223
1 0 0 0 1 0 0 0 1
1 0 0 0 1 0 0 0 1
24 11 561.5530451311827 16.67 3 3 224 225
1 0 0 0 1 0 0 0 1
1 0 0 0 1 0 0 0 1
24 25 1005.5236342024496 16.67 3 3 226 227
1 0 0 0 1 0 0 0 1
1 0 0 0 1 0 0 0 1
24 26 874.7930333818542 16.67 3 3 228 229
1 0 0 0 1 0 0 0 1
1 0 0 0 1 0 0 0 1
108 109 204.35066983715132 16.67 3 3 230 231
1 0 0 0 1 0 0 0 1
1 0 0 0 1 0 0 0 1
108 19 92.77871229624517 16.67 3 3 232 233
1 0 0 0 1 0 0 0 1
1 0 0 0 1 0 0 0 1
109 18 971.8961132617533 16.67 3 3 234 235
1 0 0 0 1 0 0 0 1
1 0 0 0 1 0 0 0 1
109 35 978.0230472049396 16.67 3 3 236 237
1 0 0 0 1 0 0 0 1
1 0 0 0 1 0 0 0 1
110 121 526.3354393852632 16.67 3 3 238 239
1 0 0 0 1 0 0 0 1
1 0 0 0 1 0 0 0 1
107 47 833.6936220452784 16.67 3 3 240 241
1 0 0 0 1 0 0 0 1
1 0 0 0 1 0 0 0 1
107 132 416.8449948588325 16.67 3 3 242 243
1 0 0 0 1 0 0 0 1
1 0 0 0 1 0 0 0 1
107 66 791.3132201441966 16.67 3 3 244 245
1 0 0 0 1 0 0 0 1
1 0 0 0 1 0 0 0 1
113 120 584.9579224436127 16.67 3 3 246 247
1 0 0 0 1 0 0 0 1
1 0 0 0 1 0 0 0 1
112 4 254.46409323905442 16.67 3 3 248 249
1 0 0 0 1 0 0 0 1
1 0 0 0 1 0 0 0 1
112 57 264.8021371120923 16.67 3 3 250 251
1 0 0 0 1 0 0 0 1
1 0 0 0 1 0 0 0 1
112 120 408.2712844196128 16.67 3 3 252 253
1 0 0 0 1 0 0 0 1
1 0 0 0 1 0 0 0 1
114 54 103.39531457716441 16.67 3 3 254 255
1 0 0 0 1 0 0 0 1
1 0 0 0 1 0 0 0 1
114 64 234.55738818290052 16.67 3 3 256 257
1 0 0 0 1 0 0 0 1
1 0 0 0 1 0 0 0 1
114 134 1016.4418845073212 16.67 3 3 258 259
1 0 0 0 1 0 0 0 1
1 0 0 0 1 0 0 0 1
114 20 321.6952789740301 16.67 3 3 260 261
1 0 0 0 1 0 0 0 1
1 0 0 0 1 0 0 0 1
25 27 145.813845206229 16.67 3 3 262 263
1 0 0 0 1 0 0 0 1
1 0 0 0 1 0 0 0 1
25 45 336.61155435454276 16.67 3 3 264 265
1 0 0 0 1 0 0 0 1
1 0 0 0 1 0 0 0 1
26 122 273.28724295952304 16.67 3 3 266 267
1 0 0 0 1 0 0 0 1
1 0 0 0 1 0 0 0 1
26 45 1252.073076838543 16.67 3 3 268 269
1 0 0 0 1 0 0 0 1
1 0 0 0 1 0 0 0 1
117 119 393.0963734203915 16.67 3 3 270 271
1 0 0 0 1 0 0 0 1
1 0 0 0 1 0 0 0 1
118 123 301.27404280357644 16.67 3 3 272 273
1 0 0 0 1 0 0 0 1
1 0 0 0 1 0 0 0 1
118 45 501.4371350207816 16.67 3 3 274 275
1 0 0 0 1 0 0 0 1
1 0 0 0 1 0 0 0 1
119 135 533.2627315102357 16.67 3 3 276 277
1 0 0 0 1 0 0 0 1
1 0 0 0 1 0 0 0 1
120 67 188.04772848399878 16.67 3 3 278 279
1 0 0 0 1 0 0 0 1
1 0 0 0 1 0 0 0 1
121 19 607.3944507226546 16.67 3 3 280 281
1 0 0 0 1 0 0 0 1
1 0 0 0 1 0 0 0 1
124 48 552.8573417817462 16.67 3 3 282 283
1 0 0 0 1 0 0 0 1
1 0 0 0 1 0 0 0 1
124 46 551.138082329341 16.67 3 3 284 285
1 0 0 0 1 0 0 0 1
1 0 0 0 1 0 0 0 1
125 33 668.2147768396615 16.67 3 3 286 287
1 0 0 0 1 0 0 0 1
1 0 0 0 1 0 0 0 1
125 129 37.704688108795736 16.67 3 3 288 289
1 0 0 0 1 0 0 0 1
1 0 0 0 1 0 0 0 1
125 65 630.6921722844896 16.67 3 3 290 291
1 0 0 0 1 0 0 0 1
1 0 0 0 1 0 0 0 1
127 133 504.5487103552434 16.67 3 3 292 293
1 0 0 0 1 0 0 0 1
1 0 0 0 1 0 0 0 1
127 44 964.673818738355 16.67 3 3 294 295
1 0 0 0 1 0 0 0 1
1 0 0 0 1 0 0 0 1
128 135 958.0451492674689 16.67 3 3 296 297
1 0 0 0 1 0 0 0 1
1 0 0 0 1 0 0 0 1
128 69 133.2001926222279 16.67 3 3 298 299
1 0 0 0 1 0 0 0 1
1 0 0 0 1 0 0 0 1
128 59 133.70025521507534 16.67 3 3 300 301
1 0 0 0 1 0 0 0 1
1 0 0 0 1 0 0 0 1
129 130 402.12208493951135 16.67 3 3 302 303
1 0 0 0 1 0 0 0 1
1 0 0 0 1 0 0 0 1
130 130 0.0 16.67 3 3 304 305
1 0 0 0 1 0 0 0 1
1 0 0 0 1 0 0 0 1
131 131 0.0 16.67 3 3 306 307
1 0 0 0 1 0 0 0 1
1 0 0 0 1 0 0 0 1
22 39 735.5144433434747 16.67 3 3 308 309
1 0 0 0 1 0 0 0 1
1 0 0 0 1 0 0 0 1
22 16 216.73747330341305 16.67 3 3 310 311
1 0 0 0 1 0 0 0 1
1 0 0 0 1 0 0 0 1
60 135 879.646627524229 16.67 3 3 312 313
1 0 0 0 1 0 0 0 1
1 0 0 0 1 0 0 0 1
135 68 412.1241600092937 16.67 3 3 314 315
1 0 0 0 1 0 0 0 1
1 0 0 0 1 0 0 0 1
39 23 125.44356652923177 16.67 3 3 316 317
1 0 0 0 1 0 0 0 1
1 0 0 0 1 0 0 0 1
39 17 151.46221346648454 16.67 3 3 318 319
1 0 0 0 1 0 0 0 1
1 0 0 0 1 0 0 0 1
39 9 230.22511406228872 16.67 3 3 320 321
1 0 0 0 1 0 0 0 1
1 0 0 0 1 0 0 0 1
20 10 240.99270993293783 16.67 3 3 322 323
1 0 0 0 1 0 0 0 1
1 0 0 0 1 0 0 0 1
20 21 159.29560722290722 16.67 3 3 324 325
1 0 0 0 1 0 0 0 1
1 0 0 0 1 0 0 0 1
41 7 453.92302013126704 16.67 3 3 326 327
1 0 0 0 1 0 0 0 1
1 0 0 0 1 0 0 0 1
41 40 992.4157928353527 16.67 3 3 328 329
1 0 0 0 1 0 0 0 1
1 0 0 0 1 0 0 0 1
55 116 528.6618304867719 16.67 3 3 330 331
1 0 0 0 1 0 0 0 1
1 0 0 0 1 0 0 0 1
75
1 29 30 28 -1
3 55 114 -1 116
12 131 152 150 -1
13 133 156 154 -1
19 281 -1 93 233
20 324 261 322 159
22 -1 9 308 310
24 224 -1 228 226
25 262 227 264 -1
26 268 229 266 -1
27 -1 195 263 189
29 145 177 223 -1
37 -1 22 26 24
39 320 318 316 309
41 13 326 328 -1
42 -1 10 12 8
45 265 -1 269 275
51 36 34 33 -1
56 166 87 164 95
58 4 2 6 -1
62 129 43 45 -1
70 42 -1 40 38
72 44 48 39 46
73 50 56 54 52
75 58 62 -1 60
76 66 59 68 64
77 69 72 3 70
78 76 74 -1 73
81 88 84 90 86
82 92 98 94 96
83 104 102 11 100
84 108 91 106 -1
85 -1 112 110 103
86 -1 25 124 122
87 118 7 120 111
89 134 130 132 75
90 121 27 136 138
91 142 140 144 -1
92 146 -1 148 141
93 19 158 160 -1
94 162 -1 21 17
95 79 83 163 85
96 168 -1 170 99
97 -1 89 169 172
98 174 47 176 147
99 178 180 182 184
100 190 188 186 192
101 183 -1 175 194
102 200 202 196 198
103 204 208 201 206
104 197 210 -1 35
105 214 216 212 49
106 207 220 218 222
107 240 -1 242 244
108 230 232 97 219
109 234 173 231 236
110 -1 205 238 221
111 61 77 5 81
112 211 252 250 248
113 246 -1 135 63
114 258 256 254 260
117 209 117 270 203
118 187 274 143 272
119 41 276 115 271
120 -1 278 247 253
121 239 199 280 -1
124 282 284 -1 181
125 288 286 290 -1
127 292 -1 109 294
128 300 298 296 213
130 305 -1 304 303
131 307 161 306 -1
132 165 -1 105 243
134 -1 139 259 125
135 313 297 277 314
